0 2
0 3
0 5
0 6
0 9
0 10
0 12
0 17
0 19
0 30
0 34
0 36
1 2
2 0
2 1
2 3
2 4
2 8
2 11
2 15
2 18
2 23
2 25
2 34
2 36
2 38
2 39
3 0
3 2
3 4
3 5
3 6
3 7
3 12
3 13
3 15
3 20
3 21
3 22
3 29
3 31
4 2
4 3
4 11
4 13
4 27
4 28
4 37
5 0
5 3
5 9
5 14
5 18
5 38
6 0
6 3
6 7
6 10
6 16
6 33
7 3
7 6
7 8
7 16
7 24
8 2
8 7
9 0
9 5
9 14
9 19
9 29
9 30
9 32
10 0
10 6
11 2
11 4
11 28
12 0
12 3
13 3
13 4
13 20
13 27
13 33
14 9
14 5
14 17
14 21
15 2
15 3
16 6
16 7
16 35
17 0
17 14
17 35
18 2
18 5
19 0
19 9
19 22
19 31
20 3
20 13
20 23
20 25
21 3
21 14
21 24
21 26
22 19
22 3
22 37
22 39
23 2
23 20
23 26
24 21
24 7
25 2
25 20
26 21
26 23
27 4
27 13
28 11
28 4
29 9
29 3
29 32
30 0
30 9
31 3
31 19
32 9
32 29
33 13
33 6
34 0
34 2
35 16
35 17
36 0
36 2
37 4
37 22
38 2
38 5
39 2
39 22
