 1  6  2 0.687500
 2  4  3 0.708889
 3  6  4 0.608333
 4  7  2 0.803571
 5  8  2 0.956989
 6  6  1 0.725000
 7  9  1 0.791667
 8  7  1 0.725000
 9  4  4 0.765517
10  5  1 0.968750
11  6  2 0.806452
12  4  2 0.969697
13  9  4 0.921875
14  4  1 0.724138
15  4  3 0.812500
16  9  4 0.718750
17  5  3 0.843750
18  8  4 0.734375
19  4  3 0.859375
20  7  1 0.967742
21  8  2 0.890625
22  8  2 0.828125
23  5  1 0.765625
24  7  1 0.710345
25  5  3 0.634409
26  7  2 0.892473
27  6  4 1.000000
28  9  2 0.829167
29  9  1 0.870968
30  7  2 0.729167
31  5  4 0.875000
32  5  1 0.678571
33  5  3 0.750000
34  5  3 0.721453
