 1  6  2 0.650519
 2  4  3 0.662500
 3  4  4 0.608696
 4  7  2 0.722222
 5  8  2 0.787500
 6 10  4 0.572414
 7 10  3 0.662069
 8  5  4 0.613793
 9  4  4 0.785714
10  8  4 0.709677
11  6  2 0.650000
12 10  4 0.625000
13  9  4 0.838710
14  5  4 0.708333
15  4  3 0.629032
16  9  4 0.698925
17  5  3 0.682796
18  8  4 0.827957
19  4  3 0.661290
20  6  4 0.875000
21  8  2 0.682796
22 10  3 0.698925
23  9  2 0.596774
24  6  4 0.595238
25 10  4 0.608333
26  7  2 0.729167
27 10  4 0.806452
28  9  2 0.724138
29  4  4 0.733333
30  8  4 0.696552
31  6  4 0.889655
32  5  1 0.571429
33  5  3 0.717949
34  5  3 0.697917
