2.7897	1.9133	1.888	0.099889	2.5572	1.356	1.0291	1.3501	1.9032	1.7884	1.0144	1.3013	2.1733	0.58332	2.0319	0.11622	0.18606	0.096285	1.6884	0.68094	1.054	2.9464	3.1716	3.1784	1.9048	0.20753	-0.03928	1.3662	0.23225	-0.13582	0.19602	0.21045	1.2699	1.08
7.7251	3.7337	5.2192	5.0514	3.3612	2.971	2.6559	2.8455	2.4322	3.3551	1.794	1.9149	1.393	3.9761	1.7624	0.72639	0.62864	1.8584	-0.067931	0.97984	2.7362	0.39701	0.91266	2.1505	4.0978	3.964	1.4703	1.1337	2.1599	1.5223	2.8594	4.0707	6.5638	7.1871
11.139	5.3181	6.5924	5.1361	2.7362	1.7284	2.7604	3.2539	4.5919	2.042	3.0983	3.6394	2.3483	2.156	1.1288	1.548	2.2364	-1.3411	0.91195	4.2343	2.0366	3.4864	1.8067	3.0488	3.4321	0.7588	1.7841	3.0515	3.5398	3.6206	2.6071	5.6263	7.3927	12.524
10.154	6.327	6.9561	4.7579	4.3149	3.3412	4.0131	5.1209	4.1797	2.5461	3.539	0.31516	-0.71641	1.769	2.6238	1.3546	1.1581	0.84036	1.1609	2.693	1.8126	0.66763	3.1499	2.449	2.1096	3.2348	1.7423	3.4765	0.40565	3.0084	3.1301	5.0485	8.1808	11.36
11.766	6.6128	8.5166	3.6417	0.79206	4.3477	2.7362	2.8154	5.5186	1.4557	2.5321	1.8652	1.9026	4.1788	3.4339	1.2657	1.6864	0.32529	3.1836	1.7568	1.9449	2.5679	0.91068	1.9935	3.8355	3.4367	3.3246	3.6785	3.053	3.5627	1.7106	5.5812	9.548	11.157
11.07	6.4263	8.8266	4.4719	2.3724	2.0802	3.2302	3.3351	3.3411	1.1732	3.2085	0.3476	2.7933	4.7286	2.292	-0.71254	-0.26467	1.5761	2.0389	3.7719	1.0764	1.7108	3.0769	3.0797	1.9216	2.1388	1.7909	2.9116	0.16164	3.5348	4.3261	4.8608	10.4	12.973
2.3721	2.9518	2.1641	1.5714	2.0455	0.042323	3.9065	2.2138	0.91795	2.1899	0.45697	0.58134	1.2549	2.9217	2.0167	2.3914	0.50339	2.7533	3.6992	0.20417	2.1688	-0.45364	0.19281	0.027296	0.51852	1.4037	3.353	0.25344	1.2011	2.4511	2.107	1.5649	2.416	1.7494
6.5598	5.1514	4.8792	4.4359	3.6416	2.0304	3.3527	3.403	3.5585	0.85719	3.3474	-0.060827	2.0714	3.1914	1.8877	1.4346	0.57611	2.1372	2.0775	3.4847	0.97529	4.0542	1.5156	2.7969	1.3899	1.3009	2.3652	3.8774	2.4344	3.4289	3.7581	3.6296	5.8851	6.5822
9.7336	7.8169	7.7102	3.1467	2.6835	3.1751	1.6797	1.0764	2.9693	0.36935	1.4267	1.5337	1.0227	4.8022	2.7651	2.4305	0.097051	1.2547	2.0773	2.0985	2.7613	0.46724	3.1931	3.0973	1.4526	2.8346	2.4285	2.3162	0.66222	3.3454	3.7523	2.6811	8.1591	10.213
10.645	6.2913	6.6185	5.8968	1.9533	2.7822	3.926	2.9256	4.3003	1.4702	1.4769	0.96331	1.8617	4.4314	1.4489	2.0465	2.5995	0.12188	1.5533	1.8142	1.2642	1.032	2.3429	4.2379	2.0556	2.5186	0.24638	3.1609	3.2825	3.6542	2.5528	6.2487	8.4592	10.357
12.489	7.8996	7.9867	7.5516	2.8812	2.0698	1.9717	2.7563	3.9145	3.3939	2.8536	1.7967	1.1398	5.0168	1.2922	-1.1733	2.5007	1.2413	0.91189	3.9847	3.2495	1.3202	1.8038	3.0131	2.1729	2.4994	2.4648	3.9219	2.7952	3.5555	2.2222	5.6773	8.3321	11.673
12.138	4.8479	9.3741	4.3661	2.9942	3.0491	2.9476	3.4663	5.4711	1.4135	2.2823	0.73161	2.885	3.4304	2.348	1.5151	-0.088097	0.60147	1.9852	2.141	2.1093	1.4104	2.0756	4.3498	3.0975	3.1609	2.3379	3.3032	3.5807	2.0819	2.9747	2.9832	8.2688	11.942
0.14511	1.896	1.651	1.723	1.9969	1.4506	2.2186	1.8652	1.6333	1.4719	0.029554	0.29793	1.8216	1.7544	1.2788	2.3358	2.1671	1.7153	1.3811	1.7627	-1.7223	1.7807	0.16941	1.2493	0.8258	1.6943	1.235	0.36236	2.0557	2.3969	1.5314	0.024327	0.377	3.8903
6.5038	4.7333	4.2477	2.5322	-0.0026029	1.7646	3.314	2.8725	2.4672	0.89058	3.0119	0.85851	2.8326	2.534	2.4953	2.6355	0.58552	0.87701	0.10944	2.8891	1.3455	1.8956	-0.080605	1.0052	2.8274	3.1225	2.0431	3.8931	1.604	3.429	1.1938	3.8192	4.6191	8.2944
8.7926	5.488	8.7013	2.4445	3.2202	1.5236	2.33	4.1776	3.114	-0.38997	2.8559	0.88285	1.5624	3.6296	0.24721	1.3891	1.3134	3.0545	2.2493	2.7562	2.9433	3.768	-0.44464	1.4778	1.7486	2.0832	2.0964	0.057043	2.6953	3.1989	2.7432	4.002	7.4949	9.1391
11.509	7.2229	7.2595	6.0635	-1.2028	3.2652	3.3975	3.7591	3.7318	1.7465	3.9222	1.5419	1.6243	6.4932	3.098	2.2904	1.5203	1.6081	1.6152	1.9709	1.4425	3.1613	2.3514	1.455	2.691	2.911	2.2101	3.5787	2.5024	2.8485	1.1067	4.5341	6.7806	10.069
11.833	7.6937	8.2741	5.4738	2.4434	2.9271	4.6905	3.7457	6.6931	3.4786	2.6233	-0.28766	2.035	2.9347	1.0705	2.0384	3.1913	0.24691	2.0662	0.56782	1.1467	2.7342	-0.12955	3.2868	4.08	2.3517	2.3957	4.7304	0.70283	2.6155	2.4379	3.1357	8.6225	11.318
10.078	7.9738	7.1694	4.349	0.80413	2.5822	1.0436	4.4267	4.3179	1.4706	3.0584	-0.92155	3.1876	4.4337	2.0533	2.7364	1.8586	1.863	1.2955	1.92	2.2622	1.1283	2.2056	4.0918	2.4072	2.8184	2.8514	3.1414	2.96	1.6601	3.9505	4.9382	7.401	12.602
-0.59563	1.9483	1.4533	1.7154	0.90786	1.0228	0.61247	2.1768	1.248	-0.066323	0.077527	2.3722	-1.2378	1.5049	1.0705	3.9597	0.42172	2.16	1.792	2.6444	2.4686	2.8492	0.0063121	2.3801	1.586	1.5809	1.3405	1.687	1.7692	1.9404	1.9983	1.4443	0.87715	3.0019
7.1844	5.1219	5.3643	3.0902	3.1904	1.7771	3.4857	1.2595	2.7595	0.40877	3.6393	0.44544	-0.27799	3.5098	2.2906	0.83398	2.0756	1.0363	0.81966	3.3174	2.1226	1.4555	2.1822	1.9669	0.97323	2.3717	1.9624	1.8699	2.3951	3.1353	3.7608	3.7927	4.5724	6.7902
10.576	5.2653	6.6994	2.7493	1.5859	1.7701	2.3484	3.207	5.3	1.9912	4.4665	0.52698	2.8521	5.6609	0.28332	3.8627	2.2375	2.2832	1.9982	2.7419	1.7419	1.4217	2.0137	3.132	2.2267	1.6341	1.5676	5.3576	2.4494	3.8772	3.4369	2.6424	7.6485	10.07
11.188	5.4673	7.8116	1.7297	4.165	1.7747	2.7785	1.6799	2.4162	1.3129	1.8649	1.5025	3.571	5.1102	0.70043	2.005	1.5665	2.0757	2.4144	3.5488	2.2564	2.2988	1.9475	1.5627	1.3675	3.3953	2.6139	4.7599	2.3908	2.9774	3.6654	5.5618	9.3516	9.8973
9.9631	6.5637	9.0301	4.7396	3.095	4.1648	3.824	4.5499	5.4162	2.7636	1.6213	0.94946	1.5149	3.6828	3.432	1.009	3.7051	2.1545	1.6664	3.0014	2.3082	0.58079	1.4233	5.7408	2.0608	1.9294	1.0646	3.2017	-0.10038	2.7053	2.4486	3.6658	7.0748	13.23
10.164	7.1333	6.5666	4.4001	2.1017	2.6976	5.1624	1.3767	3.6499	1.5245	3.348	1.0896	3.0924	2.9662	0.83882	1.007	1.3136	1.4589	0.89093	4.1561	1.6305	-0.6174	3.0725	3.227	1.5601	2.668	2.7306	3.0248	4.1678	4.9464	1.5001	4.8687	8.1674	12.846
2.7364	2.5306	1.7554	0.56831	0.9495	-0.10698	0.049057	0.96341	1.1284	-1.0096	0.10464	2.3076	3.3541	2.0879	0.71891	1.1674	1.4437	1.8171	1.7295	2.9884	1.7353	1.4865	2.2131	1.4861	1.8707	0.25393	0.026315	0.58529	0.17208	2.8436	2.9366	3.4695	0.82621	1.9348
7.2568	3.7655	2.9887	2.2951	1.5151	1.8309	1.3478	2.593	3.6694	0.96184	1.9765	2.0052	1.5915	1.9208	1.6002	1.5406	2.0855	1.5923	2.6421	1.4904	1.4957	0.86673	0.2843	1.0359	1.0519	3.191	2.2589	3.8915	1.1555	4.6029	3.1957	4.7793	5.1484	7.9976
9.5505	5.4695	6.7403	2.3233	2.5578	3.7353	2.583	3.0261	2.8684	2.3394	1.9878	0.91802	1.1286	3.0707	0.88761	2.0475	0.17013	1.6095	-0.48176	2.4552	2.377	2.5853	1.1588	2.9345	2.9527	2.9193	1.3919	1.2744	3.1399	1.8522	3.5696	4.6213	7.335	8.0708
12.356	9.5467	9.4184	4.0627	-0.089621	2.2998	2.8355	5.2049	4.5842	2.7597	3.0875	0.38257	1.199	4.6322	1.9089	2.5709	1.0596	0.30763	1.8799	3.2004	2.3793	1.4986	2.175	4.7422	2.4586	1.9075	1.9233	2.2564	1.9328	1.768	3.998	5.6507	7.4528	12.565
10.718	6.2133	8.7663	4.9377	2.9451	4.6891	3.0183	3.4899	4.2336	3.0648	0.35453	-0.27654	1.4628	2.8055	2.9734	2.1523	0.93994	1.7618	1.94	3.9537	0.36847	3.2189	1.4174	2.7266	0.96456	1.3857	1.3133	2.7916	1.5836	3.33	3.0037	3.5938	8.4974	11.938
11.854	8.8691	7.9631	3.7966	2.6331	2.1659	2.633	2.8688	2.9722	2.8009	2.4749	1.2353	2.5369	5.9518	1.882	0.78637	2.8538	0.59876	2.1638	2.8485	1.2659	1.2641	2.8877	4.5052	0.31411	1.9248	1.548	2.1877	3.2597	3.6068	4.607	5.6397	9.9079	11.632
1.6526	2.3143	1.483	1.4659	1.8619	0.41602	2.8688	2.3187	1.8401	2.5243	1.8089	3.6094	1.574	1.2918	3.413	0.49335	2.0753	1.7536	1.4016	0.56629	0.69888	2.402	0.22753	0.2547	-0.058055	1.6884	1.825	0.29	1.5637	2.4798	2.6042	2.2922	1.9556	1.069
7.9324	3.8543	5.676	2.848	3.7677	1.0936	1.349	1.3574	3.6668	3.4507	0.089602	2.0395	3.6307	2.6554	0.20441	0.71012	1.9349	0.42475	2.0267	1.886	1.8395	2.1368	2.1051	3.4551	0.85926	2.1904	2.3834	3.1167	1.0201	2.0179	2.2781	2.2272	5.3344	8.7199
8.9557	5.7824	7.8522	4.0421	1.7505	3.752	2.8315	3.6322	4.479	3.2222	1.958	1.1577	1.3136	4.5854	1.4479	1.0739	2.3064	3.0482	1.1911	1.0429	-0.51239	2.0979	2.4299	3.9943	2.0292	2.7252	2.4784	2.8324	4.0523	2.7171	2.4783	4.3043	7.9622	12.264
11.342	6.3255	7.5407	3.16	1.258	2.2181	3.8	3.581	3.6066	1.9321	2.881	-0.1773	0.98552	4.9703	0.90643	2.1106	2.3351	2.5641	2.0404	2.0449	1.6745	0.78129	2.1158	3.69	2.5565	1.6457	1.9935	2.6445	2.229	2.7964	3.2835	7.423	8.9896	12.559
14.239	7.2957	9.4566	4.0148	3.4927	3.3108	3.2725	3.0445	4.2976	1.3128	1.0415	-0.30642	2.2727	4.078	2.1732	2.1362	1.4978	1.2331	2.9546	1.8026	2.8673	1.8352	2.0483	5.7456	1.0289	2.3094	2.9214	2.9766	1.8223	1.2183	4.1078	5.6995	7.0071	13.863
10.195	8.3086	7.1614	5.27	3.2413	1.2889	2.316	2.8617	4.9956	1.5239	2.048	0.39029	1.9769	5.4977	0.5546	1.5853	0.065067	3.8508	1.7261	2.88	2.2542	1.6606	0.45823	2.405	0.47747	2.1331	2.0537	3.1716	1.2693	2.4048	4.6333	6.0575	8.7535	11.726
1.7847	0.3012	-0.12182	0.76022	1.4795	1.0144	1.3283	0.11077	2.0044	1.9331	2.0412	-2.5474	1.6884	1.538	-0.53193	0.43686	-0.36976	3.0627	0.35099	0.94068	3.3164	1.4026	3.1028	1.6472	0.75976	0.79281	2.815	0.31334	1.2769	1.7785	2.2112	1.7245	3.2834	-0.21053
6.9752	6.6753	4.3828	3.4527	1.3429	2.939	1.8295	0.56332	2.5991	2.6789	1.502	1.3752	-0.67006	4.0136	1.0745	1.2187	1.3462	2.5712	1.4391	3.1116	1.7025	1.4334	1.4057	4.4365	-0.0073259	2.5968	3.4346	2.074	3.5999	2.035	0.50777	1.9676	5.5957	7.0226
9.0342	6.7644	6.5768	6.1751	2.4075	1.3678	2.0002	2.6231	2.5263	1.4074	3.7648	2.1639	1.444	4.0541	-0.15409	2.2861	3.045	-0.33797	2.1225	2.5925	1.2148	1.2591	0.42338	3.7462	1.7603	2.3994	0.41909	1.9872	2.9938	3.7303	3.325	2.2071	7.6902	9.1578
10.178	6.0314	7.1414	5.4012	1.1423	2.8726	4.158	4.094	4.4269	3.2566	3.0538	1.0268	-0.15318	3.9788	0.85497	1.6338	2.266	0.49639	1.4929	1.4515	-0.047968	1.4547	0.7739	4.4939	0.9991	1.8499	0.51437	3.916	1.4926	3.686	0.24072	4.4582	9.9579	10.374
12	6.7122	6.9883	5.8218	2.3927	3.4521	2.6995	2.7189	4.6236	1.0591	1.7524	0.59083	1.906	6.0783	1.2469	3.2384	2.5131	1.0773	3.4592	3.1045	4.4422	0.91912	0.35238	3.7539	2.6759	1.8646	2.9162	3.7124	2.3881	3.483	1.8304	3.7104	7.5505	11.646
14.029	7.249	9.3115	7.2218	1.7143	4.7198	2.3609	5.0669	5.8685	1.3364	2.6855	2.2727	2.5039	3.6131	0.14182	0.99522	3.2751	1.4613	1.3724	1.7037	2.1076	0.56936	0.8788	4.8884	1.6279	2.2704	1.5278	2.9271	3.4821	3.8449	2.6335	3.363	9.7691	10.757
0.63034	1.804	-0.5308	2.4379	0.98171	1.6703	1.1729	0.84202	-0.065192	1.1916	2.3661	1.0311	3.1427	2.1799	2.0851	1.5258	1.0038	0.31251	1.2541	1.6028	2.433	1.3425	1.6489	0.088726	1.9797	1.101	1.5759	1.593	2.8935	3.7345	1.1808	1.5826	0.79944	0.74453
7.8267	5.6875	4.3661	3.627	2.971	3.0345	2.5295	4.7061	2.6209	0.92425	2.0334	0.47743	2.4415	5.0453	1.8826	2.6219	0.74462	2.2547	3.2648	4.4859	2.0557	1.4443	1.0689	1.8375	1.0292	1.0984	2.9239	1.488	1.8287	2.1869	2.3023	3.832	5.7142	7.4354
9.3522	7.0138	5.714	6.1419	2.2121	2.2267	1.2021	2.3965	4.2245	2.5658	2.6576	1.8832	2.1752	3.4142	1.0739	0.80158	2.5113	1.1675	2.0211	1.9853	1.2929	2.7398	1.8261	2.4733	3.8605	2.0796	0.89386	2.2755	1.5188	5.5443	2.891	6.4815	8.0883	10.396
13.013	6.1975	7.009	3.7045	3.6312	2.2203	1.1958	3.4306	4.0493	1.5715	2.8932	0.93546	2.4917	4.8175	0.37546	1.6973	0.72904	1.5801	2.311	2.7964	1.4405	1.1755	2.552	2.693	2.2949	1.8449	0.64549	2.5073	2.7992	4.9461	4.3399	4.1328	8.1619	10.706
12.06	6.6991	7.1594	4.1055	1.243	2.9521	3.1042	4.873	6.3334	3.6409	3.0575	0.28854	1.6773	4.6537	1.5243	0.57957	3.6699	1.2249	3.1362	3.8146	-0.72771	3.3376	1.1236	6.3547	1.9771	1.9938	1.7484	3.4408	1.4558	4.4467	3.5437	4.8403	8.1147	11.763
11.581	7.6797	8.4495	6.8817	2.5935	2.0452	1.6546	4.7175	4.0023	1.7976	1.0264	1.78	1.7054	4.0497	1.6463	0.88114	2.3737	1.6984	1.1601	1.6851	0.80688	0.42777	2.5682	5.7463	0.95009	2.7554	1.8644	3.3328	3.5015	1.2549	4.3604	7.426	9.5563	12.229
2.114	1.8994	0.67398	2.3581	0.84474	2.4562	1.2989	0.44017	-1.3332	3.6104	0.82323	0.99915	2.9252	1.6063	-0.55528	0.41216	1.1701	2.9489	0.99722	2.4943	1.4624	2.9288	1.3041	0.54827	2.3188	3.4669	2.0233	-0.55689	0.11541	1.1171	0.96629	0.034276	1.3986	0.73498
7.2539	5.6699	4.2701	3.4264	2.6645	3.0048	3.1407	3.1492	3.5463	-0.77649	1.5512	2.5546	2.7753	3.6964	2.92	0.76682	1.1319	-0.24268	2.3222	1.5795	1.0503	1.564	1.2692	3.1482	0.9016	1.0976	2.0025	1.4177	1.2185	1.1217	1.3982	3.3913	5.7303	8.0703
10.995	5.2342	6.8697	4.7363	3.5069	3.6081	3.6191	1.923	2.3336	2.0837	0.55356	0.33071	1.2237	6.1815	2.1502	2.115	1.9823	0.72438	0.85912	3.2329	2.4786	-0.55493	2.0276	1.8114	0.95187	3.9818	0.15773	2.415	0.29877	3.086	1.8075	3.8574	8.1497	9.3302
10.839	7.02	8.5984	4.3771	3.313	4.089	4.3921	1.6079	5.4447	2.052	0.86934	0.33696	-0.078767	5.0799	0.019482	1.5449	2.1798	1.2728	1.9902	2.0523	2.243	2.4233	1.5927	3.0952	1.4969	2.356	1.4334	2.9177	1.5406	2.0324	4.4946	5.8681	9.3001	11.944
10.388	7.112	5.9825	4.5075	0.21844	2.8007	1.9063	4.0931	4.7008	3.7283	2.6849	0.29466	-0.56016	4.0944	3.7797	2.3891	2.6469	2.3274	0.63028	4.3962	1.3004	-0.46271	1.2203	3.6549	1.5859	1.601	1.4242	2.7213	2.838	2.7435	3.0073	4.8448	8.5149	13.532
11.964	8.3349	9.775	4.481	3.037	2.3672	3.8038	1.7524	4.0226	2.0669	2.7118	1.2781	0.12183	2.4266	1.6614	2.8444	1.8268	0.76329	2.3214	3.8922	0.63216	2.1239	3.5143	4.3158	1.653	2.9541	-0.6643	3.9339	3.8157	4.7023	3.9614	6.0826	7.9462	13.931
3.3792	0.47205	0.84407	0.59587	1.6683	2.0442	2.2983	-0.48908	0.82027	3.233	2.357	3.1304	0.083398	1.3822	-0.3	1.7535	0.81665	1.2786	3.2961	0.71313	2.3087	3.668	1.7053	2.8319	2.9526	1.8238	-0.29959	3.2799	2.2761	-0.12204	1.3659	1.6099	1.9158	0.81457
6.222	4.5954	5.7625	2.2035	2.3079	3.4648	3.7267	2.4983	4.9838	3.4436	2.2499	1.5629	1.8121	3.1495	0.52575	2.3073	1.628	2.3819	1.2477	3.8788	1.5014	1.37	1.6514	3.4731	2.4	1.2564	2.0679	3.5822	0.27485	0.36437	1.9452	3.9102	6.8972	7.898
9.7179	6.0125	7.8295	4.0835	1.6311	3.5402	2.9603	4.4736	4.1611	1.0639	1.3778	1.7815	0.79503	2.9877	1.9178	2.4395	-0.058932	0.49268	1.2375	2.1476	2.0371	2.1553	1.3164	3.4924	3.3852	2.1874	0.4014	3.3481	1.9508	2.0423	3.5182	2.4436	6.9038	9.2392
12.061	4.2257	8.8419	4.011	0.63109	3.7895	3.6803	4.549	3.6858	0.56402	2.2536	2.2046	1.5861	5.1744	0.31106	4.119	2.0515	2.8046	3.4063	3.4031	2.1145	2.4107	0.30568	5.0576	-0.50909	0.76661	1.8473	4.2342	2.4902	2.7958	2.4777	3.8093	8.8807	11.94
9.6032	8.0807	7.3211	6.2187	3.2244	4.4216	4.0626	1.9429	3.6191	2.6462	1.6103	0.80186	2.0867	4.7184	1.3198	2.5545	2.0546	2.12	0.85329	2.8473	1.6803	1.3957	3.0538	3.7668	1.9613	-0.29261	-0.10699	4.4231	2.5676	3.8514	4.3535	3.4051	10.168	10.346
12.348	9.7563	8	5.0942	1.8476	3.2427	2.5384	3.5214	4.1928	0.98814	3.2201	1.873	0.35139	4.9824	1.7104	0.32134	1.6353	2.3583	1.4345	2.6956	2.5305	2.6062	0.85246	4.6661	2.1201	2.605	1.9682	3.836	2.8352	3.336	4.7597	3.297	8.8422	10.53
2.7046	1.6881	0.89031	2.7592	0.93933	2.6269	1.0868	2.7456	2.674	1.8259	-0.2095	1.5766	0.81609	1.0529	1.2731	1.9623	0.25241	1.1131	1.9663	3.2021	1.2605	1.1863	1.9954	3.7034	0.86758	0.28567	2.3423	3.9772	1.3366	1.5032	3.4651	2.2877	1.5215	0.5075
7.6412	4.9236	4.3228	3.28	1.9705	2.1945	0.91678	3.6515	4.8934	1.1638	2.667	3.2528	0.85322	2.369	1.848	2.3001	2.5395	0.43614	2.362	0.43445	1.4461	2.4714	1.7684	1.7311	3.365	2.4126	2.6399	2.3077	1.3585	2.7584	3.2335	4.2523	5.4771	5.7771
9.1755	5.5091	7.0009	4.1811	4.6404	3.4024	2.5386	4.6964	3.8282	1.8526	2.6025	1.2534	0.86124	3.3772	1.0153	2.6657	2.3541	0.03136	0.67897	0.88288	0.57247	0.6915	2.9	3.2576	1.4982	2.6569	1.1515	3.3032	2.0655	1.7823	4.0249	3.9982	6.6384	10.86
11.035	6.9571	7.865	5.8945	4.5431	1.4025	3.166	4.9364	4.5845	2.3762	3.0224	0.39772	1.2677	3.0804	1.5276	2.5937	0.71696	1.8774	0.82533	3.399	1.7848	1.8161	1.5342	2.8488	1.3546	3.2161	0.65915	2.6946	1.8053	3.4073	4.1202	3.5593	7.6092	11.617
11.608	6.4547	7.484	6.2664	0.99857	4.4383	2.1546	4.3018	4.6314	2.5096	1.7385	1.0283	2.5181	3.8153	1.9945	1.3112	0.12849	2.4812	2.1137	0.50259	2.7084	1.483	0.98872	2.3885	2.554	2.9138	2.4505	2.6043	1.8974	4.2266	2.4294	5.7753	7.5394	13.043
12.653	6.846	8.1082	4.9003	1.8742	1.163	3.0105	2.0626	2.7222	1.9424	2.5454	0.19059	1.2354	5.1264	-0.40424	1.8433	2.4844	2.5081	1.6287	3.521	1.4026	1.0084	1.2516	5.0042	1.0242	3.0721	1.6345	2.3012	3.5509	3.2069	3.3677	6.6343	8.755	12.58
2.1455	2.7388	4.2631	2.9187	2.372	1.7886	0.8954	1.3301	1.7574	0.31837	1.7833	0.45851	2.4246	-0.91147	-0.33414	1.453	2.5148	1.7936	0.14175	2.5677	1.9954	1.1111	1.5624	0.85123	2.7887	0.90094	1.4804	0.33274	0.38997	2.6566	2.1151	2.4033	3.4414	1.6839
6.9092	3.4474	4.9946	3.6528	-0.21958	1.9729	1.7599	1.0205	2.5627	0.62598	0.49874	1.5995	1.9405	1.1638	0.53566	1.6433	1.5691	3.3302	-0.034888	0.48369	2.2415	-0.10689	1.3537	1.0013	2.6752	3.9374	2.6888	0.93065	1.6935	2.0288	1.42	2.5062	5.9359	6.3692
11.512	5.2576	7.4336	4.528	3.3736	1.5197	3.409	4.2587	3.401	1.9468	2.6697	1.261	1.8492	3.819	1.7913	3.6759	1.7234	1.9033	0.010912	2.3615	5.0434	-0.037515	0.21834	2.4223	4.3157	2.2861	3.3932	2.518	1.1882	3.8727	2.8654	3.7285	9.2127	11.091
10.976	6.44	7.0305	6.7855	1.947	3.1759	3.6378	5.0491	4.0161	-0.44088	2.7246	1.6099	2.6783	4.4972	1.9747	0.1437	2.1659	1.352	1.8034	1.9844	1.054	0.25908	2.798	4.7733	2.7038	2.5818	0.75485	2.3888	3.1671	1.7321	1.9143	5.2672	7.5118	11.452
10.698	6.679	7.2994	6.316	3.7228	3.245	4.054	1.4271	1.4204	0.60932	1.5875	0.087614	3.8692	3.3797	1.0701	2.6482	1.0477	1.8819	2.2587	3.5968	1.5975	0.95756	1.3194	4.5865	2.4334	3.5803	1.1727	4.7757	1.5022	3.2234	3.1745	4.7976	8.2673	11.366
11.279	8.3777	7.6251	5.7674	1.4715	4.3569	1.8581	4.316	3.6376	0.23585	3.5939	0.12009	3.2093	4.9321	3.1273	2.9981	3.0407	1.1718	2.4835	2.0651	1.385	2.6246	4.336	4.1192	3.5045	1.2542	1.7623	3.8005	0.92297	3.792	3.7106	5.8373	10.655	13.397
1.9274	3.3509	2.0954	2.0567	0.48515	1.9568	1.5822	1.6258	2.2875	0.9972	-0.65949	1.1202	0.19477	2.6825	2.2238	0.67587	1.5003	1.9685	0.3781	2.3309	-0.075545	1.9252	1.5031	0.35846	1.773	4.9892	1.9119	-0.25814	-0.001295	0.62377	2.0313	0.086078	-0.10417	1.9699
7.33	3.4629	4.2328	2.8323	4.1503	2.9136	2.9726	2.189	3.1378	1.9831	1.3328	0.10073	2.1573	3.6688	1.2387	1.9761	0.51387	3.0198	-0.46653	1.308	1.7344	2.9297	1.3185	2.4897	1.8721	0.80209	2.747	3.6556	2.4683	0.96827	3.2447	4.6746	4.2238	7.2179
10.734	5.2668	4.8974	4.1266	2.703	2.904	1.3647	2.2395	3.2956	4.029	1.6942	3.6662	0.42336	2.2523	4.9672	1.5764	0.88427	2.679	2.2811	3.5104	2.0167	2.7064	1.7851	2.6209	1.144	3.5787	2.1169	2.4038	4.4553	2.2953	4.0688	3.8387	9.5069	10.513
11.077	7.0706	7.5615	6.4497	1.9438	4.2924	4.7515	4.6101	3.8195	1.7431	1.53	1.3078	-0.30179	3.4485	1.3806	0.72125	2.9398	1.9745	1.6791	2.9708	1.4017	1.2747	1.9885	5.1855	1.4208	3.5731	1.1958	1.5688	1.9267	2.8327	3.1149	3.8414	9.3639	11.107
13.989	6.4459	7.3985	2.7729	1.2859	4.0342	3.1372	3.8271	3.2287	0.71762	1.6516	0.27214	0.52075	3.4791	2.775	1.8955	0.81616	0.40544	1.7802	1.4839	1.7533	0.41633	2.347	3.3024	2.2116	1.6163	2.6626	3.7714	3.4093	4.5406	4.3979	3.5594	8.9898	11.178
10.048	8.9378	8.2546	4.2289	3.4524	2.9516	2.3961	3.3675	3.6738	1.3487	2.8309	1.3468	-0.43894	4.0588	1.7482	3.4806	0.42119	1.1473	1.4075	1.5495	1.7113	1.8157	4.441	4.8683	2.9365	0.33572	2.2584	4.5068	4.232	2.2189	4.5175	5.6676	8.9794	12.469
1.2519	3.4803	1.4291	1.5917	2.0174	1.131	2.635	1.804	1.333	1.4594	0.58865	2.6539	0.32964	1.0989	-0.40238	1.3856	2.6261	1.4388	0.86431	1.7784	1.1713	0.80491	-0.60185	3.3028	2.1702	0.82457	1.0808	2.2091	2.485	2.8097	1.0318	0.95132	2.2067	1.3048
7.216	5.13	5.7043	3.5575	-0.30521	3.8585	2.659	3.4861	2.96	2.4024	1.9331	1.7245	2.8776	2.2968	3.3832	2.3009	1.6768	1.3164	3.3512	0.19182	0.70531	2.6602	0.49795	4.2253	1.0763	2.0708	2.0083	2.9471	3.5388	2.2127	2.5112	2.9214	6.132	7.1644
9.9747	6.5004	7.6262	2.4658	1.2614	2.3357	2.7567	2.1893	4.4434	1.1621	1.7024	1.8702	1.1565	5.7841	0.6106	0.61537	3.601	2.9971	1.5005	3.3868	0.97529	0.89684	0.99264	4.1575	1.5535	2.5683	1.7557	2.151	1.7217	2.2758	3.9419	3.7597	8.2499	10.659
12.471	6.2161	6.1718	5.1573	5.2433	3.6535	2.1414	2.5264	4.1544	1.7268	2.1307	1.4092	4.3762	3.8679	1.8317	0.85936	1.1722	2.3784	2.2615	4.0888	0.84849	3.303	2.0669	2.5383	1.2865	2.5325	3.45	2.9982	3.5443	2.7434	3.2448	3.5127	9.8124	11.03
11.722	7.5896	6.3056	5.5234	2.3148	2.0152	1.1376	4.1229	4.2341	2.9653	4.2535	-0.58473	2.1173	4.1886	3.7169	0.56549	2.1051	0.32937	-0.37791	3.3365	2.4977	2.0195	1.4208	6.2812	0.99031	1.8042	1.4103	3.141	2.3399	5.3208	2.703	4.0242	10.04	11.707
11.598	8.0714	8.4749	3.9251	0.35248	2.1755	1.9773	5.0685	3.5375	2.0238	1.8081	0.16155	2.7451	4.6869	2.4556	0.38134	1.4624	2.4158	0.32458	1.5551	1.788	2.248	2.3755	2.6924	2.563	2.2451	2.9443	3.0498	1.1339	2.6088	2.9717	4.6913	9.1553	13.929
1.752	1.6882	1.7321	1.3852	0.7596	2.5418	0.99015	3.1954	2.1876	1.7897	2.1218	2.1792	1.4613	-0.28208	1.8297	0.71942	2.2025	2.0188	0.88031	1.6566	2.17	1.1179	-0.134	0.92723	1.2838	3.3307	3.0563	1.998	0.9619	2.6332	1.2964	3.815	0.13012	-0.63261
8.1067	6.4753	4.0795	2.1622	1.5238	2.9908	2.7997	2.5574	3.1651	1.314	1.8508	0.7375	1.2949	1.8756	1.4193	0.73982	-0.085153	3.2556	1.7863	4.2932	1.0046	0.66663	2.6452	2.8265	3.1912	2.2987	1.0882	1.552	2.3146	2.3638	1.5767	2.9793	7.0432	6.8985
9.235	6.624	7.9894	5.8683	2.855	3.7417	3.3045	1.8011	4.3509	1.3348	2.1485	1.1721	0.8683	4.3005	1.9438	1.2841	1.7125	1.7415	2.0878	3.6876	-0.41584	1.5455	1.9362	4.2557	1.6363	1.8839	2.306	2.5516	4.1732	2.3331	4.3593	5.0021	6.5857	9.1026
11.488	6.4592	7.5448	5.0019	2.1102	2.2079	2.0594	1.006	4.3717	2.826	0.35564	1.4686	1.8632	4.5369	3.6579	0.13428	2.2317	1.9962	4.2876	3.1436	1.8366	1.7785	2.0875	4.0891	3.0588	2.2342	2.5502	2.6738	3.4093	3.7824	1.2603	3.6375	5.9232	13.585
9.9492	7.2056	7.9609	4.5438	2.4288	3.931	3.7429	2.5184	5.1142	1.2614	3.343	-0.10439	0.24619	3.1747	1.339	1.2968	1.4736	0.19358	0.046308	3.5442	2.4331	0.31693	0.56624	3.1489	1.7322	3.2321	3.3075	3.6451	2.8399	3.2991	3.3504	5.6168	9.1519	11.798
11.64	8.0449	8.2499	3.9406	2.3348	3.1177	3.614	4.6164	5.8832	1.7579	2.5055	1.1096	0.89208	5.5244	1.5929	1.0409	1.1275	1.3248	0.08767	4.0442	2.9606	1.8988	1.2177	3.0173	2.724	1.9862	0.38397	4.5367	3.6044	3.1377	3.6145	5.711	9.0724	13.91
0.60292	1.2491	2.2981	1.8197	0.56217	1.9462	1.0932	0.55667	0.67806	0.029772	0.97056	1.0136	0.29659	1.6968	1.1723	0.97825	1.9588	0.47919	0.91085	1.3309	-0.12539	0.32516	1.6896	0.028553	3.0916	2.3216	0.58726	3.4478	1.2267	2.0021	1.554	1.8655	0.99764	1.4407
6.59	4.4238	6.5518	5.0488	3.0587	4.1436	1.252	2.6483	3.4054	2.0066	1.9139	-0.42054	1.6519	3.2679	1.2095	1.3577	-0.53149	1.5834	0.59174	1.8378	1.9435	1.8294	0.81833	2.4565	1.7702	1.0404	1.6169	4.5726	0.78421	1.9162	2.2187	3.5651	5.819	7.5151
10.153	8.2928	6.48	4.5027	1.7718	4.1628	3.5325	3.2305	4.4322	1.8786	2.0317	1.349	3.1332	3.9775	1.5461	2.9098	2.7234	0.95892	0.62096	2.1172	1.8863	2.5957	2.5203	3.2244	2.3231	1.3761	-0.79939	1.93	1.6971	4.9846	1.5123	2.3248	8.9604	9.092
9.8882	6.0763	5.7725	4.9715	1.8004	0.60608	2.698	1.1029	4.1294	2.176	4.0991	0.085191	3.8469	3.6483	2.3935	1.777	1.8174	0.4749	2.7058	2.7428	1.8242	-0.1717	1.1342	3.6778	-0.43394	1.4127	0.10398	2.4137	1.3421	3.1839	2.7678	4.4203	8.753	10.428
10.515	7.7714	8.8457	3.5889	2.5187	3.2756	1.8953	4.6797	6.2123	1.7536	1.2186	0.41988	-0.031589	2.5086	1.8905	2.226	2.0324	1.7753	1.3677	2.4314	1.693	1.038	1.0118	3.5723	1.778	0.45848	-0.14589	5.1813	3.5755	3.9879	2.402	5.3393	8.4795	11.963
10.199	7.762	7.0455	5.0296	2.2844	2.0979	3.1969	5.5054	3.3895	1.0584	1.7906	-0.41766	2.087	4.2692	1.0545	3.4017	2.1428	0.94827	2.2808	1.9342	3.7604	1.512	2.2818	4.516	2.4744	3.7328	2.3775	3.6565	2.4869	4.2405	4.1675	3.0039	9.0258	11.64
-1.1841	3.3439	2.4865	2.2186	1.1663	1.0597	2.2599	1.3558	1.1973	1.6187	1.7051	0.41661	0.67676	-0.14066	2.9222	1.8817	2.1085	2.6977	2.0912	0.46152	0.61114	-0.85478	0.91286	1.6146	1.4877	2.4553	1.1602	1.3965	0.13753	0.73787	1.0454	1.4146	0.10987	3.2347
6.8976	5.0581	4.3655	1.8626	2.0861	1.5929	0.90074	3.4469	3.1476	0.3484	3.7193	1.3269	0.37098	2.8146	0.62524	1.5973	2.9306	3.7525	0.12132	2.6387	1.8797	-1.0812	2.6626	2.3416	3.4553	1.0655	4.6123	3.9641	1.7496	3.9568	2.9693	4.5832	4.3111	6.4027
10.946	3.4587	8.2181	5.3076	4.2799	4.2667	4.5581	2.2881	3.8572	1.3754	2.3894	2.4653	1.7064	4.0189	1.3429	2.7495	0.34363	1.8145	2.5228	1.8535	2.1827	-0.036162	0.23237	3.2711	2.3868	2.5781	2.4386	1.4063	1.4909	3.8987	3.004	4.2394	6.571	11.731
10.792	5.6977	6.6951	7.0645	2.8166	4.0669	0.6949	3.9111	3.945	4.0729	3.3736	-0.22536	1.2113	4.3746	1.8387	3.9848	1.3927	2.0168	1.533	1.6517	-0.1933	2.6283	1.0527	5.4719	2.1756	3.5538	2.4688	2.6887	2.1965	2.3597	2.7651	5.934	7.2938	11.965
11.252	7.3363	6.7202	3.2238	1.673	3.4624	1.2786	5.5549	3.8319	3.4645	3.0759	1.2594	1.7726	2.9455	0.11443	1.2783	2.5626	-0.18917	1.1458	1.2966	2.2446	3.3872	3.8409	4.024	2.7632	1.4139	1.5118	2.3039	4.0114	3.5063	2.6995	4.4037	10.988	11.712
10.66	7.2012	8.9308	2.7938	1.4834	3.647	4.17	4.7934	5.197	2.6726	3.0701	1.4417	2.5076	4.7636	0.80419	2.6612	1.4721	3.2824	1.6642	1.3263	3.2747	1.1469	0.96759	5.0762	0.97869	1.3232	1.3686	4.4008	4.1117	2.3135	2.0954	6.0527	9.4979	11.238
3.4453	3.9523	0.15137	1.8117	1.3491	1.6129	1.525	0.70701	1.6883	2.2636	3.0775	2.3625	0.59858	-0.12052	-0.18196	0.3223	2.3216	0.87135	1.5831	2.1816	0.86077	0.60342	1.3842	1.1804	1.4618	1.2823	2.3976	3.7722	1.135	3.2193	0.20135	2.0252	2.6008	1.2421
7.1449	6.0274	5.7939	4.2009	0.35254	2.8313	1.7246	1.4749	2.2955	2.5223	4.2837	2.2709	1.4031	3.1602	-1.2212	0.20366	-0.19467	1.9588	2.5767	1.7345	1.165	1.5837	1.9927	2.1976	2.5218	2.9317	2.7359	3.2976	1.8086	2.5672	1.7359	4.1784	5.3803	7.0951
11.225	6.4553	7.2399	4.1805	3.9811	2.8577	2.6178	3.1226	5.5546	2.1289	2.324	-0.16513	-0.054508	4.3965	3.7871	0.98001	1.7698	1.4786	1.7667	3.0657	0.20274	2.4348	2.1102	4.9422	1.9103	2.4246	3.0698	4.4663	2.8482	3.8605	2.9045	2.8346	6.8366	9.0575
11.398	6.647	7.3919	4.4749	2.475	2.6309	3.54	3.089	5.0835	2.7074	1.9878	0.98527	1.3172	5.7708	1.0209	1.6788	2.5321	2.0855	0.030486	3.8194	2.0561	2.5998	4.7166	4.449	-0.176	2.0762	3.0242	4.7242	2.6588	3.1784	3.7192	3.1344	9.201	13.085
11.249	5.2818	7.5062	4.8024	1.1627	3.4073	2.0311	3.3739	5.8016	3.0018	2.5157	2.1515	2.7173	2.2802	2.6339	-0.16744	-0.76984	1.6857	2.6296	2.4055	2.8311	4.27	3.2071	3.3591	2.9812	3.3863	2.7627	3.943	2.0892	3.4634	3.6579	5.2477	9.1746	11.245
12.8	8.809	10.038	3.8016	2.4726	2.6302	3.868	4.7549	4.346	0.78507	2.0497	1.466	-0.0037949	5.2264	1.8294	0.21377	1.2474	1.9169	1.2662	3.4271	0.55502	2.256	1.3102	5.3927	0.9101	1.2117	1.6561	2.7759	3.6477	2.7352	4.3365	4.4633	8.4963	11.057
2.5101	1.6136	1.4268	-0.41607	0.054576	1.5065	2.272	2.0663	3.6545	1.395	-1.0646	3.0664	1.4743	1.4638	0.66681	1.6727	0.63758	0.91825	3.6142	4.4774	0.57688	0.41211	1.6813	0.88449	0.6	0.43568	1.8187	2.1173	0.13311	1.1707	1.0802	-0.21047	-0.43032	1.0665
7.2277	2.9571	4.9638	4.7733	2.4676	2.1577	2.2856	4.2892	3.9996	1.5711	1.7001	2.3516	0.012924	2.9861	1.5864	2.2527	0.52506	1.8662	2.2766	1.7675	1.1247	3.9042	2.8112	2.5967	2.376	1.8591	0.74432	2.626	4.5905	2.2453	3.3526	2.898	7.6967	7.457
11.229	6.3677	5.8609	4.4566	1.9572	2.6297	2.8786	3.0696	2.0234	1.1473	2.2862	3.3301	1.7904	3.281	2.1249	2.5149	2.0766	0.25148	2.3889	2.8936	1.8524	0.68755	1.5838	3.3933	1.8575	2.457	1.4953	1.7433	2.0113	5.3137	2.8233	3.8503	9.5785	8.9021
12.827	6.6645	6.7147	3.407	2.3071	2.8631	2.2165	3.2072	2.9016	0.76753	1.8927	-1.6793	1.2216	4.4232	0.63244	2.216	2.5674	1.6553	1.4396	2.298	2.9093	1.0389	-0.68482	3.6366	1.417	2.5254	2.0468	2.5591	2.9244	3.9652	3.0108	3.7272	7.3336	11.041
11.454	6.2611	7.2593	5.8566	2.6863	5.4506	2.0589	4.2347	4.8946	3.0629	2.1057	0.59516	1.439	4.078	3.0007	1.624	1.2735	1.9628	0.9613	3.789	2.3695	2.68	1.4837	4.2268	0.66828	1.3297	0.2802	4.7246	1.8857	3.7475	4.2414	3.4982	10.014	12.285
11.466	7.4401	9.6873	3.5629	3.2054	1.725	2.5585	3.9117	4.2559	2.4721	3.5874	0.58455	0.13384	3.7802	3.0122	2.3459	0.96943	1.5108	1.0862	2.3013	1.7349	1.9621	0.51195	2.578	1.6515	1.8941	1.2727	2.1246	1.6013	3.7753	3.8011	5.0375	8.6264	13.554
1.8942	0.485	0.73266	1.0837	0.33674	0.11732	2.0712	1.4253	1.1381	0.62782	1.7777	0.075493	0.62473	0.90658	1.0266	3.9832	3.6552	2.1996	-0.02632	0.79131	0.7214	1.7086	2.0018	1.7551	-0.23934	0.82763	0.69811	1.4658	2.3004	4.0193	1.7121	1.3877	1.3119	1.3776
7.528	3.0125	4.1487	3.9081	0.27577	2.3917	1.8331	0.92905	4.0094	0.51949	1.8958	0.54944	1.3336	3.5891	2.0616	3.5589	1.3939	2.567	0.67742	2.6257	1.6704	1.602	1.4467	0.22619	2.2872	1.8652	1.4529	1.5053	1.911	2.8647	2.0717	2.3098	4.7053	8.4526
10.64	4.1168	6.2169	3.3139	1.9762	2.5514	2.1189	1.9512	5.4825	2.1175	1.4813	2.384	1.7013	4.2972	0.4363	1.6451	1.8188	0.12459	2.8566	2.3705	2.2535	0.34739	2.7436	3.4252	2.0059	2.1703	1.2045	3.4088	2.5304	3.5193	2.9201	5.4263	7.1269	8.6495
10.737	6.1703	8.1866	4.2416	1.4174	2.0759	1.8139	3.939	4.5396	1.0675	1.7048	0.99062	1.5015	5.274	2.3231	3.1839	1.1058	0.29988	1.1602	1.8981	1.0514	0.45816	0.7511	2.6636	0.8792	2.4046	1.2942	2.1261	2.6209	2.4669	2.4456	4.0503	8.571	11.084
12.209	6.1926	6.5041	4.8088	2.7388	3.2245	1.7589	3.9776	4.4314	0.59015	2.2205	1.884	1.0838	4.693	1.6653	1.1798	1.9789	1.157	1.7367	0.49722	2.0317	0.095941	2.9525	4.3972	2.0446	1.5168	0.34858	1.9685	3.2769	3.1596	3.2417	2.7455	7.3283	12.197
12.758	7.3821	8.5953	6.812	0.49234	3.6919	2.959	2.0146	6.6203	1.5558	2.4776	2.5567	3.069	4.2503	3.4205	2.1653	0.26116	2.216	3.3704	1.2905	2.0851	2.5421	0.65182	2.9969	5.208	2.8607	0.51696	3.4971	4.3569	2.1839	3.6765	4.8306	9.0333	9.8401
1.9154	-0.43924	0.52915	2.3934	2.843	0.70522	2.8258	1.6333	1.1669	0.55386	1.5225	0.74062	1.7447	0.16293	0.33846	1.4774	1.4886	1.9939	0.52652	1.3015	2.8856	0.95833	2.8609	2.314	1.2775	2.2268	0.36831	0.44472	2.5639	1.664	3.5833	2.3536	0.17055	2.2241
7.5773	4.1954	5.0407	3.0787	2.3774	1.9875	3.6397	3.0501	2.4864	2.3934	3.4332	0.49475	0.93	3.2879	3.5233	2.2888	0.51991	1.2487	1.2109	2.9941	3.1649	-0.054847	1.7107	2.0635	2.0337	1.4937	1.857	3.6324	2.8703	1.5982	2.2319	1.3997	5.5138	7.1086
8.7134	4.4044	4.9799	4.0588	1.0976	1.4113	3.2736	1.9035	3.1943	3.9901	3.4748	-0.41535	0.94337	3.5098	1.6993	0.4693	1.2381	2.2719	2.3339	3.1833	-0.14839	2.1962	2.8794	2.5288	3.5868	1.6722	2.031	3.3835	3.6593	4.1908	2.7083	6.0489	6.6092	9.2614
9.8866	8.3659	8.0672	4.3645	1.9745	2.9294	2.5446	2.3314	3.4187	0.054038	1.0637	0.6324	1.646	4.4025	2.2059	2.3865	2.1468	3.8249	1.9463	3.1639	2.8679	1.5024	0.33572	4.0701	2.5335	2.6866	-0.23153	2.7718	3.4403	4.0495	3.5721	4.2727	9.6547	12.715
10.063	6.7139	8.5371	6.1081	3.1724	3.0783	2.5505	4.6322	4.389	2.6259	4.0806	0.20095	2.6654	5.2089	3.2466	1.9664	3.4349	0.6947	2.2548	3.7052	1.1524	0.47436	2.6615	3.5794	2.238	1.4338	0.54276	2.8788	1.4484	3.11	3.5891	3.9129	8.0593	12.342
10.479	8.1735	7.2908	4.5844	4.782	3.6289	3.3136	1.7308	3.5101	2.2259	1.3664	0.69973	1.3204	3.9055	2.9163	2.1424	1.0338	0.94078	1.4332	2.5041	0.50273	2.0785	1.2194	3.4818	2.3384	4.0362	1.3097	1.277	2.3601	2.8639	3.4945	5.095	8.6932	11.515
1.1327	1.9095	1.7824	0.97225	1.4671	0.013854	2.1156	1.8062	-0.80171	0.67933	3.9071	0.95009	2.0805	1.4229	0.79953	0.43986	2.4454	-0.72598	1.5687	2.1178	0.95548	1.6239	0.058546	0.74508	1.4533	0.42501	2.4381	1.0609	-0.38269	-0.32068	1.5493	0.47379	2.3247	0.82842
5.4389	5.3261	5.1414	3.6113	3.3604	2.4024	3.1253	3.4234	1.5587	2.5299	2.0178	0.21948	1.6478	2.9056	0.72787	1.1734	1.0484	1.5341	3.2888	2.09	1.124	1.9334	2.8763	3.532	2.6985	1.7004	1.8276	4.385	2.4804	3.0895	0.41321	4.002	5.5497	6.0015
12.009	4.724	7.8774	4.1318	1.3045	2.4438	0.48962	1.2539	4.1819	0.80145	1.6721	-0.22873	1.0301	4.0927	0.81215	0.15482	1.5386	2.4096	3.758	2.9107	2.024	1.0156	2.1272	2.9428	2.2654	1.2206	2.483	3.1198	4.2112	3.6747	4.3637	5.3944	7.025	9.2182
11.698	7.7891	7.6204	5.4096	2.4784	4.1931	2.7639	3.1847	5.2266	-0.12572	0.23149	0.53656	0.86297	6.2387	2.8526	1.0337	4.2411	1.3453	1.747	2.4225	1.5565	1.3669	1.616	3.6693	3.3118	1.7252	0.29712	2.068	4.0784	2.9681	3.9336	4.9567	6.6504	12.869
9.4098	8.2694	8.8665	5.7475	2.1178	3.2029	1.9331	2.2564	5.5018	0.66533	1.9208	0.93166	1.8979	3.4679	1.6678	0.82985	1.6551	2.8525	1.0308	3.706	0.44934	1.3319	2.0303	3.3412	2.1148	2.101	1.0131	3.5516	3.5028	5.2794	3.0117	4.7118	8.3751	14.04
10.547	4.8634	7.854	5.9498	2.6916	2.4014	2.4689	3.5716	6.6805	2.3816	3.8912	0.02373	1.6355	5.7402	1.371	1.4647	0.88733	1.5509	1.7254	1.14	1.4667	1.9475	1.331	3.8289	3.0911	3.318	0.32899	4.0004	1.6799	3.8157	2.8257	3.1003	10.062	13.022
0.98618	1.1309	0.80776	1.7488	1.4973	1.1032	3.0326	0.63988	0.21426	1.4567	1.0928	2.1137	0.72608	0.87446	1.1634	1.9465	2.9074	1.7775	0.53173	4.1877	-0.5692	1.8045	0.3847	0.22209	0.52862	1.2578	1.6931	0.20326	0.99252	2.3092	1.0912	0.52418	2.1114	0.81967
5.3597	3.7016	4.8822	3.7276	0.63716	1.6702	1.4373	0.65245	4.3087	2.3995	1.4487	1.0168	0.75534	3.7356	2.4619	2.5303	2.4475	2.5663	0.71798	1.9136	3.1031	3.107	-0.44096	3.171	2.5088	1.8176	0.73033	2.89	2.2742	2.4829	0.91701	3.2253	4.5207	7.8859
9.3496	6.011	6.4863	6.0241	1.9302	4.0712	0.9569	3.6054	3.8673	2.1173	0.83483	0.73398	2.1755	3.8142	1.488	0.67212	-0.060328	2.2582	-0.32362	1.2411	1.0381	1.0227	0.020654	3.7075	0.81519	1.9113	2.364	4.3017	2.2516	3.6627	2.8518	2.1412	8.524	9.7532
12.082	5.673	8.3583	3.4164	2.727	2.3102	3.003	3.8883	3.6832	2.9934	1.0954	1.8551	2.2165	3.6199	2.0576	2.0766	0.82526	2.053	0.19963	1.4674	2.4565	1.0967	1.3119	4.6382	1.6999	3.402	-0.045374	3.3445	3.3946	2.3525	4.5278	3.4986	8.2635	10.803
11.332	7.093	7.7641	4.4256	1.8262	1.2984	2.7829	2.8044	3.8789	-0.22487	1.7474	3.234	1.4142	4.0636	-0.5228	2.8918	1.0292	3.1965	1.7638	2.6336	2.4646	1.5891	2.4769	4.1958	1.7255	0.25777	1.7483	2.9259	3.9069	3.0891	1.8744	4.8816	9.503	13.024
11.644	7.5363	7.1267	3.1619	2.1701	2.7415	2.5281	4.0061	5.2596	1.4957	2.7123	1.7711	2.5667	5.3523	1.1441	2.7777	1.2323	0.87126	1.1648	4.0042	1.159	2.945	1.7112	4.3351	4.071	2.8653	-0.48263	2.2612	2.3708	2.23	1.7377	3.5782	9.0708	14.257
0.39493	1.3063	1.6253	2.257	2.0099	2.8848	1.9843	-0.21643	2.1993	1.122	-0.17181	2.4417	1.3844	2.3181	0.0063001	-0.50592	1.9033	1.4783	3.006	0.18878	0.19548	0.71189	1.2518	1.8314	0.31607	1.7316	0.83998	1.6533	1.6683	0.0035645	1.7109	1.1994	-0.45304	1.3618
6.6702	4.1444	6.2895	3.2214	2.4703	3.0302	2.7132	1.1101	1.2391	1.5017	2.7166	1.1854	1.488	3.7945	0.7802	2.1571	0.93202	1.998	-0.20714	2.3393	0.12685	2.3239	0.98122	4.4208	0.54986	0.45296	1.4938	1.4188	3.2169	0.47473	1.2298	3.7835	4.6891	8.3711
8.5282	4.5311	6.355	3.8657	1.4248	2.8582	2.991	1.8525	4.8493	2.7546	1.7227	1.1324	2.8935	3.1919	0.88239	1.4777	1.8865	1.368	0.79833	1.5496	2.5393	0.87675	1.9631	3.3979	2.3167	2.1395	2.0056	2.5781	2.8884	4.4353	2.807	4.4431	9.1926	9.5466
11.387	6.5685	6.8553	2.8738	2.0048	4.6306	2.5396	3.1907	4.9911	1.0794	3.0947	1.528	1.1639	2.8666	1.3252	3.1295	1.934	1.1935	2.2805	3.531	1.66	0.85995	2.5637	3.463	0.97269	2.1482	1.9771	2.7176	0.85422	1.0473	2.5814	4.7181	8.2216	11.222
11.057	6.2886	8.8204	4.964	3.1983	2.3267	3.2541	2.9019	4.0747	2.0409	2.3298	0.37611	-0.31375	4.7246	1.3009	2.7218	0.63425	2.4978	2.2724	2.1099	2.8671	3.5753	1.0479	4.2349	1.1929	2.2504	-0.090258	3.1874	1.7845	5.5352	3.8692	7.1924	8.1551	11.691
12.5	5.6587	8.0761	4.6004	2.6837	3.2054	2.6512	5.3909	3.3909	-0.10726	1.9127	-0.56864	0.45312	4.9219	2.4693	1.4628	1.8619	1.2804	1.3755	1.8999	1.348	2.6428	0.54443	3.6127	2.741	2.9213	2.1521	3.7448	1.8713	3.9874	3.0516	5.4887	9.193	13.588
2.6037	1.313	1.3223	0.24315	0.44147	0.49582	1.3921	1.0156	1.0023	0.29032	1.891	1.9809	1.5198	-0.87061	2.9206	1.4213	0.66008	1.4957	0.29064	3.4138	-1.3964	1.6593	1.9489	-0.21927	1.3952	1.7994	2.0911	1.1822	0.6385	-0.68217	1.8166	1.0786	2.007	1.2079
8.214	4.1535	4.3583	2.1379	3.5241	1.4181	2.7474	2.9066	1.8891	2.4047	2.3581	0.38652	1.2094	3.099	0.036833	1.9604	2.2983	1.2158	-0.86943	2.2547	0.5038	1.4024	0.89853	2.0914	3.0486	2.6102	0.62118	2.4811	2.0246	2.2495	3.0008	3.4522	4.8818	7.6168
9.7759	6.0412	5.2927	3.4334	1.5505	2.2811	2.9576	3.5818	3.8032	-0.090277	4.1524	1.3618	4.3454	5.9426	3.4532	-0.80589	1.2275	1.1783	1.1987	3.7049	2.5023	1.0131	-0.52471	2.8979	2.3981	3.8239	2.5683	1.1827	2.5611	3.7277	3.5021	5.3835	7.8496	10.918
10.479	7.5104	7.669	4.3537	1.5748	3.4636	2.1419	3.6727	3.7876	3.1583	0.95895	0.10305	0.26509	4.0011	3.0509	1.1373	2.177	2.1738	2.2279	3.5417	1.978	2.8913	2.0104	4.2655	3.6028	2.912	1.0622	4.1292	3.9393	2.3856	3.818	6.3959	7.1253	11.084
10.265	7.3872	7.5201	3.1344	0.90288	4.9561	2.365	3.6182	4.0028	1.2999	1.62	-0.3292	1.4766	3.6921	1.8934	1.3982	0.4802	2.0534	1.6753	2.8748	3.6713	2.8934	2.3964	4.4769	3.0372	2.1538	0.81223	2.2398	3.3062	3.9722	3.1449	5.4311	8.0765	11.109
11.826	8.2435	8.294	4.6788	2.2423	3.7399	1.901	4.7238	4.5949	2.3295	1.127	-0.48136	1.779	3.3908	3.3944	0.66731	2.2663	-0.19127	0.44382	4.0519	2.1611	0.02046	2.517	3.8009	3.8986	1.5955	1.8637	2.9969	3.7878	2.1838	1.0136	4.038	8.2923	12.043
2.0692	1.2045	-0.26909	1.8819	1.6951	0.41653	2.7662	0.23185	0.97561	-0.13904	1.1032	1.7107	0.07791	-0.2011	1.3042	-0.91656	1.4965	1.3574	2.0811	1.0161	-0.70076	-0.14402	1.7938	1.8885	1.852	3.373	1.7656	1.8016	0.37281	1.2325	1.3508	1.8276	1.3568	0.47879
6.7362	3.6878	6.1576	2.8157	1.6921	2.0826	2.36	4.0784	1.179	2.1334	1.4583	2.9939	2.5716	2.5477	0.37545	2.3301	1.4301	0.54842	2.1569	2.4801	3.8905	1.0054	1.4502	1.9553	-0.18357	1.4718	1.789	3.343	2.1729	3.7378	1.4035	3.6973	7.2693	6.655
9.6312	5.8248	7.1413	3.4643	1.353	2.1149	2.0476	3.7281	3.1503	1.6161	1.7315	1.1503	2.361	4.1306	2.7595	1.0526	1.1902	1.8114	1.4502	0.82764	2.7091	3.0905	1.8043	3.4072	1.4359	3.1359	1.8101	2.116	3.926	3.164	3.531	4.6357	8.0007	10.974
11.603	7.9281	5.8978	4.8973	0.62628	2.5449	3.5284	2.1634	3.6103	2.9831	1.8105	1.4174	3.2311	3.1978	3.9737	2.9262	2.1396	1.031	1.8267	1.3565	0.28295	2.1053	3.6947	3.5062	1.9381	3.067	2.1995	3.163	1.8435	4.2905	1.9694	4.4881	7.414	11.3
12.357	8.1248	8.8725	5.8807	5.3456	4.0927	2.4063	4.5408	2.5816	1.2314	1.8199	1.0656	2.4109	4.5865	1.0152	0.83588	3.2821	1.7601	1.8643	3.4275	2.011	3.0693	1.8423	4.6418	2.4356	2.9493	1.3426	2.6473	3.2523	3.2325	4.4471	4.5104	7.0504	12.811
10.293	6.8157	7.3784	4.413	3.856	3.3233	3.3936	4.6637	5.2522	1.064	2.1169	1.1513	-1.8104	5.1852	0.80879	2.7651	2.3833	3.0405	1.9891	2.3435	1.766	1.2051	1.4612	4.8744	1.8052	2.6928	2.3601	2.1921	3.8904	2.5372	2.5758	4.9056	8.1202	10.881
1.5174	0.71956	1.5198	0.78433	1.5339	2.6948	3.0724	2.8918	-0.95461	0.32127	2.342	4.0722	0.59074	0.72013	2.3045	2.3259	2.0174	2.8722	2.0296	0.98663	0.31623	2.1612	2.7942	1.4339	1.9329	1.052	1.7766	1.345	0.12132	2.2717	1.2153	0.75193	3.1795	1.1967
7.391	2.8416	5.0432	1.7261	1.9438	2.9908	3.2754	1.9335	3.3309	3.372	3.1847	0.36416	1.8456	3.4127	1.4286	2.1803	0.83728	2.2224	1.1259	2.4105	-0.39502	0.99126	2.6966	1.0784	2.0308	2.6609	-0.18292	2.1859	2.3642	2.5343	3.0193	3.814	6.1956	6.1381
9.7179	6.5296	5.7681	3.1698	2.5716	1.922	2.5374	4.6464	3.4773	1.2955	1.8531	0.83059	0.81719	4.3508	0.29204	0.67962	1.5785	0.025543	3.2573	-0.21392	0.69647	-0.18196	3.3959	3.636	3.9877	1.9863	0.96071	2.8421	1.3951	5.0287	5.4531	4.0948	6.4735	10.198
11.912	6.5473	4.5996	5.1928	2.2839	3.7893	2.7385	3.5632	3.7815	0.1231	4.1257	0.26797	1.9772	4.1227	2.9876	1.5957	0.48392	3.1875	0.61112	2.2307	2.0213	2.0537	2.7285	5.0099	0.8977	2.2368	2.5651	2.0931	2.0216	2.276	2.3915	5.8871	9.7294	10.294
11.145	5.6367	8.3497	4.6634	1.767	1.5714	4.8568	1.9622	4.9509	2.728	3.211	1.6414	1.6592	6.2835	1.6395	1.332	1.3975	2.839	1.4733	1.5872	1.236	1.8124	2.3565	5.076	2.2474	2.243	1.2975	2.716	1.9151	3.2839	5.2282	5.4793	7.9146	12.339
10.891	6.6048	7.6236	5.6232	3.2911	3.7499	2.7785	2.7032	4.0656	1.8249	3.5771	1.1785	1.1931	3.1228	1.0168	0.85516	2.4317	2.0365	1.0117	3.1718	0.95422	1.0248	3.2038	4.6427	1.9074	1.8511	1.0605	3.6107	2.1157	1.7631	3.9736	5.0372	8.8811	13.086
1.8066	0.0029682	0.99963	2.0052	0.16091	2.0522	1.7238	2.2891	1.3315	1.3867	0.44413	1.1021	1.1929	1.2995	0.70861	0.8725	1.5662	4.3874	1.27	1.4884	1.2896	1.214	1.5935	2.733	3.0105	-0.085137	1.4246	2.1578	0.90328	2.7255	0.93064	2.5065	0.46179	1.2388
7.702	5.0575	5.4599	3.5702	3.7662	3.3447	2.5544	4.2431	2.175	2.1765	0.022019	1.7886	1.894	1.926	0.9973	-0.11615	2.6326	1.2697	0.080509	0.54103	4.0824	0.88025	1.3769	1.9331	2.4193	1.2817	2.4778	2.1387	1.0688	2.9164	3.3927	4.0135	5.5127	7.7777
9.6511	5.8068	6.0606	4.9239	0.34403	1.2196	3.5572	1.8646	4.9512	2.6121	2.4483	-0.052515	2.7197	3.045	2.6091	1.518	0.93352	3.5331	2.9248	2.3369	1.9106	2.2338	0.92957	2.2529	2.8752	3.2675	0.34177	4.8956	1.6861	4.2396	3.3379	4.4551	6.8351	11.192
11.807	8.2102	8.1788	6.1133	1.9282	2.6171	3.0332	3.2052	5.1581	1.1325	2.6007	1.0477	0.77952	4.6017	0.60161	1.5612	1.8917	0.65734	1.8658	2.3743	2.5242	0.71343	3.5149	4.2725	2.0707	4.1944	2.422	2.1163	3.0024	2.8165	2.8719	3.6324	7.6448	12.183
9.9841	5.4785	7.9853	5.3548	3.191	2.9215	3.2687	2.7757	4.9977	1.9045	0.61986	1.1228	1.1462	5.4189	2.2651	0.96506	1.8028	1.383	1.6808	3.1952	1.2536	2.3686	4.153	3.796	3.1546	2.2252	2.4661	1.8934	4.2536	3.6265	3.0042	6.0612	8.0163	12.091
10.638	7.9199	6.9829	5.2849	2.4669	3.0418	3.2632	5.3618	4.9036	1.4947	0.86371	2.4953	1.0172	4.5651	2.8173	2.4504	0.084018	0.61668	1.9135	2.0754	0.25515	1.4963	2.8333	2.8251	3.7958	2.9329	2.1888	4.9137	1.0769	4.5232	1.433	4.6825	10.952	10.611
-1.1778	1.6602	2.5395	1.1107	0.4504	2.4172	4.3687	0.14048	2.5356	1.1705	1.4722	2.0637	2.1737	2.8513	0.53904	0.36649	0.65886	1.818	0.30978	0.57418	0.52661	1.6964	0.57392	2.627	1.1023	2.0107	0.78892	0.33019	1.4799	0.93535	0.90339	1.4157	-0.3347	1.2665
7.9653	4.5593	5.5898	1.905	2.9754	2.9517	3.21	3.6581	3.8218	2.1417	2.8153	1.1209	3.0278	2.1111	1.8804	1.3038	2.2852	1.8346	1.0369	2.1679	2.1821	0.84298	0.25631	4.3498	1.0411	0.2552	0.33986	2.1615	2.4731	2.8783	2.8907	3.4733	6.707	5.6656
8.9707	6.6312	8.0384	3.6395	2.3622	3.2854	1.7951	2.3771	4.2452	2.4492	3.4619	-0.37247	2.6599	4.1737	0.038099	2.2187	0.23826	0.99192	2.5377	2.9998	1.7742	0.89797	0.75794	3.8199	2.175	2.306	2.4807	1.899	2.8879	1.4354	3.2828	5.3161	7.1064	9.9787
10.799	7.7445	6.6312	4.9124	1.4715	2.9946	1.6148	4.0759	4.8062	0.40103	1.3357	-0.53641	3.0247	3.655	2.4618	1.9789	1.2812	0.32122	1.6795	2.9837	1.7305	1.089	1.8105	4.1155	1.5121	1.315	2.0416	1.9565	3.4891	2.7831	2.974	4.7189	8.9536	12.417
12.529	5.7553	6.9462	3.6659	2.7353	4.5771	1.2929	2.1019	3.6048	2.9044	2.925	1.5154	1.9711	3.578	0.67658	-0.59829	0.49149	-0.93056	2.3029	3.3398	2.6644	0.85977	0.50816	4.0839	3.4814	0.68887	1.7848	2.4607	2.7283	3.0589	4.4932	3.6164	9.7981	12.521
11.772	8.2636	8.2907	5.3271	3.1102	2.6152	4.783	4.98	4.4025	1.9544	2.9643	0.22216	0.93755	1.7668	2.6203	1.0417	0.50213	0.83073	2.4668	1.7673	3.8968	1.0825	0.26141	3.3076	2.0007	1.605	1.8586	3.1166	0.88205	2.5227	3.0831	4.5383	7.4527	14.696
1.2016	0.20905	2.0578	2.1388	3.5019	1.9157	0.97015	-0.35064	2.056	1.3996	1.9188	1.2028	1.7398	2.6269	2.0648	0.94897	1.0756	-0.21036	2.6806	0.75307	2.3502	0.50013	-0.48243	1.4416	0.080501	3.4071	1.7782	1.3938	2.402	-0.0059902	1.7927	1.1512	2.0059	1.7317
6.5059	3.3687	5.8885	3.5101	1.7684	1.8683	3.4018	2.961	2.281	0.033725	1.0174	0.18521	3.1032	5.0487	1.2152	0.97167	2.4252	2.1146	1.0994	1.4545	1.202	-0.096353	1.8534	3.6755	1.83	2.0143	1.8258	3.3853	3.0248	2.6994	1.2258	3.2072	5.2952	8.4601
9.6874	5.2235	6.7854	4.5479	1.8484	2.6781	3.2541	3.5407	3.8068	1.4546	1.1079	1.1383	2.0854	4.3877	0.24088	0.33042	1.511	2.7135	0.97837	3.0713	1.9889	-0.12038	-0.40125	2.3678	1.2517	1.0381	2.7671	2.5229	1.8529	3.1155	2.8309	3.0008	6.4947	10.502
11.643	7.278	7.2889	4.6497	1.7659	3.5943	1.3331	2.523	3.9704	1.6958	3.0351	1.1577	2.605	5.5827	3.1071	1.7187	1.8606	-0.27679	2.1561	2.8899	2.7045	-1.4076	2.2373	4.7726	0.71295	2.9378	2.2949	4.4146	2.2185	3.7105	3.5934	4.9546	8.3558	10.614
10	5.752	8.4959	4.7704	0.40113	1.6987	4.945	2.4764	5.5492	1.896	0.6543	2.6677	0.1758	4.4023	1.9554	1.63	0.93195	0.018539	0.86024	3.024	1.8686	2.3101	2.2148	5.2101	2.6386	2.7691	1.7507	2.4165	2.0142	4.1511	4.1494	4.4065	8.6667	12.085
11.652	7.2774	9.9429	4.856	2.8751	3.1427	3.5025	4.0954	4.8434	1.3684	2.0616	2.7396	2.3096	3.1711	3.4927	3.0931	1.3659	1.305	2.9911	3.7193	3.2872	0.80862	0.75537	3.9267	1.7076	1.9952	2.6572	1.7213	2.4597	2.3496	3.5181	3.9342	9.2258	11.701
2.0062	1.7854	1.9721	2.5696	-0.87379	0.31023	3.5433	0.31123	2.7551	2.31	1.7678	2.0833	1.7566	0.92809	1.7544	1.9253	2.2203	2.5646	0.50216	2.2077	2.5111	1.4696	0.50563	1.1128	2.1826	2.5454	2.9267	1.8306	0.15194	2.0644	2.3323	0.48569	2.343	0.096089
5.6751	4.5882	4.9443	3.2603	1.508	2.8772	2.6317	2.4002	3.7002	3.0737	2.9858	1.975	2.2295	2.3083	-0.11045	2.3982	0.042331	2.842	2.6969	1.8985	2.0939	1.059	0.98082	4.1246	3.1161	1.7269	1.5802	3.7239	3.0232	2.6083	3.9424	4.4152	5.5254	6.7842
10.467	6.4516	6.1048	1.5902	1.8227	0.61129	2.8199	0.21884	4.8465	2.9094	1.7709	-0.27435	2.9642	4.9621	3.4265	1.6152	0.62883	3.1551	3.3398	2.5943	0.11635	2.4726	1.059	3.9622	2.0593	0.87153	2.5098	2.67	1.0736	4.083	4.3813	2.9338	8.3931	10.048
11.661	5.3704	7.9794	4.1366	3.0932	0.8393	1.7963	1.2317	4.0764	1.5169	0.86477	2.1826	1.0756	3.7141	1.4901	-0.040594	2.4566	1.3464	0.48454	4.8257	0.56201	2.1039	2.6139	4.2559	1.5652	0.97665	0.52286	4.3678	2.1097	4.0136	2.7864	5.0393	8.745	14.138
10.605	7.8305	7.3393	4.9881	-0.45427	4.5169	2.9371	3.3863	4.4282	2.1208	2.6676	-0.027228	3.2395	4.4298	2.7294	0.33291	3.1597	1.1146	2.9839	4.1112	0.78739	3.245	1.6561	3.8018	2.5815	2.1458	2.8055	2.991	3.902	2.398	3.6787	4.9033	10.053	11.503
10.202	7.0567	8.2084	5.8246	3.2663	2.7874	3.0762	4.5995	3.7448	2.2089	1.6293	-0.68101	0.80027	3.0663	1.094	1.0653	0.61785	0.75238	2.3341	2.2519	2.8607	2.0218	0.96276	3.196	3.1571	1.3482	1.1079	2.6466	3.0025	1.4085	5.0327	3.6181	10.35	11.571
2.117	2.5138	2.3124	3.2657	1.3798	-0.34233	-0.38318	-0.4317	1.5697	0.42002	2.8844	4.7827	1.9805	1.1714	2.0225	1.5506	2.3849	2.2276	2.104	-0.097796	1.3108	2.2014	1.7485	0.84418	2.0987	1.0037	1.0746	0.36423	1.3887	0.77168	1.7188	1.6236	1.0213	0.35891
8.2033	3.6402	5.9521	2.5164	0.71452	0.61531	2.1586	3.0982	5.9723	1.3806	0.9038	1.4375	2.0108	1.361	2.373	2.3254	0.29678	2.3953	1.5125	1.7884	3.4119	1.2465	2.4568	3.1655	1.8618	1.9105	2.1461	3.507	1.6839	3.3925	2.5433	2.4235	5.3851	7.4207
10.539	6.0327	7.3326	5.0358	2.1688	2.577	2.7936	3.5361	3.8663	1.0357	2.2738	0.31763	2.7676	3.1183	2.7008	0.93091	2.1285	0.1732	1.5802	2.6102	1.5573	0.78674	-0.060603	2.561	2.0172	2.2355	1.162	1.6183	2.7797	2.8628	4.4894	5.0427	8.6473	11.416
11.821	7.457	8.8832	4.8786	2.5107	3.1396	2.102	2.7275	4.0994	1.8018	4.2955	0.9466	1.3979	4.9417	2.2624	1.1631	1.6025	1.611	2.675	0.61717	1.7491	0.025925	2.959	3.7748	1.1783	0.64874	-0.5482	2.8098	3.4341	2.8817	4.2164	5.1342	10.438	10.343
10.343	7.8526	9.6848	4.5912	1.904	3.2466	3.3173	3.4091	5.1615	3.3901	3.3744	0.99531	0.8003	6.0443	1.7574	2.0645	0.46512	1.2443	1.1621	3.9792	1.5727	0.40409	0.76535	3.2126	2.1134	2.5881	-0.32242	2.4563	3.3125	2.4846	2.7776	4.6286	10.066	9.5815
12.308	6.8654	6.0764	4.8927	0.88335	4.0111	1.7309	5.6739	2.8057	1.6133	2.3333	-1.1471	3.1614	4.8839	1.9582	1.2556	1.9957	2.3897	1.2078	4.1225	3.0972	3.5482	-0.1322	2.6699	2.2329	2.2106	0.29264	2.5064	4.3591	2.5986	3.4857	3.8268	8.921	12.179
1.1396	0.14262	-0.42415	1.9432	2.5529	2.2195	0.88095	0.012846	2.346	0.39489	1.7881	1.0106	2.1455	1.791	1.3121	0.61479	3.1868	2.9148	4.133	1.3665	2.7582	0.43127	1.2991	2.8991	2.2758	2.1217	2.1699	0.95276	0.16829	2.2928	0.64285	1.4146	1.3195	2.1786
6.8852	3.6257	4.0213	3.6449	2.0278	2.3509	2.3881	2.9759	2.0589	2.7963	4.2366	1.6896	-0.26355	4.1898	0.64278	1.1338	1.4036	2.8707	2.9848	1.6522	1.8233	2.168	2.5911	3.5892	2.672	2.6999	1.052	2.4377	1.724	3.2544	2.339	2.9403	7.0689	4.9539
8.4327	6.2415	4.7108	4.5319	1.4113	3.7643	2.063	3.2786	4.3389	2.5073	3.5237	1.0316	2.002	4.5973	2.1787	1.0608	0.58571	2.207	2.72	3.178	1.222	1.7822	2.8812	3.2583	2.294	0.76901	1.2716	3.0954	0.2903	3.4133	3.9965	4.575	6.3587	10.99
12.173	7.3912	7.1333	3.9768	3.4737	4.9133	3.2594	3.6493	4.4224	1.2105	0.93168	-0.71844	0.013883	1.7515	0.67635	2.4735	0.35885	1.3385	2.7005	3.328	1.4	2.4446	1.3584	4.9464	1.379	2.8469	0.56942	2.2705	2.9123	3.28	2.046	5.8341	8.1213	12.727
11.707	7.3088	7.4911	3.7576	2.6886	2.9451	2.5497	3.4315	4.2364	1.044	2.5075	0.43697	2.5248	2.5499	-0.11574	2.0268	0.24071	1.3004	1.7649	2.5418	1.4393	1.5536	2.4832	4.0288	0.85985	2.4314	3.5462	3.5682	3.3187	4.356	4.4597	5.5048	7.9577	12.196
12.731	6.3401	8.222	5.835	1.0831	2.7075	2.0718	3.7656	3.6521	3.2115	3.416	0.77368	3.1312	3.5676	1.9771	2.362	1.8869	0.61423	0.071166	2.1444	2.4964	1.5146	1.6879	4.4818	2.3636	3.6043	1.438	3.7914	2.7011	3.0454	3.0988	4.3706	10.311	10.298
2.6101	3.7342	1.4794	1.6761	1.7201	2.0826	2.4889	1.5212	1.7293	1.2104	-0.19589	1.2915	1.3274	1.0328	1.8267	0.64179	1.7302	2.219	1.3103	1.6893	3.0115	2.4417	1.2937	2.3238	0.92352	1.5784	1.1208	1.7773	0.027057	1.6021	0.64586	0.053041	-0.12565	1.7506
5.9197	4.5482	4.2542	4.8653	-0.07339	1.5552	2.8166	0.90374	4.0462	1.6314	2.0644	-0.72043	0.62626	1.5742	1.8422	3.5441	0.53943	0.48439	2.3359	3.911	3.4021	1.3445	2.7192	3.2829	1.8673	1.0705	1.9254	2.3223	0.047271	1.4921	1.6997	2.6989	5.0204	8.2894
10.423	6.7783	5.9091	3.3431	1.0117	1.0754	3.18	2.5192	4.4563	1.9952	2.0145	1.1753	2.8637	3.2087	3.4917	1.7566	2.1352	-0.33827	2.3732	0.97068	2.807	1.9532	1.9382	3.5812	-0.33451	0.024889	0.076447	1.7443	4.2148	3.1127	0.91154	4.5802	7.5973	11.23
10.956	6.1336	8.2933	4.0414	2.3864	2.6784	3.4867	3.5717	5.5418	1.1118	2.5264	2.4448	1.1861	3.2745	3.0079	0.8289	0.36669	0.88807	3.3731	4.3136	0.7154	3.1696	2.7295	3.8289	2.7889	1.1873	1.1398	3.4602	1.2831	2.9594	3.219	3.5258	8.7273	12.268
12.397	5.7103	7.4505	6.2179	2.7222	3.1329	3.9027	3.6991	2.9145	2.8719	1.5066	-0.6751	0.90845	5.4431	3.6663	0.46928	2.9506	3.2131	3.0224	0.83273	2.8153	2.395	2.2898	3.2385	2.5489	1.0638	1.7737	4.8866	3.5315	2.1716	2.2784	4.7407	8.3672	12.792
12.812	7.6293	6.6027	6.2741	2.4161	3.0801	3.9272	4.0887	4.3884	4.1546	0.51873	1.3584	0.4795	3.7913	2.0357	1.9105	-0.64776	2.0352	2.2684	1.8633	1.9443	1.1927	1.1696	5.1943	2.1797	2.4571	3.7722	4.0305	2.4516	3.7834	1.8011	6.2883	7.9043	13.399
2.4669	2.8708	1.4086	0.72082	-0.097806	0.20437	1.586	4.2001	0.19896	-1.1574	0.54704	2.7043	0.28886	0.13788	2.401	1.2881	1.699	0.961	1.2861	2.3135	1.245	0.75571	1.9078	1.3646	0.88458	-0.11633	2.0099	1.5096	1.5122	1.9304	1.0426	2.9743	1.1201	0.042529
6.5381	6.4065	5.2352	3.6342	2.8473	1.6394	1.8702	1.0395	3.1259	1.698	3.8238	1.4043	1.9084	2.5901	0.97964	0.29338	2.3149	1.7054	1.4152	3.2825	1.5399	2.8089	1.3667	2.8318	2.3237	0.33005	1.894	3.0131	1.4333	4.5279	1.7542	3.3919	5.3409	8.5721
9.8038	5.4194	6.3463	5.6077	3.4583	1.973	2.5733	3.822	4.3482	2.6112	2.038	1.5345	1.3422	3.1423	1.4694	1.258	1.4926	2.0434	2.2578	1.6093	1.6186	-0.16953	0.45697	2.4481	2.2352	2.1776	2.394	3.0946	2.9351	3.42	2.6108	5.912	6.4028	8.5722
11.306	4.9334	8.1768	5.9708	3.4553	3.7874	4.082	3.4881	3.3902	0.9523	1.326	0.45061	2.4994	4.4466	0.02049	0.15033	1.5232	2.1706	1.3145	2.4296	1.7932	2.0362	1.966	3.8514	1.4466	4.0969	2.6891	3.7054	2.3638	3.6189	3.4268	5.1232	7.0795	11.587
14.675	8.4469	8.0634	3.5138	1.7631	2.78	1.7173	3.4083	5.5905	1.8755	3.7975	0.73627	1.6757	4.1041	1.8699	2.4862	0.97275	1.5885	1.3617	1.8596	1.9503	3.3101	1.7902	5.4537	2.2466	1.3974	1.1344	3.3567	1.5222	3.012	3.5911	5.4415	8.9763	12.376
12.947	7.2098	7.763	6.486	1.9614	3.5948	2.3826	2.7942	3.896	1.9731	3.2729	-0.22358	1.5337	2.9131	2.7415	3.7596	3.4531	4.0694	3.2712	1.1616	1.6821	1.7944	1.2894	2.8999	1.3136	0.70322	2.0375	3.2881	2.3089	2.1343	3.1289	5.3669	9.6183	13.366
4.0357	0.72904	1.2375	2.3927	0.12033	2.4352	2.1819	1.4607	1.9896	1.207	0.64119	1.3681	0.15558	1.9335	0.39127	2.7038	0.58196	3.0312	1.0554	2.8081	1.1418	1.8739	1.4793	2.3415	1.0328	-1.3009	-0.61091	3.5646	1.6342	0.044921	1.1182	0.62898	1.8022	0.27952
7.8013	4.1044	5.4631	3.6382	1.9923	2.1433	2.9347	3.2299	2.6047	2.3785	2.9615	0.51979	0.90148	2.6189	1.3264	1.4148	1.9103	-0.73541	-0.12811	1.6675	2.8318	2.5981	0.66885	1.3673	3.4465	0.78164	1.8019	2.7094	1.9224	2.5956	2.0644	3.3401	5.5247	7.6445
10.158	5.1927	6.3145	4.0342	2.3318	0.67391	2.0699	3.5155	3.0282	2.9434	3.2448	0.30537	1.7946	3.219	0.96677	3.1201	2.5562	0.79313	-0.53712	2.4952	3.1565	4.0119	3.5815	4.036	0.21678	2.5601	0.38315	3.6095	2.8133	4.3423	2.7965	4.6381	6.8849	11.609
11.661	7.7504	6.461	3.6697	1.4686	3.1824	2.5802	1.7278	3.4137	1.9943	1.4868	2.3795	1.2887	3.3299	0.95575	2.0808	1.0806	1.7336	1.9964	4.7238	2.3161	2.7065	0.16443	5.3481	0.96856	2.0136	1.448	3.9352	2.9232	3.4374	2.3824	5.7325	6.7218	11.896
10.991	7.4351	7.6842	4.893	3.2331	3.6043	2.7327	4.3458	2.8542	2.1638	2.8611	0.80686	3.0096	5.1284	2.7007	-0.41124	2.908	2.2784	1.3145	3.0167	1.8707	1.21	0.25637	4.0731	4.8951	2.2859	1.8604	4.5702	0.076555	4.1238	2.1248	2.1594	7.746	12.789
12.962	7.1945	8.1062	4.6107	3.1991	2.1865	2.6594	3.7345	5.8907	1.259	1.979	1.552	-0.087237	4.2895	1.881	1.6726	1.9227	1.5049	1.4146	2.6764	3.2368	1.7933	2.8644	2.8553	2.3674	2.9776	0.82887	3.1268	1.8329	2.729	2.3557	3.9559	8.2949	12.231
1.174	1.3927	1.8574	3.4318	2.5413	1.0774	-0.51321	3.2932	-1.3998	2.4609	2.9868	2.17	1.3637	0.13341	2.6332	1.1335	-0.18414	1.0003	1.0559	2.4404	1.353	1.1919	0.81499	2.7896	2.319	3.2646	2.5626	2.1721	1.8708	2.0292	2.3668	2.8199	1.1731	0.96535
5.8389	3.5194	4.9151	3.3288	1.3039	1.6819	1.9767	1.3186	1.5637	1.4152	0.7138	0.16331	1.6402	5.2322	2.1187	1.9756	0.843	1.0502	1.5023	2.3881	1.3573	1.6918	0.96791	1.637	3.3562	0.029309	0.91276	2.4858	2.6698	2.1795	2.6063	3.9793	5.8635	8.6033
10.748	6.8531	6.2566	3.9711	0.87065	4.2988	3.0047	2.3143	1.7689	2.1078	1.7657	-0.88824	0.90671	3.4974	2.6915	1.4779	1.2418	0.28937	0.64213	1.2544	1.7892	-0.72077	1.0756	2.7884	0.18535	1.6992	0.92651	2.4281	3.1088	2.0899	3.9998	4.4274	7.7755	10.937
9.4534	6.8751	8.0902	4.5735	2.9449	2.7758	5.2928	1.5588	2.7966	2.9231	3.0994	-0.48759	1.8047	4.4572	-0.4688	2.9203	2.0762	3.8436	1.7283	3.3425	2.776	0.74896	2.67	4.2391	3.9695	1.4996	2.306	3.034	3.0827	3.8332	4.5141	5.1103	9.2185	12.616
9.6649	6.5561	7.7157	4.1652	3.7822	3.1027	1.4486	3.4337	1.5094	1.4885	2.2499	1.2049	3.3863	4.6899	0.78528	0.46365	2.1799	1.5654	-0.40105	2.682	1.7024	2.3366	1.9204	4.3226	3.3139	1.6015	2.9802	3.8405	2.2186	2.9019	2.6741	5.9321	9.1043	11.591
12.005	6.7563	8.7794	6.931	1.0655	1.8921	2.3089	4.4762	4.9708	1.6082	2.9299	0.62266	0.69005	3.0916	1.6453	4.2707	2.1793	4.1069	0.87857	2.613	2.3652	2.2659	2.3121	3.934	1.2296	-0.26734	1.8549	2.5329	4.0677	0.0069845	2.4262	3.8725	7.5189	12.322
0.31818	1.6473	1.4141	2.2838	-0.90044	0.40335	1.0901	0.88349	1.8286	1.8709	3.4061	1.893	0.67067	2.781	1.6487	3.2916	0.5339	0.3964	1.4067	2.658	1.4974	0.55312	0.083712	1.8022	1.4564	0.27079	-0.026771	3.0298	0.837	3.456	-0.48833	2.3482	2.6063	2.8949
6.255	3.7088	5.0757	3.3928	3.2575	0.79827	1.3059	1.9371	2.0994	1.4543	1.4972	0.55393	-0.069133	3.3101	2.6667	1.5064	0.022864	1.2213	1.9796	2.4284	1.8504	2.2104	-0.027188	3.2968	2.3673	3.1013	2.373	4.2903	0.62554	2.0878	2.2765	1.6157	4.7924	6.7577
9.6758	6.7076	6.6914	5.3282	2.0534	3.3447	1.9703	2.7573	2.5555	0.46376	1.0505	-0.41086	2.2949	3.9891	1.044	2.0581	2.8156	0.33721	2.0291	1.9474	-0.25425	1.9277	1.9894	3.3549	1.2358	2.7997	0.7679	2.1801	2.8176	3.2447	3.7602	4.3986	7.2023	11.02
10.509	7.9646	6.6045	4.575	3.4334	3.4229	0.90007	3.1579	2.8602	2.2557	3.8276	1.0092	0.46437	5.5413	1.158	0.92202	2.2916	0.87367	3.0545	1.4146	3.1744	2.804	-0.085553	4.0896	1.5598	2.3156	-0.41096	2.7895	3.4969	2.6272	4.8242	4.7033	7.7115	12.06
11.274	9.309	6.9164	4.6873	3.3059	2.0748	2.7933	4.457	4.0374	0.35365	1.8861	2.0177	0.8588	4.4965	1.5133	0.87938	1.8902	2.6695	3.4899	3.3302	2.8104	1.9784	3.7105	3.5856	1.7311	2.9929	0.66283	3.6982	3.5663	3.3362	3.5121	6.0155	9.4092	13.624
11.983	7.4522	7.0173	4.3051	1.1313	5.8294	2.4241	3.4984	2.3521	1.5016	2.6692	1.1847	3.1605	2.677	2.5092	1.8945	3.0324	2.5403	2.2624	3.4915	0.75582	0.84593	2.1387	3.4938	2.1267	0.93327	3.2173	3.6833	3.146	2.9617	3.0179	4.0854	7.1529	14.248
0.204	0.7707	3.6574	1.318	1.2366	2.1259	2.1888	0.58939	1.8135	0.25854	1.3518	1.625	2.308	1.7407	1.5235	2.9575	3.8349	0.98868	0.56231	1.658	-1.2282	0.88768	3.1894	1.4028	0.90742	1.4429	3.2085	3.2847	2.3252	1.1442	2.1199	2.308	2.4577	2.5942
6.1116	4.781	5.0122	5.0633	1.1454	2.6133	2.4012	3.002	2.9216	2.9363	0.48098	0.76555	0.77728	4.3078	2.6783	2.6826	0.79332	1.8429	2.0755	2.1547	3.1468	0.42518	-0.048326	3.069	2.4807	1.5346	1.5696	2.5053	2.176	1.8457	1.8369	4.3673	5.087	6.4421
7.8559	4.9651	7.7716	5.0373	2.3629	4.5627	3.7563	1.6591	3.4752	1.8023	1.2552	2.2734	2.6543	5.0916	0.92308	3.9016	1.5236	1.2851	2.9439	2.343	1.731	1.9533	2.2902	2.5625	2.1809	2.864	1.6191	4.5668	3.9274	1.7216	3.2191	3.5237	6.7716	8.7043
10.673	5.9657	7.8929	4.7231	3.4509	0.37607	4.467	3.9083	4.8175	2.2463	3.6023	1.8621	1.0387	4.4689	2.1778	1.4684	1.9058	2.5866	2.8935	2.4808	2.692	2.6007	2.2801	3.1435	3.5766	3.7065	-0.16523	2.325	3.8738	2.6099	3.2662	4.904	7.0789	10.196
12.194	6.1802	9.7095	6.5015	2.3887	2.8201	3.0378	3.2244	4.6574	1.5302	1.9191	0.50002	1.8336	2.6495	2.1868	1.5868	1.6019	1.0093	1.9016	2.4606	2.3894	1.3518	2.9533	3.8423	1.4943	1.4058	-0.14011	3.3257	2.6839	3.4693	2.205	4.7984	7.9141	12.776
11.025	6.1172	8.9082	4.8905	0.25515	2.9211	1.7093	5.6212	4.0281	3.392	2.2054	-0.42221	3.576	5.4981	0.17037	-0.91618	1.6908	3.3445	0.35859	4.1347	2.2269	1.4646	1.4695	4.374	3.2424	3.3913	2.4254	3.6072	3.4044	3.0265	3.1489	4.644	7.6561	11.742
2.1746	2.0425	-0.10415	1.6974	2.5106	1.9166	1.5275	1.2474	1.8574	0.98604	1.7979	0.78125	4.0915	1.5522	1.8711	1.0175	1.6506	0.16344	0.59569	2.8815	2.1922	1.1261	0.070369	1.2333	1.656	1.8711	1.0751	0.27933	2.4527	2.9734	2.0091	1.0637	0.44706	0.32621
7.9589	3.477	4.573	1.8783	1.8051	1.2936	3.5771	3.0672	2.9958	2.6674	3.0674	1.4813	1.2082	3.252	3.3401	1.655	2.4582	1.9328	1.3482	1.7937	1.8718	-0.57278	0.83231	2.7853	2.3305	3.2138	0.64556	2.3335	3.4537	5.4239	3.9569	2.6413	6.7248	7.3121
10.962	6.6407	7.5935	4.6943	1.6464	3.1978	2.5176	3.2386	3.2272	2.8233	2.2917	-0.10121	1.6492	5.1256	0.51259	1.7144	-1.3412	0.19443	2.2729	3.2105	-0.069862	0.43904	1.1657	2.8588	1.9139	3.0949	1.0318	2.5799	2.2009	2.0849	3.6321	3.0096	7.3049	10.176
12.052	7.3735	7.7787	3.1733	0.14835	0.61338	3.198	2.2633	5.2874	1.2237	2.0056	0.55573	2.7515	4.5928	1.1344	1.1115	1.4395	1.0267	1.1975	2.0331	2.4235	1.334	1.441	2.2858	2.0784	1.2849	1.1524	3.9651	3.7667	2.2013	5.272	4.1042	7.2851	10.141
10.837	7.8759	10.094	3.804	2.6926	3.0143	1.9332	4.3186	5.5168	2.2153	1.4709	0.80535	2.3403	0.61501	0.78433	0.50912	1.2192	0.70056	0.23793	1.9588	1.4506	2.1023	1.5854	3.3445	0.89954	4.1898	1.5361	3.7695	3.6795	2.1236	2.7432	3.8081	9.8956	12.058
10.867	6.9295	7.9243	5.8147	2.5944	3.3815	4.4491	1.2599	4.4459	1.9291	2.9337	0.2637	1.5105	2.7355	2.9438	1.4021	1.0143	3.3366	3.1379	2.5806	2.005	0.94347	2.0679	3.4178	3.442	0.86397	0.58388	5.1286	3.5949	2.246	3.6679	4.7663	9.4789	11.172
1.5638	2.2765	0.39905	2.0736	1.7387	1.7909	1.5382	-0.88564	0.057499	3.2789	-0.76409	0.67725	0.80221	0.7119	0.53886	3.3471	1.7752	1.6968	1.5217	1.7781	2.2164	0.33931	3.6181	2.761	1.2399	1.7067	1.2801	2.8838	2.2649	1.3241	1.6598	2.9596	1.9488	0.98318
6.5608	6.3821	5.5998	2.4688	0.75073	2.7296	1.7175	1.0468	1.717	0.46137	0.65688	0.77291	0.56797	1.7692	2.1861	0.52454	1.9674	2.017	2.7584	1.5473	2.1096	0.47246	0.75291	3.8	2.2068	3.4083	1.6192	2.6526	1.7616	2.6872	2.768	2.9422	5.1128	8.5499
11.308	6.0155	5.8739	3.8134	1.3811	1.9165	0.92936	4.3216	4.0205	0.065921	2.8549	0.38486	-0.7037	3.9994	0.006035	1.6604	1.1452	0.28245	2.2068	1.0112	1.2151	2.4797	1.04	3.999	2.7978	0.56908	2.3487	1.0359	2.9229	2.9966	2.0348	5.1239	8.2193	9.8034
12.383	6.3937	7.5677	4.8663	1.3358	3.3845	2.1206	4.2893	3.8816	2.0535	2.7033	-0.42045	1.5144	4.3425	-0.07256	0.59492	1.472	0.79803	0.48849	3.4054	1.2234	2.0202	3.5245	5.0319	1.9291	1.872	1.1117	3.019	3.5891	1.766	3.236	5.0459	7.7232	10.828
11.594	8.6074	8.9156	5.0055	4.106	2.5339	1.872	2.1772	3.4908	0.81409	1.0436	1.6565	0.51937	3.6441	2.7907	2.9588	-0.17714	2.1256	1.8646	2.2265	0.73566	1.916	4.2681	4.0317	2.4073	1.884	3.245	2.4718	2.1403	4.7016	3.1248	6.0851	7.9386	13.543
11.284	4.4394	8.2833	3.1503	1.5285	1.2841	2.4474	3.3009	4.5017	1.2125	2.8868	0.00097628	1.5097	5.5686	2.4053	2.5988	0.36991	1.6853	2.4918	2.7246	2.9151	2.5667	1.0819	3.4422	1.8363	2.462	1.3438	5.6712	1.3375	4.1799	3.1107	4.8048	8.2704	13.294
2.397	1.4745	1.4904	0.052827	1.7012	1.2831	1.8506	0.8694	0.63477	1.8633	1.6715	2.4889	3.8962	1.178	1.9001	1.8557	1.3469	2.0075	0.83126	2.1414	1.2504	2.4195	-0.21922	2.2848	3.0071	2.3146	1.8969	1.5315	2.0452	0.78938	1.37	1.3309	1.1937	2.3801
6.7982	7.0992	4.766	1.46	1.1425	1.6844	3.1347	2.7777	3.4969	0.28149	0.62635	0.71832	1.5327	2.8596	2.6002	1.6133	1.3068	2.6719	0.90091	2.2062	1.9158	0.9683	2.1565	2.1504	1.0522	1.6579	1.0084	2.7786	2.1806	2.2613	2.3656	3.1627	6.2617	8.1219
9.8457	5.5225	6.5891	4.1157	3.1032	1.6424	2.831	5.1856	2.2769	2.7673	2.047	0.65185	3.1315	3.2317	1.7927	3.2141	0.3834	0.74194	2.0315	2.4793	2.6972	-0.032444	1.0309	2.7357	3.413	2.5646	3.2822	3.303	2.7952	2.4241	3.1282	2.9806	8.4947	9.5245
10.527	6.0227	7.4036	2.8856	2.2723	3.339	2.923	2.4539	1.7299	2.1806	3.8618	2.2266	0.58021	3.314	1.9177	2.3593	0.28249	0.76497	0.73484	2.9657	0.5987	0.28836	1.7042	4.3648	3.2444	4.4038	1.1582	3.0232	2.5012	3.0407	4.6405	6.6138	6.3952	10.891
11.629	5.6129	5.0369	5.4881	2.4043	2.9505	3.2872	5.3869	4.1101	3.2123	1.8295	1.1846	3.0003	4.3995	0.92889	1.8016	2.09	2.2261	1.1202	3.2228	0.66052	2.6747	1.7053	3.3743	3.7266	3.8354	2.5927	1.4072	1.7422	2.5482	3.0638	3.3188	8.2771	12.85
12.851	7.7429	8.3688	3.8573	3.2937	2.6898	5.5989	3.019	3.3932	1.4922	1.0038	0.51962	0.066831	3.008	1.8254	1.9531	1.621	1.6647	3.141	2.1259	1.6365	2.2578	2.1389	2.9719	2.5622	4.0368	1.3223	5.3717	3.1035	2.5111	3.4799	4.6924	7.4412	12.337
2.5267	-0.40437	2.0996	0.2835	2.2661	0.91164	1.3831	0.57677	3.3653	1.9287	2.0225	0.25111	1.3891	1.188	0.11768	3.1106	2.4991	1.6841	1.2558	1.408	1.747	-0.24111	-0.28877	0.64819	3.2784	2.1645	2.465	2.223	2.0308	2.0895	-0.53892	1.1505	2.3071	1.0182
8.4458	3.6836	3.5419	5.0377	2.708	3.891	2.2117	3.0008	4.4768	0.25839	1.4693	0.40342	1.8785	3.8445	0.57299	2.0886	1.7688	0.73808	2.0587	2.5272	0.5353	1.0182	1.6279	2.1874	1.9109	1.212	2.6121	1.7474	2.1536	2.2323	2.5484	3.3734	7.0172	9.5397
8.9598	6.4654	5.1416	6.3489	0.018019	3.7883	4.1407	3.7331	3.2248	1.8592	1.832	1.307	2.2741	4.6371	1.1816	1.9755	0.17935	0.74996	1.2217	2.7307	0.8854	1.5643	1.2146	2.1426	1.9581	2.482	1.4348	2.7288	2.0853	2.9202	3.0967	2.7513	6.7825	9.6553
11.186	6.5371	8.0919	3.7845	2.4879	2.6176	2.877	3.5866	3.2008	2.8533	2.6928	1.7584	1.5781	2.2344	1.8908	2.3382	-0.7992	2.1949	0.2274	1.0549	2.2782	1.8403	0.25236	3.0787	1.7803	2.9022	1.3079	4.7466	2.4552	2.7546	2.6569	5.3506	9.193	10.814
10.514	7.4433	6.3115	4.7471	3.2908	2.9828	2.2161	1.9612	4.0941	1.1304	2.2751	0.96409	0.64647	4.7396	3.3966	1.7016	1.598	3.3343	1.3223	3.8096	2.1051	1.7035	1.6482	4.4821	2.7069	3.3126	1.105	3.3974	2.3533	3.0446	3.797	4.6978	9.264	11.528
12.095	7.0676	6.2885	6.8245	2.7012	4.4504	3.8671	2.7892	4.0555	1.8871	1.9717	0.42618	0.52414	3.9393	2.1895	0.82716	1.2513	1.4403	1.253	1.6574	2.368	0.95234	0.76468	6.1785	1.861	3.0633	1.4887	3.4608	1.2368	3.4409	3.1922	4.5851	9.2672	9.8716
1.3303	2.4475	2.6377	1.3766	2.8888	3.2984	0.91353	0.23276	2.8932	3.2203	0.73116	1.4184	0.93944	1.9675	1.5772	2.3062	2.145	2.5488	2.143	3.6012	2.1445	2.9432	4.3967	0.96661	1.6215	0.76596	0.80673	1.2412	2.132	0.75263	0.84115	2.8656	2.1892	1.9246
8.4186	3.2945	4.5265	5.1659	4.1875	3.3663	2.398	1.8586	2.6478	0.82045	1.1817	1.5825	0.57113	3.219	1.9945	0.11132	2.3267	2.9007	1.2318	1.4715	2.5991	1.1779	1.6345	3.4276	1.6362	0.51015	-0.48368	0.92383	3.2228	3.7235	1.2324	3.9587	6.3117	8.6193
10.94	6.1747	8.0589	5.0847	3.456	2.3244	3.5057	2.2412	5.0067	0.59518	1.1644	0.48138	1.0785	3.5266	2.8596	1.0657	1.2216	2.7371	2.7707	2.2377	-0.042784	0.76966	1.6063	5.2849	1.8664	0.70903	1.2724	2.212	2.4704	3.4489	3.894	5.8995	7.7577	10.864
11.66	5.001	6.2429	4.69	1.1677	2.2439	3.6282	3.7347	5.3932	2.6967	1.6797	2.3529	0.75409	4.1769	2.3321	2.8478	1.5997	3.2527	-0.26573	3.6969	1.9104	-0.20515	1.5396	3.7981	0.06206	1.6586	1.913	2.2728	1.9741	0.31935	2.3826	5.8869	7.6411	10.327
10.998	7.6162	7.2318	4.4432	1.504	3.6583	1.3013	4.4418	6.8267	1.7679	4.0927	0.55126	2.972	4.9454	1.8576	1.1134	0.7505	2.1288	2.197	1.3154	2.1673	0.50167	1.6828	3.5718	2.0099	2.7786	0.90623	3.3085	3.2602	2.5143	3.5353	4.1943	10.254	10.802
11.239	6.6367	8.2209	6.5596	2.2335	2.0794	0.58039	3.2308	3.9911	0.70387	2.5023	1.8172	2.0123	5.1255	1.3791	2.0875	2.6853	0.1712	1.2852	3.1658	0.11269	4.5447	3.0317	4.2216	0.56476	3.8502	1.0323	3.4358	3.8331	3.8658	3.5982	4.5585	7.8954	13.14
-0.2182	2.059	1.9395	2.0715	0.49766	0.18925	0.38511	1.9836	0.78201	0.40385	0.8755	2.0876	1.7785	0.95672	1.8408	1.5698	1.126	0.57011	1.968	1.9564	1.0945	0.59194	-0.24412	1.4759	1.4972	1.044	0.99205	1.7189	2.3942	2.1569	2.2011	2.6232	1.4176	0.62633
6.7905	3.8675	5.4684	2.6114	1.6526	1.7561	3.6932	3.2252	4.5942	1.8315	1.7022	0.99206	0.68386	1.7596	-0.20778	1.9524	0.66064	1.3604	1.4556	2.508	2.454	2.9232	0.67071	1.8832	2.4324	2.5975	1.4767	3.2445	2.6639	0.85056	3.2165	2.8072	5.1649	8.5335
8.2707	6.2016	6.9296	4.5782	3.2982	3.52	2.7717	3.1857	3.0342	1.9041	2.3499	0.82743	1.9065	3.431	1.705	2.1602	0.87109	0.20552	3.2626	1.6676	0.10969	1.1091	2.6626	3.5648	1.3034	0.78502	0.76701	2.5836	2.6334	4.59	1.699	4.0671	8.4739	9.0789
11.905	7.5837	7.2731	3.7252	1.7025	2.9415	2.6198	3.0446	2.3293	1.3936	2.5222	1.785	2.0162	5.2103	2.6969	1.2797	3.2291	1.2084	1.3332	3.0385	1.7838	2.7444	2.2187	3.1979	2.8489	3.5182	0.3912	3.3725	1.9626	3.0281	4.6073	4.1028	9.5386	12.006
12.383	4.8364	7.2531	4.9327	2.024	3.1296	2.7248	2.8898	4.3891	2.0135	2.6332	-0.88705	0.78918	4.6793	1.5663	-0.32037	1.9624	3.043	1.4724	1.6846	1.2138	1.1702	1.5994	2.8439	2.6602	2.3371	3.2073	2.3668	2.7287	1.6718	4.0046	5.1484	10.032	11.054
11.841	5.0726	8.4537	6.3932	2.1174	4.0572	3.9691	2.3188	4.8689	2.3663	3.4371	0.95299	0.55132	4.7926	2.389	2.837	1.8967	1.0042	2.2858	2.9971	2.5175	1.0723	3.165	4.1257	2.2799	3.5404	1.1207	2.296	3.752	2.7959	2.5307	5.8846	10.313	11.721
0.68995	-0.39603	0.78702	1.558	2.6292	1.6652	2.292	1.4889	0.64437	0.94907	1.3621	1.7143	-0.38263	0.77558	1.9448	0.67011	1.7078	2.0939	2.9099	0.85066	0.19571	1.9632	1.8103	2.8082	3.3475	1.9697	2.3947	1.1488	1.8483	0.38389	0.54274	1.1076	-0.24347	0.65899
7.2895	5.2881	5.3001	2.3385	3.1177	1.1127	2.913	2.7185	2.4582	1.3022	2.335	1.4846	2.3927	2.1148	2.2533	1.7528	1.8121	1.9703	0.49125	2.2203	0.37059	1.7448	2.6681	3.5302	2.6296	1.1578	0.43356	3.2119	2.8713	3.8125	2.0732	2.8752	5.8903	8.7934
11.467	6.3052	7.7797	4.4772	2.0698	3.4913	0.62558	2.8963	2.3696	0.98369	1.562	0.094763	0.61392	5.849	1.2418	2.6312	1.8807	3.5673	-0.90337	1.6027	2.9685	2.3782	1.7508	3.5404	2.0369	1.0993	3.5947	3.0912	2.3519	0.63066	2.5199	5.1673	7.5356	11.124
12.368	5.8427	5.2374	3.8841	1.9802	3.3042	2.678	3.546	5.8535	3.1036	0.4238	-0.47214	1.7381	4.0562	3.452	0.67127	1.4546	1.505	1.5945	3.0061	2.2404	1.2382	3.5777	4.5283	2.8861	-0.10005	1.6579	3.4276	3.1288	2.264	4.2832	6.2944	7.7602	11.722
11.061	8.323	9.6314	6.7952	3.2708	2.8194	2.9358	3.4826	4.499	0.51265	1.7598	-1.7124	1.8076	4.2927	2.2012	3.0508	3.1833	2.4228	2.055	2.1761	3.1662	2.3307	2.636	5.0345	2.8937	2.1578	2.8338	2.5231	1.9778	3.564	4.4504	5.6981	8.9433	13.334
11.886	7.0815	7.3395	3.0648	3.08	2.5308	2.087	4.1537	3.8195	3.4186	3.7726	1.4679	1.8314	4.1211	1.9571	2.5536	1.2448	0.5568	3.3399	1.8481	2.6801	1.0864	2.4687	3.8723	3.9567	2.1537	2.4513	2.5911	1.4337	3.9654	3.6919	3.443	8.6035	11.311
0.067216	-0.26489	2.7203	0.88906	1.5369	1.0081	1.2519	0.611	1.645	0.58439	1.6018	3.0137	1.1805	1.798	-0.014787	1.4828	0.34535	0.12406	1.0557	-0.50686	2.2407	2.3677	0.58318	0.95962	0.11185	1.3664	1.7541	2.1489	-0.68769	0.020719	2.1496	1.436	0.10745	-0.62327
7.5373	3.3407	6.5084	4.0813	4.9914	2.2342	1.5236	2.2725	3.716	1.4273	3.051	0.78305	1.4131	2.7671	1.2529	1.1551	0.8491	1.6859	1.5896	2.6035	1.7315	2.2221	1.1025	3.4629	2.5712	2.8464	1.9085	2.8591	2.834	3.8093	2.445	3.6212	4.711	7.8098
10.576	4.4691	5.243	3.3926	2.1107	1.8345	3.4489	3.2663	2.7065	2.5958	2.7852	3.3987	1.3666	2.8058	0.20689	2.8827	2.5453	2.124	2.342	4.1926	0.39156	1.9698	2.0729	3.4735	2.2704	2.1029	0.99659	1.5767	2.7347	1.4814	4.3274	4.2617	6.5304	10.292
11.901	7.4773	7.6675	4.6327	2.5828	2.3029	2.2216	2.9311	4.3625	2.4752	1.6806	0.31158	3.0594	4.6835	1.4613	2.2048	2.2083	1.2392	1.1384	2.0499	1.7654	0.68116	2.052	5.6759	1.2815	2.9113	1.763	1.631	3.2571	2.2129	4.5155	4.0464	7.4708	11.551
9.9678	6.2123	11.293	5.4433	2.2312	1.4131	4.1954	3.7093	3.817	1.4402	4.2408	-0.38003	0.57539	5.7765	0.56384	2.3287	2.6338	2.0353	0.78156	4.1111	2.0074	0.12041	0.37124	2.6534	0.58609	3.0385	2.5256	4.2493	3.1648	2.8391	2.155	2.9866	8.6163	11.1
12.217	5.7671	7.7564	6.1211	2.964	2.4206	2.8932	1.7062	6.0182	2.6894	3.2255	0.779	1.537	4.5836	1.7478	4.5059	1.2655	1.1091	1.5828	2.5167	2.3214	1.1852	2.0903	2.5177	1.3818	2.5756	1.1449	3.2512	0.84493	4.0683	4.3139	6.0216	9.1108	12.967
0.28363	0.62106	2.1586	0.50443	1.1694	0.56356	1.9053	1.9909	1.4383	0.76651	2.809	1.4985	2.0913	0.92729	1.9894	2.5261	1.2079	2.0246	-0.19417	0.87441	0.80704	1.7742	2.0806	0.31107	1.4858	0.23039	0.48781	1.8193	1.3882	2.1457	2.3301	2.2474	0.20886	1.8404
6.699	3.5611	5.4347	3.0621	2.954	2.6967	4.3164	2.9592	1.8169	3.115	1.1181	1.7086	1.7619	3.1275	1.2104	2.9208	-0.63075	0.81996	2.1068	2.2144	1.7429	0.058982	-0.11206	2.9043	2.2474	2.2593	1.1316	2.9585	3.8659	2.3915	2.4325	3.8606	4.0563	6.2739
10.581	6.7426	8.052	3.6998	3.9861	4.0291	2.6086	3.0622	3.6769	2.9129	1.5396	1.0661	0.47358	4.8657	3.3789	1.7135	2.2712	1.9111	0.67522	2.0467	3.4483	2.2001	0.57987	3.4228	2.73	1.5949	2.2835	2.8583	3.2549	3.7345	3.9624	3.7329	6.5203	10.313
11.275	7.0196	8.6141	4.4808	2.3545	3.8245	4.2716	2.9686	4.6022	1.7988	2.9264	0.16143	2.4611	5.9724	3.154	3.594	1.3029	2.0861	0.2168	3.3005	1.2278	3.3562	3.2409	3.5666	1.8612	0.73587	0.62921	3.367	2.3545	2.5349	2.8929	3.2266	9.0221	12.754
11.323	7.1254	6.895	5.1493	2.2562	3.9355	1.8117	3.0012	6.4072	2.2015	3.5281	-0.60196	-0.98598	2.9311	3.2202	1.7137	1.5107	3.2017	1.8602	1.8135	1.9103	1.3021	1.2601	4.8836	2.0094	3.2373	0.60538	3.7099	2.1167	4.7502	2.8757	5.3113	9.6345	11.961
12.313	7.3592	7.5388	4.241	1.7875	3.6108	4.7562	1.7778	4.4103	2.7864	2.326	0.33421	1.2444	4.5127	2.4075	0.82272	2.4901	0.67544	2.2935	2.8311	1.9936	1.6411	0.68457	3.8577	2.946	4.7451	1.3845	1.6657	2.2539	3.314	4.0509	3.9472	7.4988	14.298
3.5674	1.4336	1.6164	1.9521	0.92353	1.9213	-0.077314	2.5308	1.6631	1.2869	2.7229	0.20952	3.3575	0.80208	2.228	1.5527	0.78803	1.71	1.4078	1.509	0.91953	0.94203	1.486	2.0222	2.1101	0.94775	0.97209	1.9721	1.8784	-0.2413	1.0667	0.8506	1.6032	1.9305
6.7101	3.4621	4.8744	3.5905	0.1054	2.8863	2.0121	3.0941	4.0494	2.1536	1.5699	1.828	2.1236	3.4582	0.9008	-0.11337	1.6278	-0.17216	2.1604	2.1091	2.0633	1.6704	2.9529	4.4821	2.9612	1.9254	2.1006	2.5233	2.2355	1.5118	2.4583	4.4061	5.1177	7.4595
8.5387	6.4271	9.2474	3.6858	2.0414	1.8405	2.2279	1.9606	4.2547	2.3925	2.7783	0.87114	2.4581	3.9555	1.8275	2.9697	0.61417	1.7995	2.4761	2.6877	1.9599	0.85499	2.1784	4.6819	0.13818	3.3354	2.6291	3.3606	1.473	1.8891	4.1602	5.0912	6.6134	9.0957
9.8504	5.7174	7.9327	4.8701	1.361	3.6172	1.6307	1.8383	3.2654	2.1345	2.2344	-0.91674	1.6137	3.5787	0.64401	0.58832	0.88096	2.5229	2.458	2.163	-0.59129	2.796	-0.46414	3.336	0.96697	0.085074	0.55882	3.4561	2.0668	1.9573	2.8067	4.223	8.6817	11.567
10.556	5.7492	8.2671	5.7652	3.5689	1.6868	1.5762	3.0466	4.138	0.37043	3.4033	1.2909	1.35	2.5211	2.0392	2.0833	1.9971	0.7035	1.595	1.1867	4.0223	2.5495	1.2555	6.1755	2.5265	0.35104	-0.24391	1.9975	2.3077	3.8428	3.6679	5.0996	7.372	12.65
11.04	5.8684	7.1348	5.8536	2.5019	3.5515	3.5789	4.1626	3.7097	1.4687	2.0178	8.0464e-05	2.4383	3.1815	2.9564	2.7294	1.265	1.5805	2.0809	3.0371	3.1921	2.0218	0.22572	4.9856	3.3224	2.0569	0.1063	3.4133	3.7179	2.016	4.2463	4.1483	7.5394	14.158
2.4877	2.5692	0.41768	1.8981	1.631	0.97822	0.01464	2.8211	1.7968	-0.6553	1.48	2.411	4.0427	0.95016	0.42849	2.3127	0.29311	3.0176	0.76556	0.50658	2.9631	0.82768	0.49859	1.5015	0.62889	3.0203	0.51212	0.31238	2.3093	1.8502	0.74638	0.85507	0.86847	0.27831
5.3422	5.5675	5.8866	3.1805	3.3248	1.4337	0.93155	3.2227	4.4185	1.1156	0.41188	0.96916	1.3399	2.7725	1.3674	2.0604	0.99579	3.3283	3.0081	3.1793	2.5158	3.0533	-0.47813	1.6863	1.5635	5.4023	0.29326	1.9712	2.249	2.3926	2.7366	3.1595	3.2421	7.2007
10.185	4.2031	6.5711	3.5792	0.38097	2.2571	3.7947	3.9054	3.7422	0.87518	2.4604	1.1355	3.0994	5.015	0.23505	0.87734	4.383	1.7205	0.95253	2.1252	1.389	-0.53149	2.3131	5.1884	1.6167	5.3594	1.5292	2.9777	1.0719	2.1438	2.9444	2.921	6.7224	10.338
10.267	6.4223	8.1632	4.837	2.6022	1.55	2.8389	5.105	5.1988	1.6517	2.3638	0.12391	1.1666	3.5935	2.3744	1.728	1.9655	3.242	0.60498	3.4616	0.58002	2.0746	2.7753	3.6985	2.1213	3.2512	1.2374	4.0758	2.7496	3.2142	3.7972	6.4711	7.0485	11.836
12.617	7.0862	7.0053	4.3231	1.2696	2.9339	3.2922	1.7409	3.6064	2.1629	2.8565	1.4392	1.3002	4.7084	3.0307	2.7358	1.6961	1.6189	1.1698	4.3946	1.3341	2.4366	2.6375	3.8372	1.7931	2.9234	3.2752	3.6946	3.3702	2.487	3.7023	5.2493	6.9726	12.465
10.864	6.3375	8.8712	4.532	1.7096	4.0586	2.0447	3.9564	4.5287	2.6323	2.6916	0.98409	2.3932	5.3047	2.9578	1.0528	1.0788	0.91429	1.1187	2.3615	2.3184	1.8291	2.8112	4.0414	3.0309	1.7342	2.4188	3.5442	2.427	5.075	3.513	4.0535	8.0264	13.744
