0.87404 0.899257 0.836945 0.873196 0.968509 0.879245 0.87219 0.859515 0.840907 0.843764 0.823863 0.84008 0.838446 0.836002 0.921864 0.886635 0.877463 0.92816 0.843156 0.808742 0.806425 0.910132 0.834105 0.89152 0.879428 0.868185 0.973317 0.887728 0.886907 0.869592 0.914305 0.783854 0.787374 0.901408 0.944638 0.7829 0.85049 0.820835 0.784775 0.882277 
0.284166 0.313068 0.364787 0.367643 0.398163 0.319625 0.321094 0.313665 0.323308 0.301058 0.316488 0.325032 0.303965 0.327743 0.292771 0.320728 0.291121 0.36165 0.350051 0.34847 0.352262 0.399872 0.360544 0.36204 0.325418 0.359066 0.356141 0.288388 0.326353 0.321204 0.373417 0.32302 0.264798 0.313696 0.370793 0.314528 0.37443 0.305167 0.266139 0.320728 
1.1486 1.23327 1.09932 1.09003 1.04318 1.03097 1.11762 1.08973 1.03962 1.12187 1.05877 1.27468 1.19986 1.03677 1.21691 1.15782 1.20854 1.25834 1.27253 1.08551 1.07906 0.966534 1.15221 1.21709 1.21854 1.11266 1.07177 1.16503 1.04929 1.1046 1.01955 1.28326 1.24437 1.20673 1.18666 1.20187 1.05273 1.33646 1.20513 1.24824 
0.658598 0.755641 0.714994 0.714241 0.827115 0.758463 0.763529 0.715991 0.802976 0.745851 0.705916 0.743103 0.716673 0.718082 0.789702 0.762642 0.671204 0.755828 0.829087 0.785645 0.686455 0.725657 0.75926 0.755923 0.761656 0.765897 0.845479 0.718616 0.802863 0.709807 0.788062 0.657199 0.715444 0.82801 0.793231 0.814615 0.718966 0.765703 0.750067 0.764051 
0.546933 0.575147 0.676563 0.64146 0.533883 0.634609 0.629024 0.587342 0.610504 0.593686 0.555529 0.558747 0.549884 0.558942 0.581518 0.607134 0.510681 0.534911 0.624517 0.581023 0.684474 0.540448 0.592536 0.641048 0.652767 0.626747 0.631476 0.630685 0.548355 0.67023 0.59722 0.660693 0.540854 0.593921 0.534398 0.586901 0.597625 0.603154 0.475296 0.552638 
0.277559 0.410489 0.351322 0.298522 0.431037 0.357561 0.353007 0.354891 0.282418 0.342095 0.354499 0.312162 0.350395 0.309742 0.289559 0.355399 0.355574 0.298469 0.285884 0.369256 0.411844 0.414242 0.301653 0.313849 0.41473 0.421757 0.366048 0.367826 0.417156 0.345932 0.36379 0.275882 0.270144 0.361121 0.359938 0.374564 0.344988 0.355516 0.306261 0.357992 
0.833495 0.808337 0.798728 0.751648 0.80765 0.693453 0.746825 0.789352 0.719662 0.758038 0.677608 0.729537 0.634789 0.75372 0.714707 0.76115 0.815553 0.762112 0.726693 0.727365 0.678706 0.766181 0.725436 0.76619 0.746758 0.775051 0.789653 0.793628 0.776334 0.750688 0.712226 0.671186 0.714912 0.756881 0.709031 0.749241 0.724189 0.834716 0.717022 0.630746 
0.568653 0.700994 0.570388 0.61819 0.61945 0.571317 0.557196 0.566952 0.556291 0.573249 0.569921 0.558454 0.586181 0.600031 0.601983 0.594277 0.608473 0.623996 0.602125 0.639878 0.646003 0.560495 0.577121 0.6011 0.568922 0.604364 0.638408 0.573259 0.564473 0.519541 0.686311 0.664415 0.668657 0.709455 0.549116 0.633968 0.542327 0.658291 0.634421 0.592781 
0.226975 0.16153 0.15923 0.199754 0.235096 0.189492 0.167542 0.161803 0.171194 0.160695 0.200111 0.20151 0.189391 0.200375 0.190248 0.226313 0.201351 0.189255 0.19891 0.16706 0.206343 0.169175 0.196158 0.167922 0.169908 0.168841 0.166675 0.16738 0.200467 0.169072 0.200278 0.16402 0.160136 0.169607 0.166953 0.193779 0.204192 0.213654 0.212659 0.200072 
0.977996 1.0772 1.02042 1.06121 1.01415 1.02453 1.08903 1.02025 0.944313 1.0503 1.14917 1.03304 1.02749 0.929663 0.955998 1.01765 1.09521 1.04803 1.00899 1.05027 1.09682 1.01125 1.07187 0.952023 0.971207 0.942266 0.983248 0.976184 0.954268 1.09861 1.02128 1.12203 1.05456 1.02416 0.999832 0.976031 0.997827 1.01409 1.07919 1.02827 
0.595719 0.58313 0.703868 0.673012 0.747442 0.669267 0.605373 0.683735 0.705094 0.699519 0.709414 0.631534 0.678149 0.725858 0.684737 0.643493 0.665723 0.815042 0.722357 0.768502 0.700596 0.704752 0.730494 0.781115 0.648257 0.724429 0.666318 0.66926 0.767239 0.643477 0.617825 0.79141 0.666886 0.719203 0.710936 0.777118 0.793097 0.655944 0.673691 0.564623 
0.0555914 0.0769445 0.0828826 0.0850252 0.0819969 0.0471163 0.0443095 0.0476778 0.0520941 0.078447 0.0793352 0.0840209 0.0797374 0.0515707 0.0490023 0.0457306 0.0504035 0.0489726 0.0527137 0.0541932 0.0487755 0.0564135 0.052406 0.0550957 0.080958 0.0523937 0.0525447 0.0777515 0.0497109 0.0502565 0.0491799 0.0476931 0.0820812 0.0499096 0.0508414 0.0505363 0.047187 0.0500471 0.0496849 0.050125 
0.648802 0.581522 0.649638 0.651296 0.660972 0.650902 0.583335 0.655006 0.599921 0.585843 0.608915 0.548233 0.56365 0.602299 0.551154 0.528612 0.605821 0.656898 0.648703 0.702712 0.60453 0.659583 0.663441 0.708857 0.672296 0.72553 0.601367 0.572957 0.515416 0.596878 0.652396 0.656537 0.644802 0.589441 0.649275 0.587906 0.67957 0.591988 0.745495 0.676262 
1.17122 1.32451 1.26112 1.33176 1.31126 1.26031 1.24368 1.21853 1.25762 1.2477 1.3011 1.26429 1.22382 1.27301 1.08395 1.25704 1.25266 1.21233 1.32431 1.2027 1.22242 1.2771 1.41914 1.344 1.2033 1.19725 1.29776 1.2767 1.38325 1.05141 1.42536 1.21108 1.1549 1.37257 1.28006 1.1743 1.14383 1.1723 1.32501 1.26439 
0.342592 0.391751 0.355991 0.401011 0.397713 0.367543 0.363312 0.393029 0.387692 0.410494 0.36574 0.3561 0.324401 0.343547 0.34322 0.361543 0.370108 0.317777 0.397324 0.330548 0.353301 0.443576 0.366975 0.429312 0.394216 0.361459 0.364042 0.355097 0.326994 0.395248 0.406535 0.47351 0.38707 0.346578 0.461608 0.427073 0.343833 0.350627 0.365236 0.338237 
0.227716 0.226071 0.226403 0.269712 0.263188 0.183137 0.230722 0.225325 0.184486 0.229805 0.186566 0.197767 0.189418 0.225026 0.229362 0.25464 0.223267 0.184671 0.230327 0.200519 0.188562 0.226121 0.261404 0.260549 0.226962 0.222393 0.180021 0.264732 0.228037 0.256833 0.196816 0.255031 0.195026 0.262508 0.273669 0.189788 0.202218 0.187786 0.17683 0.228499 
0.0649873 0.100033 0.0996049 0.102582 0.0702185 0.0633498 0.0676822 0.0681127 0.0996675 0.0978355 0.09643 0.102172 0.0945138 0.0683081 0.0746462 0.0707157 0.0676447 0.0612879 0.100365 0.0978086 0.0687444 0.0700725 0.106418 0.0700578 0.0687865 0.0677137 0.0682459 0.0650351 0.0676586 0.0682163 0.0724341 0.07243 0.0715102 0.0704852 0.0702685 0.0962821 0.0963835 0.0989144 0.105545 0.0699779 
0.382325 0.378738 0.512604 0.423136 0.398604 0.372714 0.419473 0.38335 0.396715 0.361671 0.365214 0.385488 0.349477 0.34576 0.375478 0.421337 0.365228 0.38378 0.37877 0.426124 0.347778 0.39033 0.387997 0.418892 0.435399 0.427334 0.41916 0.418536 0.431388 0.436247 0.481406 0.372568 0.396869 0.371182 0.380391 0.420614 0.428169 0.543877 0.401757 0.425549 
0.44185 0.486746 0.445642 0.55696 0.465112 0.438956 0.467423 0.498906 0.501116 0.477105 0.449061 0.449708 0.429842 0.471743 0.441302 0.466148 0.43492 0.395276 0.503819 0.511934 0.512615 0.464696 0.473152 0.440411 0.445791 0.508463 0.441925 0.479457 0.499495 0.443975 0.479681 0.445651 0.511862 0.48915 0.564848 0.444709 0.428034 0.473566 0.437072 0.477345 
0.873369 0.680152 0.854847 0.783863 0.987092 0.771729 0.905973 0.744501 0.78196 0.838344 0.762073 0.71138 0.73276 0.730835 0.800244 0.738953 0.754503 0.844305 0.808537 0.943739 1.03773 0.812463 0.750482 0.721933 0.854152 0.848832 0.789862 0.850743 0.802065 0.802445 0.821783 0.86367 0.797152 0.984527 0.790484 0.857376 0.790373 0.73233 0.933442 0.79379 
0.194141 0.124921 0.115276 0.186352 0.118599 0.188459 0.131644 0.124471 0.197266 0.180224 0.128862 0.125148 0.134356 0.126628 0.129474 0.128067 0.121872 0.136899 0.130547 0.127131 0.182864 0.122443 0.120179 0.130653 0.128558 0.122432 0.12113 0.126718 0.125329 0.192808 0.122428 0.12082 0.190467 0.126674 0.187747 0.131616 0.121572 0.124264 0.127113 0.132798 
0.514038 0.41967 0.463068 0.467111 0.501306 0.462541 0.409109 0.466525 0.428284 0.463347 0.429434 0.388001 0.472339 0.425041 0.462735 0.472291 0.439502 0.413009 0.465702 0.470767 0.467707 0.437114 0.4662 0.466593 0.504649 0.469107 0.438294 0.469251 0.436901 0.461871 0.432808 0.426953 0.465511 0.47704 0.474386 0.527204 0.421362 0.436417 0.383206 0.42514 
0.513342 0.504123 0.517599 0.543067 0.548756 0.507322 0.479261 0.521328 0.581807 0.544079 0.519825 0.545084 0.508083 0.489451 0.515173 0.507667 0.533193 0.580725 0.514929 0.544385 0.54775 0.544978 0.54174 0.504532 0.515707 0.597843 0.570165 0.538601 0.552992 0.464682 0.550565 0.512523 0.542704 0.500229 0.48854 0.531532 0.543275 0.528104 0.499736 0.54121 
0.288793 0.358057 0.360409 0.35868 0.323222 0.336682 0.359147 0.402646 0.352884 0.354083 0.358486 0.356768 0.335858 0.303672 0.358375 0.390005 0.356193 0.354343 0.32597 0.33868 0.398452 0.317681 0.398676 0.378831 0.359993 0.304604 0.32716 0.356532 0.388122 0.332709 0.360985 0.361222 0.407221 0.328541 0.336062 0.389236 0.357256 0.280708 0.357337 0.317388 
0.766101 0.736074 0.78134 0.754563 0.738351 0.807024 0.850643 0.741952 0.779785 0.807352 0.746681 0.715813 0.806996 0.77606 0.778886 0.71324 0.761591 0.691629 0.78347 0.733224 0.771062 0.824557 0.775192 0.775591 0.739047 0.786479 0.794384 0.727652 0.807814 0.765156 0.705342 0.819385 0.752189 0.778639 0.767249 0.773603 0.837607 0.726573 0.644199 0.81345 
0.230991 0.183421 0.233722 0.261201 0.263008 0.225003 0.193258 0.200838 0.19813 0.194751 0.203608 0.233935 0.229236 0.19779 0.259493 0.188884 0.227134 0.188987 0.229693 0.258857 0.279832 0.238149 0.229028 0.229847 0.231748 0.229331 0.192784 0.22772 0.200757 0.233977 0.224648 0.232177 0.232336 0.232748 0.183879 0.178499 0.231128 0.259393 0.235849 0.216018 
0.300583 0.297682 0.323587 0.272722 0.315532 0.308782 0.327142 0.261864 0.363751 0.321465 0.256951 0.309347 0.305065 0.26565 0.320385 0.26613 0.317402 0.364665 0.31409 0.366225 0.374428 0.318757 0.27481 0.315554 0.269924 0.31582 0.373659 0.305802 0.32037 0.260901 0.265261 0.39243 0.380577 0.395466 0.314339 0.327756 0.401873 0.257129 0.260178 0.315524 
0.709823 0.733017 0.790565 0.734841 0.930823 0.785601 0.922086 0.72134 0.742197 0.72673 0.787895 0.824412 0.784724 0.788904 0.835224 0.757588 0.797807 0.791807 0.788673 0.850282 0.739599 0.798584 0.848576 0.799749 0.852302 0.878653 0.962983 0.905464 0.789997 0.781239 0.779697 0.793712 0.794808 0.841184 0.877504 0.929256 0.965054 0.848813 0.708893 0.727618 
0.419134 0.481263 0.443748 0.528165 0.483155 0.385671 0.448117 0.441284 0.474318 0.386116 0.448845 0.441824 0.425194 0.449993 0.376029 0.432497 0.445886 0.451419 0.449692 0.37261 0.4538 0.466617 0.435752 0.468576 0.414645 0.364431 0.45392 0.47079 0.480017 0.44699 0.445784 0.565318 0.574482 0.464078 0.445309 0.501462 0.4349 0.569193 0.478462 0.38474 
0.135321 0.126552 0.135068 0.132886 0.144988 0.139177 0.128858 0.197765 0.131511 0.13667 0.140749 0.130215 0.197727 0.134824 0.186993 0.138417 0.14476 0.134497 0.139644 0.187644 0.15053 0.195087 0.190493 0.197614 0.133708 0.189922 0.19785 0.134198 0.134298 0.198335 0.128606 0.202054 0.208215 0.192559 0.143555 0.192667 0.201012 0.143232 0.189493 0.192022 
0.336093 0.446943 0.449052 0.43926 0.435586 0.340794 0.350065 0.369121 0.440788 0.37948 0.387587 0.390598 0.363463 0.438293 0.430878 0.388397 0.337464 0.382271 0.332732 0.324412 0.382933 0.384048 0.381253 0.383549 0.38488 0.380244 0.388173 0.445404 0.431433 0.374433 0.397474 0.38043 0.452316 0.440278 0.31748 0.375761 0.439846 0.311685 0.380604 0.391182 
0.278607 0.340194 0.337496 0.289526 0.338491 0.333116 0.334677 0.337436 0.333563 0.318524 0.336793 0.330971 0.333005 0.333102 0.288897 0.282945 0.271779 0.343017 0.3364 0.293014 0.339742 0.39197 0.34444 0.335771 0.340625 0.341488 0.334162 0.406582 0.341174 0.394846 0.294494 0.345164 0.280326 0.345714 0.414199 0.361208 0.295295 0.353648 0.387968 0.410328 
0.476124 0.480476 0.475945 0.434858 0.427562 0.389173 0.427384 0.432873 0.423697 0.390674 0.425805 0.401721 0.469171 0.509376 0.366896 0.430875 0.388985 0.455613 0.420991 0.432689 0.421353 0.375502 0.432722 0.375056 0.369464 0.414388 0.357259 0.483552 0.433697 0.431763 0.469062 0.475957 0.4257 0.48398 0.530464 0.422514 0.479563 0.414445 0.373208 0.477952 
0.493186 0.425232 0.415896 0.512462 0.464937 0.512103 0.422405 0.468652 0.423159 0.46176 0.429619 0.459937 0.36947 0.431081 0.394499 0.454515 0.363431 0.425625 0.427145 0.374194 0.422542 0.475015 0.464075 0.468143 0.409017 0.460567 0.434335 0.423183 0.427315 0.424386 0.489212 0.383761 0.376602 0.4591 0.474355 0.560113 0.475728 0.473522 0.458252 0.424687 
0.342352 0.363008 0.307941 0.297198 0.33192 0.355058 0.332205 0.295411 0.361998 0.414842 0.291405 0.307564 0.33786 0.340618 0.38493 0.352947 0.331481 0.407864 0.414902 0.354931 0.29998 0.305725 0.406846 0.3582 0.372696 0.35338 0.29799 0.364665 0.405831 0.413028 0.34414 0.284701 0.374169 0.27822 0.267139 0.365707 0.335613 0.356943 0.354114 0.334071 
1.33998 1.18393 1.13363 1.09861 1.14119 1.17653 1.15346 1.16963 1.17352 1.04698 1.13435 1.14134 1.18999 1.17799 1.08133 1.02993 1.16844 1.08398 1.22674 1.17053 1.12258 1.1817 1.12396 1.32625 1.2501 1.3877 1.17143 1.18818 1.23828 1.16768 1.21506 1.1812 1.284 1.11909 1.13281 1.23601 1.23387 1.18407 1.14346 1.23191 
0.27191 0.198797 0.237485 0.20971 0.249859 0.246683 0.284897 0.283332 0.239514 0.243825 0.210242 0.204952 0.262977 0.239839 0.245655 0.211065 0.235489 0.259658 0.240955 0.210033 0.198873 0.240699 0.244585 0.23986 0.276355 0.237051 0.195864 0.274013 0.263253 0.267853 0.238564 0.269013 0.24098 0.210599 0.268398 0.212452 0.242135 0.267052 0.240181 0.279633 
0.388046 0.400157 0.426323 0.463431 0.430877 0.462886 0.422459 0.4354 0.472127 0.427899 0.477507 0.431095 0.424011 0.429591 0.433107 0.397787 0.464845 0.447379 0.406901 0.464438 0.35561 0.433083 0.443969 0.430037 0.432153 0.400079 0.424374 0.488755 0.40133 0.43589 0.467628 0.459868 0.387082 0.473599 0.389964 0.468734 0.384595 0.430476 0.435869 0.406546 
1.04104 1.15376 1.07839 1.10973 1.17874 1.04163 1.14775 1.09626 1.06019 1.03404 1.0389 1.09009 1.06192 1.13687 1.19106 1.09793 1.07855 1.03836 1.20508 1.09271 1.16056 1.08667 1.04682 1.14039 1.27041 1.16654 1.14458 1.21971 1.11481 1.32426 1.21315 0.999222 1.09674 1.03346 1.10981 1.07801 1.14695 1.19105 1.05272 1.05852 
0.412712 0.331994 0.450402 0.42903 0.416392 0.406076 0.415744 0.410778 0.410607 0.383883 0.414572 0.389696 0.418275 0.325585 0.363783 0.350466 0.376291 0.383008 0.334954 0.385833 0.416662 0.36638 0.371503 0.452424 0.421261 0.453817 0.435721 0.375086 0.378304 0.382162 0.436039 0.45168 0.379231 0.333962 0.429723 0.370371 0.420347 0.42662 0.325248 0.385308 
