1.94942 1.69917 1.86692 2.04321 1.631 1.9072 1.9128 1.80847 1.72985 1.78857 1.86358 2.1494 1.96817 2.03108 1.92548 1.84044 1.89545 1.93226 1.8248 1.80935 1.70995 1.74927 1.75659 1.84856 1.98376 1.9534 2.0005 1.76906 2.03843 1.97319 1.95687 1.8382 1.83803 1.68345 
1.87692 1.7303 1.56918 1.93036 1.95494 1.68215 2.10124 1.84037 1.90481 2.13457 1.92507 2.06014 2.05116 2.05582 1.72809 1.72836 1.78563 1.64523 1.746 1.82678 1.95674 1.99627 2.06507 1.74511 2.45017 2.07398 1.7514 1.71868 1.99001 1.91971 1.89123 1.87106 1.84014 1.86078 
1.19564 1.19858 1.05041 1.10991 1.18397 1.24802 1.25648 1.27804 1.18343 1.23866 1.24342 1.26285 1.20799 1.29764 1.13473 1.14703 1.21414 1.16069 1.20112 1.29903 1.14618 1.27044 1.22006 1.16354 1.23616 1.2567 1.23397 1.3296 1.1767 1.04834 1.18151 1.05651 1.05701 1.15309 
0.876793 0.799653 0.78993 0.738135 0.718034 0.723036 0.817833 0.669744 0.792815 0.75215 0.834311 0.822677 0.828582 0.865449 0.820727 0.77701 0.774952 0.863376 0.912389 0.771207 0.785779 0.780518 0.674539 0.738375 0.888453 0.827817 0.739294 0.784965 0.718742 0.887443 0.788641 0.790859 0.908038 0.810617 
0.396677 0.450037 0.46748 0.384305 0.46593 0.34845 0.380552 0.334052 0.385804 0.342661 0.390539 0.367951 0.434798 0.459699 0.440839 0.517889 0.497915 0.371267 0.430661 0.325994 0.373319 0.45079 0.452156 0.387923 0.459772 0.32639 0.384412 0.378087 0.370221 0.477628 0.314877 0.38973 0.433657 0.39391 
0.372016 0.418865 0.443778 0.438466 0.388907 0.365969 0.322901 0.330936 0.335593 0.296 0.341124 0.311484 0.367055 0.50654 0.417523 0.38163 0.371348 0.373699 0.338533 0.317262 0.379369 0.434611 0.423557 0.314237 0.368137 0.29186 0.335333 0.436954 0.365085 0.375406 0.333256 0.33519 0.331751 0.386281 
0.577542 0.620989 0.413845 0.48979 0.48024 0.47142 0.462428 0.409468 0.488035 0.37583 0.430659 0.354429 0.429952 0.53515 0.505498 0.51143 0.490184 0.440461 0.627404 0.3583 0.439423 0.376669 0.427377 0.461648 0.547325 0.428685 0.383799 0.47701 0.485359 0.491083 0.477283 0.369257 0.370796 0.433853 
0.995763 1.02414 0.994277 1.02029 0.932807 1.02705 1.18734 1.20597 1.08515 1.21254 1.21226 1.07387 1.09194 1.11198 1.0178 1.09302 1.0064 0.949546 1.10432 0.905362 1.00706 1.14373 0.895902 1.08256 1.01708 1.11648 1.13064 0.933496 1.23728 1.14639 1.0972 1.18217 1.01028 1.17049 
1.01346 0.840249 1.01216 0.836397 0.926584 1.07918 1.07734 1.05357 0.979814 1.05693 1.03923 1.11022 0.951694 1.03221 0.863052 1.00807 0.980564 1.0512 1.06778 0.923784 1.0815 1.09934 1.01223 0.881314 0.909008 1.15707 0.928365 0.903868 0.941868 1.06145 1.0522 0.87596 0.953043 1.02675 
0.419127 0.413976 0.475943 0.410528 0.334288 0.476872 0.408917 0.347615 0.480593 0.408411 0.458423 0.401909 0.475738 0.455301 0.480825 0.487437 0.46829 0.421594 0.476481 0.419574 0.459087 0.41455 0.455351 0.417201 0.423943 0.414948 0.414138 0.410682 0.469066 0.459376 0.472749 0.341961 0.335588 0.402298 
0.272972 0.383244 0.39734 0.341288 0.344279 0.297649 0.280604 0.389608 0.292571 0.345068 0.392743 0.469581 0.356799 0.429112 0.347864 0.340941 0.39405 0.287627 0.340828 0.354267 0.433074 0.387402 0.381866 0.342772 0.386044 0.395475 0.388988 0.393697 0.276937 0.401959 0.39634 0.271178 0.278521 0.289027 
0.311408 0.205276 0.307956 0.222125 0.33599 0.191832 0.326442 0.313283 0.230189 0.217965 0.319008 0.23203 0.30039 0.313375 0.197092 0.317314 0.307942 0.309708 0.192265 0.29744 0.293431 0.207542 0.233627 0.319223 0.308816 0.310034 0.307289 0.229289 0.311806 0.203478 0.21346 0.317674 0.295795 0.31391 
0.447881 0.447268 0.352426 0.432636 0.329202 0.435443 0.347401 0.324124 0.325076 0.514155 0.436743 0.380537 0.435435 0.522579 0.444068 0.444867 0.51132 0.52564 0.554257 0.447892 0.515015 0.440696 0.438596 0.353166 0.355038 0.442579 0.435377 0.439709 0.439184 0.360678 0.503908 0.440536 0.348081 0.526204 
0.723062 0.773751 0.728946 0.702673 0.654789 0.581737 0.719075 0.809198 0.757389 0.667095 0.754498 0.707604 0.788518 0.721342 0.818116 0.822875 0.723246 0.778443 0.796173 0.764226 0.604346 0.761466 0.763492 0.752847 0.768256 0.802879 0.710021 0.825164 0.825678 0.758673 0.824847 0.775469 0.688645 0.745171 
0.572361 0.573918 0.563921 0.573719 0.458886 0.703305 0.567573 0.638111 0.667535 0.607589 0.686341 0.658802 0.46609 0.644776 0.606679 0.570352 0.574508 0.635637 0.586019 0.580592 0.675064 0.587599 0.66048 0.670755 0.553464 0.68938 0.576161 0.611917 0.578861 0.663054 0.654138 0.53786 0.65078 0.645297 
0.500676 0.429088 0.448759 0.425705 0.513962 0.434202 0.426268 0.494171 0.3988 0.483419 0.426608 0.436817 0.458048 0.432308 0.491691 0.483858 0.492016 0.445786 0.452793 0.424398 0.428409 0.507301 0.440729 0.452994 0.512891 0.44583 0.429047 0.488564 0.372545 0.491979 0.506842 0.430957 0.42066 0.446642 
0.232192 0.314759 0.241738 0.303403 0.243443 0.18204 0.175749 0.181855 0.163357 0.167023 0.316962 0.260066 0.22756 0.247871 0.183658 0.195489 0.248243 0.19254 0.24536 0.247968 0.250336 0.173306 0.177219 0.172191 0.167799 0.314906 0.23299 0.303994 0.17098 0.175843 0.174417 0.2445 0.262978 0.172643 
0.437964 0.446591 0.45187 0.449549 0.439787 0.437838 0.317216 0.433314 0.450971 0.523087 0.438363 0.493025 0.436178 0.51103 0.446492 0.526263 0.517483 0.532459 0.448527 0.444053 0.44568 0.442604 0.522097 0.339515 0.50297 0.511224 0.439398 0.497757 0.362514 0.518028 0.439568 0.441959 0.495541 0.515728 
0.604776 0.592784 0.626831 0.605572 0.479053 0.7047 0.608953 0.614144 0.690595 0.592322 0.613615 0.710118 0.691751 0.692667 0.513018 0.676517 0.688086 0.526716 0.690381 0.703142 0.614457 0.585624 0.607371 0.589362 0.620924 0.695794 0.687171 0.508478 0.703656 0.686768 0.56607 0.676272 0.509583 0.612937 
0.519823 0.56559 0.560487 0.500564 0.54287 0.493432 0.443088 0.611557 0.532188 0.543446 0.605075 0.593856 0.537171 0.47008 0.547602 0.483141 0.548495 0.502726 0.599571 0.601534 0.562486 0.61126 0.558028 0.545716 0.50593 0.441105 0.604813 0.554579 0.601885 0.531407 0.511726 0.412024 0.529508 0.533837 
0.547544 0.547034 0.471994 0.533798 0.456014 0.467644 0.524485 0.458463 0.485734 0.553529 0.526448 0.450706 0.513127 0.522031 0.4027 0.526702 0.470594 0.45242 0.480397 0.544939 0.470265 0.468865 0.394682 0.544011 0.54275 0.456123 0.454042 0.449434 0.36757 0.525065 0.477299 0.522008 0.477005 0.455465 
0.471746 0.27575 0.373047 0.375629 0.379893 0.390505 0.388301 0.306637 0.449766 0.424473 0.386615 0.447319 0.460737 0.294442 0.450349 0.386569 0.384423 0.394051 0.383551 0.447687 0.31592 0.387618 0.449227 0.391509 0.397577 0.443082 0.322251 0.448939 0.387432 0.461839 0.384285 0.380491 0.437952 0.443902 
0.25394 0.388082 0.357467 0.331332 0.328088 0.265056 0.38665 0.315386 0.370453 0.313767 0.329164 0.358087 0.353289 0.313741 0.327911 0.328599 0.381159 0.347957 0.379665 0.274307 0.354821 0.364503 0.281931 0.374259 0.320248 0.369589 0.33248 0.339406 0.371564 0.312187 0.3225 0.370948 0.37244 0.372902 
0.924647 0.857875 1.03642 0.886434 0.844259 0.90576 0.906635 0.964669 1.01812 0.925258 0.972562 1.04531 0.810553 0.867114 0.788975 1.01132 0.970196 0.909714 0.919592 0.956386 0.980829 0.900845 0.908038 0.845547 0.77711 0.859957 0.894603 0.921008 0.830016 0.999113 1.07349 0.916291 0.979734 0.981377 
0.351423 0.41882 0.417207 0.349624 0.42585 0.433344 0.364754 0.416859 0.358076 0.409556 0.410908 0.422343 0.465772 0.423249 0.367725 0.363041 0.414172 0.407373 0.367333 0.363595 0.41807 0.422866 0.404481 0.364225 0.365968 0.416971 0.417823 0.319634 0.352548 0.373128 0.469273 0.308446 0.406086 0.479142 
0.552749 0.648259 0.537143 0.636446 0.656798 0.639743 0.553594 0.559027 0.560502 0.616371 0.655355 0.666963 0.532199 0.585747 0.552355 0.650377 0.623473 0.637691 0.550783 0.70516 0.635838 0.63111 0.486407 0.651454 0.633527 0.545887 0.685837 0.545952 0.550922 0.703768 0.476624 0.562096 0.776761 0.558198 
0.352948 0.410149 0.374526 0.418507 0.364105 0.352186 0.291813 0.411383 0.409759 0.421398 0.419052 0.363149 0.413793 0.405239 0.295147 0.35939 0.295162 0.35433 0.364771 0.300582 0.414689 0.412777 0.354044 0.294724 0.35287 0.422383 0.292835 0.354064 0.422313 0.422763 0.302538 0.359383 0.353748 0.275989 
0.834559 1.13541 0.839554 0.92633 1.02473 1.01933 1.03359 0.964803 0.94839 1.01713 0.941521 0.939251 1.00811 0.882986 1.00522 0.941895 1.01678 0.86683 1.1172 0.948489 1.11982 0.800558 0.991215 1.02728 1.02852 0.939165 0.934953 0.846667 1.12416 0.972104 1.13586 0.937157 0.934093 1.04417 
0.473463 0.498716 0.372707 0.523623 0.510879 0.470767 0.42226 0.536161 0.52959 0.435519 0.492646 0.482506 0.491363 0.512192 0.50881 0.447537 0.469385 0.424685 0.480532 0.516763 0.438604 0.419781 0.47935 0.475753 0.479727 0.443951 0.525616 0.429889 0.48814 0.438338 0.512385 0.468453 0.470145 0.480368 
0.717214 0.767844 0.850592 0.636935 0.702047 0.759471 0.690686 0.778541 0.802545 0.693011 0.555914 0.704935 0.589661 0.746612 0.737725 0.781573 0.711072 0.657721 0.715949 0.745302 0.691684 0.652987 0.690787 0.705211 0.754563 0.629537 0.770857 0.770177 0.691566 0.731409 0.701889 0.773896 0.702351 0.685115 
0.813308 0.745153 0.822738 0.651913 0.74716 0.802997 0.820162 0.822518 0.787425 0.859468 0.830006 0.748613 0.841498 0.880424 0.81082 0.665671 0.864405 0.797627 0.699953 0.820755 0.748772 0.751779 0.764625 0.813848 0.773093 0.809379 0.749768 0.736717 0.711183 0.902887 0.882607 0.777138 0.832999 0.66264 
1.38298 1.34074 1.4339 1.36244 1.48596 1.27491 1.49989 1.27983 1.59502 1.58245 1.39304 1.32299 1.37171 1.19222 1.27553 1.35175 1.34083 1.212 1.35031 1.43877 1.2143 1.49347 1.34426 1.40074 1.31315 1.50905 1.41308 1.44831 1.23147 1.20469 1.2606 1.33433 1.26045 1.39297 
2.77418 2.5223 2.87192 2.84294 2.53003 2.52745 2.769 2.6452 2.59645 2.70724 2.80523 2.4418 2.62151 2.84292 2.6443 2.46373 2.5559 2.73723 3.01573 2.53612 2.55942 2.77111 2.59546 2.4602 2.73764 2.83848 2.81367 2.86268 2.65727 2.63031 2.71987 2.69727 2.43162 2.53339 
2.31058 2.04622 2.29859 2.34067 2.27756 2.24381 2.19152 2.1154 2.04065 2.29235 1.86675 2.07461 2.1037 2.185 2.09947 2.03356 2.18462 2.21008 2.07229 2.13341 2.59506 1.95812 2.40361 2.21857 2.1757 2.19416 2.08597 2.22836 2.25916 2.30659 2.27826 2.25851 1.92568 1.91479 
