0.556906 0.614716 0.666758 0.570288 0.560053 0.553287 0.546899 0.656501 0.73789 0.649116 0.551766 0.466281 0.550997 0.546441 0.460452 0.529898 0.49073 0.551266 0.479471 0.467825 0.544305 0.460125 0.478277 0.616655 0.634954 0.649326 0.468919 0.551617 0.47084 0.459316 0.46749 0.66415 0.706436 0.640136 0.621121 0.571589 0.650787 0.655245 0.7917 0.765415 
0.540238 0.395441 0.461846 0.478093 0.387216 0.372309 0.473189 0.575978 0.658328 0.704362 0.365205 0.400695 0.38338 0.390664 0.47474 0.390916 0.484554 0.396867 0.389424 0.461581 0.395613 0.468584 0.484512 0.466262 0.40011 0.38434 0.409548 0.581646 0.606863 0.571346 0.556448 0.550983 0.460061 0.556202 0.46962 0.605551 0.485086 0.560193 0.473598 0.488536 
0.501361 0.606447 0.631445 0.584549 0.568461 0.426007 0.434622 0.518717 0.755307 0.670143 0.487039 0.514519 0.582558 0.512725 0.477173 0.514053 0.49913 0.435967 0.492065 0.573736 0.503924 0.43971 0.507124 0.42878 0.450372 0.561926 0.577836 0.669632 0.647306 0.556365 0.560731 0.575829 0.493973 0.587589 0.571643 0.499534 0.577961 0.611153 0.480901 0.49177 
0.355905 0.394383 0.387481 0.395877 0.3463 0.295887 0.301514 0.304639 0.457436 0.454686 0.404822 0.39404 0.293011 0.340616 0.342886 0.340756 0.349494 0.344934 0.401443 0.335229 0.332495 0.426373 0.341071 0.346725 0.351213 0.38816 0.310668 0.302211 0.311951 0.417325 0.404444 0.371295 0.401677 0.458908 0.385034 0.432463 0.341867 0.445632 0.354428 0.311739 
0.368457 0.377995 0.357352 0.467236 0.448256 0.360973 0.352821 0.354752 0.371932 0.433539 0.372364 0.382398 0.303573 0.352326 0.30155 0.43849 0.352178 0.428797 0.351632 0.363209 0.304696 0.3702 0.391249 0.544756 0.365192 0.422122 0.346901 0.491361 0.452514 0.422016 0.360091 0.421264 0.366044 0.375045 0.407556 0.356772 0.422912 0.596833 0.453589 0.411454 
0.413545 0.309439 0.351476 0.331784 0.32853 0.339243 0.380791 0.423571 0.438316 0.428732 0.355536 0.341822 0.289931 0.379294 0.372228 0.345609 0.341849 0.37473 0.336626 0.373048 0.377236 0.42922 0.303542 0.294769 0.317152 0.430461 0.399678 0.491874 0.468316 0.452819 0.479833 0.299478 0.337468 0.335271 0.318539 0.382921 0.406869 0.390738 0.43826 0.479676 
0.186431 0.190454 0.192163 0.197907 0.251662 0.347126 0.30659 0.263786 0.263214 0.187842 0.261022 0.195258 0.269113 0.192527 0.259367 0.264833 0.247836 0.241831 0.245364 0.256241 0.252989 0.182812 0.244599 0.254145 0.192535 0.2582 0.318857 0.272302 0.259359 0.348146 0.355308 0.177233 0.186842 0.253793 0.193361 0.184474 0.193709 0.186632 0.191811 0.188088 
0.216142 0.219568 0.231451 0.296053 0.317784 0.299296 0.29199 0.335058 0.303633 0.3406 0.258345 0.343888 0.227953 0.355563 0.229153 0.256751 0.262054 0.2731 0.256236 0.289056 0.287963 0.348902 0.288751 0.233226 0.250225 0.287107 0.252206 0.321716 0.288007 0.259079 0.256503 0.28925 0.354724 0.411065 0.334675 0.31464 0.290216 0.298026 0.279855 0.246125 
0.449273 0.51053 0.584513 0.729941 0.528744 0.461768 0.477777 0.581777 0.58453 0.549685 0.444121 0.517002 0.581034 0.583351 0.616943 0.506847 0.408063 0.510318 0.512657 0.460823 0.464128 0.414324 0.45734 0.452596 0.44269 0.578618 0.568672 0.716776 0.645028 0.64538 0.551194 0.638723 0.470739 0.509363 0.524834 0.506341 0.45324 0.447823 0.544603 0.528971 
0.36995 0.364076 0.369562 0.405508 0.49524 0.497296 0.516334 0.418393 0.39566 0.423477 0.419718 0.427713 0.368111 0.417843 0.414247 0.423276 0.511184 0.41787 0.413737 0.378368 0.372342 0.379804 0.522711 0.419663 0.532984 0.473868 0.466501 0.369825 0.548489 0.43379 0.37366 0.376769 0.372307 0.368369 0.333233 0.409577 0.329759 0.36471 0.398241 0.329148 
0.586137 0.629946 0.720088 0.597931 0.617064 0.692438 0.509272 0.608874 0.64748 0.516188 0.611233 0.455264 0.522192 0.706483 0.435268 0.515938 0.508133 0.581275 0.615511 0.60908 0.527044 0.591335 0.708915 0.533284 0.449479 0.522615 0.587323 0.5114 0.505336 0.51311 0.440576 0.629918 0.651551 0.5049 0.446132 0.513397 0.423074 0.515477 0.513264 0.653275 
0.481964 0.398812 0.449501 0.455187 0.469194 0.441447 0.499656 0.558607 0.401268 0.398181 0.518238 0.400015 0.451303 0.462822 0.383676 0.410835 0.396353 0.445053 0.505447 0.439448 0.486199 0.453096 0.346265 0.451221 0.499709 0.441321 0.397135 0.391816 0.396873 0.41547 0.455247 0.514062 0.579628 0.51072 0.397842 0.397763 0.391212 0.412254 0.404877 0.436934 
0.348195 0.461029 0.333849 0.400686 0.332078 0.492392 0.544662 0.393982 0.478979 0.477007 0.468226 0.471406 0.473842 0.360243 0.39285 0.426802 0.390674 0.467583 0.352452 0.462014 0.479041 0.534891 0.4786 0.341231 0.578579 0.339897 0.462406 0.350218 0.398843 0.408195 0.507119 0.40536 0.459199 0.399474 0.389885 0.512686 0.362646 0.407249 0.480421 0.332117 
0.572627 0.576487 0.602279 0.457798 0.510631 0.669197 0.573185 0.637293 0.58074 0.653368 0.526868 0.587254 0.530515 0.579303 0.629697 0.562503 0.528564 0.502766 0.667345 0.512527 0.564087 0.489696 0.58388 0.520343 0.596937 0.556386 0.571819 0.574814 0.508739 0.591426 0.610322 0.471887 0.511645 0.514551 0.577551 0.614742 0.516994 0.676967 0.526394 0.670144 
0.694951 0.675397 0.764254 0.674903 0.837163 0.762836 0.763738 0.936646 0.837898 0.817044 0.770702 0.767301 0.69526 0.77765 0.708111 0.857503 0.746053 0.820505 0.727456 0.87439 0.861173 0.740602 0.921449 0.699725 0.862733 0.698594 0.64819 0.636075 0.641666 0.70594 0.853602 0.911173 0.75459 0.774854 0.722409 0.767133 0.800556 0.882809 0.898942 0.881819 
0.551744 0.596257 0.732125 0.620772 0.548401 0.640872 0.686218 0.600048 0.554138 0.610225 0.619248 0.540726 0.544464 0.474676 0.60868 0.530815 0.484014 0.522528 0.652815 0.480867 0.535877 0.460419 0.508532 0.522178 0.620483 0.70131 0.809244 0.709001 0.685819 0.456563 0.606831 0.46592 0.536277 0.478386 0.534518 0.539047 0.535688 0.485068 0.473503 0.551716 
0.449661 0.528663 0.513868 0.407903 0.528016 0.45921 0.53984 0.403728 0.408344 0.408948 0.41458 0.405465 0.394596 0.506869 0.460651 0.400894 0.424648 0.345731 0.341409 0.353836 0.472453 0.457642 0.404197 0.412425 0.398073 0.454568 0.521468 0.468327 0.421541 0.412512 0.408483 0.394078 0.356194 0.450513 0.497705 0.495777 0.517549 0.480245 0.504884 0.526907 
0.636992 0.724935 0.914212 0.937797 0.813772 0.622751 0.75948 0.64948 0.558521 0.558928 0.720587 0.54696 0.627422 0.812047 0.815202 0.71972 0.571913 0.576156 0.524855 0.601629 0.548943 0.814216 0.713383 0.72247 0.639684 0.549255 0.562134 0.611475 0.62691 0.738801 0.654235 0.630785 0.637226 0.700265 0.626456 0.804198 0.843387 0.849957 0.628888 0.717847 
0.464349 0.492082 0.532646 0.381977 0.484754 0.437845 0.338304 0.384073 0.427198 0.486667 0.422212 0.381423 0.420136 0.428761 0.460242 0.372557 0.375448 0.370763 0.344988 0.367174 0.436748 0.467143 0.471785 0.548875 0.384404 0.435773 0.427652 0.42869 0.382675 0.376661 0.433592 0.382583 0.475344 0.513019 0.365569 0.381753 0.352651 0.361878 0.341872 0.374531 
0.412053 0.275359 0.267581 0.343634 0.340306 0.413516 0.341001 0.343229 0.416926 0.410673 0.249285 0.256781 0.264062 0.280551 0.386924 0.330482 0.251615 0.249306 0.420594 0.400527 0.415026 0.347908 0.44324 0.428935 0.333525 0.261415 0.248708 0.334748 0.420641 0.339054 0.330167 0.334784 0.407146 0.337219 0.338035 0.411043 0.341904 0.261589 0.261298 0.433805 
0.639054 0.578532 0.653725 0.724966 0.543115 0.835239 0.574932 0.835559 0.632971 0.743678 0.732685 0.659321 0.572697 0.486207 0.498639 0.554934 0.64321 0.648441 0.485226 0.556365 0.77414 0.76993 0.639406 0.718676 0.564292 0.653151 0.723222 0.63227 0.631395 0.7104 0.72613 0.659763 0.57342 0.852524 0.639876 0.540627 0.542405 0.565249 0.632495 0.58587 
0.597363 0.579796 0.515828 0.646324 0.596036 0.697446 0.696134 0.600961 0.589813 0.627516 0.629359 0.67274 0.720392 0.575619 0.467217 0.488169 0.490895 0.602666 0.638119 0.536914 0.469213 0.529578 0.598534 0.753866 0.576008 0.634338 0.591983 0.596583 0.533357 0.57849 0.603779 0.588342 0.634814 0.649069 0.593223 0.601366 0.599337 0.576585 0.511498 0.511779 
1.51831 1.2565 1.17646 1.29798 1.3568 1.2529 1.28167 1.41293 1.25689 1.32739 1.3058 1.0849 1.21022 1.16217 1.18767 1.13661 1.11595 1.43536 1.27875 1.24136 1.165 1.52279 1.26267 1.36727 1.24271 1.0957 1.19394 1.26245 1.29634 1.26742 1.39727 1.05592 1.20276 1.20916 1.31094 1.29715 1.2454 1.18552 1.05172 1.16494 
0.863016 0.956076 0.869657 0.966503 0.882278 0.882806 1.15551 0.844882 0.977075 0.872824 0.954344 0.875045 0.80673 0.801857 0.871728 0.792294 0.858389 0.866683 1.17224 0.960088 0.964486 0.875411 0.887229 1.03327 0.9562 0.880505 0.917631 0.998902 0.869733 0.956196 1.01793 1.20095 0.964558 0.976454 0.778651 0.720579 0.858336 0.932195 0.809033 0.883304 
0.789031 0.895072 0.998607 0.889389 0.973085 0.883148 0.808987 0.886104 0.719188 0.729452 0.692518 0.645211 0.874204 0.786533 0.802577 0.901139 0.71876 0.777696 0.789486 0.795728 1.00206 0.893927 0.793669 0.738189 0.816441 0.819326 0.733931 0.809072 0.895687 0.726252 0.894621 0.691711 0.711099 0.717794 0.722775 0.618525 0.800286 0.804388 0.819944 0.734816 
0.831406 0.772492 0.753695 0.857407 0.735725 0.740446 0.641568 0.687821 0.826095 0.730667 0.725554 0.856862 0.769893 0.780458 0.868702 0.838351 0.759491 0.696603 0.658563 0.70021 0.808156 0.813925 0.797697 0.548749 0.623678 0.66752 0.637484 0.678096 0.647025 0.649358 0.639528 0.697701 0.773948 0.651024 0.713952 0.762367 0.704425 0.700985 0.776662 0.87911 
0.984379 0.840994 0.828608 1.02095 0.846705 1.02981 0.718846 0.892213 0.644695 0.723606 0.917345 1.0535 0.815041 0.826348 0.951811 0.930505 0.925411 0.818783 0.927257 0.82964 0.674231 0.728511 0.689647 0.906431 0.916004 0.904377 0.829824 0.752906 0.844822 0.921189 0.703834 0.717718 0.794479 0.701833 0.733606 0.88284 0.917277 0.715388 0.64652 0.723612 
0.441605 0.382186 0.444538 0.448211 0.501645 0.452749 0.444053 0.379102 0.508045 0.540884 0.435439 0.46226 0.522427 0.590956 0.443719 0.581331 0.544184 0.503146 0.442092 0.516667 0.530444 0.467004 0.612484 0.492307 0.436345 0.521635 0.623641 0.523105 0.436375 0.377273 0.436811 0.435156 0.452384 0.381939 0.372192 0.509543 0.527172 0.513891 0.52397 0.454152 
0.435019 0.414328 0.436798 0.437209 0.436405 0.491879 0.484171 0.495585 0.495757 0.503219 0.435189 0.443875 0.585914 0.432215 0.598313 0.417521 0.600674 0.433985 0.486208 0.527886 0.507681 0.353031 0.360547 0.441062 0.524969 0.500971 0.434579 0.36708 0.421097 0.47847 0.368722 0.360263 0.35062 0.354549 0.494373 0.5307 0.488723 0.622581 0.382702 0.447509 
0.439527 0.392902 0.44478 0.482073 0.425717 0.502481 0.560406 0.512874 0.4918 0.496947 0.487466 0.563421 0.512997 0.574163 0.502945 0.535262 0.441161 0.647146 0.498605 0.483463 0.44647 0.550519 0.488353 0.512199 0.516228 0.470291 0.59618 0.560874 0.458906 0.393085 0.416255 0.425187 0.406642 0.436579 0.426491 0.466396 0.435632 0.512236 0.517699 0.488276 
0.466186 0.399551 0.391168 0.425087 0.404047 0.469485 0.420382 0.438528 0.551966 0.449713 0.389432 0.470946 0.493663 0.348815 0.436165 0.508662 0.521374 0.588732 0.522802 0.543225 0.543604 0.388046 0.382362 0.415905 0.448832 0.508509 0.401218 0.395718 0.43714 0.356884 0.350261 0.338561 0.395893 0.349759 0.400466 0.536282 0.629322 0.51339 0.403801 0.421822 
0.436014 0.551877 0.629507 0.44354 0.450506 0.453993 0.542057 0.540431 0.44957 0.463976 0.368264 0.538333 0.456159 0.629091 0.438031 0.369152 0.649402 0.367138 0.390264 0.520847 0.531084 0.456375 0.543216 0.458073 0.634272 0.486528 0.536406 0.355351 0.445345 0.549383 0.52466 0.512181 0.453507 0.38397 0.379277 0.376177 0.370816 0.361527 0.562809 0.53329 
0.666767 0.537057 0.635614 0.839562 0.59076 0.6724 0.661013 0.670854 0.681735 0.671713 0.667807 0.805732 0.721523 0.604764 0.588864 0.591395 0.530355 0.544972 0.609968 0.560717 0.643926 0.798786 0.667405 0.683671 0.536589 0.721549 0.588382 0.681878 0.645622 0.59054 0.593454 0.581066 0.582639 0.546419 0.548412 0.766893 0.683029 0.609184 0.546993 0.548762 
0.411272 0.497582 0.299384 0.353707 0.352743 0.420658 0.357201 0.478005 0.303701 0.414754 0.351862 0.355872 0.470764 0.402154 0.415442 0.334362 0.331485 0.291399 0.34806 0.351261 0.290846 0.478972 0.358444 0.418634 0.345412 0.283168 0.432785 0.435091 0.337025 0.332335 0.291363 0.417009 0.34839 0.4663 0.403705 0.317935 0.310321 0.302612 0.293763 0.290087 
0.708096 0.707488 0.618711 0.781873 0.644797 0.717999 0.582146 0.645014 0.684925 0.650563 0.648323 0.649479 0.648952 0.578519 0.695554 0.519575 0.585972 0.626532 0.707864 0.630482 0.686237 0.709114 0.655014 0.593701 0.822485 0.515618 0.768463 0.618279 0.696829 0.57901 0.720991 0.62039 0.686397 0.750763 0.539834 0.573062 0.637443 0.569794 0.531881 0.640815 
0.763526 0.604017 0.708677 0.626053 0.635989 0.675755 0.580918 0.638459 0.696245 0.733615 0.682964 0.624473 0.795267 0.550078 0.643994 0.611204 0.615937 0.622904 0.624619 0.701338 0.569372 0.575539 0.686148 0.550388 0.525963 0.55183 0.539731 0.645532 0.552255 0.813763 0.753336 0.612712 0.626367 0.69715 0.632651 0.59505 0.58332 0.567794 0.554382 0.675647 
0.690768 0.552874 0.57661 0.569712 0.62428 0.622982 0.551884 0.660295 0.533667 0.5206 0.575589 0.586727 0.585323 0.603658 0.709895 0.554409 0.425619 0.482717 0.475911 0.553082 0.546763 0.551825 0.601067 0.538122 0.490038 0.505325 0.695347 0.60364 0.627158 0.593174 0.600881 0.691507 0.605479 0.523443 0.503567 0.494985 0.663789 0.703428 0.608834 0.61593 
0.662819 0.73455 0.721322 0.727509 0.845497 0.683626 0.72738 0.572704 0.649815 0.667969 0.691214 0.628861 0.561859 0.662932 0.684423 0.660362 0.684333 0.489156 0.510137 0.641643 0.57455 0.745673 0.754836 0.572551 0.890748 0.941398 0.841622 0.564392 0.65528 0.746447 0.659513 0.645022 0.770224 0.671447 0.668504 0.724884 0.627403 0.563865 0.561585 0.630262 
0.52409 0.6249 0.590005 0.572245 0.638288 0.702896 0.668665 0.638234 0.604264 0.482986 0.536962 0.577609 0.617373 0.653973 0.593141 0.532775 0.517777 0.519203 0.606503 0.594477 0.652927 0.624493 0.706117 0.506172 0.514717 0.53546 0.604753 0.519974 0.659577 0.561892 0.567199 0.633295 0.643355 0.597035 0.563218 0.661536 0.665192 0.676037 0.606496 0.617873 
0.429646 0.52101 0.545491 0.454501 0.565497 0.459848 0.413278 0.538386 0.478715 0.494994 0.41285 0.349692 0.377216 0.542226 0.419412 0.409913 0.418747 0.404426 0.410892 0.462444 0.419969 0.505129 0.39803 0.461286 0.421137 0.483339 0.489355 0.425953 0.577714 0.403051 0.41956 0.445345 0.474455 0.398964 0.52934 0.52905 0.423392 0.469871 0.473455 0.532808 
