0.143486 0.131818 0.241794 0.173560 0.143032 0.114493 0.164979 0.155737 0.153557 0.174771 0.217347 0.126468 0.145237 0.161429 0.201262 0.121824 0.122199 0.138089 0.109090 0.203436 0.111647 0.124242 0.190245 0.145643 0.183234 0.139362 0.134473 0.161243 0.176271 0.078484 0.162496 0.107997 0.148521 0.157293 0.083735 0.275730 0.137532 0.126708 0.204059 0.182471
0.168692 0.093154 0.135953 0.135341 0.146861 0.123175 0.087315 0.188650 0.149113 0.151028 0.205720 0.099599 0.124893 0.107328 0.166513 0.139853 0.124764 0.103792 0.114478 0.128316 0.098830 0.100251 0.137093 0.127375 0.113354 0.093076 0.113163 0.124661 0.204472 0.092063 0.096808 0.133637 0.074117 0.098181 0.145897 0.159742 0.084292 0.088711 0.153057 0.127286
0.084007 0.054884 0.146777 0.095849 0.097389 0.016990 0.136126 0.105918 0.078917 0.119400 0.099598 0.076707 0.110877 0.106797 0.063782 0.067250 0.063159 0.061190 0.082197 0.117680 0.070812 0.109968 0.071423 0.069356 0.154752 0.080669 0.039375 0.083930 0.073271 0.055326 0.041509 0.064846 0.098567 0.097190 0.068895 0.072897 0.078185 0.093996 0.116081 0.055344
0.102474 0.046837 0.093472 0.042425 0.004810 0.035607 0.075172 0.095210 0.049767 0.085669 0.084581 0.042660 0.015676 0.074078 0.061606 0.034160 0.029708 0.050061 0.059955 0.061768 0.020670 0.060543 0.031309 0.086827 0.057852 0.052182 0.067102 0.066763 0.061308 0.008455 0.025940 -0.003246 0.055377 0.070432 0.005771 0.112472 0.043305 0.091284 0.063045 0.056640
0.139877 0.088822 0.194028 0.088234 0.101574 0.068330 0.133716 0.107954 0.066852 0.107401 0.188451 0.035399 0.095159 0.115224 0.133247 0.052469 0.074617 0.121298 0.108134 0.152206 0.112791 0.124950 0.080518 0.065669 0.136839 0.073201 0.068512 0.105660 0.098812 0.088170 0.125070 0.106122 0.070416 0.128766 0.106255 0.160067 0.051250 0.066905 0.153765 0.133557
0.144251 0.113516 0.143800 0.123988 0.122692 0.085766 0.116553 0.210419 0.131041 0.126106 0.216422 0.069945 0.118125 0.097138 0.130162 0.108706 0.086094 0.141715 0.135150 0.140612 0.083951 0.106697 0.123266 0.111902 0.142448 0.096197 0.132596 0.128211 0.149785 0.079157 0.106533 0.109410 0.090951 0.103732 0.146358 0.170056 0.074615 0.099912 0.152388 0.106870
0.205680 0.147029 0.300407 0.199282 0.188760 0.109994 0.246768 0.232204 0.193555 0.177309 0.210680 0.193281 0.177648 0.242567 0.172668 0.123995 0.180197 0.225810 0.223540 0.238852 0.158656 0.198588 0.214747 0.187333 0.223886 0.145797 0.132119 0.190158 0.194509 0.135518 0.156509 0.166706 0.167475 0.197146 0.148372 0.304421 0.183157 0.161592 0.243354 0.173003
0.250990 0.170868 0.259958 0.232773 0.195176 0.157901 0.263435 0.332366 0.255225 0.238232 0.252556 0.194792 0.210740 0.233895 0.189685 0.183521 0.209003 0.240526 0.248496 0.252744 0.171318 0.185516 0.221459 0.222375 0.250131 0.178264 0.174529 0.234285 0.264651 0.178638 0.141245 0.168244 0.166166 0.214957 0.194129 0.288080 0.183839 0.194135 0.266954 0.172821
0.244415 0.161233 0.229093 0.180232 0.178367 0.122568 0.227968 0.324374 0.211059 0.217169 0.237410 0.176953 0.180774 0.188885 0.187343 0.156018 0.157642 0.197788 0.221925 0.240454 0.146101 0.190393 0.174986 0.189608 0.216537 0.161455 0.179018 0.220951 0.255850 0.158853 0.137355 0.142172 0.172060 0.194465 0.195410 0.241946 0.139309 0.166003 0.220022 0.155767
0.184845 0.096301 0.214366 0.145281 0.066723 0.061407 0.143670 0.119218 0.103791 0.153746 0.153895 0.078812 0.086952 0.135724 0.116625 0.044485 0.088703 0.076872 0.089187 0.146122 0.090409 0.118899 0.110631 0.094925 0.173459 0.101170 0.084064 0.109144 0.168803 0.032998 0.070420 0.064142 0.131777 0.108258 0.076989 0.194288 0.085710 0.133186 0.147916 0.121280
0.174388 0.101463 0.167463 0.136050 0.153502 0.098152 0.105020 0.216117 0.160610 0.135224 0.219553 0.104459 0.115280 0.118036 0.164070 0.122086 0.108093 0.127585 0.125832 0.152831 0.104399 0.128472 0.153686 0.149985 0.150198 0.095275 0.144678 0.146541 0.181715 0.067975 0.113545 0.153761 0.100275 0.118723 0.164684 0.189087 0.083530 0.077373 0.162952 0.140560
0.230751 0.154919 0.234470 0.191065 0.167599 0.126892 0.220056 0.310390 0.228096 0.206738 0.220191 0.179287 0.173224 0.181436 0.193725 0.144448 0.161183 0.188999 0.209928 0.233264 0.144838 0.180836 0.194027 0.197415 0.207930 0.148539 0.176886 0.202425 0.244278 0.163735 0.128996 0.143505 0.168999 0.183597 0.168920 0.240753 0.141977 0.158942 0.220734 0.140451
0.203572 0.138932 0.286892 0.217990 0.156578 0.093675 0.249020 0.216687 0.189008 0.187238 0.277425 0.147302 0.169161 0.198530 0.196863 0.133843 0.179253 0.166072 0.168801 0.200567 0.150460 0.171702 0.186464 0.193200 0.270062 0.180364 0.170409 0.205294 0.214053 0.106269 0.144051 0.142781 0.175852 0.192535 0.146065 0.244032 0.177546 0.184366 0.212843 0.169955
0.223843 0.170743 0.304174 0.252412 0.156345 0.124985 0.247121 0.223050 0.216158 0.244343 0.254920 0.159817 0.151012 0.261248 0.177054 0.130086 0.185492 0.201540 0.193285 0.222644 0.162072 0.179897 0.203499 0.204313 0.309130 0.168151 0.156008 0.222242 0.215169 0.110465 0.150270 0.141610 0.168684 0.184916 0.126303 0.337330 0.193957 0.204152 0.266241 0.165722
0.122189 0.117872 0.167211 0.104343 0.098734 0.079254 0.104837 0.166089 0.088541 0.104527 0.161059 0.056579 0.113300 0.099785 0.098681 0.075899 0.049039 0.166932 0.159350 0.139786 0.102189 0.109540 0.097938 0.070533 0.161861 0.094993 0.072403 0.108415 0.090573 0.080676 0.124382 0.109876 0.059986 0.120040 0.117338 0.162618 0.068947 0.086136 0.162900 0.095088
0.199430 0.088101 0.152130 0.114674 0.110918 0.106501 0.104850 0.155345 0.153170 0.126478 0.165150 0.090312 0.086272 0.119767 0.152481 0.096108 0.096345 0.083237 0.109791 0.139719 0.060974 0.097063 0.106776 0.111268 0.090969 0.120622 0.098803 0.129014 0.191125 0.054161 0.077574 0.088553 0.104675 0.106871 0.070228 0.195899 0.087646 0.085478 0.153009 0.104318
0.181948 0.145585 0.250768 0.214504 0.162130 0.115120 0.212531 0.236412 0.203188 0.201095 0.250877 0.142663 0.167566 0.206025 0.174172 0.122293 0.190051 0.166078 0.180619 0.190811 0.158187 0.151846 0.211976 0.196060 0.230994 0.146211 0.153073 0.183435 0.214253 0.111579 0.129937 0.143753 0.161992 0.158943 0.141045 0.264843 0.146847 0.182511 0.245700 0.136586
0.189946 0.088160 0.191132 0.125593 0.096988 0.087251 0.136758 0.125003 0.121589 0.113042 0.173833 0.085969 0.112540 0.133409 0.157821 0.109142 0.074209 0.128520 0.100911 0.174223 0.094495 0.101446 0.129783 0.105298 0.146184 0.099106 0.055217 0.128570 0.099374 0.080756 0.103600 0.096578 0.071900 0.182998 0.086389 0.212584 0.098869 0.055829 0.152530 0.155596
0.172386 0.102281 0.202405 0.186836 0.130658 0.099771 0.158551 0.199463 0.118649 0.119437 0.185560 0.099721 0.098136 0.160275 0.133315 0.086431 0.079146 0.152341 0.140364 0.161693 0.082979 0.097418 0.147751 0.111543 0.168375 0.086314 0.101876 0.149323 0.173129 0.096670 0.154805 0.101812 0.092050 0.132313 0.136083 0.179999 0.098009 0.101417 0.126895 0.133830
0.167948 0.116173 0.231358 0.123048 0.085877 0.095517 0.121079 0.144806 0.087941 0.125751 0.185437 0.089990 0.113368 0.142098 0.151670 0.082705 0.062361 0.135403 0.150415 0.157012 0.105338 0.136543 0.139966 0.134904 0.176155 0.098540 0.097332 0.119216 0.120619 0.047521 0.144703 0.076928 0.119713 0.148232 0.102868 0.243410 0.101904 0.124657 0.169025 0.162899
0.220349 0.135982 0.272384 0.209132 0.155213 0.124318 0.250863 0.244761 0.196556 0.193016 0.212938 0.169023 0.177430 0.220309 0.162689 0.144084 0.151798 0.216720 0.204444 0.251115 0.147858 0.165873 0.192672 0.176618 0.245631 0.150113 0.131811 0.210155 0.189293 0.150438 0.142421 0.135880 0.162703 0.226680 0.133245 0.296068 0.172464 0.139246 0.256497 0.163931
0.219361 0.105207 0.267793 0.177286 0.126891 0.107217 0.240950 0.193538 0.158880 0.161864 0.218377 0.152691 0.159363 0.185987 0.163795 0.111248 0.094343 0.187041 0.185343 0.253176 0.098197 0.171093 0.135030 0.160060 0.218266 0.133281 0.116135 0.190387 0.157439 0.128453 0.148945 0.096185 0.152782 0.193179 0.147298 0.274364 0.141027 0.129676 0.197660 0.148622
0.129389 0.050025 0.153627 0.115089 0.058430 0.054855 0.097901 0.153153 0.067630 0.073575 0.163453 0.053937 0.044820 0.070090 0.116238 0.056301 0.069638 0.056683 0.057753 0.079730 0.059980 0.068354 0.081996 0.098330 0.103817 0.054413 0.100149 0.101286 0.126951 0.039936 0.048296 0.044621 0.084917 0.100121 0.072933 0.105446 0.062355 0.095485 0.107230 0.079295
0.216735 0.162467 0.269249 0.225535 0.169968 0.136330 0.232768 0.257450 0.209351 0.221348 0.284849 0.147446 0.168559 0.217122 0.203335 0.150553 0.199684 0.178397 0.190574 0.205416 0.156878 0.166427 0.207502 0.216716 0.255715 0.165603 0.176035 0.209779 0.237218 0.124497 0.145772 0.137474 0.176391 0.177699 0.158977 0.292960 0.166168 0.211864 0.255888 0.157765
0.219864 0.175407 0.317319 0.240193 0.172846 0.133780 0.278548 0.236175 0.214437 0.247922 0.258756 0.162132 0.199635 0.264005 0.185381 0.139028 0.205955 0.232567 0.229789 0.258533 0.184420 0.203587 0.204914 0.204122 0.294309 0.178697 0.160339 0.224978 0.220696 0.128113 0.165602 0.143255 0.194033 0.193153 0.147606 0.332768 0.204636 0.243515 0.284794 0.188079
0.220231 0.128213 0.252289 0.191031 0.173455 0.108485 0.252531 0.228560 0.167450 0.168964 0.224581 0.124306 0.148816 0.175596 0.164430 0.105421 0.142503 0.182742 0.197861 0.226495 0.122326 0.154939 0.145748 0.148593 0.219041 0.175564 0.138568 0.195411 0.219249 0.146804 0.133729 0.123189 0.170082 0.171535 0.182072 0.194469 0.128591 0.174332 0.204576 0.156266
0.187545 0.125089 0.196607 0.174736 0.172189 0.085946 0.186477 0.277284 0.175228 0.180682 0.235575 0.110642 0.145279 0.173585 0.151522 0.117291 0.127090 0.161781 0.160340 0.186432 0.122484 0.139400 0.156964 0.139704 0.214714 0.118354 0.141720 0.162871 0.211589 0.082937 0.115503 0.136945 0.130800 0.152161 0.165645 0.219028 0.108424 0.142432 0.217586 0.132439
0.201898 0.135741 0.195166 0.107489 0.115238 0.071552 0.169956 0.224577 0.137099 0.161018 0.161696 0.103278 0.129049 0.150614 0.133016 0.112528 0.124515 0.155950 0.170014 0.154614 0.119148 0.143652 0.152019 0.160928 0.165360 0.136212 0.115052 0.165216 0.156506 0.099630 0.097707 0.089916 0.112704 0.162518 0.108006 0.200895 0.113386 0.149055 0.171218 0.131193
0.174250 0.117462 0.168675 0.116563 0.122134 0.093844 0.163171 0.224390 0.166821 0.173817 0.173357 0.117697 0.124565 0.133264 0.166508 0.123841 0.126583 0.122894 0.152476 0.142899 0.127049 0.145754 0.156786 0.181133 0.172073 0.111583 0.157463 0.149252 0.182989 0.095242 0.074400 0.109267 0.154914 0.126471 0.136106 0.195444 0.110248 0.134774 0.176590 0.127201
0.147886 0.098803 0.178110 0.136649 0.097434 0.080164 0.089062 0.157376 0.118924 0.132322 0.168284 0.081789 0.084206 0.132467 0.121790 0.072594 0.087368 0.087904 0.101189 0.106207 0.102005 0.117147 0.160783 0.132887 0.150316 0.062849 0.084672 0.111494 0.143332 0.046138 0.088764 0.086813 0.081144 0.104754 0.124130 0.162265 0.076565 0.084716 0.131928 0.109464
0.150970 0.128342 0.172483 0.134958 0.067742 0.091712 0.113669 0.166376 0.101386 0.141178 0.170431 0.063451 0.076372 0.117252 0.114835 0.079660 0.063971 0.098480 0.097609 0.120405 0.065667 0.091163 0.114801 0.104568 0.158156 0.096859 0.089624 0.127970 0.136295 0.062230 0.097572 0.030753 0.102189 0.102586 0.085686 0.184200 0.084498 0.131501 0.130710 0.077087
0.122742 0.069427 0.155183 0.110598 0.094121 0.084764 0.077280 0.168253 0.115353 0.067926 0.180441 0.079594 0.054104 0.090177 0.149588 0.084111 0.068638 0.083751 0.082044 0.102008 0.060273 0.090295 0.105232 0.140490 0.090769 0.069275 0.130002 0.113885 0.115675 0.031909 0.086185 0.077927 0.076571 0.124949 0.078283 0.132971 0.070576 0.064899 0.096754 0.102237
0.224775 0.127153 0.250937 0.169297 0.128541 0.104796 0.146213 0.170628 0.126039 0.145768 0.210204 0.145309 0.114630 0.188050 0.154035 0.110161 0.122593 0.160459 0.168383 0.166977 0.108836 0.153443 0.150285 0.172097 0.180558 0.108667 0.097128 0.167787 0.177401 0.101976 0.146610 0.123460 0.080431 0.161738 0.123248 0.264287 0.112932 0.125138 0.186655 0.147196
0.264506 0.163405 0.293481 0.221575 0.163414 0.139738 0.278393 0.291699 0.226777 0.230287 0.252747 0.183425 0.204372 0.238441 0.210971 0.163371 0.163769 0.251598 0.221942 0.291423 0.171252 0.190369 0.217450 0.188623 0.266764 0.169808 0.167323 0.230280 0.238190 0.173036 0.181089 0.156870 0.175517 0.247617 0.154476 0.355731 0.190707 0.162487 0.278638 0.206463
0.160447 0.123932 0.190662 0.151656 0.131968 0.094537 0.129081 0.241582 0.177357 0.140115 0.223171 0.121188 0.119214 0.125084 0.164397 0.126696 0.093517 0.140905 0.126047 0.165336 0.097106 0.125239 0.158038 0.151130 0.163958 0.118941 0.168074 0.165179 0.168858 0.063511 0.117363 0.127367 0.121820 0.144531 0.119299 0.213273 0.104177 0.097795 0.165300 0.122096
0.273526 0.173546 0.326008 0.257988 0.196074 0.143999 0.299090 0.263340 0.218540 0.246206 0.270955 0.186439 0.209342 0.272667 0.197478 0.165889 0.185359 0.265337 0.247682 0.287290 0.173618 0.200758 0.219600 0.202579 0.309036 0.180250 0.143960 0.241502 0.228857 0.183617 0.180645 0.164554 0.178962 0.245415 0.172001 0.348257 0.201152 0.184345 0.295209 0.206187
0.245636 0.169352 0.289596 0.213452 0.161172 0.144422 0.248841 0.262482 0.220833 0.233811 0.253392 0.149715 0.208520 0.227664 0.209603 0.161975 0.169688 0.204718 0.220629 0.250166 0.166774 0.187775 0.202261 0.188962 0.286942 0.184572 0.139095 0.199784 0.224456 0.129288 0.154197 0.137152 0.184772 0.214099 0.155661 0.320639 0.202007 0.206987 0.285311 0.177424
0.146482 0.123611 0.217362 0.179245 0.098702 0.095358 0.163343 0.179352 0.136630 0.213578 0.182640 0.084459 0.105983 0.167752 0.122632 0.080642 0.119297 0.124708 0.120284 0.163502 0.102152 0.123131 0.133546 0.154597 0.240689 0.095132 0.111376 0.127675 0.147816 0.072081 0.082766 0.080412 0.134135 0.113770 0.075789 0.208888 0.113845 0.157498 0.201415 0.110737
0.242043 0.115236 0.183936 0.136375 0.100956 0.108752 0.161496 0.188699 0.151842 0.156105 0.176893 0.083081 0.125400 0.140485 0.143899 0.135860 0.086513 0.165173 0.139266 0.191121 0.099456 0.116101 0.126765 0.108676 0.179236 0.135969 0.093340 0.170040 0.162176 0.085123 0.110112 0.086364 0.094831 0.171458 0.106357 0.266094 0.122574 0.108397 0.187920 0.142825
0.223275 0.134187 0.236757 0.175686 0.088716 0.133379 0.160025 0.210975 0.172112 0.166919 0.206512 0.109607 0.135251 0.165689 0.156070 0.131346 0.089538 0.200823 0.170746 0.207490 0.116413 0.128446 0.171861 0.139516 0.208786 0.127669 0.118403 0.161066 0.152278 0.090603 0.140985 0.097033 0.121075 0.180583 0.106292 0.318425 0.150361 0.123540 0.214539 0.159519
