0.015975 0.011157 0.019376 0.010024 0.009330 0.001527 0.013208 0.014290 0.007406 0.013958 0.012070 0.000077 0.005746 0.016576 0.010079 0.003195 0.001479 0.011581 0.004216 0.020946 0.004761 0.007339 0.015978 0.009255 0.016409 0.001405 0.002845 0.014511 0.008227 0.001273 0.005154 0.001387 0.007272 0.015649 0.001485 0.027287 0.005597 0.006429 0.023412 0.012722
0.009439 0.007108 0.007789 0.011544 0.005918 0.007820 0.004975 0.014078 0.007710 0.008086 0.016355 0.003262 0.004379 0.007245 0.006234 0.004210 0.004110 0.001300 0.004602 0.004482 0.000447 0.001667 0.008446 0.010557 0.008158 0.004226 0.006516 0.007261 0.013414 0.001301 0.001224 0.003743 0.005412 0.004546 0.006292 0.007832 0.001280 0.006090 0.007815 0.001044
0.014752 0.005875 0.012391 0.012964 0.007560 -0.000035 0.015848 0.009921 0.007879 0.016096 0.006432 0.000165 0.007630 0.012377 0.000436 0.004595 0.001304 0.001428 0.001403 0.004805 0.001096 0.007517 0.017146 0.010904 0.024289 0.006997 0.001233 0.005016 0.006416 0.000241 -0.000025 -0.000021 0.007525 0.006965 0.001633 0.008253 0.002412 0.007637 0.012094 0.004574
0.006044 0.001731 0.002725 0.003114 0.000222 -0.000019 0.005487 0.006588 0.001428 0.007298 0.004230 0.001847 0.001858 0.006038 0.000223 0.001562 0.001359 0.003487 0.005261 0.001636 0.001361 0.001860 0.003713 0.004365 0.005818 0.001741 0.001348 0.001639 0.001994 0.000196 0.000186 -0.000013 0.003737 0.004136 0.001832 0.005614 0.001442 0.004594 0.007086 0.002912
0.006247 0.007727 0.018398 0.004233 0.004870 0.001069 0.010657 0.009663 0.004324 0.006602 0.015330 -0.000024 0.004463 0.011391 0.007682 -0.000053 0.001043 0.010542 0.005728 0.010671 0.003494 0.004655 0.006166 0.005141 0.007550 -0.000034 0.004310 0.006783 0.002114 0.000790 0.006770 0.002128 0.004512 0.011884 0.002104 0.016635 0.002743 0.004630 0.014032 0.010127
0.008177 0.010419 0.014244 0.009081 0.006213 0.006437 0.007517 0.016927 0.006494 0.008271 0.022932 0.002674 0.005105 0.010349 0.008439 0.002822 0.002664 0.006417 0.006763 0.007753 0.001914 0.003725 0.009256 0.009281 0.008863 0.003603 0.007921 0.006689 0.007119 0.000737 0.004510 0.004772 0.005893 0.009364 0.007296 0.009330 0.001426 0.004616 0.009697 0.005825
0.010518 0.006418 0.015706 0.005347 0.006078 0.002448 0.007073 0.015994 0.003909 0.005809 0.011968 0.000943 0.003659 0.012820 0.008000 0.002806 0.001347 0.009074 0.004231 0.012318 0.003486 0.006185 0.007137 0.004952 0.009088 0.001053 0.004044 0.008783 0.006109 0.001409 0.004215 0.002387 0.006129 0.011727 0.003764 0.019674 0.003337 0.003412 0.014230 0.006767
0.015381 0.005276 0.011736 0.009237 0.005427 0.004496 0.015429 0.025765 0.013566 0.009676 0.014871 0.005427 0.005302 0.010819 0.005185 0.005988 0.004261 0.009189 0.009540 0.009203 0.004607 0.002605 0.011744 0.010012 0.011818 0.007649 0.009819 0.011405 0.012690 0.000796 0.001489 0.002630 0.006879 0.015451 0.008048 0.018057 0.004598 0.008044 0.013413 0.003323
0.013192 0.005383 0.006799 0.007782 0.005115 0.005103 0.009489 0.025073 0.012821 0.007482 0.013057 0.006446 0.003693 0.006998 0.005284 0.005749 0.003257 0.007310 0.008627 0.006914 0.003462 0.001877 0.011155 0.007832 0.007371 0.008067 0.009357 0.009455 0.011383 0.001045 0.000354 0.002989 0.006151 0.012047 0.008031 0.012670 0.002671 0.004851 0.010334 0.001107
0.022437 0.005430 0.015985 0.017600 0.007902 0.001005 0.012740 0.009800 0.006542 0.015066 0.006845 0.000253 0.005794 0.017253 0.004476 0.005356 0.001565 0.004480 0.003805 0.009570 0.002062 0.008368 0.013005 0.011413 0.022326 0.004136 0.000663 0.007880 0.012890 0.001042 0.001539 -0.000029 0.008551 0.008971 0.000903 0.015735 0.004262 0.010063 0.015923 0.008943
0.009547 0.008584 0.011761 0.010494 0.007895 0.007890 0.005973 0.019947 0.009134 0.007684 0.020476 0.003610 0.004971 0.008578 0.008567 0.004329 0.003602 0.004380 0.006094 0.006421 0.001232 0.003127 0.010645 0.010792 0.008263 0.004537 0.008339 0.007543 0.009742 0.001780 0.003250 0.005840 0.007046 0.008661 0.009114 0.007705 0.000386 0.004213 0.009216 0.002374
0.015767 0.007483 0.011961 0.013120 0.007634 0.005973 0.010199 0.025360 0.016705 0.010468 0.014089 0.005746 0.005582 0.008799 0.007060 0.005088 0.003288 0.007051 0.007831 0.009513 0.003194 0.004050 0.017981 0.012273 0.011155 0.008350 0.008781 0.011575 0.015038 0.001470 0.001603 0.003510 0.005652 0.011248 0.007808 0.016141 0.002634 0.005965 0.014767 0.001761
0.010963 0.006120 0.013468 0.011352 0.005773 0.003730 0.012074 0.012771 0.006061 0.010858 0.019239 0.001974 0.005433 0.013484 0.003296 0.005170 0.004805 0.003135 0.004486 0.004826 0.001333 0.003514 0.008443 0.012204 0.022326 0.005139 0.005076 0.005624 0.008285 0.000192 0.001377 0.002654 0.007727 0.008637 0.005722 0.006899 0.002114 0.008897 0.009373 0.004006
0.009828 0.002373 0.011197 0.007831 0.002756 0.000764 0.012419 0.007517 0.004815 0.009172 0.008347 0.000797 0.004313 0.010868 0.002800 0.002234 0.003065 0.004493 0.004917 0.006378 0.002227 0.002816 0.005178 0.007712 0.012450 0.001735 0.002560 0.006802 0.007409 0.000777 0.002075 -0.000022 0.004582 0.007777 0.002173 0.014412 0.004076 0.008531 0.011677 0.005256
0.003043 0.003406 0.007647 0.003314 0.002587 0.001293 0.002488 0.006314 0.001705 0.002433 0.006278 -0.000013 0.001531 0.003561 0.003494 -0.000026 -0.000016 0.005040 0.003041 0.004553 0.001291 0.002516 0.003681 0.003424 0.003501 -0.000018 0.001324 0.002710 0.000819 0.000916 0.004453 0.002457 0.001495 0.003990 0.002597 0.006236 -0.000030 -0.000039 0.005378 0.004021
0.012942 0.007338 0.011204 0.008798 0.008243 0.006149 0.005649 0.017681 0.007446 0.007966 0.013900 0.002779 0.004260 0.011977 0.009584 0.005035 0.003560 0.004133 0.004067 0.009775 0.001926 0.004776 0.011245 0.008052 0.009955 0.003315 0.005350 0.011312 0.014615 0.002073 0.001233 0.002811 0.007973 0.009659 0.005359 0.016257 0.002883 0.005872 0.017563 0.003942
0.015342 0.007839 0.019241 0.015201 0.007956 0.005421 0.014623 0.018875 0.012543 0.014807 0.023763 0.002932 0.007848 0.019061 0.006986 0.004455 0.008403 0.005455 0.007429 0.009396 0.002348 0.005096 0.016081 0.022027 0.021694 0.005235 0.007074 0.010538 0.013505 0.001282 0.002697 0.003154 0.007697 0.010846 0.006860 0.016256 0.003455 0.014902 0.018837 0.004731
0.018456 0.009604 0.017717 0.005336 0.009413 0.000726 0.013646 0.014998 0.003352 0.009127 0.011475 0.000090 0.003356 0.017668 0.011196 0.005388 0.000888 0.017039 0.005930 0.022108 0.007054 0.007281 0.008431 0.003786 0.013469 0.000196 0.003138 0.014629 0.005179 0.000725 0.004867 0.001529 0.009371 0.022585 0.001637 0.030282 0.007541 0.005329 0.021795 0.017585
0.008286 0.005729 0.010596 0.012523 0.005911 0.005120 0.004642 0.014142 0.006215 0.007330 0.013106 0.002107 0.004159 0.007816 0.008602 0.002488 0.002840 0.001816 0.004161 0.006249 0.000456 0.003147 0.006500 0.008565 0.007632 0.002564 0.004715 0.006944 0.009097 0.002273 0.002809 0.003455 0.005352 0.005548 0.005052 0.008357 0.000786 0.004620 0.009753 0.002489
0.018666 0.006357 0.016119 0.009633 0.005757 0.001847 0.009314 0.012479 0.002685 0.008519 0.013440 0.000848 0.004194 0.015530 0.008847 0.002660 0.001332 0.010848 0.008665 0.011990 0.003925 0.007637 0.006887 0.006485 0.010286 0.000816 0.002722 0.007882 0.007467 0.001473 0.005160 0.001659 0.006942 0.011863 0.002526 0.020368 0.004845 0.007654 0.017671 0.012877
0.024863 0.007893 0.018594 0.007898 0.009073 0.001912 0.019441 0.028417 0.010431 0.011113 0.013626 0.003610 0.005159 0.019010 0.009961 0.007770 0.002550 0.018866 0.010592 0.021603 0.009123 0.007535 0.013398 0.007133 0.016065 0.005360 0.007639 0.017594 0.011132 0.001223 0.004081 0.001876 0.010239 0.026429 0.005927 0.036329 0.009114 0.008128 0.024381 0.013596
0.006948 0.005502 0.016974 0.005375 0.003510 0.000699 0.010315 0.008909 0.003990 0.006272 0.012406 0.000213 0.003767 0.010632 0.005406 0.000849 0.001353 0.008385 0.004746 0.009496 0.003004 0.004128 0.004664 0.005190 0.008566 0.000321 0.003519 0.006377 0.003667 0.000762 0.005336 0.001435 0.004120 0.010242 0.002279 0.015319 0.002979 0.004900 0.011081 0.007832
0.011386 0.004485 0.012242 0.009846 0.006461 0.004250 0.004820 0.013240 0.005297 0.006207 0.011420 0.001709 0.004183 0.008772 0.008283 0.002295 0.002552 0.003647 0.003789 0.007096 0.001157 0.004328 0.007983 0.006906 0.006598 0.001943 0.003572 0.007934 0.010068 0.003266 0.003726 0.002590 0.005737 0.005736 0.004157 0.012965 0.001671 0.005147 0.012777 0.003275
0.013514 0.006116 0.016196 0.012475 0.006594 0.005267 0.013325 0.017009 0.009417 0.011940 0.023431 0.003072 0.006359 0.017729 0.006820 0.004837 0.008512 0.004531 0.006867 0.007836 0.002116 0.003394 0.010001 0.016117 0.018945 0.004544 0.007054 0.009773 0.012614 0.001431 0.002031 0.002691 0.007958 0.010603 0.006555 0.014333 0.003684 0.014397 0.015837 0.004317
0.010556 0.003960 0.014324 0.007202 0.002959 0.000747 0.013118 0.009016 0.004429 0.009348 0.011346 0.000664 0.005055 0.013173 0.004393 0.001869 0.002809 0.006391 0.005739 0.007924 0.002894 0.004079 0.005739 0.007159 0.012323 0.001486 0.003395 0.007180 0.007048 0.000604 0.002998 -0.000025 0.004950 0.009388 0.001979 0.017446 0.004967 0.008974 0.013990 0.007013
0.006528 0.005263 0.013023 0.008016 0.005800 0.001293 0.008557 0.009356 0.010087 0.008852 0.007374 0.000836 0.004571 0.007558 0.004892 0.000962 0.001633 0.002943 0.002804 0.006448 0.001158 0.003887 0.012462 0.008870 0.009823 0.002559 0.003009 0.005937 0.004419 0.000832 0.002120 0.001362 0.003868 0.006800 0.002179 0.008236 0.000885 0.004640 0.011917 0.003554
0.015746 0.007313 0.014490 0.011890 0.007326 0.005943 0.014125 0.027886 0.012234 0.011278 0.019645 0.005037 0.006245 0.012759 0.007013 0.005424 0.004468 0.008360 0.009937 0.008147 0.003910 0.004338 0.013256 0.012509 0.014262 0.007205 0.009844 0.010590 0.012577 0.001550 0.003111 0.004329 0.008221 0.014658 0.011039 0.015618 0.002878 0.007812 0.014524 0.004232
0.017800 0.003753 0.008646 0.007841 0.005557 0.001916 0.013558 0.025221 0.015109 0.009853 0.007262 0.005111 0.005518 0.009156 0.003180 0.004982 0.002318 0.009659 0.008685 0.009322 0.004831 0.004828 0.017959 0.009069 0.010864 0.008534 0.007207 0.011376 0.010781 0.001096 0.000435 0.001123 0.004994 0.013001 0.006027 0.019518 0.004603 0.006377 0.016498 0.001986
0.013107 0.008501 0.010299 0.012981 0.007973 0.006198 0.010505 0.019580 0.008225 0.013055 0.017710 0.004275 0.005951 0.012094 0.006264 0.006981 0.004042 0.002371 0.005685 0.004276 0.000865 0.004074 0.011133 0.011859 0.016374 0.006963 0.007256 0.006484 0.011337 0.001211 0.000359 0.003710 0.011089 0.009723 0.007393 0.006025 0.001004 0.007084 0.010398 0.003099
0.015825 0.008851 0.015544 0.014661 0.008887 0.006152 0.009541 0.019118 0.012991 0.014401 0.017074 0.003385 0.007349 0.013305 0.008093 0.003536 0.004025 0.004468 0.007601 0.007894 0.001469 0.006280 0.020304 0.015772 0.014059 0.005430 0.006042 0.009514 0.014161 0.002222 0.002421 0.003356 0.007724 0.007603 0.006485 0.014691 0.001829 0.009189 0.019094 0.003495
0.010521 0.003186 0.010057 0.008958 0.005825 0.003988 0.004007 0.011010 0.005691 0.005850 0.009102 0.001796 0.003531 0.008151 0.007377 0.002406 0.002731 0.001725 0.002969 0.005536 0.000669 0.003473 0.006764 0.006761 0.006661 0.002107 0.003196 0.007053 0.009571 0.002754 0.001697 0.001579 0.005467 0.004412 0.003184 0.011143 0.001878 0.005614 0.011540 0.001973
0.009026 0.009669 0.016509 0.006649 0.007138 0.005060 0.006838 0.017068 0.006705 0.006272 0.022581 0.002302 0.005394 0.011279 0.010556 0.002191 0.002251 0.007032 0.006582 0.007725 0.002045 0.005246 0.011030 0.007265 0.006529 0.002720 0.007221 0.006996 0.006518 0.001555 0.004803 0.004625 0.006941 0.010619 0.007077 0.010737 0.001430 0.004512 0.013552 0.006071
0.008944 0.002415 0.009902 0.007724 0.003125 0.002582 0.004712 0.007914 0.002611 0.004422 0.007339 0.000548 0.002804 0.007662 0.003864 0.001495 0.001718 0.004445 0.003194 0.006565 0.001472 0.003052 0.003683 0.005477 0.006084 0.000690 0.001840 0.006084 0.008528 0.001840 0.003679 0.001431 0.002914 0.003829 0.002458 0.013804 0.002229 0.004439 0.008511 0.002959
0.022946 0.006954 0.016059 0.006327 0.007297 0.001256 0.018032 0.024667 0.008740 0.010018 0.011436 0.003060 0.004391 0.017287 0.007670 0.006886 0.001968 0.018381 0.010110 0.020243 0.008658 0.006631 0.011627 0.006065 0.014621 0.004659 0.006510 0.016126 0.010108 0.000692 0.004031 0.001382 0.008486 0.024440 0.004866 0.034422 0.008830 0.007331 0.021829 0.013206
0.010912 0.010115 0.015828 0.010059 0.008286 0.007078 0.007681 0.020518 0.008480 0.008667 0.023075 0.003422 0.005900 0.011664 0.010369 0.004191 0.003387 0.006354 0.006521 0.008682 0.001962 0.004626 0.011120 0.009857 0.009351 0.004287 0.008772 0.008459 0.008842 0.001717 0.004119 0.005309 0.007864 0.010997 0.008644 0.011473 0.001635 0.005234 0.012117 0.004945
0.019648 0.008174 0.017666 0.008803 0.008211 0.000473 0.017880 0.016346 0.003815 0.012810 0.012354 0.000614 0.005068 0.019778 0.007572 0.006379 0.001811 0.013007 0.006717 0.016936 0.005937 0.007708 0.009210 0.007071 0.020627 0.002687 0.003336 0.012249 0.006895 0.000538 0.003766 0.000990 0.010989 0.020162 0.002726 0.026748 0.007111 0.008115 0.019778 0.014688
0.013353 0.004340 0.016037 0.008542 0.005913 0.002236 0.012560 0.014491 0.006439 0.010304 0.014148 0.001461 0.004872 0.016153 0.006232 0.004086 0.005055 0.006636 0.005039 0.011020 0.003232 0.004931 0.008186 0.009811 0.019035 0.002420 0.003888 0.010669 0.010011 0.001434 0.002090 0.000895 0.007222 0.012001 0.003459 0.020333 0.005128 0.010489 0.019643 0.006464
0.015859 0.008163 0.016106 0.019022 0.007022 0.003102 0.013050 0.014620 0.009024 0.018000 0.012638 0.001901 0.006940 0.015475 0.004149 0.004642 0.002904 0.003946 0.005375 0.008452 0.001343 0.006454 0.014876 0.016051 0.023582 0.005385 0.003447 0.007272 0.011416 0.000868 0.002284 0.002016 0.008534 0.007744 0.004082 0.012980 0.002216 0.009685 0.014525 0.005671
0.023242 0.004161 0.008928 0.005237 0.007652 0.001062 0.013238 0.018111 0.005495 0.007366 0.004754 0.001938 0.002434 0.014636 0.005984 0.009648 0.001635 0.015201 0.005759 0.021118 0.007112 0.005424 0.008661 0.003653 0.014133 0.003727 0.004096 0.016211 0.009807 0.000529 0.000934 0.000517 0.008024 0.020374 0.002412 0.032201 0.010424 0.005627 0.017428 0.011150
0.023746 0.007849 0.015163 0.006305 0.007727 0.001626 0.013019 0.021514 0.005095 0.009260 0.010946 0.002292 0.003303 0.017974 0.008880 0.007837 0.001186 0.018967 0.008887 0.023767 0.007772 0.007475 0.010095 0.005116 0.013384 0.002908 0.005086 0.015550 0.008845 0.000897 0.004289 0.001761 0.009009 0.021976 0.003208 0.035192 0.009226 0.005724 0.021269 0.014981
