0.141034 0.129540 0.235941 0.168996 0.140031 0.111673 0.161742 0.153163 0.149981 0.170614 0.212078 0.123125 0.141080 0.158694 0.196132 0.118798 0.119128 0.136431 0.107118 0.199307 0.109370 0.122209 0.184951 0.142016 0.178886 0.135895 0.130966 0.158400 0.171677 0.076930 0.158177 0.105486 0.144782 0.154995 0.082364 0.267977 0.133983 0.123499 0.200473 0.178172
0.165006 0.091929 0.133978 0.133683 0.143090 0.120560 0.086830 0.184268 0.145433 0.147550 0.200842 0.097406 0.122038 0.105510 0.162178 0.135829 0.121951 0.101865 0.112139 0.125833 0.096701 0.098273 0.134230 0.125380 0.111823 0.091114 0.110784 0.123065 0.199247 0.090683 0.095239 0.130238 0.073643 0.097051 0.141898 0.156166 0.082648 0.087572 0.149709 0.124006
0.083293 0.054419 0.142792 0.094306 0.095395 0.017095 0.132385 0.104050 0.077692 0.117600 0.097559 0.074592 0.107899 0.105120 0.062311 0.066145 0.062192 0.060271 0.080280 0.114786 0.068958 0.106624 0.071142 0.068585 0.151906 0.078718 0.039126 0.082713 0.072116 0.053856 0.040314 0.063296 0.096735 0.094874 0.067377 0.072677 0.076398 0.092349 0.114185 0.055116
0.100403 0.046109 0.091760 0.042475 0.004971 0.034897 0.074908 0.094119 0.048766 0.084370 0.083806 0.041937 0.015820 0.073711 0.059523 0.033565 0.029729 0.049823 0.059974 0.060337 0.020831 0.058570 0.031390 0.084665 0.058111 0.051173 0.065091 0.064860 0.060455 0.008578 0.025783 -0.003015 0.054696 0.069115 0.005934 0.110348 0.042564 0.089168 0.063070 0.055852
0.136176 0.087760 0.190411 0.087170 0.099287 0.067370 0.130975 0.106867 0.066378 0.105084 0.183515 0.035250 0.093258 0.113274 0.130041 0.051742 0.072519 0.119494 0.105352 0.149244 0.109995 0.122352 0.080103 0.065358 0.133155 0.071969 0.067477 0.103509 0.096573 0.085824 0.121977 0.103929 0.069185 0.126181 0.103663 0.157663 0.050956 0.066184 0.150352 0.130865
0.141969 0.111862 0.143538 0.122322 0.120047 0.084401 0.115440 0.204876 0.127907 0.123663 0.212469 0.068806 0.115798 0.096660 0.127730 0.106227 0.084675 0.139185 0.132483 0.138194 0.082799 0.104552 0.121274 0.110249 0.139359 0.093713 0.129642 0.126097 0.146621 0.077897 0.104703 0.107167 0.089765 0.102588 0.142444 0.166073 0.073724 0.098403 0.148935 0.105211
0.201750 0.144609 0.293015 0.194554 0.184804 0.108330 0.239383 0.227713 0.189188 0.174206 0.207147 0.187854 0.173338 0.236789 0.169541 0.122170 0.175262 0.221334 0.217934 0.234032 0.155091 0.194056 0.210123 0.182718 0.218427 0.142238 0.130290 0.186592 0.190454 0.131929 0.153066 0.163383 0.164157 0.193386 0.146114 0.296516 0.178667 0.157776 0.238088 0.169396
0.246509 0.167624 0.255151 0.228278 0.190946 0.154651 0.257335 0.324251 0.249257 0.233590 0.247882 0.190118 0.205968 0.229314 0.185822 0.179607 0.203934 0.235212 0.242736 0.246961 0.167878 0.181150 0.217302 0.217591 0.244824 0.173979 0.171783 0.229599 0.258461 0.174136 0.138389 0.164779 0.163596 0.211377 0.189965 0.281768 0.179987 0.190571 0.261224 0.169826
0.239537 0.158289 0.225059 0.177835 0.174582 0.120617 0.222672 0.316596 0.206918 0.212902 0.233099 0.172822 0.176754 0.185796 0.183323 0.153178 0.154757 0.193851 0.216808 0.234750 0.143299 0.185137 0.172420 0.185893 0.212616 0.157893 0.175670 0.216528 0.249809 0.154708 0.134413 0.139150 0.169120 0.190955 0.190728 0.236835 0.137191 0.163111 0.215897 0.153071
0.181035 0.094202 0.208872 0.142476 0.066156 0.060228 0.141617 0.118033 0.101560 0.150054 0.150387 0.077375 0.085316 0.133575 0.113810 0.044261 0.086732 0.076343 0.088231 0.143251 0.088164 0.115735 0.108676 0.093832 0.169880 0.099015 0.082131 0.107696 0.164240 0.032967 0.069522 0.062656 0.128543 0.106583 0.075417 0.188993 0.084327 0.130210 0.145304 0.118274
0.170953 0.100486 0.165250 0.134502 0.150213 0.097007 0.104254 0.212212 0.156992 0.132540 0.215613 0.102213 0.113224 0.116025 0.160741 0.119446 0.105988 0.125677 0.123541 0.150035 0.102407 0.125754 0.150716 0.147249 0.147123 0.093611 0.141665 0.144375 0.177534 0.067221 0.111660 0.150069 0.099086 0.117406 0.160738 0.184036 0.082250 0.076512 0.159615 0.136881
0.226185 0.152329 0.230310 0.188315 0.164483 0.124795 0.214546 0.302394 0.223143 0.202932 0.216419 0.175067 0.169413 0.178333 0.189600 0.141940 0.157768 0.185331 0.204949 0.228007 0.141788 0.176012 0.190928 0.193203 0.204498 0.145167 0.173375 0.198584 0.238513 0.159265 0.126282 0.140451 0.166005 0.180216 0.165163 0.235447 0.139315 0.155993 0.216624 0.138354
0.200206 0.136825 0.279800 0.213051 0.153830 0.093003 0.242972 0.212909 0.184971 0.184150 0.271088 0.144300 0.165495 0.194789 0.192195 0.131715 0.174814 0.163410 0.165797 0.196881 0.146978 0.167262 0.183023 0.189656 0.264293 0.175831 0.166596 0.201063 0.209519 0.103810 0.140682 0.139733 0.172242 0.188845 0.143399 0.237754 0.173434 0.180146 0.208396 0.165767
0.220336 0.166972 0.297200 0.246471 0.153316 0.122897 0.242671 0.219078 0.211131 0.239028 0.249805 0.155976 0.148572 0.255395 0.173531 0.128369 0.180892 0.197533 0.189685 0.218396 0.158405 0.175895 0.199238 0.200284 0.301059 0.164580 0.153065 0.217397 0.211335 0.108185 0.146735 0.138603 0.165629 0.182185 0.124213 0.328163 0.189711 0.200098 0.260302 0.162602
0.120079 0.115539 0.164488 0.102631 0.096734 0.077938 0.103495 0.162008 0.087112 0.102072 0.157299 0.055673 0.110684 0.098526 0.096704 0.074810 0.048709 0.162848 0.154689 0.137335 0.099969 0.107151 0.096961 0.070205 0.156992 0.092819 0.071538 0.106230 0.089783 0.079057 0.120925 0.107369 0.059708 0.117166 0.114490 0.159602 0.068021 0.084469 0.158070 0.093826
0.194355 0.087085 0.149495 0.113323 0.108541 0.104074 0.103657 0.153472 0.148948 0.124003 0.162183 0.088767 0.084759 0.117892 0.148726 0.093924 0.094414 0.082682 0.107936 0.137160 0.060233 0.094691 0.105625 0.109167 0.090512 0.117267 0.096776 0.127210 0.186156 0.053677 0.076680 0.086830 0.103004 0.105459 0.069705 0.191005 0.085693 0.084094 0.150769 0.102151
0.179582 0.142717 0.246011 0.209999 0.158838 0.113335 0.208402 0.231423 0.198758 0.197153 0.245927 0.139533 0.163746 0.202019 0.170548 0.120367 0.184833 0.163310 0.176948 0.187144 0.154130 0.148820 0.207657 0.192590 0.226278 0.142892 0.150053 0.180138 0.209893 0.109341 0.127153 0.140663 0.158578 0.156885 0.138423 0.258451 0.143916 0.179109 0.240499 0.134229
0.185969 0.087471 0.187243 0.123372 0.095906 0.085377 0.134666 0.124172 0.118711 0.111361 0.170333 0.084055 0.109510 0.131347 0.153967 0.106264 0.072746 0.126652 0.099166 0.171079 0.092784 0.099219 0.127120 0.103271 0.144138 0.096410 0.054798 0.126708 0.097314 0.078883 0.101092 0.094406 0.071589 0.179010 0.085069 0.207885 0.096388 0.055645 0.150591 0.152201
0.168951 0.100447 0.197518 0.182656 0.127665 0.098196 0.154078 0.194996 0.116755 0.117761 0.182394 0.097212 0.096898 0.156598 0.131565 0.085176 0.078295 0.148286 0.137108 0.158138 0.081717 0.095608 0.144536 0.110072 0.164251 0.084930 0.100547 0.146444 0.169620 0.094721 0.150282 0.099748 0.090933 0.130004 0.133334 0.175738 0.096148 0.099591 0.125403 0.130256
0.165160 0.113906 0.225584 0.120585 0.084313 0.093536 0.119935 0.143262 0.086585 0.122808 0.181934 0.087855 0.110221 0.140319 0.147963 0.081229 0.061726 0.133227 0.146827 0.153874 0.103089 0.133593 0.136264 0.131537 0.171339 0.096569 0.095305 0.116964 0.118964 0.046983 0.140625 0.075507 0.116588 0.145089 0.100331 0.237114 0.099758 0.121506 0.166071 0.158665
0.217093 0.134048 0.266013 0.204475 0.152855 0.121705 0.244471 0.240538 0.192214 0.189744 0.208906 0.164664 0.173120 0.216320 0.159744 0.141525 0.147980 0.212642 0.199565 0.245681 0.144899 0.162272 0.189092 0.172665 0.240252 0.146578 0.129969 0.205937 0.185516 0.145986 0.138718 0.133342 0.159815 0.222625 0.131090 0.289668 0.168553 0.136828 0.251520 0.161596
0.214719 0.104250 0.262235 0.173746 0.124675 0.105135 0.234715 0.190180 0.155661 0.159196 0.214213 0.148647 0.155524 0.183160 0.160206 0.109229 0.093319 0.183491 0.180920 0.246578 0.096891 0.166391 0.132847 0.156268 0.213830 0.130172 0.114174 0.186223 0.154316 0.124886 0.145183 0.094702 0.149648 0.188730 0.143965 0.266994 0.138184 0.127555 0.193693 0.146150
0.128185 0.049698 0.149936 0.113117 0.058305 0.054369 0.096754 0.150710 0.066684 0.072987 0.160223 0.053178 0.044489 0.069962 0.113932 0.055433 0.068061 0.056381 0.057635 0.078849 0.058619 0.066594 0.081172 0.096657 0.102873 0.053468 0.097368 0.099915 0.124305 0.039744 0.048130 0.043779 0.083745 0.098712 0.070878 0.104676 0.061259 0.092764 0.106161 0.077582
0.213327 0.159112 0.264045 0.220934 0.166360 0.134033 0.228505 0.252080 0.204808 0.216824 0.279127 0.144323 0.164995 0.213140 0.198869 0.147969 0.194545 0.175172 0.186623 0.201419 0.153333 0.162876 0.203236 0.212152 0.250070 0.161801 0.172310 0.205692 0.232322 0.122101 0.142645 0.134823 0.172794 0.175216 0.155579 0.285623 0.162843 0.207373 0.250351 0.154667
0.216119 0.171610 0.309797 0.234349 0.168737 0.131413 0.272292 0.231461 0.209556 0.242467 0.253462 0.158464 0.195010 0.258435 0.181649 0.136945 0.200764 0.227644 0.224686 0.252618 0.180126 0.198940 0.200967 0.199515 0.286389 0.174685 0.157462 0.220037 0.216294 0.125606 0.161682 0.140626 0.189396 0.190195 0.144802 0.324636 0.200298 0.237906 0.278427 0.184337
0.214973 0.126021 0.246440 0.186742 0.169331 0.106369 0.244798 0.222823 0.164288 0.166123 0.218885 0.121852 0.146249 0.172436 0.161286 0.103737 0.139456 0.178680 0.192609 0.221076 0.120144 0.150805 0.143998 0.145845 0.213676 0.170530 0.135910 0.191236 0.212538 0.143063 0.130762 0.120907 0.166284 0.168066 0.177735 0.190321 0.126279 0.170163 0.200353 0.152828
0.184972 0.123152 0.194594 0.172226 0.168226 0.085086 0.183517 0.271594 0.171654 0.177549 0.231727 0.108627 0.142477 0.170640 0.148818 0.115467 0.124548 0.159216 0.157520 0.183090 0.120170 0.136482 0.154996 0.138373 0.210288 0.116219 0.139366 0.160881 0.206917 0.082021 0.113502 0.133943 0.129173 0.150700 0.162101 0.215038 0.106808 0.140237 0.213038 0.130369
0.198419 0.132792 0.191397 0.106628 0.113052 0.070931 0.166933 0.220848 0.135080 0.158041 0.159280 0.101286 0.125998 0.148354 0.130049 0.110591 0.122008 0.152786 0.166175 0.151981 0.116821 0.139818 0.149810 0.157727 0.162722 0.132927 0.113282 0.161893 0.154043 0.097112 0.095608 0.088166 0.110820 0.159374 0.106311 0.198074 0.111321 0.145833 0.168987 0.128031
0.171245 0.116028 0.165955 0.116020 0.120374 0.092797 0.160286 0.220113 0.162944 0.170525 0.171386 0.115571 0.121652 0.131279 0.162724 0.121661 0.123884 0.120919 0.148650 0.140374 0.123912 0.141983 0.153798 0.176486 0.169605 0.109450 0.154008 0.146436 0.178831 0.093178 0.073313 0.106895 0.151705 0.124984 0.132678 0.190256 0.107914 0.131773 0.173102 0.124270
0.145738 0.096753 0.174600 0.134098 0.095724 0.078982 0.088725 0.155145 0.116958 0.129473 0.165579 0.080013 0.083028 0.129862 0.119372 0.071269 0.085818 0.086568 0.099948 0.104368 0.099318 0.114601 0.157203 0.130963 0.146573 0.062446 0.083399 0.109897 0.140792 0.045795 0.086821 0.085009 0.079911 0.103239 0.120835 0.158567 0.075187 0.083904 0.130460 0.106476
0.148953 0.124714 0.169442 0.132155 0.066894 0.089826 0.112624 0.163163 0.099789 0.137435 0.167629 0.062316 0.075158 0.115948 0.112684 0.078465 0.063672 0.096252 0.095972 0.118041 0.064632 0.088969 0.112565 0.102932 0.153827 0.094782 0.087982 0.125435 0.134452 0.061472 0.095001 0.030700 0.100297 0.100865 0.083670 0.180125 0.083077 0.128581 0.128813 0.075808
0.120538 0.069049 0.152416 0.108680 0.092251 0.083350 0.077012 0.164968 0.112710 0.067392 0.177630 0.077778 0.053826 0.089101 0.146280 0.082385 0.067305 0.083183 0.081222 0.100281 0.059333 0.088320 0.103152 0.136649 0.089807 0.067883 0.126456 0.111636 0.113130 0.031751 0.084616 0.076379 0.075668 0.123019 0.076572 0.130014 0.069129 0.063475 0.096328 0.100119
0.220228 0.124519 0.245064 0.166257 0.125840 0.103341 0.144632 0.168682 0.123991 0.142959 0.205859 0.140861 0.112425 0.183937 0.150473 0.108325 0.119654 0.157436 0.164431 0.164155 0.106805 0.149935 0.147257 0.168123 0.177018 0.106742 0.095583 0.164166 0.174497 0.099733 0.143278 0.120733 0.080011 0.158165 0.120763 0.258157 0.111080 0.122824 0.182800 0.143585
0.259675 0.160770 0.287298 0.216979 0.160710 0.137035 0.271614 0.285710 0.221508 0.225754 0.247579 0.178951 0.199287 0.234273 0.206245 0.160162 0.160198 0.246873 0.217150 0.285015 0.168072 0.185994 0.213243 0.184773 0.261060 0.165905 0.164344 0.225753 0.232903 0.168122 0.176381 0.153444 0.172473 0.242967 0.151697 0.347359 0.186540 0.159791 0.273101 0.202763
0.158112 0.122409 0.187933 0.149277 0.129985 0.093380 0.127965 0.236372 0.173159 0.137652 0.219674 0.118428 0.116883 0.123689 0.161092 0.124278 0.092241 0.138881 0.124118 0.162428 0.095397 0.122390 0.155025 0.148160 0.161365 0.116316 0.164139 0.162284 0.165706 0.062702 0.114906 0.124163 0.120327 0.142571 0.117014 0.207785 0.102337 0.096267 0.162549 0.119917
0.268711 0.170601 0.318936 0.252191 0.192321 0.141122 0.291855 0.258178 0.213575 0.241678 0.265342 0.181608 0.204656 0.267354 0.193687 0.162938 0.180855 0.259673 0.241711 0.281180 0.170202 0.196412 0.215515 0.198439 0.301944 0.175990 0.141909 0.236385 0.224063 0.178524 0.176057 0.161380 0.176093 0.240941 0.168721 0.340038 0.196749 0.181156 0.288875 0.202728
0.241181 0.166008 0.283189 0.209281 0.157991 0.141481 0.243697 0.257586 0.215569 0.228835 0.248488 0.146848 0.203046 0.223768 0.204722 0.158857 0.166284 0.200543 0.215385 0.244829 0.163178 0.183096 0.198510 0.185246 0.279998 0.179886 0.137085 0.196613 0.219945 0.126804 0.150413 0.134659 0.180999 0.209909 0.152608 0.312878 0.197027 0.202469 0.279074 0.173911
0.145077 0.121211 0.213100 0.176263 0.097010 0.093540 0.160709 0.176408 0.133843 0.208798 0.179549 0.082979 0.104150 0.164930 0.120247 0.079844 0.116376 0.122339 0.118270 0.160117 0.099640 0.120723 0.131361 0.152257 0.234598 0.093829 0.109151 0.125297 0.145698 0.070433 0.081095 0.079042 0.131527 0.112712 0.074485 0.204490 0.111211 0.154046 0.196973 0.109377
0.237075 0.113265 0.180927 0.134475 0.099502 0.106394 0.159719 0.185846 0.148159 0.152924 0.173411 0.081917 0.122592 0.138789 0.140465 0.133143 0.085399 0.161916 0.136256 0.187677 0.098207 0.113360 0.125116 0.106990 0.176064 0.132645 0.092041 0.167251 0.159095 0.083736 0.107564 0.084800 0.093973 0.168470 0.104333 0.260034 0.120430 0.106760 0.184060 0.139859
0.219602 0.131718 0.232023 0.171610 0.087808 0.130074 0.158468 0.207406 0.167477 0.163082 0.202605 0.107336 0.132102 0.163757 0.152678 0.128638 0.088349 0.196928 0.167323 0.203675 0.114666 0.125902 0.168038 0.136417 0.203320 0.124614 0.116328 0.158278 0.149931 0.088837 0.137300 0.095393 0.119064 0.177415 0.104236 0.309981 0.146776 0.121189 0.210124 0.156374
