2.5356	1.7848	1.4416	1.3553	2.1924	1.1406	1.6534	1.7916	2.7532	1.3806	1.2515	1.5255	2.3277	0.94803	1.1949	1.0053	1.009	2.4808	1.649	2.4428	1.589	0.61074	1.4154	2.1011	2.1108	2.2785	1.6341	1.6262	1.8094	1.098	1.1175	1.8355	1.4153	0.67474
7.5983	4.8313	5.5127	3.4813	1.3684	1.3318	2.0638	2.4497	2.7779	1.1495	1.7125	1.301	2.5712	3.5154	3.1351	1.9859	0.53691	1.8983	1.258	2.5174	1.2664	0.83766	1.6071	3.1613	1.2025	1.3826	1.4161	2.2673	2.1166	2.0213	2.4979	3.7661	5.4725	7.2552
9.5953	6.1565	7.3012	5.0578	2.1566	2.193	3.0438	2.9882	4.2243	1.8006	1.1162	0.75636	1.6076	3.9014	2.1529	1.5109	1.6366	1.588	1.2474	2.4949	2.397	2.8848	2.1426	3.7842	2.3076	2.7543	1.6174	3.2078	2.6251	3.6811	2.9694	4.0183	7.7887	10.173
11.749	6.1537	7.0807	4.262	2.5385	2.256	2.418	4.0442	4.6038	2.1404	2.0223	1.1087	0.65107	4.9098	2.4736	2.1013	1.5739	1.7752	1.2025	2.6084	1.6626	2.5496	1.1173	3.7697	1.7646	2.5569	1.6702	3.222	2.6523	2.6382	4.1064	3.8013	8.6071	11.546
10.668	6.8266	7.8783	4.9889	2.8729	4.0673	2.1917	3.5856	4.1964	3.0927	1.415	0.63203	1.3161	3.3549	1.275	0.76493	1.4803	1.6491	1.5378	2.2805	1.5075	1.9184	0.63853	4.0518	2.0782	2.2453	2.0815	2.7178	2.119	2.937	3.3161	4.5131	8.1434	10.535
11.673	6.8685	7.3688	4.7564	3.1236	2.6267	2.2244	3.5842	4.4833	1.4724	2.7685	1.1709	2.424	4.3006	1.5816	1.6347	0.81174	0.91219	0.81268	3.2153	1.6682	1.1534	1.0905	3.7764	2.5504	2.2075	2.4449	3.755	2.5402	2.8665	2.9511	4.7344	8.4481	12.044
1.801	1.0292	1.9289	1.7303	1.4886	1.5785	1.2373	1.4588	1.9631	1.5468	1.5211	1.2316	1.4889	1.6241	1.6791	1.3955	1.3674	1.988	1.0377	1.8852	1.9133	1.7962	1.0987	1.2619	1.3354	1.6797	1.1366	1.7212	1.1068	1.6538	1.4942	1.7791	1.715	1.9037
7.4527	4.3956	5.2154	3.3894	1.8822	2.2757	2.1626	2.4964	3.2123	1.5993	1.9065	0.97924	1.5352	3.0868	1.6535	1.5492	1.3308	1.7292	1.4176	2.221	1.7397	1.6586	1.44	2.7675	1.7928	1.9027	1.3764	2.4855	1.9002	2.43	2.518	3.3996	5.7534	7.7322
9.9737	5.9091	6.8262	4.2443	2.1355	2.6451	2.6058	3.0687	3.8881	1.7043	2.1468	0.9294	1.6378	3.8572	1.7319	1.6936	1.3901	1.7379	1.6451	2.4901	1.7636	1.7119	1.6534	3.4911	2.0506	2.1042	1.5395	2.931	2.3186	2.8772	3.0784	4.2173	7.6104	10.383
11.059	6.557	7.5396	4.6273	2.2625	2.8208	2.8069	3.3255	4.1901	1.7628	2.2672	0.91987	1.6975	4.1956	1.7801	1.7659	1.4382	1.7631	1.7481	2.6199	1.7917	1.7536	1.7512	3.8115	2.1804	2.2182	1.6209	3.142	2.505	3.0871	3.329	4.5841	8.4225	11.547
11.523	6.8315	7.8478	4.7938	2.3227	2.9028	2.8979	3.4364	4.3202	1.7913	2.3246	0.91937	1.7273	4.3395	1.8045	1.7993	1.4666	1.78	1.7927	2.6782	1.8088	1.7765	1.7938	3.9512	2.2428	2.276	1.659	3.2377	2.5853	3.1817	3.437	4.7452	8.7729	12.052
11.722	6.9477	7.9798	4.8656	2.3506	2.9409	2.9391	3.4838	4.3757	1.8046	2.3514	0.92038	1.7415	4.4002	1.8161	1.8142	1.4817	1.7892	1.8118	2.7038	1.8177	1.7879	1.8122	4.0119	2.2722	2.304	1.6765	3.2804	2.6196	3.2236	3.483	4.8155	8.9235	12.271
1.3342	1.6987	1.1978	1.0305	1.7441	1.5	1.4799	1.9047	1.6099	1.6177	1.8594	1.8055	1.5767	1.1829	1.2399	1.8865	1.0287	1.4899	1.1679	1.9787	1.7127	1.5005	1.4711	1.0596	1.682	1.0424	1.0714	1.5216	1.0967	1.8181	1.8175	1.7224	1.1499	1.6596
7.2756	4.5637	4.8913	3.121	1.9946	2.2409	2.2298	2.6259	3.0537	1.6041	2.0334	1.1832	1.5354	2.8863	1.4763	1.7141	1.2123	1.5539	1.4498	2.2595	1.6502	1.5578	1.5613	2.6368	1.8716	1.6672	1.3532	2.3932	1.8716	2.458	2.6238	3.3318	5.5281	7.6048
9.9135	5.9519	6.6941	4.1423	2.1832	2.6306	2.6255	3.11	3.827	1.703	2.1964	1.0038	1.6328	3.7765	1.6648	1.7523	1.3473	1.6741	1.655	2.5045	1.7288	1.6755	1.6961	3.4288	2.0655	2.0155	1.531	2.8933	2.3036	2.8809	3.1138	4.1808	7.5223	10.325
11.039	6.5663	7.4864	4.5883	2.2821	2.8149	2.8127	3.3387	4.1668	1.7614	2.2867	0.94707	1.6942	4.1638	1.7548	1.787	1.4225	1.7397	1.7512	2.6251	1.7783	1.7403	1.7663	3.7838	2.181	2.1842	1.6176	3.1263	2.498	3.0863	3.3408	4.5663	8.3876	11.521
11.516	6.8326	7.8264	4.7788	2.3307	2.9004	2.8995	3.4406	4.3114	1.7904	2.3323	0.92934	1.7256	4.327	1.795	1.8068	1.4608	1.7714	1.7936	2.68	1.8036	1.7716	1.7992	3.9392	2.2412	2.2627	1.6577	3.231	2.5822	3.1805	3.4408	4.7369	8.7589	12.04
11.72	6.9472	7.9712	4.8598	2.3539	2.94	2.9396	3.485	4.3723	1.8041	2.3544	0.92403	1.7407	4.3953	1.8125	1.8169	1.4796	1.786	1.812	2.7044	1.8157	1.786	1.8141	4.0068	2.2709	2.2988	1.6759	3.2776	2.6182	3.2228	3.4842	4.8117	8.9178	12.265
1.973	1.649	1.8003	1.4538	1.4324	1.8253	1.0835	1.1332	1.1734	1.3909	1.8314	1.8034	1.0605	1.3993	1.5269	1.4168	1.6569	1.628	1.292	1.4317	1.0155	1.9841	1.1672	1.1062	1.3724	1.1981	1.4897	1.3395	1.9516	1.9203	1.0527	1.7379	1.2691	1.4228
7.4679	4.5404	5.1218	3.2476	1.872	2.3956	2.1352	2.3785	2.8776	1.5303	2.0313	1.1911	1.369	2.9978	1.578	1.5376	1.4425	1.6122	1.4916	2.0614	1.3899	1.7432	1.4457	2.656	1.7607	1.7129	1.5076	2.3222	2.1979	2.5221	2.3205	3.378	5.4746	7.4483
9.9765	5.9419	6.779	4.1779	2.1364	2.7013	2.6071	3.023	3.7555	1.6769	2.1966	1.0074	1.5741	3.821	1.701	1.6861	1.4348	1.696	1.6692	2.4314	1.6317	1.7442	1.6523	3.4364	2.0254	2.029	1.5891	2.864	2.4257	2.9129	2.9972	4.2061	7.4735	10.247
11.061	6.5624	7.5175	4.5978	2.2649	2.8465	2.8121	3.3077	4.1381	1.7521	2.2873	0.94857	1.6731	4.1809	1.7676	1.7621	1.4564	1.7479	1.7559	2.598	1.7421	1.7656	1.7497	3.7866	2.1664	2.1881	1.6396	3.1144	2.5435	3.1009	3.2962	4.5781	8.3598	11.485
11.524	6.8311	7.8377	4.7811	2.3245	2.9144	2.9018	3.4294	4.3	1.7871	2.3328	0.92994	1.718	4.3335	1.7995	1.7974	1.4742	1.7744	1.7952	2.67	1.7901	1.7809	1.7929	3.9402	2.2358	2.2639	1.6661	3.2263	2.5992	3.1868	3.4238	4.7419	8.745	12.025
11.723	6.9466	7.9753	4.8602	2.3517	2.9461	2.9415	3.481	4.3678	1.8029	2.3548	0.92427	1.7379	4.3977	1.8141	1.8134	1.485	1.7871	1.8125	2.7007	1.8106	1.7895	1.8117	4.0071	2.2689	2.2991	1.6791	3.2756	2.6245	3.2255	3.4776	4.8138	8.9113	12.259
2.1182	1.6326	2.1434	1.1963	1.9488	1.521	0.79667	1.1485	1.7213	1.0477	1.3294	2.1983	1.4665	0.47191	2.4678	2.083	1.7294	0.88776	1.2697	1.5985	1.1046	1.3021	0.92617	1.9161	0.20903	1.1562	0.8155	1.4117	1.436	1.3847	0.96444	1.8612	0.77882	0.63178
6.4784	3.8763	4.8862	2.3506	1.213	2.9569	2.3873	2.3292	3.9885	1.7545	2.5138	0.88522	1.3723	2.5376	1.0577	2.1891	1.7485	1.5317	1.6924	2.3637	2.2099	1.4871	1.1355	3.0544	2.2096	1.4649	1.631	2.8489	1.7745	2.9183	2.4932	2.9978	6.2685	6.3897
10.449	6.8074	6.6314	4.468	1.6511	2.91	3.0834	3.0028	3.9909	1.947	1.9397	1.7931	0.57247	3.8901	1.811	1.9051	1.6522	1.4776	1.5657	2.4763	2.2026	1.8476	1.203	3.8904	1.1041	2.1509	0.90103	2.7463	1.873	2.7328	3.5195	4.4621	8.3588	10.13
12.251	6.9979	7.2323	4.5339	2.0487	3.423	2.6904	3.3556	5.0732	0.6465	2.6601	0.94156	1.1849	3.6619	1.01	1.6013	0.9666	1.6574	1.8778	3.464	1.7532	1.7728	1.5696	4.7077	2.1994	2.3131	1.1163	3.6439	1.9763	3.6642	3.1035	4.3694	8.4588	11.874
11.993	7.2094	7.3229	5.1298	2.3817	2.9733	2.6401	3.4063	3.9495	1.1184	2.5934	1.7532	2.0264	4.814	1.4389	2.2162	1.857	2.0635	2.0186	2.3644	2.2596	3.1615	1.7226	4.5647	2.2535	2.2997	2.3309	3.0588	2.4472	2.9173	3.2101	5.0844	9.6548	12.201
11.559	6.5005	7.5193	4.9946	2.918	2.6151	2.7903	3.7905	4.6364	1.0794	1.823	0.71244	1.7109	4.0735	1.5177	2.2176	1.1565	2.3082	1.5046	2.331	1.91	1.1986	1.7075	3.3685	3.3851	1.9944	1.4683	3.7855	2.3988	3.7121	4.4842	5.519	9.0045	12.474
1.3185	1.5341	1.09	1.1117	1.1363	1.6787	1.4952	1.1897	1.495	1.1476	1.055	1.8507	1.5606	1.9296	1.6967	1.5828	1.8154	1.879	1.9889	1.0005	1.8654	1.6126	1.99	1.5277	1.4795	1.8013	1.2278	1.4981	1.9009	1.5747	1.8452	1.7386	1.586	1.2467
7.1699	4.4755	4.8586	3.1369	1.7269	2.3153	2.2591	2.3566	3.0142	1.4239	1.7082	1.1981	1.5304	3.15	1.6505	1.6086	1.5116	1.6906	1.758	1.8886	1.7126	1.5926	1.7584	2.8493	1.8422	1.9638	1.3984	2.3915	2.1636	2.4057	2.6316	3.4169	5.7907	7.5679
9.848	5.9129	6.6807	4.1441	2.0717	2.6648	2.6464	3.0093	3.8138	1.6365	2.0671	1.0087	1.6306	3.872	1.7308	1.7154	1.4612	1.7229	1.7704	2.3666	1.7537	1.6868	1.7705	3.5208	2.0695	2.1311	1.5465	2.897	2.4126	2.8712	3.117	4.2365	7.6575	10.347
11.006	6.5498	7.481	4.5875	2.2368	2.8304	2.8242	3.3011	4.1625	1.7369	2.2357	0.94867	1.6931	4.1984	1.7799	1.7742	1.4661	1.7572	1.7944	2.5739	1.7883	1.7439	1.7945	3.8229	2.1879	2.2296	1.6233	3.1298	2.539	3.086	3.3423	4.5957	8.4518	11.543
11.501	6.8257	7.8243	4.778	2.3124	2.9073	2.9052	3.4265	4.3101	1.7815	2.3122	0.92984	1.7251	4.3396	1.8045	1.8025	1.4776	1.7776	1.8099	2.6611	1.8076	1.7727	1.8099	3.9557	2.2459	2.2808	1.6599	3.2334	2.5977	3.1817	3.4416	4.7511	8.7881	12.054
11.713	6.9443	7.9705	4.8592	2.3466	2.943	2.9422	3.4797	4.372	1.8008	2.3466	0.92417	1.7405	4.3999	1.8162	1.8154	1.4861	1.7882	1.8182	2.6974	1.8174	1.7864	1.8182	4.0137	2.2735	2.3061	1.6768	3.2789	2.6241	3.2238	3.4845	4.8184	8.9308	12.272
1.0835	1.626	1.6609	1.7298	1.8908	1.9823	1.769	1.5814	1.9283	1.5801	1.017	1.1209	1.8627	1.4843	1.8449	1.2094	1.5523	1.6299	1.032	1.6147	1.3624	1.0495	1.4896	1.1925	1.1231	1.2055	1.1465	1.1891	1.0427	1.6352	1.2819	1.5386	1.6952	1.4991
7.144	4.5115	5.0827	3.4026	2.016	2.4257	2.3951	2.5369	3.1645	1.5988	1.7424	0.92665	1.6612	3.024	1.7064	1.4726	1.4394	1.5985	1.4073	2.1157	1.5289	1.385	1.5757	2.6786	1.6508	1.694	1.3717	2.2528	1.8536	2.4085	2.442	3.2393	5.6909	7.491
9.8432	5.9222	6.7663	4.2539	2.1849	2.7084	2.708	3.0822	3.8646	1.702	2.095	0.90876	1.6832	3.8317	1.7498	1.6638	1.4425	1.6892	1.6398	2.4498	1.6845	1.6107	1.7018	3.4397	1.9789	2.0145	1.536	2.8334	2.2963	2.8649	3.0487	4.1364	7.57	10.264
11.005	6.5517	7.5133	4.6322	2.2814	2.8486	2.8514	3.3299	4.1795	1.7613	2.2514	0.91189	1.7139	4.1853	1.7861	1.7544	1.4621	1.7448	1.7456	2.6043	1.7621	1.7159	1.7684	3.7857	2.1468	2.1799	1.619	3.1013	2.4949	3.0808	3.3171	4.5459	8.4009	11.492
11.501	6.8259	7.8363	4.7961	2.3302	2.9152	2.9171	3.4378	4.3156	1.7905	2.32	0.9163	1.7333	4.3353	1.8064	1.7948	1.4773	1.7731	1.7916	2.6721	1.7976	1.7624	1.7999	3.939	2.2276	2.2596	1.658	3.2206	2.5809	3.1785	3.4321	4.7276	8.7622	12.027
11.714	6.9442	7.9748	4.8665	2.3537	2.9465	2.9475	3.4841	4.3737	1.8041	2.3503	0.9192	1.7437	4.3985	1.8167	1.8125	1.4865	1.7865	1.8113	2.7014	1.8135	1.7826	1.8143	4.0063	2.2654	2.297	1.676	3.2732	2.6176	3.2221	3.481	4.8076	8.9184	12.259
0.99656	1.163	1.646	2.3778	1.1058	0.5882	1.4163	1.1157	1.4914	1.254	0.5354	2.6797	0.84661	1.1534	1.2289	0.76905	2.1489	1.9384	0.6622	2.2628	1.9206	2.1656	1.0277	1.8912	1.5664	1.9438	2.5528	2.0994	2.0884	1.6499	1.0709	0.92855	0.21606	1.3646
7.0414	5.0325	4.894	3.2608	1.4486	2.5426	2.3362	1.9182	1.434	2.5155	1.8007	2.2638	1.8246	3.1303	1.185	0.67026	1.0327	1.1838	1.5636	3.3035	1.8607	0.70291	0.93918	2.0455	2.2834	2.3147	1.5913	2.4039	2.3186	2.3466	1.8381	2.9489	4.402	7.9363
9.8055	5.7748	6.9984	4.1422	1.4632	2.8188	2.7846	3.5945	3.2778	1.3944	2.5293	1.0835	0.88518	4.3202	1.0518	1.7391	0.94551	2.0977	2.3426	2.7636	1.9325	1.5967	1.7201	3.3684	2.6258	1.5339	1.8517	2.8665	1.7153	2.2818	2.9127	4.7781	8.7479	11.12
11.229	6.4731	7.0597	4.9603	2.3043	2.7585	2.444	2.9023	3.4487	1.6283	2.453	0.45797	0.6947	4.6513	2.0731	1.7189	0.81008	1.1752	1.9454	1.8478	1.5958	1.8844	1.6105	3.5692	2.1361	2.8017	1.4702	3.362	1.4138	3.2334	2.8647	4.8746	8.8367	10.674
11.032	6.2359	8.7912	5.0658	2.1204	3.4081	3.063	3.3495	3.8012	1.0012	1.9671	1.5322	1.9298	4.0427	1.6154	2.394	1.7187	1.0576	2.2569	2.5762	1.503	1.4474	1.5858	3.5062	2.3959	1.7916	1.1589	2.534	2.3035	2.5932	3.288	4.7713	8.8707	11.815
11.876	6.2493	8.0358	4.301	2.1674	2.5004	2.6816	2.8777	4.2646	1.5639	1.5318	0.62791	1.9391	4.8015	1.8349	2.2136	2.8804	2.1455	1.0062	2.453	1.5201	2.0262	1.4546	4.3439	2.5984	1.3924	0.14048	2.9182	2.7284	2.7423	3.2487	4.0799	8.4223	12.223
1.4837	1.6382	1.51	2.0455	1.4221	1.4586	1.2388	1.8242	1.5603	1.9414	1.5464	0.46447	2.4426	0.9588	1.8078	2.0659	1.7199	1.7547	2.0059	1.5264	0.99758	1.219	1.367	1.6488	1.45	1.341	1.9253	1.2014	1.5674	0.54961	0.92443	1.8821	1.6667	0.93428
7.3438	4.146	5.9823	3.7312	1.622	2.6873	1.9799	2.6819	2.5585	3.4258	3.3314	0.79833	1.6833	2.7537	1.3838	2.6361	1.4612	2.7625	0.67769	3.2071	1.1731	2.0839	1.8212	3.031	1.3989	1.7096	1.616	2.5866	1.4717	1.6452	1.6856	2.6293	5.6814	7.3656
10.201	5.5784	6.7396	3.7927	2.1796	3.5368	2.2476	3.5045	4.3632	1.667	2.4628	0.4115	1.5199	3.4695	1.8918	2.2723	1.0044	0.9861	2.6534	3.8078	1.1308	2.2605	1.5644	4.0159	2.4336	1.6302	1.9546	2.1807	1.5173	2.0963	3.191	4.2409	8.5503	11.013
11.383	7.1946	7.6538	5.0638	2.1337	2.2483	3.223	3.5727	4.5414	0.98889	2.4291	1.2477	2.2835	4.4644	1.5958	2.2437	1.2732	1.7944	1.217	2.6658	1.8059	1.9747	1.3225	4.0152	2.8793	1.8122	2.2874	2.6015	2.8923	3.0502	3.9286	5.0033	8.8928	12.268
10.754	6.42	7.3613	4.9916	2.2266	4.0987	2.55	3.2331	4.4475	2.7531	1.94	0.76118	1.1558	3.9419	1.9366	1.6869	1.3835	1.0447	1.911	1.7135	2.8554	2.2823	2.1202	4.0497	1.9714	1.7949	0.40368	3.62	3.1853	2.867	3.0345	4.8551	8.7486	12.405
11.982	6.3242	8.8124	4.287	1.8328	3.7078	2.7081	3.2252	4.371	2.1108	1.8196	1.8073	2.0802	3.8642	0.52975	1.9078	1.2426	2.4373	2.3642	2.5174	1.4555	2.2211	1.849	4.152	3.2366	2.48	1.5914	3.2166	3.4382	3.8798	2.8483	3.8586	9.5813	12.511
1.0939	2.2605	1.3814	3.0753	1.9733	2.0414	1.0345	2.661	1.9155	1.0974	2.399	2.3281	1.5525	1.9293	1.4451	1.5215	1.5486	2.7823	1.0963	2.415	2.0513	1.3548	2.9325	1.1917	2.8487	1.2309	0.75242	1.5019	1.205	1.5301	1.4006	2.0167	1.5653	2.1573
7.2476	4.1334	4.9231	2.8137	1.8057	2.0721	1.826	2.4116	3.2898	1.9721	2.5735	1.1911	1.8947	3.2757	2.2739	2.3458	1.6748	1.3832	1.9832	2.1481	1.6067	1.5817	2.1136	2.774	1.8287	1.4595	1.6546	2.0925	1.9558	2.1749	2.2482	4.5548	4.873	8.2321
9.5877	6.6544	6.6913	4.5216	2.2862	2.5579	2.4478	2.3782	4.1804	2.0237	1.8702	1.0081	1.2145	4.085	2.3945	2.2198	1.4768	1.9496	1.0437	2.933	1.5196	1.3381	2.1109	3.321	2.1067	1.9225	1.5123	2.7553	2.5591	1.9418	3.1333	4.3446	7.4993	10.773
11.217	6.0917	8.9748	4.0879	3.013	2.0999	2.3615	3.0288	3.4498	2.894	2.3873	1.0001	1.1604	3.4553	1.4856	1.8711	1.2841	2.5305	1.6331	2.4518	2.1533	2.541	1.2836	4.0853	2.4541	2.5038	1.5046	3.2054	3.1504	1.8965	3.0116	4.6046	8.8111	10.42
12.709	6.9413	7.5158	5.3105	1.1881	2.4631	3.5835	3.9096	4.0255	1.869	2.7196	0.53686	1.6824	3.8485	2.2419	2.238	2.3663	3.1385	1.9372	3.0071	2.48	1.7312	2.0248	3.4491	2.8524	3.1121	1.5511	3.3274	2.8969	2.3181	3.1258	4.4543	8.494	11.773
11.482	6.6388	7.9502	5.0298	1.5347	2.7447	2.4499	4.0147	3.4574	0.72153	2.5464	1.6384	1.6151	4.4992	2.5151	1.9114	1.5978	1.9379	2.5614	3.6628	2.8835	1.548	2.0779	4.5584	2.536	2.5864	1.2362	3.1734	2.4762	3.1032	3.7903	4.7166	9.1747	12.725
0.77891	1.7288	1.6463	1.8466	1.3497	1.9121	1.978	1.5611	2.0097	2.5648	1.9337	1.012	1.3372	0.77288	0.52181	0.92307	0.60858	1.9019	1.0005	2.0408	1.6917	1.0469	1.4956	3.0942	2.0438	2.3052	1.4397	1.5788	2.5329	1.7675	1.5489	1.2735	1.2873	1.4596
6.5921	4.5282	4.3177	3.7562	1.9867	2.1686	1.7613	2.3723	3.2902	1.4636	1.8892	0.897	1.6524	2.8763	1.8818	1.4895	2.5861	1.881	1.1516	2.7452	2.353	1.0385	1.2583	3.3862	2.1785	2.1416	1.2731	2.6232	3.0487	2.6234	2.7871	3.9575	5.1449	7.1274
10.45	5.5659	5.5933	3.5505	1.1756	2.1409	3.0338	4.0077	4.1123	1.2028	1.8643	0.45005	1.1353	3.1801	2.7134	1.1963	1.2965	1.7435	2.0568	2.9709	1.0288	1.5169	1.5122	3.9045	2.1566	2.2081	0.5624	2.4896	2.2315	3.1691	1.9785	3.7146	6.7814	10.657
10.666	6.7684	7.3941	5.3421	3.0329	1.9397	2.8548	3.6302	3.8867	1.6454	2.0502	0.58907	2.2484	3.9026	2.8865	0.79023	1.6492	1.8291	2.611	2.7538	1.8516	1.6328	1.347	3.1793	2.029	2.5542	0.97141	2.0662	3.1386	3.4398	2.7542	4.0875	8.2233	10.464
12.561	6.4353	8.422	4.3456	2.5991	2.9088	2.5151	3.381	3.9206	1.5495	1.6637	0.77685	0.92967	3.9665	1.5549	1.7759	2.0675	1.5106	1.6055	2.3597	2.4511	1.8376	1.6581	3.662	1.786	2.5719	1.5051	3.2876	3.0763	3.5256	4.0433	4.4943	8.6576	12.13
10.607	7.3787	8.071	4.8843	3.3592	3.0502	3.3292	3.6228	4.5565	1.6408	1.9214	0.32191	1.5441	3.8057	1.792	1.1983	0.63865	2.1498	1.561	3.0192	1.5682	1.3424	3.6035	3.7032	2.2777	1.4953	2.0927	2.8051	1.9152	3.5662	3.1533	5.0359	8.6539	12.609
1.2354	1.448	1.5694	1.0614	1.4963	1.6423	1.2213	1.8371	1.9711	1.8464	1.506	1.2789	1.7466	1.2369	1.9573	1.6203	1.6003	1.1726	1.0903	1.2553	1.8586	1.9111	1.6996	1.7252	1.2299	1.5761	1.8106	1.4038	1.9884	1.09	1.3209	1.5114	1.0606	1.7257
7.1511	4.4266	5.0821	3.1418	1.8729	2.3021	2.1637	2.6027	3.1746	1.7002	1.8929	0.98663	1.5967	2.9097	1.7408	1.6168	1.4184	1.427	1.4219	1.9852	1.7045	1.6987	1.646	2.8808	1.7272	1.8622	1.5988	2.3654	2.2069	2.2607	2.4454	3.3035	5.5331	7.7188
9.8357	5.889	6.7811	4.1527	2.1304	2.6589	2.6111	3.1014	3.8688	1.7405	2.1409	0.9308	1.6551	3.7857	1.7628	1.7172	1.4236	1.6253	1.6455	2.402	1.7494	1.7252	1.7279	3.5222	2.02	2.0867	1.6171	2.8848	2.429	2.8282	3.0496	4.1851	7.539	10.401
10.998	6.5391	7.5241	4.593	2.2602	2.8276	2.8108	3.3355	4.1815	1.776	2.2649	0.91997	1.7023	4.1673	1.7912	1.7744	1.4511	1.7211	1.748	2.5869	1.7863	1.7578	1.7783	3.82	2.1669	2.2106	1.6485	3.124	2.545	3.0734	3.3176	4.573	8.3998	11.561
11.497	6.8211	7.8424	4.7808	2.3217	2.906	2.9001	3.4394	4.3166	1.7961	2.3237	0.91925	1.7286	4.3284	1.8085	1.8023	1.4717	1.7642	1.7926	2.6658	1.8067	1.7777	1.8038	3.9533	2.237	2.2727	1.669	3.2306	2.5999	3.1781	3.4325	4.7412	8.7658	12.06
11.711	6.9424	7.9779	4.8606	2.3503	2.9424	2.9403	3.4845	4.3742	1.8063	2.351	0.92027	1.7417	4.3958	1.8176	1.8153	1.4838	1.7832	1.8118	2.6991	1.8169	1.7882	1.8159	4.0124	2.2697	2.3026	1.6801	3.2776	2.6249	3.2228	3.4812	4.8141	8.9214	12.275
1.7828	1.9146	2.5184	1.9681	0.90085	2.4428	1.6592	1.6135	1.1062	1.2444	1.5593	2.7025	1.9364	0.74798	1.2003	2.0318	2.8044	1.5112	0.66758	1.4592	2.3851	1.7673	1.6955	1.3699	2.0321	1.6841	1.7009	1.4932	1.785	1.7757	2.378	1.6705	1.34	1.6254
7.4857	3.8305	4.7124	4.7849	2.0868	2.554	1.8087	1.4177	2.9289	1.078	3.1391	1.3573	0.82939	2.4792	1.3741	1.5651	1.5188	1.9728	0.74565	0.89607	1.6104	1.3676	1.1195	3.0505	1.6526	0.98914	2.1163	1.5146	1.5656	1.7491	2.6955	3.8014	7.1426	7.2119
9.1087	5.185	6.8365	3.492	3.2853	2.598	2.8192	3.3398	4.2338	1.4407	1.3058	0.96996	1.627	3.0558	1.1455	2.2881	1.3511	2.2223	1.0416	1.8055	1.7104	2.082	1.8184	2.7089	1.6386	1.5056	1.648	2.8145	1.6012	3.1445	3.6078	4.7473	8.1556	10.906
10.09	7.0037	7.7214	4.8468	1.8629	3.1476	3.6286	3.6872	4.4768	2.1764	2.0569	0.99024	1.236	3.063	2.5503	2.277	1.6771	1.8372	1.6772	2.5271	1.282	2.3656	2.2703	3.8799	2.3148	0.65458	1.4299	3.5017	2.7346	2.7896	4.0939	4.984	9.5604	11.43
11.5	6.7604	8.2462	4.6793	2.5942	2.9093	2.3154	3.5376	4.1276	1.8827	2.2822	1.3092	1.404	4.2576	1.6707	1.7501	1.6577	1.8514	0.98567	1.8053	1.5272	2.3134	1.6369	4.0358	2.4701	2.5277	1.2445	2.5127	2.9946	2.8986	2.8691	4.3303	8.9714	11.349
12.072	6.7538	7.5461	4.4512	2.071	3.5006	2.8253	3.0955	5.1812	2.2476	2.3963	0.5797	1.8845	4.9807	2.4614	2.4661	1.8926	1.1585	2.9383	2.468	1.1391	1.7693	1.7304	3.9305	2.1613	1.8034	1.5599	3.6107	2.9112	2.4435	3.8057	4.7498	9.0262	12.701
1.1548	1.1439	1.606	1.2545	1.3242	1.4018	1.4064	1.3862	1.6098	1.1669	1.1881	1.0946	1.3232	1.7696	1.2341	1.7404	1.6928	1.8241	1.828	1.2934	1.3094	1.523	1.3253	1.8318	1.8103	1.557	1.263	1.6806	1.2337	1.4564	1.3846	1.5386	1.9917	1.7552
7.0543	4.3392	5.0385	3.1785	1.7956	2.2048	2.2133	2.4326	3.0597	1.4496	1.7523	0.91648	1.4446	3.1012	1.4925	1.6787	1.4492	1.6568	1.7109	1.9891	1.5202	1.5461	1.526	2.97	1.9573	1.8937	1.4144	2.5036	1.9301	2.3881	2.4686	3.3265	5.8591	7.6595
9.7741	5.8602	6.7443	4.1551	2.0966	2.6195	2.624	3.0373	3.8276	1.6475	2.0821	0.90448	1.599	3.8543	1.6731	1.7416	1.4331	1.7085	1.7534	2.4018	1.6832	1.6678	1.6854	3.5661	2.1111	2.1108	1.5523	2.9469	2.3268	2.8686	3.0569	4.1969	7.6529	10.35
10.966	6.529	7.5034	4.5899	2.2455	2.8114	2.8135	3.3112	4.1663	1.7413	2.2406	0.91007	1.6814	4.1917	1.7585	1.7837	1.4538	1.7513	1.7881	2.5862	1.7622	1.7363	1.763	3.8399	2.2032	2.224	1.6254	3.1508	2.5072	3.086	3.3198	4.579	8.4396	11.533
11.481	6.8174	7.8322	4.7782	2.3154	2.8993	2.9001	3.4301	4.3109	1.7832	2.3137	0.91552	1.7207	4.337	1.7966	1.8059	1.4723	1.7752	1.8075	2.6653	1.798	1.7697	1.7982	3.9622	2.2516	2.2794	1.6607	3.242	2.5859	3.182	3.4331	4.7442	8.7798	12.046
11.704	6.941	7.9732	4.8591	2.3475	2.9395	2.9399	3.481	4.3721	1.8015	2.3469	0.91885	1.7388	4.3988	1.8132	1.8166	1.4838	1.7872	1.8172	2.6988	1.8137	1.7852	1.8138	4.0162	2.2756	2.3057	1.6771	3.2824	2.6197	3.224	3.4813	4.8156	8.9263	12.268
1.2348	1.5286	1.0514	1.7569	1.602	1.8572	1.9883	1.9295	1.4095	1.0003	1.5409	1.2077	1.2193	1.3258	1.0959	1.7475	1.7485	1.5433	1.3381	1.8323	1.5526	1.9575	1.8928	1.3565	1.5464	1.3467	1.6228	1.7966	1.7459	1.1255	1.8224	1.0252	1.4144	1.7314
7.2115	4.549	4.8652	3.3683	1.9493	2.4309	2.4775	2.6517	2.9809	1.375	1.9252	0.96124	1.4263	2.9565	1.4292	1.6689	1.5177	1.5687	1.5183	2.202	1.5972	1.7211	1.7224	2.753	1.8277	1.7633	1.5297	2.4992	2.086	2.2559	2.6217	3.1212	5.5913	7.6398
9.8817	5.9594	6.6872	4.2292	2.1705	2.7255	2.7424	3.1229	3.8002	1.6187	2.1614	0.92182	1.5963	3.806	1.648	1.7362	1.4745	1.6792	1.6808	2.4831	1.7098	1.7353	1.7558	3.4739	2.0531	2.0486	1.5909	2.9332	2.3792	2.8196	3.1122	4.1137	7.5428	10.343
11.025	6.5733	7.4844	4.6191	2.2796	2.8604	2.8665	3.3445	4.1569	1.7304	2.2762	0.91682	1.6817	4.1757	1.7487	1.7812	1.4755	1.7416	1.7608	2.6173	1.7715	1.7623	1.7884	3.8014	2.1778	2.196	1.6384	3.1414	2.5251	3.0678	3.34	4.5448	8.3951	11.529
11.512	6.8366	7.8259	4.7899	2.3309	2.9218	2.924	3.4431	4.3077	1.7791	2.3296	0.91818	1.7214	4.3318	1.7928	1.8047	1.483	1.7721	1.7972	2.6772	1.8012	1.7797	1.8074	3.9461	2.2405	2.267	1.6651	3.2368	2.5919	3.1751	3.4405	4.7301	8.7618	12.044
11.719	6.9492	7.9711	4.8637	2.3545	2.9498	2.9506	3.4861	4.371	1.7999	2.354	0.91991	1.7392	4.3972	1.8118	1.8161	1.489	1.7863	1.8134	2.7034	1.8148	1.789	1.8171	4.0095	2.2708	2.3004	1.6785	3.2798	2.6218	3.2213	3.4841	4.8096	8.919	12.267
1.3673	1.7449	1.8923	1.2426	1.1296	1.2251	1.35	1.2871	1.9275	1.0513	1.5927	1.1629	1.8384	1.1676	1.5022	1.9993	1.3554	1.0471	1.2137	1.3978	1.3337	1.2296	1.9361	1.6832	1.9621	1.438	1.9403	1.0058	1.6103	1.8011	1.233	1.9325	1.7633	1.8264
7.1313	4.486	5.1289	3.204	1.744	2.1375	2.1556	2.4199	3.1793	1.4141	1.8866	0.94533	1.6388	2.9049	1.5899	1.7727	1.3118	1.3882	1.4837	2.0463	1.5279	1.4554	1.7495	2.894	1.9902	1.8614	1.6802	2.2615	2.0881	2.5478	2.4353	3.4943	5.8363	7.7467
9.801	5.894	6.7753	4.1736	2.0809	2.5887	2.5895	3.0354	3.8723	1.6355	2.1275	0.9154	1.6714	3.7853	1.7093	1.7766	1.3778	1.6112	1.6703	2.4247	1.6865	1.6359	1.7681	3.5355	2.1182	2.1011	1.6553	2.8583	2.3887	2.9413	3.0484	4.2651	7.6629	10.41
10.975	6.535	7.5145	4.5999	2.2403	2.7971	2.7958	3.3112	4.1831	1.7373	2.2559	0.91416	1.7084	4.1672	1.7721	1.7969	1.4314	1.7157	1.7577	2.5951	1.7637	1.7248	1.7937	3.8285	2.2044	2.221	1.6653	3.1182	2.5312	3.1181	3.3178	4.6062	8.45	11.566
11.484	6.8174	7.8362	4.783	2.3135	2.8926	2.8916	3.4303	4.3173	1.7818	2.3188	0.91705	1.7308	4.3283	1.8017	1.8108	1.4631	1.7621	1.7964	2.6687	1.7986	1.7655	1.8097	3.9581	2.2516	2.2784	1.6762	3.23	2.5952	3.1959	3.4327	4.755	8.7862	12.063
11.705	6.9402	7.9747	4.8612	2.3468	2.9364	2.9359	3.4811	4.3745	1.801	2.3486	0.91942	1.7425	4.3957	1.8152	1.8185	1.48	1.7824	1.8132	2.7001	1.8141	1.7836	1.8181	4.0148	2.2755	2.3055	1.6831	3.278	2.6233	3.2299	3.4814	4.8198	8.9297	12.276
1.7926	1.329	1.2235	1.3124	1.5845	1.8299	1.2905	1.4026	1.8621	1.6147	1.9912	1.2037	1.8272	1.6759	1.2489	1.4758	1.3991	1.5994	1.8005	1.1051	1.8214	1.8411	1.3545	1.4301	1.5722	1.7008	1.7425	1.7579	1.3891	1.4293	1.9563	1.573	1.8497	1.2763
7.4188	4.4355	4.9588	3.2398	1.9427	2.3971	2.2031	2.4528	3.1708	1.6009	2.0968	0.96837	1.6455	3.0748	1.4896	1.5731	1.3578	1.5919	1.6925	1.9314	1.7002	1.6808	1.5285	2.8187	1.8771	1.923	1.5835	2.4937	1.9752	2.3837	2.6853	3.3444	5.8213	7.5589
9.9591	5.906	6.7305	4.1914	2.1669	2.7011	2.6297	3.0483	3.8747	1.7024	2.2236	0.92526	1.6759	3.8479	1.6716	1.7023	1.4057	1.6874	1.7462	2.383	1.7491	1.7201	1.6859	3.5104	2.0822	2.1156	1.6143	2.9362	2.3429	2.873	3.1394	4.204	7.646	10.337
11.054	6.55	7.5037	4.6085	2.2776	2.8462	2.8198	3.3167	4.1859	1.7615	2.2983	0.9183	1.7108	4.1908	1.7579	1.7692	1.4463	1.7444	1.7854	2.5803	1.7864	1.7565	1.7632	3.8194	2.1925	2.2238	1.6484	3.1448	2.5132	3.09	3.3512	4.5817	8.4397	11.537
11.522	6.8268	7.8343	4.7871	2.3297	2.9142	2.9045	3.4328	4.319	1.7906	2.3373	0.91879	1.732	4.3373	1.7964	1.8006	1.4706	1.773	1.8065	2.6635	1.8069	1.7775	1.7983	3.9546	2.2475	2.2786	1.6692	3.2391	2.5881	3.1844	3.4451	4.7452	8.7809	12.051
11.722	6.9452	7.9748	4.8631	2.3538	2.946	2.9424	3.4823	4.3754	1.8042	2.3566	0.92016	1.7431	4.3992	1.8132	1.8147	1.4837	1.7866	1.8169	2.6984	1.817	1.7882	1.8139	4.0134	2.274	2.3052	1.6803	3.2811	2.6206	3.2252	3.4859	4.8159	8.9271	12.271
1.5884	1.9635	1.0859	1.5005	1.5216	1.0902	1.9047	1.8844	1.439	1.7817	1.1485	1.6198	1.2606	1.4457	1.844	1.1962	1.3039	1.4833	1.3378	1.7985	1.9875	1.159	1.2369	1.7022	1.3755	1.9737	1.9723	1.6437	1.8601	1.4019	1.6319	1.9852	1.5595	1.9336
7.3015	4.6616	4.9475	3.2977	1.8945	2.0923	2.378	2.6448	3.0024	1.6696	1.7434	1.118	1.4398	3.0146	1.7131	1.4748	1.3106	1.5604	1.5269	2.2076	1.7659	1.4411	1.4897	2.9329	1.8266	2.038	1.6783	2.4607	2.1685	2.4011	2.5705	3.5248	5.7125	7.8568
9.8981	5.9859	6.7385	4.2069	2.1385	2.5748	2.6776	3.1213	3.81	1.7289	2.0806	0.97978	1.6005	3.8293	1.7543	1.6666	1.3831	1.6773	1.6858	2.4873	1.7737	1.6334	1.6721	3.5576	2.0705	2.1616	1.6511	2.926	2.4182	2.8876	3.0966	4.2803	7.6065	10.469
11.024	6.5782	7.5108	4.6119	2.2627	2.7936	2.8308	3.3442	4.1613	1.7717	2.2408	0.93817	1.683	4.1849	1.7886	1.7563	1.4355	1.7411	1.7633	2.6193	1.7957	1.7249	1.7583	3.8389	2.1907	2.2423	1.6627	3.142	2.5423	3.0984	3.3353	4.6135	8.4259	11.593
11.508	6.8368	7.8384	4.7875	2.3223	2.8922	2.9057	3.443	4.3097	1.7946	2.3141	0.92602	1.7217	4.3354	1.8077	1.7959	1.4655	1.7719	1.7985	2.6781	1.8104	1.766	1.7966	3.9627	2.2479	2.2861	1.6749	3.2386	2.5994	3.1886	3.4391	4.7585	8.7763	12.075
11.716	6.9487	7.9768	4.863	2.3503	2.9367	2.9416	3.4861	4.3719	1.8058	2.3472	0.92278	1.7393	4.3986	1.8174	1.813	1.4812	1.7862	1.814	2.7038	1.8184	1.784	1.8133	4.0168	2.2746	2.3083	1.6825	3.2811	2.625	3.2272	3.4837	4.8214	8.9257	12.281
0.72969	1.0606	1.9661	0.5525	1.4916	1.9446	1.7391	1.5717	2.2605	1.6583	1.9311	1.1345	1.1457	2.0519	1.302	1.5566	2.2438	2.0341	1.0186	1.5943	1.9886	1.3039	1.3144	1.8056	1.6844	1.2621	1.1958	1.7577	1.5011	0.23245	1.2343	1.69	2.626	1.0684
8.1467	5.1649	4.7745	3.2025	2.3557	3.1572	2.2678	3.3763	3.7591	2.1203	1.3749	1.3679	1.7425	2.8527	0.78258	2.3256	1.671	2.315	1.2751	2.385	1.6546	1.2914	1.4003	2.0549	2.3177	1.3186	2.0975	2.5842	1.5006	2.1974	2.1679	2.6966	5.5971	7.6104
9.8061	6.6643	6.9605	3.8933	2.4206	3.384	2.0658	2.4065	3.3283	1.2229	2.6769	1.4179	1.795	3.2841	2.5211	2.0607	1.3302	2.9366	1.3743	2.9228	2.6523	1.0655	1.9506	3.8913	1.0389	2.7656	1.3225	3.0295	1.7803	2.9585	3.3906	4.185	7.8222	10.894
11.623	5.5179	7.8364	3.949	2.9177	2.7962	2.6645	3.8175	4.8414	1.9505	2.3354	0.86997	1.3613	4.5321	1.9043	1.9132	1.3757	2.0003	1.3521	2.5771	0.53419	2.1391	1.8086	3.6528	1.2311	2.2517	1.0634	3.3296	1.9646	2.7688	3.7441	5.2402	8.0172	10.813
11.749	6.7407	7.9692	4.7503	1.9585	2.6208	1.9932	3.5099	3.7098	2.005	2.6956	-0.012529	2.8409	4.8564	1.2365	1.9292	1.4284	1.362	1.9901	2.9762	1.5798	0.71448	2.1328	4.2765	1.3172	1.4664	1.3805	3.2508	3.0198	3.5599	3.6681	4.6318	8.9164	12.145
12.168	6.6188	7.9198	4.7542	1.9183	2.1864	3.1604	3.5255	3.8358	1.8844	1.8608	0.36953	1.7734	5.312	1.5347	1.4059	1.0427	1.8877	1.2557	3.6029	3.0357	1.3855	1.1661	3.7406	2.6939	1.7874	1.2611	2.8014	3.1106	3.3504	3.3612	4.385	9.1574	11.269
1.528	1.9042	1.7475	1.6386	1.5294	1.7898	1.4523	1.9894	3.0055	2.0541	1.4255	0.95276	1.3379	0.99914	1.3622	1.8537	0.79739	1.2307	0.79834	1.4635	2.0902	1.7133	0.33164	1.2807	0.31343	1.1769	1.6155	2.2754	0.5605	2.3694	1.107	1.9882	1.9976	1.0762
7.1987	5.9363	5.4762	3.3479	1.9567	2.6627	3.005	1.8376	3.0089	1.2741	1.0742	1.1577	1.1643	2.9395	1.337	0.92941	1.4104	1.227	1.9322	2.3548	1.8863	1.9872	0.61672	2.864	1.6558	1.708	1.7942	2.4679	2.7698	1.9308	1.6245	3.5168	6.2496	8.0772
9.5794	5.9528	6.407	4.5759	1.6342	3.4068	2.3827	3.4178	3.7827	1.3103	2.0164	1.0173	1.5997	4.4261	1.3117	2.3963	1.4801	1.8741	1.9176	2.8319	1.6965	2.1533	1.2157	3.1257	2.0924	2.2616	1.5873	2.9296	2.2077	2.764	3.2593	4.0897	6.9497	10.021
11.151	6.9216	6.6006	5.0648	2.8705	2.6866	3.5784	3.5473	3.7144	1.5202	1.3262	1.5028	1.5898	3.9771	1.0198	2.0247	0.99232	1.3903	2.3883	2.596	1.4633	2.0403	0.75874	3.3941	1.9487	1.9671	1.416	3.0935	2.9717	3.5556	2.8565	4.494	7.6521	12.153
11.682	6.5997	7.8691	4.1237	2.3343	2.0336	2.5018	3.3652	3.9101	2.1426	2.5832	0.98435	2.1661	4.0052	1.8744	1.0194	0.030857	2.1063	1.3499	2.5498	2.0443	2.464	1.6181	4.3445	2.5645	1.7349	1.9673	2.7738	2.7583	3.3351	3.4559	4.6849	9.0799	11.396
11.536	6.6819	7.7585	4.0991	2.4105	3.4479	2.384	3.3127	4.0821	1.1426	2.6947	1.4415	1.7121	4.8916	1.6547	2.3459	1.7497	1.861	1.3647	3.0272	1.5695	2.7145	1.6447	3.8185	2.3807	2.2209	1.6232	2.8145	3.5506	4.3626	4.021	3.4085	8.1658	11.959
1.5934	1.5852	1.6677	1.648	1.4334	1.1398	1.7519	1.2418	1.6505	1.8574	1.0844	1.9721	1.0315	1.8354	1.8357	1.0499	1.5459	1.9432	1.3215	1.8065	1.6014	1.7896	1.7992	1.0496	1.2832	1.6535	1.4897	1.9729	1.7485	1.5678	1.299	1.2561	1.8866	1.4468
7.3408	4.5746	5.1688	3.3311	1.8532	2.1174	2.3359	2.4196	3.0782	1.704	1.7182	1.2481	1.3599	3.162	1.7079	1.4188	1.3975	1.7231	1.5187	2.1968	1.6217	1.6666	1.6944	2.6874	1.7617	1.8634	1.4976	2.5552	2.1104	2.4081	2.4462	3.2234	5.7876	7.6267
9.931	5.9702	6.8206	4.213	2.1214	2.5878	2.6672	3.0402	3.8361	1.7423	2.0708	1.0279	1.5718	3.8843	1.7518	1.6455	1.415	1.7368	1.6822	2.4821	1.7201	1.716	1.7469	3.4609	2.0362	2.0838	1.5834	2.9529	2.3926	2.8744	3.0511	4.1559	7.6219	10.366
11.044	6.5781	7.541	4.6123	2.2559	2.7999	2.8289	3.3149	4.1703	1.7768	2.237	0.95598	1.6726	4.2054	1.7874	1.7483	1.4474	1.763	1.7618	2.6172	1.7757	1.7554	1.7856	3.8	2.1739	2.2088	1.637	3.1489	2.5314	3.088	3.3186	4.5622	8.427	11.548
11.518	6.8388	7.8494	4.7871	2.3197	2.8951	2.9057	3.4324	4.3128	1.7965	2.3127	0.93263	1.718	4.3431	1.8072	1.7928	1.47	1.78	1.7978	2.6773	1.8029	1.7772	1.8065	3.9468	2.2399	2.2719	1.665	3.2398	2.5948	3.1827	3.433	4.7373	8.7748	12.055
11.72	6.9502	7.9808	4.8627	2.3493	2.9381	2.9419	3.4823	4.3729	1.8065	2.3467	0.92524	1.738	4.4015	1.8171	1.8118	1.483	1.7892	1.8137	2.7035	1.8156	1.7882	1.8169	4.0102	2.2709	2.3022	1.6787	3.281	2.623	3.2242	3.4815	4.8126	8.9243	12.273
0.38209	2.2582	0.57423	1.7668	1.6119	2.1547	2.2188	2.091	1.9713	2.0186	1.2119	2.9935	1.8777	0.74766	1.4631	1.2025	1.614	1.2048	0.86054	1.1534	1.7349	1.7247	1.8556	1.1873	1.5031	1.0346	1.459	0.95078	0.87313	2.0672	1.2135	1.1966	1.6497	1.4866
6.7346	5.1163	4.5053	3.2886	2.7086	2.9323	2.8748	1.3681	3.4481	1.5494	1.1236	0.37968	1.7023	3.5034	1.6437	2.1751	1.7429	1.4865	1.752	1.1698	2.1601	1.4693	1.717	2.0567	1.7732	1.8217	1.3277	1.7626	2.5864	1.6806	2.6391	2.8379	5.6241	8.3442
10.041	7.1407	7.6912	4.0677	2.2807	2.6163	3.0333	2.705	3.365	1.2645	2.1623	-0.04109	1.1638	3.1588	2.6998	1.5388	1.9045	0.86326	1.6026	2.3154	1.4899	2.0466	1.8608	3.6507	2.0248	2.5095	1.5684	3.3326	3.0061	3.6471	2.9743	5.1481	7.2883	10.285
10.607	7.1556	7.7092	4.3563	2.7806	3.6465	2.9954	3.2138	4.0397	1.8199	2.6303	0.9071	0.8953	4.1158	2.0057	1.3641	1.7491	2.2145	1.1008	2.8973	1.5389	2.0713	1.7269	3.9391	2.6318	2.8781	1.6116	2.9978	1.98	3.4024	4.4948	4.858	8.0932	11.644
11.581	7.0314	7.8036	4.3234	2.2535	3.1306	2.6217	3.5041	3.704	2.6379	1.6221	1.3084	2.5279	4.7035	1.6025	1.9178	1.7777	1.7872	1.2241	2.4777	1.082	1.9581	1.17	3.9862	2.1896	1.7907	1.7307	3.9325	2.6845	3.289	3.5347	4.7635	9.5673	11.319
12.704	7.9247	8.2002	4.8365	2.3095	3.1207	2.8783	2.5871	5.1868	1.9432	2.9128	0.88254	1.891	3.976	1.7024	1.7659	2.433	1.6378	1.434	2.3495	1.325	2.1696	1.5586	4.1564	0.94456	2.6796	1.7958	2.8113	3.2898	3.1078	3.3968	5.3703	9.3042	12.5
1.1428	1.0522	1.6833	1.6086	1.2197	1.4063	1.6299	1.5553	1.1276	1.1692	1.001	1.4182	1.4885	1.1599	1.6668	1.0179	1.1197	1.9521	1.9759	1.0309	1.4939	1.8627	1.2429	1.8343	1.8136	1.629	1.0022	1.3797	1.9044	1.6804	1.3788	1.632	1.2433	1.5714
7.0634	4.3093	5.0463	3.3042	1.7517	2.1635	2.2491	2.5048	2.8617	1.4477	1.6746	1.0353	1.5171	2.8831	1.6332	1.3944	1.2435	1.7011	1.7468	1.8859	1.5695	1.6682	1.4772	2.9505	1.9529	1.9223	1.3217	2.389	2.1774	2.4323	2.4257	3.3775	5.5522	7.5106
9.7878	5.8528	6.7466	4.2034	2.0773	2.5876	2.6197	3.0659	3.751	1.6462	2.0496	0.9483	1.6278	3.7754	1.7222	1.6344	1.3558	1.7246	1.764	2.363	1.6988	1.7125	1.6648	3.5552	2.1085	2.1216	1.5184	2.9034	2.4181	2.8761	3.0344	4.2228	7.5285	10.274
10.974	6.5278	7.5044	4.6088	2.2369	2.7931	2.8051	3.3224	4.1369	1.7406	2.2268	0.92625	1.6927	4.1631	1.7758	1.7435	1.4239	1.7572	1.7912	2.5718	1.7672	1.7528	1.7547	3.8346	2.202	2.228	1.6128	3.1343	2.541	3.0859	3.3096	4.5909	8.3893	11.498
11.486	6.8175	7.8326	4.7856	2.3114	2.8899	2.8943	3.4344	4.2996	1.7828	2.3078	0.9215	1.7251	4.3266	1.8026	1.7908	1.4604	1.7774	1.8083	2.6599	1.7995	1.7757	1.7949	3.9597	2.2511	2.2809	1.6559	3.2357	2.5984	3.1808	3.4286	4.7494	8.7594	12.031
11.706	6.9412	7.9733	4.862	2.3457	2.9349	2.9366	3.4827	4.3677	1.8013	2.3444	0.92106	1.7405	4.3951	1.8153	1.811	1.479	1.788	1.8174	2.6968	1.8142	1.7874	1.8125	4.0151	2.2754	2.3063	1.6752	3.28	2.6243	3.2232	3.4794	4.8177	8.918	12.261
1.8611	1.6054	0.90495	1.2346	2.127	1.5323	0.93059	1.9318	1.4261	1.2771	1.563	1.2978	1.6946	0.43575	1.3414	1.4449	1.1516	1.2063	2.3332	0.71065	2.3791	1.7364	1.8392	1.9489	1.6307	2.2184	1.7284	1.6284	1.6277	1.5806	2.3709	1.1488	1.1593	1.9611
7.4449	4.513	4.919	2.7811	2.4898	2.0482	1.7698	2.0887	2.9046	1.4234	2.5052	0.70311	1.5659	2.5608	1.0538	1.3209	1.2711	0.70084	1.3334	2.5667	1.2902	1.3292	1.9504	2.2614	1.8617	1.6831	0.83933	1.7065	3.046	1.3052	2.3886	4.0628	6.1264	6.8035
10.749	4.8797	7.4775	3.9303	3.239	2.2986	3.1041	3.4177	3.9433	1.784	1.1491	2.1576	0.4484	3.6132	2.2768	1.7701	0.61867	1.9173	1.0289	2.6124	2.3563	0.96987	2.038	4.326	1.9327	2.0415	2.5305	3.3913	2.2906	2.7129	2.4735	4.344	6.7466	10.821
11.294	7.0567	7.262	4.7876	2.1305	2.9305	2.8296	3.9925	3.8751	3.0323	2.9074	1.2396	1.2236	4.53	1.5815	2.8299	2.3592	1.6305	1.7401	2.0511	1.3239	1.6067	1.4258	3.5239	1.7761	2.3992	0.74038	3.2256	2.3647	2.9403	3.339	4.2424	7.9105	12.194
11.354	5.0737	8.8005	3.5944	1.8432	2.3322	3.5788	3.9536	3.4781	2.9401	2.1734	0.77328	3.2077	4.2524	1.5666	2.0725	1.5711	1.7856	1.3966	2.5148	1.8991	1.9926	1.675	3.6091	1.4169	2.2714	1.498	2.8309	2.3351	3.6026	3.5587	5.3604	8.8574	12.645
11.997	6.9985	8.3667	5.1692	2.9466	2.9729	2.3965	2.4249	4.8179	1.1434	3.0555	0.40602	1.7325	4.4489	1.9118	1.4867	0.89945	1.9647	2.0309	3.122	1.7089	1.5326	2.2544	3.3015	3.7845	2.0191	2.1142	3.4836	1.6549	1.834	3.2719	5.002	9.1335	11.988
2.2505	1.2784	2.0446	1.1967	1.1574	2.266	1.7538	1.7468	1.9805	0.52409	2.4396	1.5838	1.171	1.7478	2.8037	1.6908	2.1267	1.8382	1.1327	2.0021	1.8271	1.7755	2.3439	1.0708	1.538	2.1691	1.7792	1.5865	2.4428	1.7895	1.6572	1.9047	0.34819	1.0622
6.8494	4.8637	5.1523	3.2398	1.726	2.778	2.7052	2.3138	3.0279	1.0766	1.5433	1.3099	1.2206	2.7501	1.3276	0.73366	2.4376	1.2125	1.1619	2.1216	0.51286	2.2935	1.6737	2.45	1.7583	1.5774	1.8529	2.1566	1.2904	2.8068	2.8501	3.0875	5.4167	7.5593
9.8078	6.2238	7.1631	3.877	2.4678	2.9654	2.4462	2.8632	3.8129	1.7569	1.6767	1.1328	1.2702	2.9052	1.3756	1.4076	1.8035	2.2738	1.9182	3.0003	1.7398	1.7528	1.7969	3.9433	1.9804	1.9862	1.8137	2.6621	1.7785	2.3044	2.5222	4.0815	8.0876	9.8054
10.591	6.9342	8.5508	4.5665	2.7838	4.4956	3.3583	2.4817	4.8512	2.1803	2.2734	0.73355	1.4271	3.9173	1.2691	2.0959	1.9518	2.1418	2.3281	2.5788	1.5707	2.0325	2.672	4.1425	3.0089	1.9103	1.9799	2.978	2.6258	2.8866	3.4711	4.3057	8.716	11.09
11.974	5.7534	8.4509	5.3998	2.2501	2.9368	3.8353	3.4125	3.4149	1.3608	2.6444	0.37118	1.2852	4.8578	2.39	1.1571	1.3058	2.2585	2.2236	3.0606	1.2101	1.8942	1.6842	4.4832	2.9559	3.0932	1.7909	3.1819	2.5585	2.5382	3.3616	5.462	8.8392	11.853
11.715	7.0534	7.4071	4.5951	2.1933	3.1204	2.9912	3.0428	4.535	2.0775	2.3548	1.1435	1.2173	4.1253	1.5261	1.839	1.1988	2.4195	2.2858	1.9953	1.9793	2.5219	2.2459	3.695	1.1411	2.9269	1.5892	3.2798	2.2529	3.2664	4.1789	4.5574	9.8118	12.584
1.0011	2.016	2.1157	1.2843	1.7148	1.4997	1.9691	1.8526	0.51849	0.73066	1.4423	2.1562	1.0104	1.453	1.8092	1.9562	0.87673	1.9648	1.9264	0.87759	2.4671	2.239	2.0754	1.5121	1.9562	1.5627	2.2197	0.45663	2.255	2.0934	1.3864	2.0173	2.2918	1.5399
8.2743	4.7904	4.9308	3.3496	1.7337	2.5277	2.5015	2.1027	3.0529	1.7439	1.5652	1.2481	1.4257	3.4973	1.7889	1.6174	0.51724	2.0747	0.98426	2.1195	1.6347	1.1721	2.5812	3.2769	2.0203	1.8945	1.4297	2.4368	1.5092	3.0409	2.045	3.9209	5.7828	6.9361
9.8896	6.5066	6.5984	4.2492	2.4305	2.2266	2.1568	4.5206	3.8291	1.9559	1.252	0.89316	2.3368	3.434	2.3004	1.5281	1.1085	2.0127	2.0169	3.0088	1.9011	1.7101	0.79201	4.6122	1.9456	1.7266	1.3077	2.2365	2.7877	2.6953	3.0774	3.6563	7.3277	9.9676
10.065	6.7403	8.0212	4.0386	2.5507	2.7953	2.4628	3.7867	4.2719	1.7535	2.0862	0.67895	2.5736	3.6615	1.8996	1.5085	1.0834	2.0138	1.3538	2.4815	3.0253	1.8965	1.2462	3.1591	2.807	2.256	1.2642	2.9253	2.6821	2.8685	3.1366	4.5103	8.9448	11.261
10.674	6.7984	7.5794	4.483	2.2215	2.6744	2.2257	3.6396	3.7928	1.9779	2.0036	1.772	2.2713	4.1621	1.2347	1.7931	1.7535	2.1474	1.3149	2.9218	2.3822	2.2118	2.4056	3.495	1.7914	2.109	1.7284	3.6207	3.218	2.5214	3.2155	5.0717	8.9667	12.297
11.677	7.4733	7.2313	4.5202	1.356	3.7906	3.3066	4.4439	4.6384	1.4233	1.8337	1.5128	1.5748	4.8794	2.2385	1.4152	2.21	1.4203	1.5877	2.7833	1.3493	1.5885	1.6697	3.9727	2.3757	2.0007	0.93011	3.7406	2.7318	3.1824	3.8717	4.1667	8.9812	12.587
1.2072	1.7571	1.8863	1.4722	1.1589	1.8109	1.4765	1.1163	1.8757	1.6352	1.0973	1.9084	1.035	1.0397	1.9886	1.6862	1.3767	1.5043	1.7635	1.0489	1.7259	1.7013	1.4589	1.5823	1.3391	1.1706	1.3992	1.9198	1.226	1.361	1.3246	1.0836	1.5127	1.8329
7.0832	4.5232	5.1634	3.224	1.7335	2.3363	2.2289	2.3613	3.1566	1.6293	1.7264	1.2168	1.3459	2.8619	1.7636	1.6523	1.352	1.5547	1.6808	1.9159	1.6669	1.6271	1.5687	2.8489	1.747	1.6967	1.461	2.563	1.916	2.3455	2.463	3.1003	5.7284	7.7247
9.7984	5.9202	6.7979	4.1628	2.0732	2.6615	2.6252	3.0145	3.8641	1.7149	2.0738	1.0151	1.5634	3.77	1.7724	1.7315	1.4014	1.6728	1.742	2.377	1.7369	1.6994	1.7008	3.5119	2.0215	2.022	1.5685	2.9579	2.3187	2.8525	3.0579	4.0941	7.6207	10.394
10.981	6.549	7.5257	4.59	2.2367	2.8248	2.8123	3.3037	4.1802	1.7666	2.2378	0.95088	1.6684	4.1617	1.7951	1.78	1.4431	1.7386	1.7839	2.5777	1.782	1.7484	1.7687	3.8161	2.1653	2.1853	1.6311	3.1507	2.5033	3.08	3.3212	4.5338	8.4332	11.556
11.489	6.8242	7.8412	4.7774	2.3121	2.9035	2.8991	3.4276	4.3163	1.7926	2.3127	0.93058	1.716	4.3263	1.8101	1.8045	1.4686	1.7707	1.806	2.6624	1.8053	1.7743	1.8004	3.9518	2.2356	2.2627	1.6627	3.2403	2.584	3.1797	3.4339	4.7246	8.7793	12.057
11.708	6.9433	7.9768	4.8584	2.3463	2.9408	2.9393	3.4802	4.3741	1.805	2.3466	0.92441	1.737	4.395	1.8182	1.8162	1.4825	1.7856	1.8167	2.6979	1.8165	1.7869	1.8147	4.0117	2.2689	2.2986	1.6778	3.2811	2.6189	3.2231	3.4818	4.8071	8.9267	12.273
1.7236	1.383	1.298	1.6917	1.8805	1.9245	1.0813	1.4827	1.1283	1.2529	1.884	1.1963	1.1214	1.5437	1.3146	1.382	1.7915	1.8392	1.6802	1.4169	1.6429	1.2141	1.6173	1.6752	1.601	1.3463	1.3644	1.1715	1.7954	1.4927	1.3546	1.7751	1.2368	1.8448
7.3395	4.434	4.9315	3.3378	2.0381	2.4414	2.1637	2.4929	2.8689	1.4752	2.0719	0.96399	1.3952	3.0437	1.5083	1.5331	1.4976	1.6794	1.6428	2.0525	1.6291	1.4494	1.6196	2.8638	1.8521	1.8043	1.4532	2.2911	2.1379	2.3872	2.4316	3.4137	5.561	7.6808
9.9123	5.8963	6.7076	4.2133	2.2002	2.7244	2.6287	3.0635	3.755	1.6562	2.2191	0.92326	1.5847	3.8373	1.6771	1.6862	1.458	1.7191	1.7266	2.4274	1.7215	1.6345	1.718	3.515	2.0637	2.072	1.5665	2.8607	2.4038	2.8662	3.0387	4.2271	7.5364	10.356
11.031	6.5429	7.4909	4.6115	2.2898	2.858	2.8244	3.3221	4.1389	1.7443	2.2984	0.91742	1.6773	4.1867	1.7594	1.7628	1.4664	1.7558	1.7777	2.5964	1.7758	1.7247	1.7745	3.8169	2.1825	2.2072	1.6306	3.116	2.5357	3.0844	3.3118	4.5889	8.3939	11.534
11.511	6.8228	7.8279	4.7864	2.3343	2.9199	2.9081	3.4345	4.3006	1.7842	2.338	0.9184	1.7196	4.3356	1.7967	1.798	1.4785	1.7771	1.8034	2.6693	1.8028	1.7657	1.8023	3.9521	2.2427	2.2721	1.6625	3.2279	2.5964	3.1811	3.4297	4.7473	8.7617	12.046
11.718	6.9431	7.9717	4.8622	2.3557	2.9487	2.9445	3.4828	4.3682	1.8018	2.3572	0.91999	1.7385	4.3985	1.8132	1.8137	1.4869	1.788	1.8157	2.7004	1.8154	1.7838	1.8153	4.0118	2.2718	2.3026	1.6777	3.2767	2.6236	3.2235	3.4799	4.8164	8.9191	12.268
1.5587	1.8371	1.4001	2.3842	0.23938	1.3774	1.9634	2.0833	1.7487	1.8104	1.7376	1.7477	1.5121	1.3355	1.1672	1.6923	1.1461	0.50288	1.8843	2.1267	1.4336	2.0731	1.6338	2.2559	0.97395	1.1177	0.79694	0.4421	1.9509	1.1852	1.3221	1.7442	1.8254	1.348
7.5546	4.7694	4.7961	3.8817	1.6843	1.8515	2.3892	3.3838	2.8205	2.0325	1.9991	1.3372	2.5062	3.1559	1.1524	2.6233	1.4637	0.77584	1.904	2.6362	1.676	1.0264	1.7703	2.3722	0.91964	2.959	1.7356	2.3969	2.5283	1.566	2.2566	3.8321	5.4807	7.7444
9.7124	6.2081	6.7026	4.0296	2.3044	2.3442	3.2275	3.0901	2.9791	1.7869	2.9492	1.4633	1.8098	2.7472	2.0927	1.699	1.2961	2.2009	1.8495	1.4791	2.2281	1.7794	1.7365	3.8331	1.8605	1.7569	0.97166	3.6089	3.1493	3.4329	2.6201	3.7595	6.8584	10.435
11.297	6.9004	8.136	4.5392	3.4995	1.8777	3.6581	3.5455	3.8186	1.8059	2.3184	1.3598	1.6419	4.0856	1.4658	2.5041	0.89162	1.7264	2.6881	2.4155	1.9761	0.92903	2.7319	3.9603	2.5776	2.2695	0.76091	3.7476	3.3171	3.9372	3.956	4.1797	7.2152	10.42
11.356	7.3359	7.239	4.7227	1.5941	2.8576	2.9762	2.9618	3.7952	1.9793	1.9907	0.12876	1.657	4.3409	2.4478	1.2576	0.82351	1.9565	1.4959	2.3361	1.9519	2.335	1.8351	3.7621	1.8877	2.9963	1.988	2.4871	3.0205	2.1699	3.6262	5.0887	8.2955	12.67
11.292	7.4432	7.694	4.7306	2.0344	2.6866	2.3263	4.2438	4.125	3.1343	2.8202	-0.25865	2.2648	3.9662	1.7908	2.7264	1.8111	1.3324	1.7424	2.6947	2.2861	0.73213	1.5094	3.7028	3.0674	2.9228	0.80851	3.2988	1.9078	3.6391	3.4221	5.61	9.4845	13.281
1.5374	2.0986	2.0893	2.3833	2.5184	1.4437	2.2015	1.9649	1.8277	1.9577	2.5774	2.1349	1.907	1.5975	1.6155	1.9367	1.7806	2.8163	0.32712	0.96291	0.85463	1.4515	1.53	0.4494	1.893	0.83047	0.256	1.5579	2.0463	0.62043	2.4315	1.8987	0.65226	0.67609
7.1599	3.9581	4.8646	2.8174	2.8982	2.8606	1.7747	1.2989	2.4965	0.69055	1.2162	1.1295	2.6875	3.1291	2.5081	1.2994	1.2533	1.3287	0.56593	1.5478	1.0839	1.2386	1.8973	2.4716	1.5404	2.1475	1.8804	2.6859	2.1094	1.7699	2.8568	3.3672	5.2833	7.5311
9.1411	5.3639	6.9849	5.069	1.9874	3.602	3.3169	3.1955	3.7983	2.0106	2.402	0.18209	0.82316	4.2356	1.136	1.4263	1.7756	1.9243	1.0308	2.497	1.9446	1.4624	2.0962	3.4964	2.0104	2.3409	1.8332	3.114	2.0277	2.997	2.9134	4.1514	7.8054	10.529
11.378	6.0019	7.7795	4.9735	3.1093	2.2559	2.5185	3.5236	2.748	1.997	2.3807	0.66451	2.0439	4.4224	1.4029	1.6145	0.78228	1.8132	2.4168	3.6326	2.1002	1.3648	1.8401	3.6852	2.3073	2.2192	1.064	3.4938	2.8946	2.6023	3.0215	5.3585	7.8917	11.8
11.83	6.7838	8.0154	4.2187	2.4652	2.8604	3.2997	3.0203	3.2662	1.491	2.4912	1.0507	1.7975	3.5395	0.92026	1.717	1.7784	1.2352	2.2907	2.224	1.9313	1.9912	1.6649	4.0464	2.0559	2.0995	0.91317	4.1042	2.5935	3.226	3.238	3.883	8.9603	11.739
11.417	6.6871	8.0686	5.4224	1.6216	2.618	2.2816	2.9976	4.3491	1.7904	2.3511	1.0552	1.7232	4.856	1.8155	2.3263	1.3833	2.2269	1.1862	3.675	1.0755	2.2954	1.5429	4.0291	2.4131	2.0871	1.4809	2.4211	3.225	3.0154	4.6839	5.3755	8.8752	12.249
1.4874	1.6292	1.3497	1.3821	1.9902	1.7772	2.8464	0.21913	2.2176	1.378	1.5944	1.9044	1.8055	1.1083	1.3726	1.0548	2.4327	1.9487	1.4198	1.506	1.1984	1.5583	2.2146	1.8727	0.94113	0.28965	0.78328	1.7322	1.6113	1.6311	0.82964	1.4125	1.6281	1.2049
7.2462	4.3767	4.8462	3.2074	1.9616	2.2902	2.9463	1.7086	3.1482	1.2525	2.417	0.9744	1.8491	2.6758	1.3686	1.2755	2.0563	1.9729	1.4438	1.8575	1.4156	1.6193	2.4041	2.4671	1.4016	1.0908	0.81508	2.8626	2.7304	2.2522	1.3122	2.8855	6.0819	6.6777
8.4644	5.3831	6.6459	4.5247	3.1335	2.4755	3.4954	3.2971	3.8507	1.75	2.744	0.7996	1.477	3.6131	0.86121	1.9821	1.8335	1.356	2.3091	2.4313	2.0805	1.6132	1.0523	4.157	1.3103	0.65373	1.4348	3.1198	3.0177	2.4579	2.9765	4.0974	8.7559	10.367
10.667	6.1997	7.0659	5.3335	1.7905	3.2706	2.8565	3.241	5.2793	1.3321	3.4279	1.3964	1.1882	4.2715	2.2193	1.5998	1.7472	1.7679	1.9996	2.2618	0.96566	1.3699	1.795	3.5794	2.936	2.5008	0.61991	2.9737	2.5757	3.1504	2.8355	4.421	8.1853	11.773
11.894	6.5316	8.3166	4.5561	2.0876	2.8905	3.8857	3.3537	4.2999	0.85984	1.7836	1.2563	1.3345	4.1765	0.7166	1.6802	1.8491	2.052	2.3464	2.8563	2.3584	1.9766	1.1294	4.2649	1.0132	2.289	1.8674	3.2542	2.083	2.5873	4.203	5.4375	8.5158	11.86
11.78	6.8497	8.0892	5.1287	2.3936	2.5452	3.4122	4.0181	4.1442	1.1604	3.0369	0.019259	1.1191	3.544	2.0269	1.3753	1.8377	1.4241	2.1257	4.2386	1.387	2.3481	1.8741	3.8378	1.6242	1.7845	1.6331	3.2138	2.0361	3.3941	4.1701	4.6401	9.7557	12.09
1.0787	1.9331	1.6029	1.3775	1.6649	1.7922	1.3335	1.6927	1.2038	1.9587	1.7118	1.1669	1.4428	1.633	1.93	1.5293	1.6265	1.6808	1.9232	1.1528	1.4057	1.3125	1.6939	1.8907	1.4907	1.8058	1.3264	1.5499	1.3888	1.8968	1.6761	1.8284	1.1101	1.2792
7.1125	4.6342	5.0885	3.263	1.9495	2.3745	2.2212	2.572	2.9002	1.736	1.9822	0.94299	1.4947	3.0716	1.7267	1.5793	1.4413	1.6236	1.7242	1.951	1.5339	1.4881	1.6399	2.9912	1.8526	1.9802	1.4479	2.4377	1.99	2.535	2.5576	3.4167	5.5983	7.5785
9.8255	5.9712	6.7818	4.1963	2.1644	2.6931	2.6397	3.094	3.7705	1.7532	2.1794	0.91461	1.6194	3.8486	1.7576	1.7034	1.4365	1.6995	1.7567	2.3908	1.6867	1.6497	1.7257	3.5777	2.0755	2.1405	1.5685	2.9195	2.3507	2.9238	3.0879	4.2304	7.5763	10.354
10.997	6.5711	7.5242	4.6086	2.275	2.8435	2.8246	3.3339	4.1461	1.7805	2.2813	0.91399	1.6896	4.1915	1.7894	1.7694	1.4577	1.7489	1.789	2.5832	1.7633	1.7306	1.7776	3.8457	2.191	2.2343	1.6327	3.14	2.5167	3.1073	3.3309	4.5918	8.4179	11.546
11.498	6.8336	7.8425	4.7865	2.3281	2.9133	2.9066	3.4391	4.3039	1.7978	2.3307	0.91705	1.7241	4.3377	1.8079	1.8006	1.4749	1.7747	1.8078	2.6646	1.7983	1.7679	1.8036	3.9648	2.2474	2.283	1.6639	3.2378	2.5897	3.1903	3.4372	4.7492	8.7742	12.056
11.712	6.9473	7.978	4.8627	2.353	2.9457	2.9433	3.4846	4.3697	1.8069	2.3541	0.91946	1.7402	4.3994	1.8174	1.8147	1.4853	1.7871	1.8174	2.6988	1.8139	1.7847	1.8158	4.0174	2.2742	2.307	1.6784	3.2808	2.6213	3.2273	3.4828	4.8175	8.9251	12.273
1.2161	1.0341	1.4366	1.9369	1.2621	1.5697	1.3596	1.0268	1.5004	1.827	1.259	1.0459	1.2465	1.6607	1.3294	1.6595	1.013	1.7181	1.3911	1.0335	1.406	1.7163	1.9213	1.984	1.9834	1.8963	1.8657	1.801	1.555	1.4189	1.1271	1.6546	1.864	1.2746
7.0534	4.2731	5.0247	3.4008	1.7733	2.2205	2.1518	2.315	2.9956	1.6836	1.7808	0.89929	1.4378	3.0695	1.519	1.6404	1.1995	1.6144	1.5417	1.8839	1.5472	1.6138	1.7368	3.0385	2.0468	2.0371	1.6297	2.5529	2.0441	2.4053	2.3561	3.4029	5.8062	7.5572
9.766	5.8303	6.7549	4.2326	2.0868	2.6069	2.5833	2.9968	3.8005	1.7334	2.0912	0.89811	1.5999	3.8452	1.6823	1.7269	1.3383	1.6922	1.6906	2.3621	1.6926	1.6919	1.7624	3.5991	2.153	2.1706	1.6322	2.9703	2.37	2.888	3.013	4.2386	7.6357	10.34
10.959	6.5163	7.5128	4.6174	2.2409	2.7996	2.7913	3.2971	4.1554	1.773	2.2429	0.9077	1.6826	4.1891	1.7618	1.7783	1.417	1.745	1.7649	2.5714	1.7656	1.7449	1.7913	3.8555	2.2221	2.2489	1.6554	3.1618	2.5238	3.098	3.303	4.5996	8.4347	11.54
11.477	6.8121	7.8376	4.7881	2.3131	2.892	2.8891	3.4252	4.3066	1.7949	2.314	0.91463	1.7215	4.3363	1.7978	1.8039	1.4577	1.7728	1.7989	2.6598	1.7992	1.7727	1.8087	3.9694	2.26	2.2898	1.672	3.2471	2.5923	3.1883	3.4267	4.7539	8.7787	12.053
11.702	6.9388	7.9759	4.8626	2.3463	2.9356	2.9345	3.4793	4.3704	1.8058	2.3467	0.91851	1.7391	4.3987	1.8137	1.8159	1.4779	1.7862	1.8141	2.6968	1.8142	1.7862	1.8177	4.0195	2.2793	2.3101	1.6814	3.2848	2.6223	3.227	3.4789	4.82	8.9263	12.272
1.0708	1.3788	1.2682	1.1529	1.631	1.3164	1.9591	1.4987	1.7386	1.0128	1.6054	1.5765	1.8074	1.655	1.8782	1.9024	1.1522	1.1926	1.791	1.0607	1.3898	1.3	1.7342	1.1042	1.7926	1.7827	1.5324	1.2534	1.071	1.6258	1.0247	1.062	1.1296	1.4506
7.0608	4.3284	4.8508	3.1618	1.9525	2.1837	2.3973	2.4639	3.0551	1.3779	1.9203	1.0926	1.6186	3.0435	1.7067	1.7156	1.2686	1.4271	1.6746	1.9006	1.5271	1.4666	1.6537	2.6701	1.9178	1.9256	1.5127	2.299	1.8365	2.4153	2.3188	3.1189	5.527	7.4821
9.7955	5.8301	6.658	4.1562	2.1671	2.6131	2.687	3.0468	3.8176	1.6188	2.1505	0.96939	1.663	3.8303	1.7491	1.7524	1.3714	1.6237	1.7373	2.3682	1.683	1.6382	1.7296	3.4483	2.0876	2.1104	1.5884	2.8607	2.2864	2.875	2.9983	4.1126	7.5318	10.273
10.981	6.5093	7.4657	4.5928	2.2757	2.8097	2.8356	3.314	4.1602	1.73	2.2684	0.93404	1.7051	4.182	1.7857	1.7869	1.4325	1.7198	1.7814	2.5734	1.7614	1.7252	1.7786	3.7937	2.1912	2.2196	1.6386	3.1153	2.4905	3.0875	3.297	4.5447	8.3952	11.501
11.49	6.807	7.816	4.7801	2.3281	2.8989	2.9081	3.4309	4.3078	1.7787	2.325	0.92439	1.7295	4.3331	1.8063	1.8068	1.4649	1.7635	1.8047	2.6604	1.7974	1.7655	1.8037	3.9439	2.2458	2.2761	1.6655	3.2274	2.579	3.1822	3.4242	4.7301	8.7632	12.033
11.708	6.936	7.9663	4.86	2.3528	2.9396	2.9428	3.4812	4.3706	1.7997	2.3516	0.92214	1.7421	4.3972	1.8167	1.8169	1.4813	1.7828	1.8161	2.697	1.8134	1.7836	1.8158	4.009	2.2729	2.3039	1.6788	3.2764	2.6169	3.2239	3.4779	4.8097	8.92	12.262
1.8425	0.97086	1.4746	1.7958	2.1441	1.7574	1.7603	1.8762	2.8081	1.8542	1.7748	0.53475	2.1976	1.7882	2.0336	1.5555	1.467	2.0337	1.5225	1.5399	2.1434	1.9757	0.97919	0.41602	0.85024	1.5759	1.9543	1.5688	1.7646	2.449	2.1166	1.5782	1.9988	1.9061
7.1522	4.7216	6.0766	2.7813	2.1902	2.894	1.326	2.4884	2.9821	2.0325	2.2906	0.88702	2.1163	2.8216	1.9613	1.7427	1.8172	2.2357	1.8272	1.4998	1.6209	2.1013	0.77898	3.2422	1.9532	1.4506	1.7306	2.0921	2.5942	3.0738	2.9905	3.0428	6.3523	7.1975
9.4569	5.5883	5.8687	3.2371	2.7925	2.3404	3.3348	3.6903	3.0586	1.3779	1.4735	0.9079	1.5039	3.898	1.4208	1.385	0.99998	1.8128	2.3033	2.7006	1.9442	1.3995	1.8581	3.6848	2.6325	2.6122	1.4499	3.5896	2.7652	2.9215	3.3116	4.1971	8.2983	9.9485
11.686	5.9596	7.9213	4.0391	1.2681	2.9618	2.5742	3.0476	4.6574	1.8151	2.8303	0.97674	1.858	5.0034	1.3932	2.3142	1.4879	1.9349	1.6248	1.8858	1.6382	1.9508	1.2833	4.5202	1.864	2.2221	1.7684	2.4962	2.3619	3.307	2.6341	4.7882	8.5476	11.807
11.853	6.7066	8.0456	5.0737	2.1744	1.9514	3.1671	3.066	4.3299	1.6342	2.4024	0.70236	1.9281	4.2456	2.5052	2.9796	1.5545	1.5011	1.7049	2.5213	2.5961	1.8333	1.5053	3.7943	2.2904	1.7306	1.9544	4.0449	3.041	3.6807	3.275	5.1684	9.2114	12.019
11.264	6.5232	7.5525	5.0673	2.1704	2.4848	2.3518	3.1039	4.1964	1.5142	2.2346	1.3852	1.4286	4.0337	1.8295	0.56774	1.1823	2.3479	1.8607	1.9963	1.6123	2.8454	1.9808	4.4697	3.0931	1.8587	1.3149	2.9943	2.0322	3.063	2.4948	4.7471	8.5607	11.477
1.9554	1.6803	1.8606	1.9391	1.6802	1.9174	1.2567	1.8856	1.92	1.3001	1.0734	1.7674	1.085	1.7288	1.4479	1.6512	1.1695	1.5314	1.6338	1.0141	1.4704	1.8863	1.114	1.4425	1.6595	1.2948	1.9504	1.6943	1.2068	1.5548	1.8793	1.5579	1.7523	1.8949
7.5028	4.6238	5.2286	3.4808	1.933	2.3681	2.1788	2.6782	3.2151	1.5084	1.7636	1.1783	1.3951	3.1503	1.5699	1.6447	1.2714	1.5797	1.6383	1.9192	1.5782	1.7103	1.4471	2.8153	1.8866	1.7756	1.6748	2.4965	1.9304	2.449	2.6772	3.3227	5.7983	7.7627
9.9951	5.9897	6.8379	4.2784	2.1494	2.6705	2.6124	3.1394	3.894	1.6712	2.0986	1.0028	1.5879	3.8846	1.7017	1.7292	1.3713	1.6852	1.7269	2.3815	1.7047	1.7332	1.6565	3.5058	2.0793	2.0608	1.6506	2.9399	2.3288	2.9025	3.1398	4.1893	7.6372	10.409
11.069	6.5857	7.546	4.6398	2.2661	2.8276	2.8093	3.3526	4.1939	1.7508	2.2505	0.94695	1.6796	4.2069	1.7692	1.7793	1.432	1.7443	1.7784	2.5806	1.7703	1.762	1.7525	3.8166	2.1892	2.2031	1.6627	3.1467	2.5086	3.1029	3.3524	4.5738	8.4363	11.563
11.528	6.8419	7.8509	4.7985	2.3236	2.9045	2.8987	3.4468	4.3223	1.787	2.3187	0.92936	1.7209	4.3441	1.8006	1.8043	1.4645	1.7733	1.804	2.664	1.801	1.7798	1.7945	3.9532	2.2455	2.2707	1.6749	3.2398	2.5866	3.1899	3.4459	4.7414	8.7796	12.061
11.724	6.9515	7.9813	4.8673	2.3508	2.9412	2.9394	3.4877	4.3767	1.803	2.3493	0.92406	1.7392	4.4021	1.8147	1.8161	1.481	1.7868	1.816	2.6987	1.8149	1.7892	1.8125	4.0128	2.273	2.3022	1.6825	3.2814	2.6201	3.2275	3.4864	4.8142	8.9267	12.275
2.0993	1.7008	0.5989	1.4061	1.1029	1.4878	1.5585	2.7993	1.5341	1.0111	1.4934	0.90631	1.4771	1.5542	0.89389	2.1128	0.9022	1.5116	2.1126	1.5615	0.68377	2.5644	1.9565	1.2275	1.7503	0.97571	0.87269	0.77125	0.98914	1.1676	2.5877	1.3403	1.2357	2.2551
6.7902	4.4153	4.5601	3.4617	1.5526	2.9254	2.3492	2.1143	3.8613	1.6601	1.6362	0.36309	1.4672	3.4443	0.91921	1.9952	1.3396	1.1173	1.5959	2.58	0.5059	2.1194	1.456	2.9827	2.1243	1.6465	1.6976	2.6339	1.2221	2.06	2.6475	3.7018	6.3578	7.8721
10.233	5.6397	6.7966	4.7775	0.91148	2.7076	2.8481	4.3879	3.6302	0.62244	2.373	0.64082	1.8646	3.2607	1.9103	1.7264	1.5234	2.5336	1.9521	1.6527	1.1072	1.277	2.3526	4.3169	1.8073	2.1881	0.49724	3.1218	2.3888	2.2916	2.8183	3.9496	7.3881	10.703
10.996	6.5458	8.401	5.7318	2.1799	2.8174	3.6458	3.4332	3.9435	2.0782	2.5086	0.66496	2.2581	3.2368	2.2996	1.2562	2.0111	1.2921	2.9764	2.7381	2.6871	2.2903	1.1447	3.5756	1.4071	2.783	1.0316	2.5314	2.2182	2.6494	3.2687	4.7245	8.916	11.034
11.503	6.7617	7.9485	4.8505	2.3977	2.5771	3.5857	3.2181	3.6539	1.5427	3.3345	0.69733	1.5446	4.4863	2.4841	1.2519	1.2967	1.852	2.5033	2.6337	1.7272	2.3318	1.5984	3.3917	1.771	2.3427	2.0272	3.1949	2.4024	2.6582	3.5606	4.4201	9.0666	11.703
10.753	7.8587	8.525	4.7133	2.1636	2.6643	2.3424	2.4708	3.784	2.2047	1.6972	0.68497	2.6572	4.5659	1.3557	2.1875	0.78791	2.8076	1.1491	2.8443	1.3346	1.3994	2.2269	4.7903	2.9303	2.1707	1.8998	4.0806	2.8237	2.9161	3.6213	3.8778	8.6207	12.584
1.4554	1.4943	2.0804	2.0994	2.459	1.1751	1.8904	1.8992	1.5048	2.8021	1.5923	1.8884	1.7623	2.4363	1.2438	2.3951	2.5707	1.2446	0.71832	1.5952	1.4045	1.47	1.2707	1.5844	1.0318	1.1566	1.3584	0.58993	1.0989	1.4935	1.9132	1.4259	0.72156	0.68033
7.6881	4.2756	4.6486	3.3785	2.0645	1.9694	2.9383	2.3407	3.317	1.7464	2.023	1.4496	1.1319	2.5277	1.7083	0.15195	1.5532	1.5699	1.3021	2.6249	1.8002	1.0601	1.6924	2.5346	1.8889	1.2194	1.5265	2.9401	1.9973	1.532	3.3641	2.9317	6.1793	6.8358
9.9776	5.356	6.199	4.061	1.8841	2.3398	2.615	3.1623	3.3813	1.3617	1.3527	0.4881	1.392	4.0324	2.3548	1.4935	1.948	1.3734	1.6768	3.6268	1.3988	1.0178	1.7251	3.8802	2.158	2.4196	2.4246	2.3934	2.3828	2.6083	2.3039	4.0436	7.4232	10.433
11.145	6.7288	7.267	5.2996	2.7181	3.0089	3.3172	2.9741	3.7554	1.9695	1.875	1.0411	1.0283	4.4584	2.0546	1.5829	2.2883	1.6512	1.3073	3.0377	1.0105	1.0262	1.8655	3.9487	2.9699	1.874	2.5352	2.3165	1.4771	3.0037	3.5558	3.9815	8.684	11.355
12.12	7.9947	5.9688	4.5778	2.0917	3.563	2.8515	2.6784	4.0626	2.4052	2.8528	0.71104	1.4259	4.8629	2.5063	1.0806	1.3337	1.6663	1.9719	2.9977	2.0113	1.9086	2.9787	3.7898	2.5124	2.1574	2.192	4.8158	2.2298	3.2193	4.1123	4.6738	8.9384	12.414
12.259	7.4735	8.1874	4.5748	3.1013	3.1276	3.9988	3.6612	3.8673	2.1432	2.2516	0.18508	1.962	5.0316	2.4257	1.5509	1.2817	1.4239	1.7404	2.7052	1.4612	2.7643	1.4203	4.3845	2.2884	1.869	2.22	3.4368	2.8859	2.381	3.674	4.5347	8.4054	12.072
1.1541	1.54	1.9371	1.661	1.3947	1.259	1.8479	1.9451	1.377	1.0673	1.1816	1.5757	1.1859	1.2914	1.4617	1.347	1.3182	1.4599	1.2359	1.0278	1.6585	1.1588	1.8027	1.4086	1.3274	1.746	1.7464	1.174	1.1175	1.174	1.6274	1.8419	1.5101	1.1658
7.0812	4.4657	5.1361	3.3448	1.8387	2.1469	2.3517	2.6696	2.9702	1.409	1.7484	1.0939	1.409	2.9464	1.5567	1.5146	1.3216	1.5335	1.4737	1.8918	1.6291	1.4227	1.6822	2.7626	1.7689	1.9282	1.5679	2.2707	1.8908	2.2741	2.54	3.3946	5.6491	7.3611
9.7933	5.8987	6.7739	4.2197	2.1163	2.594	2.6671	3.1292	3.7947	1.632	2.0808	0.96991	1.5888	3.8009	1.6941	1.6786	1.388	1.6644	1.6636	2.366	1.7208	1.6237	1.7403	3.4779	2.0365	2.1116	1.6044	2.848	2.3126	2.8278	3.08	4.2107	7.5636	10.219
10.976	6.5404	7.5121	4.6149	2.2539	2.8004	2.8266	3.3463	4.1541	1.7354	2.2402	0.93421	1.6785	4.173	1.7655	1.7597	1.4375	1.7354	1.7542	2.573	1.7753	1.7204	1.7824	3.8032	2.1733	2.2199	1.6433	3.1097	2.5019	3.0714	3.3273	4.5798	8.4019	11.477
11.487	6.8206	7.8345	4.7879	2.3188	2.8945	2.904	3.4434	4.3063	1.7809	2.3136	0.92443	1.72	4.3304	1.7988	1.7967	1.4663	1.7694	1.7947	2.6604	1.8024	1.7639	1.8051	3.9469	2.2395	2.2761	1.6668	3.225	2.5838	3.1766	3.4355	4.7427	8.7639	12.023
11.706	6.9418	7.9737	4.8628	2.3489	2.9375	2.9409	3.486	4.3703	1.8006	2.3469	0.92215	1.7386	4.3965	1.8139	1.8132	1.4815	1.7851	1.8124	2.697	1.8153	1.7831	1.8162	4.0099	2.2706	2.3038	1.6791	3.2754	2.6189	3.222	3.482	4.8143	8.9196	12.258
2.5838	1.3269	1.7754	1.4474	0.63875	2.947	1.4379	1.7092	2.4811	1.5765	1.0082	1.1947	2.0815	0.4361	0.45489	1.0658	1.2336	1.6419	0.91794	2.1893	0.86978	1.0397	1.8216	1.1091	1.4584	1.6874	0.62645	0.67465	1.1867	1.5619	2.0505	1.3877	1.1337	1.8826
7.5288	4.2423	5.3849	3.8868	1.1894	2.5206	3.3483	1.4383	3.5496	1.9591	2.1588	0.74827	1.7799	3.1873	2.0718	1.296	1.593	1.1855	1.4508	1.5836	1.4083	1.0324	1.6401	2.408	1.8048	1.754	1.9547	2.4476	2.1561	3.0268	3.4448	3.5519	5.5986	6.549
10.121	6.2164	6.4582	4.1518	2.8326	2.4919	2.5198	2.9861	4.1133	1.3981	1.7799	0.58101	1.7584	3.1664	1.3941	1.2561	2.2265	1.7892	0.83007	2.6137	1.71	1.2445	1.3997	3.76	2.6863	3.469	1.9197	2.4517	2.8868	3.3348	3.3505	4.8088	8.0002	10.413
10.683	5.3228	7.592	4.5707	3.238	2.6181	2.489	2.4025	4.5712	0.83535	2.2372	0.7195	2.1943	3.1618	3.086	1.8289	2.5524	1.5264	1.5686	2.3988	1.6618	1.6835	1.351	4.0675	1.9131	1.5035	2.3948	3.2575	2.0538	3.7319	3.7999	4.2446	8.1954	10.63
11.795	6.908	7.5394	4.9407	2.2315	2.7917	3.19	3.5273	4.2886	0.63075	2.5165	1.3212	2.8027	3.7225	1.9861	1.0491	0.60093	1.8055	2.2925	2.5401	1.4744	2.2302	1.8857	3.7913	1.2191	2.1515	2.0031	3.1943	2.297	3.2959	2.6647	5.4923	8.2753	12.418
11.76	7.4698	8.5467	5.5876	3.0342	3.3493	3.066	3.8662	4.355	0.98745	1.66	0.66876	2.4778	3.3026	2.3139	1.3854	1.6618	2.1743	0.93821	1.9004	2.4786	1.5707	1.7613	4.4238	1.6259	2.3232	-0.10334	3.002	2.2576	2.8176	3.7694	4.3396	9.6211	12.952
1.3336	1.1354	1.7655	1.3186	1.2524	1.2001	1.069	1.5519	1.4038	1.7501	1.4872	1.3848	1.0614	1.2137	1.5439	1.4106	1.901	1.0563	1.4435	1.5378	1.1341	1.5409	1.8574	1.198	1.1556	1.0614	1.6611	1.0186	1.2911	1.9738	1.7646	1.2437	1.6821	1.1379
7.0474	4.3082	5.0739	3.1748	1.7699	2.1406	2.0871	2.4987	2.9867	1.6572	1.851	1.0252	1.3515	2.892	1.5907	1.5417	1.4993	1.3755	1.5538	2.0703	1.4399	1.5538	1.706	2.6699	1.6326	1.6293	1.5698	2.1848	1.9304	2.5608	2.5845	3.1295	5.7119	7.4169
9.7533	5.8369	6.7531	4.1457	2.0869	2.5982	2.577	3.0611	3.8018	1.7232	2.1153	0.94436	1.5644	3.7759	1.7073	1.6893	1.4456	1.6044	1.6937	2.4302	1.6519	1.67	1.7497	3.4357	1.9651	1.9873	1.6132	2.8066	2.3223	2.9325	3.0959	4.0938	7.5877	10.259
10.952	6.516	7.5049	4.5837	2.2418	2.804	2.7958	3.3195	4.157	1.769	2.2518	0.92466	1.6684	4.1622	1.7705	1.7639	1.4565	1.7127	1.7655	2.5961	1.7501	1.7368	1.7862	3.7843	2.1394	2.1686	1.649	3.0906	2.5038	3.11	3.333	4.529	8.411	11.498
11.474	6.8108	7.8318	4.7749	2.3139	2.8965	2.8934	3.4329	4.3075	1.7933	2.3175	0.92085	1.7158	4.3258	1.8008	1.7984	1.4726	1.7608	1.799	2.6687	1.7933	1.7697	1.8065	3.9385	2.224	2.255	1.6698	3.2163	2.5839	3.1909	3.4375	4.7208	8.7673	12.032
11.7	6.9379	7.9726	4.8574	2.3469	2.9384	2.9372	3.4819	4.3708	1.8051	2.3482	0.92079	1.7369	4.3946	1.8147	1.8138	1.4837	1.7818	1.814	2.7	1.8119	1.7851	1.8168	4.0062	2.2637	2.2951	1.6806	3.2715	2.6187	3.2273	3.4828	4.8048	8.9208	12.262
1.857	1.8998	1.3484	1.4863	1.6795	1.7041	1.4609	1.3643	1.2803	1.0762	1.4446	1.1657	1.3987	1.9206	1.5113	1.9141	1.0919	1.993	1.0964	1.3131	1.7854	1.6024	1.4659	1.2981	1.1332	1.295	1.1666	1.3171	1.1098	1.8321	1.9716	1.2183	1.7061	1.039
7.4111	4.6843	4.9374	3.3051	1.9599	2.311	2.2409	2.4614	2.9495	1.3985	1.8928	0.95494	1.4947	3.1817	1.5771	1.7253	1.2445	1.7517	1.4245	2.0172	1.6779	1.608	1.5604	2.7287	1.6541	1.7216	1.3794	2.2905	1.8527	2.4806	2.676	3.1337	5.732	7.3486
9.9418	6.0078	6.7013	4.2116	2.1659	2.6544	2.6329	3.0544	3.7909	1.6266	2.1456	0.92022	1.6213	3.8892	1.7022	1.7567	1.3617	1.7485	1.646	2.416	1.7393	1.6956	1.696	3.4623	1.9806	2.0243	1.5404	2.847	2.2925	2.8931	3.1327	4.0997	7.6013	10.22
11.041	6.5909	7.4854	4.6143	2.2743	2.8231	2.8164	3.3197	4.1541	1.733	2.268	0.91638	1.6909	4.2063	1.7686	1.7887	1.4286	1.7676	1.748	2.5927	1.7823	1.7481	1.7663	3.7955	2.1477	2.1836	1.6211	3.1062	2.4926	3.0919	3.3477	4.533	8.4182	11.479
11.515	6.8431	7.8247	4.7886	2.3272	2.9033	2.9012	3.434	4.3068	1.7799	2.3253	0.91804	1.7247	4.343	1.8001	1.8075	1.4633	1.7818	1.7925	2.6682	1.8051	1.7746	1.7992	3.9431	2.228	2.261	1.659	3.2225	2.5797	3.1829	3.4434	4.7231	8.7706	12.024
11.718	6.9516	7.9701	4.8635	2.3524	2.941	2.9403	3.4828	4.3707	1.8002	2.3518	0.91987	1.7404	4.4013	1.8144	1.8171	1.4806	1.7899	1.8116	2.7001	1.8163	1.7872	1.8141	4.008	2.2656	2.2976	1.6764	3.2739	2.6171	3.2239	3.4851	4.806	8.9223	12.259
1.6694	1.0372	1.0033	1.1425	1.8624	1.276	1.5317	1.5222	1.5676	1.333	1.4134	1.4143	1.9839	1.0577	1.3965	1.7913	1.5942	1.3096	1.9018	1.0931	1.319	1.887	1.6574	1.6845	1.4739	1.1412	1.9509	1.8826	1.4374	1.835	1.3251	1.3676	1.7948	1.0993
7.277	4.2396	4.8066	3.1392	2.0248	2.1842	2.2868	2.4663	3.0204	1.4859	1.8682	1.0427	1.6918	2.8133	1.5392	1.6844	1.4159	1.4709	1.725	1.9092	1.5106	1.6833	1.6351	2.8978	1.8057	1.7096	1.6735	2.5292	1.973	2.5482	2.4256	3.2237	5.7872	7.4602
9.8824	5.8106	6.6558	4.1474	2.1899	2.619	2.6595	3.0472	3.8101	1.6583	2.135	0.95194	1.6904	3.7452	1.6892	1.7426	1.4231	1.64	1.7576	2.3716	1.6787	1.7181	1.7245	3.5351	2.0453	2.0328	1.6517	2.9454	2.3381	2.9395	3.0381	4.1452	7.6314	10.294
11.017	6.5068	7.4697	4.5898	2.2834	2.8142	2.8299	3.3143	4.1591	1.7447	2.264	0.92787	1.7153	4.1509	1.7642	1.7839	1.4512	1.726	1.7894	2.5749	1.7604	1.7548	1.7772	3.8268	2.175	2.1913	1.6636	3.1464	2.51	3.1168	3.312	4.5546	8.4335	11.518
11.504	6.8079	7.8192	4.7792	2.3308	2.9016	2.9077	3.4311	4.308	1.7842	2.3239	0.92221	1.7334	4.3218	1.7986	1.8059	1.4719	1.7659	1.8079	2.6611	1.7972	1.7764	1.8034	3.9567	2.2396	2.2657	1.6754	3.2389	2.5864	3.195	3.4299	4.7331	8.7782	12.043
11.714	6.937	7.9682	4.8598	2.3538	2.941	2.9433	3.4813	4.3709	1.8018	2.3514	0.92137	1.7435	4.3932	1.814	1.8166	1.4839	1.7838	1.8174	2.6973	1.8135	1.7877	1.8157	4.0139	2.2705	2.3001	1.6828	3.2806	2.6197	3.2295	3.4801	4.8106	8.9259	12.268
1.5539	0.90286	0.87392	0.45384	2.084	2.2778	1.8021	1.6343	1.7062	2.315	0.94364	1.6605	1.6659	0.9978	1.8938	0.9618	2.192	1.7061	1.8318	1.4931	1.5268	1.3171	1.2091	-0.13267	1.0298	0.46001	1.3246	1.2416	0.72169	1.2407	1.4847	0.71902	0.84355	2.4969
7.2601	4.7295	4.8485	3.3574	1.7211	1.2529	2.9252	2.2453	2.1617	1.6198	0.9441	0.44858	1.3406	2.6589	1.1877	1.2377	1.306	2.0743	0.35194	1.3457	1.1537	1.8455	2.1021	3.0974	1.4213	1.6018	1.4168	2.0121	1.1957	2.8345	1.7457	3.821	5.6938	7.676
10.364	6.9082	6.9907	4.3048	1.819	1.7984	3.0076	2.6709	3.2438	1.7922	2.0034	1.0819	1.554	4.1004	1.9277	1.5374	1.8785	2.1112	1.7279	2.2548	1.9036	1.2638	1.1896	4.4043	1.6592	1.2098	2.0771	2.1136	2.0797	2.7345	4.1645	4.2611	8.1653	10.457
11.124	6.3372	8.6491	4.2002	2.037	2.8511	2.0493	4.2891	4.3974	1.8229	2.3503	1.2314	1.3972	4.4153	1.6401	1.8626	1.485	1.4401	2.8242	2.7739	2.0356	1.3972	1.9213	4.0495	2.7323	1.8355	1.9865	2.7952	2.1485	2.8003	3.1556	4.6213	9.0153	12.177
11.4	7.1421	8.2692	5.2867	1.7691	3.0747	2.543	3.271	4.4854	1.5173	2.4167	1.7237	1.8374	4.8804	1.9204	2.8164	1.2062	1.1189	1.7077	2.1859	1.7727	1.9992	1.5279	4.6353	2.0001	2.6446	0.43223	2.7678	2.7111	2.7596	3.5714	5.4074	8.8985	12.248
12.587	7.104	7.8483	5.056	2.0899	2.4685	2.5161	3.4075	3.7896	0.88721	1.6542	-0.10634	1.609	4.5778	2.2562	1.3753	1.355	1.9844	1.4923	2.831	2.7928	2.3361	1.4326	4.039	2.3166	3.1561	0.77883	3.8304	2.5013	3.6232	3.66	4.8891	8.0715	10.402
1.0595	1.9732	0.42916	0.65873	1.7274	1.8852	1.7317	0.88492	2.1336	1.89	1.2267	1.2536	1.118	2.4001	1.7102	2.0149	0.75481	2.0848	2.3223	1.4883	1.5678	0.41774	1.9141	2.4563	1.6601	1.9256	1.0893	0.21002	1.616	1.7317	1.2462	1.0641	1.3145	1.3137
6.8709	4.4483	4.9052	2.6498	2.3389	2.2924	2.6478	2.5002	2.4417	1.5231	1.0579	0.2368	1.3431	2.891	1.6883	0.6161	1.8994	1.5403	1.845	2.0371	1.2019	0.94437	1.5806	3.5357	2.6818	2.2915	1.1624	2.0363	2.466	3.2409	2.0331	2.764	6.0433	8.1413
9.7928	5.4863	6.4554	3.8742	2.247	2.7059	2.5168	2.7833	3.4284	2.5258	1.1756	1.2449	0.50453	3.0668	1.5492	0.79703	1.9237	0.8127	1.8686	2.2322	2.5328	0.984	1.2025	3.4939	1.5879	1.607	1.5848	2.3573	3.1184	3.0095	3.6479	3.8395	7.1109	10.608
10.8	6.5544	7.7493	4.4593	2.3007	2.8996	3.2718	3.6615	4.179	1.0193	2.0335	1.0844	2.3349	3.7094	1.893	1.2547	1.3356	2.6818	1.6888	2.4014	1.334	0.38786	1.7481	4.1354	3.1906	1.7382	2.1417	2.8076	1.7631	2.5801	3.3142	4.3026	8.5681	11.346
10.956	7.3267	7.9065	5.3693	2.0139	3.4046	2.1684	2.7168	3.9037	1.6421	1.4	0.60899	1.9384	4.4619	1.4516	1.8479	3.1276	1.2378	1.9205	2.5868	1.635	2.8338	2.0029	3.3453	2.2522	1.8095	1.5802	2.8505	3.4733	3.7487	2.7515	5.2029	7.9372	11.313
11.95	7.8335	7.6742	4.5615	2.7707	2.7681	3.6044	2.945	4.443	1.364	1.8951	0.22389	0.85971	3.6747	1.692	1.919	1.2962	1.8225	2.7609	3.0119	1.8548	1.4173	1.2417	4.3	2.4947	2.8396	1.8318	3.0668	3.2659	4.3432	4.1015	4.2316	9.2705	12.939
1.492	2.0467	2.0802	1.5721	2.791	1.7873	2.217	0.7047	2.0875	1.0658	2.0712	1.6603	1.1623	1.3725	1.4608	1.2294	1.2274	2.2281	0.70406	1.0707	1.1817	1.3832	2.1279	1.2261	2.3162	2.2787	2.0114	1.8525	2.2407	0.66606	1.182	1.1016	0.91266	2.0382
6.9726	5.0403	4.7555	2.7203	1.4719	1.4214	2.3912	2.1235	3.7372	1.7434	1.7662	0.44447	2.2933	3.1591	0.87095	1.5616	1.6869	1.4794	2.5094	2.1135	1.3085	1.8796	1.1692	3.0936	2.3764	2.4925	2.6522	2.4301	1.6069	2.0639	3.0546	3.7391	5.3196	8.0962
9.5254	4.812	6.4777	4.3389	1.8964	1.732	2.7556	3.0841	4.1468	2.2214	3.0307	0.85411	2.2965	3.2919	2.0176	1.5183	1.5317	1.9662	1.7664	2.7901	1.8912	1.619	1.6836	3.4241	3.3099	2.5656	0.82713	2.4196	1.9516	2.0171	3.0565	5.2814	7.5364	10.609
11.497	6.0475	7.382	4.7773	1.7863	3.3255	2.4016	4.1073	4.2092	1.6647	2.4861	0.32924	2.3945	4.3132	2.3901	1.5098	-0.048965	1.8704	1.3526	2.759	1.9438	2.4652	1.1637	4.1249	2.5902	1.9941	2.0829	3.1986	1.9182	2.8254	3.5324	4.313	7.4257	11.466
11.553	6.7429	8.1915	3.9525	2.9024	3.204	2.9166	3.6171	4.0983	2.0863	2.404	0.89663	2.0186	4.9104	2.375	0.53702	1.3187	2.2376	1.3884	2.1492	1.6878	1.3625	1.335	4.4749	1.5071	2.2995	2.2658	4.0774	1.8787	2.7925	4.2286	5.1688	7.9669	12.324
12.092	7.1199	8.0316	5.0073	2.0775	3.0836	2.3936	3.6839	4.6732	1.8931	1.7585	1.0001	2.1304	3.8477	1.3011	2.1344	1.8774	2.7716	1.8715	2.3522	1.3146	1.9339	1.0897	4.1973	2.4253	2.4811	1.3849	3.0823	2.1518	2.8263	3.8249	4.4081	8.8933	13.523
0.81377	1.8141	1.6819	0.86091	1.3995	1.6166	1.6285	0.66914	1.4329	1.3985	2.0275	1.3494	2.0094	1.6822	0.94604	2.3894	1.4352	2.3071	2.1751	0.92029	1.4299	1.9665	2.1438	1.1108	2.1972	0.82158	1.4885	1.9902	1.0261	1.4011	2.2188	0.17857	0.83368	1.0582
7.8395	4.7531	4.3635	3.1123	1.6816	2.6592	2.6872	2.1517	4.1541	0.93332	1.8043	1.2904	1.3423	3.3798	1.4928	1.0224	1.3305	1.8209	0.93401	2.0471	1.7863	1.5289	2.2908	1.8261	2.1748	1.4582	1.2895	2.0652	2.3733	2.7099	2.9373	3.1448	5.1979	7.3469
9.6368	5.3954	6.726	4.4419	1.4955	2.6029	2.2813	2.7003	3.899	1.4721	2.8549	0.85768	1.7538	4.8591	1.6627	1.6702	2.1488	1.8154	1.4163	2.5868	2.2121	2.3346	1.7219	4.0879	1.6827	2.4991	1.0019	2.8761	2.7729	2.2377	3.5779	4.9536	8.0786	10.58
11.631	6.4627	7.4304	4.7067	2.2584	1.9193	2.5299	3.6607	3.7129	0.94777	2.4251	1.5119	1.2487	4.0066	1.4225	1.1761	1.7375	2.0269	2.3216	2.326	1.2349	1.9838	2.6884	3.2051	2.175	2.0689	2.2452	3.1767	2.5784	2.8898	3.7927	4.9657	8.0336	11.884
11.036	6.5915	7.4264	3.5809	2.2465	2.1715	3.0418	3.5431	3.6509	2.1336	1.2179	0.25496	1.2563	4.2178	1.147	2.3792	1.4698	1.7227	1.4604	1.5975	2.4329	2.0457	1.7585	4.0875	2.7167	2.3836	2.1936	4.0993	3.7101	2.9158	3.4577	5.2576	9.8651	12.631
12.197	6.464	8.2971	4.4737	2.9954	2.5678	2.664	3.7555	4.423	2.7788	2.2814	2.1534	1.7778	3.0259	1.6056	2.207	1.5527	1.2914	1.9529	3.2097	2.1871	3.1383	1.318	4.4684	1.8921	1.4281	0.89604	3.468	2.5362	3.9108	2.7748	5.71	9.3662	12.439
0.9169	1.8876	1.0358	1.6395	1.3994	0.98692	1.0004	1.4145	1.5974	1.5326	1.4246	2.2927	2.2425	0.80791	1.216	1.7287	0.89805	2.1688	1.7764	0.22152	2.2518	2.1127	1.7155	1.9249	2.048	1.4159	1.4237	1.2614	1.7149	2.0959	1.8015	0.92489	1.4571	2.1415
7.1748	4.6835	5.1978	2.7698	2.8066	2.2497	2.4151	3.0734	3.1414	0.93839	1.5802	1.2074	1.5836	2.7603	1.1946	2.1069	1.5342	2.3363	1.7786	1.8611	1.2638	0.94828	0.80584	3.6141	2.0656	1.9598	1.4917	2.9767	2.396	2.4317	2.7185	2.7442	5.7448	7.4969
8.8203	6.6636	5.884	3.734	2.0905	2.1767	2.3676	3.5573	3.5579	2.0785	2.0388	0.6321	2.2686	4.3343	2.1447	1.0983	0.75686	1.6492	1.3218	2.7855	2.0224	1.4888	0.92134	3.068	2.6503	2.3677	1.5649	3.1332	2.8503	2.6155	3.3158	3.9365	6.6697	10.569
11.643	6.0094	7.6643	4.9276	2.4493	2.7119	2.8465	2.5714	4.3881	1.6404	2.1034	0.99017	1.4597	3.6148	1.7832	1.404	1.7636	1.3092	2.1514	2.5957	2.3651	1.6856	2.4373	3.8176	0.8204	2.0742	1.1271	2.532	2.4301	2.8649	3.5686	5.1533	8.8853	11.179
11.681	6.7979	8.3715	5.3418	2.1456	3.2422	4.2896	3.1186	4.5488	2.1463	2.6502	0.42965	1.951	4.2586	1.9919	2.3174	1.5313	1.2183	1.2679	2.6916	1.626	2.0979	2.2108	4.1613	2.2455	2.2848	1.0826	2.1164	2.6687	4.0974	3.441	5.1293	8.7152	11.784
11.993	7.4921	6.8497	4.7613	2.6034	3.92	3.0285	3.2602	3.9506	1.3044	3.2506	0.88034	1.9085	3.9103	1.5378	2.6659	0.97263	1.1662	2.5606	2.4448	2.5391	2.1457	2.0203	4.07	2.1485	1.477	1.9894	3.3467	2.2612	3.4805	4.341	5.4005	8.9503	12.542
1.4245	0.83265	0.88418	1.6969	1.9769	1.8309	1.6847	1.0726	0.88846	0.31779	0.47517	1.1884	0.4678	1.7254	1.7194	1.0041	0.75124	1.6246	1.8869	2.0823	1.2353	1.9107	1.9685	0.88064	0.22013	0.956	1.0178	1.5136	1.4689	2.3182	1.2866	1.643	1.33	1.8751
6.602	5.3566	4.7451	3.3884	1.4305	2.5704	2.5579	2.0071	2.7032	1.7047	1.5857	0.53577	2.2691	3.1786	1.4797	1.7187	0.88543	1.2705	0.99341	1.8905	0.43198	2.3237	1.6734	2.1012	1.3978	1.7107	0.92471	2.7882	1.4976	2.5228	3.5889	3.139	6.7112	7.85
9.9084	6.4237	6.0393	4.9377	1.8913	2.6359	2.5744	3.3425	4.0118	1.9579	1.3662	1.5555	1.3183	3.3282	1.88	1.8476	0.46621	1.7317	1.4221	2.6568	1.4739	2.5761	2.908	3.7425	1.3624	2.5967	1.838	3.5029	2.9653	2.6804	3.5742	4.1591	7.0601	9.8183
10.413	6.9535	7.8138	3.7084	2.6207	2.3186	3.637	4.0781	4.12	2.6091	2.1814	2.0324	1.8905	4.2617	2.2171	1.5799	1.5028	2.2232	1.8993	2.5152	1.2062	2.1571	1.5327	3.9821	2.5232	2.853	2.0118	3.7422	2.0764	3.1845	2.0723	4.4107	8.2454	11.565
12.179	5.7773	7.5633	4.31	1.7089	2.0997	2.9919	3.9468	5.0003	1.8222	1.9296	0.99431	1.6252	3.5926	1.0028	2.0867	1.8641	2.0566	1.6144	2.4545	1.8479	0.97633	2.6971	3.6202	2.7871	3.0156	0.89469	3.4814	1.6168	3.3743	2.9535	4.0823	8.0954	11.806
12.122	6.3061	7.8876	4.6283	2.8761	3.017	2.7375	3.6039	4.7018	1.9318	1.7042	1.0612	1.9131	4.3451	1.0856	2.8547	1.2952	1.9405	1.5293	2.9308	1.4517	2.5233	1.2591	3.305	1.2703	2.1064	1.6072	3.0703	2.2077	3.4423	3.4638	5.882	8.4853	12.674
1.0039	1.9285	1.3381	1.368	0.36675	2.037	0.34276	2.1998	0.60137	1.3353	1.5864	1.4016	1.823	2.2769	1.4388	1.3835	2.1283	1.008	0.29327	2.1891	1.9051	1.002	0.70486	1.7393	1.4572	1.494	1.8918	2.202	1.4667	1.0263	0.7054	2.2104	1.5027	0.34387
6.3449	5.5406	5.2144	3.5313	1.8038	2.1185	1.7163	2.8527	3.23	1.7836	0.59013	0.68863	1.8819	3.1544	0.99394	1.3615	0.93088	0.82285	1.7997	1.8992	1.8793	1.0107	1.9625	2.7843	2.0476	2.5655	2.0401	3.3353	1.1508	2.1096	2.4118	3.3342	6.5109	8.0764
9.5356	5.8497	6.4951	4.4346	2.4633	3.3272	2.2779	3.021	3.7154	2.0386	2.1078	1.0509	1.5486	4.0931	1.7548	2.5301	0.95241	1.7339	1.6332	2.6555	3.0051	2.1428	1.5748	2.6153	1.8513	1.8269	1.7597	2.847	1.6278	3.1987	3.3588	4.2747	7.0191	10.344
11.62	6.9002	7.643	5.353	1.6988	2.7163	3.4896	2.902	4.2878	1.6991	2.2977	1.4924	2.5468	4.8515	1.1611	1.297	1.6059	1.985	1.7501	1.498	0.90465	1.5225	1.4374	4.2262	1.7467	2.1956	1.8986	2.7275	2.5215	3.3539	3.2838	4.6285	8.2539	11.459
11.098	6.2199	7.4981	4.2414	2.2074	2.4546	3.0054	3.5298	4.0469	1.3295	2.4833	0.87261	1.5123	4.0064	2.0464	1.6109	1.3765	2.1123	1.5931	1.9202	0.94024	2.0048	1.7236	3.6764	1.8726	3.0589	1.487	3.1817	2.2724	2.975	2.756	4.8377	8.3687	12.093
11.81	6.5095	8.263	4.9743	2.961	2.8846	3.9616	3.2983	4.7146	1.9239	2.1547	0.37894	1.5306	4.3053	2.9317	1.7979	0.6431	1.2561	1.6571	2.3073	1.6759	1.8874	2.0117	4.9365	1.6206	2.0548	1.5946	2.9869	3.2865	2.7267	3.9637	5.2037	8.5888	11.912
