0.514212 0.52605 0.476309 0.488924 0.477807 0.452769 0.490667 0.528517 0.504237 0.54295 0.474895 0.432584 0.481038 0.538674 0.489559 0.518433 0.461111 0.475728 0.443182 0.509158 0.45974 0.5 0.426702 0.493036 0.48203 0.467606 0.469613 0.448276 0.497863 0.513986 0.491749 0.48254 0.467972 0.531049 
0.506667 0.546573 0.522158 0.461333 0.47076 0.565315 0.477273 0.590164 0.473896 0.524194 0.436813 0.440389 0.457413 0.483333 0.470423 0.464953 0.546053 0.523416 0.535519 0.400778 0.512821 0.514535 0.449568 0.460043 0.538462 0.571429 0.404682 0.521277 0.516279 0.542074 0.467354 0.462069 0.501511 0.473846 
0.421182 0.463068 0.434783 0.425974 0.450082 0.473851 0.453634 0.46589 0.430025 0.463373 0.472033 0.41453 0.5 0.426506 0.394805 0.43662 0.406143 0.43018 0.436937 0.465649 0.465854 0.373802 0.416667 0.378917 0.429952 0.426513 0.504167 0.459941 0.44591 0.504249 0.437859 0.415663 0.414729 0.471591 
0.450472 0.407295 0.458003 0.373206 0.425497 0.4 0.388614 0.478803 0.499109 0.426202 0.432584 0.444444 0.417949 0.347188 0.400458 0.426799 0.424324 0.430464 0.445916 0.457944 0.419283 0.469466 0.388309 0.446377 0.428305 0.459184 0.413519 0.422633 0.458696 0.533123 0.391791 0.413386 0.4273 0.369261 
0.47448 0.424063 0.4699 0.436195 0.357009 0.355658 0.479115 0.470024 0.48155 0.439421 0.515098 0.399516 0.467532 0.381387 0.375209 0.462081 0.457413 0.308782 0.378092 0.369718 0.440922 0.368519 0.385135 0.443299 0.463722 0.425352 0.386252 0.409583 0.398693 0.443864 0.459519 0.425129 0.454225 0.384127 
0.440625 0.457627 0.493151 0.424096 0.458961 0.397727 0.334862 0.342949 0.352018 0.44334 0.456238 0.458733 0.395105 0.364522 0.36965 0.335784 0.462687 0.449153 0.49162 0.468153 0.483516 0.361829 0.362606 0.340426 0.376471 0.481013 0.430481 0.398618 0.435374 0.453441 0.414538 0.341954 0.382258 0.484694 
0.570957 0.579167 0.49896 0.411765 0.366149 0.351807 0.47012 0.43038 0.353086 0.439169 0.332542 0.466667 0.408488 0.494845 0.479275 0.490515 0.451411 0.395789 0.348123 0.37365 0.535503 0.448637 0.447826 0.404826 0.438746 0.37605 0.480243 0.409722 0.427441 0.418067 0.418129 0.445293 0.513661 0.371758 
0.523179 0.478947 0.539535 0.429003 0.491837 0.488536 0.47117 0.453629 0.445434 0.501838 0.462754 0.433099 0.435567 0.470085 0.41958 0.469444 0.467925 0.454927 0.531157 0.524416 0.463054 0.464 0.327731 0.491453 0.478673 0.433604 0.387424 0.413043 0.508065 0.442387 0.394286 0.482955 0.460815 0.429967 
0.42492 0.477089 0.429967 0.423077 0.416667 0.475915 0.475758 0.407186 0.496703 0.499213 0.446809 0.523256 0.502778 0.440678 0.529563 0.545012 0.484848 0.526178 0.423611 0.378676 0.457413 0.432773 0.471098 0.516899 0.467742 0.485765 0.484043 0.444976 0.436285 0.496144 0.458333 0.386831 0.427083 0.470395 
0.490741 0.477124 0.456204 0.518207 0.489426 0.437086 0.525164 0.509174 0.538462 0.588235 0.480916 0.48855 0.48503 0.485549 0.519481 0.441077 0.556474 0.462462 0.429752 0.476744 0.523669 0.491103 0.431267 0.522581 0.467085 0.462871 0.455 0.566372 0.487179 0.512931 0.492891 0.454225 0.495549 0.451477 
0.421652 0.464646 0.426799 0.513433 0.446985 0.40201 0.377676 0.31982 0.447853 0.45471 0.405172 0.37069 0.387302 0.41533 0.386064 0.363636 0.305011 0.41953 0.449561 0.436567 0.462171 0.386364 0.315789 0.384164 0.368056 0.380623 0.376068 0.40249 0.485222 0.381295 0.355795 0.412668 0.394068 0.372937 
0.419903 0.527439 0.441919 0.517707 0.5 0.43876 0.472062 0.364686 0.498361 0.460259 0.396761 0.364322 0.475973 0.395062 0.524138 0.533693 0.41623 0.542017 0.513699 0.465394 0.490166 0.400433 0.505917 0.4 0.532692 0.385185 0.386538 0.5125 0.380682 0.447853 0.4 0.431707 0.443769 0.567398 
0.433566 0.439437 0.49499 0.374165 0.383333 0.428999 0.399002 0.40916 0.364066 0.417303 0.352941 0.379048 0.402414 0.382831 0.39876 0.466227 0.45208 0.48368 0.466281 0.370588 0.468144 0.365132 0.37883 0.383747 0.404867 0.412442 0.454768 0.449821 0.404762 0.382625 0.41791 0.480645 0.367159 0.385445 
0.56229 0.521994 0.63658 0.525 0.508097 0.538682 0.563739 0.569378 0.568765 0.537084 0.471233 0.519231 0.459834 0.534574 0.56962 0.608696 0.586667 0.541872 0.598326 0.520107 0.538235 0.582011 0.489451 0.43871 0.51585 0.552163 0.517647 0.464744 0.55144 0.518018 0.539568 0.521197 0.516667 0.569482 
0.473856 0.55618 0.526163 0.577778 0.574803 0.538206 0.592705 0.563218 0.543353 0.624413 0.61186 0.544928 0.512121 0.634328 0.463415 0.58589 0.546099 0.432 0.477707 0.464 0.568182 0.536023 0.637288 0.611268 0.437229 0.507143 0.508197 0.470588 0.559902 0.539326 0.55 0.463415 0.508197 0.565657 
0.592357 0.495268 0.473077 0.671233 0.504065 0.619048 0.612426 0.584795 0.657534 0.616788 0.526515 0.491597 0.625 0.592476 0.686869 0.661677 0.488 0.552124 0.519856 0.481132 0.549296 0.662295 0.528125 0.492126 0.520599 0.6125 0.515901 0.466981 0.527897 0.440945 0.59306 0.560345 0.490099 0.48374 
0.48855 0.487671 0.445755 0.47557 0.363339 0.366292 0.422701 0.494709 0.341981 0.331429 0.302376 0.446469 0.421589 0.35729 0.441606 0.415423 0.506466 0.413793 0.438155 0.421546 0.34471 0.419825 0.393782 0.422872 0.424 0.365474 0.457711 0.488246 0.430584 0.410359 0.29927 0.410658 0.419492 0.401254 
0.542857 0.53598 0.587273 0.514507 0.505415 0.492574 0.421622 0.471074 0.507752 0.505906 0.448276 0.446115 0.495745 0.565116 0.52822 0.532847 0.494297 0.531621 0.508143 0.495979 0.546693 0.505128 0.541885 0.559735 0.438972 0.447248 0.395181 0.458015 0.491176 0.507726 0.513619 0.534091 0.56427 0.5 
0.475862 0.449123 0.544987 0.639413 0.590909 0.542945 0.567657 0.592179 0.58221 0.604545 0.632911 0.628415 0.513514 0.514535 0.618243 0.440945 0.646635 0.610638 0.564417 0.482759 0.478599 0.627907 0.576812 0.517241 0.408333 0.495268 0.529148 0.578171 0.603093 0.59824 0.52521 0.560302 0.5375 0.587786 
0.588636 0.558468 0.526946 0.564356 0.568966 0.504399 0.508427 0.538752 0.515406 0.588983 0.531323 0.561983 0.473039 0.468031 0.515581 0.521472 0.507772 0.503778 0.513742 0.576837 0.41048 0.428115 0.519608 0.572 0.536232 0.464674 0.511688 0.459916 0.400576 0.519757 0.601852 0.532294 0.51927 0.382022 
0.508197 0.519337 0.454839 0.552809 0.553247 0.546737 0.54918 0.483283 0.5 0.573561 0.600614 0.540275 0.54818 0.512195 0.534146 0.489796 0.573146 0.580717 0.586758 0.460076 0.364035 0.585586 0.568733 0.587393 0.511749 0.608108 0.555556 0.491909 0.62419 0.529762 0.548523 0.5323 0.473054 0.502688 
0.525469 0.444822 0.441463 0.453767 0.478431 0.420904 0.497354 0.447791 0.494361 0.531621 0.410256 0.389831 0.548098 0.430318 0.464413 0.467532 0.506881 0.437262 0.301818 0.36858 0.462963 0.42217 0.45 0.474747 0.371703 0.467262 0.461318 0.495652 0.509728 0.450292 0.529801 0.5 0.390123 0.379213 
0.57 0.510274 0.555556 0.566524 0.62585 0.582677 0.498221 0.49835 0.570588 0.591111 0.552567 0.461538 0.554422 0.555819 0.630979 0.444882 0.583815 0.621984 0.471545 0.564987 0.591772 0.412969 0.467213 0.522034 0.569024 0.541139 0.582126 0.47651 0.515254 0.569364 0.496063 0.418919 0.62069 0.616628 
0.495495 0.51706 0.516129 0.466844 0.553191 0.516667 0.541818 0.543933 0.55332 0.523697 0.521739 0.518456 0.431034 0.508621 0.507937 0.542857 0.542797 0.504566 0.556225 0.507865 0.540041 0.418919 0.498728 0.549266 0.507375 0.588506 0.490421 0.56129 0.491597 0.473829 0.504043 0.511299 0.418848 0.450893 
0.374346 0.40339 0.421053 0.474777 0.450402 0.51417 0.464427 0.444444 0.494792 0.486413 0.459834 0.497619 0.439024 0.516129 0.483645 0.37467 0.356322 0.482474 0.395034 0.485366 0.444924 0.4163 0.381579 0.463942 0.402827 0.418093 0.485564 0.463312 0.42418 0.444444 0.447644 0.472803 0.470732 0.4625 
0.5 0.545946 0.451613 0.392765 0.454395 0.43898 0.466797 0.447368 0.516746 0.437309 0.380117 0.479323 0.498876 0.403888 0.405034 0.496933 0.445455 0.329365 0.521311 0.483516 0.384906 0.433735 0.40176 0.386454 0.420245 0.487896 0.371901 0.49652 0.419453 0.44289 0.479029 0.479452 0.5 0.508591 
0.544365 0.59009 0.580275 0.624365 0.502347 0.542274 0.568966 0.591195 0.517123 0.479245 0.591176 0.531963 0.602469 0.481132 0.571429 0.490625 0.542135 0.565217 0.573499 0.518116 0.423792 0.446903 0.572917 0.605664 0.540342 0.557522 0.594286 0.545706 0.503311 0.454545 0.571865 0.543478 0.493939 0.537217 
0.472561 0.496063 0.511879 0.540351 0.489637 0.489914 0.483957 0.462462 0.506931 0.470449 0.508227 0.535484 0.531868 0.489418 0.449315 0.535885 0.527859 0.446108 0.504249 0.535792 0.536866 0.512438 0.474699 0.481586 0.512626 0.490602 0.521635 0.457077 0.431298 0.474308 0.483776 0.527363 0.501441 0.480249 
0.541568 0.494949 0.440994 0.491184 0.528155 0.504673 0.506757 0.448276 0.522976 0.468553 0.564103 0.565657 0.567273 0.510753 0.502868 0.559783 0.431507 0.535783 0.517672 0.557536 0.469345 0.442244 0.443636 0.47076 0.566929 0.536723 0.532033 0.510288 0.486216 0.526531 0.451128 0.443077 0.415254 0.597973 
0.520124 0.538462 0.541016 0.524823 0.480645 0.584337 0.494279 0.513002 0.529138 0.492788 0.616092 0.549342 0.472441 0.472727 0.52619 0.415254 0.464174 0.456221 0.434483 0.484429 0.479705 0.502075 0.493225 0.548589 0.577181 0.585635 0.525223 0.443223 0.557214 0.483871 0.447368 0.513158 0.455357 0.558405 
0.463127 0.478697 0.4875 0.424242 0.475442 0.50237 0.486641 0.470693 0.517007 0.537615 0.490446 0.432225 0.422785 0.475248 0.476378 0.49467 0.437158 0.495677 0.524 0.421642 0.473193 0.464589 0.469613 0.508108 0.470982 0.504831 0.493902 0.445238 0.480363 0.5141 0.520154 0.491713 0.52305 0.407895 
0.411765 0.498667 0.478873 0.503571 0.400673 0.449351 0.456522 0.495935 0.460784 0.467091 0.4942 0.490463 0.460432 0.479012 0.44403 0.492997 0.469248 0.506438 0.475992 0.47619 0.481481 0.462633 0.445498 0.376923 0.427083 0.494949 0.48494 0.455385 0.43287 0.485437 0.405172 0.485294 0.485714 0.437086 
0.476489 0.568245 0.502747 0.515152 0.539634 0.551587 0.509915 0.531807 0.511299 0.527002 0.559441 0.532922 0.536993 0.484127 0.512121 0.521739 0.520124 0.543814 0.530457 0.466887 0.481132 0.42446 0.458515 0.544747 0.554318 0.544944 0.464286 0.543124 0.502941 0.559113 0.507886 0.473333 0.552699 0.475177 
0.538462 0.534545 0.572222 0.61126 0.626168 0.569395 0.628272 0.618919 0.551724 0.6 0.638978 0.605678 0.616622 0.582979 0.538813 0.563218 0.493392 0.530435 0.497976 0.506608 0.563518 0.606232 0.582803 0.587838 0.552083 0.658602 0.579505 0.462882 0.544554 0.475962 0.626984 0.576512 0.557377 0.611684 
