0.000368 0.000468 1.402061 0.467535 -0.000553 -0.000562 -0.000758 0.693818 -0.000661 0.001033 -0.000072 0.000749 -0.001110 0.000305 -0.000775 0.000500 0.000229 -0.000108 0.888497 0.000771 0.206199 0.333143 0.000508 0.000236 0.000279 0.000079 0.000560 0.917390 0.000848 0.573033 0.000732 -0.001116 -0.334395 -0.000717 -0.000277 0.001749 0.539778 -0.000013 0.001168 0.452123
0.000808 -0.000713 0.000224 0.189393 0.000572 -0.000582 -0.024274 -0.000138 0.000836 -0.000648 0.001618 -0.000057 -0.000846 0.001288 -0.000746 0.154997 0.417402 0.000293 -0.000673 -0.000511 0.000223 -0.000657 0.299744 0.000644 0.332120 0.087849 0.751073 -0.000190 0.371335 -0.000463 -0.000395 -0.001078 0.000049 0.216997 0.000055 0.001010 0.000126 -0.000740 0.414070 0.206761
0.360486 0.925313 0.000428 0.000606 0.000969 -0.000894 0.001096 -0.000095 -0.000770 0.001223 -0.000013 -0.000580 0.000391 -0.000426 0.000159 0.163628 -0.000008 0.000441 -0.000829 -0.000696 -0.001018 0.000260 0.000082 0.000157 0.122092 0.000840 0.000036 0.000497 -0.000143 0.000696 0.000255 0.000940 1.068578 0.001135 0.000633 0.015938 0.001098 -0.000154 0.120660 0.000798
0.000533 0.178409 0.642190 0.000285 0.715488 0.001081 -0.001025 0.000723 0.000230 -0.000506 0.001804 0.000002 0.000488 0.009853 -0.000948 0.034526 0.001325 -0.000098 0.000076 0.000228 -0.000924 0.000430 0.000861 0.001597 0.000565 -0.000047 0.000560 0.001780 0.174048 -0.000670 0.001066 0.000240 0.000448 0.035875 0.030684 0.267077 -0.000349 0.000674 0.000265 -0.000418
-0.000245 0.001495 0.001629 0.001684 0.001184 0.030780 0.000352 0.000574 -0.000574 0.000022 0.001281 0.000473 0.001250 0.000250 0.001263 0.001527 0.001655 0.000308 0.850708 -0.000422 0.000589 0.212905 0.000964 0.000448 0.000341 0.604857 0.000532 0.000568 0.000165 0.001746 0.032240 -0.000136 0.001038 0.001333 -0.000692 -0.000090 0.493572 0.000674 -0.000133 -0.000218
0.000272 -0.000645 -0.000586 0.000940 0.000305 0.001226 0.000122 0.000757 0.000233 -0.000479 -0.000410 -0.000417 0.000552 -0.000566 0.286305 0.000103 -0.000202 0.000470 0.000099 -0.000874 0.000315 0.000906 0.001091 0.000478 -0.000158 0.000859 -0.000389 -0.000610 0.000379 0.089106 0.000238 0.000813 -0.000684 -0.000710 -0.000503 0.000570 0.000236 0.001033 0.000241 0.000254
-0.000659 0.000065 -0.000406 0.000878 0.000135 0.000660 -0.000015 0.877068 1.158503 0.103713 0.000487 0.287509 -0.000017 0.000022 0.011811 -0.001633 -0.000419 -0.001252 -0.000609 -0.000057 -0.001020 0.000550 -0.000821 0.000310 0.000442 -0.001564 0.000296 0.000431 -0.001292 -0.000626 -0.000161 0.001039 0.000280 -0.000616 -0.000347 0.000415 -0.000766 0.000410 0.000058 -0.000999
0.000215 0.000421 -0.000411 -0.000459 0.000610 0.082946 0.415589 0.000262 1.215583 1.078324 -0.000253 0.000442 0.128528 -0.000471 0.061820 0.001146 0.001041 -0.001189 0.000800 -0.000185 -0.000968 -0.000549 -0.000455 0.000994 -0.000038 -0.000753 -0.000369 -0.000195 -0.000973 0.001038 0.000443 0.000551 0.207794 -0.000310 -0.000801 0.000317 -0.000269 -0.000281 -0.000671 -0.000032
-0.417018 -0.196073 -0.455083 -0.417537 -0.466863 -0.000221 0.001259 0.032194 -0.000019 0.000681 -0.000213 -0.001232 -0.001061 -0.431961 -0.000204 -0.291090 -0.369615 -0.016625 -0.610931 -0.061350 -0.255836 -0.238539 -0.001157 -0.001361 -0.593955 -0.415538 -0.781276 -0.616596 -0.542096 -0.001149 -0.000819 -0.001014 0.000280 -0.606140 -0.000703 -0.267121 -0.455871 -0.000757 -0.226167 -0.818475
-0.000444 -0.134268 -0.000649 0.024027 -0.001402 -0.000570 -0.001299 0.559533 0.592232 0.000529 0.000032 0.000137 0.000804 -0.000353 0.526910 -0.000200 -0.116702 0.000533 -0.000496 0.000422 0.000055 -0.000802 -0.000007 -0.000014 -0.000540 0.000877 0.000694 0.000050 -0.000462 0.000044 0.000478 0.001317 0.000162 -0.000818 -0.000614 -0.001252 -0.000409 -0.000806 -0.001193 -0.001157
-0.000875 -0.000166 -0.001024 -0.001165 -0.069622 -0.001020 -0.000034 0.001256 0.199574 0.000131 -0.000634 0.001276 0.000316 -0.000798 0.001497 -0.000267 -0.000636 0.000225 -0.001016 -0.000007 -0.000415 0.000473 -0.000857 -0.000646 -0.001494 -0.000934 -0.001434 -0.000623 -0.000619 -0.000132 0.001080 -0.001007 0.000667 -0.001344 -0.000448 0.000714 -0.000740 -0.001455 -0.060501 0.000014
0.384740 0.481391 0.512215 0.001339 0.847962 0.015106 -0.000255 0.524047 0.000845 0.312006 1.459431 0.072965 0.440070 0.000582 0.409689 0.659302 0.567026 0.001271 0.000554 -0.000343 0.000469 0.001195 0.100567 1.021575 0.631913 0.521920 0.112113 0.576363 1.024477 0.319925 0.203845 0.000957 1.243490 0.582380 0.611248 0.313214 1.062949 0.000759 0.993083 0.896508
-0.000273 0.001089 -0.000618 0.000897 0.001049 0.000641 -0.079673 0.000426 0.000912 0.000031 -0.000175 0.645679 -0.001071 0.969652 0.277231 0.000262 0.001199 -0.029010 -0.000807 -0.000196 0.000301 0.000248 -0.000514 -0.000084 -0.000362 0.000960 -0.001005 0.001018 0.001111 0.000369 -0.000330 -0.000402 -0.000060 -0.000001 0.000938 -0.001473 0.000460 0.000100 -0.000579 0.000165
-0.000251 0.000818 0.111287 -0.000197 0.000974 -0.006605 0.001202 0.000780 -0.000559 0.000587 -0.000371 0.108776 0.626034 0.383785 -0.000386 1.191806 0.845488 -0.000567 -0.000147 0.000133 0.000242 -0.000781 0.001211 0.001171 0.000097 0.001153 0.931489 0.001263 -0.000229 -0.070032 0.001168 0.001055 0.322546 -0.000496 0.321854 0.013715 -0.000599 -0.065158 0.001137 -0.000299
-0.000782 -0.017990 0.000841 0.132554 0.000208 0.765413 -0.000123 -0.000135 0.243120 1.346627 -0.000806 0.000706 0.480071 -0.001841 -0.000013 0.000914 -0.000815 0.001016 -0.001014 0.000116 -0.000146 -0.000546 1.137646 0.027520 0.000937 0.000443 0.000838 0.002428 -0.000231 0.764339 0.001367 -0.001250 -0.000343 0.001097 -0.000319 -0.001106 0.001720 0.000518 0.000424 -0.000317
-0.001399 -0.001213 -0.001612 -0.000574 -0.000088 -0.000947 0.000101 0.000442 -0.000880 -0.000352 0.000468 -0.000115 -0.000744 -0.000250 -0.000497 -0.000987 -0.000430 0.000150 -0.001597 -0.000160 -0.001611 -0.000119 -0.000099 -0.000638 -0.001495 -0.000520 0.000286 -0.001243 -0.001026 -0.000884 -0.000157 -0.130253 -0.001763 0.000321 0.000879 -0.001237 -0.001257 -0.000062 0.000508 -0.000147
-0.000811 0.000176 -0.000972 0.000028 0.000498 -0.000546 0.000634 0.000567 -0.000372 0.000777 -0.039350 -0.001516 -0.000317 -0.005630 -0.000154 0.001650 -0.000565 0.000807 0.000596 -0.013860 -0.352708 -0.000256 0.000563 0.000675 -0.000554 -0.000257 -0.000565 -0.000581 -0.001649 -0.022460 -0.001218 -0.000447 0.000874 0.000237 -0.000470 -0.001522 -0.165715 -0.261959 -0.000848 -0.195297
0.000707 -0.000785 0.001364 0.001054 0.001652 0.000834 0.000653 0.042914 -0.000278 0.000720 0.208892 0.000702 0.001459 0.001416 -0.000471 0.000658 0.648592 -0.000435 0.000279 0.000274 -0.000371 0.001148 0.000795 -0.000609 0.000692 0.001445 0.000458 0.722717 -0.000689 0.001706 0.000019 0.000264 0.000773 0.000362 -0.000165 0.001142 0.500240 0.000924 -0.000520 0.450539
0.001371 0.061343 0.000955 0.000381 0.221143 -0.000820 0.000129 0.335370 -0.000728 0.000650 0.654193 0.000445 -0.000045 0.090958 0.072295 0.514454 0.001435 0.438172 0.000663 -0.000760 -0.000186 -0.000088 0.000473 0.000388 0.000979 0.000761 -0.000480 0.180779 -0.000189 0.000954 0.000734 0.043114 0.001139 0.000906 0.000484 -0.000026 0.000622 0.000694 0.000615 0.000999
0.001254 0.000505 -0.000564 -0.000524 -0.000758 -0.000002 0.001161 -0.001197 -0.000599 -0.001233 0.001285 -0.000616 0.143043 0.342702 0.502039 0.026318 0.000495 0.001449 0.091202 0.586774 0.653999 0.971790 0.000886 -0.000420 0.000043 0.001239 0.000782 -0.000935 0.000131 0.113622 -0.000018 -0.000485 -0.000201 0.000014 0.000257 0.000625 0.000994 0.444701 0.000616 0.000380
-0.000182 -0.001110 -0.000305 -0.000079 -0.000015 0.001156 0.000669 -0.000708 -0.000099 -0.001522 0.000452 -0.000160 0.000187 0.000758 0.000433 -0.000910 0.000541 0.000997 0.056320 -0.000572 0.001205 0.000325 -0.000446 -0.000834 0.000049 0.000084 0.000309 0.000097 -0.000973 -0.000461 -0.001322 -0.000986 -0.000062 0.000520 0.000413 -0.001428 -0.000136 0.000717 -0.000924 -0.000129
0.444864 0.001355 0.000636 -0.000736 -0.000239 -0.000107 -0.000150 0.001145 -0.000877 0.000535 0.000040 -0.000566 0.000609 0.194512 -0.000953 0.339110 0.120948 0.090628 0.597842 0.236902 1.259663 0.220177 1.041327 0.671406 0.001776 0.561206 0.000856 0.000402 0.369690 -0.000122 0.000318 0.000023 0.000982 0.001239 0.001171 0.000645 0.151518 0.001522 0.000226 0.332270
1.968297 1.498113 1.417408 0.477088 1.158176 1.883498 1.698415 0.568656 1.723785 1.449299 1.657835 0.769028 1.887902 1.003594 1.959450 1.192119 0.000644 1.375460 0.878685 2.695334 2.969417 3.422605 2.009610 2.973508 2.803308 0.449996 1.660396 0.489027 0.690906 1.252599 1.155879 0.876914 1.510182 1.427657 1.294072 1.014563 0.126865 1.810978 1.145743 1.599439
0.460174 0.000596 0.038788 0.313046 0.824564 0.001657 0.000559 -0.000493 -0.223633 -0.067046 0.121686 0.818532 0.272212 0.489574 0.000517 0.697692 1.159656 0.000028 0.103592 0.000286 -0.000253 0.806900 1.352944 0.000307 0.007492 1.361803 0.587420 0.329767 0.036462 0.614918 0.232593 0.001120 0.196964 0.001685 0.043995 0.001231 0.582024 0.001277 0.000992 0.506842
0.000616 0.000301 -0.025531 -0.001038 -0.111735 0.001908 -0.000850 -0.001501 0.001167 0.000002 0.000588 -0.000605 -0.000435 0.117713 0.000818 0.000547 -0.197143 -0.000327 0.066839 0.000787 0.075601 0.001120 1.079787 0.391094 0.000700 0.095485 0.001127 -0.001092 -0.000547 0.001315 -0.314843 -0.214815 -0.035793 0.080202 0.231810 0.211126 -0.000005 0.236627 0.000284 -0.000445
0.000776 0.001409 -0.000581 0.637340 0.001243 1.007333 0.000330 0.138774 0.401962 0.529395 0.210522 0.068350 0.001094 0.206684 0.862484 -0.000328 0.000949 0.001334 0.644337 0.001028 0.207720 0.202263 0.000091 0.829746 0.684587 0.132474 0.822634 0.015102 0.001557 0.001006 0.252213 0.074045 0.256502 0.001122 0.001231 -0.000834 0.098098 0.462742 -0.000521 0.194546
-0.000563 -0.018553 0.000162 -0.000818 -0.000604 -0.056581 0.000001 -0.000689 -0.001067 -0.000767 -0.001069 -0.000458 -0.000683 0.000317 -0.000535 -0.001132 0.066593 0.000553 -0.000484 -0.000850 -0.000369 0.000195 0.000187 0.001899 0.000571 0.841514 -0.001098 0.001000 0.253344 -0.405821 -0.000155 -0.000993 0.000207 -0.000883 0.000037 -0.000810 -0.000881 -0.036462 -0.000634 -0.001296
0.147328 0.270033 0.000859 0.000565 0.171149 0.122518 0.001139 0.000259 -0.000018 -0.000477 -0.000884 0.129969 0.001586 -0.000072 0.095528 0.000085 0.000735 0.193534 -0.000307 -0.000468 0.000693 0.000902 0.000981 0.056617 0.001422 0.260540 0.229445 0.665020 0.488031 0.880727 0.001367 0.065298 -0.000121 0.041534 -0.001277 -0.000020 0.293620 0.001279 0.001163 0.273012
0.001046 0.023606 0.374505 0.001215 0.436203 0.337778 0.577015 0.347925 0.349005 0.628224 0.000485 0.000528 0.001066 -0.000536 0.000837 -0.000114 -0.000235 0.000175 -0.000586 0.000706 -0.001321 -0.000540 0.000299 -0.000922 -0.000053 -0.000014 -0.000210 0.072163 0.000416 0.001062 1.233256 0.000276 0.474579 -0.000038 0.000851 0.000681 0.000714 0.001032 0.001209 -0.000151
0.000504 0.001037 0.379339 0.662877 0.099809 0.989388 -0.000027 0.277653 0.001250 0.044721 0.241777 0.298367 0.001192 0.220836 0.618642 0.000760 0.191337 0.000690 0.273091 0.189681 0.001116 0.000380 0.001445 0.000080 0.001190 0.000833 0.384478 0.746549 0.000657 0.934049 0.886381 -0.000108 0.146745 0.001462 -0.000436 0.001022 0.000877 0.000233 -0.000515 0.735774
0.000698 -0.000064 0.183358 0.001393 0.000513 0.000831 0.001077 0.198653 0.000056 0.000442 0.212640 0.691587 0.014409 -0.000063 0.034843 0.000804 0.001352 0.001292 0.403665 0.001152 0.000869 0.000916 0.000903 0.001433 -0.000406 -0.000658 0.001118 0.316859 0.212965 0.000040 1.018099 0.000094 0.077287 -0.000179 0.000695 -0.000412 0.000155 -0.000213 -0.000624 0.001638
0.000332 -0.000183 0.001406 0.000761 0.036633 0.173312 0.001853 0.061998 0.529260 0.031123 0.000579 0.000231 0.321046 0.000931 0.000291 0.001307 -0.000451 -0.000254 0.001185 -0.001409 -0.000622 0.000023 0.000333 -0.000294 0.000617 0.000611 0.150676 0.000814 -0.000250 0.001006 0.461099 0.471481 0.856965 1.039585 0.209244 0.000899 -0.001141 0.000338 -0.001044 -0.000859
0.000951 0.001071 0.599897 0.001046 0.000835 0.513916 0.360833 0.001500 0.290380 0.349493 -0.000209 0.637576 0.244985 -0.001080 0.121547 -0.000093 0.001022 0.001186 0.001189 -0.000055 -0.000225 0.000750 -0.000489 -0.000510 0.000419 -0.000398 0.001818 0.001335 -0.000201 0.000442 0.366693 0.571876 0.903116 0.001321 -0.000393 -0.000142 0.000576 0.000758 -0.000709 0.000593
0.008437 0.001159 0.000140 -0.000140 0.274346 -0.000950 0.000535 0.001460 0.001535 0.000275 0.000194 0.000853 0.000221 0.184728 0.001362 0.000175 0.000857 0.000864 0.000665 -0.000249 0.001066 0.000014 -0.001039 0.000886 0.053501 0.126976 0.000787 0.093051 0.173530 0.000629 0.000856 0.898132 -0.000651 0.272474 1.545954 0.936521 0.320392 0.166636 0.001332 0.001134
0.005311 0.001714 0.000316 -0.000440 0.001343 -0.001074 0.428245 0.000045 0.001653 -0.000343 1.081998 0.435751 0.000726 0.961248 0.000842 0.000838 -0.000144 0.000363 0.058624 0.000863 0.000313 0.000646 -0.000663 0.001561 0.675786 -0.000086 0.368519 0.000132 0.001666 0.000283 -0.000312 0.307070 -0.000223 0.867985 0.001039 0.998282 0.248695 -0.000243 0.000257 0.000160
0.000292 0.000498 -0.000037 0.001227 0.000369 0.000300 -0.000319 0.000928 -0.000071 0.000107 0.174851 0.001119 0.001050 -0.000223 0.001423 0.000356 -0.001218 0.000684 0.404905 0.000395 0.001050 -0.000879 -0.000508 0.001699 0.471017 0.001252 0.001138 0.000944 -0.000161 -0.000099 0.000746 0.000760 0.000717 0.890966 0.678071 0.000768 0.091428 0.000135 0.000570 -0.000637
0.000293 0.000207 -0.000315 -0.000361 0.001346 0.000398 0.000454 0.000403 -0.000543 -0.000114 -0.001335 0.000255 -0.000352 -0.000446 -0.000580 0.000370 0.000997 -0.000531 -0.034952 -0.001014 -0.000055 -0.000473 -0.000767 -0.000384 0.000404 -0.000124 -0.001168 0.000009 0.001403 -0.000223 0.000112 -0.001019 -0.000403 -0.000476 0.001262 0.001441 0.000112 0.000470 0.051463 0.000560
-0.000738 0.387195 1.217012 1.344191 0.285744 0.290331 0.362879 0.815044 -0.000053 0.635300 0.001087 1.270429 0.760304 0.001939 0.265776 0.000682 0.148177 0.000375 0.045199 0.330812 0.206433 0.262531 -0.000689 0.405394 0.341303 0.121953 0.548828 0.564076 0.513360 -0.000281 0.585141 0.987515 1.161695 0.001068 0.013845 1.504442 0.622501 0.143086 0.214182 1.827085
0.000926 0.000045 0.667012 0.000557 0.081121 -0.000442 -0.000755 0.000373 0.001106 0.238749 -0.000133 0.001091 -0.000072 0.001157 -0.001112 0.001519 0.164832 0.001248 -0.000150 0.000207 0.000922 0.001024 0.001203 0.001201 0.000560 0.001168 0.001445 0.000400 0.207284 0.000726 0.001470 0.000218 0.000161 -0.000292 0.000086 -0.000962 0.000276 -0.000007 0.001330 0.000271
0.000118 1.377485 0.001672 0.001782 0.227557 0.644175 0.293788 0.000636 0.000410 0.000076 -0.001107 0.000165 0.206766 -0.001480 0.001083 0.822446 0.000856 0.258420 -0.000043 -0.014412 -0.000837 0.000747 0.000788 0.636491 0.000439 0.000352 0.001091 0.000347 0.000040 0.198277 0.000863 0.001002 0.000513 0.000675 0.001056 0.001332 -0.000059 0.643388 2.076869 0.001088
