0.001199 0.000443 0.163927 0.001175 -0.000129 0.001282 -0.000582 0.000176 0.001068 0.127113 -0.000025 0.000333 0.000223 0.001109 0.001054 0.282818 0.000907 0.001012 0.001283 0.019774 0.000744 0.192805 0.000267 0.001474 0.000221 0.001116 0.000639 0.001572 -0.000523 0.192239 -0.000020 -0.000261 0.001274 0.000891 -0.000228 0.000705 0.000112 0.001036 0.378221 0.001082
0.001464 0.000333 0.001547 0.000211 0.001483 0.001039 0.000374 -0.000476 -0.000373 -0.000194 0.000564 -0.000446 0.115446 0.000468 -0.000308 0.001166 -0.000095 0.001341 -0.000069 0.000968 0.000918 -0.000040 0.103512 -0.000174 0.001061 -0.000369 0.000307 0.000722 -0.000164 0.000811 0.000793 -0.000083 0.000901 0.000498 0.000459 -0.000310 0.001295 0.000614 0.000102 -0.000555
0.001084 0.001060 0.000038 0.001381 0.000240 0.000575 0.000536 0.001161 0.000017 0.000147 0.000248 -0.000600 0.000652 0.000843 -0.000305 0.000289 0.000957 0.000386 -0.000855 0.000024 0.000581 0.000538 -0.000479 0.001340 0.000943 0.000773 0.000481 0.000876 0.001346 -0.000615 -0.000466 0.001023 -0.000138 0.001128 0.000063 -0.000102 0.000271 -0.000717 0.000661 0.000364
0.001245 0.000218 0.000935 0.000720 -0.000109 0.000780 -0.000766 0.000268 0.000867 0.000080 0.001311 0.001193 0.000517 -0.000235 -0.000704 0.000053 0.000380 -0.000527 0.000628 0.000904 0.000546 -0.000275 0.000297 0.000213 0.001338 -0.000070 0.001086 0.000933 0.000412 0.001620 -0.000539 -0.000414 0.000701 -0.000047 0.000909 0.001405 -0.000155 -0.000356 0.000899 -0.000130
0.000104 0.000046 0.001660 0.001373 -0.000246 0.001162 -0.000846 -0.000025 0.000370 0.001842 0.000081 -0.000155 0.000521 0.000924 0.000322 0.000348 0.000277 0.000984 0.001307 0.000864 0.000516 0.001796 0.001746 0.000107 -0.000404 0.000236 -0.000279 0.001442 0.001162 0.001282 0.000830 0.001318 0.001012 0.001537 0.000982 -0.000320 0.046652 0.001320 0.001228 0.000700
0.000005 0.001261 0.000002 0.000047 0.001713 0.000203 0.000986 0.001290 0.000579 -0.000257 0.000175 0.001016 0.000570 -0.000650 0.000150 0.000365 0.001169 0.000381 0.000684 0.001160 0.000462 0.000451 0.000108 -0.000531 0.000766 -0.000230 -0.000359 0.000496 -0.000138 0.000314 0.001181 0.000500 0.001305 0.000679 0.001050 -0.000606 -0.000186 0.000221 0.000067 -0.000310
0.000466 0.000321 -0.000385 -0.000847 0.000299 -0.000529 0.000445 0.141124 0.619193 0.001141 0.074443 0.000373 -0.000294 0.000442 0.001157 0.001155 0.001027 -0.000882 -0.000043 0.000380 -0.000944 0.000515 0.000681 0.000135 0.001038 0.000096 -0.000514 0.000637 0.000626 -0.000039 0.000620 0.000802 -0.000455 0.000159 -0.000644 0.001186 0.000305 0.000709 -0.000364 0.001045
-0.000638 -0.000439 0.000465 -0.000282 -0.000180 0.000961 0.574340 0.001014 0.599421 0.242739 0.060437 0.000109 -0.000093 0.208447 0.000340 0.000381 0.044482 0.001115 0.001407 0.000884 -0.000868 -0.001069 0.000388 -0.000667 0.001132 -0.000332 -0.000181 -0.000055 -0.000027 -0.000745 -0.000114 -0.000388 0.000284 -0.000088 0.000450 -0.000222 0.001021 0.000093 0.000247 0.000582
-0.000412 0.000033 0.000303 -0.000559 -0.001002 0.000812 0.000322 0.277161 0.072409 0.000241 0.002789 -0.000484 -0.000218 -0.000563 0.000843 0.000756 0.000248 -0.001516 -0.000751 -0.001027 -0.000353 -0.105379 0.000440 0.000952 -0.000876 0.000693 -0.001168 -0.001363 -0.001028 -0.001417 0.000077 0.000664 0.001358 -0.000068 0.000113 0.000754 -0.000139 -0.000855 0.000600 -0.000912
0.000794 0.001032 0.001030 0.000880 0.000504 -0.000172 -0.000825 0.001619 0.000255 0.001024 0.001254 0.000007 -0.000224 0.000528 0.283011 0.000336 -0.000739 0.000941 0.000071 0.000780 -0.000482 0.000796 0.000997 0.000530 0.000448 0.001331 -0.000451 0.000228 0.001266 -0.000476 -0.000465 0.000822 0.001026 -0.000701 0.000993 0.000625 -0.000353 0.001018 0.039695 -0.000801
-0.000958 -0.000615 -0.000061 -0.000658 -0.001270 0.000102 -0.000108 0.000040 0.127233 -0.000057 0.000267 0.001213 -0.001108 0.001425 -0.000039 -0.000139 -0.000169 -0.001024 -0.000072 -0.051118 -0.072891 -0.001620 -0.000597 -0.000959 0.001137 -0.000898 0.000138 -0.000648 -0.000852 -0.000007 0.000291 -0.000845 -0.000789 0.001043 0.000999 0.001201 0.000519 0.000114 -0.000791 0.000409
0.012888 0.001586 0.001948 0.000582 0.206811 0.379357 0.001108 0.893894 0.747009 0.263124 0.982071 0.000241 0.669418 -0.000492 0.431793 0.000979 0.000781 0.001219 0.000824 0.000428 0.000161 0.001194 0.001546 0.605905 0.000105 0.001217 -0.000116 0.209853 0.390565 0.261429 0.000724 0.271092 1.192455 0.008328 0.211626 0.000819 0.158368 0.000354 0.182117 0.146653
0.001146 -0.000345 -0.000805 0.000331 0.000579 0.001151 0.000030 -0.000315 0.000313 0.000307 -0.000655 0.390323 -0.000511 0.806152 0.572578 -0.000418 0.000580 -0.001056 -0.000821 0.000480 0.001131 0.000099 -0.000338 -0.000104 -0.000991 0.001371 -0.000430 -0.000199 0.000662 0.001575 0.000503 0.000231 0.000249 -0.000044 -0.000406 0.000486 0.000102 0.000638 -0.000390 0.000193
-0.000066 0.000121 -0.000775 -0.000594 0.000665 -0.000397 0.000934 -0.000259 0.001250 -0.000343 -0.000569 0.000594 0.184337 0.000089 -0.000255 0.021712 0.031135 0.001000 -0.000311 -0.000533 -0.000579 0.000026 0.000299 0.001423 0.000678 -0.000502 0.000994 -0.001005 -0.000372 -0.000628 0.000357 0.000608 0.001145 0.000457 0.169185 -0.001149 0.000242 -0.001354 -0.000690 -0.000055
0.056121 -0.000037 0.000134 0.000828 0.000881 0.000988 -0.000279 0.000469 -0.000051 0.437253 -0.000611 0.001885 0.400380 0.000220 0.000381 0.223573 0.001148 0.001404 0.000366 0.097210 0.172432 -0.000212 1.050698 0.001496 0.000191 -0.000538 0.000819 0.000699 0.000626 0.742935 0.001002 -0.000013 0.000434 0.016785 0.000594 -0.000534 0.000843 -0.000109 0.000135 0.000553
0.000593 0.000303 -0.001066 0.000249 -0.000682 -0.000983 0.000126 -0.000376 0.000824 0.000631 0.000570 -0.000913 0.000333 0.001011 -0.000698 -0.000775 0.000888 -0.000257 -0.000867 -0.001173 -0.000416 -0.001367 0.000367 -0.000159 0.000513 -0.000428 -0.000035 -0.000894 0.000101 -0.001324 -0.000968 0.000634 -0.000015 -0.000296 -0.000429 -0.000779 -0.000206 0.000116 0.000214 -0.000574
-0.000387 -0.001140 0.000670 0.000890 -0.000531 -0.000238 -0.000662 -0.000233 0.001254 -0.000520 0.000296 -0.001002 0.001061 -0.000845 -0.000019 0.000839 -0.000434 0.000228 0.000218 0.000336 -0.000566 0.000847 -0.000335 -0.000424 0.000473 0.000508 0.000298 0.000515 0.000501 0.000217 0.000984 -0.000308 0.000198 -0.001006 -0.000055 0.000691 -0.000394 -0.001300 -0.000108 -0.001212
0.000131 -0.000077 0.000533 0.000266 0.000827 0.001277 0.000766 0.000778 0.000249 0.000466 -0.000354 -0.000061 0.001194 0.000865 0.000850 0.000345 0.000271 0.000957 0.001138 -0.000213 0.000548 -0.000180 -0.000407 0.000029 -0.000633 -0.000139 0.000280 0.001237 0.000128 0.001292 0.000601 -0.000462 0.000528 -0.000590 0.000569 0.001321 0.000862 0.000693 0.001545 0.000081
-0.000722 -0.000089 0.001617 -0.000566 0.001390 0.000215 0.000973 -0.000339 0.000428 -0.000213 0.000001 0.001122 -0.000483 0.001241 0.000568 0.001479 0.001244 0.000950 0.000427 -0.000600 0.000320 0.001326 0.000447 0.000365 0.000759 0.001296 0.001256 0.000197 0.000039 -0.000161 0.000530 0.000140 0.000395 0.000553 0.000423 0.001078 -0.000052 0.000201 0.000036 0.000245
0.000059 0.001582 0.001098 0.000148 0.001106 0.000674 0.001675 0.000641 -0.000424 -0.000287 0.000014 0.000199 0.051153 0.218281 0.731782 0.749312 0.001611 0.001154 0.160585 0.335823 1.088780 1.021926 0.000046 0.000878 -0.000630 0.000806 0.317770 0.000206 -0.001003 0.001759 0.001241 0.000082 0.001225 -0.000704 0.000145 0.000176 0.000650 0.487500 0.218144 0.219051
-0.000762 0.000611 -0.000550 0.000239 -0.001066 -0.000378 0.000768 0.001128 0.000730 -0.000743 0.000871 0.000864 0.000498 0.000971 0.000015 0.000543 0.000904 0.001304 0.000420 0.000385 -0.000658 0.000830 -0.000134 -0.000471 -0.000063 0.000827 -0.000305 -0.000363 0.000596 0.000860 0.000256 -0.000031 0.000443 0.000725 0.000296 0.000778 -0.000299 -0.000510 0.000003 0.000510
0.155119 0.001654 0.000481 -0.000051 -0.000766 -0.000137 0.000030 0.001321 0.000662 0.000692 0.000917 0.001240 0.001473 0.001408 0.001059 -0.000037 0.000332 0.065373 0.001028 0.001308 0.163838 0.016075 0.722580 0.214549 0.000671 0.000663 0.001471 0.000793 0.000721 0.098635 0.001255 0.000967 0.000390 -0.000010 0.001701 0.001142 0.000632 0.000525 0.001558 0.001186
0.638054 0.000026 1.292965 0.160849 0.402427 0.745752 0.294198 0.000593 0.000038 0.000384 0.974623 0.002405 0.490695 0.091305 0.651553 0.203406 0.000255 1.116589 1.073654 0.235348 1.373222 2.186763 1.565268 1.912563 2.218355 0.380902 1.447621 0.591740 0.000748 1.274928 0.035049 -0.000284 0.039642 0.848989 0.604543 0.001259 -0.000149 1.590422 0.286518 2.360625
0.000644 0.099558 0.068400 0.230666 1.037863 0.209203 -0.000496 0.001214 -0.000809 0.000123 0.027714 0.371320 0.000771 0.064473 0.057560 0.302751 0.442600 0.017252 0.355911 0.299210 0.020142 1.372935 1.581932 0.000577 0.041082 0.851779 0.001329 0.001180 0.000469 0.427792 0.600402 -0.000081 0.347197 0.000657 0.000915 0.000693 -0.000096 0.000241 0.000159 -0.000261
-0.000956 0.001024 -0.000410 -0.000367 -0.000560 -0.000527 0.000890 0.001103 0.000117 0.000655 0.001604 0.001270 0.000431 0.082995 0.374413 0.001351 -0.000899 -0.000051 0.001127 -0.000618 -0.000215 -0.000483 0.729819 0.359274 0.000616 0.356442 0.018424 0.000026 -0.000124 0.000659 -0.001162 0.000133 0.000513 0.134162 0.227822 0.001047 0.000380 0.147691 0.000256 -0.000355
0.000502 0.001427 -0.000003 -0.000450 0.001552 1.005073 0.000770 0.000754 0.000978 0.645197 0.000062 0.087841 0.001549 0.083149 0.174705 0.354735 0.000554 0.001753 1.064163 -0.000059 0.001574 0.000325 0.000355 0.950280 0.427214 0.024712 1.237694 0.001244 0.001420 0.000173 0.000076 0.000081 0.063683 0.001261 0.110409 -0.000316 0.001310 0.192892 0.000706 0.001232
0.000121 -0.001277 0.000048 0.000443 -0.000118 -0.000077 0.000590 -0.000956 0.001077 0.000458 -0.000767 -0.000749 0.000070 0.045187 0.000809 -0.000829 0.237211 -0.000296 -0.001290 -0.000884 -0.000081 -0.000740 0.001368 0.000598 0.000778 0.000657 -0.000167 -0.000409 -0.000888 -0.000310 -0.000388 0.000388 -0.000563 0.001121 -0.000349 -0.001539 -0.001389 -0.000947 -0.000446 -0.000241
0.081403 0.008998 0.000644 0.000572 0.001546 0.351170 0.000618 -0.000312 0.000627 0.000591 0.000366 0.088630 0.001609 0.000654 0.158496 -0.000203 -0.000767 0.000896 0.001148 -0.000011 0.000986 0.000819 -0.000315 0.045641 0.000335 0.516618 -0.000287 0.037639 0.521776 0.366525 0.001374 0.077589 0.000876 0.001062 0.000366 0.001436 0.001590 0.001280 0.000392 0.000224
0.000639 0.000102 0.000008 0.000186 0.000456 -0.000035 -0.000133 0.000964 -0.000134 -0.000375 -0.000152 0.000937 0.000093 -0.000687 0.000532 0.000617 0.001029 0.000747 0.000785 -0.000422 -0.000974 0.000918 -0.000120 0.000078 -0.000173 -0.000335 0.000850 0.001298 0.001215 0.000673 0.309303 0.000774 -0.000600 0.000443 0.000063 0.000275 0.001726 0.000318 -0.000005 0.001077
0.000720 0.007270 0.000392 0.000951 0.132888 0.731304 -0.000355 0.074591 0.001307 0.352617 0.000840 -0.000098 0.001432 0.000240 0.335282 0.255643 0.045027 0.001028 0.001040 0.001636 -0.000547 -0.000546 0.001203 -0.000215 -0.000058 0.000806 -0.000173 0.109588 0.000716 0.073037 0.241225 0.000905 0.088728 0.000905 0.000593 0.001481 0.000441 0.000660 0.122177 0.001426
-0.000103 0.000411 -0.000395 0.000932 -0.000145 0.000676 -0.000190 0.001552 0.001144 0.000212 0.000627 0.000097 0.000959 0.000899 0.000457 0.001270 -0.000464 -0.000450 0.000300 0.000148 0.000185 0.000269 -0.000391 -0.000204 0.000299 -0.000168 0.000082 0.000482 0.000253 0.001590 0.001690 0.001531 0.117529 0.001254 0.000615 -0.000350 0.000599 0.000952 0.000158 0.000501
0.001877 0.048345 0.000370 0.143808 0.091547 0.160302 0.381649 0.568086 0.447737 0.001743 0.091982 0.257977 0.195691 0.001638 0.029948 0.000402 -0.000452 0.000029 0.001159 0.000760 -0.000045 0.001279 -0.000500 0.000822 0.216317 0.076022 0.000880 0.419458 0.111518 0.000262 0.716281 0.170916 1.015767 1.068495 0.118234 0.070492 0.478164 -0.000109 -0.000016 -0.000067
-0.000275 0.000869 0.634065 0.001373 0.000592 0.200998 0.067466 0.291021 0.705157 0.000718 0.000703 0.922277 0.000742 0.000139 0.038801 -0.000252 0.000095 -0.000388 0.001101 0.000306 0.000139 -0.000493 -0.000032 0.000348 0.000483 0.001287 0.000048 0.000271 0.121782 0.000711 0.789609 0.702267 0.172713 0.014013 0.000046 0.000429 0.001628 -0.000277 0.000228 0.000604
-0.000890 0.001099 0.000532 -0.000435 -0.000224 -0.000778 0.000709 0.001591 -0.000148 0.001254 -0.000047 0.001541 0.000225 0.133041 0.000112 -0.000146 -0.000029 0.000487 0.000243 0.000016 -0.000261 -0.000700 0.000175 0.000295 -0.000159 -0.000454 0.001063 0.000630 0.000273 -0.000626 0.000129 0.261314 0.000162 0.000876 1.220752 0.709798 -0.000181 0.092353 -0.000033 0.000239
-0.000532 0.000240 -0.000277 -0.004655 0.000059 -0.001260 -0.000169 0.000440 0.000960 -0.000438 0.458731 0.000744 -0.000024 0.318493 -0.000460 0.000799 -0.000365 -0.000510 0.000836 -0.000228 -0.000305 -0.000031 0.000026 0.000327 0.000958 0.000728 0.000912 -0.000461 -0.001217 0.000330 -0.000683 0.001172 -0.000536 0.206799 0.000708 0.058779 -0.000294 -0.000345 -0.001327 -0.001170
-0.000061 -0.000535 0.000868 -0.000572 0.001055 0.000352 0.001240 0.000755 0.000248 -0.000020 0.089942 0.000499 0.000580 0.000174 -0.000033 0.001144 -0.000024 0.000749 0.001020 -0.000104 0.000585 -0.000784 -0.000226 0.001616 0.219017 -0.000339 -0.000216 0.000587 0.000730 -0.000988 -0.000866 0.000288 0.000792 0.688792 0.823834 0.328221 0.429944 0.001841 0.000120 0.000706
-0.000745 -0.000458 -0.000501 -0.000153 0.000452 0.000289 0.000248 0.000436 -0.000185 -0.000904 0.000604 0.000700 -0.000056 0.000607 0.000335 -0.000157 0.001003 0.000703 -0.000276 -0.000727 0.000722 0.000079 0.000370 0.000662 -0.000657 0.000878 -0.000396 -0.000993 0.000108 -0.000414 0.000921 0.000400 0.001122 0.000157 0.001196 -0.000167 -0.001173 0.001007 0.000308 -0.000225
-0.000553 0.076182 0.000669 0.000313 0.074360 0.263465 0.000725 0.000303 -0.000282 0.001415 0.001080 0.000735 0.000502 0.000351 0.001578 0.001336 0.001334 0.000159 0.001616 0.000729 0.000869 0.001149 0.001059 0.248344 0.024783 0.000136 0.000799 0.000558 0.000585 0.000320 -0.000776 0.123278 0.185022 0.001277 0.000826 0.240363 0.650685 0.000152 0.719549 0.603028
0.000608 -0.000520 0.000197 -0.000842 -0.000367 0.000678 -0.000767 0.000591 0.001232 0.001222 0.000955 -0.000065 -0.000115 0.000861 -0.000662 -0.000723 -0.000047 0.000922 0.000930 0.000473 -0.000784 0.000217 0.000787 0.001449 0.000278 0.000763 0.000496 0.000864 -0.000089 0.000797 0.000779 -0.000573 -0.000325 0.001280 0.001143 -0.000606 -0.000439 0.000629 -0.000201 0.000615
0.632449 0.792667 0.507244 0.853582 0.170455 0.860966 0.035503 0.348457 0.000144 0.020575 -0.000054 0.000220 0.628476 -0.000260 0.053637 0.129568 0.000637 0.075528 0.050669 0.004676 0.001822 0.001286 0.024233 0.751020 0.115912 0.274644 0.105501 0.870309 0.322647 0.180481 0.001343 0.386196 0.001232 0.000572 0.002271 0.206797 0.206843 0.343281 1.472769 0.200706
