2.3536	0.27076	-0.089704	-1.5631	1.8327	0.37672	-2.8831	0.9654	2.3299	0.26168	0.97755	0.27837	-2.2378	-2.3674	2.429	1.9382	2.6787	-0.76168	2.4043	1.7308	2.8011	-0.96919	0.21113	2.6683	0.50948
0.4762	0.329	-2.8602	-0.37166	1.0144	-0.016587	-3.926	-0.43431	3.1807	-1.3724	-0.65345	0.32936	-3.1807	-0.13276	1.7551	1.8347	1.5385	-2.2321	0.39219	1.4807	2.5858	1.1579	2.8599	3.9524	1.6419
1.1254	1.2984	-3.6384	-0.38977	0.67109	-0.10605	-5.8232	-0.77097	3.3082	-0.30338	-0.64463	-0.1418	-2.5504	1.3983	0.96339	3.8731	0.2712	-3.2707	0.025157	1.9923	3.428	2.8528	4.1657	4.5255	1.1235
0.0037668	1.8346	-6.0746	0.41118	0.48685	-0.8698	-7.9807	-3.2537	4.2251	-0.69839	-0.39108	-0.61864	-2.4268	3.965	1.0419	3.8745	0.57221	-3.9448	-2.1258	3.1425	2.9922	3.4577	5.8234	6.7132	0.16268
-0.035319	3.2545	-7.1954	-0.050717	-0.080157	-0.77464	-8.8923	-3.4138	3.0634	-1.3738	-2.5035	-1.4261	-2.6498	4.8724	0.61665	5.1783	-0.67337	-4.285	-3.7932	3.0734	3.8304	4.101	6.38	7.3961	3.0373
-0.34441	5.0084	-9.8843	0.28099	-0.96924	-2.0176	-10.757	-4.6973	4.6307	-1.1674	-4.2164	-1.4249	-3.863	6.2224	-0.83869	6.2982	-1.1765	-5.5707	-4.6305	2.086	4.6059	5.2632	9.3263	8.0471	3.3972
0.69684	-0.061738	-0.34696	-0.64798	-2.186	2.3247	-0.089966	2.2602	1.4332	0.26733	0.82116	-1.4502	0.57658	2.3004	2.6724	2.833	-2.7211	2.8017	-0.021143	-2.7128	-2.1751	-1.2807	-2.0803	1.477	2.3845
0.12857	0.85099	-2.1085	0.13292	-3.026	2.18	-1.5365	1.0225	2.0809	-0.50634	0.10387	-1.3933	-0.10406	3.8337	2.8301	3.6828	-3.7173	1.5939	-1.179	-2.3334	-1.4594	0.28792	-0.1148	2.8662	2.9442
-0.33952	1.8914	-3.9356	0.58654	-3.6922	1.5957	-2.7024	-0.29286	2.3205	-0.69368	-0.40978	-2.0604	-0.40068	5.272	2.9033	4.4481	-4.6422	0.63892	-2.3677	-1.8648	-1.116	2.0792	1.5338	4.2283	3.3983
-0.97114	2.5287	-5.9126	0.83118	-4.219	0.67727	-4.0097	-1.503	2.5306	-0.51944	-1.1568	-2.5744	-0.66631	6.8004	2.8747	5.0666	-5.2431	-0.50959	-3.99	-1.6035	-0.89187	4.1924	3.3508	5.3872	3.9933
-1.6925	3.6559	-7.7145	1.2021	-4.9106	-0.076235	-5.1466	-2.52	2.8099	-0.75959	-1.7614	-2.4773	-1.023	9.0045	2.9373	5.5509	-5.9746	-1.5663	-5.2447	-1.4421	-0.54089	5.7536	5.5746	6.6459	4.4604
-1.985	4.2836	-9.674	1.4967	-5.2907	-0.65651	-6.5163	-3.5434	3.3048	-0.93304	-2.4888	-2.3181	-1.7246	10.764	2.8788	6.2191	-6.8967	-2.4583	-6.4509	-1.214	-0.054086	7.5913	7.165	8.0092	4.7986
1.4084	2.4628	-1.0463	0.6246	-2.8229	1.9791	-0.56016	2.6186	1.7799	-0.88222	-1.1815	-1.682	-1.4968	-0.49633	-1.2103	0.90157	-2.8481	-1.307	-2.0549	-0.80954	-0.080598	-3.0633	1.3583	0.42735	2.5003
0.71766	2.9022	-4.779	0.50589	-3.7782	2.1027	-2.5139	-0.030869	2.5932	-0.9474	-1.1024	-2.276	0.27065	1.4341	-1.2307	3.256	-5.0921	-1.4401	-3.7713	-0.96113	0.38341	-0.27405	3.265	2.4963	2.6025
-0.59598	2.4791	-5.8868	1.2998	-4.5999	1.3833	-4.3782	-1.0218	2.0393	-0.6029	-3.2094	-3.6759	0.34767	2.9219	-1.8903	3.7507	-5.5706	-3.1262	-4.9816	1.271	-0.053853	1.0656	5.2294	3.2951	3.5581
-0.84634	5.2967	-9.1653	1.3545	-5.2929	1.18	-4.7684	-2.1612	1.5558	-1.8344	-5.6815	-3.1538	-0.65213	5.3443	-1.0698	3.8617	-5.9189	-4.4601	-6.5515	0.51042	0.1258	2.6538	6.0032	4.5771	3.2067
-0.61268	5.1576	-9.9216	1.903	-6.2262	1.4597	-6.9515	-2.8369	0.95501	-0.86023	-6.1739	-1.8939	-0.89363	6.9455	-3.3461	5.098	-5.8636	-4.7149	-7.7027	1.1637	1.3008	4.7834	8.1591	5.8285	3.7319
-2.6102	6.511	-11.499	3.1593	-5.3664	0.72028	-7.0195	-3.6978	1.4724	-2.0648	-7.4225	-2.1436	-0.98321	8.2559	-3.0568	6.362	-7.207	-6.1457	-7.9551	1.1631	1.3449	5.7995	10.438	5.95	4.4361
1.9148	2.229	-2.6743	2.1982	-1.514	1.375	-2.3469	0.84107	2.8209	0.34359	-0.84149	-1.074	-0.56658	2.383	-1.6022	0.92729	-2.6341	1.3049	-2.1018	-0.21146	0.41477	-1.3879	-0.8372	1.2571	-0.65485
0.26996	3.4012	-5.4061	2.042	-2.3194	1.5033	-3.1236	-0.51502	2.5254	0.47149	-2.1572	-1.3244	-0.27832	3.9239	-1.2009	2.8666	-3.7464	0.82157	-2.6535	-0.82435	1.6657	0.83067	1.4684	3.6782	-1.2124
0.27499	4.6456	-5.515	3.5205	-3.6824	0.21763	-4.8788	-2.0425	2.3394	0.36659	-3.4502	-1.7477	-0.06525	6.7938	-0.70971	1.739	-3.7344	-1.6856	-3.9772	1.247	0.81931	0.84127	3.1248	4.745	-0.066355
-0.44351	5.3775	-8.6574	2.9461	-5.4071	0.85392	-6.6652	-3.1606	2.479	0.53737	-5.2226	-0.79684	0.14843	7.9702	-1.9019	3.0384	-4.9825	-0.84266	-5.4033	0.29196	2.9869	3.7079	6.4016	6.1158	1.695
0.023077	6.1879	-9.9284	3.1251	-5.3284	0.069377	-6.6917	-4.6047	2.0792	-1.0281	-5.2575	-1.4923	0.3688	8.6801	-1.8468	5.0739	-6.4115	-2.9458	-7.7584	0.21508	2.3739	4.9553	6.3328	6.8167	1.853
-1.7769	6.3746	-11.698	3.5228	-5.8986	-0.91854	-8.7509	-4.42	2.4152	-0.36348	-6.2173	-2.5365	-0.86188	10.439	-2.1883	5.5469	-7.157	-4.0552	-7.4916	0.60278	3.1144	5.2508	10.407	7.1771	1.8591
2.924	-0.64111	0.095637	1.4548	0.33429	3.0348	0.21574	0.88743	-1.026	3.0291	2.4243	-2.4699	0.7556	2.3307	0.55784	1.6679	1.5561	-2.3471	0.85873	2.5344	-1.044	-0.057223	-1.7246	1.658	-0.59791
2.4678	0.182	-1.8259	1.3945	-0.28331	2.4213	-0.98503	-0.40061	-0.35357	2.7488	1.8829	-2.5861	0.17031	3.8678	0.34098	2.6755	0.22976	-3.6337	-0.81825	3.3318	-0.5211	2.091	0.47583	3.0798	0.27156
2.2669	0.73198	-3.5926	1.9434	-1.1484	1.7194	-2.2661	-1.796	0.15941	1.9797	1.4223	-2.7416	-0.29745	5.729	0.29167	3.8264	-0.80748	-4.6392	-1.7213	3.9942	-0.10496	3.4934	2.2217	4.3927	0.91999
2.309	1.3128	-5.7424	2.5496	-1.6136	1.2205	-3.5988	-3.1162	0.82997	1.5681	0.71316	-2.8883	-0.58778	7.5707	0.15739	5.1082	-2.0857	-5.7532	-2.8609	4.2825	0.098734	5.2911	3.835	5.5258	1.8096
2.2593	2.3251	-7.3984	3.01	-1.844	0.88428	-5.1466	-4.6243	1.3943	1.2042	-0.067929	-3.0706	-0.63117	9.2112	-0.18933	6.1645	-2.8241	-6.8145	-4.5578	4.7463	0.30129	7.4028	5.6866	6.7728	2.469
1.9864	3.2656	-9.3092	3.428	-2.3103	0.60022	-6.7416	-5.8141	1.9989	0.41901	-0.81466	-2.7471	-0.68075	10.945	-0.41263	6.9095	-3.5979	-7.35	-5.7859	5.4495	0.69648	9.0214	7.7139	7.8938	2.9599
0.70584	-0.9195	-1.8309	-2.6582	0.53563	-1.4836	0.52574	-2.9082	2.4901	-2.0393	1.3875	-2.3952	-0.14575	1.5241	0.2107	0.84845	2.8725	-1.6137	0.80911	1.5458	2.2139	1.073	2.9439	-3.122	-2.6378
-0.037657	0.16151	-3.578	-2.4602	0.1846	-2.5383	-0.54134	-4.3733	2.5378	-2.6864	0.5556	-2.2583	-0.37532	2.9233	-0.15565	1.9119	1.7678	-3.1199	0.060953	2.1281	2.8313	2.8548	4.3229	-1.6775	-2.4805
-0.60729	0.97805	-5.3919	-1.7789	-0.21801	-3.2213	-2.1175	-5.8405	2.9257	-2.9878	-0.25538	-2.1173	-0.66006	4.4264	-0.74149	3.0659	0.75238	-4.1138	-1.268	2.8233	3.3846	4.2591	5.8736	-0.74868	-2.3541
-1.4761	1.5623	-7.113	-1.1751	-0.86301	-3.6026	-3.1872	-7.4552	3.4025	-3.3487	-0.77778	-2.4213	-1.1646	5.9041	-1.5365	3.982	-0.51077	-4.8168	-2.9753	3.2864	3.8334	5.5339	7.4931	0.3637	-2.3776
-2.1521	2.8232	-8.7165	-1.1981	-1.2055	-3.8644	-4.5091	-8.8114	3.8432	-4.0755	-1.3704	-2.7946	-1.7427	7.8136	-2.4152	4.6376	-1.7669	-5.7648	-4.1596	3.3227	4.1281	7.4198	9.392	1.8843	-2.326
-2.9732	3.2834	-10.725	-1.0902	-1.7037	-4.0426	-5.6075	-10.271	4.0468	-4.4604	-2.3774	-3.1844	-2.6786	9.7134	-3.2837	5.0364	-3.0124	-6.3004	-4.9644	3.7518	4.0779	9.0376	11.067	3.0477	-2.353
-0.32575	0.012255	-3.6516	1.6587	1.8181	-2.2952	-0.50674	-2.773	-2.2852	0.9056	1.8353	1.0514	-2.5487	-0.37927	0.29342	-1.3638	-2.935	1.3539	1.5821	-0.53778	-0.37348	0.00015705	-3.1977	-2.3877	-0.69872
-1.0513	1.8533	-3.159	1.4344	2.5116	-2.0532	-2.3279	-4.5351	-0.83692	0.94659	2.0481	1.019	-3.7464	0.80978	-0.10874	-1.3873	-3.8887	-0.67463	-0.041774	-1.0265	0.18944	1.9432	-0.33696	-0.65547	0.25519
-0.95007	1.468	-5.2248	0.82879	1.4851	-2.395	-2.8814	-4.7875	-0.25706	-0.90731	0.83161	0.47259	-5.126	1.3374	-0.65298	0.31425	-4.5988	-1.8267	-1.2245	-0.25928	0.63814	2.7302	0.33821	1.5635	0.03095
-0.55751	1.9846	-7.2759	0.75432	0.84266	-1.4348	-4.6732	-5.926	0.19455	-0.22199	1.0746	0.35985	-5.9505	3.4046	-1.1823	1.3031	-7.1744	-2.2021	-2.569	-0.33824	0.77163	4.4084	2.2442	2.8705	1.4457
-2.027	3.9053	-10.539	1.0638	0.8851	-2.0339	-6.4262	-7.4545	-0.57639	0.78039	-0.3677	0.8535	-7.1151	5.1138	-2.3409	0.92385	-6.9368	-2.8964	-3.5997	-0.38965	1.0511	5.3169	3.862	3.1279	0.36254
-2.0308	3.8542	-11.424	1.7547	-0.92883	-1.5587	-7.8459	-9.7501	0.46323	-0.11495	-1.6974	0.60866	-7.6103	6.9364	-0.85312	1.945	-7.5526	-3.1893	-4.9193	0.69602	0.90015	7.4887	5.7579	3.3328	1.2619
0.26005	0.17647	2.1482	-2.0118	-1.4057	-2.1584	1.7842	0.71332	0.82301	1.4526	-2.3967	2.9766	-2.3583	2.5228	-2.6426	2.3494	0.65852	2.1826	1.3513	2.8881	-1.924	-2.6681	-2.6116	2.8955	2.9217
-0.013172	0.95378	0.066528	-1.469	-1.6827	-2.0071	0.80522	-0.64654	1.7093	1.3907	-3.3414	2.6673	-2.6261	3.6394	-3.0753	3.2634	-0.023724	0.95722	0.22098	3.2444	-1.8114	-0.90499	-0.84296	3.9745	2.9854
-0.47163	2.0546	-1.6791	-1.3913	-2.2173	-1.8553	-0.63229	-1.9761	2.4248	0.9878	-4.1026	2.6567	-3.0016	4.7421	-3.4273	3.9727	-0.98115	-0.012254	-1.0388	3.9455	-1.5948	0.9065	0.63281	5.1629	3.252
-0.86551	3.1112	-3.4966	-1.5638	-2.7746	-1.9439	-1.7047	-3.0831	2.8186	0.94161	-4.5511	2.5643	-3.6417	6.5534	-3.8304	4.8834	-2.2031	-0.81238	-2.653	4.2875	-0.94561	2.5671	2.5924	6.5839	3.6343
-1.5129	3.4301	-5.1875	-1.3631	-3.6619	-2.1363	-3.1296	-4.3999	3.144	1.2269	-5.1109	1.9498	-4.1101	8.4423	-4.3987	5.8884	-3.5745	-1.5057	-4.0413	4.1653	-0.060607	4.415	4.5401	8.1104	3.9144
-2.0193	4.0907	-6.6843	-0.70969	-4.3368	-2.2265	-4.539	-5.5238	3.5546	1.2131	-5.4692	1.2884	-4.6445	10.332	-4.963	6.8478	-4.6672	-2.5261	-4.9199	4.5159	0.71908	6.369	6.4799	8.8239	4.8448
1.6789	-2.5939	0.61445	-0.2053	0.83607	-2.1106	3.4304	-2.4884	1.6765	1.3117	-1.3925	2.788	-0.078861	-0.54704	3.0269	0.98665	-2.6009	2.4421	1.1584	0.19177	-0.86813	-2.8029	-2.8364	-1.5912	-1.8478
0.46631	-1.1906	-1.2343	0.35232	-0.064656	-2.4569	1.7488	-3.5533	2.2068	0.95702	-0.16469	2.8933	-1.663	1.3886	2.3122	3.3471	-2.6814	1.7526	0.3555	1.4595	-0.11787	-0.51872	-1.4456	0.075831	-2.2746
-0.17593	-0.13339	-1.4672	0.51321	-0.64035	-1.1587	0.85851	-4.5164	2.4529	-0.18658	-1.4108	3.1235	-2.4372	2.9209	1.6771	4.3308	-2.7124	-0.061569	-0.28519	1.5099	0.51094	2.0086	0.88486	0.84788	-1.715
-1.3553	-0.30304	-4.066	-0.99311	-1.8522	-2.4228	-0.26537	-5.8176	3.0537	-0.31084	-1.3854	2.5588	-3.4764	4.5101	1.5562	6.3263	-5.517	-0.55399	-2.6396	1.9797	0.46917	3.0099	1.4578	2.0177	-1.6673
-1.3036	1.2061	-5.3583	0.44029	-2.0149	-1.1591	-2.4534	-7.8374	3.8661	-0.73074	-3.1905	2.9439	-1.574	5.948	2.0865	6.23	-5.2772	-2.2665	-4.5847	2.7865	0.56675	5.151	3.6336	3.4736	-1.1134
-3.9685	2.3593	-7.3822	1.0563	-3.2507	-1.7902	-3.9486	-7.6017	2.32	-0.081736	-4.5482	1.9109	-2.5745	7.2566	0.60035	6.8971	-6.197	-3.6611	-5.9591	3.0256	1.9925	8.3133	5.6508	3.5308	-0.90927
1.4997	2.119	-0.83226	-2.3421	-2.6795	2.4631	-1.6654	1.678	-0.081254	1.8616	-1.202	0.053967	1.9287	1.572	2.2718	0.33469	1.8566	2.8251	1.5439	-2.7507	-1.9446	1.5477	-2.4541	2.9939	1.7165
1.176	2.4903	-2.7788	-1.9457	-3.4953	1.7395	-3.2459	0.20457	0.77909	1.8347	-2.4295	0.11333	1.5266	3.2623	1.6005	1.6278	1.0774	1.4839	0.15957	-2.1479	-1.3737	2.754	-0.74838	4.0689	1.4358
0.98668	3.1266	-4.9167	-1.2451	-4.1302	1.0795	-4.484	-1.124	1.6147	1.3402	-3.344	-0.12117	1.2152	4.9006	0.76477	2.759	0.39276	0.49079	-1.1263	-1.2789	-0.85445	4.6094	0.98638	5.5933	1.2949
0.30097	4.5106	-6.9245	-0.86438	-4.6328	0.17572	-5.9304	-2.3138	2.261	0.66142	-4.4109	-0.35317	0.91595	6.6684	-0.081046	3.8562	-0.72275	-0.56448	-2.0802	-0.83599	-0.31294	6.3254	2.8191	6.8105	1.4575
-0.4058	5.2541	-8.7638	-0.62818	-5.1745	-0.83798	-7.19	-3.4994	2.7527	-0.27212	-5.3744	-0.33541	0.41316	8.2468	-0.76671	5.2566	-1.4912	-1.1634	-3.6234	-0.53499	0.12647	7.3933	4.9858	7.528	2.2954
-0.81705	6.1168	-10.417	-0.28646	-5.3632	-1.6151	-8.4275	-4.7341	3.222	-1.2722	-6.0852	-0.35942	-0.50934	10.02	-1.1119	6.4224	-2.1326	-2.0595	-4.7868	-0.21632	0.40167	9.3827	6.4466	9.0252	3.3712
-1.2962	1.5468	2.268	-1.2518	-0.39862	0.27839	2.1029	0.45333	-1.0316	2.0843	1.2413	-1.2446	0.04136	-1.9878	-2.2016	0.17452	-2.1418	-1.6592	2.1593	0.10939	1.2868	2.3868	1.5842	1.2622	1.8537
-1.8374	2.1895	0.7623	0.48904	-1.0622	-0.54473	0.60163	0.39595	-1.4579	0.94992	0.65695	-0.79157	0.24503	0.57384	-2.0632	1.6686	-3.6974	-3.3147	0.70336	0.60937	1.343	4.7071	3.6434	1.8731	2.6514
-2.3281	3.3884	-1.1982	-0.23945	-1.4368	1.0627	-1.2227	-2.6783	-0.1964	1.0747	-0.43439	-0.89879	-1.1905	1.4043	-3.2541	2.4149	-4.8662	-3.3661	-0.76419	2.0519	2.7721	6.3768	4.457	3.8903	2.6001
-2.6456	4.5295	-4.5024	0.51936	-1.9405	-0.5033	-2.6451	-3.0294	0.4077	-1.273	-1.524	-1.9105	-1.1446	3.3291	-2.2112	3.3529	-5.3194	-4.3548	-1.4899	2.4159	3.5888	8.2882	6.2611	5.4315	1.4288
-3.1473	4.0755	-5.5966	1.6146	-2.8129	0.41985	-4.316	-4.389	0.51188	0.30133	-2.3866	-2.5299	-2.2505	4.4363	-3.5108	4.1384	-5.9932	-4.4023	-3.3344	2.7054	4.0333	10.4	8.5916	5.7995	3.3243
-4.1021	6.0963	-7.7631	1.1281	-3.231	0.18317	-5.3938	-5.0364	1.0358	-0.99696	-4.2065	-3.7235	-1.1955	5.7557	-4.0304	4.1757	-6.1362	-6.7354	-5.173	2.2074	5.3253	12.258	10.705	6.3789	4.0825
-0.080751	-1.3807	0.29421	1.6712	-3.3215	0.34361	0.17053	1.9357	0.59551	1.0589	-2.8136	0.16238	-2.1749	0.82376	2.7617	-1.7101	1.408	0.78123	-3.3334	1.9841	-0.097984	-2.9554	0.72303	0.1098	-1.7478
-1.1908	-0.96618	-1.7985	1.995	-3.244	-0.86102	-0.52573	0.37559	0.80492	0.21805	-2.9818	0.4742	-2.4341	1.4379	1.7006	-2.4724	1.2779	-0.43672	-5.1957	2.9142	0.53415	-0.30336	2.216	3.0874	-0.80179
-2.6615	0.52916	-3.585	1.0713	-3.3192	-0.76707	-2.2452	-1.5245	1.4844	-1.0873	-4.1679	-0.13418	-3.0805	4.3186	0.6776	-0.30325	-0.093715	-0.91908	-5.7855	3.611	1.1452	1.4556	3.1113	3.6676	-1.7542
-3.8547	1.6809	-4.27	1.8243	-4.5288	-2.2766	-4.7942	-2.1144	1.7131	-0.47212	-4.3117	-0.19228	-3.1788	5.6141	1.7124	1.9697	0.1698	-0.99263	-7.2816	4.0605	1.336	3.3372	5.8717	5.0912	-0.28452
-4.0492	3.2368	-6.4128	2.8719	-4.7453	-1.4141	-6.5329	-2.5043	2.7842	-1.4564	-6.0353	-0.45798	-3.4969	6.1341	0.71091	1.4557	-1.9773	-3.4589	-8.702	4.5282	2.1302	6.2286	6.8844	6.4013	-0.95404
-4.6892	4.1123	-7.8764	2.4097	-4.0723	-2.3024	-7.1826	-4.5998	1.9551	-1.8801	-6.7807	-0.64408	-4.6909	7.4557	0.65035	1.9283	-2.9027	-4.7013	-9.535	4.5963	2.7414	7.1633	8.0228	7.1746	-0.019697
-0.096497	-1.6738	-1.755	-1.1663	3.1113	-1.9523	2.2011	2.1597	0.17783	1.0354	-0.81881	-1.1465	1.9488	-2.4955	-1.8038	-0.33647	-0.71246	1.7248	-0.16183	1.8638	-2.9839	3.1346	-1.3624	1.6819	-2.9198
-0.16711	-1.1814	-3.5124	-0.59336	2.8557	-1.7691	1.2598	1.2063	0.67019	0.742	-1.0806	-1.2936	2.2956	-1.0418	-2.107	0.87732	-1.7521	0.38041	-1.7049	2.5762	-2.624	5.0552	0.22269	2.6682	-2.0184
-0.40892	-0.16015	-5.3561	-0.086004	2.7025	-1.7863	-0.47968	-0.060281	0.85245	0.074377	-1.6385	-1.9228	2.5263	0.44563	-2.3439	2.2746	-3.0383	-0.63189	-2.7584	3.2694	-2.3644	6.3861	1.9673	3.8288	-1.6833
-0.39033	0.86054	-7.5822	0.20952	1.9734	-1.8072	-1.9375	-1.0886	0.96606	-0.51305	-2.4763	-2.5667	2.2936	2.551	-2.703	3.4932	-4.1935	-1.6145	-3.8438	3.3916	-2.0659	7.8542	3.9994	4.9247	-1.4858
-0.3941	1.7659	-9.7176	0.79769	1.29	-1.9431	-3.677	-2.1325	1.203	-1.1423	-3.3267	-3.0552	1.3881	4.0775	-3.1757	4.3405	-5.1272	-2.3568	-5.3159	3.9266	-1.4884	9.8438	5.983	6.4042	-1.3259
-1.0034	2.1219	-11.687	1.0815	0.64427	-2.1484	-4.9746	-3.0634	1.3942	-1.3098	-4.6091	-3.4772	0.69566	5.4795	-3.6501	5.2795	-5.8979	-3.0335	-6.8145	4.4606	-0.7129	11.381	7.5333	7.6366	-1.0866
1.0101	-2.1436	2.755	1.2841	-3.253	0.6561	0.88927	-1.155	-1.1648	3.8222	-0.72832	-2.3869	1.0304	3.02	-0.12253	-2.3113	1.957	3.0644	-0.69714	1.2209	-2.3182	-1.4804	-2.7189	-3.4998	-0.031804
1.49	-1.1391	0.13433	2.7123	-4.2233	1.5135	-1.5677	-2.8213	-0.057349	1.8114	-1.1776	-2.9433	0.59732	4.2237	-0.30175	-0.36201	1.4819	1.2613	-1.5891	2.929	-2.0684	0.20503	-0.13616	-1.1523	1.1192
0.4534	-0.083417	-1.6682	2.122	-4.5081	1.0384	-2.6681	-4.2095	1.3684	1.0798	-2.3358	-2.9917	0.41166	6.4835	-0.6472	-0.62646	0.43886	0.68529	-2.1881	3.1725	-1.6286	2.1898	0.57539	-0.29531	2.0021
0.64648	-0.17876	-3.4352	2.0542	-5.6588	0.35638	-3.2193	-6.0328	1.068	1.546	-2.6203	-3.0329	-0.80227	8.9108	-0.98375	0.42894	0.49577	-0.74925	-4.9494	2.091	-1.2842	2.6688	2.5443	1.3207	1.5578
-0.24853	0.30312	-5.2394	2.7641	-5.7595	0.13847	-4.6839	-7.5636	1.5934	1.3085	-4.0864	-4.0655	0.10332	9.2946	-0.38093	1.1539	0.014353	-0.7401	-6.6378	3.3963	-0.85411	4.1453	4.8744	1.6733	1.0734
-0.17551	2.3462	-7.2807	3.4904	-5.761	-0.43881	-6.2728	-8.7615	2.2703	-0.12999	-7.0383	-5.1222	-0.69879	11.342	-0.89051	2.1651	-2.263	-0.53649	-6.8642	2.8249	0.0057136	6.4518	6.5118	1.9941	1.4711
1.1324	0.024775	1.4736	0.92957	-2.714	3.1067	-2.0024	-0.24834	0.38146	0.98089	1.9607	1.7356	-1.2775	-2.0081	2.1472	0.96998	0.67785	-0.14158	0.70072	-0.76439	2.3006	-0.12394	-0.24481	-1.2458	0.34349
0.44971	0.25385	-0.60942	1.2359	-2.7991	3.4307	-3.0604	-1.4864	0.52459	0.63103	1.2281	1.5125	-1.1544	-0.13821	1.3181	1.8157	-0.23686	-1.1237	-0.72403	-0.49651	2.9006	1.266	1.1333	-0.23358	0.57717
-0.21078	0.54704	-2.3124	2.0385	-2.8782	3.6091	-4.7595	-2.5058	0.88728	0.66484	0.10995	1.0031	-1.2106	1.0182	0.75715	2.7141	-1.0042	-1.6627	-1.5745	-0.41435	3.7063	2.2686	2.582	0.864	0.76669
-0.79963	1.7068	-4.0948	2.6282	-3.4233	3.4317	-6.2254	-3.6235	1.3487	0.6065	-0.57064	0.53108	-1.4718	2.3829	0.13774	3.9234	-1.9191	-2.2467	-2.6533	0.15611	4.5331	4.1643	4.4094	1.7256	1.0773
-1.4374	2.6762	-5.7908	2.653	-4.2317	3.0143	-7.9961	-4.6844	1.6874	0.23062	-1.213	0.25418	-2.0355	4.4097	-0.51508	4.9581	-2.7548	-3.1098	-4.3355	0.76409	5.0928	5.8866	6.4422	3.0725	1.4297
-1.711	3.5574	-7.5136	2.5514	-5.0555	2.4336	-9.1828	-5.8822	1.5661	0.28904	-2.1614	0.40024	-3.111	6.2176	-1.1337	5.6094	-3.5468	-4.1698	-5.7808	1.0338	5.5845	7.0396	8.3957	3.9825	1.8708
-1.8772	1.1115	-2.1067	-1.9601	0.44283	-2.0106	-0.036836	-0.97546	-2.3101	1.8852	-0.70059	-0.42115	-2.7211	-2.4036	-0.72282	-0.57617	-1.2263	1.4941	-0.46945	1.9229	2.0607	-0.30481	-0.70374	0.027766	-0.76323
-2.4769	3.435	-3.6257	-1.658	0.32451	-2.2994	-1.8057	-3.2985	-2.625	1.1417	-1.904	-1.0475	-2.3268	-1.1342	-1.676	-0.48732	-1.0289	-0.35097	-3.3811	2.634	2.7931	2.4777	0.43086	2.5443	-0.92678
-4.2467	3.7705	-5.8358	-1.0784	-1.2119	-1.5969	-3.9124	-4.3081	-1.4581	1.6939	-3.7139	-1.1731	-3.0002	0.31795	-2.2945	0.65815	-3.6284	-0.83859	-2.8683	2.4174	3.2959	3.6509	2.6246	2.7012	-0.73455
-4.4512	4.6411	-7.1077	-0.74188	-1.8099	-3.2738	-3.4116	-5.6793	-0.77135	1.6677	-5.0833	-1.3969	-4.326	2.9455	-3.2312	2.1488	-4.4286	-1.049	-4.4455	3.1454	3.4886	6.1518	4.3193	3.1885	-0.73752
-3.7742	4.417	-9.4244	-0.50328	-1.6865	-2.278	-6.5059	-6.972	-1.289	0.74975	-4.294	-1.1457	-3.9099	4.3784	-4.7613	3.506	-3.2637	-2.7828	-5.8327	4.0465	3.6508	8.0456	6.053	5.1315	0.70579
-5.1182	6.5647	-10.585	0.143	-3.1747	-1.5754	-7.2105	-7.28	-0.82814	0.0042031	-4.8343	-0.35732	-5.7304	5.7895	-4.3412	4.594	-5.011	-3.8672	-7.3226	4.2545	4.0359	9.8689	7.0116	5.7105	0.43423
2.8203	-2.0396	2.051	-1.8416	-1.2415	-0.26208	0.75938	1.0824	2.8164	0.55003	0.30175	1.249	1.137	-0.32076	1.6937	-1.4659	-0.76225	1.6564	-0.88234	1.4998	-0.45664	-1.6246	0.26499	0.34327	-1.9476
1.9817	-2.293	0.15783	-1.7117	-2.7217	-2.2508	-1.7301	-0.78539	2.9275	-0.0017644	-0.95334	-0.60979	-0.44414	0.0010933	0.82139	-1.0709	-1.7732	0.21605	-1.7631	1.3196	0.0060589	-0.43127	1.1235	0.68085	-1.2445
1.3067	-1.0911	-2.7264	-1.7719	-2.1024	-2.0885	-2.0514	-2.8941	4.447	-2.3187	-0.66668	-0.37043	-0.31469	1.8179	-0.6492	0.28503	-2.9583	-0.10761	-2.6852	1.4648	0.96414	1.3298	3.3855	2.1999	-1.5258
1.5372	-0.70617	-3.4731	-2.0462	-3.7842	-2.1325	-3.8206	-4.0198	3.9159	-2.3802	-2.331	-0.47769	-0.96325	4.0178	-1.1633	0.75975	-3.7973	-2.0482	-3.132	2.4005	0.91356	2.9238	5.5748	3.3976	-1.1741
2.4458	1.6884	-6.2986	-0.61728	-3.4823	-3.0831	-3.959	-5.2639	4.7839	-2.5558	-4.4507	-1.3262	-1.2314	5.4938	-0.62073	1.3815	-4.6174	-3.9225	-5.1752	3.6899	1.4295	5.0673	7.0963	4.6074	-0.41759
1.4765	0.78631	-8.2859	-0.39986	-5.4048	-3.1853	-6.1255	-6.4175	4.3923	-3.3098	-4.8611	-0.34744	-1.7811	7.0481	-1.356	2.6336	-5.4903	-3.4256	-5.3619	3.6939	2.4287	6.5576	9.6244	5.2458	0.43174
-2.7712	-0.2149	1.7241	1.2826	1.1074	1.7309	-0.28424	-1.7223	2.7402	0.77132	1.4653	2.1126	0.59365	-0.66073	0.74245	1.1126	-3.0312	1.5005	-2.7965	-1.6124	1.4387	-0.40051	-3.1306	-1.7617	-0.7028
-2.683	0.4332	-0.50562	1.441	0.34527	0.82833	-1.5878	-3.4331	3.275	0.48475	1.0701	1.9106	0.22874	0.68734	0.42352	1.8148	-3.6208	0.2383	-4.2132	-1.2053	1.8717	1.1444	-1.1319	-0.43059	0.23046
-2.8168	1.1287	-2.3124	1.6114	-0.2628	0.16529	-2.5224	-5.068	3.8556	0.034855	0.43035	1.1631	0.026666	1.5425	0.19037	2.3884	-4.4858	-0.73391	-5.7717	-0.59138	2.2641	2.4229	0.78481	0.67014	0.80277
-3.0872	1.717	-4.3984	1.8956	-1.0917	-0.30519	-4.0443	-6.3797	4.2743	-0.10233	-0.21154	0.37737	-0.18959	2.6943	-0.0036449	3.1362	-5.4738	-1.7849	-6.872	-0.29943	2.7586	4.0733	2.08	1.5529	0.8744
-3.0948	2.5254	-6.0865	2.6355	-2.3247	-0.51968	-5.1138	-7.7601	4.6048	-0.22701	-0.98662	-0.11071	-0.58945	4.3858	-0.37373	3.9299	-6.7689	-2.745	-8.1904	0.16849	3.3359	5.7044	3.6853	2.563	0.7071
-3.2553	3.8886	-7.8899	3.04	-3.1634	-0.68153	-6.7292	-9.2995	4.9687	-0.72531	-1.8401	-0.27144	-1.3485	5.6983	-0.92782	4.5122	-7.7151	-3.5024	-9.5052	0.92596	3.8453	6.9347	5.3233	3.9997	0.83436
1.6179	-1.3144	-2.6428	3.2431	-0.32236	-2.6965	-1.0859	-1.6239	0.90772	1.3102	-1.6198	-2.9442	-0.40981	-1.6155	2.2041	-0.75557	-0.91367	-2.3057	2.8558	2.1636	-2.9943	-1.8474	0.88554	-2.6568	-0.24171
2.1698	-1.5018	-4.6712	2.9358	0.074	-2.8106	-2.4239	-2.281	0.60576	0.7492	-3.7835	-3.0498	-1.6179	-0.3243	1.7587	0.69266	-1.3924	-2.7348	0.89317	2.5466	-2.5876	1.0649	3.1807	-1.3685	0.47012
-0.41751	-0.81616	-6.6245	3.5198	-0.89044	-2.8729	-3.2195	-2.9533	1.2385	1.5107	-4.6884	-3.9147	-2.1474	1.8925	1.7144	0.4426	-1.3938	-2.915	-0.96299	3.5586	-0.89492	2.3617	4.7802	0.63219	-0.60478
-1.0297	0.43013	-8.1129	4.4698	-0.17449	-4.8195	-6.3015	-4.4114	2.2391	0.59197	-5.7827	-3.98	-1.957	3.2071	1.3625	2.5283	-2.6965	-4.5599	-1.8538	4.4258	-1.8046	2.5449	7.0314	1.3579	0.99356
-0.54242	1.5388	-9.2117	3.6479	-1.8742	-3.7058	-7.181	-5.9344	2.8834	0.71571	-6.1508	-3.8376	-2.1163	4.987	1.2168	2.6846	-4.0359	-6.7771	-2.943	5.2052	-0.74726	5.2119	8.742	2.35	2.0741
-2.3669	3.2087	-11.06	5.0238	-2.0213	-4.1039	-8.7341	-6.9531	2.5032	-0.036265	-6.5311	-3.0365	-2.5743	6.8029	2.0259	2.917	-4.4673	-6.1664	-5.3496	6.1413	1.0883	5.549	10.815	3.152	1.9537
-2.5937	-2.0444	-1.5403	-0.21329	2.2359	2.3333	-0.26369	0.7797	3.2853	-1.0087	-1.9902	0.98002	2.0021	-2.0961	3.0987	-0.29757	-0.93136	1.6919	0.69772	-1.2255	-1.0216	-2.003	1.7857	-2.5733	-1.0217
-4.4416	-1.8593	-2.5999	0.049118	1.0893	2.9836	-0.77276	-0.70725	2.7462	-0.77419	-3.018	0.14445	3.1758	-0.26043	2.1361	0.37455	-2.2182	1.1526	-1.7413	-0.37455	0.11954	0.091985	2.9029	-1.5699	-0.35656
-4.8227	-0.24469	-4.3209	2.0204	1.449	3.0079	-1.9172	-0.42843	4.1092	-1.0761	-3.3946	-0.5803	3.4412	0.32926	2.4466	-0.076121	-3.9496	-1.3376	-2.6022	-0.80922	-0.73353	1.1164	4.8323	-0.74079	-0.05421
-5.7509	-0.16286	-5.1058	0.74331	1.5183	2.1119	-3.6241	-1.9279	4.0302	-1.4684	-3.5966	-1.0796	2.1623	2.3627	1.6149	1.5721	-4.141	-1.0725	-3.1378	-0.45473	-0.34071	1.651	6.9916	1.4184	-1.3127
-5.4946	0.82703	-7.0471	0.11872	0.34145	3.2875	-5.63	-2.7531	4.6191	-1.7818	-5.2207	-1.5139	0.65916	2.2979	1.4508	2.5505	-5.9976	-2.5628	-5.1286	1.151	0.54534	4.1711	9.3248	0.71148	0.33114
-6.866	2.3227	-9.5092	0.97661	-0.61824	3.0005	-6.3656	-4.5226	5.075	-2.2158	-5.3547	-0.76484	-0.41815	3.1999	-1.1091	1.8416	-7.1137	-3.9362	-6.7425	0.90375	0.48584	6.6769	10.66	1.551	-0.24248
-0.53743	-2.588	-0.94592	-2.3272	-1.2288	2.8022	1.6964	2.0178	-2.4192	-1.8632	0.58152	-3.0729	-1.433	1.0105	-1.8793	1.1663	-2.4662	-0.33287	-2.3422	0.12418	-1.5275	-2.1356	-0.49163	0.36859	-1.2519
-1.6785	-2.1067	-2.8154	-2.0304	-2.057	2.9182	-0.065912	0.92634	-2.1197	-2.1722	-0.22108	-3.0792	-2.4065	2.213	-2.5957	2.1738	-3.1588	-1.7542	-3.5219	0.35173	-1.3848	-0.67557	1.6638	1.7936	-0.85478
-2.4137	-1.8915	-4.4728	-2.0256	-3.1359	2.7533	-1.5261	0.016099	-1.9095	-2.822	-1.253	-3.4785	-2.9948	3.9316	-3.4197	3.3652	-4.0222	-3.1104	-4.542	0.97887	-1.0696	1.4639	3.3909	3.1788	0.20382
-3.5086	-0.9362	-6.0313	-1.5646	-3.8263	2.2847	-3.1794	-1.1034	-1.6257	-3.3283	-2.5279	-3.583	-3.2714	5.3196	-4.0004	4.3449	-5.0692	-4.1184	-5.6972	1.2809	-0.57073	3.1699	4.8647	3.8714	1.1326
-4.4278	-0.11721	-7.8372	-0.98465	-4.3909	1.8332	-4.3704	-2.0865	-1.334	-3.8254	-3.4965	-3.693	-3.408	6.9186	-4.3612	5.2521	-5.7733	-4.7084	-7.312	1.4145	-0.020901	4.5193	6.5275	4.83	1.6535
-5.2461	0.78724	-9.2593	-0.40112	-5.1736	1.2666	-5.9405	-3.1012	-0.87183	-4.6757	-4.4013	-3.9424	-3.5967	8.0874	-4.7713	6.2746	-6.5802	-5.6382	-8.4358	1.5288	0.34912	6.7153	8.0814	6.4293	2.0618
-1.0037	-2.8593	-0.5766	-1.1167	-0.88979	-2.7995	1.5606	-2.6392	-1.3028	-0.52395	1.2546	-1.7013	1.8776	1.6378	-1.0001	-1.6891	1.3111	-0.58751	2.7945	0.96516	-2.4906	1.7634	1.2401	-2.4631	-1.8442
-1.3646	-1.799	-2.5269	-0.93209	-1.5243	-2.5636	0.15165	-4.1023	-1.0593	-0.75836	0.31478	-1.6832	1.1584	2.789	-1.75	-1.2365	0.53483	-1.9347	1.8692	1.6896	-1.9689	3.6187	3.3224	-1.2238	-1.544
-2.0776	-0.88799	-4.1653	-0.66835	-2.4073	-2.5992	-1.5277	-5.4788	-1.0942	-1.5079	-1.0393	-1.5576	0.13993	4.5053	-2.2574	-0.85048	-0.12851	-2.7255	1.0859	2.229	-1.4712	4.8862	5.3262	-0.40281	-1.371
-2.8279	-0.44967	-5.8275	-0.29798	-2.9403	-2.8404	-2.8087	-7.0736	-0.86328	-2.1385	-2.0849	-1.8848	-1.0665	5.7937	-2.5831	-0.55808	-1.0586	-3.284	-0.74257	2.9856	-1.1767	5.8239	6.6006	0.39402	-1.4055
-3.4964	-0.2199	-7.6249	0.19674	-3.4763	-3.1617	-4.1311	-8.6372	-0.30387	-2.7021	-3.1276	-2.4054	-1.8095	7.627	-3.0155	0.10799	-2.2316	-4.1008	-2.1242	3.414	-0.99871	7.6874	8.342	1.8435	-1.6087
-4.2482	1.0456	-9.1582	0.94563	-4.3854	-3.6671	-5.4557	-10.319	0.3736	-3.3473	-4.1249	-3.2072	-2.299	9.2955	-3.5747	1.1254	-3.7521	-5.1419	-3.1978	3.4653	-0.51867	9.1825	9.9478	3.0735	-1.5433
-2.4986	-3.2565	0.5518	-3.2602	0.77162	0.46213	2.3118	1.246	-2.5199	1.5801	-2.0311	2.4439	-2.8459	1.4617	1.7825	1.0826	0.21714	1.2583	0.75808	1.2962	-2.7509	2.2619	-0.31955	2.6363	1.9563
-2.9258	-1.4921	-1.8683	-2.9216	0.56586	0.1446	0.73283	-1.3655	-2.5735	1.3281	-3.0824	1.7693	-3.0198	2.8187	0.51872	2.5888	-0.30522	1.9169	-1.3964	0.35862	-3.0826	3.6886	1.6314	2.8003	1.8206
-3.4257	-1.4336	-3.5454	-1.7479	-0.37386	-0.27976	-0.057087	-2.7938	-1.8678	0.54693	-4.6519	1.9566	-3.7797	2.9264	0.22214	2.8535	-1.8967	0.44319	-3.1	1.5536	-2.1324	4.7554	3.1741	4.1082	3.2351
-4.1042	-0.33804	-4.704	-1.498	-1.7899	-1.5522	-0.48638	-4.8397	-1.9285	-1.2398	-4.5329	1.3704	-3.5913	5.1276	1.4104	3.7741	-2.1703	-1.8406	-4.8011	1.3362	-1.8364	7.8528	4.5485	5.449	3.4241
-4.8493	0.24265	-6.5451	-0.24482	-1.3009	-1.7317	-2.8783	-5.3077	-2.2615	-1.7161	-4.0782	1.7404	-4.3439	5.6218	1.1102	4.3165	-2.951	-1.8911	-6.4169	3.2299	-1.3119	8.2853	6.3764	6.4689	2.9944
-4.8357	1.2	-7.7203	-0.58642	-2.373	-2.9766	-4.647	-6.4134	-1.7336	-3.0062	-6.4585	0.31915	-5.1366	6.8594	0.44168	5.1942	-5.3395	-2.8693	-6.5985	3.4069	-1.0547	10.173	8.487	8.3964	3.9708
-0.40667	-1.8373	-1.8688	1.6075	2.7903	2.2638	-0.58589	2.8347	-0.19315	1.3017	-0.058667	-0.84368	0.71457	0.96366	-1.7962	0.3687	2.8656	2.41	2.96	0.82774	-0.59085	-0.35294	-3.0973	-1.0373	1.6927
-0.58896	-0.72675	-3.6879	1.71	1.6065	1.3339	-1.9028	1.3242	0.32511	1.1971	-1.2046	-1.22	0.30454	2.3621	-2.0394	0.88435	1.6844	1.1245	1.285	1.3922	-0.43438	1.1587	-1.0609	-0.31094	1.8517
-0.72403	0.33241	-5.6052	1.2867	0.43786	0.48778	-3.3526	-0.18016	0.7048	0.6444	-1.921	-1.5915	-0.21965	4.0381	-2.0897	1.6867	0.57575	-0.19982	-0.16638	1.121	-0.22498	2.9868	0.79148	0.57564	1.724
-1.2789	0.39498	-7.5825	1.43	-0.76566	-0.22089	-4.5696	-1.6808	0.85926	0.26104	-2.2892	-1.7773	-0.60564	5.8896	-2.2287	2.5175	-0.4549	-1.0053	-1.0642	1.3077	0.050759	4.9063	1.9395	1.6518	2.0576
-1.7369	1.0557	-9.1034	2.3097	-1.5753	-0.79836	-5.9239	-2.8169	1.2131	-0.01403	-2.7489	-2.1698	-1.1095	7.9203	-2.5867	3.3291	-1.6581	-1.6596	-1.9916	2.1402	0.47765	6.381	3.574	2.9467	2.836
-2.3406	2.1878	-11	2.8225	-2.5009	-1.2574	-7.0236	-4.0901	1.6187	-0.67049	-3.6168	-2.9663	-1.5262	9.3971	-3.1032	4.0224	-2.8703	-2.495	-3.7	2.7777	1.2	8.2695	5.095	4.2845	3.3213
-0.93065	3.2087	2.2527	-0.10722	-0.3837	2.107	-2.2018	1.9129	1.9006	0.17006	-1.3362	0.26692	0.26641	-1.2238	-2.2889	-1.1831	3.6993	2.0845	-3.0008	0.35075	-1.7147	-1.273	0.86664	-2.2745	2.5974
0.36187	2.2235	0.87356	0.16035	-0.72827	0.38916	-4.2176	1.4734	0.96607	0.28496	-2.369	1.464	-0.37805	0.25549	-2.2518	-1.5062	1.683	0.7519	-4.7178	1.5554	-1.4092	0.71527	1.7598	-1.4802	2.175
-0.21958	4.3085	-0.49138	0.29182	-1.6695	-1.1101	-5.9188	-0.46607	0.45143	-0.37252	-2.4606	0.91781	1.0359	1.8317	-2.3344	-1.2337	0.56401	-1.0209	-4.8017	0.9944	0.1323	3.1401	3.0104	-0.26335	3.4206
-1.5251	5.0143	-4.1733	0.52557	-1.6062	-0.74689	-6.5544	-1.3389	1.717	-0.58121	-3.5299	-0.0033431	-0.30627	2.6962	-2.5007	0.23609	0.62472	-1.4748	-7.1752	1.9474	-0.14212	3.97	5.8381	-0.15199	5.1553
-2.4724	6.252	-3.4421	-0.029196	-2.2647	-1.7911	-7.9421	-3.114	2.1744	-1.301	-3.8266	0.12199	0.28473	4.7167	-2.485	0.20434	0.10744	-1.632	-8.7535	3.4884	-0.0018101	5.0717	7.9788	1.1063	5.1444
-2.6016	7.1839	-7.141	1.9604	-3.1827	-1.7271	-8.6792	-4.6743	2.3669	-1.2116	-5.2824	0.23341	-0.72487	6.6619	-3.1676	1.7173	0.083923	-2.5896	-9.8935	3.4925	-0.42684	6.5962	9.6266	1.3947	5.8633
-0.17165	-1.24	0.64258	-1.8062	1.2296	-1.281	-1.9356	-1.1105	2.7215	1.0526	1.5788	2.9692	-0.45273	-1.2395	2.227	-0.64643	1.4718	0.88605	2.2937	-0.68639	3.1002	-1.163	-2.8865	-0.9682	2.0732
-0.98326	-0.56961	-1.4207	-1.2655	0.33534	-1.3745	-3.0099	-2.102	3.5001	1.3225	0.99842	2.5686	-1.0139	0.28664	2.2684	0.48515	0.20415	-0.25292	1.1852	-0.16583	3.4741	0.45164	-0.84685	-0.015201	2.197
-1.3782	-0.076005	-3.1711	-0.99351	-0.48509	-1.4872	-4.3677	-3.0025	4.2804	1.1863	0.21718	2.2152	-1.3637	1.2243	2.1806	1.3536	-0.77276	-1.0786	-0.017349	-0.066775	3.9514	1.8777	0.63464	1.191	2.267
-1.8958	0.81443	-5.2447	-1.0046	-1.5063	-1.7857	-6.0177	-4.1024	4.7466	0.78615	-0.60627	1.9106	-1.674	2.4076	1.826	2.2951	-1.5727	-1.9557	-1.4852	0.18724	4.4814	3.1111	2.4419	2.2411	2.2262
-2.6395	1.9638	-7.118	-0.94416	-2.7381	-2.2287	-7.5966	-5.052	4.7453	0.50548	-1.5637	2.1671	-2.104	3.8558	1.5955	3.219	-2.6011	-2.997	-2.9153	1.1522	4.7438	4.6249	4.2957	3.4306	2.4096
-3.3716	3.0048	-9.3506	-0.17865	-3.5959	-2.6272	-9.1959	-6.0053	5.1724	0.1947	-2.6657	2.2523	-2.966	5.3997	1.5914	3.975	-3.7574	-3.6016	-4.1166	1.9167	4.8247	6.3022	6.0292	4.1248	2.6511
-1.082	2.6167	0.81168	-2.6889	1.1223	-0.88304	-2.176	-2.8284	1.9717	2.4331	-3.0645	-1.5715	-2.8045	-0.9307	-0.79263	1.257	-0.36761	2.3805	-1.8624	-2.474	-1.6625	0.69386	0.60169	0.21993	0.95463
-1.5733	3.7817	-0.80714	-2.22	0.54343	-0.95051	-3.8128	-3.8403	2.1567	2.1689	-4.1348	-2.1619	-3.4687	1.0389	-1.574	2.0956	-1.3638	1.0456	-3.2572	-1.893	-1.1777	2.5068	2.445	1.8701	1.6116
-2.2901	4.3829	-2.5976	-1.619	0.14418	-1.2992	-5.3672	-5.0583	2.759	1.9422	-5.0414	-2.1984	-3.7934	2.5177	-2.4587	2.7838	-2.4784	0.43662	-4.7931	-1.233	-0.41943	3.8924	4.0568	2.914	2.206
-2.7175	4.8308	-4.2244	-1.0537	-0.23568	-1.4661	-6.7225	-6.076	3.5277	2.0095	-5.8784	-2.1259	-3.9701	4.1235	-3.2669	3.761	-3.2569	-0.12584	-5.7558	-0.7311	0.44948	5.2023	5.6441	4.0563	2.6466
-3.0077	5.924	-5.9273	-0.82505	-1.2673	-1.4747	-8.145	-7.2935	4.2419	2.0979	-7.0754	-2.0984	-3.9649	5.8846	-3.7834	4.8478	-3.9203	-1.2555	-7.0955	-0.43237	1.3282	6.907	7.5221	5.1155	2.8901
-3.5921	6.7564	-8.0325	-0.97723	-2.19	-1.658	-9.3779	-8.538	4.6976	2.0208	-8.3422	-2.4021	-4.2176	7.4837	-4.0359	5.8497	-4.8216	-2.1758	-8.6917	-0.0065234	2.0184	8.535	9.3186	6.3825	3.1304
-1.2191	-1.2925	0.1162	1.3834	2.5836	-1.1065	-1.7268	-2.4108	-1.1042	-2.8848	-1.069	-2.4576	0.53393	2.4246	2.503	0.22242	1.6024	-0.52299	-2.9885	-1.8829	-1.717	0.36529	-2.6556	-0.50346	0.48759
-1.5854	-0.3677	-2.0859	1.7769	2.2254	-1.2557	-3.2446	-3.8552	-0.59869	-3.1523	-2.2005	-2.8217	0.070977	4.3116	2.5923	1.0242	0.85651	-1.5461	-4.254	-1.5502	-1.2359	2.5168	-0.54369	0.58835	0.91922
-2.108	0.2417	-3.9272	1.8266	1.8337	-1.4499	-4.4603	-5.3345	-0.12853	-3.7293	-2.8935	-3.1609	-0.2373	5.841	2.5048	1.9032	0.20032	-2.6069	-5.9814	-0.95243	-0.65908	3.9895	1.3295	1.5928	1.2123
-2.2892	0.4254	-6.1125	2.0162	1.0288	-1.2711	-5.835	-7.0025	0.062373	-4.501	-3.5423	-3.5869	-0.48923	7.5272	2.2522	2.7268	-0.75539	-3.8573	-7.11	-0.28276	-0.1625	5.732	2.7798	2.7435	1.7212
-2.236	0.92866	-7.7925	2.4003	0.34921	-1.0236	-6.9562	-8.5377	0.21985	-4.602	-3.8882	-3.7041	-0.74571	8.9813	2.2238	3.4933	-1.3569	-5.1366	-8.0742	0.31896	0.20351	7.8003	4.3962	4.1935	2.2475
-2.4305	2.3094	-9.5857	3.0108	-0.12461	-0.95314	-8.2272	-9.8871	0.48492	-4.4055	-4.4865	-3.8441	-0.94341	10.39	2.1411	4.5548	-1.9277	-6.2475	-9.5071	0.76335	0.42617	9.268	6.1584	5.4112	2.5854
1.0949	1.954	-2.6636	0.44621	-2.4749	1.3533	-1.1454	1.1843	2.3648	-3.1199	-0.44313	-1.0115	1.7943	1.7026	0.99506	-0.68682	-1.6457	-2.3699	-1.8248	0.76757	0.58006	2.9299	0.093198	2.7702	-1.6896
0.75049	2.4801	-4.7145	1.0276	-3.6973	1.2051	-2.5678	0.15954	2.5496	-3.2384	-1.1857	-1.7746	1.4649	3.2658	0.68459	0.20252	-2.7336	-3.9146	-3.1421	1.4303	1.2503	4.3317	2.0084	3.8538	-1.6515
0.3789	3.1351	-6.263	1.4162	-4.5954	1.0252	-3.8632	-0.85234	2.3941	-3.998	-2.0052	-2.3407	1.3032	4.6281	0.31838	1.4206	-3.8429	-4.7358	-4.6713	1.8834	1.7826	5.8137	3.557	4.9263	-1.4011
-0.030463	4.2483	-8.0897	1.4801	-5.499	0.68863	-5.0038	-1.9001	2.0443	-4.756	-2.7463	-2.4107	1.0874	5.7289	-0.13986	2.5032	-5.2314	-5.8083	-5.923	2.1313	2.1424	7.4707	5.7175	6.3935	-0.63779
-0.30066	5.2845	-9.6385	1.5539	-6.6137	0.085229	-6.4391	-2.7954	1.9328	-5.8017	-3.6631	-2.4472	0.6346	7.1574	-0.40109	3.252	-6.4248	-6.6149	-7.1891	3.0587	2.2913	9.0995	7.3687	7.4726	0.11124
-0.96714	6.1942	-11.293	2.2852	-7.3414	-0.56236	-7.4996	-3.8424	2.3527	-6.4164	-4.5387	-2.4985	-0.062581	8.4317	-0.77051	4.0055	-7.637	-7.3229	-7.991	3.7675	2.5199	11.031	8.9266	8.7826	0.59081
-2.6125	2.0379	-2.0383	0.39894	1.9688	2.8199	0.93937	-1.8926	-2.622	-0.83766	3.0418	-1.3802	-1.7113	-2.2864	2.5226	-0.43406	0.38371	-3.0496	-0.14163	2.0978	-2.7766	-1.1275	-0.71709	1.4242	2.9344
-3.3027	3.1677	-4.0342	0.90489	1.7937	2.7477	-0.60693	-3.1561	-2.1265	-0.87192	2.1994	-1.2359	-1.833	-0.71216	2.4506	1.0144	-0.39362	-3.9295	-1.4913	2.7781	-2.3979	-0.063172	0.80915	2.8522	3.9763
-4.0907	4.3123	-5.7424	1.2866	1.2507	2.3582	-1.5995	-4.3256	-1.461	-0.99109	1.8539	-1.7262	-2.0796	1.286	2.1096	2.2354	-0.91585	-4.5797	-2.8681	2.926	-2.2174	1.4044	2.6227	4.1083	4.6634
-4.7947	5.0074	-7.6246	1.2818	0.73936	1.8315	-3.0317	-5.4902	-0.6631	-1.3653	1.5749	-2.1898	-2.1305	2.9136	1.8677	3.2835	-1.4452	-5.118	-4.0381	3.0663	-2.0485	3.052	4.65	4.6471	4.6852
-5.163	4.9614	-9.5398	1.1417	0.042103	1.331	-4.4961	-6.5371	-0.052578	-1.381	0.96877	-2.0782	-2.2493	4.4445	1.6225	4.3041	-2.4091	-6.1618	-5.3547	3.7133	-1.8695	4.5849	6.0995	5.37	4.2713
-5.4419	5.5715	-11.229	1.6367	-1.0506	1.1822	-6.2355	-7.8173	0.045393	-1.1932	-0.18006	-1.7351	-2.5241	5.7487	1.3029	5.0055	-3.1366	-7.6581	-6.813	4.4364	-1.6334	5.7383	7.9151	6.3674	4.1944
0.79439	2.208	-1.3265	-0.76986	-1.6935	3.0386	-3.0943	1.2148	-0.75843	1.3433	-2.3381	-2.6529	0.42845	2.4822	0.69675	1.9225	-2.9264	0.7444	-0.87055	-2.2579	-2.3338	-2.9138	-0.61628	2.9718	2.4499
0.55519	3.0433	-3.3803	-0.35393	-2.3542	3.0427	-4.4277	0.07074	-1.041	0.95621	-3.3851	-3.2744	0.31828	3.9047	0.36403	2.9246	-3.5871	-0.26322	-2.0587	-1.6609	-2.0684	-1.3073	1.2275	3.8783	2.5192
-0.20571	3.7071	-5.2141	-0.062028	-2.9006	3.1199	-5.7358	-1.099	-1.0145	0.5607	-4.0187	-3.7062	0.17203	5.6081	-0.016735	3.6548	-4.1737	-1.5672	-3.442	-1.2345	-1.6677	0.33241	3.0329	5.1981	2.5614
-0.76524	5.025	-7.3237	0.56552	-3.3777	3.3036	-7.0883	-2.0302	-0.64349	0.052934	-4.2711	-4.1147	-0.077408	7.4574	-0.55975	4.65	-5.0338	-2.2027	-4.6324	-0.91152	-1.0459	1.4974	5.2393	6.2656	2.6431
-1.0547	5.956	-9.3122	1.1729	-4.0277	3.4202	-8.0791	-3.0039	-0.15834	-0.4535	-4.7767	-4.7459	-0.45323	9.07	-1.0818	5.7622	-5.9427	-2.8425	-6.187	-0.32242	-0.53491	3.0712	6.9293	7.0349	3.1365
-1.508	6.6548	-11.062	1.6223	-4.3299	3.2113	-9.4774	-3.9467	0.27505	-0.40419	-5.8491	-5.3007	-0.72438	10.801	-1.3495	6.6468	-6.9886	-3.5416	-7.3711	0.22472	-0.16324	4.7992	8.3432	8.1138	4.1406
-0.67631	-2.7847	1.6299	1.1708	-3.4875	1.8511	1.8687	-1.9665	0.01861	2.7235	-1.5666	1.7107	-3.0151	-0.17969	-2.6861	-2.0223	-0.29921	0.060421	-3.1498	2.1432	-1.3721	1.7253	-2.4107	-2.6189	1.9052
-1.2722	-1.983	0.31991	2.9337	-3.4434	1.7714	1.285	-3.5653	0.1943	2.7405	-0.3918	0.34585	-1.433	1.7549	-2.8153	-1.9278	-0.49869	-2.8629	-4.0631	2.2702	-0.99877	2.7992	-0.34235	-2.7775	3.6387
-1.683	-1.3149	-1.8995	2.2254	-4.8164	1.1113	-1.6572	-5.3869	1.3508	2.2811	-1.8396	1.5937	-2.6857	2.3645	-2.255	-0.38611	-0.93603	-3.7261	-5.2213	1.9688	-0.7315	4.831	1.191	-0.97257	2.227
-1.1385	-0.90898	-3.5837	1.8461	-6.0587	1.3433	-2.8821	-6.1398	1.8487	1.6159	-2.9591	1.1759	-3.081	4.4327	-3.4361	-0.39425	-2.3794	-5.9583	-6.8386	3.202	-0.5015	7.3474	3.3056	0.51928	3.3741
-1.792	0.28012	-5.7879	2.5219	-5.6634	0.054756	-3.2996	-8.4811	2.3037	1.0508	-3.6539	1.3437	-3.7717	4.4996	-2.9282	1.1482	-3.1965	-6.7127	-7.1837	3.3437	0.49508	9.0137	4.9197	1.4013	3.2653
-3.6137	2.4471	-7.8972	4.0432	-6.5254	-0.70477	-4.408	-9.2628	1.3583	2.4259	-4.3203	1.7356	-4.192	5.3071	-3.5306	0.87268	-4.5213	-6.7695	-8.6685	3.6733	1.3267	10.871	6.9947	2.1485	5.1929
2.4386	3.0905	-0.72962	-0.98443	1.3073	0.72131	2.1982	2.7825	3.0403	2.5284	-2.9427	-2.5947	-0.87707	-2.4516	-0.63159	1.4938	2.3438	-1.093	2.5382	0.9314	-0.51849	2.07	3.074	-0.75989	-0.091717
1.5326	4.0371	-2.7474	-0.40606	1.1474	0.53799	1.122	1.1492	3.3208	2.1298	-4.0252	-3.1383	-1.0723	-0.94381	-1.0475	2.5871	1.1369	-1.9652	1.356	1.4569	-0.17343	3.4375	5.0549	0.49446	0.82755
0.90393	5.0608	-4.3539	0.027353	0.46356	0.26228	-0.39259	-0.38801	3.9523	1.6867	-5.1738	-3.233	-1.3462	0.65592	-1.228	3.7144	0.12891	-3.1721	-0.14072	1.5073	0.40487	5.3082	6.8799	1.856	1.2993
0.0056194	5.7944	-6.2706	-0.012675	-0.14211	-0.10876	-1.4735	-1.6409	4.7507	0.98309	-5.7443	-3.2604	-1.4847	1.6535	-1.4586	5.0455	-0.96153	-4.4025	-1.4217	1.7033	1.2094	7.1879	8.4386	3.3937	1.9176
-0.65055	6.1078	-8.2204	0.1242	-0.75932	-0.41671	-2.7385	-2.9379	5.4319	0.56063	-6.4062	-3.1121	-1.7108	2.8742	-1.9595	6.2285	-1.7866	-5.5219	-2.716	2.0943	2.0831	8.7104	10.568	4.3833	2.6962
-1.4392	7.466	-10.162	0.42343	-1.3455	-0.66089	-3.9877	-4.1544	5.8329	-0.11219	-7.2416	-3.3959	-2.0318	4.2151	-2.7164	7.2825	-2.9375	-6.9387	-3.8445	2.6828	2.8306	10.403	12.27	5.3732	3.2575
-0.44316	0.55012	0.6631	2.7289	0.44953	-1.5062	-0.028547	-0.92255	-0.17763	2.9102	-0.79805	0.046577	-1.9297	-0.10214	-1.9828	-0.22167	2.2717	-1.5787	-0.20425	3.32	3.4844	0.90378	-2.0129	1.2061	0.41581
0.34077	1.4202	-2.0126	1.3389	-1.556	-1.8002	-1.1331	-2.0569	-0.68184	2.3979	-1.1051	-1.1302	-2.2431	2.2545	-2.2078	1.0691	-0.57756	-1.1075	-0.51063	3.4701	3.6834	3.7584	0.0038589	1.7245	1.8238
-2.5131	2.0333	-4.6527	3.2353	-1.0735	-2.4487	-3.551	-2.9598	0.58225	1.7905	-3.2383	-0.20475	-2.3465	2.9831	-3.0268	1.8057	-0.82189	-3.0659	-2.6842	2.5616	4.6515	5.0788	2.2579	3.7819	1.3392
-3.3961	2.9429	-4.9459	3.8693	-2.2857	-2.2277	-4.6851	-3.2699	0.32433	1.7957	-3.7095	-1.3737	-4.1265	3.5743	-2.6424	3.178	-1.4241	-4.916	-3.3811	3.7315	4.5443	7.2672	4.3365	4.4711	1.5055
-3.1127	3.7425	-8.1237	4.55	-2.7691	-3.1095	-6.1832	-5.4406	1.424	2.3016	-4.4067	-1.0316	-4.3804	4.9553	-3.3698	3.8886	-2.396	-5.4419	-4.1128	2.5934	4.4804	9.5686	5.389	5.1562	2.8432
-4.9981	4.1355	-9.3073	3.9384	-2.3838	-3.3724	-7.4015	-6.5409	2.297	2.4501	-5.9333	-0.4296	-4.2607	6.7364	-4.5795	4.2849	-4.6989	-7.3314	-6.3156	3.4741	5.7846	11.575	7.4189	7.2138	2.39
2.4298	0.58269	-1.3139	-1.8702	-0.85977	-1.103	1.4673	-2.43	1.4922	-1.8812	-1.8162	-1.9345	3.6413	-1.0515	1.8908	-2.4811	0.64252	2.3929	-2.4823	1.7777	1.7697	0.56966	-2.3883	-0.75789	1.3121
2.8945	2.9619	-4.1968	-0.66941	-0.462	-1.928	-0.37106	-4.2483	2.0078	-2.3667	-2.5327	-2.2341	3.154	-0.65139	1.8795	-0.49149	-0.43596	1.5802	-3.8667	1.8659	1.9381	3.2127	-0.68289	0.26641	1.9839
2.0024	3.7727	-6.3436	-0.66027	-0.67913	-1.7733	-2.0552	-5.566	3.0055	-2.4539	-3.292	-2.3062	2.0985	1.8624	1.0934	-0.21923	-2.6522	0.8213	-5.9556	2.2169	1.8048	4.553	1.116	1.6262	3.5575
1.3715	4.2895	-7.1527	-0.50587	-0.23753	-1.9775	-1.9941	-6.8511	3.6087	-3.2976	-4.9109	-3.1327	2.4758	2.8479	1.1022	2.2196	-2.2816	0.84103	-5.6757	3.2039	2.0615	8.8433	3.7805	3.805	3.2323
0.34783	5.191	-10.969	-0.94084	-1.0448	-2.8794	-5.1303	-7.4554	3.0339	-3.5279	-5.3051	-1.9898	2.0576	3.9799	1.9138	2.8022	-2.7805	-0.40944	-7.3572	3.2973	2.3383	8.0008	5.3042	4.616	2.5628
1.0908	5.005	-12.439	-2.2224	-1.9493	-2.9183	-4.6161	-9.2219	2.763	-3.1496	-5.8449	-2.0922	1.9012	5.0437	-0.090828	3.7423	-5.5447	-1.2341	-8.9741	3.6005	2.7064	10.174	5.9117	5.1453	3.5463
0.84514	0.73146	0.59506	-0.030279	-1.9398	2.9693	-2.8195	0.73475	2.4556	-3.2444	-1.4469	-0.69329	2.0627	0.66486	0.8203	-0.69467	-1.6145	3.0381	1.249	3	-0.090975	0.090401	1.2033	1.4997	-0.86388
0.84326	0.71222	-0.91973	-0.45519	-3.4301	3.566	-4.1336	-0.76893	2.9678	-3.1559	-0.78704	-0.7773	3.4965	1.7951	-0.15137	-0.28775	-1.4181	2.219	1.1311	2.0114	0.59182	1.0505	4.0033	2.6927	-1.8539
0.81163	2.4557	-1.2507	0.53546	-2.3757	1.6434	-5.8753	-2.8805	3.6506	-2.1423	-1.5172	-0.77016	4.2829	4.1603	-0.63513	0.99948	-2.9103	0.69586	-1.2382	3.0961	1.3013	4.1282	5.6792	3.6069	-0.40948
0.86168	1.7554	-3.2412	1.0525	-3.472	1.5124	-7.7306	-3.545	2.7106	-3.2088	-0.46579	-0.9944	1.9574	4.0553	-0.95717	1.4175	-3.4249	1.2012	-3.886	4.5338	2.0575	4.49	6.1455	4.6304	-0.4746
1.2694	3.2878	-5.6297	1.2888	-3.3057	1.4731	-9.5267	-5.4461	3.246	-3.772	-3.0896	-2.371	1.9275	6.5742	-0.63153	2.8851	-4.2227	0.46844	-2.8441	4.1155	2.6015	5.8713	9.1386	6.1256	1.1685
0.86717	3.8292	-6.6859	2.0326	-4.5926	-0.0014621	-10.934	-7.2522	4.3147	-4.003	-3.6	-2.7809	2.1704	9.1252	-1.298	3.7055	-4.7228	-1.5951	-5.8657	3.5096	2.9463	8.4654	11.349	7.1622	0.46278
0.11166	-2.0704	-0.20482	1.0891	-2.6941	-2.9474	2.3758	2.6907	2.4944	-3.122	-3.9067	2.3288	-2.5641	2.5606	3.0719	-2.3092	2.6894	-0.037793	-2.209	1.6061	-2.1534	0.62474	1.5051	3.3436	2.9549
-1.0117	-1.9238	-2.175	0.80626	-3.3762	-2.7735	0.93258	1.3135	2.5254	-2.8869	-3.7596	1.2268	-3.4706	3.453	2.8593	-1.8359	1.7806	-1.8984	-3.0859	2.3908	-2.4474	1.6006	2.8932	3.7322	2.6778
-1.1992	-2.2538	-3.2503	0.81781	-5.255	-3.6961	0.55301	1.1925	1.8746	-3.9476	-6.0148	1.0457	-4.2581	4.2232	1.927	-0.62715	0.73165	-3.1095	-6.2067	2.9395	-1.8729	3.9581	5.2269	4.9648	2.6348
-1.8271	-1.3477	-4.9218	1.6324	-4.891	-3.8166	-1.3177	-2.0758	1.9221	-3.7501	-5.9582	-0.43566	-3.5291	5.7638	1.2772	-0.30686	0.56455	-3.6109	-7.1508	2.8562	-1.3475	4.9535	6.7257	5.4358	3.6035
-3.4091	-1.1732	-7.0543	2.5935	-6.2112	-4.6398	-3.0948	-2.0863	2.1784	-4.8791	-7.3712	-1.101	-2.6888	7.9962	0.73729	-0.57541	-0.54678	-5.3034	-6.6707	3.7802	-0.16006	7.0572	8.6748	6.5271	4.0647
-3.1598	1.0866	-8.4427	2.3866	-6.0863	-5.3164	-4.2558	-4.3113	2.9173	-5.3304	-7.4714	-1.1627	-2.8886	9.5783	1.69	0.49576	-1.6021	-5.9395	-9.1576	3.2125	0.8118	7.8802	10.538	7.4785	4.2828
0.73755	0.14545	-0.67282	2.1178	-2.2088	1.81	-0.37453	0.12571	1.8784	2.7644	3.5052	3.7551	-0.598	0.92568	2.4833	-1.9267	0.67451	-0.32627	-1.6527	-0.35126	0.87536	0.85688	0.046988	2.8907	0.57083
0.11162	0.82999	-2.1524	2.703	-3.1802	1.2074	-0.75382	-1.4229	1.894	3.0063	1.9999	3.1539	-0.11192	2.8537	1.8722	-1.5631	0.24891	0.18466	-2.4405	-0.22751	0.77254	2.6257	2.8845	3.9226	1.1265
-0.77671	1.2717	-4.0858	3.4019	-3.9448	1.23	-2.52	-3.1813	1.3354	2.2219	1.7042	2.1917	-0.74509	3.9151	1.2137	1.4272	-0.75664	-1.3125	-4.9708	1.4617	1.1031	4.1754	4.4138	4.4895	1.2123
-0.91405	2.3299	-6.3216	3.3005	-4.2665	1.1998	-3.3978	-4.2434	1.905	1.6765	1.0954	1.9707	-0.1398	5.8389	1.0297	0.70444	-1.0307	-1.3109	-5.5657	0.94476	1.3526	5.9995	6.0031	7.0516	1.926
-0.97634	3.9513	-6.4197	3.6972	-4.0179	1.5636	-4.3971	-6.4131	1.7268	1.7854	-0.21631	1.6466	-0.94539	6.3335	0.099427	1.4816	-1.6615	-2.6772	-7.0598	0.75615	2.1912	6.9472	8.4884	7.9147	1.3327
-1.3036	4.6204	-9.5474	4.1747	-4.9433	0.15345	-7.022	-6.4117	1.2541	0.44333	0.15833	0.14966	-2.739	8.054	-1.4399	2.6691	-1.4685	-3.0095	-7.2271	1.6685	2.0838	8.5548	9.3803	8.6028	2.2948
2.7007	-1.4293	0.16183	0.23634	-2.7604	-0.4352	-1.2031	-1.8572	1.589	-0.057928	0.082925	1.7685	-2.0264	2.6189	-3.4037	-1.9937	0.81011	-2.6592	-1.3213	2.6783	-0.18784	2.8048	-0.12717	2.2984	-1.3105
1.5416	-1.5282	-0.69311	0.77492	-4.6744	0.43422	-2.2387	-3.2784	2.6368	1.1646	-0.3257	1.3553	-1.9725	4.4845	-3.5796	-0.14648	-1.3813	-3.3381	-2.4552	3.8697	1.3695	3.4814	2.1315	3.5999	-0.72694
1.2503	-0.70068	-4.1618	0.93794	-3.6806	-0.53804	-3.5364	-4.9034	3.4091	-0.02268	-0.44915	1.1238	-2.203	6.1603	-4.8106	-0.43743	-0.58611	-4.3777	-3.6233	2.3387	1.0758	5.5797	3.5936	4.2012	-0.74472
0.21343	0.24031	-6.1115	1.3594	-5.0897	-1.4698	-4.7013	-5.6037	3.5831	-0.70076	-2.2747	2.3122	-2.3232	7.5571	-4.8746	1.7812	-1.4074	-5.6355	-5.6651	3.6092	2.8123	7.3855	5.6218	6.1682	-0.71695
0.44167	1.6836	-7.9545	0.91249	-6.4076	-0.29808	-6.2198	-6.0589	3.2824	-0.7901	-2.841	0.8586	-3.4396	9.5445	-5.5354	2.1746	-2.1646	-7.4363	-6.751	3.882	2.7967	8.6632	6.8138	6.3792	-0.66315
1.0396	1.9748	-10.082	1.5103	-7.6959	-1.8366	-7.6556	-8.9101	3.4202	-0.4906	-3.3214	0.74375	-3.8591	11.332	-6.622	1.9714	-2.1485	-7.0782	-7.5871	4.3581	2.5234	11.566	9.2601	7.7277	2.5777
-1.9131	-0.81002	-2.5693	0.10591	-1.2062	-2.2636	-2.6867	-0.47894	2.7527	-1.4988	1.02	1.2739	2.6518	1.5144	1.9821	1.8589	1.5121	3.0997	3.0949	-0.59494	-0.72492	3.1085	3.0712	-3.2497	-1.0877
-2.0749	-0.23051	-5.8498	-0.095484	-0.01196	-2.8528	-4.9363	-2.3706	2.7848	-2.0788	0.10628	1.2431	2.5398	3.7595	0.76823	2.7207	0.31227	1.9462	0.96643	-0.16025	0.55043	3.5493	4.4505	-1.1215	-0.655
-2.5848	1.274	-6.4077	0.46463	-1.053	-1.7363	-5.6782	-2.8747	3.8531	-1.3463	-0.76203	0.30033	1.0354	5.2616	0.14297	3.5645	-1.3283	0.29328	-0.16597	-0.45586	0.65583	4.7799	6.0412	0.20237	0.89853
-2.625	2.4178	-7.927	1.9868	-2.2048	-2.6659	-8.4515	-3.0809	5.1779	-2.4108	-2.2042	-0.62133	-0.111	6.4048	-0.9722	4.4258	-2.1346	-0.42769	-2.0233	1.3929	0.30505	7.1176	7.9161	0.86441	0.93499
-3.0809	2.268	-9.5627	2.0743	-1.9887	-2.4842	-8.6471	-4.6208	5.1693	-2.8577	-2.4611	-2.8861	-0.74291	8.0555	-1.0258	6.6136	-2.2604	-0.80499	-3.0919	0.37948	-0.03576	8.5143	8.7302	2.2939	1.4995
-2.9586	2.9628	-10.967	2.0399	-3.1729	-3.5594	-10.672	-6.2177	6.2248	-3.427	-3.6067	-3.053	0.49097	9.1247	-2.524	6.6545	-3.5077	-1.179	-3.7894	1.6546	1.5293	9.1181	11.008	3.3694	1.6032
-1.3451	-1.0683	-0.1832	0.43471	0.64517	-1.645	0.47979	-0.82656	-1.4343	3.049	0.92894	-0.68436	-2.4123	-1.2034	-2.88	-0.75209	1.4048	1.7393	-2.509	2.6371	1.1753	-2.4211	1.6255	1.5506	1.9953
-2.0694	-0.44095	-2.0348	0.58686	-0.034553	-1.472	-1.0117	-2.1752	-0.99143	2.8444	-0.060756	-0.57498	-2.1628	0.76131	-2.9155	0.46887	0.44266	1.0881	-3.9161	2.4321	1.9115	-0.78566	3.1623	3.1656	2.6149
-2.551	0.48796	-3.6309	0.54623	-0.57451	-1.3121	-2.2878	-3.4312	-0.47647	2.8818	-1.2336	-1.0481	-2.0357	2.6008	-3.1583	1.6652	-0.55851	0.10812	-5.1697	2.6265	2.7635	1.1126	5.0068	4.3975	3.2913
-3.291	1.5569	-5.4953	0.61465	-1.2099	-1.3757	-3.7284	-4.5009	-0.061234	2.8575	-2.305	-1.673	-2.1471	3.969	-3.4878	2.8919	-1.3925	-0.95671	-6.7318	3.4512	3.5211	3.0249	6.6748	5.2036	3.5516
-3.5951	2.7765	-7.2913	1.2346	-2.065	-1.7012	-4.9099	-5.3984	0.55798	2.1902	-2.9863	-1.9619	-2.8058	4.9639	-3.6739	3.7108	-2.7438	-1.8465	-7.899	3.9982	4.0292	4.3485	8.4011	6.5311	3.5678
-3.8359	3.3944	-9.2829	1.775	-2.6624	-1.9252	-6.2122	-6.4461	1.1667	1.6034	-3.5629	-2.3388	-3.8039	6.9153	-3.9892	4.3077	-3.7076	-2.3817	-9.3202	3.7315	4.4642	6.1608	9.7587	7.9162	3.5664
-0.012708	1.3318	3.4658	-4.1437	-2.3209	2.4047	-3.2884	1.5405	2.2125	-1.0453	1.2154	-0.46095	2.6031	-0.52561	-0.059278	-2.5901	-1.3937	2.7247	-2.1774	-0.70311	0.52901	-0.60649	-3.6903	1.3952	-1.0691
-0.10708	3.5963	0.91436	-2.4561	-2.108	2.4417	-4.0598	-0.47007	2.7633	-1.4011	-0.16225	0.58756	1.7143	1.3649	-0.38364	-2.1823	-2.5155	1.823	-4.111	1.0205	0.38762	1.1504	-1.6151	2.7598	-1.1745
-0.11896	3.5934	-0.56221	-3.138	-3.6728	1.7983	-5.6488	-1.6788	3.458	-0.64692	-0.095164	-0.82917	2.7364	2.59	-0.53221	-0.52585	-4.9254	0.46608	-5.0585	0.1446	1.8425	2.6572	0.26192	3.539	-1.7276
-1.2693	3.6006	-2.8578	-0.49387	-3.3544	2.6749	-7.2138	-2.9319	3.0785	-0.75749	-1.3498	-0.53734	1.7146	4.6684	-1.9356	0.5778	-4.9624	-0.52941	-6.3291	0.20453	2.4414	5.1051	2.1635	4.6131	-1.2793
-1.5245	4.3398	-4.1765	-1.1699	-4.4206	2.1758	-9.1542	-2.7802	3.7099	-3.379	-2.0756	-0.41477	1.4333	6.2199	-1.6673	2.3501	-4.2919	-1.3185	-7.6005	0.95988	2.3686	5.3652	4.7984	5.8334	-0.72411
-1.0416	6.0383	-6.5003	-0.70697	-4.9618	2.1895	-10.541	-3.9031	4.5553	-2.6392	-3.0044	-1.2857	1.1915	8.5313	-1.5071	3.0464	-6.486	-3.102	-8.0485	2.5225	3.3904	7.5898	6.4051	6.8947	-0.32267
-1.9182	-2.2002	2.2307	2.7047	1.7557	-2.1459	1.4392	-1.9248	-0.2626	2.232	-2.3126	0.71509	0.86922	1.5827	-1.5281	0.30557	2.7509	2.8264	0.66264	1.9504	-1.1611	-1.431	-0.44749	1.5528	-0.21991
-1.9226	-0.8565	0.26367	2.5943	0.95525	-2.805	0.1092	-3.3141	0.19808	1.6755	-2.8126	0.44893	0.98164	3.0597	-1.7263	1.1252	1.588	1.4562	-0.80567	2.2316	-0.43293	0.52296	1.6445	2.2653	0.36804
-1.941	0.041161	-1.7183	2.75	0.20806	-3.1514	-0.87248	-4.5372	0.65353	1.4945	-3.5477	0.29447	0.4945	4.2279	-1.9711	1.9894	0.51168	0.29669	-1.7234	2.5396	0.1228	2.1694	3.0505	3.8822	0.59384
-2.5894	0.56085	-3.3119	3.5294	-0.63	-3.3681	-2.4101	-5.7658	1.1445	1.6522	-4.2505	0.4557	-0.007467	5.811	-2.4073	2.9896	-0.3646	-0.57648	-2.9407	3.2761	0.31908	3.9827	4.8311	5.2582	0.63149
-2.9522	0.98847	-5.1787	4.2251	-1.1461	-3.5147	-3.6248	-7.1189	1.9471	1.686	-5.0323	0.39613	-0.47036	7.2429	-2.7388	4.3358	-1.638	-1.3901	-4.3213	3.83	0.32039	5.9833	6.5048	6.4676	0.95962
-3.0596	1.7426	-6.9558	4.2968	-1.568	-3.6404	-5.5485	-8.5212	2.5608	1.2577	-5.7733	0.16433	-0.93396	8.2107	-2.8731	5.6794	-2.6972	-1.8634	-5.7118	4.6714	0.44923	7.6607	8.3928	7.3345	1.3736
2.1896	-1.1187	-2.0184	2.2308	2.2632	-2.4806	1.6361	-2.2664	0.67238	1.8382	-1.8099	-2.9387	1.9056	-2.8932	1.5135	-1.0091	-0.52695	-1.923	2.8075	-2.2887	-0.19233	2.2064	-1.5899	-0.43084	3.1036
1.5377	-0.41989	-3.7476	2.5614	1.5944	-2.9165	0.60129	-3.7027	1.358	1.4125	-2.2558	-3.0446	1.9979	-1.7848	1.302	-0.057524	-1.2331	-2.5739	1.2996	-2.1107	0.39516	3.557	0.37363	0.85781	3.5744
1.1374	0.39881	-5.5846	2.645	0.93996	-3.4876	-0.80919	-5.086	1.8212	0.93426	-2.7418	-2.978	1.9238	-0.74409	0.95881	1.0277	-2.131	-3.5605	0.24051	-1.7243	1.0243	5.3586	2.1568	1.8968	4.0177
0.29899	1.1122	-7.5711	3.1029	0.10928	-4.1807	-2.1797	-6.561	2.2441	1.0343	-3.726	-3.3593	1.5829	1.1636	0.49756	1.9382	-2.6407	-5.0578	-0.70823	-1.2938	1.5564	7.0711	3.64	2.9219	4.2293
-0.44972	2.0414	-9.4962	3.7125	-0.31782	-4.7867	-3.9213	-7.9294	2.6675	1.1324	-4.4194	-3.7833	1.3094	3.0115	0.19991	2.5821	-3.2225	-5.9282	-2.4006	-1.4323	1.9232	8.4804	4.9742	3.7889	4.4695
-1.1441	2.4897	-11.593	4.0137	-0.71777	-5.2713	-5.3792	-9.5842	3.1602	0.6934	-5.0635	-4.3276	1.1381	4.8382	-0.11215	3.2791	-3.8471	-6.6736	-3.7752	-1.0969	2.2024	10.192	6.9123	5.374	5.2301
-2.8698	0.29966	-3.1306	1.4115	0.74587	-0.80175	-1.2927	-2.7937	1.2603	2.4678	1.4194	0.53707	2.8399	-0.8745	-2.5669	-0.082162	-2.1001	-1.524	-3.129	1.6532	1.6566	-3.0416	-2.3629	-2.6348	-2.6497
-3.6745	1.2676	-4.9265	1.8202	0.20619	-0.91919	-2.5944	-4.2588	1.4168	2.3514	0.83546	0.67443	2.0855	0.81982	-3.3585	1.1444	-3.1536	-2.6468	-4.6917	2.3424	1.918	-1.2847	-0.58239	-1.4165	-2.1322
-4.3876	1.6953	-6.583	2.0217	-0.041803	-0.53249	-3.7152	-5.6832	1.5602	1.9878	0.22639	0.18191	1.2076	2.1632	-4.0199	2.0395	-4.1264	-3.844	-5.9819	2.7672	2.0496	0.76864	1.4063	0.11231	-1.272
-5.2824	2.3098	-8.0751	2.2401	-0.42925	-0.23887	-5.3442	-6.8979	1.7373	1.3775	-0.22806	-0.35657	0.6468	3.6034	-4.6116	2.9265	-5.1975	-5.4429	-7.1977	3.098	2.1105	2.218	2.5982	1.0877	-0.36853
-5.8445	3.3482	-9.901	2.9501	-1.2171	-0.20686	-6.7863	-8.257	2.2946	0.87613	-0.69527	-0.85115	0.10608	4.8689	-5.3009	3.8917	-6.0573	-6.236	-8.2551	3.7162	2.3197	4.166	4.3218	1.9885	0.03893
-6.684	4.5348	-11.412	3.5683	-1.9063	-0.51998	-8.4616	-9.4263	2.9278	0.43888	-1.7003	-1.4656	-0.60637	5.9188	-6.1126	4.8351	-7.2494	-6.9888	-9.7245	4.2035	2.8194	5.8359	6.2928	3.6025	-0.040943
-0.27504	0.035422	0.0098758	3.0894	-3.2116	2.124	0.67947	-0.83367	1.2901	2.9113	2.7857	-1.468	-1.3671	-2.0649	-0.93137	-3.5796	-1.8928	-1.5067	2.8899	1.2683	-2.6443	1.9234	1.1119	1.2287	1.0099
-0.45245	0.39771	-1.122	2.4185	-3.6673	2.1152	1.4334	-2.4286	2.0397	2.1621	0.94098	-1.109	-3.8834	0.59503	-2.2582	-2.813	-4.2104	-1.9129	0.81487	1.4952	-1.7336	4.6753	2.6987	3.3509	1.0382
-0.68525	1.838	-2.7102	3.6335	-5.4698	1.4429	-1.282	-4.0994	1.5245	0.71062	-0.22404	-0.77752	-4.1341	2.6858	-1.2956	-2.3365	-3.8012	-3.4277	0.45096	1.6179	-1.3106	6.4319	3.9144	3.5442	1.8129
-1.5457	2.5007	-5.356	2.3911	-5.8269	0.91113	-2.7897	-5.9561	2.2082	1.1493	-0.4169	-1.8162	-4.4945	2.9011	-2.9323	-0.29513	-6.0206	-4.6845	-0.92397	1.9032	-1.453	7.5179	5.7867	4.6906	2.5312
-0.14472	3.0814	-7.2729	2.3598	-6.6885	-0.54649	-3.2719	-7.2931	1.7918	1.1578	-1.7443	-1.0692	-5.6995	5.3424	-1.8036	0.10944	-6.1147	-6.5532	-1.4892	1.7287	-1.3215	8.6159	7.1145	6.5191	3.2693
-1.3028	4.1277	-8.4097	3.2026	-6.9184	0.51293	-4.0568	-8.6108	1.5959	0.12938	-1.3246	-1.7945	-4.9767	7.4547	-3.4739	0.64933	-6.9825	-7.6	-3.0482	2.9364	0.06291	11.532	9.5317	8.1603	3.8812
2.3387	0.19673	1.4548	-0.59763	1.3942	1.2799	-1.2725	-2.634	0.74828	-0.19865	2.8438	-1.0347	1.2157	-0.22105	-1.5486	-0.14364	0.7025	-0.32176	-2.5992	2.9696	-1.8924	-2.5767	0.27024	-2.1202	-3.11
1.6186	0.48057	-0.6316	-0.17037	0.57561	0.47417	-2.5546	-4.0329	0.966	-0.60656	2.1818	-1.4683	0.22747	1.6323	-1.6145	1.1156	-0.15231	-1.5509	-3.754	3.3634	-1.4009	-0.70804	1.6956	-0.96929	-2.0941
0.63261	1.0989	-2.5044	0.027313	0.23641	-0.43827	-4.2895	-5.502	0.77373	-0.70498	1.2894	-1.2155	-0.47054	3.1171	-1.8793	2.3248	-1.1635	-2.1535	-5.1928	3.5738	-0.97002	0.75662	4.0288	0.094633	-1.4563
-0.13438	2.3218	-4.5346	0.14026	-0.25199	-1.1616	-5.87	-6.9894	0.78252	-1.1899	0.22368	-0.97656	-0.87002	4.7322	-2.0279	3.6442	-2.2316	-2.6802	-6.8932	4.1177	-0.65496	2.742	5.7819	1.0391	-1.4361
-1.259	3.3788	-6.3822	0.49524	-1.0706	-1.6388	-7.5943	-8.5582	1.0749	-1.4843	-0.68861	-1.2474	-1.0945	5.8864	-2.037	4.8452	-3.1257	-3.613	-8.2078	4.4184	-0.41607	4.7239	7.5578	2.5493	-1.6457
-2.1115	4.2112	-8.4221	1.204	-1.446	-1.7866	-8.8708	-9.9686	1.5363	-1.9939	-1.8192	-2.14	-1.6757	7.5054	-2.4244	5.5203	-3.6947	-4.5941	-9.298	4.6478	-0.038364	5.9004	9.3347	3.8898	-1.6248
0.82053	-0.67127	0.42379	-2.6172	0.0057725	-2.5995	-1.5575	-2.0534	-2.9347	2.3644	-2.7773	-0.20354	0.67415	-0.8935	-0.33735	1.8603	1.9704	-1.2373	-1.5898	-0.69497	-2.1082	1.5776	-2.7597	-2.5664	2.7626
-0.19341	0.047848	-1.7454	-2.2473	-0.68789	-3.1124	-3.2306	-3.2058	-2.6377	2.3864	-3.5043	-0.10431	0.40762	0.80613	-0.81537	2.9355	1.1512	-2.6016	-3.4745	-0.44318	-1.7461	3.3565	-1.1613	-1.2046	2.7416
-1.0953	0.77726	-3.805	-1.8153	-0.93049	-3.6382	-4.779	-4.6433	-2.2303	2.0859	-4.2276	-0.088396	0.027798	2.406	-1.1658	3.7603	-0.088029	-3.7551	-4.5817	0.21608	-1.2562	5.3622	0.59429	0.090821	3.2241
-1.5261	1.4668	-5.9892	-1.3063	-1.4347	-4.1803	-6.2134	-5.8924	-1.7219	1.4645	-5.4349	-0.10956	-0.62163	3.8719	-1.4411	4.7799	-1.401	-4.9982	-5.4985	0.84066	-0.85086	7.1034	2.4069	0.71561	3.9627
-1.9437	2.8236	-7.8818	-1.2842	-2.0509	-4.6436	-7.5998	-7.4658	-1.4137	1.3719	-6.5656	-0.50378	-1.2739	5.2138	-1.8552	5.5976	-2.3742	-6.0341	-6.8533	1.084	-0.68373	8.8641	4.3957	1.8335	4.5446
-2.7064	3.5756	-9.7965	-1.4046	-2.4285	-4.8905	-8.981	-9.1352	-1.4421	1.3168	-7.6798	-1.2094	-2.1289	6.1263	-2.5264	6.1012	-3.3996	-6.9475	-8.6223	1.8566	-0.58993	10.765	6.2156	3.3465	5.0055
2.2481	-0.75173	-0.87689	-1.3057	-2.6023	0.91433	2.7205	0.27883	1.0674	2.6697	0.4689	2.5924	2.685	-1.3331	2.7676	1.9755	0.15826	2.007	1.2348	2.3518	0.42522	1.1205	-2.959	1.6292	-2.0384
1.681	-0.19357	-2.4864	-0.91143	-2.7616	0.57268	1.3374	-1.0608	1.677	2.295	0.04846	1.9999	2.9874	-0.054737	1.9854	2.8143	-0.31682	0.8646	-0.060783	2.7806	1.1003	2.6706	-0.9939	2.6387	-1.1972
1.586	0.59214	-3.9512	-0.71433	-3.0217	-0.075272	-0.41718	-2.1148	2.3913	2.2149	-0.41192	2.0556	3.2835	0.87601	1.4637	3.8442	-0.90544	0.31314	-1.5308	3.7676	1.6994	4.1391	0.62128	3.7086	-0.48691
1.5137	1.5146	-6.0245	-0.32538	-3.6855	-0.63934	-1.8128	-3.3383	3.0023	2.1054	-1.553	2.4491	3.3749	2.4526	1.0592	4.8883	-1.9512	-0.46421	-2.7493	4.3562	2.2661	6.4042	2.6662	4.7604	-0.094605
1.1473	2.7017	-7.8703	0.23055	-4.1123	-0.97215	-3.4537	-4.703	3.3942	2.1885	-2.8819	2.4893	2.9577	4.0904	0.79953	5.8836	-2.8158	-1.3005	-3.9234	4.5438	2.7277	8.2383	4.5326	6.1939	0.49333
1.0104	3.1592	-9.9981	0.79937	-4.5001	-1.1069	-4.7436	-5.9642	3.669	1.9096	-3.9079	1.7605	2.2617	5.6266	0.69346	7.068	-3.9966	-2.26	-5.4937	5.0512	2.8737	9.541	6.6779	7.7237	0.96292
0.20206	-1.2308	1.2564	2.839	0.28122	-1.5129	-3.0076	1.6166	-3.0906	-1.4727	0.31433	-2.27	-0.33882	-2.2492	2.359	0.31473	0.53097	0.19342	2.2583	0.045086	1.4838	2.245	-2.4223	-0.41914	-1.3516
-0.65395	-0.67436	-0.83456	3.6733	-0.45081	-1.969	-4.0955	0.00236	-2.7905	-2.2184	-0.31095	-2.2014	-0.9168	-0.84212	2.4795	0.99499	-0.49575	-0.82668	1.3884	0.19274	2.1403	4.1685	-0.72001	0.6033	-1.156
-1.6106	-0.63785	-2.5892	4.229	-1.3707	-2.5649	-5.3292	-1.6108	-2.2963	-2.5388	-0.84835	-1.8054	-1.6713	0.12041	2.6435	1.9802	-1.5617	-2.2621	0.32445	0.24981	2.6872	5.3837	1.2514	1.9732	-1.1591
-2.2109	0.33131	-4.2364	4.0449	-2.1675	-3.1658	-6.9934	-2.9025	-1.9855	-3.0464	-1.6953	-1.903	-2.3317	1.5946	2.5698	2.9961	-2.4836	-3.5076	-1.326	0.65538	3.1717	7.1497	3.2882	3.5302	-1.2446
-3.0351	1.4281	-6.0662	3.7661	-3.1715	-3.8064	-8.6839	-4.2157	-1.8687	-3.427	-2.6306	-2.6286	-3.0329	3.3753	2.4051	3.7829	-3.7046	-4.3906	-2.9883	1.5591	3.5405	9.0703	4.4807	4.4461	-1.2036
-4.1417	2.3176	-7.6416	4.0732	-3.9795	-4.4318	-10.222	-5.3518	-1.9065	-3.8439	-3.6043	-3.4211	-3.9915	5.0197	2.1223	4.367	-4.7868	-4.9535	-3.9168	2.1128	3.7184	10.213	6.2623	5.7432	-0.62658
