0.450505 0.415042 0.387528 0.444201 0.468627 0.434091 0.414758 0.429612 0.3391 0.454545 0.460177 0.424 0.380829 0.400391 0.455696 0.417431 0.452865 0.473795 0.464286 0.361111 0.461712 0.418301 0.441016 0.399586 0.427056 0.274194 0.428235 0.448819 0.385827 0.475177 0.443798 0.348592 0.473214 0.461825 0.401442 0.434783 0.449351 0.366972 0.458661 0.407285 
0.382696 0.399334 0.548857 0.333333 0.490399 0.506934 0.520211 0.555887 0.315493 0.53913 0.383224 0.559932 0.5181 0.381667 0.551724 0.545631 0.350084 0.374598 0.287059 0.476959 0.531599 0.23127 0.523392 0.5401 0.527059 0.451271 0.317536 0.489796 0.57337 0.412238 0.57193 0.368889 0.551724 0.396226 0.457447 0.542725 0.322967 0.35 0.587002 0.351351 
0.458034 0.446768 0.493031 0.476562 0.5 0.490566 0.534639 0.341538 0.400901 0.49031 0.445283 0.483051 0.472826 0.438639 0.552013 0.474328 0.494872 0.291139 0.358079 0.451613 0.44373 0.422222 0.52784 0.443914 0.350877 0.414498 0.480687 0.524422 0.489224 0.438931 0.393401 0.431159 0.365591 0.417284 0.515924 0.375648 0.470588 0.466321 0.425121 0.514412 
0.484407 0.488616 0.460674 0.398585 0.483003 0.471831 0.4371 0.494876 0.455357 0.492147 0.495595 0.487603 0.492974 0.452727 0.419565 0.409449 0.439024 0.312727 0.476667 0.464706 0.465961 0.483051 0.495413 0.502165 0.505327 0.386059 0.417778 0.488525 0.428322 0.425651 0.433048 0.46461 0.473451 0.467095 0.474627 0.467181 0.476726 0.438953 0.392593 0.418349 
0.431981 0.357143 0.369444 0.348485 0.410072 0.522353 0.48737 0.356913 0.434276 0.453471 0.450628 0.418605 0.514349 0.454348 0.452899 0.477589 0.387255 0.355649 0.327434 0.388145 0.237762 0.338078 0.424379 0.485222 0.419643 0.472492 0.431373 0.429467 0.425656 0.514286 0.319905 0.333333 0.48741 0.325779 0.380247 0.366559 0.336032 0.405152 0.389916 0.470588 
0.4525 0.497154 0.4775 0.413567 0.421907 0.460432 0.447368 0.485757 0.503236 0.486614 0.479789 0.451404 0.437358 0.444906 0.439539 0.477583 0.444149 0.439698 0.494774 0.43401 0.352679 0.4791 0.495434 0.451613 0.448598 0.48583 0.469729 0.503778 0.44504 0.341463 0.365931 0.433852 0.504873 0.433272 0.458472 0.344615 0.436548 0.342776 0.444 0.376652 
0.510345 0.476303 0.49066 0.524786 0.414097 0.509537 0.432836 0.443287 0.431871 0.415282 0.418269 0.482456 0.439739 0.452504 0.367063 0.522244 0.402098 0.420139 0.449275 0.414938 0.307692 0.403377 0.485342 0.492754 0.47648 0.5 0.442478 0.499044 0.473684 0.510909 0.496318 0.40724 0.356502 0.522088 0.436009 0.476268 0.508642 0.37594 0.429448 0.42827 
0.434694 0.338129 0.452769 0.434269 0.47551 0.44086 0.452991 0.413016 0.380109 0.389706 0.452218 0.444681 0.430124 0.351119 0.384868 0.414443 0.421271 0.374046 0.326877 0.292818 0.413793 0.308411 0.330798 0.418391 0.4375 0.394209 0.403189 0.349734 0.324056 0.329466 0.396411 0.410681 0.509554 0.342491 0.355685 0.448864 0.463576 0.451987 0.442623 0.475138 
0.433993 0.345376 0.473779 0.336283 0.483051 0.485437 0.388298 0.511513 0.334328 0.395506 0.464455 0.433213 0.363934 0.465686 0.444898 0.377953 0.489418 0.413374 0.49323 0.432642 0.403084 0.261628 0.478261 0.314554 0.486739 0.54703 0.523592 0.347222 0.396057 0.440574 0.356589 0.388385 0.384252 0.432471 0.434343 0.305677 0.327381 0.521104 0.417722 0.430341 
0.441805 0.469636 0.532864 0.495601 0.425214 0.459695 0.442424 0.478821 0.488889 0.399329 0.490255 0.448352 0.466667 0.471429 0.546154 0.483918 0.438632 0.448101 0.495283 0.468487 0.395445 0.4689 0.485222 0.476496 0.449735 0.451724 0.507389 0.503268 0.5058 0.48062 0.480243 0.420168 0.448718 0.434783 0.453287 0.438312 0.453012 0.435976 0.494759 0.450435 
0.419414 0.474037 0.497845 0.387342 0.505859 0.497784 0.42616 0.433393 0.407225 0.455064 0.335013 0.324943 0.375 0.483871 0.466077 0.498623 0.270563 0.428571 0.485605 0.276498 0.427203 0.413078 0.372549 0.343206 0.445205 0.486618 0.326667 0.363158 0.522321 0.373368 0.314381 0.417633 0.468531 0.467669 0.494485 0.492114 0.421182 0.320413 0.395833 0.409314 
0.474654 0.355159 0.372922 0.386 0.367576 0.384522 0.427683 0.44081 0.33123 0.276256 0.462389 0.492179 0.446581 0.42522 0.415194 0.42723 0.355993 0.422857 0.415973 0.475543 0.346278 0.337766 0.224377 0.406646 0.447689 0.387136 0.344569 0.460733 0.40293 0.461213 0.439858 0.40381 0.378378 0.48686 0.350746 0.447876 0.466083 0.443325 0.331897 0.404255 
0.544892 0.426606 0.506143 0.493573 0.444444 0.509868 0.511986 0.449541 0.440678 0.49217 0.580214 0.522766 0.522184 0.560411 0.504 0.428082 0.459016 0.507692 0.324675 0.486486 0.554688 0.577603 0.499014 0.471429 0.548556 0.50365 0.469208 0.49345 0.45509 0.317829 0.590331 0.55814 0.365942 0.446602 0.498812 0.471939 0.602113 0.575 0.395887 0.520725 
0.468468 0.35446 0.38326 0.345631 0.414449 0.389706 0.405498 0.3325 0.46142 0.435935 0.39899 0.426471 0.375918 0.431193 0.428322 0.39486 0.390192 0.35022 0.420091 0.364919 0.292683 0.233463 0.326087 0.496721 0.407725 0.418182 0.466179 0.399491 0.521851 0.455738 0.389831 0.333333 0.397368 0.401473 0.391714 0.422857 0.352798 0.300601 0.386555 0.295393 
0.421538 0.483755 0.386423 0.411157 0.46549 0.430079 0.451172 0.444444 0.473978 0.417749 0.4967 0.461235 0.487245 0.408108 0.464668 0.35412 0.430131 0.458522 0.349138 0.45045 0.317949 0.350649 0.429553 0.416382 0.416667 0.468978 0.471092 0.462295 0.467692 0.443983 0.454849 0.376176 0.464516 0.450867 0.422343 0.471831 0.424312 0.440273 0.430348 0.391459 
0.286334 0.391198 0.407834 0.414454 0.457045 0.437037 0.458333 0.275758 0.35049 0.340678 0.399345 0.377025 0.414986 0.301053 0.486388 0.283133 0.4625 0.399232 0.477516 0.338346 0.440299 0.316614 0.287736 0.379098 0.410562 0.408537 0.430029 0.428319 0.483254 0.3125 0.421995 0.320151 0.460497 0.287703 0.270349 0.477528 0.40099 0.356796 0.399371 0.359133 
0.444604 0.523305 0.447872 0.406 0.447811 0.356742 0.53253 0.414773 0.369023 0.392647 0.404523 0.361393 0.489429 0.395699 0.368088 0.347899 0.416667 0.445545 0.439909 0.315789 0.312727 0.449511 0.361823 0.43714 0.492958 0.422789 0.395248 0.4214 0.441704 0.410575 0.44668 0.297101 0.470291 0.373576 0.434572 0.312183 0.388535 0.461707 0.538231 0.527473 
0.496386 0.526656 0.417722 0.475783 0.507216 0.446009 0.538569 0.555375 0.466071 0.421546 0.464351 0.537371 0.479079 0.510695 0.496881 0.447796 0.337255 0.464455 0.472036 0.521739 0.548828 0.412178 0.428571 0.426357 0.507874 0.499208 0.429799 0.405109 0.457077 0.511628 0.503529 0.358491 0.427896 0.479927 0.452703 0.467742 0.417021 0.374648 0.534247 0.538153 
0.382576 0.438462 0.37037 0.458988 0.4704 0.460543 0.500555 0.425662 0.51074 0.414013 0.527745 0.509271 0.487069 0.543933 0.509514 0.419847 0.341584 0.42521 0.415888 0.428803 0.474245 0.480818 0.437309 0.49492 0.426009 0.450142 0.316151 0.403657 0.42887 0.517134 0.450628 0.401042 0.38535 0.503268 0.444079 0.361891 0.392034 0.520681 0.394619 0.492823 
0.527559 0.463511 0.435897 0.497848 0.507524 0.482533 0.319149 0.493355 0.504409 0.482243 0.399625 0.515909 0.546599 0.496659 0.539384 0.372671 0.508235 0.35023 0.562005 0.384956 0.504399 0.553055 0.529611 0.41791 0.548571 0.431373 0.436364 0.426829 0.529637 0.395911 0.464345 0.424508 0.4175 0.518672 0.476551 0.403922 0.468944 0.444737 0.490231 0.45768 
0.318627 0.368794 0.397297 0.477148 0.372781 0.46678 0.447479 0.480591 0.387295 0.415385 0.389785 0.396552 0.425243 0.371921 0.366255 0.517241 0.401408 0.247387 0.503378 0.440678 0.5 0.431472 0.245989 0.402273 0.464115 0.420168 0.401198 0.370192 0.445876 0.488764 0.367188 0.325103 0.366492 0.37018 0.322314 0.49142 0.452196 0.441379 0.473171 0.472934 
0.525799 0.390374 0.525066 0.521253 0.5803 0.554656 0.554545 0.502577 0.554493 0.540541 0.524064 0.544901 0.376582 0.458774 0.552017 0.485232 0.507874 0.454545 0.468144 0.498442 0.418605 0.486936 0.578269 0.509901 0.532544 0.537125 0.535032 0.356808 0.544898 0.394231 0.456044 0.48254 0.461126 0.544041 0.627291 0.572519 0.470588 0.462121 0.471429 0.51828 
0.458554 0.408313 0.431129 0.411765 0.434057 0.38758 0.468915 0.339286 0.419259 0.406805 0.471452 0.458797 0.470209 0.502982 0.448 0.464615 0.439655 0.385294 0.359551 0.334437 0.388262 0.428571 0.440633 0.389736 0.447059 0.460348 0.411864 0.420074 0.459722 0.399247 0.409371 0.37305 0.445619 0.374648 0.392453 0.467662 0.434783 0.345992 0.305556 0.382979 
0.499136 0.53871 0.408898 0.58625 0.63655 0.56719 0.431894 0.428934 0.583199 0.639935 0.538462 0.621437 0.619385 0.489899 0.538899 0.525612 0.508834 0.555328 0.594276 0.434783 0.634146 0.359736 0.599581 0.5677 0.480176 0.60925 0.550376 0.544148 0.348083 0.534712 0.419444 0.472081 0.552408 0.531457 0.65493 0.6288 0.617594 0.620141 0.60472 0.514124 
0.499099 0.445676 0.337766 0.562384 0.555746 0.59126 0.559392 0.53405 0.433155 0.530997 0.576994 0.464158 0.450935 0.466667 0.549696 0.516796 0.325444 0.3 0.45122 0.467249 0.314079 0.475891 0.518116 0.482249 0.485149 0.577818 0.482115 0.475113 0.451178 0.491031 0.543636 0.492239 0.539683 0.393393 0.513514 0.401033 0.475138 0.5033 0.478261 0.413479 
0.405458 0.277647 0.399135 0.429986 0.483101 0.417376 0.406122 0.448837 0.386792 0.473881 0.443662 0.475325 0.399522 0.534483 0.414035 0.342912 0.504655 0.493797 0.253049 0.437209 0.386892 0.424508 0.395062 0.430843 0.370536 0.451128 0.340551 0.412621 0.404867 0.470738 0.474771 0.38835 0.478261 0.518868 0.323144 0.493282 0.428298 0.476684 0.374359 0.396783 
0.378072 0.467772 0.432432 0.325301 0.503268 0.428135 0.430796 0.461274 0.449695 0.509485 0.480676 0.457926 0.366053 0.358717 0.50361 0.424448 0.381579 0.469543 0.349241 0.416667 0.344828 0.322581 0.491921 0.462173 0.457831 0.518584 0.437632 0.54321 0.313364 0.289157 0.344498 0.468391 0.48816 0.374684 0.4375 0.35124 0.420455 0.423077 0.431762 0.446927 
0.482422 0.302817 0.356633 0.320076 0.415129 0.512346 0.416667 0.442822 0.488576 0.425424 0.498634 0.44152 0.51831 0.503341 0.467532 0.383598 0.459695 0.407407 0.448739 0.544578 0.380952 0.253289 0.309315 0.415254 0.40564 0.378521 0.495974 0.428184 0.499331 0.404984 0.37377 0.426705 0.4098 0.523962 0.324627 0.42029 0.489637 0.428283 0.266129 0.426506 
0.444275 0.242884 0.288732 0.266562 0.296687 0.368047 0.444186 0.347059 0.407907 0.257218 0.377837 0.413793 0.359238 0.308511 0.474227 0.469548 0.40051 0.333797 0.354892 0.445396 0.409302 0.357414 0.263074 0.202597 0.306569 0.263754 0.290265 0.35879 0.365909 0.383784 0.353704 0.425816 0.368212 0.351825 0.257919 0.385813 0.349036 0.457325 0.416048 0.352113 
0.356784 0.518116 0.492872 0.529577 0.51 0.529667 0.438776 0.466049 0.370629 0.508571 0.421333 0.49354 0.470948 0.517413 0.501193 0.492063 0.529774 0.428571 0.413897 0.533333 0.502857 0.517799 0.4 0.507937 0.397206 0.376238 0.465046 0.556054 0.558747 0.37859 0.557734 0.406316 0.476654 0.561194 0.43662 0.460043 0.4375 0.413598 0.45679 0.342246 
0.502083 0.592462 0.616216 0.468571 0.595703 0.46875 0.513274 0.52183 0.366762 0.587755 0.50365 0.502315 0.541935 0.502447 0.608247 0.587065 0.602917 0.535604 0.576132 0.62395 0.481268 0.544304 0.431034 0.590786 0.509306 0.556675 0.603933 0.502326 0.533469 0.486811 0.388626 0.505725 0.493902 0.508318 0.579787 0.478114 0.54059 0.509302 0.505747 0.585409 
0.397849 0.45933 0.334572 0.440823 0.437326 0.442177 0.493048 0.322034 0.453725 0.47482 0.365105 0.464126 0.475588 0.473244 0.530516 0.414508 0.348052 0.424802 0.376426 0.423507 0.424196 0.542986 0.46458 0.427184 0.379671 0.518887 0.331384 0.445748 0.448947 0.346578 0.44466 0.497436 0.445328 0.551643 0.519126 0.586698 0.530435 0.502924 0.520249 0.521053 
0.35619 0.470588 0.525741 0.515663 0.494667 0.507822 0.504938 0.33815 0.446731 0.392183 0.532383 0.499208 0.433071 0.454155 0.475294 0.524911 0.470588 0.466035 0.526802 0.454148 0.449744 0.406439 0.444277 0.401929 0.540059 0.486093 0.336245 0.380727 0.454545 0.541209 0.455592 0.542763 0.389277 0.336502 0.36 0.56129 0.431102 0.428962 0.533499 0.456609 
0.355609 0.526104 0.308673 0.44381 0.367542 0.575342 0.515763 0.349835 0.422481 0.325641 0.43319 0.445507 0.43083 0.361111 0.478166 0.352688 0.512821 0.427975 0.435065 0.426991 0.362538 0.331839 0.431746 0.374502 0.522989 0.520772 0.533597 0.44484 0.42 0.392555 0.5125 0.374408 0.435203 0.521459 0.343173 0.533945 0.446875 0.529981 0.337469 0.459584 
0.381481 0.435294 0.557339 0.434066 0.53481 0.464481 0.324561 0.474359 0.49505 0.458647 0.556797 0.329897 0.389016 0.511152 0.508897 0.366038 0.371429 0.36714 0.604167 0.547475 0.439873 0.254753 0.369439 0.480216 0.540839 0.480249 0.365269 0.453125 0.398058 0.454861 0.381264 0.451439 0.517606 0.535613 0.460568 0.403292 0.363415 0.465625 0.523913 0.410112 
0.545267 0.445455 0.391144 0.433471 0.496112 0.337461 0.422773 0.419872 0.373684 0.345257 0.454545 0.425121 0.436865 0.393375 0.306265 0.341308 0.428797 0.381533 0.413442 0.434137 0.406824 0.419106 0.434959 0.334448 0.310748 0.365439 0.425693 0.441352 0.43949 0.514599 0.46114 0.411444 0.279621 0.490691 0.48816 0.484517 0.52993 0.265896 0.457223 0.537906 
0.498466 0.535047 0.418109 0.452416 0.453097 0.460699 0.292169 0.38835 0.504119 0.516556 0.377926 0.433333 0.411664 0.431177 0.510135 0.482422 0.370149 0.484663 0.451327 0.461187 0.431853 0.276398 0.445255 0.43083 0.506545 0.466087 0.427374 0.507973 0.522388 0.41527 0.398515 0.500843 0.510345 0.445076 0.518681 0.342857 0.425163 0.503794 0.476868 0.328889 
0.419753 0.443149 0.441606 0.450485 0.464203 0.554235 0.366242 0.451569 0.480734 0.542692 0.571429 0.535238 0.575049 0.557457 0.540496 0.519054 0.309917 0.334395 0.454545 0.302083 0.571006 0.507669 0.527831 0.489083 0.328671 0.449367 0.543767 0.472222 0.419453 0.492958 0.310606 0.378425 0.502618 0.449355 0.447368 0.471111 0.555336 0.319892 0.425676 0.551802 
0.535433 0.586626 0.525943 0.5547 0.642857 0.561758 0.334437 0.597843 0.569652 0.547458 0.509863 0.522989 0.618644 0.507042 0.494863 0.454064 0.531303 0.580171 0.52921 0.406015 0.504425 0.528037 0.600785 0.520885 0.521472 0.461404 0.505051 0.407713 0.534946 0.467363 0.634884 0.604457 0.475728 0.466667 0.619741 0.464286 0.64139 0.548495 0.585739 0.628834 
0.514161 0.522342 0.576471 0.451311 0.48995 0.486631 0.564103 0.456897 0.548658 0.496487 0.480499 0.532414 0.425325 0.477124 0.608479 0.424084 0.561308 0.460474 0.312312 0.432314 0.477663 0.436937 0.590038 0.553191 0.419831 0.574913 0.484967 0.515686 0.438272 0.395397 0.344388 0.387097 0.452599 0.527851 0.577938 0.358601 0.45679 0.479079 0.321782 0.35102 
