0.063455 0.056076 0.110805 0.069884 0.052501 0.043843 0.065651 0.078218 0.026208 0.089991 0.131919 0.027232 0.072997 0.092307 0.057458 0.017023 0.036411 0.064285 0.043804 0.070330 0.033576 0.051777 0.087737 0.075149 0.091147 0.042362 0.044026 0.056216 0.055216 0.030228 0.044205 0.039368 0.025228 0.052349 0.034269 0.124515 0.048212 0.076046 0.105301 0.029170
0.127976 0.050714 0.126527 0.083304 0.077239 0.072942 0.086972 0.076467 0.032967 0.078869 0.119832 0.028124 0.071238 0.109292 0.057311 0.023831 0.042152 0.059807 0.068085 0.063882 0.045589 0.037836 0.068379 0.066319 0.115282 0.048859 0.037721 0.058257 0.107779 0.028040 0.062054 0.058438 0.051266 0.054016 0.036922 0.114344 0.050715 0.079029 0.118444 0.064211
0.193134 0.130599 0.321347 0.190014 0.186337 0.146055 0.219776 0.196358 0.144080 0.214262 0.310655 0.096260 0.190911 0.201844 0.132884 0.073742 0.116120 0.158670 0.152291 0.146046 0.089102 0.175145 0.249691 0.178938 0.217408 0.156432 0.105720 0.166902 0.139636 0.145073 0.130543 0.124776 0.105442 0.111543 0.113522 0.196075 0.097651 0.195885 0.152949 0.102150
0.129124 0.069216 0.212115 0.120764 0.090049 0.067817 0.141093 0.114577 0.063450 0.166923 0.223970 0.032143 0.127103 0.167096 0.083722 0.031505 0.049267 0.081742 0.099390 0.089449 0.033756 0.104750 0.141801 0.113571 0.164150 0.068908 0.048005 0.091230 0.071395 0.071297 0.082712 0.063033 0.054988 0.062120 0.041595 0.153352 0.070602 0.146897 0.115539 0.049232
0.161342 0.129476 0.294553 0.160090 0.150884 0.132313 0.195687 0.173490 0.104629 0.182996 0.307256 0.098409 0.180186 0.204440 0.111360 0.050899 0.109559 0.150538 0.133236 0.139750 0.072047 0.149159 0.216407 0.168114 0.200224 0.130209 0.088898 0.134341 0.120150 0.129549 0.144788 0.109148 0.101350 0.094690 0.092163 0.202792 0.091682 0.194691 0.146187 0.079658
0.119984 0.069483 0.168724 0.116359 0.101041 0.044545 0.104279 0.091102 0.050259 0.118387 0.199237 0.038487 0.092485 0.126007 0.066005 0.026174 0.055335 0.073651 0.068815 0.071842 0.016630 0.085666 0.126227 0.114390 0.134686 0.069675 0.041635 0.061888 0.081113 0.038719 0.071098 0.066398 0.052856 0.047433 0.038596 0.128297 0.045161 0.120781 0.109301 0.047492
0.156476 0.104516 0.258911 0.152074 0.146400 0.102824 0.146644 0.182853 0.118268 0.186405 0.233067 0.062044 0.149178 0.185793 0.121850 0.068509 0.077427 0.126818 0.122176 0.107017 0.087352 0.152204 0.203176 0.120919 0.157928 0.096475 0.072114 0.129805 0.066913 0.102090 0.115528 0.100241 0.077098 0.092131 0.093017 0.189480 0.092804 0.150408 0.119460 0.076190
0.094505 0.018549 0.122254 0.082378 0.087036 0.038946 0.100122 0.104192 0.087495 0.080638 0.114795 0.043222 0.060600 0.054540 0.069867 0.042829 0.017722 0.053759 0.084850 0.052434 0.023889 0.065128 0.108526 0.046538 0.090641 0.065768 0.043108 0.063759 0.067194 0.033528 0.042401 0.057737 0.046835 0.070079 0.041452 0.044359 0.020493 0.028112 0.068125 0.047569
0.133762 0.100603 0.234799 0.167186 0.162218 0.115747 0.174009 0.151071 0.130299 0.139847 0.246256 0.118665 0.134713 0.137061 0.122542 0.062325 0.101663 0.123540 0.137221 0.117355 0.067178 0.119463 0.179421 0.150137 0.167335 0.144731 0.090262 0.106240 0.132318 0.112135 0.124414 0.129458 0.112807 0.088217 0.081685 0.132625 0.068862 0.117314 0.133964 0.108193
0.175771 0.065442 0.158413 0.118755 0.104284 0.058155 0.106796 0.109027 0.055326 0.104660 0.146388 0.049420 0.075577 0.136538 0.073438 0.043547 0.066540 0.090355 0.097937 0.111881 0.034526 0.087985 0.108837 0.090005 0.119121 0.073240 0.042179 0.083122 0.129110 0.040715 0.088909 0.061899 0.061796 0.066346 0.052380 0.141089 0.050896 0.129694 0.119047 0.065098
0.185352 0.150404 0.336348 0.200919 0.212865 0.174826 0.232789 0.198208 0.152510 0.216839 0.335579 0.114966 0.209867 0.217170 0.150481 0.073706 0.137376 0.171790 0.160506 0.140251 0.105370 0.176012 0.268682 0.190571 0.221088 0.170644 0.122191 0.173643 0.140034 0.163806 0.156098 0.156809 0.123732 0.114672 0.129086 0.203365 0.106464 0.204341 0.167100 0.120193
0.143464 0.090839 0.238510 0.155924 0.155189 0.095356 0.149465 0.159829 0.136384 0.165880 0.233894 0.068152 0.128869 0.133376 0.140065 0.064924 0.067420 0.128080 0.127254 0.111880 0.076412 0.112438 0.172057 0.131016 0.172332 0.115082 0.085202 0.115469 0.091395 0.096049 0.107575 0.107502 0.083147 0.083377 0.082906 0.159311 0.085290 0.095068 0.124036 0.093093
0.176049 0.134251 0.324103 0.193710 0.180800 0.145273 0.213905 0.188630 0.141657 0.210168 0.306721 0.089761 0.187180 0.193932 0.131243 0.074819 0.113286 0.158231 0.141697 0.143065 0.089777 0.160217 0.235953 0.181125 0.227025 0.147038 0.103012 0.165648 0.139514 0.143264 0.133870 0.135768 0.107939 0.099046 0.106294 0.206731 0.103016 0.182660 0.160284 0.105542
0.131348 0.088051 0.219987 0.145895 0.116015 0.089484 0.150862 0.126234 0.062870 0.162842 0.223418 0.042687 0.122189 0.176427 0.093281 0.028006 0.082555 0.098059 0.086649 0.080110 0.046838 0.098532 0.131449 0.152229 0.176595 0.094119 0.069563 0.091059 0.086406 0.065962 0.096272 0.095868 0.065148 0.065513 0.074618 0.158261 0.068110 0.127744 0.137257 0.076121
0.146849 0.055762 0.138841 0.111660 0.115735 0.062274 0.114976 0.138361 0.082481 0.090922 0.133149 0.056156 0.065648 0.089880 0.110002 0.062780 0.038651 0.096032 0.115305 0.085601 0.051235 0.072790 0.109315 0.066120 0.112931 0.076543 0.049586 0.076277 0.100666 0.040146 0.098498 0.099548 0.075061 0.078411 0.058873 0.108624 0.042598 0.045060 0.119270 0.091088
0.136824 0.052785 0.113751 0.088265 0.075887 0.044422 0.095874 0.112340 0.055812 0.084774 0.110098 0.026099 0.057772 0.097200 0.084342 0.047251 0.030734 0.070561 0.095086 0.093721 0.049683 0.055779 0.070821 0.056887 0.120238 0.059674 0.040757 0.074084 0.115419 0.025852 0.067789 0.057653 0.047044 0.060404 0.041656 0.128819 0.048355 0.057701 0.137548 0.072412
0.135503 0.089723 0.231295 0.154684 0.105675 0.084420 0.135376 0.131088 0.093044 0.188067 0.202890 0.032412 0.129512 0.156803 0.079128 0.050124 0.065746 0.110283 0.085357 0.084475 0.048204 0.112049 0.156674 0.156636 0.181707 0.082028 0.058009 0.102244 0.072709 0.073118 0.069906 0.077316 0.050698 0.060115 0.069659 0.173430 0.076834 0.141583 0.118284 0.061448
0.105317 0.029329 0.065078 0.042470 0.064556 0.022948 0.059117 0.083081 0.035946 0.035217 0.074592 0.023823 0.045806 0.068485 0.078992 0.032458 0.008710 0.058715 0.081583 0.052290 0.032093 0.049318 0.063001 0.038302 0.070540 0.043968 0.027716 0.044934 0.062550 0.019075 0.049472 0.049507 0.025557 0.073271 0.042563 0.097946 0.032087 0.037134 0.088865 0.074677
0.133132 0.033785 0.123953 0.110185 0.080021 0.034853 0.094774 0.123860 0.069357 0.098801 0.112935 0.028043 0.043417 0.070574 0.084074 0.055447 0.026350 0.061788 0.070558 0.098904 0.029080 0.071503 0.089368 0.065000 0.104574 0.049711 0.033255 0.060364 0.085726 0.025345 0.047540 0.048160 0.055888 0.058172 0.031262 0.088009 0.028551 0.040186 0.087730 0.051723
0.117112 0.033991 0.074052 0.065334 0.049974 0.021892 0.068546 0.085703 0.030745 0.071951 0.080703 0.020114 0.035745 0.074246 0.048987 0.037271 0.010974 0.062440 0.084164 0.065768 0.018806 0.057840 0.054143 0.061999 0.082230 0.036895 0.012306 0.038840 0.064161 0.012955 0.050415 0.030357 0.035665 0.044868 0.025683 0.099540 0.032338 0.052799 0.091328 0.059457
0.101486 0.034462 0.111003 0.066290 0.068260 0.043156 0.072737 0.107375 0.059033 0.069826 0.096273 0.041510 0.062958 0.060448 0.065525 0.049586 0.024520 0.066092 0.069778 0.068164 0.047468 0.060827 0.095053 0.048672 0.083009 0.057741 0.029520 0.060421 0.072706 0.038793 0.043549 0.056154 0.037379 0.073424 0.047018 0.093204 0.037843 0.040162 0.090727 0.052001
0.153384 0.125628 0.245280 0.135368 0.133264 0.145401 0.214170 0.173406 0.082110 0.156530 0.248181 0.086712 0.148839 0.185200 0.104261 0.024286 0.099846 0.123791 0.121571 0.133122 0.079920 0.144996 0.169190 0.149112 0.166066 0.125664 0.091183 0.141331 0.118981 0.119691 0.113218 0.090842 0.096196 0.108493 0.098848 0.159219 0.064347 0.167988 0.132028 0.087952
0.184677 0.130696 0.318185 0.172820 0.188103 0.156278 0.225746 0.193576 0.131775 0.190051 0.302089 0.105522 0.184433 0.197474 0.136800 0.066617 0.125632 0.153204 0.142271 0.141917 0.094108 0.164999 0.237217 0.162261 0.203257 0.156067 0.103569 0.167712 0.141439 0.155746 0.150702 0.142733 0.126792 0.114150 0.111879 0.178862 0.087305 0.177733 0.145172 0.104165
0.151357 0.101953 0.233818 0.173024 0.146813 0.104318 0.160211 0.123841 0.087550 0.174299 0.267052 0.071905 0.139455 0.185774 0.105413 0.038166 0.108449 0.111720 0.117576 0.099706 0.057217 0.117173 0.176621 0.145988 0.176052 0.101027 0.074753 0.109718 0.094557 0.093767 0.099802 0.096393 0.070776 0.048745 0.063912 0.176757 0.089450 0.182931 0.160950 0.105936
0.148217 0.131649 0.272074 0.170150 0.153268 0.148551 0.182384 0.136923 0.097786 0.179978 0.263233 0.090877 0.186378 0.202510 0.097181 0.050123 0.113368 0.137251 0.118966 0.103307 0.084892 0.127890 0.202650 0.170662 0.203347 0.125767 0.093283 0.139196 0.118843 0.126988 0.115304 0.126480 0.086343 0.085331 0.094499 0.204563 0.109235 0.201890 0.172947 0.106987
0.156735 0.109552 0.276606 0.163715 0.154513 0.118537 0.187340 0.174506 0.140318 0.173949 0.265087 0.102403 0.160180 0.167684 0.117947 0.067933 0.100124 0.136041 0.140849 0.143522 0.066516 0.147356 0.203319 0.147420 0.189336 0.138061 0.081659 0.135136 0.124678 0.120182 0.122496 0.109278 0.103897 0.095059 0.085173 0.158722 0.079941 0.156785 0.126194 0.081361
0.098053 0.047307 0.166337 0.116026 0.107728 0.063514 0.100294 0.120657 0.079260 0.103104 0.144516 0.055133 0.080261 0.098326 0.092038 0.054302 0.053917 0.086093 0.084874 0.084795 0.042902 0.070219 0.110079 0.066192 0.104710 0.077718 0.052688 0.075151 0.090317 0.042907 0.088278 0.086658 0.057154 0.053564 0.063051 0.115191 0.053619 0.055984 0.107201 0.067335
0.185465 0.076730 0.176526 0.119357 0.127614 0.079576 0.129794 0.162950 0.088452 0.141551 0.188377 0.053054 0.106146 0.143079 0.123215 0.063413 0.061008 0.120102 0.120124 0.106621 0.084625 0.112620 0.181227 0.085341 0.132864 0.082152 0.074412 0.106297 0.079697 0.067979 0.092551 0.084645 0.063006 0.087855 0.081757 0.163273 0.072599 0.111428 0.147002 0.089258
0.082807 0.056034 0.099262 0.088371 0.073068 0.047086 0.080381 0.108011 0.053859 0.077799 0.103441 0.025964 0.040489 0.055810 0.074492 0.032860 0.028356 0.068788 0.064423 0.050436 0.033253 0.035473 0.062044 0.051873 0.087874 0.049202 0.038534 0.050901 0.068324 0.020858 0.077514 0.066518 0.062335 0.032825 0.033170 0.074400 0.022236 0.019154 0.080248 0.047694
0.195166 0.143700 0.301278 0.189315 0.203739 0.162249 0.224509 0.192250 0.138738 0.198953 0.316830 0.115145 0.185258 0.206191 0.155059 0.075223 0.122010 0.163676 0.163416 0.141983 0.102558 0.164708 0.260577 0.158800 0.196303 0.149229 0.111449 0.161495 0.139798 0.158943 0.161871 0.143213 0.132575 0.109229 0.108502 0.198238 0.099547 0.192981 0.163401 0.122481
0.129593 0.092239 0.154662 0.124998 0.125850 0.082360 0.127770 0.130091 0.062195 0.111683 0.188316 0.074420 0.089401 0.131512 0.109762 0.030805 0.082851 0.077534 0.091241 0.104812 0.027026 0.113984 0.118953 0.117933 0.125022 0.083276 0.039883 0.105427 0.096652 0.087292 0.069821 0.077729 0.091034 0.061390 0.034945 0.123980 0.051360 0.144287 0.109413 0.083900
0.178663 0.107715 0.227129 0.146655 0.161454 0.117138 0.183487 0.172442 0.111842 0.139854 0.260966 0.107140 0.140201 0.163538 0.145225 0.060265 0.102059 0.139937 0.138143 0.133602 0.076734 0.138075 0.210461 0.135563 0.158779 0.129690 0.094872 0.121153 0.129122 0.113248 0.125235 0.118925 0.113082 0.115852 0.091948 0.154934 0.068163 0.139746 0.147039 0.108464
0.121217 0.045771 0.102704 0.085411 0.070228 0.040658 0.079500 0.085564 0.027955 0.061649 0.092246 0.016789 0.036191 0.086383 0.067574 0.033749 0.033636 0.061983 0.059457 0.075981 0.036464 0.032941 0.043686 0.044360 0.092851 0.038238 0.023951 0.049018 0.094384 0.018599 0.084529 0.057514 0.056944 0.035755 0.029459 0.113266 0.040246 0.046478 0.093847 0.066214
0.101545 0.066543 0.119994 0.072860 0.066270 0.069246 0.101168 0.133285 0.057475 0.064046 0.117425 0.049421 0.056429 0.074035 0.066485 0.036615 0.041248 0.088142 0.077553 0.080230 0.054094 0.049078 0.073126 0.033602 0.092152 0.049118 0.038307 0.094632 0.083953 0.052166 0.066616 0.054194 0.053036 0.056911 0.039260 0.114564 0.041828 0.053944 0.107810 0.069062
0.108290 0.111026 0.193561 0.110106 0.115746 0.126020 0.153692 0.132559 0.080065 0.108986 0.242526 0.091072 0.133039 0.141515 0.095797 0.032648 0.091197 0.112083 0.098223 0.102352 0.072538 0.094791 0.161682 0.116319 0.126736 0.111609 0.099860 0.091246 0.102171 0.099428 0.100200 0.070000 0.083730 0.090096 0.090742 0.120557 0.058075 0.124988 0.104227 0.069191
0.179628 0.094786 0.189174 0.118101 0.120095 0.111675 0.183934 0.139186 0.062672 0.117616 0.218259 0.077841 0.117101 0.175444 0.103137 0.021904 0.067836 0.104390 0.112617 0.109448 0.064292 0.101105 0.148909 0.104730 0.149569 0.087391 0.073108 0.101253 0.109700 0.080173 0.098229 0.071540 0.100936 0.108705 0.065505 0.145330 0.054320 0.135818 0.139776 0.098218
0.109733 0.106973 0.201843 0.122334 0.110379 0.129119 0.152163 0.130395 0.076062 0.114721 0.186188 0.083968 0.142047 0.151946 0.078253 0.029287 0.085284 0.102942 0.093823 0.094363 0.071030 0.089199 0.127038 0.133394 0.172779 0.110735 0.081302 0.111000 0.115493 0.087547 0.083688 0.100114 0.066101 0.084979 0.082335 0.149220 0.081134 0.123922 0.153958 0.084424
0.121974 0.080800 0.187318 0.144286 0.110111 0.089441 0.121959 0.122739 0.094378 0.160068 0.159769 0.039645 0.101446 0.128281 0.081632 0.048694 0.069823 0.103016 0.098783 0.082598 0.063446 0.087952 0.115707 0.139569 0.162391 0.094655 0.070166 0.102602 0.093677 0.063670 0.068424 0.079881 0.049543 0.062237 0.072512 0.150144 0.077661 0.106576 0.129912 0.088370
0.124187 0.024361 0.076889 0.057200 0.035117 0.008326 0.049443 0.095227 0.035517 0.056505 0.061361 0.006030 0.017755 0.066375 0.043571 0.044740 0.003537 0.058665 0.057868 0.092175 0.024263 0.048104 0.034142 0.043155 0.086641 0.021410 0.008164 0.054573 0.076982 0.008486 0.038375 0.018219 0.020339 0.041479 0.018354 0.117928 0.037322 0.037261 0.078550 0.038445
0.142138 0.073595 0.129145 0.103845 0.081703 0.059646 0.106224 0.120637 0.056756 0.099347 0.139626 0.036518 0.080231 0.127996 0.106238 0.045305 0.050602 0.109663 0.099359 0.114698 0.054799 0.072727 0.097275 0.082443 0.124738 0.059640 0.055007 0.081276 0.096244 0.036161 0.095823 0.081192 0.049058 0.067011 0.056270 0.171947 0.062883 0.076671 0.157969 0.089437
