0.003803 0.004617 0.010787 0.002117 0.000415 0.003264 0.000364 0.006230 0.001632 0.005218 0.008177 0.000307 0.003259 0.005651 0.000618 0.001390 0.000330 0.006245 0.000326 0.006247 0.002477 0.001734 0.004113 0.003313 0.007085 0.000419 0.000306 0.005298 0.005795 0.000288 0.001364 0.000444 0.000191 0.002740 0.001490 0.015216 0.003804 0.003540 0.008912 0.000107
0.020341 0.005901 0.019672 0.011340 0.007866 0.009421 0.010308 0.011891 0.005410 0.014261 0.017897 0.001968 0.009045 0.015618 0.005776 0.003219 0.002966 0.009767 0.006692 0.010540 0.003812 0.007719 0.010248 0.012241 0.018648 0.004468 0.001997 0.009282 0.015698 0.002844 0.003204 0.003752 0.006074 0.007407 0.003150 0.018574 0.006533 0.011770 0.015840 0.006037
0.025725 0.005872 0.035391 0.017926 0.019224 0.007604 0.022928 0.019628 0.014782 0.020856 0.034434 0.003025 0.017519 0.020000 0.010676 0.004336 0.002854 0.011784 0.011686 0.011459 0.002526 0.016589 0.022288 0.014303 0.029473 0.012699 0.006347 0.015355 0.014015 0.007291 0.008625 0.008294 0.007362 0.011072 0.008349 0.016902 0.006106 0.012597 0.013589 0.006645
0.020694 0.002457 0.021404 0.012066 0.009405 0.003770 0.014843 0.010342 0.008186 0.016892 0.023788 0.000400 0.009056 0.019174 0.007070 0.003433 0.002556 0.006184 0.009405 0.009942 0.001150 0.011170 0.011740 0.010467 0.021072 0.005624 0.003598 0.009398 0.011569 0.002995 0.004194 0.002531 0.004816 0.005729 0.002487 0.013753 0.006208 0.012680 0.010601 0.006286
0.014117 0.004725 0.025492 0.010669 0.009721 0.005268 0.012063 0.012051 0.006843 0.011921 0.023934 0.002073 0.011064 0.014554 0.005382 0.001916 0.002091 0.009804 0.005788 0.005330 0.000801 0.009287 0.014262 0.009890 0.016360 0.006633 0.003102 0.006949 0.005325 0.003521 0.008315 0.005889 0.004756 0.005284 0.006217 0.013386 0.004104 0.009176 0.007841 0.004091
0.016280 0.010327 0.026635 0.014071 0.012405 0.006153 0.014650 0.013470 0.008633 0.014800 0.029025 0.002959 0.012731 0.016584 0.006707 0.002452 0.003471 0.009921 0.007263 0.006938 0.001474 0.009232 0.016164 0.012527 0.020911 0.007857 0.004152 0.007574 0.009690 0.003013 0.007881 0.007380 0.006267 0.006468 0.005541 0.015890 0.004786 0.012450 0.012350 0.004550
0.013341 0.003392 0.021814 0.010037 0.010171 0.004577 0.009193 0.015016 0.007286 0.011971 0.018547 0.002050 0.009083 0.013289 0.006408 0.002518 0.001436 0.007328 0.006106 0.005989 0.000860 0.011434 0.013592 0.010371 0.016070 0.006246 0.002814 0.007954 0.006309 0.002969 0.005714 0.004636 0.004012 0.005805 0.005601 0.014570 0.003800 0.006793 0.008178 0.003378
0.022007 0.005406 0.028277 0.015526 0.016285 0.006708 0.023572 0.024551 0.020489 0.018071 0.026382 0.004544 0.011649 0.011841 0.012595 0.005416 -0.000041 0.012843 0.016198 0.011446 0.004251 0.012961 0.019752 0.011502 0.026099 0.011709 0.009847 0.018357 0.014484 0.006253 0.007530 0.009068 0.008883 0.014932 0.007644 0.010607 0.002536 0.003822 0.012930 0.006628
0.014274 0.006469 0.021913 0.013574 0.014165 0.006089 0.015194 0.016377 0.013125 0.012639 0.021344 0.004957 0.010154 0.009317 0.009623 0.002918 0.001356 0.010324 0.009615 0.005404 0.001741 0.009826 0.015004 0.011461 0.017457 0.009568 0.005663 0.009237 0.006950 0.004275 0.007530 0.008503 0.008037 0.009321 0.007009 0.008276 0.001451 0.003689 0.008013 0.005862
0.022070 0.004826 0.021815 0.015019 0.008413 0.003906 0.014077 0.012817 0.006499 0.012242 0.020380 0.001397 0.007110 0.015528 0.007255 0.003922 0.002461 0.009122 0.007825 0.012010 0.000857 0.008946 0.009823 0.009253 0.016707 0.006079 0.001860 0.008580 0.015408 0.003111 0.008018 0.003953 0.004445 0.005278 0.004126 0.015164 0.005150 0.011690 0.008833 0.004998
0.014830 0.005527 0.026469 0.012607 0.015624 0.007417 0.015625 0.013143 0.010487 0.012841 0.025751 0.003362 0.014293 0.013912 0.007946 0.001705 0.002128 0.009027 0.007957 0.003594 0.001317 0.010883 0.018270 0.011635 0.019240 0.009251 0.005188 0.008505 0.005979 0.004736 0.007251 0.008694 0.006839 0.008075 0.007851 0.009288 0.003014 0.008539 0.008947 0.005461
0.014501 0.006670 0.023271 0.013689 0.013254 0.006339 0.014816 0.017410 0.012520 0.013224 0.021274 0.004868 0.010058 0.010179 0.009114 0.003431 0.001310 0.011786 0.009140 0.007046 0.002114 0.009910 0.014561 0.012116 0.017804 0.008824 0.005384 0.010271 0.007198 0.003981 0.007753 0.007783 0.007662 0.009248 0.007140 0.011780 0.002309 0.003999 0.008598 0.005675
0.023059 0.007365 0.036627 0.016690 0.016562 0.007892 0.021109 0.021048 0.014327 0.019756 0.033534 0.002851 0.016413 0.019338 0.009415 0.004406 0.001938 0.013317 0.010845 0.012424 0.003619 0.013641 0.021691 0.014221 0.029867 0.010322 0.006199 0.015144 0.014427 0.005778 0.009109 0.008176 0.007251 0.011310 0.008744 0.021239 0.006928 0.012176 0.016379 0.006285
0.010966 0.004434 0.013720 0.009679 0.005852 0.002312 0.008204 0.007975 0.002864 0.009804 0.015121 0.001371 0.005506 0.011041 0.004037 0.001775 0.002284 0.004926 0.004510 0.004152 -0.000021 0.006037 0.007169 0.009289 0.012083 0.003765 0.001107 0.002746 0.004932 0.001352 0.004938 0.003248 0.004337 0.002725 0.002539 0.009873 0.003389 0.008125 0.005960 0.004015
0.020267 0.007086 0.019664 0.013937 0.013398 0.005638 0.017354 0.021007 0.012272 0.012441 0.020132 0.004201 0.007742 0.008463 0.011795 0.005460 0.000445 0.014713 0.013590 0.009038 0.003059 0.009822 0.015005 0.010287 0.018134 0.008268 0.005507 0.011085 0.010567 0.003687 0.011065 0.009285 0.008858 0.011690 0.006970 0.011792 0.002054 0.002808 0.011041 0.008291
0.025717 0.005532 0.022223 0.015891 0.010023 0.004745 0.016935 0.019372 0.011323 0.019272 0.021263 0.001207 0.007427 0.015650 0.010111 0.007056 0.001406 0.010697 0.010756 0.018509 0.004191 0.011105 0.011521 0.011057 0.025157 0.006450 0.003784 0.014872 0.021129 0.003369 0.004780 0.002678 0.006635 0.008871 0.002966 0.021075 0.007153 0.009913 0.019030 0.006625
0.020514 0.005961 0.024512 0.017096 0.012537 0.006596 0.015148 0.014678 0.009416 0.019128 0.023281 0.001856 0.011312 0.019194 0.007510 0.004364 0.003729 0.009021 0.009026 0.011317 0.001094 0.012665 0.014372 0.017843 0.025264 0.007104 0.002929 0.008271 0.012165 0.001820 0.005516 0.005162 0.006552 0.005821 0.004779 0.018489 0.006424 0.012877 0.013887 0.006140
0.010530 0.001377 0.008528 0.004675 0.008367 0.002243 0.006024 0.007554 0.004097 0.004839 0.009677 0.001364 0.003877 0.007033 0.008136 0.002268 -0.000008 0.005718 0.006753 0.003171 0.001183 0.005872 0.006561 0.004233 0.007809 0.003088 0.001899 0.005256 0.003690 0.001633 0.005563 0.004056 0.003407 0.007583 0.003123 0.008118 0.002938 0.002615 0.005172 0.007977
0.028915 0.006156 0.026572 0.020389 0.013708 0.005406 0.021377 0.027151 0.015941 0.022032 0.025516 0.002617 0.009617 0.015378 0.013282 0.008831 0.001484 0.013658 0.015029 0.019079 0.004509 0.014324 0.016320 0.013207 0.026939 0.009865 0.006522 0.016855 0.020456 0.004957 0.007688 0.005539 0.008692 0.010636 0.005502 0.019940 0.006082 0.008451 0.016569 0.006604
0.025724 0.005134 0.015974 0.015712 0.011373 0.005545 0.015127 0.016130 0.007653 0.016634 0.017146 0.002225 0.006220 0.014487 0.010804 0.006094 0.002526 0.012042 0.012891 0.013493 0.002246 0.011477 0.010114 0.013774 0.019009 0.005993 0.001467 0.007920 0.012888 0.001679 0.007686 0.005333 0.009383 0.007148 0.003121 0.016285 0.005111 0.008252 0.015286 0.011441
0.018040 0.006968 0.023192 0.011055 0.010437 0.007133 0.013648 0.020113 0.008903 0.014016 0.019015 0.003132 0.010539 0.007507 0.006806 0.004742 0.000920 0.012449 0.005848 0.011941 0.006381 0.008271 0.013377 0.008254 0.018820 0.008025 0.003904 0.014114 0.013037 0.006740 0.005495 0.005358 0.005741 0.011925 0.005729 0.017447 0.004583 0.004555 0.013581 0.003344
0.016092 0.003738 0.020466 0.011736 0.008702 0.003875 0.015601 0.010889 0.007004 0.010182 0.016691 0.001888 0.006785 0.009483 0.005029 0.002361 0.001159 0.007730 0.007013 0.008306 0.001502 0.006387 0.009246 0.008344 0.015961 0.005661 0.001986 0.007828 0.009723 0.003512 0.006866 0.004654 0.006042 0.005838 0.004783 0.009500 0.002727 0.006217 0.007638 0.005115
0.021575 0.004303 0.030516 0.013242 0.016859 0.006588 0.020526 0.016845 0.011896 0.014987 0.028881 0.003047 0.014685 0.014352 0.009614 0.002876 0.001183 0.010430 0.009399 0.007655 0.002850 0.012886 0.019047 0.009271 0.022200 0.011120 0.005795 0.014366 0.010248 0.008256 0.007943 0.007474 0.007881 0.011560 0.007658 0.011692 0.003833 0.008084 0.009663 0.006401
0.012652 0.004551 0.017212 0.010543 0.008905 0.004427 0.009084 0.007239 0.005222 0.011586 0.019842 0.001221 0.009739 0.015088 0.004314 0.001664 0.004206 0.005215 0.004822 0.004960 -0.000026 0.008753 0.010413 0.010746 0.014556 0.005332 0.001476 0.003580 0.006591 0.001575 0.004050 0.004010 0.003266 0.001459 0.003718 0.010737 0.004399 0.011881 0.006821 0.003245
0.010202 0.005005 0.023094 0.007243 0.007955 0.006600 0.007392 0.007043 0.003626 0.010372 0.019124 0.001853 0.014344 0.016806 0.003163 0.000935 0.002614 0.006090 0.002826 0.004022 0.002038 0.006473 0.011650 0.009565 0.016021 0.004760 0.001477 0.005640 0.005715 0.003155 0.003945 0.004960 0.002940 0.005034 0.004361 0.016713 0.008795 0.013573 0.010904 0.003769
0.023761 0.006303 0.033607 0.018508 0.018382 0.007079 0.022652 0.020518 0.017572 0.020561 0.032868 0.003573 0.015557 0.018580 0.011740 0.005070 0.002797 0.012338 0.013043 0.013060 0.002936 0.014969 0.020745 0.014260 0.028539 0.012271 0.007039 0.014999 0.014774 0.005795 0.008473 0.008358 0.007610 0.010852 0.008418 0.016384 0.005909 0.011175 0.013474 0.007042
0.012396 0.003746 0.021121 0.009974 0.007471 0.003263 0.008929 0.018967 0.008649 0.009671 0.015836 0.001879 0.006372 0.007989 0.005930 0.004444 0.000826 0.011031 0.005781 0.011066 0.002537 0.007870 0.009773 0.006495 0.013321 0.005278 0.001958 0.009820 0.009422 0.003368 0.008006 0.004318 0.001717 0.005768 0.007712 0.016923 0.004045 0.004351 0.005693 0.001816
0.014669 0.003790 0.014792 0.008271 0.007418 0.002816 0.008853 0.015444 0.005960 0.010338 0.016249 0.001075 0.006522 0.008759 0.005906 0.003998 0.000750 0.008611 0.007166 0.006464 0.001890 0.008914 0.012794 0.006974 0.014095 0.004766 0.003690 0.006384 0.006135 0.002112 0.006746 0.004793 0.003343 0.004771 0.003824 0.012204 0.003237 0.004689 0.009492 0.002590
0.018566 0.008929 0.018203 0.016213 0.012115 0.005930 0.015730 0.023869 0.011794 0.015773 0.019651 0.003996 0.007403 0.006862 0.011789 0.006825 0.000703 0.013837 0.011670 0.009873 0.003149 0.009326 0.014641 0.012517 0.018207 0.008099 0.005550 0.008906 0.010615 0.003327 0.009286 0.008199 0.010745 0.009546 0.006050 0.011879 0.001700 0.002730 0.011750 0.006138
0.017355 0.005306 0.025464 0.012896 0.014982 0.006983 0.015805 0.015196 0.009937 0.012593 0.024482 0.003529 0.012055 0.013044 0.009440 0.002295 0.001239 0.009756 0.009004 0.004436 0.001417 0.010989 0.017183 0.011010 0.018130 0.008899 0.005114 0.009377 0.007090 0.005107 0.008011 0.008270 0.008102 0.009323 0.007144 0.009628 0.002557 0.006947 0.008956 0.006647
0.013271 0.004289 0.014673 0.010549 0.010386 0.004868 0.010564 0.010100 0.005777 0.010734 0.014999 0.002705 0.006834 0.009635 0.008149 0.001872 0.001904 0.005716 0.005874 0.003965 0.000876 0.007648 0.009064 0.010669 0.012856 0.005634 0.002689 0.005343 0.005357 0.002768 0.003714 0.004517 0.008571 0.005412 0.003121 0.007394 0.002126 0.005263 0.008213 0.006024
0.017640 0.005266 0.020310 0.011710 0.014348 0.006120 0.014689 0.015497 0.010444 0.010583 0.021683 0.003610 0.009491 0.010475 0.011261 0.003316 0.000916 0.010998 0.010135 0.005459 0.002286 0.009701 0.015187 0.009308 0.015918 0.008055 0.005774 0.009716 0.007698 0.004318 0.008472 0.008511 0.008152 0.010552 0.006403 0.009391 0.002296 0.004586 0.008839 0.007585
0.018226 0.003840 0.013656 0.010161 0.005813 0.000749 0.010005 0.014205 0.003051 0.007685 0.013040 0.000508 0.003088 0.009237 0.006642 0.005166 0.001062 0.008903 0.006326 0.011883 0.002366 0.006124 0.006281 0.005450 0.012092 0.003102 -0.000055 0.006328 0.011868 0.002124 0.009209 0.002852 0.003967 0.005070 0.003031 0.017371 0.005200 0.006592 0.008464 0.005810
0.023238 0.006775 0.024284 0.011822 0.010835 0.006103 0.016344 0.024187 0.012107 0.014343 0.022192 0.002287 0.008921 0.010281 0.009954 0.006939 -0.000040 0.016182 0.009587 0.016258 0.007879 0.008755 0.014264 0.007311 0.021245 0.006654 0.005437 0.016547 0.016308 0.005155 0.007770 0.005276 0.007925 0.013136 0.005923 0.022979 0.006177 0.004892 0.017439 0.006143
0.007130 0.003696 0.012675 0.006353 0.008102 0.003415 0.006508 0.006442 0.005058 0.007307 0.017224 0.001705 0.007608 0.007531 0.005882 0.001049 0.001579 0.004474 0.002961 0.001267 0.000653 0.005141 0.009598 0.005484 0.008466 0.004739 0.004615 0.003669 0.001980 0.002581 0.003270 0.003998 0.003593 0.003832 0.002990 0.005043 0.002028 0.005497 0.003716 0.002385
0.022212 0.003769 0.021276 0.011670 0.012514 0.005220 0.018563 0.010989 0.008476 0.012908 0.022093 0.002163 0.008667 0.015222 0.009569 0.002979 0.001002 0.009366 0.010702 0.007548 0.002603 0.008946 0.012008 0.009923 0.019554 0.006449 0.004174 0.010773 0.009883 0.004452 0.007216 0.005931 0.009879 0.010584 0.003818 0.011342 0.004575 0.008372 0.011467 0.010530
0.007581 0.004964 0.017580 0.006643 0.006082 0.005472 0.005173 0.008568 0.005169 0.010357 0.014510 0.001872 0.010482 0.012071 0.002037 0.001971 0.002092 0.005541 0.002322 0.006314 0.002506 0.006614 0.010995 0.009396 0.017368 0.004378 0.001737 0.006419 0.007188 0.002123 0.002550 0.004102 0.000534 0.004404 0.003456 0.016071 0.007298 0.008864 0.012678 0.001086
0.020183 0.005385 0.020770 0.016157 0.009813 0.006263 0.013643 0.015981 0.009963 0.019129 0.019016 0.003020 0.008592 0.016247 0.007820 0.005221 0.003383 0.009548 0.009870 0.013107 0.001995 0.011333 0.011402 0.017356 0.024156 0.006618 0.002941 0.008944 0.013024 0.002272 0.005052 0.004599 0.006504 0.007017 0.003513 0.017551 0.006646 0.010023 0.014444 0.006929
0.027885 0.003396 0.021467 0.014892 0.008461 0.002301 0.015294 0.021018 0.010570 0.017967 0.020107 0.000388 0.005825 0.017368 0.009928 0.008836 0.001637 0.012755 0.011595 0.021886 0.004168 0.012495 0.010293 0.010129 0.023297 0.005389 0.002919 0.015123 0.019334 0.002779 0.007479 0.001807 0.004147 0.008104 0.002906 0.026536 0.009211 0.010126 0.016726 0.007038
0.014583 0.003303 0.008958 0.008076 0.004005 0.002199 0.005139 0.010144 0.003340 0.008195 0.009941 0.000577 0.002679 0.009562 0.005075 0.004574 0.001623 0.008769 0.005978 0.009822 0.001422 0.006525 0.005126 0.007040 0.009866 0.002158 0.000177 0.004974 0.008170 0.000162 0.005322 0.001987 0.002333 0.003033 0.001569 0.015100 0.004780 0.005393 0.007983 0.005045
