0.048492 0.047345 0.059684 0.048212 0.040315 0.039130 0.042298 0.060154 0.024736 0.057893 0.041688 0.024338 0.052969 0.055686 0.043006 0.017075 0.031014 0.053637 0.028141 0.054087 0.030007 0.042984 0.054134 0.050227 0.062443 0.034489 0.034271 0.048760 0.043950 0.027473 0.038321 0.032863 0.024135 0.044377 0.030818 0.065809 0.041632 0.050760 0.061282 0.024908
0.077111 0.035958 0.064801 0.056348 0.044073 0.048650 0.052846 0.059952 0.028347 0.060041 0.052896 0.022537 0.053944 0.059076 0.033201 0.022181 0.027023 0.048204 0.043434 0.050447 0.031127 0.036988 0.053614 0.057191 0.075204 0.037426 0.023039 0.047223 0.067363 0.024753 0.026409 0.029602 0.032636 0.043978 0.031372 0.065409 0.039927 0.056949 0.055936 0.038940
0.119830 0.074630 0.119935 0.115472 0.110797 0.073912 0.118907 0.110847 0.094438 0.119899 0.115121 0.052861 0.118503 0.115177 0.092956 0.044822 0.062196 0.101666 0.097594 0.087732 0.051263 0.110180 0.115237 0.099962 0.142425 0.098211 0.072526 0.092887 0.083140 0.072427 0.085076 0.081242 0.071652 0.084508 0.073159 0.110147 0.073240 0.091343 0.100521 0.064228
0.094232 0.045233 0.083040 0.082315 0.070928 0.051016 0.090246 0.080299 0.050157 0.093788 0.075407 0.027348 0.074186 0.097970 0.062394 0.020966 0.043090 0.062521 0.070640 0.065105 0.030770 0.073660 0.079596 0.081078 0.101309 0.057586 0.041925 0.062383 0.057120 0.045137 0.058405 0.048200 0.048877 0.054803 0.039452 0.086896 0.058560 0.084449 0.078961 0.045929
0.099102 0.075004 0.107542 0.104682 0.094685 0.066842 0.099168 0.095696 0.076177 0.107461 0.094043 0.053659 0.106231 0.107286 0.082321 0.031638 0.060712 0.098946 0.082891 0.077717 0.044880 0.096254 0.107689 0.094740 0.123410 0.082494 0.062734 0.081888 0.066784 0.063419 0.089526 0.075973 0.070140 0.071689 0.068611 0.105946 0.071858 0.086394 0.089878 0.054711
0.076675 0.062169 0.094791 0.083013 0.070002 0.044032 0.080654 0.074879 0.045253 0.085087 0.088575 0.031757 0.075250 0.083709 0.055196 0.021767 0.036283 0.063284 0.048138 0.049286 0.016987 0.065206 0.084078 0.074900 0.097998 0.057861 0.036696 0.051495 0.054073 0.033127 0.056448 0.050380 0.046873 0.042982 0.038138 0.079225 0.041081 0.067552 0.067890 0.038781
0.093263 0.060981 0.092502 0.084197 0.084804 0.065638 0.088813 0.103650 0.067308 0.091302 0.087513 0.042767 0.086165 0.099783 0.076604 0.039197 0.051008 0.081239 0.078039 0.069344 0.044531 0.096440 0.083850 0.089519 0.105507 0.072984 0.052264 0.075637 0.056225 0.060148 0.075115 0.067174 0.056103 0.068111 0.063655 0.095306 0.067396 0.078761 0.086129 0.052084
0.065520 0.019688 0.066079 0.050305 0.052740 0.033760 0.068184 0.069446 0.060755 0.057964 0.066538 0.026788 0.050736 0.043789 0.044299 0.026333 0.011512 0.048166 0.058643 0.041790 0.022219 0.048989 0.058076 0.042122 0.072298 0.050976 0.038260 0.056787 0.053107 0.029893 0.038011 0.036791 0.032244 0.058034 0.036347 0.038415 0.017557 0.022690 0.045927 0.030304
0.085931 0.058641 0.083183 0.092751 0.083374 0.052732 0.084187 0.090180 0.089012 0.091909 0.079602 0.059874 0.087644 0.075243 0.077389 0.037078 0.047598 0.087139 0.083294 0.067602 0.040123 0.080341 0.090311 0.078962 0.102045 0.084787 0.057918 0.074442 0.061768 0.054858 0.067248 0.068073 0.064115 0.069859 0.062993 0.079338 0.049647 0.050737 0.064626 0.055351
0.080870 0.049927 0.078910 0.082524 0.058936 0.036973 0.076221 0.067756 0.045225 0.071221 0.074925 0.032448 0.058412 0.073728 0.057983 0.035555 0.031663 0.062514 0.061004 0.065027 0.019466 0.060504 0.062141 0.058947 0.088629 0.054018 0.032458 0.054909 0.079594 0.032306 0.056519 0.042699 0.047438 0.047044 0.036232 0.076414 0.044579 0.059265 0.066285 0.049375
0.110466 0.082450 0.108345 0.112927 0.113502 0.083367 0.114159 0.107312 0.095868 0.114779 0.103934 0.063846 0.124668 0.109726 0.095513 0.042841 0.069497 0.106263 0.098456 0.080557 0.057596 0.106805 0.117389 0.104011 0.134706 0.102323 0.079161 0.090116 0.074067 0.079826 0.087210 0.091008 0.078149 0.085758 0.082203 0.104878 0.075645 0.090874 0.093892 0.068379
0.091538 0.062348 0.089589 0.090549 0.085953 0.064848 0.094141 0.108337 0.086325 0.093488 0.083906 0.052157 0.090524 0.079961 0.079984 0.040297 0.044936 0.089093 0.083298 0.072568 0.042941 0.077839 0.087672 0.090985 0.107084 0.082129 0.059826 0.074066 0.057139 0.052603 0.067115 0.067905 0.056811 0.070555 0.066810 0.086890 0.056537 0.060148 0.069495 0.053934
0.118650 0.075225 0.116200 0.110248 0.099985 0.072530 0.111427 0.113917 0.091251 0.117244 0.108260 0.048580 0.112950 0.111922 0.084048 0.044807 0.058153 0.104282 0.092755 0.090116 0.053596 0.099770 0.110945 0.099357 0.141237 0.088990 0.067851 0.093433 0.079745 0.068193 0.079197 0.076916 0.068466 0.080557 0.072899 0.113902 0.075167 0.088093 0.098854 0.059540
0.091304 0.061410 0.075112 0.095729 0.075336 0.049233 0.087692 0.087616 0.051321 0.101225 0.073944 0.037845 0.083051 0.091341 0.064001 0.025324 0.050158 0.073860 0.063651 0.064928 0.032624 0.072907 0.088845 0.089812 0.102455 0.063068 0.046907 0.053123 0.053425 0.048964 0.060459 0.057544 0.049727 0.053504 0.044314 0.095630 0.055951 0.089077 0.073574 0.053167
0.087999 0.042837 0.066010 0.063172 0.062438 0.039862 0.072424 0.091755 0.058066 0.061192 0.065138 0.038062 0.050344 0.054403 0.061396 0.043520 0.020580 0.076058 0.076974 0.063189 0.036304 0.057357 0.065137 0.057741 0.080551 0.056550 0.035232 0.061964 0.065775 0.033285 0.059601 0.053877 0.045702 0.064092 0.049610 0.065703 0.032682 0.036134 0.058999 0.052399
0.087125 0.038712 0.069179 0.059960 0.048913 0.026540 0.063839 0.082473 0.048550 0.063226 0.062534 0.021663 0.044509 0.061949 0.053615 0.041162 0.018888 0.056213 0.062915 0.072997 0.035097 0.050860 0.057949 0.049648 0.082440 0.047016 0.027191 0.058487 0.076059 0.023229 0.033719 0.031032 0.029993 0.049512 0.034371 0.079322 0.039433 0.046605 0.070218 0.045382
0.095432 0.060860 0.087454 0.097037 0.078614 0.055286 0.088677 0.091615 0.060533 0.098049 0.089609 0.029488 0.077351 0.100313 0.063130 0.034301 0.046631 0.072553 0.064662 0.070088 0.028577 0.083096 0.078899 0.098945 0.113844 0.060287 0.041867 0.057082 0.056643 0.040744 0.054868 0.055930 0.045646 0.051210 0.043354 0.094158 0.058220 0.084405 0.090002 0.047098
0.061759 0.026539 0.049829 0.034415 0.052689 0.022296 0.047011 0.059742 0.033107 0.031310 0.047655 0.021659 0.036650 0.053949 0.058939 0.027339 0.010299 0.047633 0.054959 0.039839 0.026970 0.043948 0.049818 0.035241 0.057027 0.037719 0.023466 0.040236 0.044337 0.019148 0.043503 0.043180 0.023537 0.058483 0.035439 0.059656 0.028802 0.028596 0.052190 0.057053
0.083539 0.031313 0.072636 0.070020 0.052620 0.030376 0.070304 0.084913 0.050671 0.070782 0.070249 0.017262 0.040888 0.057215 0.054963 0.038635 0.018608 0.055635 0.057421 0.071132 0.026725 0.055390 0.051906 0.053947 0.082927 0.042312 0.030350 0.055003 0.066685 0.023098 0.042344 0.031498 0.039514 0.049160 0.029409 0.065998 0.027202 0.037563 0.066342 0.034837
0.079214 0.031789 0.051996 0.052492 0.045059 0.021838 0.052484 0.065092 0.030218 0.055394 0.050658 0.018744 0.030402 0.056830 0.043497 0.032223 0.013077 0.051844 0.058114 0.054283 0.016835 0.051179 0.046456 0.052601 0.064915 0.033430 0.010033 0.036868 0.049188 0.014124 0.043314 0.030163 0.032144 0.037312 0.023063 0.063415 0.029884 0.040064 0.061258 0.049593
0.069312 0.032425 0.065911 0.039791 0.040904 0.037036 0.051429 0.072024 0.041078 0.052068 0.061567 0.026767 0.052500 0.047334 0.038364 0.032090 0.017820 0.054927 0.044261 0.052120 0.041127 0.044811 0.052997 0.042197 0.069289 0.044684 0.025487 0.054159 0.056395 0.033695 0.038436 0.036693 0.024614 0.059618 0.040275 0.059088 0.031746 0.031686 0.060819 0.032335
0.097271 0.064305 0.086919 0.097636 0.085404 0.053799 0.091305 0.082289 0.066711 0.095664 0.072126 0.043760 0.090991 0.087368 0.074056 0.022852 0.051911 0.084611 0.080544 0.082414 0.049448 0.080591 0.092252 0.075555 0.108617 0.069748 0.056533 0.068291 0.070094 0.059974 0.077798 0.067172 0.063272 0.075100 0.053427 0.092346 0.054895 0.080216 0.084728 0.059780
0.113457 0.067505 0.100340 0.100484 0.101347 0.069447 0.108162 0.102064 0.088017 0.108026 0.095826 0.055344 0.108665 0.096615 0.087745 0.038082 0.057987 0.097788 0.091701 0.080116 0.057708 0.097774 0.108714 0.083861 0.123777 0.090890 0.069089 0.092665 0.075268 0.079679 0.080675 0.077282 0.078659 0.085648 0.069640 0.096915 0.065575 0.078536 0.082769 0.061940
0.091400 0.066082 0.092539 0.097598 0.080380 0.057875 0.086471 0.080918 0.060788 0.099338 0.082385 0.040049 0.098330 0.102092 0.071874 0.029272 0.059307 0.078408 0.070165 0.067339 0.031953 0.085449 0.091326 0.093483 0.107427 0.075475 0.051396 0.063590 0.051914 0.049944 0.059064 0.058527 0.051216 0.043070 0.055028 0.093787 0.065435 0.085823 0.079412 0.052688
0.096600 0.072446 0.097563 0.093439 0.083919 0.070227 0.084354 0.082683 0.063290 0.096256 0.086906 0.050044 0.107377 0.111090 0.068278 0.033072 0.058533 0.087326 0.070627 0.070013 0.049461 0.082249 0.091764 0.089351 0.120551 0.074100 0.055348 0.073880 0.060032 0.063508 0.064006 0.070785 0.054228 0.066761 0.060539 0.104585 0.081006 0.095511 0.094882 0.058844
0.095106 0.060656 0.102345 0.099277 0.090448 0.057232 0.099483 0.094391 0.097560 0.103561 0.101609 0.051549 0.095611 0.094212 0.081279 0.039214 0.051065 0.089324 0.091547 0.080380 0.040852 0.091891 0.095687 0.083886 0.122312 0.085615 0.059661 0.084064 0.071786 0.057313 0.072726 0.068333 0.065698 0.071976 0.062836 0.091989 0.061885 0.068002 0.083959 0.051145
0.064245 0.032886 0.063818 0.056729 0.045145 0.036830 0.057759 0.080771 0.052222 0.063677 0.057829 0.032693 0.056259 0.051531 0.043058 0.035751 0.029276 0.066370 0.051555 0.060970 0.028154 0.052772 0.056868 0.051701 0.069655 0.051902 0.032970 0.058773 0.056776 0.034366 0.046421 0.035626 0.027593 0.044502 0.052572 0.066239 0.040428 0.042842 0.044306 0.029274
0.096068 0.056993 0.080673 0.069673 0.072421 0.051507 0.083690 0.100176 0.053947 0.073691 0.077635 0.034999 0.077989 0.078459 0.079289 0.043348 0.039407 0.079667 0.077989 0.071352 0.048066 0.081418 0.079294 0.069197 0.096673 0.063362 0.053664 0.066426 0.060598 0.046105 0.069141 0.062879 0.045289 0.065384 0.058478 0.088844 0.054354 0.064085 0.093745 0.055296
0.062329 0.038843 0.047960 0.056037 0.040409 0.022227 0.050493 0.069491 0.043622 0.056229 0.047827 0.021880 0.029839 0.023386 0.041946 0.030535 0.010610 0.054022 0.048213 0.042657 0.018926 0.035863 0.050172 0.045404 0.056729 0.037303 0.022706 0.038577 0.040299 0.017717 0.031280 0.029757 0.037787 0.030422 0.028595 0.045422 0.014755 0.017769 0.033538 0.023318
0.114117 0.078908 0.103691 0.103747 0.104847 0.078204 0.108385 0.105595 0.084614 0.104156 0.092073 0.060670 0.107643 0.099930 0.096174 0.042760 0.061248 0.101369 0.097754 0.078720 0.054048 0.102740 0.104634 0.095738 0.123492 0.092747 0.071177 0.091157 0.075008 0.074680 0.086919 0.081365 0.081955 0.083580 0.077796 0.096334 0.069354 0.079331 0.087607 0.067887
0.071178 0.055717 0.077814 0.079068 0.074115 0.043370 0.065461 0.070417 0.052550 0.074823 0.056072 0.037517 0.065362 0.077965 0.074285 0.024845 0.039025 0.061727 0.058422 0.056467 0.024999 0.064446 0.070794 0.071246 0.085886 0.061926 0.037420 0.056443 0.056445 0.038543 0.049389 0.053559 0.069806 0.051209 0.034833 0.071849 0.043487 0.045707 0.066162 0.048073
0.101160 0.067616 0.091909 0.090218 0.093781 0.058200 0.094168 0.096107 0.078322 0.091365 0.086747 0.054278 0.094267 0.086153 0.102200 0.037996 0.050416 0.095873 0.089005 0.074955 0.047444 0.092529 0.100788 0.076005 0.109229 0.079667 0.067232 0.083173 0.072886 0.060255 0.081871 0.078014 0.072891 0.087071 0.065279 0.089662 0.054116 0.061361 0.086710 0.067518
0.071467 0.029766 0.043997 0.051883 0.037713 0.017075 0.050824 0.062568 0.023413 0.041806 0.043430 0.013150 0.025704 0.042729 0.035574 0.030053 0.016627 0.048005 0.043109 0.056641 0.022006 0.033051 0.038657 0.037791 0.058076 0.028563 0.010314 0.036934 0.055912 0.015454 0.039135 0.024709 0.032341 0.030869 0.025278 0.067498 0.031702 0.037784 0.038947 0.036161
0.075100 0.035024 0.060508 0.044555 0.040459 0.025065 0.041533 0.068914 0.046972 0.052040 0.050132 0.019321 0.041464 0.040723 0.042025 0.032930 0.010666 0.066177 0.049184 0.061290 0.039769 0.042148 0.055133 0.031517 0.064979 0.036724 0.026238 0.062100 0.054435 0.025797 0.032851 0.027061 0.032567 0.048962 0.033967 0.066322 0.032523 0.022694 0.053941 0.026157
0.063448 0.060083 0.074336 0.077308 0.078833 0.047719 0.064685 0.060696 0.057862 0.075800 0.063306 0.040725 0.083134 0.064322 0.073654 0.022067 0.048647 0.068557 0.058001 0.051764 0.036058 0.068956 0.083756 0.061566 0.083543 0.062675 0.063300 0.056437 0.052623 0.043471 0.059579 0.055582 0.051780 0.060918 0.055004 0.070889 0.045373 0.061382 0.060433 0.040869
0.104157 0.055093 0.088497 0.087370 0.086437 0.048114 0.088627 0.074966 0.053963 0.083117 0.074825 0.037282 0.077147 0.087613 0.080679 0.021753 0.037690 0.076277 0.077460 0.071250 0.039528 0.076260 0.083890 0.068304 0.106480 0.056898 0.048188 0.069319 0.068177 0.045928 0.069034 0.058925 0.068771 0.079725 0.045159 0.086871 0.049127 0.071815 0.088877 0.068077
0.074308 0.055149 0.078496 0.077104 0.066289 0.050418 0.058987 0.071932 0.060603 0.079308 0.068263 0.043248 0.086761 0.083279 0.051954 0.026479 0.042892 0.071915 0.058321 0.067493 0.045498 0.059477 0.080261 0.068547 0.102957 0.059085 0.045900 0.061546 0.057662 0.044639 0.046049 0.057319 0.034305 0.061556 0.046778 0.091491 0.064795 0.072849 0.082330 0.042543
0.086379 0.050816 0.073152 0.086724 0.062698 0.046755 0.074343 0.085196 0.062876 0.089850 0.074741 0.034313 0.068918 0.079864 0.053360 0.039766 0.040406 0.067289 0.065864 0.068853 0.031316 0.064228 0.067294 0.085986 0.100230 0.061540 0.040364 0.051865 0.057931 0.036416 0.038914 0.046052 0.035355 0.049041 0.038911 0.082926 0.054483 0.068362 0.074089 0.052297
0.077103 0.022576 0.059812 0.047408 0.033965 0.010558 0.044805 0.071357 0.033884 0.047225 0.054418 0.007042 0.019918 0.057436 0.037521 0.038928 0.005622 0.048167 0.046162 0.069707 0.021543 0.043900 0.036600 0.038575 0.068206 0.022281 0.009079 0.047388 0.059714 0.009813 0.034265 0.017707 0.018511 0.035484 0.017486 0.073119 0.035035 0.035219 0.060961 0.032033
0.087601 0.055526 0.062260 0.067320 0.052717 0.039752 0.066492 0.089166 0.048987 0.069792 0.059544 0.030846 0.057414 0.074622 0.068494 0.040001 0.035329 0.083008 0.067993 0.085262 0.040218 0.062684 0.069942 0.065071 0.083010 0.046785 0.037882 0.064009 0.063655 0.031573 0.057599 0.050161 0.034531 0.055766 0.047346 0.093378 0.051559 0.060241 0.078461 0.058516
