0.529577 0.553191 0.502196 0.512195 0.589319 0.439216 0.52381 0.575472 0.528376 0.486567 0.47619 0.503922 0.523227 0.5623 0.476562 0.425325 0.416667 0.568465 0.475166 0.52488 0.63017 0.510695 0.445887 0.504132 0.487395 0.425466 0.574669 0.493304 0.497619 0.51227 0.547046 0.595989 0.5 0.5 0.569161 0.522417 
0.428854 0.420896 0.40292 0.42998 0.329457 0.375201 0.415 0.415452 0.469957 0.395349 0.424324 0.43985 0.425432 0.293827 0.378556 0.34471 0.422764 0.375 0.417808 0.337209 0.397028 0.34188 0.424242 0.423631 0.440678 0.44168 0.382716 0.349432 0.384615 0.437908 0.404719 0.409574 0.405 0.386228 0.399225 0.379822 
0.422222 0.523466 0.451149 0.511387 0.492625 0.356322 0.467192 0.448598 0.45625 0.392593 0.480634 0.559271 0.424015 0.408297 0.510684 0.452442 0.567568 0.501773 0.419355 0.295455 0.525114 0.383803 0.436893 0.353191 0.55102 0.387755 0.372283 0.402685 0.5 0.493724 0.491396 0.505319 0.4375 0.531532 0.371728 0.489247 
0.395833 0.5 0.45122 0.466328 0.48827 0.489726 0.472917 0.43106 0.487593 0.498881 0.539496 0.486395 0.436803 0.466165 0.471125 0.385561 0.343434 0.440653 0.436229 0.476303 0.341253 0.406852 0.438224 0.310105 0.454834 0.51458 0.427632 0.468504 0.449029 0.422122 0.423077 0.555249 0.379061 0.430631 0.475962 0.555921 
0.454874 0.486312 0.494505 0.496855 0.459596 0.552972 0.426087 0.462687 0.518261 0.54201 0.476987 0.413793 0.513966 0.440741 0.484517 0.501894 0.424561 0.518962 0.432727 0.417143 0.430318 0.493506 0.46319 0.36911 0.362812 0.410042 0.5 0.527027 0.451613 0.514599 0.463807 0.488095 0.447236 0.45 0.480278 0.394366 
0.490676 0.48625 0.439689 0.461538 0.484375 0.4961 0.482609 0.466437 0.447301 0.460251 0.435009 0.442105 0.45092 0.43508 0.417391 0.394649 0.397906 0.475655 0.412844 0.445175 0.498162 0.419483 0.45057 0.443015 0.45614 0.459854 0.41092 0.408333 0.496795 0.395445 0.403183 0.488889 0.411348 0.426606 0.44086 0.503282 
0.492754 0.510448 0.417367 0.527778 0.462437 0.529655 0.433269 0.429769 0.468193 0.426513 0.377315 0.507317 0.437143 0.473684 0.522177 0.435337 0.4375 0.538793 0.444444 0.375439 0.467532 0.417769 0.454918 0.412742 0.506024 0.412651 0.39255 0.445629 0.463563 0.470414 0.444672 0.399061 0.434679 0.430168 0.503378 0.489607 
0.484615 0.460285 0.537832 0.455253 0.453333 0.433333 0.499222 0.543086 0.513002 0.393443 0.52 0.5 0.452926 0.409326 0.301887 0.440252 0.450237 0.471698 0.356115 0.441048 0.493976 0.505176 0.472789 0.470348 0.364912 0.450226 0.421053 0.490909 0.463291 0.482897 0.439614 0.39577 0.382423 0.528 0.463158 0.459406 
0.469925 0.536842 0.456067 0.508443 0.529052 0.455919 0.482309 0.428571 0.458904 0.429924 0.463855 0.543478 0.471058 0.482014 0.351351 0.404938 0.490132 0.349835 0.422705 0.477419 0.488848 0.497126 0.507592 0.540856 0.42449 0.46247 0.426036 0.468468 0.402204 0.491228 0.546358 0.539409 0.436831 0.480159 0.474153 0.534118 
0.423818 0.464789 0.452899 0.398406 0.340659 0.49703 0.456198 0.454936 0.45283 0.380692 0.431818 0.394737 0.443396 0.458432 0.419103 0.334975 0.475285 0.39011 0.318436 0.442149 0.392771 0.459384 0.32574 0.376947 0.451791 0.313953 0.405579 0.353312 0.408714 0.381743 0.461017 0.377309 0.396226 0.413238 0.441026 0.457859 
0.374251 0.426934 0.413934 0.446602 0.401818 0.388664 0.426295 0.473768 0.39206 0.440104 0.381295 0.406349 0.404959 0.433925 0.391121 0.393617 0.447368 0.426036 0.456693 0.428916 0.432692 0.333992 0.391803 0.364462 0.344512 0.4 0.444248 0.467466 0.45805 0.413299 0.374741 0.445455 0.339506 0.418462 0.369048 0.355828 
0.404531 0.45167 0.474576 0.476698 0.484211 0.55292 0.545176 0.482866 0.440934 0.496441 0.475852 0.414953 0.518625 0.424242 0.532646 0.514981 0.381466 0.49556 0.482517 0.449561 0.410345 0.421569 0.44856 0.462758 0.346491 0.353846 0.40458 0.534799 0.440506 0.486254 0.51634 0.330189 0.380435 0.391924 0.525943 0.468468 
0.406692 0.370203 0.391015 0.382271 0.423168 0.43038 0.379728 0.36 0.365432 0.419672 0.459662 0.307292 0.419204 0.395238 0.363825 0.489247 0.464015 0.411449 0.425339 0.357311 0.365079 0.32747 0.308642 0.27439 0.300226 0.334988 0.42437 0.411111 0.301325 0.358369 0.419776 0.325203 0.310658 0.451411 0.370499 0.469027 
0.455959 0.453831 0.497059 0.492837 0.555938 0.492281 0.438563 0.473837 0.472131 0.413721 0.468553 0.386819 0.479784 0.507752 0.392786 0.47541 0.421397 0.489879 0.503432 0.44306 0.446128 0.393548 0.375 0.461326 0.427586 0.422747 0.347561 0.433684 0.4 0.396011 0.407018 0.462136 0.495833 0.371648 0.413793 0.413793 
0.464844 0.45204 0.414835 0.542751 0.446064 0.434243 0.5488 0.399709 0.488333 0.497248 0.463746 0.459854 0.420339 0.400612 0.440285 0.338673 0.371901 0.5 0.463415 0.501511 0.411674 0.392857 0.431877 0.491803 0.412017 0.425676 0.469267 0.409326 0.37644 0.522167 0.512605 0.484818 0.447983 0.460957 0.369388 0.468828 
0.480769 0.467187 0.520833 0.525926 0.387435 0.510246 0.514735 0.469055 0.447284 0.498721 0.492041 0.355346 0.454068 0.42029 0.467949 0.379501 0.425721 0.502879 0.459459 0.420677 0.461864 0.336735 0.478261 0.45283 0.411602 0.44198 0.398496 0.554124 0.370588 0.467075 0.383523 0.445312 0.449631 0.476298 0.487619 0.487619 
0.47651 0.425478 0.488263 0.396848 0.448743 0.435327 0.395349 0.453634 0.43662 0.446483 0.3951 0.438567 0.424779 0.410138 0.421759 0.487578 0.406297 0.428325 0.434548 0.441125 0.348802 0.418699 0.461216 0.304348 0.409692 0.369892 0.356655 0.469428 0.420561 0.374134 0.386861 0.442827 0.403659 0.41012 0.419355 0.462462 
0.554662 0.481434 0.467236 0.470149 0.434109 0.478873 0.552045 0.490313 0.474124 0.426518 0.4175 0.534819 0.446389 0.530782 0.56 0.48072 0.357678 0.44898 0.380435 0.517413 0.486762 0.487619 0.335821 0.464107 0.410029 0.5097 0.328221 0.522648 0.444906 0.480447 0.471154 0.418301 0.521084 0.461765 0.482659 0.465116 
0.362179 0.483871 0.471927 0.416357 0.472527 0.451748 0.435726 0.411215 0.420912 0.4334 0.455312 0.454254 0.558603 0.451546 0.430255 0.41535 0.455399 0.434511 0.392157 0.453048 0.286645 0.424528 0.413238 0.364198 0.491379 0.379213 0.433526 0.427586 0.440605 0.473815 0.413729 0.41517 0.46747 0.373134 0.374648 0.402397 
0.43662 0.462457 0.504673 0.427848 0.501182 0.431151 0.461538 0.421429 0.440945 0.416901 0.52 0.474273 0.457895 0.4371 0.461187 0.463895 0.414141 0.440181 0.487421 0.415755 0.317204 0.41989 0.28125 0.452962 0.392157 0.417957 0.456763 0.369369 0.437318 0.484375 0.501558 0.360544 0.427948 0.501066 0.467836 0.329412 
0.448276 0.547138 0.520408 0.505682 0.399142 0.529101 0.541082 0.454861 0.509524 0.546778 0.444444 0.455959 0.573574 0.526502 0.527397 0.489676 0.5 0.443277 0.518868 0.506303 0.490566 0.433447 0.520747 0.362245 0.455882 0.429134 0.404558 0.549645 0.549383 0.434066 0.5 0.454545 0.478972 0.46875 0.545249 0.457064 
0.466667 0.585124 0.579918 0.386719 0.456265 0.538961 0.588889 0.581933 0.5 0.46732 0.576642 0.592157 0.542977 0.511677 0.477707 0.442786 0.433846 0.561939 0.495495 0.523573 0.589744 0.425974 0.609121 0.569328 0.570328 0.405405 0.486486 0.554098 0.486413 0.462366 0.524324 0.621622 0.457014 0.521303 0.554779 0.543071 
0.366771 0.52534 0.476551 0.442125 0.390688 0.512938 0.513828 0.511438 0.487062 0.557419 0.538354 0.560606 0.444444 0.438163 0.521614 0.488408 0.525253 0.501923 0.474016 0.470067 0.512346 0.478673 0.493671 0.506579 0.5 0.442748 0.440741 0.472561 0.406977 0.502119 0.497196 0.35786 0.468023 0.542017 0.387302 0.308943 
0.467128 0.515658 0.535783 0.586806 0.431416 0.36891 0.481273 0.488372 0.51468 0.550562 0.496753 0.527149 0.512281 0.575676 0.628415 0.380577 0.511364 0.538462 0.498567 0.52069 0.465318 0.474684 0.447644 0.391705 0.471888 0.373786 0.49063 0.621505 0.495192 0.519626 0.472973 0.555819 0.554318 0.451852 0.463483 0.41989 
0.495264 0.396581 0.432624 0.456012 0.436012 0.387283 0.293182 0.42219 0.450685 0.436282 0.470693 0.51693 0.432432 0.443213 0.473815 0.361671 0.5 0.355769 0.419244 0.489189 0.456432 0.433239 0.440574 0.486891 0.429967 0.328767 0.421546 0.502033 0.5184 0.330709 0.207729 0.458167 0.429644 0.423228 0.432892 0.429457 
0.456954 0.525397 0.524535 0.51145 0.412766 0.496667 0.578337 0.578947 0.575806 0.520661 0.456081 0.621928 0.380488 0.585455 0.502693 0.487365 0.605505 0.603499 0.457711 0.565543 0.516995 0.581152 0.558685 0.432749 0.546667 0.555556 0.534161 0.507653 0.38874 0.532808 0.474747 0.576316 0.435424 0.42328 0.558233 0.416667 
0.441406 0.534989 0.423214 0.48 0.383871 0.417293 0.502083 0.459605 0.404706 0.437984 0.441011 0.484568 0.511883 0.430769 0.381339 0.373913 0.425197 0.506944 0.510791 0.421488 0.454343 0.452569 0.511879 0.491416 0.387097 0.456332 0.482916 0.476839 0.422374 0.428212 0.461538 0.488764 0.5 0.5 0.416667 0.553009 
0.474443 0.480801 0.472769 0.457249 0.415094 0.442283 0.45625 0.44812 0.511772 0.41189 0.385185 0.40118 0.392954 0.443299 0.432432 0.390947 0.466819 0.486742 0.430599 0.443686 0.516522 0.457391 0.491396 0.395062 0.345411 0.439394 0.456368 0.490752 0.43949 0.390244 0.459091 0.468387 0.427835 0.477431 0.456107 0.403756 
0.517241 0.465418 0.591777 0.486842 0.508403 0.483916 0.563545 0.514465 0.462766 0.491108 0.538339 0.522678 0.478788 0.517301 0.489955 0.430622 0.51875 0.503597 0.583979 0.484396 0.566265 0.573239 0.52381 0.454338 0.516229 0.511254 0.470886 0.491228 0.552588 0.498366 0.526316 0.508172 0.432314 0.428212 0.476548 0.450276 
0.41573 0.44 0.466912 0.446097 0.381667 0.483771 0.432532 0.469697 0.419173 0.361224 0.389408 0.4038 0.430303 0.382298 0.351206 0.511905 0.48062 0.486339 0.447059 0.472222 0.430131 0.367713 0.425 0.423423 0.35906 0.497807 0.448905 0.437681 0.416422 0.413793 0.434043 0.435115 0.428161 0.47 0.403846 0.456853 
0.365145 0.495606 0.416303 0.407407 0.338095 0.489189 0.506692 0.437632 0.431102 0.471572 0.413146 0.378132 0.392086 0.311429 0.440367 0.470588 0.429577 0.421053 0.478927 0.44098 0.504892 0.537234 0.404218 0.42663 0.422156 0.429348 0.452736 0.406114 0.384342 0.389961 0.417957 0.438272 0.456471 0.408163 0.476048 0.314607 
0.427245 0.46966 0.501506 0.491028 0.376726 0.467143 0.449032 0.480159 0.455577 0.436578 0.475298 0.444444 0.449804 0.467257 0.484461 0.47026 0.528244 0.42381 0.499076 0.547872 0.481061 0.555556 0.465565 0.518931 0.387681 0.513333 0.516722 0.479478 0.435356 0.447496 0.528951 0.42891 0.447412 0.431767 0.511712 0.464646 
0.477394 0.477273 0.485388 0.434426 0.499162 0.471698 0.467275 0.468293 0.476454 0.477778 0.482097 0.417012 0.391892 0.378531 0.559659 0.443886 0.467091 0.415789 0.487738 0.4864 0.408537 0.467456 0.401685 0.523546 0.470046 0.507353 0.474895 0.498615 0.476027 0.489796 0.502092 0.495556 0.49904 0.416 0.469043 0.460366 
0.42732 0.426282 0.435961 0.405629 0.423954 0.412903 0.390909 0.423077 0.425982 0.451264 0.415459 0.438735 0.4 0.424765 0.287293 0.369318 0.366102 0.421918 0.373171 0.359684 0.430769 0.387534 0.432624 0.423377 0.423841 0.455446 0.442105 0.416422 0.365325 0.399306 0.379377 0.360697 0.463557 0.372093 0.378924 0.473262 
0.508224 0.553846 0.473896 0.549161 0.540865 0.523077 0.476071 0.537634 0.437778 0.503546 0.53 0.468852 0.545198 0.452196 0.409639 0.421769 0.498728 0.367003 0.395062 0.427252 0.567669 0.467742 0.442553 0.536278 0.466102 0.452736 0.457045 0.474849 0.532688 0.435955 0.570175 0.377483 0.530387 0.429022 0.477273 0.426282 
0.412409 0.377049 0.404984 0.469097 0.434836 0.44293 0.474736 0.454955 0.417191 0.422414 0.469428 0.340996 0.43876 0.375618 0.45354 0.411765 0.383224 0.321739 0.467128 0.465232 0.393393 0.431408 0.398618 0.371795 0.460733 0.446903 0.472756 0.42449 0.417702 0.452055 0.406746 0.434879 0.428076 0.424299 0.458529 0.424107 
