-2.669329 -0.868102 2.773185 0.344078 0.000000 1.032817 2.515732 -1.130363 0.144579 3.645152 1.948123 1.318028 0.000000 0.000000 -1.000378 0.000000 0.000000 1.940806 0.000000 0.000000 1.149576 0.000000 0.000000 0.000000 0.162094 0.000000 0.000000 0.000000 0.000000 0.000000 1.724483 0.000000 0.000000 0.000000 1.017873 0.000000 3.263686 0.000000 0.000000 0.044334
1.585538 0.226571 0.123054 0.000000 0.000000 0.000000 -1.708337 1.176547 0.434012 -0.821622 -0.830269 0.598016 0.000000 0.000000 -0.564642 0.933592 0.089433 -1.645111 0.000000 0.000000 0.224005 -0.112882 0.230558 0.000000 -0.072589 0.000000 0.000000 -0.434162 0.950947 1.464058 -1.273318 -0.829120 0.000000 0.000000 1.558686 0.000000 -0.350985 0.000000 0.000000 -0.110915
3.243132 -0.749828 1.025227 2.290562 1.765757 0.520747 2.242971 -0.105055 2.262974 1.827128 1.859583 3.457260 0.000000 0.000000 1.917698 0.671031 0.862514 1.266735 0.747008 1.200331 0.538875 0.697172 0.276283 1.724398 0.141500 1.314711 0.000000 -0.086648 1.516862 -1.561393 -0.750407 0.791597 0.974296 2.117156 2.119131 1.260183 2.992129 0.000000 2.460298 2.669553
3.765772 1.155213 5.618868 2.340880 1.198753 0.000000 4.111072 1.196877 0.000000 3.181534 3.013281 -0.118916 0.000000 1.978593 1.598835 0.510304 0.630488 1.253166 -0.927986 0.000000 -0.102124 3.094879 0.000000 0.000000 -1.133778 0.000000 0.000000 -1.523338 -0.296254 0.000972 -2.377892 -1.204703 0.127633 0.000000 1.082542 0.000000 0.765506 0.000000 0.000000 6.142780
0.397397 1.226717 -0.945192 0.783400 -0.024261 0.000000 -0.687240 0.000000 0.000000 -0.538391 -1.113071 1.453699 0.000000 1.433248 0.000000 -1.025395 0.000000 0.461411 0.000000 0.000000 0.000000 0.000000 0.000000 0.000000 0.000000 0.000000 0.000000 1.806249 1.905313 0.580094 -0.084450 0.000000 0.000000 0.000000 0.784783 0.000000 -1.250134 1.596061 0.000000 -1.124583
1.376032 -1.879260 -0.476306 0.000000 0.000000 0.653362 -1.174443 0.000000 0.000000 -0.685519 -0.487535 0.000000 2.828868 0.000000 0.792041 0.000000 0.000000 -0.832329 0.876146 0.000000 0.000000 0.000000 0.000000 0.000000 0.000000 0.000000 0.000000 0.000000 0.000000 1.338195 1.350876 0.000000 0.000000 0.000000 -1.183080 0.000000 0.000000 0.000000 1.995896 0.294316
-1.699993 0.656228 -3.103015 0.000000 0.000000 0.000000 -2.624527 -0.604477 0.000000 -1.533974 -3.052663 0.079883 0.000000 0.000000 -1.548596 0.000000 0.000000 -2.397450 0.000000 0.000000 0.000000 0.100977 0.000000 0.000000 0.000000 0.000000 0.000000 0.000000 0.000000 0.000000 -3.723041 0.000000 0.000000 0.000000 -0.878680 0.000000 -2.065616 0.000000 0.000000 -4.121587
-1.930338 0.549551 -0.453277 1.912331 0.000000 0.000000 -0.836860 0.565457 0.149305 -0.994627 2.753021 0.000000 0.000000 0.000000 -1.462801 0.000000 1.270429 -0.179861 0.315012 0.000000 -0.948541 0.000000 0.000000 0.000000 0.191802 0.000000 0.000000 0.000000 0.000000 0.000000 -1.300235 0.000000 0.000000 0.000000 2.722989 0.000000 -2.923798 0.000000 0.000000 1.704703
-1.679142 0.602094 2.143939 0.000000 0.000000 0.000000 0.000000 0.341637 0.379035 0.104068 -1.594176 0.000000 0.000000 0.000000 0.124345 0.720453 0.794971 0.405486 0.000000 0.000000 -0.628945 0.060725 0.359161 0.000000 0.000000 0.644707 0.000000 0.000000 0.080170 0.537960 -0.987520 0.262463 0.000000 0.000000 -1.372080 0.000000 0.360710 0.000000 0.000000 -0.333127
1.256526 2.286298 0.067880 0.000000 0.000000 0.335625 -0.681004 0.774352 0.000000 0.195226 -1.209928 0.158266 0.000000 0.000000 2.623025 0.000000 0.000000 0.477367 0.759027 0.753605 0.000000 0.000000 0.061830 0.000000 0.000000 0.000000 0.000000 0.000000 0.000000 0.408540 0.002986 0.000000 1.170025 0.000000 0.239918 0.000000 -1.832433 0.000000 0.000000 -0.638997
2.378967 -1.941195 0.975682 0.000000 0.000000 0.000000 1.887742 0.305347 0.000000 -1.121079 1.719912 0.000000 0.000000 0.000000 0.044693 0.000000 0.438735 0.876390 0.000000 0.000000 0.000000 0.000000 0.000000 0.000000 0.000000 0.000000 0.000000 0.000000 0.000000 0.000000 2.465838 0.000000 0.000000 0.000000 2.157330 0.000000 1.817085 0.000000 0.000000 1.755434
-0.293539 1.303932 1.577557 0.000000 1.551263 0.000000 0.242171 0.000000 0.000000 0.896484 1.960872 0.227608 0.000000 0.000000 1.233868 -0.370179 0.000000 0.284034 0.000000 0.000000 0.000000 0.000000 0.000000 0.000000 0.000000 0.000000 0.000000 0.000000 0.651152 0.496900 0.000000 0.000000 0.000000 0.000000 0.573275 0.000000 0.399849 0.000000 0.000000 0.129064
3.658514 -0.346846 0.700378 1.059167 0.000000 0.000000 -0.473628 1.048497 0.000000 -0.599820 -2.556098 -0.756545 0.000000 0.897087 0.884296 1.806682 -0.266447 -0.790623 0.226140 0.000000 0.000000 -1.057313 0.000000 0.000000 0.806935 0.000000 0.000000 0.000000 0.000000 0.086603 2.010595 0.000000 0.000000 0.000000 -1.739602 0.000000 2.859211 0.000000 0.000000 -0.455465
-0.621579 -1.119368 -0.567331 0.556645 1.007916 0.000000 0.198736 -0.140810 0.000000 0.252936 -0.182183 -0.058345 0.000000 -0.389980 0.261745 0.000000 0.000000 -0.271619 0.000000 0.000000 1.859320 0.794635 0.000000 0.000000 -0.097728 0.000000 0.000000 0.457369 -0.169610 0.794295 0.926671 0.411380 0.000000 1.382260 -0.706276 0.000000 -0.126499 0.000000 0.000000 -0.876370
-0.347142 -0.303387 -0.116662 0.000000 0.000000 0.583354 0.000000 0.498350 0.000000 1.087256 0.000000 0.000000 0.000000 0.000000 -0.909801 0.000000 0.000000 0.461354 0.000000 0.000000 0.000000 0.917676 0.000000 0.000000 0.000000 0.000000 0.000000 0.000000 0.000000 0.000000 -0.082788 0.202323 0.800480 0.000000 0.837722 0.000000 0.926033 0.000000 0.000000 -1.132239
-0.256815 -0.004606 2.073372 0.071205 0.138151 0.000000 0.419977 1.212534 -1.421241 1.189575 -0.505171 0.594052 0.000000 0.000000 -0.168077 1.020907 -0.710364 1.118069 0.000000 0.000000 0.020077 -0.223059 0.000000 0.000000 0.519274 0.000000 0.000000 1.548715 -0.852379 -0.724571 3.944033 1.312151 -0.264660 0.000000 -0.752041 0.000000 1.128552 0.000000 0.000000 -0.741379
0.240271 -0.366236 -0.028405 0.000000 0.000000 0.000000 1.115905 0.000000 0.000000 0.560341 0.624208 0.000000 0.000000 0.000000 0.526174 0.000000 0.841771 0.000000 0.000000 0.000000 0.000000 0.000000 0.000000 0.000000 0.000000 0.000000 0.000000 0.000000 0.000000 -0.898091 -1.199221 0.000000 0.000000 0.000000 0.909357 0.000000 -0.688735 0.000000 0.000000 0.184130
2.022990 -0.445416 -1.220077 0.000000 0.000000 0.000000 0.601041 0.000000 0.000000 -0.470490 -0.527032 0.000000 0.000000 0.000000 0.807863 0.000000 0.000000 -0.935650 0.000000 0.000000 0.000000 0.000000 0.000000 0.000000 0.000000 0.000000 0.000000 0.000000 0.000000 -0.810303 0.000000 0.000000 -0.376752 0.000000 -0.215966 0.623541 -0.090134 0.000000 0.000000 0.000000
0.209162 1.461852 1.163255 0.000000 0.000000 1.500836 0.634745 0.776275 -0.186376 -0.167497 -0.508973 0.000000 0.000000 0.000000 0.973882 0.593724 0.000000 0.639505 0.000000 0.000000 0.000000 0.000000 0.000000 0.000000 0.000000 0.000000 0.000000 0.000000 0.000000 1.124193 0.536409 0.000000 0.000000 0.000000 0.390759 0.000000 -0.678399 0.000000 0.000000 0.188107
1.886937 1.458665 0.372954 0.000000 0.000000 0.000000 3.488900 -0.214250 -0.237002 2.868496 1.663871 0.000000 0.000000 0.000000 1.661249 -0.554254 0.145159 1.541938 0.165978 0.435868 0.000000 1.754683 0.222240 0.000000 0.019917 0.000000 0.000000 0.000000 0.000000 0.000000 2.829614 1.034983 -0.106922 0.000000 0.014677 0.000000 0.306184 0.357318 0.000000 0.729693
0.751381 0.984544 -0.508442 0.530388 0.671716 0.000000 -0.267121 0.648898 0.200866 -0.550170 0.544214 0.924034 2.516017 0.584428 0.464483 -0.217048 1.449514 0.069842 1.432832 0.000000 0.290816 0.000000 0.000000 1.874472 1.503641 0.744988 0.000000 0.433971 0.685850 0.814143 0.645178 0.956718 0.000000 0.872640 0.926445 0.778772 -0.762919 0.000000 0.000000 -1.427507
0.317667 0.000000 -3.431809 0.807391 0.000000 0.000000 -3.054101 -0.293731 1.367153 -1.119632 -0.936465 0.000000 0.000000 0.000000 2.044229 0.000000 0.324520 -1.131693 0.000000 0.000000 0.000000 0.093234 0.000000 0.000000 0.849880 0.000000 0.000000 0.000000 0.000000 0.000000 -1.982305 0.000000 0.000000 0.000000 0.845147 0.000000 -2.873443 0.000000 0.000000 -1.014518
-2.241371 1.517990 2.512954 1.326967 0.000000 0.000000 -0.009009 0.341020 0.140564 0.392396 -0.407428 -0.855275 0.000000 0.000000 -0.967781 0.000000 0.340621 0.270164 -0.381190 1.654047 0.000000 -0.183952 1.034639 0.000000 0.000000 0.000000 0.000000 -0.321324 0.028251 0.327447 -0.817654 0.199081 0.000000 0.000000 -0.912123 0.000000 0.886560 2.365441 0.000000 0.478784
0.000000 0.058309 0.930872 0.000000 0.000000 0.000000 -0.223885 0.110477 0.000000 0.197823 -0.763498 0.000000 0.000000 0.000000 0.361891 0.195734 0.586081 0.308078 0.000000 0.000000 0.806946 -0.373188 0.000000 0.521558 0.692901 0.000000 1.510038 0.000000 0.571494 0.349516 0.000000 0.420041 0.000000 0.000000 0.933038 0.503181 -0.145169 0.000000 0.000000 0.108453
0.825396 0.221202 -0.106805 0.000000 0.000000 0.000000 -0.115769 0.905313 0.000000 -1.706332 0.460624 0.000000 0.000000 0.000000 0.677783 -2.669960 0.000000 -0.496832 0.000000 0.000000 0.773959 0.033970 0.000000 0.000000 0.000000 0.000000 0.000000 0.000000 0.000000 0.000000 0.884353 0.000000 0.000000 0.000000 -1.078056 0.000000 0.000000 0.000000 0.000000 0.000000
0.076684 1.317273 1.258615 0.677745 0.234582 1.098340 0.723755 -0.517924 0.844011 0.508688 0.098882 -0.638037 0.000000 1.180522 0.688298 -0.497217 0.000000 0.200155 0.163625 0.000000 1.329440 0.426582 0.860144 0.108823 0.600529 1.172303 0.000000 0.096427 0.096681 -0.068787 0.480249 0.216841 0.477231 0.526638 0.245012 0.000000 0.341210 0.000000 0.683273 -0.207375
-0.041763 1.218650 -0.680372 0.000000 0.000000 0.000000 -0.256711 0.733742 0.000000 -0.465336 -0.747086 0.000000 0.000000 0.000000 0.249667 0.856275 0.221259 1.550598 0.000000 0.000000 0.000000 1.047812 0.000000 1.038632 0.682002 0.000000 0.000000 0.000000 0.000000 0.000000 -0.553042 0.702749 0.000000 0.000000 -0.353130 0.000000 -0.075825 0.000000 0.000000 -0.903575
0.000000 1.172655 -0.844370 0.746796 0.611368 0.000000 0.269471 0.001622 0.000000 -0.905552 -0.998088 0.776935 0.000000 1.512383 0.071330 0.746452 0.000000 0.000000 0.000000 0.000000 0.302268 0.091035 0.000000 0.000000 0.000000 0.000000 0.000000 1.869838 0.953528 -0.736481 -0.488706 0.000000 0.000000 0.000000 1.065217 0.000000 0.542193 0.000000 0.000000 1.017697
0.000000 -0.656383 -0.420531 0.000000 1.158970 0.000000 0.000000 0.336242 0.000000 -0.520364 0.000000 0.285383 0.000000 -0.065926 -0.254580 0.000000 0.000000 0.000000 0.000000 0.000000 -0.163146 0.000000 0.000000 0.000000 0.000000 0.000000 0.000000 -0.097180 -0.500159 0.000000 0.842096 0.000000 0.000000 0.000000 -1.727461 0.000000 -0.344646 0.000000 0.000000 -0.285974
-1.650616 -0.489419 -1.006523 1.236151 0.104343 0.823800 -0.969906 0.000000 0.000000 -0.156646 1.202321 -0.288426 0.000000 0.000000 -0.421795 0.855463 0.000000 0.228117 0.524458 1.329729 0.925662 -0.955695 0.985110 0.822320 0.663832 0.000000 1.931577 0.427063 -0.203209 3.064213 1.134783 0.538495 1.888877 0.000000 -0.595284 1.120039 -0.045644 1.065108 0.000000 -0.591120
2.703459 -0.414819 1.379702 0.000000 0.000000 0.000000 1.503848 0.000000 0.000000 2.447234 0.816390 0.000000 0.000000 0.000000 -0.305872 0.000000 0.000000 0.592514 0.000000 0.000000 0.000000 0.000000 0.000000 0.000000 0.000000 0.000000 0.000000 0.421250 0.000000 0.000000 0.544961 0.000000 0.000000 0.000000 -1.434613 0.000000 1.730733 0.000000 0.000000 0.000000
0.209395 -0.637458 -0.445903 0.366730 0.547625 1.101094 0.172279 -0.060767 0.183680 0.682413 -0.576582 0.678428 0.000000 0.000000 -0.430394 0.000000 -0.220959 -1.333468 0.243934 1.120175 0.000000 -0.243039 1.137963 0.000000 0.003992 1.134322 0.000000 0.000000 0.000000 -0.388887 -0.301667 0.242180 0.364741 0.000000 -0.608776 0.000000 0.000000 0.000000 0.000000 -0.991143
0.172880 0.035334 2.092093 0.000000 0.000000 0.396025 0.869480 0.000000 0.000000 0.957984 0.680142 0.000000 0.000000 0.000000 -0.837815 -0.048929 0.000000 0.366783 0.000000 -0.380353 0.000000 0.841201 0.000000 0.000000 0.693115 0.000000 0.000000 0.000000 0.075890 0.620802 0.913881 0.686784 -0.065532 0.000000 1.068104 0.000000 1.878137 0.000000 0.000000 0.941764
-2.191281 0.297743 0.698308 0.592001 0.000000 0.000000 1.081633 -0.236674 0.000000 -0.261238 0.587284 -0.804066 0.000000 0.289273 -1.403186 0.000000 0.129964 0.000000 0.000000 0.000000 0.000000 0.000000 0.000000 0.000000 0.000000 0.000000 0.000000 0.000000 -0.276068 0.000000 0.719874 0.353076 0.000000 0.000000 -0.618664 0.000000 -0.293899 0.000000 0.000000 -0.441697
0.050254 0.400274 2.581005 0.134377 0.000000 0.000000 0.938307 0.582316 -0.093092 0.263816 0.539863 -1.090046 0.000000 0.000000 -0.727428 0.000000 0.000000 2.757750 0.000000 0.000000 0.571475 -0.092007 0.000000 0.000000 0.000000 0.000000 0.000000 0.000000 0.000000 0.807744 2.238264 0.000000 0.000000 0.000000 0.833666 0.000000 0.726649 0.000000 0.000000 1.565192
1.438527 -0.245386 -0.202506 0.000000 0.000000 0.000000 0.905852 0.721667 0.740760 0.870451 0.026410 0.000000 1.158084 0.000000 0.833081 0.274137 0.437361 0.942876 0.000000 0.000000 0.483650 0.000000 0.000000 0.000000 0.000000 0.000000 1.749240 -1.142610 0.000000 0.542481 0.516537 0.000000 0.000000 0.000000 -0.488117 1.079359 0.000000 0.000000 0.000000 0.654740
-0.196973 -0.631576 -0.060608 0.285034 0.000000 0.000000 -1.592211 -0.092108 0.000000 -0.825524 1.276079 -0.329994 0.000000 0.000000 -0.245501 0.531403 -0.610441 -0.605105 0.854005 0.000000 -0.461379 -0.055946 0.000000 0.000000 0.000000 0.000000 0.000000 0.852290 -0.665410 1.123017 -0.767907 0.000000 0.000000 0.000000 0.071219 0.000000 -0.741930 0.000000 0.000000 -1.143350
1.415034 -0.548356 -0.373725 0.000000 0.994939 0.000000 0.755061 0.000000 0.000000 0.855739 0.496489 0.000000 0.000000 0.000000 1.118142 0.000000 0.000000 0.000000 0.000000 0.000000 0.000000 0.212408 0.852709 0.000000 0.000000 0.000000 0.000000 -0.616571 0.000000 0.238798 -1.050479 0.000000 0.059338 0.000000 0.295801 0.000000 0.085441 0.000000 0.000000 1.297525
-1.276774 -0.163868 0.357386 0.000000 0.000000 1.022988 0.592449 -0.890318 0.000000 0.273678 0.000000 0.000000 0.000000 0.000000 -0.130311 -0.106688 0.000000 0.012407 0.212645 0.000000 0.000000 0.000000 0.000000 0.000000 0.000000 0.000000 0.000000 0.000000 0.000000 -0.539169 -1.828667 0.000000 0.000000 0.000000 -0.920815 0.000000 -0.417596 0.000000 0.000000 -1.242323
2.851946 -0.345530 -0.381785 0.819373 0.000000 0.005427 -0.994558 0.705220 0.153201 -0.691947 -0.216878 0.006050 0.000000 0.000000 -0.251218 0.391350 0.000000 -0.979009 0.222230 0.830719 0.485984 0.414798 1.370262 0.000000 0.146778 0.000000 0.000000 1.551300 0.219871 -1.662517 0.783203 0.000000 0.000000 0.000000 -0.201232 0.000000 -0.565172 0.000000 0.000000 0.838801
