-2.669340 -0.868154 2.773307 0.344386 0.000000 1.032792 2.515783 -1.130431 0.144782 3.645333 1.948047 1.318384 0.000000 0.000000 -1.000444 0.000000 0.000000 1.940985 0.000000 0.000000 1.149703 0.000000 0.000000 0.000000 0.161974 0.000000 0.000000 0.000000 0.000000 0.000000 1.724457 0.000000 0.000000 0.000000 1.017908 0.000000 3.263641 0.000000 0.000000 0.044476
1.585506 0.226656 0.122977 0.000000 0.000000 0.000000 -1.708266 1.176407 0.433944 -0.821653 -0.830242 0.597994 0.000000 0.000000 -0.564742 0.933519 0.089525 -1.645211 0.000000 0.000000 0.223916 -0.112834 0.230413 0.000000 -0.072461 0.000000 0.000000 -0.433976 0.951011 1.464046 -1.273365 -0.828948 0.000000 0.000000 1.558643 0.000000 -0.351104 0.000000 0.000000 -0.110923
3.243156 -0.749797 1.025297 2.290546 1.765891 0.520737 2.242858 -0.105154 2.262742 1.827089 1.859524 3.457245 0.000000 0.000000 1.917633 0.671087 0.862479 1.266699 0.747072 1.200251 0.538967 0.697022 0.276286 1.724374 0.141459 1.314674 0.000000 -0.086765 1.516828 -1.561636 -0.750315 0.791469 0.974372 2.117058 2.119246 1.260103 2.992137 0.000000 2.460254 2.669705
3.765711 1.155368 5.619085 2.340929 1.198999 0.000000 4.110974 1.197007 0.000000 3.181565 3.013497 -0.119335 0.000000 1.978739 1.598669 0.510105 0.630549 1.253140 -0.927945 0.000000 -0.102294 3.094780 0.000000 0.000000 -1.134115 0.000000 0.000000 -1.523274 -0.296241 0.000766 -2.377934 -1.204631 0.127574 0.000000 1.082580 0.000000 0.765348 0.000000 0.000000 6.142580
0.397401 1.226724 -0.945197 0.783372 -0.024380 0.000000 -0.687280 0.000000 0.000000 -0.538509 -1.113083 1.453662 0.000000 1.433436 0.000000 -1.025299 0.000000 0.461564 0.000000 0.000000 0.000000 0.000000 0.000000 0.000000 0.000000 0.000000 0.000000 1.806115 1.905285 0.580010 -0.084432 0.000000 0.000000 0.000000 0.784776 0.000000 -1.250097 1.596074 0.000000 -1.124524
1.376027 -1.879240 -0.476425 0.000000 0.000000 0.653301 -1.174304 0.000000 0.000000 -0.685573 -0.487546 0.000000 2.828736 0.000000 0.792205 0.000000 0.000000 -0.832453 0.876201 0.000000 0.000000 0.000000 0.000000 0.000000 0.000000 0.000000 0.000000 0.000000 0.000000 1.338224 1.350894 0.000000 0.000000 0.000000 -1.183196 0.000000 0.000000 0.000000 1.995879 0.294379
-1.700055 0.655763 -3.103124 0.000000 0.000000 0.000000 -2.624562 -0.604485 0.000000 -1.533928 -3.052810 0.079661 0.000000 0.000000 -1.548820 0.000000 0.000000 -2.397553 0.000000 0.000000 0.000000 0.100994 0.000000 0.000000 0.000000 0.000000 0.000000 0.000000 0.000000 0.000000 -3.723053 0.000000 0.000000 0.000000 -0.878434 0.000000 -2.065480 0.000000 0.000000 -4.121575
-1.930289 0.549566 -0.453363 1.912145 0.000000 0.000000 -0.836812 0.565368 0.149098 -0.994488 2.753030 0.000000 0.000000 0.000000 -1.462781 0.000000 1.270471 -0.180069 0.315082 0.000000 -0.948546 0.000000 0.000000 0.000000 0.192063 0.000000 0.000000 0.000000 0.000000 0.000000 -1.300260 0.000000 0.000000 0.000000 2.722981 0.000000 -2.923912 0.000000 0.000000 1.704543
-1.679130 0.602070 2.143892 0.000000 0.000000 0.000000 0.000000 0.341738 0.379245 0.104024 -1.594051 0.000000 0.000000 0.000000 0.124426 0.720506 0.794902 0.405563 0.000000 0.000000 -0.628939 0.060752 0.359352 0.000000 0.000000 0.644783 0.000000 0.000000 0.080061 0.538079 -0.987545 0.262529 0.000000 0.000000 -1.372117 0.000000 0.360902 0.000000 0.000000 -0.333043
1.256580 2.286234 0.067885 0.000000 0.000000 0.335614 -0.680981 0.774507 0.000000 0.195225 -1.209848 0.158259 0.000000 0.000000 2.623070 0.000000 0.000000 0.477541 0.759071 0.753597 0.000000 0.000000 0.061841 0.000000 0.000000 0.000000 0.000000 0.000000 0.000000 0.408645 0.003013 0.000000 1.170026 0.000000 0.239874 0.000000 -1.832408 0.000000 0.000000 -0.639210
2.378963 -1.941024 0.975679 0.000000 0.000000 0.000000 1.887508 0.305300 0.000000 -1.121224 1.719824 0.000000 0.000000 0.000000 0.044691 0.000000 0.438659 0.876430 0.000000 0.000000 0.000000 0.000000 0.000000 0.000000 0.000000 0.000000 0.000000 0.000000 0.000000 0.000000 2.465886 0.000000 0.000000 0.000000 2.157311 0.000000 1.817161 0.000000 0.000000 1.755684
-0.293427 1.303979 1.577537 0.000000 1.551416 0.000000 0.242242 0.000000 0.000000 0.896543 1.960969 0.227703 0.000000 0.000000 1.234006 -0.370155 0.000000 0.284121 0.000000 0.000000 0.000000 0.000000 0.000000 0.000000 0.000000 0.000000 0.000000 0.000000 0.651238 0.496860 0.000000 0.000000 0.000000 0.000000 0.573191 0.000000 0.399916 0.000000 0.000000 0.128929
3.658433 -0.346926 0.700349 1.059151 0.000000 0.000000 -0.473541 1.048516 0.000000 -0.599904 -2.556175 -0.756581 0.000000 0.896968 0.884317 1.806782 -0.266560 -0.790674 0.226184 0.000000 0.000000 -1.057309 0.000000 0.000000 0.806962 0.000000 0.000000 0.000000 0.000000 0.086698 2.010610 0.000000 0.000000 0.000000 -1.739707 0.000000 2.859265 0.000000 0.000000 -0.455390
-0.621629 -1.119451 -0.567350 0.556735 1.007829 0.000000 0.198883 -0.140809 0.000000 0.252934 -0.182073 -0.058360 0.000000 -0.389927 0.261687 0.000000 0.000000 -0.271627 0.000000 0.000000 1.859357 0.794701 0.000000 0.000000 -0.097654 0.000000 0.000000 0.457328 -0.169594 0.794269 0.926710 0.411453 0.000000 1.382323 -0.706279 0.000000 -0.126360 0.000000 0.000000 -0.876186
-0.347240 -0.303319 -0.116547 0.000000 0.000000 0.583463 0.000000 0.498255 0.000000 1.087321 0.000000 0.000000 0.000000 0.000000 -0.909915 0.000000 0.000000 0.461401 0.000000 0.000000 0.000000 0.917661 0.000000 0.000000 0.000000 0.000000 0.000000 0.000000 0.000000 0.000000 -0.082769 0.202320 0.800505 0.000000 0.837813 0.000000 0.925997 0.000000 0.000000 -1.132157
-0.256822 -0.004755 2.073368 0.071278 0.138037 0.000000 0.419951 1.212446 -1.421318 1.189628 -0.505373 0.594273 0.000000 0.000000 -0.168095 1.020879 -0.710398 1.118026 0.000000 0.000000 0.020109 -0.223071 0.000000 0.000000 0.519201 0.000000 0.000000 1.548658 -0.852394 -0.724487 3.943961 1.312103 -0.264634 0.000000 -0.752044 0.000000 1.128416 0.000000 0.000000 -0.741404
0.240350 -0.366308 -0.028363 0.000000 0.000000 0.000000 1.115816 0.000000 0.000000 0.560412 0.624278 0.000000 0.000000 0.000000 0.526070 0.000000 0.841817 0.000000 0.000000 0.000000 0.000000 0.000000 0.000000 0.000000 0.000000 0.000000 0.000000 0.000000 0.000000 -0.898101 -1.199164 0.000000 0.000000 0.000000 0.909443 0.000000 -0.688715 0.000000 0.000000 0.184203
2.022963 -0.445241 -1.220005 0.000000 0.000000 0.000000 0.601123 0.000000 0.000000 -0.470516 -0.526857 0.000000 0.000000 0.000000 0.807826 0.000000 0.000000 -0.935604 0.000000 0.000000 0.000000 0.000000 0.000000 0.000000 0.000000 0.000000 0.000000 0.000000 0.000000 -0.810384 0.000000 0.000000 -0.376778 0.000000 -0.215985 0.623432 -0.090251 0.000000 0.000000 0.000000
0.209224 1.461874 1.163210 0.000000 0.000000 1.500893 0.634747 0.776227 -0.186336 -0.167608 -0.508922 0.000000 0.000000 0.000000 0.973979 0.593675 0.000000 0.639509 0.000000 0.000000 0.000000 0.000000 0.000000 0.000000 0.000000 0.000000 0.000000 0.000000 0.000000 1.124272 0.536470 0.000000 0.000000 0.000000 0.390648 0.000000 -0.678296 0.000000 0.000000 0.188156
1.886860 1.458729 0.373104 0.000000 0.000000 0.000000 3.488877 -0.214180 -0.237084 2.868356 1.664078 0.000000 0.000000 0.000000 1.661420 -0.554296 0.145105 1.542236 0.165969 0.435889 0.000000 1.754642 0.222120 0.000000 0.019754 0.000000 0.000000 0.000000 0.000000 0.000000 2.829684 1.035001 -0.106837 0.000000 0.014462 0.000000 0.306479 0.357392 0.000000 0.729789
0.751411 0.984523 -0.508540 0.530362 0.671578 0.000000 -0.267156 0.648931 0.200904 -0.550278 0.544181 0.924076 2.516101 0.584460 0.464498 -0.216976 1.449452 0.070007 1.432850 0.000000 0.290861 0.000000 0.000000 1.874538 1.503744 0.745017 0.000000 0.433975 0.685876 0.814235 0.645109 0.956702 0.000000 0.872691 0.926422 0.778805 -0.762851 0.000000 0.000000 -1.427500
0.317728 0.000000 -3.431892 0.807237 0.000000 0.000000 -3.054035 -0.293692 1.367180 -1.119698 -0.936339 0.000000 0.000000 0.000000 2.044342 0.000000 0.324595 -1.131692 0.000000 0.000000 0.000000 0.093290 0.000000 0.000000 0.850120 0.000000 0.000000 0.000000 0.000000 0.000000 -1.982222 0.000000 0.000000 0.000000 0.845094 0.000000 -2.873365 0.000000 0.000000 -1.014638
-2.241362 1.518017 2.512986 1.327184 0.000000 0.000000 -0.008894 0.340960 0.140842 0.392584 -0.407458 -0.855175 0.000000 0.000000 -0.967855 0.000000 0.340681 0.270124 -0.381202 1.654051 0.000000 -0.183960 1.034861 0.000000 0.000000 0.000000 0.000000 -0.321265 0.028279 0.327403 -0.817764 0.199062 0.000000 0.000000 -0.912091 0.000000 0.886307 2.365412 0.000000 0.478667
0.000000 0.058404 0.930875 0.000000 0.000000 0.000000 -0.223996 0.110468 0.000000 0.197791 -0.763515 0.000000 0.000000 0.000000 0.361847 0.195746 0.586064 0.308155 0.000000 0.000000 0.806886 -0.373144 0.000000 0.521430 0.692869 0.000000 1.510022 0.000000 0.571463 0.349477 0.000000 0.420020 0.000000 0.000000 0.933043 0.503131 -0.145151 0.000000 0.000000 0.108491
0.825496 0.221248 -0.106878 0.000000 0.000000 0.000000 -0.115761 0.905379 0.000000 -1.706397 0.460536 0.000000 0.000000 0.000000 0.677933 -2.669970 0.000000 -0.496854 0.000000 0.000000 0.773954 0.033832 0.000000 0.000000 0.000000 0.000000 0.000000 0.000000 0.000000 0.000000 0.884316 0.000000 0.000000 0.000000 -1.078081 0.000000 0.000000 0.000000 0.000000 0.000000
0.076666 1.317245 1.258709 0.677823 0.234442 1.098378 0.723803 -0.517843 0.844066 0.508859 0.098888 -0.638003 0.000000 1.180492 0.688358 -0.497193 0.000000 0.200197 0.163667 0.000000 1.329496 0.426523 0.860117 0.108819 0.600387 1.172218 0.000000 0.096400 0.096768 -0.068760 0.480240 0.216660 0.477148 0.526716 0.245027 0.000000 0.341116 0.000000 0.683343 -0.207561
-0.041802 1.218579 -0.680403 0.000000 0.000000 0.000000 -0.256735 0.733685 0.000000 -0.465419 -0.747139 0.000000 0.000000 0.000000 0.249661 0.856320 0.221258 1.550565 0.000000 0.000000 0.000000 1.047851 0.000000 1.038697 0.681949 0.000000 0.000000 0.000000 0.000000 0.000000 -0.553067 0.702755 0.000000 0.000000 -0.353142 0.000000 -0.075836 0.000000 0.000000 -0.903621
0.000000 1.172613 -0.844355 0.746749 0.611459 0.000000 0.269324 0.001507 0.000000 -0.905631 -0.998198 0.777015 0.000000 1.512296 0.071275 0.746409 0.000000 0.000000 0.000000 0.000000 0.302254 0.091073 0.000000 0.000000 0.000000 0.000000 0.000000 1.869975 0.953487 -0.736360 -0.488694 0.000000 0.000000 0.000000 1.065249 0.000000 0.542221 0.000000 0.000000 1.017902
0.000000 -0.656320 -0.420488 0.000000 1.158868 0.000000 0.000000 0.336310 0.000000 -0.520411 0.000000 0.285351 0.000000 -0.066003 -0.254411 0.000000 0.000000 0.000000 0.000000 0.000000 -0.163175 0.000000 0.000000 0.000000 0.000000 0.000000 0.000000 -0.097275 -0.500263 0.000000 0.842131 0.000000 0.000000 0.000000 -1.727537 0.000000 -0.344688 0.000000 0.000000 -0.286048
-1.650551 -0.489590 -1.006768 1.236020 0.104260 0.823809 -0.969755 0.000000 0.000000 -0.156639 1.202159 -0.288382 0.000000 0.000000 -0.421684 0.855461 0.000000 0.227889 0.524320 1.329814 0.925747 -0.955616 0.985151 0.822333 0.664134 0.000000 1.931561 0.427059 -0.203189 3.064316 1.134824 0.538552 1.888936 0.000000 -0.595292 1.120162 -0.045534 1.065106 0.000000 -0.591092
2.703449 -0.414762 1.379722 0.000000 0.000000 0.000000 1.503906 0.000000 0.000000 2.447267 0.816319 0.000000 0.000000 0.000000 -0.305868 0.000000 0.000000 0.592492 0.000000 0.000000 0.000000 0.000000 0.000000 0.000000 0.000000 0.000000 0.000000 0.421306 0.000000 0.000000 0.544908 0.000000 0.000000 0.000000 -1.434660 0.000000 1.730671 0.000000 0.000000 0.000000
0.209422 -0.637446 -0.445955 0.366682 0.547644 1.101062 0.172259 -0.060819 0.183672 0.682455 -0.576575 0.678449 0.000000 0.000000 -0.430415 0.000000 -0.220903 -1.333622 0.243776 1.120221 0.000000 -0.243092 1.137904 0.000000 0.004007 1.134360 0.000000 0.000000 0.000000 -0.388851 -0.301673 0.242258 0.364644 0.000000 -0.608672 0.000000 0.000000 0.000000 0.000000 -0.991186
0.172867 0.035430 2.092168 0.000000 0.000000 0.396035 0.869348 0.000000 0.000000 0.958073 0.680009 0.000000 0.000000 0.000000 -0.837840 -0.048996 0.000000 0.366715 0.000000 -0.380379 0.000000 0.841189 0.000000 0.000000 0.692897 0.000000 0.000000 0.000000 0.075865 0.620753 0.913792 0.686699 -0.065584 0.000000 1.068164 0.000000 1.877918 0.000000 0.000000 0.941750
-2.191259 0.297871 0.698363 0.592000 0.000000 0.000000 1.081709 -0.236661 0.000000 -0.261079 0.587350 -0.803966 0.000000 0.289106 -1.403037 0.000000 0.130023 0.000000 0.000000 0.000000 0.000000 0.000000 0.000000 0.000000 0.000000 0.000000 0.000000 0.000000 -0.276095 0.000000 0.719884 0.353058 0.000000 0.000000 -0.618690 0.000000 -0.293937 0.000000 0.000000 -0.441833
0.050326 0.400551 2.581036 0.134401 0.000000 0.000000 0.938243 0.582348 -0.092918 0.263827 0.539982 -1.090029 0.000000 0.000000 -0.727318 0.000000 0.000000 2.757902 0.000000 0.000000 0.571397 -0.091896 0.000000 0.000000 0.000000 0.000000 0.000000 0.000000 0.000000 0.807768 2.238293 0.000000 0.000000 0.000000 0.833533 0.000000 0.726622 0.000000 0.000000 1.565347
1.438455 -0.245361 -0.202470 0.000000 0.000000 0.000000 0.905852 0.721656 0.740738 0.870402 0.026433 0.000000 1.158268 0.000000 0.833058 0.274184 0.437353 0.942956 0.000000 0.000000 0.483661 0.000000 0.000000 0.000000 0.000000 0.000000 1.749218 -1.142669 0.000000 0.542490 0.516515 0.000000 0.000000 0.000000 -0.488140 1.079496 0.000000 0.000000 0.000000 0.654685
-0.197010 -0.631772 -0.060702 0.284870 0.000000 0.000000 -1.592117 -0.091979 0.000000 -0.825509 1.275921 -0.329999 0.000000 0.000000 -0.245521 0.531347 -0.610450 -0.605260 0.853860 0.000000 -0.461287 -0.055914 0.000000 0.000000 0.000000 0.000000 0.000000 0.852323 -0.665386 1.123054 -0.767927 0.000000 0.000000 0.000000 0.071340 0.000000 -0.741908 0.000000 0.000000 -1.143577
1.414997 -0.548176 -0.373659 0.000000 0.995011 0.000000 0.755037 0.000000 0.000000 0.855654 0.496618 0.000000 0.000000 0.000000 1.118081 0.000000 0.000000 0.000000 0.000000 0.000000 0.000000 0.212404 0.852685 0.000000 0.000000 0.000000 0.000000 -0.616483 0.000000 0.238726 -1.050479 0.000000 0.059384 0.000000 0.295822 0.000000 0.085387 0.000000 0.000000 1.297398
-1.276847 -0.163998 0.357431 0.000000 0.000000 1.022991 0.592503 -0.890264 0.000000 0.273705 0.000000 0.000000 0.000000 0.000000 -0.130324 -0.106696 0.000000 0.012461 0.212740 0.000000 0.000000 0.000000 0.000000 0.000000 0.000000 0.000000 0.000000 0.000000 0.000000 -0.539134 -1.828624 0.000000 0.000000 0.000000 -0.920780 0.000000 -0.417466 0.000000 0.000000 -1.242268
2.851951 -0.345592 -0.381790 0.819287 0.000000 0.005368 -0.994666 0.705195 0.152969 -0.692041 -0.216875 0.005885 0.000000 0.000000 -0.251333 0.391468 0.000000 -0.979055 0.222224 0.830745 0.485889 0.414884 1.370186 0.000000 0.146813 0.000000 0.000000 1.551161 0.219901 -1.662522 0.783233 0.000000 0.000000 0.000000 -0.201170 0.000000 -0.565211 0.000000 0.000000 0.838821
