-2.669312 -0.868074 2.773291 0.344383 0.000000 1.032641 2.515957 -1.130232 0.144422 3.645525 1.948019 1.318772 0.000000 0.000000 -1.000455 0.000000 0.000000 1.940909 0.000000 0.000000 1.149709 0.000000 0.000000 0.000000 0.161942 0.000000 0.000000 0.000000 0.000000 0.000000 1.724380 0.000000 0.000000 0.000000 1.017881 0.000000 3.263670 0.000000 0.000000 0.044254
1.585684 0.226610 0.122873 0.000000 0.000000 0.000000 -1.708380 1.176425 0.433963 -0.821775 -0.830475 0.598204 0.000000 0.000000 -0.564790 0.933581 0.089209 -1.645071 0.000000 0.000000 0.223937 -0.112636 0.230503 0.000000 -0.072397 0.000000 0.000000 -0.434227 0.950868 1.463997 -1.273154 -0.829623 0.000000 0.000000 1.558703 0.000000 -0.351095 0.000000 0.000000 -0.111068
3.243172 -0.749839 1.025212 2.290827 1.765982 0.520562 2.242981 -0.104852 2.262932 1.826925 1.859891 3.457199 0.000000 0.000000 1.917592 0.670805 0.862511 1.266621 0.747069 1.200399 0.538738 0.696957 0.276217 1.724433 0.141322 1.314672 0.000000 -0.086840 1.516893 -1.561492 -0.750210 0.791468 0.974239 2.117094 2.119223 1.260134 2.992182 0.000000 2.460316 2.669532
3.765670 1.155134 5.618943 2.340824 1.198865 0.000000 4.111080 1.197281 0.000000 3.181549 3.013625 -0.119567 0.000000 1.978343 1.598814 0.510191 0.630370 1.253240 -0.927973 0.000000 -0.102248 3.095045 0.000000 0.000000 -1.133962 0.000000 0.000000 -1.523269 -0.296122 0.000713 -2.377844 -1.204570 0.127423 0.000000 1.082573 0.000000 0.765506 0.000000 0.000000 6.143242
0.397356 1.226588 -0.945297 0.783543 -0.024169 0.000000 -0.687522 0.000000 0.000000 -0.538506 -1.113175 1.453675 0.000000 1.433455 0.000000 -1.025492 0.000000 0.461551 0.000000 0.000000 0.000000 0.000000 0.000000 0.000000 0.000000 0.000000 0.000000 1.806227 1.905315 0.580038 -0.084427 0.000000 0.000000 0.000000 0.784813 0.000000 -1.250096 1.595896 0.000000 -1.124981
1.376070 -1.879171 -0.476440 0.000000 0.000000 0.653308 -1.174571 0.000000 0.000000 -0.685397 -0.487641 0.000000 2.828767 0.000000 0.792071 0.000000 0.000000 -0.832400 0.876155 0.000000 0.000000 0.000000 0.000000 0.000000 0.000000 0.000000 0.000000 0.000000 0.000000 1.338294 1.350902 0.000000 0.000000 0.000000 -1.183097 0.000000 0.000000 0.000000 1.995813 0.294416
-1.699899 0.655827 -3.102985 0.000000 0.000000 0.000000 -2.624495 -0.604409 0.000000 -1.534118 -3.053041 0.079365 0.000000 0.000000 -1.548593 0.000000 0.000000 -2.397551 0.000000 0.000000 0.000000 0.100740 0.000000 0.000000 0.000000 0.000000 0.000000 0.000000 0.000000 0.000000 -3.723145 0.000000 0.000000 0.000000 -0.878699 0.000000 -2.065628 0.000000 0.000000 -4.121433
-1.930316 0.549434 -0.453211 1.912237 0.000000 0.000000 -0.837146 0.565359 0.149268 -0.994661 2.752934 0.000000 0.000000 0.000000 -1.462856 0.000000 1.270199 -0.180086 0.315289 0.000000 -0.948369 0.000000 0.000000 0.000000 0.192096 0.000000 0.000000 0.000000 0.000000 0.000000 -1.300329 0.000000 0.000000 0.000000 2.723056 0.000000 -2.924081 0.000000 0.000000 1.705133
-1.679276 0.601922 2.143907 0.000000 0.000000 0.000000 0.000000 0.341626 0.379089 0.104075 -1.593960 0.000000 0.000000 0.000000 0.124358 0.720684 0.795135 0.405531 0.000000 0.000000 -0.628789 0.060613 0.359302 0.000000 0.000000 0.644736 0.000000 0.000000 0.080243 0.537946 -0.987664 0.262882 0.000000 0.000000 -1.372119 0.000000 0.360721 0.000000 0.000000 -0.333048
1.256638 2.286175 0.067785 0.000000 0.000000 0.335774 -0.680984 0.774391 0.000000 0.195423 -1.210060 0.158463 0.000000 0.000000 2.623220 0.000000 0.000000 0.477755 0.759230 0.753655 0.000000 0.000000 0.061859 0.000000 0.000000 0.000000 0.000000 0.000000 0.000000 0.408607 0.003059 0.000000 1.169927 0.000000 0.239864 0.000000 -1.832528 0.000000 0.000000 -0.639396
2.378726 -1.941084 0.975636 0.000000 0.000000 0.000000 1.887627 0.305364 0.000000 -1.121425 1.720390 0.000000 0.000000 0.000000 0.044581 0.000000 0.438795 0.876237 0.000000 0.000000 0.000000 0.000000 0.000000 0.000000 0.000000 0.000000 0.000000 0.000000 0.000000 0.000000 2.466020 0.000000 0.000000 0.000000 2.157414 0.000000 1.817210 0.000000 0.000000 1.755410
-0.293475 1.303908 1.577502 0.000000 1.551325 0.000000 0.241990 0.000000 0.000000 0.896676 1.960966 0.227720 0.000000 0.000000 1.234008 -0.370269 0.000000 0.284077 0.000000 0.000000 0.000000 0.000000 0.000000 0.000000 0.000000 0.000000 0.000000 0.000000 0.651238 0.496817 0.000000 0.000000 0.000000 0.000000 0.573240 0.000000 0.399760 0.000000 0.000000 0.129107
3.658453 -0.346801 0.700377 1.059129 0.000000 0.000000 -0.473237 1.048232 0.000000 -0.600115 -2.556090 -0.757022 0.000000 0.897201 0.884394 1.806954 -0.266341 -0.790593 0.225717 0.000000 0.000000 -1.057431 0.000000 0.000000 0.807113 0.000000 0.000000 0.000000 0.000000 0.086650 2.010633 0.000000 0.000000 0.000000 -1.739674 0.000000 2.859364 0.000000 0.000000 -0.455388
-0.621576 -1.119391 -0.567342 0.556615 1.007846 0.000000 0.198635 -0.140807 0.000000 0.253282 -0.182192 -0.058178 0.000000 -0.389991 0.261511 0.000000 0.000000 -0.271619 0.000000 0.000000 1.859373 0.794692 0.000000 0.000000 -0.097791 0.000000 0.000000 0.457331 -0.169732 0.794227 0.926732 0.411522 0.000000 1.382317 -0.706285 0.000000 -0.126377 0.000000 0.000000 -0.876463
-0.347111 -0.303357 -0.116533 0.000000 0.000000 0.583395 0.000000 0.498589 0.000000 1.087178 0.000000 0.000000 0.000000 0.000000 -0.909965 0.000000 0.000000 0.461325 0.000000 0.000000 0.000000 0.917713 0.000000 0.000000 0.000000 0.000000 0.000000 0.000000 0.000000 0.000000 -0.082825 0.202097 0.800595 0.000000 0.837770 0.000000 0.926058 0.000000 0.000000 -1.132233
-0.256768 -0.004509 2.073550 0.071005 0.138003 0.000000 0.420364 1.212404 -1.421402 1.189567 -0.505600 0.594596 0.000000 0.000000 -0.168002 1.020988 -0.710087 1.118103 0.000000 0.000000 0.019998 -0.223184 0.000000 0.000000 0.519141 0.000000 0.000000 1.548733 -0.852464 -0.724441 3.943959 1.312269 -0.264597 0.000000 -0.752087 0.000000 1.128507 0.000000 0.000000 -0.741118
0.240414 -0.366333 -0.028231 0.000000 0.000000 0.000000 1.116038 0.000000 0.000000 0.560224 0.624271 0.000000 0.000000 0.000000 0.526173 0.000000 0.841867 0.000000 0.000000 0.000000 0.000000 0.000000 0.000000 0.000000 0.000000 0.000000 0.000000 0.000000 0.000000 -0.898107 -1.199173 0.000000 0.000000 0.000000 0.909366 0.000000 -0.688712 0.000000 0.000000 0.184206
2.022736 -0.445233 -1.220088 0.000000 0.000000 0.000000 0.601098 0.000000 0.000000 -0.470590 -0.527004 0.000000 0.000000 0.000000 0.807684 0.000000 0.000000 -0.935631 0.000000 0.000000 0.000000 0.000000 0.000000 0.000000 0.000000 0.000000 0.000000 0.000000 0.000000 -0.810470 0.000000 0.000000 -0.376664 0.000000 -0.215964 0.623278 -0.090153 0.000000 0.000000 0.000000
0.209208 1.461752 1.163221 0.000000 0.000000 1.500927 0.634715 0.776165 -0.186203 -0.167686 -0.509022 0.000000 0.000000 0.000000 0.973984 0.593721 0.000000 0.639593 0.000000 0.000000 0.000000 0.000000 0.000000 0.000000 0.000000 0.000000 0.000000 0.000000 0.000000 1.124183 0.536455 0.000000 0.000000 0.000000 0.390739 0.000000 -0.678322 0.000000 0.000000 0.188125
1.886881 1.458913 0.372877 0.000000 0.000000 0.000000 3.488673 -0.214380 -0.236851 2.868821 1.664036 0.000000 0.000000 0.000000 1.661399 -0.554239 0.145143 1.542224 0.166004 0.435903 0.000000 1.754933 0.222185 0.000000 0.019617 0.000000 0.000000 0.000000 0.000000 0.000000 2.829751 1.035298 -0.106754 0.000000 0.014681 0.000000 0.306387 0.357270 0.000000 0.729573
0.751568 0.984513 -0.508581 0.530286 0.671582 0.000000 -0.267284 0.648949 0.200919 -0.550052 0.544332 0.924220 2.516214 0.584410 0.464514 -0.217271 1.449612 0.069936 1.433178 0.000000 0.290916 0.000000 0.000000 1.874601 1.503681 0.744896 0.000000 0.433950 0.685845 0.814233 0.645256 0.956652 0.000000 0.872678 0.926462 0.778732 -0.762899 0.000000 0.000000 -1.427717
0.317822 0.000000 -3.431983 0.807352 0.000000 0.000000 -3.054470 -0.293871 1.367220 -1.119546 -0.936349 0.000000 0.000000 0.000000 2.044403 0.000000 0.324550 -1.131626 0.000000 0.000000 0.000000 0.093360 0.000000 0.000000 0.849855 0.000000 0.000000 0.000000 0.000000 0.000000 -1.982235 0.000000 0.000000 0.000000 0.845112 0.000000 -2.873579 0.000000 0.000000 -1.014906
-2.241379 1.517863 2.513067 1.326931 0.000000 0.000000 -0.008708 0.341097 0.140496 0.392523 -0.407478 -0.855304 0.000000 0.000000 -0.967909 0.000000 0.340655 0.270122 -0.381603 1.654080 0.000000 -0.184025 1.034774 0.000000 0.000000 0.000000 0.000000 -0.321302 0.028242 0.327388 -0.817971 0.198976 0.000000 0.000000 -0.912154 0.000000 0.886333 2.365495 0.000000 0.479200
0.000000 0.058253 0.930890 0.000000 0.000000 0.000000 -0.223827 0.110415 0.000000 0.197650 -0.763495 0.000000 0.000000 0.000000 0.361818 0.195947 0.586110 0.308192 0.000000 0.000000 0.806930 -0.373376 0.000000 0.521531 0.692906 0.000000 1.509953 0.000000 0.571575 0.349504 0.000000 0.420020 0.000000 0.000000 0.933059 0.503254 -0.145212 0.000000 0.000000 0.108349
0.825333 0.221114 -0.106977 0.000000 0.000000 0.000000 -0.115783 0.905499 0.000000 -1.706306 0.460656 0.000000 0.000000 0.000000 0.677987 -2.670151 0.000000 -0.496866 0.000000 0.000000 0.773827 0.033868 0.000000 0.000000 0.000000 0.000000 0.000000 0.000000 0.000000 0.000000 0.884332 0.000000 0.000000 0.000000 -1.077989 0.000000 0.000000 0.000000 0.000000 0.000000
0.076658 1.317309 1.258589 0.677685 0.234561 1.098443 0.723787 -0.517979 0.844182 0.509038 0.098863 -0.638232 0.000000 1.180520 0.688462 -0.497284 0.000000 0.200195 0.163434 0.000000 1.329333 0.426718 0.860184 0.108748 0.600531 1.172349 0.000000 0.096469 0.096611 -0.068716 0.480136 0.216750 0.477275 0.526779 0.244959 0.000000 0.341199 0.000000 0.683329 -0.207358
-0.041679 1.218536 -0.680381 0.000000 0.000000 0.000000 -0.256678 0.733668 0.000000 -0.465435 -0.747187 0.000000 0.000000 0.000000 0.249590 0.856200 0.221102 1.550607 0.000000 0.000000 0.000000 1.047940 0.000000 1.038577 0.682156 0.000000 0.000000 0.000000 0.000000 0.000000 -0.553244 0.702729 0.000000 0.000000 -0.353176 0.000000 -0.075947 0.000000 0.000000 -0.903804
0.000000 1.172671 -0.844296 0.746845 0.611335 0.000000 0.269662 0.001429 0.000000 -0.906040 -0.998093 0.776876 0.000000 1.512514 0.071391 0.746669 0.000000 0.000000 0.000000 0.000000 0.302136 0.091045 0.000000 0.000000 0.000000 0.000000 0.000000 1.869937 0.953617 -0.736447 -0.488698 0.000000 0.000000 0.000000 1.065308 0.000000 0.542231 0.000000 0.000000 1.017844
0.000000 -0.656287 -0.420579 0.000000 1.159034 0.000000 0.000000 0.336288 0.000000 -0.520208 0.000000 0.285201 0.000000 -0.066075 -0.254542 0.000000 0.000000 0.000000 0.000000 0.000000 -0.163168 0.000000 0.000000 0.000000 0.000000 0.000000 0.000000 -0.097271 -0.500311 0.000000 0.842049 0.000000 0.000000 0.000000 -1.727537 0.000000 -0.344597 0.000000 0.000000 -0.286103
-1.650590 -0.489448 -1.006548 1.236202 0.104239 0.823914 -0.970014 0.000000 0.000000 -0.156669 1.202365 -0.288617 0.000000 0.000000 -0.421726 0.855322 0.000000 0.227806 0.524452 1.329683 0.925914 -0.955824 0.985055 0.822263 0.664114 0.000000 1.931588 0.427043 -0.203312 3.064301 1.134682 0.538604 1.889045 0.000000 -0.595339 1.120155 -0.045601 1.065180 0.000000 -0.591131
2.703500 -0.414642 1.379731 0.000000 0.000000 0.000000 1.504050 0.000000 0.000000 2.447336 0.816484 0.000000 0.000000 0.000000 -0.305885 0.000000 0.000000 0.592489 0.000000 0.000000 0.000000 0.000000 0.000000 0.000000 0.000000 0.000000 0.000000 0.421295 0.000000 0.000000 0.544997 0.000000 0.000000 0.000000 -1.434675 0.000000 1.731014 0.000000 0.000000 0.000000
0.209369 -0.637371 -0.445917 0.366671 0.547618 1.101176 0.172193 -0.060730 0.183763 0.682332 -0.576825 0.678695 0.000000 0.000000 -0.430464 0.000000 -0.220911 -1.333685 0.243940 1.120148 0.000000 -0.242959 1.137993 0.000000 0.003977 1.134364 0.000000 0.000000 0.000000 -0.388822 -0.301590 0.242201 0.364600 0.000000 -0.608763 0.000000 0.000000 0.000000 0.000000 -0.991134
0.172851 0.035416 2.092155 0.000000 0.000000 0.395951 0.869651 0.000000 0.000000 0.957925 0.680090 0.000000 0.000000 0.000000 -0.837777 -0.049031 0.000000 0.366699 0.000000 -0.380277 0.000000 0.841168 0.000000 0.000000 0.693063 0.000000 0.000000 0.000000 0.076008 0.620788 0.913766 0.686633 -0.065673 0.000000 1.068154 0.000000 1.878020 0.000000 0.000000 0.941932
-2.191524 0.297907 0.698331 0.592064 0.000000 0.000000 1.081462 -0.236677 0.000000 -0.260857 0.587346 -0.803921 0.000000 0.289165 -1.403208 0.000000 0.129770 0.000000 0.000000 0.000000 0.000000 0.000000 0.000000 0.000000 0.000000 0.000000 0.000000 0.000000 -0.276052 0.000000 0.719673 0.353076 0.000000 0.000000 -0.618647 0.000000 -0.293968 0.000000 0.000000 -0.441731
0.050234 0.400530 2.581109 0.134384 0.000000 0.000000 0.938248 0.582391 -0.093079 0.263819 0.539958 -1.089966 0.000000 0.000000 -0.727429 0.000000 0.000000 2.757904 0.000000 0.000000 0.571698 -0.091982 0.000000 0.000000 0.000000 0.000000 0.000000 0.000000 0.000000 0.807844 2.238179 0.000000 0.000000 0.000000 0.833657 0.000000 0.726618 0.000000 0.000000 1.565228
1.438620 -0.245266 -0.202523 0.000000 0.000000 0.000000 0.905903 0.721524 0.740786 0.870533 0.026218 0.000000 1.158025 0.000000 0.833087 0.274252 0.437453 0.943052 0.000000 0.000000 0.483641 0.000000 0.000000 0.000000 0.000000 0.000000 1.749216 -1.142524 0.000000 0.542571 0.516691 0.000000 0.000000 0.000000 -0.488134 1.079425 0.000000 0.000000 0.000000 0.654615
-0.196901 -0.631718 -0.060609 0.284936 0.000000 0.000000 -1.592325 -0.092181 0.000000 -0.825331 1.275869 -0.329830 0.000000 0.000000 -0.245433 0.531445 -0.610490 -0.605202 0.854054 0.000000 -0.461547 -0.055927 0.000000 0.000000 0.000000 0.000000 0.000000 0.852404 -0.665468 1.123152 -0.767898 0.000000 0.000000 0.000000 0.071167 0.000000 -0.741958 0.000000 0.000000 -1.143661
1.414995 -0.548314 -0.373766 0.000000 0.994894 0.000000 0.755140 0.000000 0.000000 0.855640 0.496705 0.000000 0.000000 0.000000 1.118109 0.000000 0.000000 0.000000 0.000000 0.000000 0.000000 0.212529 0.852679 0.000000 0.000000 0.000000 0.000000 -0.616522 0.000000 0.238717 -1.050347 0.000000 0.059429 0.000000 0.295775 0.000000 0.085352 0.000000 0.000000 1.297333
-1.276895 -0.163920 0.357417 0.000000 0.000000 1.023085 0.592406 -0.890226 0.000000 0.273779 0.000000 0.000000 0.000000 0.000000 -0.130272 -0.106835 0.000000 0.012407 0.212801 0.000000 0.000000 0.000000 0.000000 0.000000 0.000000 0.000000 0.000000 0.000000 0.000000 -0.539101 -1.828722 0.000000 0.000000 0.000000 -0.920777 0.000000 -0.417473 0.000000 0.000000 -1.242281
2.851964 -0.345426 -0.381685 0.819320 0.000000 0.005410 -0.994503 0.705100 0.153142 -0.692268 -0.216971 0.005677 0.000000 0.000000 -0.251329 0.391575 0.000000 -0.979122 0.222172 0.830595 0.485901 0.414902 1.370214 0.000000 0.146814 0.000000 0.000000 1.551258 0.219898 -1.662548 0.783339 0.000000 0.000000 0.000000 -0.201198 0.000000 -0.564984 0.000000 0.000000 0.838814
