0 1
0 9
0 19
0 22
0 27
0 35
0 38
1 0
1 5
1 28
2 4
2 6
2 9
2 12
2 21
2 22
2 24
2 25
3 9
3 10
3 13
3 18
3 37
4 2
4 10
4 17
4 30
5 1
5 10
6 2
6 7
6 13
6 21
6 35
7 6
7 8
7 18
7 26
7 27
7 28
7 33
8 7
8 11
8 25
9 0
9 2
9 3
9 13
9 28
9 37
10 3
10 4
10 5
10 12
10 22
10 23
10 31
10 34
11 8
12 2
12 10
12 24
13 3
13 6
13 9
13 23
13 24
13 35
14 17
14 18
14 30
14 31
15 28
15 38
16 23
17 4
17 14
17 33
17 39
18 3
18 7
18 14
18 19
19 0
19 18
19 21
19 38
19 39
20 33
21 2
21 6
21 19
22 0
22 2
22 10
22 27
22 29
23 10
23 13
23 16
23 37
24 2
24 12
24 13
24 35
24 36
24 37
25 2
25 8
26 7
26 34
27 0
27 7
27 22
27 38
28 1
28 7
28 9
28 15
28 32
29 22
30 4
30 14
30 32
31 10
31 14
32 28
32 30
32 35
33 7
33 17
33 20
33 35
34 10
34 26
35 0
35 6
35 13
35 24
35 32
35 33
35 38
35 39
36 24
36 38
37 3
37 9
37 23
37 24
38 0
38 15
38 19
38 27
38 35
38 36
39 17
39 19
39 35
