0.000000 0.000000 1.020968 1.028820 0.848813 1.041590 1.082679 1.168129 1.305919 0.000000 1.241156 1.519789 1.117125 1.605397 0.000000 0.000000 0.000000 1.326600 0.000000 1.023293 0.000000 1.251919 0.000000 0.000000 0.000000 0.000000 0.000000 0.000000 0.000000 0.000000 0.000000 1.338178 0.000000 0.000000
1.319521 0.000000 1.146449 1.166564 0.000000 0.000000 0.000000 1.151290 0.000000 0.000000 0.000000 0.000000 0.000000 0.555223 0.000000 0.000000 0.000000 1.128106 0.000000 1.243875 0.000000 1.236037 0.000000 0.000000 0.000000 0.000000 0.000000 0.000000 0.000000 0.000000 1.490771 0.000000 0.000000 0.000000
1.100149 1.010935 0.000000 1.187726 0.000000 0.000000 0.000000 1.221055 1.106957 1.307451 0.000000 0.000000 0.000000 1.728368 0.000000 0.000000 0.000000 0.000000 0.000000 0.000000 0.000000 0.000000 0.000000 0.000000 0.000000 0.000000 0.000000 1.188722 1.079181 0.000000 0.000000 0.000000 1.077055 0.000000
1.433205 1.047358 1.016705 0.000000 0.000000 0.000000 0.000000 0.964999 0.000000 0.000000 0.000000 0.000000 1.055468 1.219955 0.000000 0.000000 0.000000 0.000000 0.000000 0.000000 0.000000 0.000000 0.000000 0.000000 0.000000 0.000000 0.000000 0.000000 0.000000 0.000000 0.000000 0.000000 0.000000 0.000000
0.000000 0.000000 0.000000 0.000000 0.000000 0.000000 0.910619 0.000000 0.000000 0.000000 1.140605 0.000000 0.000000 0.000000 0.000000 0.000000 0.000000 0.000000 0.000000 0.000000 0.000000 0.000000 0.000000 0.237586 0.000000 0.000000 0.000000 0.000000 0.000000 0.000000 0.000000 0.000000 0.000000 0.000000
1.082312 0.000000 0.000000 0.000000 0.000000 0.000000 0.870928 0.000000 0.000000 0.000000 0.919025 0.000000 0.000000 0.000000 0.000000 0.000000 1.211077 0.000000 0.000000 0.000000 0.000000 0.000000 0.000000 0.000000 0.000000 0.000000 0.000000 0.000000 0.000000 0.000000 0.000000 0.000000 0.000000 0.000000
1.855779 0.000000 0.000000 0.000000 1.149636 1.275914 0.000000 0.000000 0.000000 0.000000 0.000000 0.000000 0.000000 0.000000 0.000000 0.000000 1.329054 0.000000 0.000000 0.000000 0.000000 0.000000 0.000000 0.000000 0.000000 0.000000 0.000000 0.000000 0.000000 0.000000 0.000000 0.000000 0.000000 0.000000
1.229533 0.698085 1.203630 1.039589 0.000000 0.000000 0.000000 0.000000 0.000000 0.000000 0.000000 0.000000 0.000000 0.000000 0.000000 0.000000 0.000000 0.000000 0.000000 0.000000 0.000000 0.000000 0.000000 0.000000 0.000000 0.000000 0.000000 0.000000 0.000000 0.000000 0.000000 0.000000 0.000000 0.000000
0.929690 0.000000 1.268991 0.000000 0.000000 0.000000 0.000000 0.000000 0.000000 0.000000 0.000000 0.000000 0.000000 0.000000 0.000000 0.000000 0.000000 0.000000 0.000000 0.000000 0.000000 0.000000 0.000000 0.000000 0.000000 0.000000 0.000000 0.000000 0.000000 0.000000 1.007276 0.000000 1.325710 1.132771
0.000000 0.000000 1.038797 0.000000 0.000000 0.000000 0.000000 0.000000 0.000000 0.000000 0.000000 0.000000 0.134306 0.000000 0.000000 0.000000 0.000000 0.000000 0.000000 0.000000 0.000000 0.000000 0.000000 0.000000 0.000000 0.000000 0.000000 0.000000 0.416934 0.000000 0.000000 0.000000 0.000000 0.992399
1.589890 0.000000 0.000000 0.000000 1.249932 1.297984 0.224874 0.000000 0.000000 0.000000 0.000000 0.000000 0.000000 0.000000 0.000000 0.000000 0.000000 0.000000 0.389308 0.000000 0.000000 0.000000 0.000000 0.000000 0.000000 0.000000 0.000000 0.308771 0.388030 0.000000 0.000000 0.000000 0.000000 0.000000
1.772705 0.000000 0.000000 0.000000 0.310829 0.000000 0.338127 0.000000 0.000000 0.000000 0.000000 0.000000 0.000000 0.000000 0.000000 0.000000 0.000000 0.000000 0.000000 0.080286 0.000000 0.000000 0.000000 0.196170 0.000000 0.000000 0.000000 0.000000 0.000000 0.000000 0.000000 0.000000 0.000000 0.000000
1.193550 0.000000 0.000000 1.259615 0.000000 0.000000 0.000000 0.216403 0.000000 0.000000 0.000000 0.000000 0.073733 0.306625 0.000000 0.000000 0.000000 0.000000 0.000000 0.000000 0.000000 0.000000 0.000000 0.000000 0.000000 0.000000 0.000000 0.000000 0.000000 0.000000 0.000000 0.000000 0.000000 0.000000
1.299544 1.227153 0.955084 1.042014 0.000000 0.000000 0.000000 0.000000 0.000000 0.000000 0.000000 0.000000 0.000000 0.000000 0.000000 0.000000 0.000000 0.000000 0.000000 0.000000 0.000000 0.000000 0.000000 0.000000 0.000000 0.000000 0.000000 0.000000 0.000000 0.000000 0.000000 0.000000 0.000000 1.048498
0.000000 0.000000 0.000000 0.000000 0.000000 0.000000 0.000000 0.000000 0.000000 0.000000 0.000000 0.000000 0.000000 0.000000 0.000000 0.000000 0.000000 0.000000 0.000000 0.000000 0.000000 0.000000 0.000000 0.000000 0.000000 0.000000 0.000000 0.000000 0.000000 0.000000 0.000000 0.000000 0.753015 1.139048
0.000000 0.000000 0.000000 0.000000 0.000000 0.000000 0.000000 0.000000 0.000000 0.000000 0.000000 0.000000 0.000000 0.000000 0.000000 0.000000 0.000000 0.000000 0.000000 0.000000 0.000000 0.000000 0.000000 0.000000 0.000000 0.000000 0.000000 0.000000 0.000000 0.000000 0.000000 0.000000 1.589377 0.232677
0.000000 0.000000 0.000000 0.000000 0.000000 1.016367 1.047173 0.000000 0.000000 0.000000 0.290320 0.000000 0.000000 0.000000 0.000000 0.000000 0.000000 0.000000 0.000000 0.000000 0.000000 0.000000 0.000000 0.000000 0.000000 0.000000 0.000000 0.000000 0.000000 0.000000 0.000000 0.000000 0.000000 0.000000
0.447239 1.698249 0.000000 0.000000 0.000000 0.000000 0.000000 0.000000 0.000000 0.000000 0.000000 0.000000 0.155292 0.000000 0.000000 0.440111 0.000000 0.000000 0.000000 0.000000 0.000000 0.000000 0.000000 0.000000 0.000000 0.000000 0.000000 0.000000 0.000000 0.000000 0.000000 0.000000 0.000000 0.000000
0.000000 0.000000 0.000000 0.000000 0.000000 0.000000 0.000000 0.000000 0.000000 0.000000 0.000000 0.000000 0.000000 0.000000 0.000000 0.000000 0.000000 0.000000 0.000000 0.000000 0.000000 0.000000 0.000000 0.000000 0.000000 0.000000 0.000000 0.000000 0.000000 0.000000 0.000000 0.000000 0.501560 0.965894
0.970640 1.271114 0.000000 0.000000 0.000000 0.000000 0.000000 0.000000 0.000000 0.000000 0.000000 0.000000 0.000000 0.000000 0.000000 0.000000 0.000000 0.000000 0.000000 0.000000 0.000000 0.000000 0.000000 0.000000 0.000000 0.000000 0.000000 0.000000 0.000000 0.000000 0.000000 0.000000 0.000000 1.345876
0.000000 0.000000 0.000000 0.000000 0.000000 0.000000 0.000000 0.000000 0.000000 0.000000 0.000000 0.000000 0.000000 0.000000 0.000000 0.000000 0.000000 0.000000 0.000000 0.091537 0.000000 0.000000 0.000000 0.000000 0.000000 0.000000 0.000000 0.000000 0.000000 0.000000 0.000000 0.000000 0.895182 0.915577
0.000000 1.531697 0.000000 0.000000 0.000000 0.000000 0.000000 0.000000 0.000000 0.000000 0.000000 0.000000 0.000000 0.000000 0.000000 0.000000 0.000000 0.000000 0.000000 0.000000 0.000000 0.000000 0.000000 0.000000 0.000000 0.000000 0.000000 0.000000 0.000000 0.000000 0.000000 0.000000 0.000000 0.000000
0.000000 0.000000 0.000000 0.000000 0.000000 0.000000 0.000000 0.000000 0.000000 0.000000 0.000000 0.000000 0.000000 0.000000 0.000000 0.000000 0.000000 0.000000 -0.020007 0.000000 0.000000 0.000000 0.000000 0.000000 0.000000 0.000000 0.000000 0.000000 0.000000 0.000000 0.000000 0.000000 1.119067 1.411369
0.000000 0.000000 0.000000 0.000000 0.000000 0.000000 0.352905 0.000000 0.000000 0.000000 0.000000 0.000000 0.283988 0.000000 0.000000 0.000000 0.000000 0.000000 0.401388 0.221877 0.000000 0.000000 0.000000 0.226106 0.259375 1.301074 0.000000 1.078292 0.000000 1.214976 0.000000 0.000000 1.314695 1.139538
0.000000 0.000000 0.000000 0.000000 0.000000 0.000000 0.000000 0.000000 0.000000 0.000000 0.000000 0.000000 0.000000 0.000000 0.000000 0.000000 0.000000 0.000000 0.000000 0.000000 0.000000 0.000000 0.000000 0.000000 0.213720 1.189956 0.000000 0.922325 0.000000 0.000000 0.000000 1.280635 0.000000 0.000000
0.000000 0.000000 0.000000 0.000000 0.000000 0.000000 0.000000 0.000000 0.000000 0.000000 0.000000 0.000000 0.000000 0.000000 0.000000 0.000000 0.000000 0.000000 0.000000 0.000000 0.000000 0.000000 0.000000 1.101431 1.106093 0.000000 0.000000 0.420824 0.000000 0.000000 0.000000 1.000467 0.000000 0.000000
0.000000 0.000000 0.000000 0.000000 0.000000 0.000000 0.000000 0.000000 0.000000 0.000000 0.000000 0.000000 0.000000 0.000000 0.000000 0.243442 0.000000 0.000000 0.352853 0.351398 0.000000 0.000000 0.000000 0.149921 0.000000 0.000000 0.000000 0.114268 0.000000 1.184410 0.000000 0.000000 0.000000 1.417221
0.000000 0.000000 1.033858 0.000000 0.000000 0.000000 0.000000 0.000000 0.000000 0.000000 0.000000 0.000000 0.000000 0.000000 0.000000 0.000000 0.000000 0.000000 0.000000 0.000000 0.000000 0.000000 0.000000 1.072933 1.078094 0.000000 0.000000 0.000000 0.000000 0.000000 0.000000 0.000000 0.000000 1.245123
0.000000 0.000000 0.942779 0.000000 0.000000 0.000000 0.000000 0.000000 0.000000 0.000000 0.000000 0.000000 0.000000 0.000000 0.000000 0.000000 0.000000 0.000000 0.000000 0.000000 0.000000 0.000000 0.000000 0.000000 0.000000 0.000000 0.000000 0.000000 0.385616 0.000000 0.000000 1.228762 0.000000 1.144725
0.000000 0.000000 0.000000 0.000000 0.000000 0.000000 0.000000 0.000000 0.000000 0.000000 0.000000 0.000000 0.000000 0.000000 0.000000 0.000000 0.000000 0.000000 0.000000 0.000000 0.000000 0.000000 0.000000 1.118778 0.000000 0.000000 2.251043 0.000000 0.000000 0.000000 0.000000 0.000000 1.020567 1.075390
0.000000 1.313661 0.000000 0.000000 0.000000 0.000000 0.000000 0.000000 0.963460 0.000000 0.000000 0.000000 0.000000 0.000000 0.000000 0.000000 0.000000 0.000000 0.000000 0.000000 0.000000 0.000000 0.000000 0.137260 0.000000 0.000000 0.000000 0.000000 0.000000 0.000000 0.000000 0.000000 1.094568 0.900651
0.000000 0.000000 0.000000 0.000000 0.000000 0.000000 0.000000 0.000000 0.000000 0.000000 0.000000 0.000000 0.000000 0.000000 0.000000 0.000000 0.000000 0.000000 0.000000 0.000000 0.000000 0.000000 0.000000 0.000000 1.254963 1.308000 0.000000 0.000000 1.149350 0.000000 0.000000 0.000000 1.320291 1.099638
0.000000 0.000000 1.290320 0.000000 0.000000 0.000000 0.000000 0.000000 1.041572 0.000000 0.000000 0.000000 0.000000 0.000000 1.158995 1.060947 0.000000 0.000000 1.270984 0.213835 1.047281 0.000000 1.258588 1.097831 0.000000 0.000000 0.000000 0.000000 0.697538 0.694438 2.343624 2.190223 0.000000 0.873970
0.000000 0.000000 0.000000 0.000000 0.000000 0.000000 0.000000 0.000000 1.107424 1.227109 0.000000 0.000000 0.000000 0.000000 1.332944 0.976552 0.000000 0.000000 0.468807 0.676311 1.320132 0.000000 1.341777 0.736625 0.000000 0.000000 0.000000 0.874695 0.000000 1.431464 0.000000 0.000000 0.979848 0.000000
