0.000000 0.000000 1.022180 1.034070 0.852591 1.046543 1.237187 1.167399 1.305452 0.000000 1.238636 1.519883 1.117982 1.605299 0.000000 0.000000 0.000000 1.330686 0.000000 1.016128 0.000000 1.255681 0.000000 0.000000 0.000000 0.000000 0.000000 0.000000 0.000000 0.000000 0.000000 1.284878 0.000000 0.000000
1.320680 0.000000 1.148625 1.169388 0.000000 0.000000 0.000000 1.155232 0.000000 0.000000 0.000000 0.000000 0.000000 0.549871 0.000000 0.000000 0.000000 1.124502 0.000000 1.253942 0.000000 1.234845 0.000000 0.000000 0.000000 0.000000 0.000000 0.000000 0.000000 0.000000 1.491534 0.000000 0.000000 0.000000
1.105483 1.000406 0.000000 1.184443 0.000000 0.000000 0.000000 1.221019 1.102865 1.302645 0.000000 0.000000 0.000000 1.730741 0.000000 0.000000 0.000000 0.000000 0.000000 0.000000 0.000000 0.000000 0.000000 0.000000 0.000000 0.000000 0.000000 1.201807 1.082514 0.000000 0.000000 0.000000 1.074658 0.000000
1.441664 1.045981 1.017078 0.000000 0.000000 0.000000 0.000000 0.962120 0.000000 0.000000 0.000000 0.000000 1.052021 1.222638 0.000000 0.000000 0.000000 0.000000 0.000000 0.000000 0.000000 0.000000 0.000000 0.000000 0.000000 0.000000 0.000000 0.000000 0.000000 0.000000 0.000000 0.000000 0.000000 0.000000
0.000000 0.000000 0.000000 0.000000 0.000000 0.000000 0.960484 0.000000 0.000000 0.000000 1.139816 0.000000 0.000000 0.000000 0.000000 0.000000 0.000000 0.000000 0.000000 0.000000 0.000000 0.000000 0.000000 0.000000 0.000000 0.000000 0.000000 0.000000 0.000000 0.000000 0.000000 0.000000 0.000000 0.000000
1.069731 0.000000 0.000000 0.000000 0.000000 0.000000 0.805432 0.000000 0.000000 0.000000 0.920095 0.000000 0.000000 0.000000 0.000000 0.000000 1.212130 0.000000 0.000000 0.000000 0.000000 0.000000 0.000000 0.000000 0.000000 0.000000 0.000000 0.000000 0.000000 0.000000 0.000000 0.000000 0.000000 0.000000
1.854760 0.000000 0.000000 0.000000 1.150703 1.279314 0.000000 0.000000 0.000000 0.000000 0.000000 0.000000 0.000000 0.000000 0.000000 0.000000 1.327020 0.000000 0.000000 0.000000 0.000000 0.000000 0.000000 0.000000 0.000000 0.000000 0.000000 0.000000 0.000000 0.000000 0.000000 0.000000 0.000000 0.000000
1.205917 0.698800 1.200086 1.041605 0.000000 0.000000 0.000000 0.000000 0.000000 0.000000 0.000000 0.000000 0.000000 0.000000 0.000000 0.000000 0.000000 0.000000 0.000000 0.000000 0.000000 0.000000 0.000000 0.000000 0.000000 0.000000 0.000000 0.000000 0.000000 0.000000 0.000000 0.000000 0.000000 0.000000
0.911646 0.000000 1.266186 0.000000 0.000000 0.000000 0.000000 0.000000 0.000000 0.000000 0.000000 0.000000 0.000000 0.000000 0.000000 0.000000 0.000000 0.000000 0.000000 0.000000 0.000000 0.000000 0.000000 0.000000 0.000000 0.000000 0.000000 0.000000 0.000000 0.000000 1.005027 0.000000 1.327986 1.136579
0.000000 0.000000 1.036470 0.000000 0.000000 0.000000 0.000000 0.000000 0.000000 0.000000 0.000000 0.000000 0.132253 0.000000 0.000000 0.000000 0.000000 0.000000 0.000000 0.000000 0.000000 0.000000 0.000000 0.000000 0.000000 0.000000 0.000000 0.000000 0.417638 0.000000 0.000000 0.000000 0.000000 0.982514
1.589093 0.000000 0.000000 0.000000 1.245306 1.288531 0.300389 0.000000 0.000000 0.000000 0.000000 0.000000 0.000000 0.000000 0.000000 0.000000 0.000000 0.000000 0.390699 0.000000 0.000000 0.000000 0.000000 0.000000 0.000000 0.000000 0.000000 0.000000 0.387911 0.000000 0.000000 0.000000 0.000000 0.000000
1.782535 0.000000 0.000000 0.000000 0.309880 0.000000 0.216429 0.000000 0.000000 0.000000 0.000000 0.000000 0.000000 0.000000 0.000000 0.000000 0.000000 0.000000 0.000000 0.077716 0.000000 0.000000 0.000000 0.340516 0.000000 0.000000 0.000000 0.000000 0.000000 0.000000 0.000000 0.000000 0.000000 0.000000
1.194728 0.000000 0.000000 1.252516 0.000000 0.000000 0.000000 0.215455 0.000000 0.000000 0.000000 0.000000 0.073399 0.315954 0.000000 0.000000 0.000000 0.000000 0.000000 0.000000 0.000000 0.000000 0.000000 0.000000 0.000000 0.000000 0.000000 0.000000 0.000000 0.000000 0.000000 0.000000 0.000000 0.000000
1.298955 1.238975 0.957147 1.042098 0.000000 0.000000 0.000000 0.000000 0.000000 0.000000 0.000000 0.000000 0.000000 0.000000 0.000000 0.000000 0.000000 0.000000 0.000000 0.000000 0.000000 0.000000 0.000000 0.000000 0.000000 0.000000 0.000000 0.000000 0.000000 0.000000 0.000000 0.000000 0.000000 1.050848
0.000000 0.000000 0.000000 0.000000 0.000000 0.000000 0.000000 0.000000 0.000000 0.000000 0.000000 0.000000 0.000000 0.000000 0.000000 0.000000 0.000000 0.000000 0.000000 0.000000 0.000000 0.000000 0.000000 0.000000 0.000000 0.000000 0.000000 0.000000 0.000000 0.000000 0.000000 0.000000 0.756830 1.138479
0.000000 0.000000 0.000000 0.000000 0.000000 0.000000 0.000000 0.000000 0.000000 0.000000 0.000000 0.000000 0.000000 0.000000 0.000000 0.000000 0.000000 0.000000 0.000000 0.000000 0.000000 0.000000 0.000000 0.000000 0.000000 0.000000 0.000000 0.000000 0.000000 0.000000 0.000000 0.000000 1.603781 0.239526
0.000000 0.000000 0.000000 0.000000 0.000000 1.014404 1.016101 0.000000 0.000000 0.000000 0.291531 0.000000 0.000000 0.000000 0.000000 0.000000 0.000000 0.000000 0.000000 0.000000 0.000000 0.000000 0.000000 0.000000 0.000000 0.000000 0.000000 0.000000 0.000000 0.000000 0.000000 0.000000 0.000000 0.000000
0.463103 1.704699 0.000000 0.000000 0.000000 0.000000 0.000000 0.000000 0.000000 0.000000 0.000000 0.000000 0.157603 0.000000 0.000000 0.438433 0.000000 0.000000 0.000000 0.000000 0.000000 0.000000 0.000000 0.000000 0.000000 0.000000 0.000000 0.000000 0.000000 0.000000 0.000000 0.000000 0.000000 0.000000
0.000000 0.000000 0.000000 0.000000 0.000000 0.000000 0.000000 0.000000 0.000000 0.000000 0.000000 0.000000 0.000000 0.000000 0.000000 0.000000 0.000000 0.000000 0.000000 0.000000 0.000000 0.000000 0.000000 0.000000 0.000000 0.000000 0.000000 0.000000 0.000000 0.000000 0.000000 0.000000 0.494264 0.969441
0.976758 1.275675 0.000000 0.000000 0.000000 0.000000 0.000000 0.000000 0.000000 0.000000 0.000000 0.000000 0.000000 0.000000 0.000000 0.000000 0.000000 0.000000 0.000000 0.000000 0.000000 0.000000 0.000000 0.000000 0.000000 0.000000 0.000000 0.205552 0.000000 0.000000 0.000000 0.000000 0.000000 1.344057
0.000000 0.000000 0.000000 0.000000 0.000000 0.000000 0.000000 0.000000 0.000000 0.000000 0.000000 0.000000 0.000000 0.000000 0.000000 0.000000 0.000000 0.000000 0.000000 0.110427 0.000000 0.000000 0.000000 0.000000 0.000000 0.000000 0.000000 0.000000 0.000000 0.000000 0.000000 0.000000 0.903888 0.927392
0.000000 1.517162 0.000000 0.000000 0.000000 0.000000 0.000000 0.000000 0.000000 0.000000 0.000000 0.000000 0.000000 0.000000 0.000000 0.000000 0.000000 0.000000 0.000000 0.000000 0.000000 0.000000 0.000000 0.000000 0.000000 0.000000 0.000000 0.000000 0.000000 0.000000 0.000000 0.000000 0.000000 0.000000
0.000000 0.000000 0.000000 0.000000 0.000000 0.000000 0.000000 0.000000 0.000000 0.000000 0.000000 0.000000 0.000000 0.000000 0.000000 0.021972 0.000000 0.000000 -0.018476 0.000000 0.000000 0.000000 0.000000 0.000000 0.000000 0.000000 0.000000 0.000000 0.000000 0.000000 0.000000 0.000000 1.114383 1.402435
0.000000 0.000000 0.000000 0.000000 0.000000 0.000000 0.000000 0.000000 0.000000 0.000000 0.000000 0.000000 0.286428 0.000000 0.000000 0.000000 0.000000 0.000000 0.396626 0.202219 0.000000 0.000000 0.000000 0.255549 0.255341 1.303865 0.000000 1.000771 0.000000 1.205517 0.000000 0.000000 1.299972 1.120251
0.000000 0.000000 0.000000 0.000000 0.000000 0.000000 0.000000 0.000000 0.000000 0.000000 0.000000 0.000000 0.000000 0.000000 0.000000 0.000000 0.000000 0.000000 0.000000 0.000000 0.000000 0.000000 0.000000 0.000000 0.212574 1.185217 0.000000 1.100331 0.000000 0.000000 0.000000 1.188274 0.000000 0.000000
0.000000 0.000000 0.000000 0.000000 0.000000 0.000000 0.000000 0.000000 0.000000 0.000000 0.000000 0.000000 0.000000 0.000000 0.000000 0.000000 0.000000 0.000000 0.000000 0.000000 0.000000 0.000000 0.000000 1.057391 1.096810 0.000000 0.000000 0.375948 0.000000 0.000000 0.000000 1.148001 0.000000 0.000000
0.000000 0.000000 0.000000 0.000000 0.000000 0.000000 0.000000 0.000000 0.000000 0.000000 0.000000 0.000000 0.000000 0.000000 0.000000 0.242085 0.000000 0.000000 0.354441 0.362185 0.000000 0.000000 0.000000 0.081690 0.000000 0.000000 0.000000 -0.094587 0.000000 1.184527 0.000000 0.000000 0.000000 1.423433
0.000000 0.000000 1.031738 0.000000 0.000000 0.000000 0.000000 0.000000 0.000000 0.000000 0.000000 0.000000 0.000000 0.000000 0.000000 0.000000 0.000000 0.000000 0.000000 0.000000 0.000000 0.000000 0.000000 1.081323 1.085022 0.000000 0.000000 0.000000 0.000000 0.000000 0.000000 0.000000 0.000000 1.244619
0.000000 0.000000 0.942004 0.000000 0.000000 0.000000 0.000000 0.000000 0.000000 0.000000 0.000000 0.000000 0.000000 0.000000 0.000000 0.000000 0.000000 0.000000 0.000000 0.000000 0.000000 0.000000 0.000000 0.000000 0.000000 0.000000 0.000000 0.000000 0.384958 0.000000 0.000000 0.984238 0.000000 1.141520
0.000000 0.000000 0.000000 0.000000 0.000000 0.000000 0.000000 0.000000 0.000000 0.000000 0.000000 0.000000 0.000000 0.000000 0.000000 0.000000 0.000000 0.000000 0.000000 0.000000 0.000000 0.000000 0.000000 1.170781 0.000000 0.000000 2.259849 -0.021980 0.000000 0.000000 0.000000 0.000000 1.024274 1.083025
0.000000 1.314422 0.000000 0.000000 0.000000 0.000000 0.000000 0.000000 0.961957 0.000000 0.000000 0.000000 0.000000 0.000000 0.000000 0.000000 0.000000 0.000000 0.000000 0.000000 0.000000 0.000000 0.000000 0.169680 0.000000 0.000000 0.000000 0.000000 0.000000 0.000000 0.000000 0.000000 1.094440 0.899302
0.000000 0.000000 0.000000 0.000000 0.000000 0.000000 0.000000 0.000000 0.000000 0.000000 0.000000 0.000000 0.000000 0.000000 0.000000 0.000000 0.000000 0.000000 0.000000 0.000000 0.000000 0.000000 0.000000 0.000000 1.260155 1.308671 0.000000 0.000000 1.150634 0.000000 0.000000 0.000000 1.320315 1.096451
0.000000 0.000000 1.292010 0.000000 0.000000 0.000000 0.000000 0.000000 1.041815 0.000000 0.000000 0.000000 0.000000 0.000000 1.161320 1.047423 0.000000 0.000000 1.272382 0.205674 1.047320 0.000000 1.259820 1.012049 0.000000 0.000000 0.000000 0.000000 0.696340 0.694060 2.345867 1.059538 0.000000 0.876300
0.000000 0.000000 0.000000 0.000000 0.000000 0.000000 0.000000 0.000000 1.110092 1.230915 0.000000 0.000000 0.000000 0.000000 1.329925 0.971021 0.000000 0.000000 0.468421 0.668569 1.319986 0.000000 1.340169 0.805080 0.000000 0.000000 0.000000 1.083471 0.000000 1.439580 0.000000 1.252919 0.973763 0.000000
