0.000000 0.000000 1.016538 0.995798 0.861350 1.042019 1.237989 1.167662 1.295763 0.000000 1.241811 1.525114 1.108665 1.576613 0.000000 0.000000 0.000000 1.341908 0.000000 1.008512 0.000000 1.240665 0.000000 0.000000 0.000000 0.000000 0.000000 0.000000 0.000000 0.000000 0.000000 1.287925 0.000000 0.000000
1.315385 0.000000 1.156079 1.190390 0.000000 0.000000 0.000000 1.157996 0.000000 0.000000 0.000000 0.000000 0.000000 0.565591 0.000000 0.000000 0.000000 1.107968 0.000000 1.257526 0.000000 1.244709 0.000000 0.000000 0.000000 0.000000 0.000000 0.000000 0.000000 0.000000 1.460020 0.000000 0.000000 0.000000
1.148409 1.021617 0.000000 1.181023 0.000000 0.000000 0.000000 1.227087 1.102794 1.309207 0.000000 0.000000 0.000000 1.759496 0.000000 0.000000 0.000000 0.000000 0.000000 0.000000 0.000000 0.000000 0.000000 0.000000 0.000000 0.000000 0.000000 1.204791 1.076084 0.000000 0.000000 0.000000 1.067739 0.000000
1.506341 1.064963 1.012883 0.000000 0.000000 0.000000 0.000000 0.963005 0.000000 0.000000 0.000000 0.000000 1.068584 1.217956 0.000000 0.000000 0.000000 0.000000 0.000000 0.000000 0.000000 0.000000 0.000000 0.000000 0.000000 0.000000 0.000000 0.000000 0.000000 0.000000 0.000000 0.000000 0.000000 0.000000
0.000000 0.000000 0.000000 0.000000 0.000000 0.000000 0.963204 0.000000 0.000000 0.000000 1.130528 0.000000 0.000000 0.000000 0.000000 0.000000 0.000000 0.000000 0.000000 0.000000 0.000000 0.000000 0.000000 0.000000 0.000000 0.000000 0.000000 0.000000 0.000000 0.000000 0.000000 0.000000 0.000000 0.000000
1.011132 0.000000 0.000000 0.000000 0.000000 0.000000 0.814816 0.000000 0.000000 0.000000 0.911996 0.000000 0.000000 0.000000 0.000000 0.000000 1.212007 0.000000 0.000000 0.000000 0.000000 0.000000 0.000000 0.000000 0.000000 0.000000 0.000000 0.000000 0.000000 0.000000 0.000000 0.000000 0.000000 0.000000
1.823358 0.000000 0.000000 0.000000 1.149386 1.286889 0.000000 0.000000 0.000000 0.000000 0.000000 0.000000 0.000000 0.000000 0.000000 0.000000 1.326846 0.000000 0.000000 0.000000 0.000000 0.000000 0.000000 0.000000 0.000000 0.000000 0.000000 0.000000 0.000000 0.000000 0.000000 0.000000 0.000000 0.000000
1.159667 0.718584 1.200795 1.029839 0.000000 0.000000 0.000000 0.000000 0.000000 0.000000 0.000000 0.000000 0.000000 0.000000 0.000000 0.000000 0.000000 0.000000 0.000000 0.000000 0.000000 0.000000 0.000000 0.000000 0.000000 0.000000 0.000000 0.000000 0.000000 0.000000 0.000000 0.000000 0.000000 0.000000
0.863869 0.000000 1.263414 0.000000 0.000000 0.000000 0.000000 0.000000 0.000000 0.000000 0.000000 0.000000 0.000000 0.000000 0.000000 0.000000 0.000000 0.000000 0.000000 0.000000 0.000000 0.000000 0.000000 0.000000 0.000000 0.000000 0.000000 0.000000 0.000000 0.000000 1.032456 0.000000 1.333601 1.140710
0.000000 0.000000 1.042616 0.000000 0.000000 0.000000 0.000000 0.000000 0.000000 0.000000 0.000000 0.000000 0.133339 0.000000 0.000000 0.000000 0.000000 0.000000 0.000000 0.000000 0.000000 0.000000 0.000000 0.000000 0.000000 0.000000 0.000000 0.000000 0.420535 0.000000 0.000000 0.000000 0.000000 0.959811
1.647167 0.000000 0.000000 0.000000 1.250717 1.298154 0.309219 0.000000 0.000000 0.000000 0.000000 0.000000 0.000000 0.000000 0.000000 0.000000 0.000000 0.000000 0.382454 0.000000 0.000000 0.000000 0.000000 0.000000 0.000000 0.000000 0.000000 0.286705 0.383972 0.000000 0.000000 0.000000 0.000000 0.000000
1.861308 0.000000 0.000000 0.000000 0.302612 0.000000 0.197463 0.000000 0.000000 0.000000 0.000000 0.000000 0.000000 0.000000 0.000000 0.000000 0.000000 0.000000 0.000000 0.077263 0.000000 0.000000 0.000000 0.342835 0.000000 0.000000 0.000000 0.000000 0.000000 0.000000 0.000000 0.000000 0.000000 0.000000
1.128283 0.000000 0.000000 1.274490 0.000000 0.000000 0.000000 0.216621 0.000000 0.000000 0.000000 0.000000 0.083965 0.316097 0.000000 0.000000 0.000000 0.000000 0.000000 0.000000 0.000000 0.000000 0.000000 0.000000 0.000000 0.000000 0.000000 0.000000 0.000000 0.000000 0.000000 0.000000 0.000000 0.000000
1.318569 1.163662 0.956460 1.052030 0.000000 0.000000 0.000000 0.000000 0.000000 0.000000 0.000000 0.000000 0.000000 0.000000 0.000000 0.000000 0.000000 0.000000 0.000000 0.000000 0.000000 0.000000 0.000000 0.000000 0.000000 0.000000 0.000000 0.000000 0.000000 0.000000 0.000000 0.000000 0.000000 1.048730
0.000000 0.000000 0.000000 0.000000 0.000000 0.000000 0.000000 0.000000 0.000000 0.000000 0.000000 0.000000 0.000000 0.000000 0.000000 0.000000 0.000000 0.000000 0.000000 0.000000 0.000000 0.000000 0.000000 0.000000 0.000000 0.000000 0.000000 0.000000 0.000000 0.000000 0.000000 0.000000 0.753537 1.136349
0.000000 0.000000 0.000000 0.000000 0.000000 0.000000 0.000000 0.000000 0.000000 0.000000 0.000000 0.000000 0.000000 0.000000 0.000000 0.000000 0.000000 0.000000 0.000000 0.000000 0.000000 0.000000 0.000000 0.000000 0.000000 0.000000 0.000000 0.000000 0.000000 0.000000 0.000000 0.000000 1.565275 0.191230
0.000000 0.000000 0.000000 0.000000 0.000000 1.014509 1.015587 0.000000 0.000000 0.000000 0.310684 0.000000 0.000000 0.000000 0.000000 0.000000 0.000000 0.000000 0.000000 0.000000 0.000000 0.000000 0.000000 0.000000 0.000000 0.000000 0.000000 0.000000 0.000000 0.000000 0.000000 0.000000 0.000000 0.000000
0.533646 1.717763 0.000000 0.000000 0.000000 0.000000 0.000000 0.000000 0.000000 0.000000 0.000000 0.000000 0.152545 0.000000 0.000000 0.439760 0.000000 0.000000 0.000000 0.000000 0.000000 0.000000 0.000000 0.000000 0.000000 0.000000 0.000000 0.000000 0.000000 0.000000 0.000000 0.000000 0.000000 0.000000
0.000000 0.000000 0.000000 0.000000 0.000000 0.000000 0.000000 0.000000 0.000000 0.000000 0.000000 0.000000 0.000000 0.000000 0.000000 0.000000 0.000000 0.000000 0.000000 0.000000 0.000000 0.000000 0.000000 0.000000 0.000000 0.000000 0.000000 0.000000 0.000000 0.000000 0.000000 0.000000 0.517588 1.003982
0.932195 1.258269 0.000000 0.000000 0.000000 0.000000 0.000000 0.000000 0.000000 0.000000 0.000000 0.000000 0.000000 0.000000 0.000000 0.000000 0.000000 0.000000 0.000000 0.000000 0.000000 0.000000 0.000000 0.000000 0.000000 0.000000 0.000000 0.000000 0.000000 0.000000 0.000000 0.000000 0.000000 1.342540
0.000000 0.000000 0.000000 0.000000 0.000000 0.000000 0.000000 0.000000 0.000000 0.000000 0.000000 0.000000 0.000000 0.000000 0.000000 0.000000 0.000000 0.000000 0.000000 0.088678 0.000000 0.000000 0.000000 0.000000 0.000000 0.000000 0.000000 0.000000 0.000000 0.000000 0.000000 0.000000 0.899896 0.941051
0.000000 1.538469 0.000000 0.000000 0.000000 0.000000 0.000000 0.000000 0.000000 0.000000 0.000000 0.000000 0.000000 0.000000 0.000000 0.000000 0.000000 0.000000 0.000000 0.000000 0.000000 0.000000 0.000000 0.000000 0.000000 0.000000 0.000000 0.000000 0.000000 0.000000 0.000000 0.000000 0.000000 0.000000
0.000000 0.000000 0.000000 0.000000 0.000000 0.000000 0.000000 0.000000 0.000000 0.000000 0.000000 0.000000 0.000000 0.000000 0.000000 0.020747 0.000000 0.000000 -0.018141 0.000000 0.000000 0.000000 0.000000 0.000000 0.000000 0.000000 0.000000 0.000000 0.000000 0.000000 0.000000 0.000000 1.123413 1.396340
0.000000 0.000000 0.000000 0.000000 0.000000 0.000000 0.000000 0.000000 0.000000 0.000000 0.000000 0.000000 0.257889 0.000000 0.000000 0.000000 0.000000 0.000000 0.400742 0.217583 0.000000 0.000000 0.000000 0.269789 0.269739 1.299462 0.000000 1.069241 0.000000 1.206506 0.000000 0.000000 1.312123 1.116754
0.000000 0.000000 0.000000 0.000000 0.000000 0.000000 0.000000 0.000000 0.000000 0.000000 0.000000 0.000000 0.000000 0.000000 0.000000 0.000000 0.000000 0.000000 0.000000 0.000000 0.000000 0.000000 0.000000 0.000000 0.218036 1.189119 0.000000 0.917270 0.000000 0.000000 0.000000 1.197912 0.000000 0.000000
0.000000 0.000000 0.000000 0.000000 0.000000 0.000000 0.000000 0.000000 0.000000 0.000000 0.000000 0.000000 0.000000 0.000000 0.000000 0.000000 0.000000 0.000000 0.000000 0.000000 0.000000 0.000000 0.000000 1.068766 1.105645 0.000000 0.000000 0.424658 0.000000 0.000000 0.000000 1.123187 0.000000 0.000000
0.000000 0.000000 0.000000 0.000000 0.000000 0.000000 0.000000 0.000000 0.000000 0.000000 0.000000 0.000000 0.000000 0.000000 0.000000 0.242862 0.000000 0.000000 0.351845 0.376360 0.000000 0.000000 0.000000 0.075401 0.000000 0.000000 0.000000 0.107290 0.000000 1.203878 0.000000 0.000000 0.000000 1.446386
0.000000 0.000000 1.034458 0.000000 0.000000 0.000000 0.000000 0.000000 0.000000 0.000000 0.000000 0.000000 0.000000 0.000000 0.000000 0.000000 0.000000 0.000000 0.000000 0.000000 0.000000 0.000000 0.000000 1.071200 1.084773 0.000000 0.000000 0.000000 0.000000 0.000000 0.000000 0.000000 0.000000 1.269027
0.000000 0.000000 0.940189 0.000000 0.000000 0.000000 0.000000 0.000000 0.000000 0.000000 0.000000 0.000000 0.000000 0.000000 0.000000 0.000000 0.000000 0.000000 0.000000 0.000000 0.000000 0.000000 0.000000 0.000000 0.000000 0.000000 0.000000 0.000000 0.387789 0.000000 0.000000 0.983986 0.000000 1.159863
0.000000 0.000000 0.000000 0.000000 0.000000 0.000000 0.000000 0.000000 0.000000 0.000000 0.000000 0.000000 0.000000 0.000000 0.000000 0.000000 0.000000 0.000000 0.000000 0.000000 0.000000 0.000000 0.000000 1.160648 0.000000 0.000000 2.352905 0.000000 0.000000 0.000000 0.000000 0.000000 1.009693 1.092443
0.000000 1.282439 0.000000 0.000000 0.000000 0.000000 0.000000 0.000000 0.966474 0.000000 0.000000 0.000000 0.000000 0.000000 0.000000 0.000000 0.000000 0.000000 0.000000 0.000000 0.000000 0.000000 0.000000 0.174989 0.000000 0.000000 0.000000 0.000000 0.000000 0.000000 0.000000 0.000000 1.092877 0.892822
0.000000 0.000000 0.000000 0.000000 0.000000 0.000000 0.000000 0.000000 0.000000 0.000000 0.000000 0.000000 0.000000 0.000000 0.000000 0.000000 0.000000 0.000000 0.000000 0.000000 0.000000 0.000000 0.000000 0.000000 1.249570 1.301528 0.000000 0.000000 1.150313 0.000000 0.000000 0.000000 1.317732 1.079675
0.000000 0.000000 1.299723 0.000000 0.000000 0.000000 0.000000 0.000000 1.042506 0.000000 0.000000 0.000000 0.000000 0.000000 1.193998 1.052491 0.000000 0.000000 1.261057 0.215696 1.043643 0.000000 1.280919 1.017618 0.000000 0.000000 0.000000 0.000000 0.697191 0.690429 2.351197 1.074527 0.000000 0.869340
0.000000 0.000000 0.000000 0.000000 0.000000 0.000000 0.000000 0.000000 1.116934 1.226997 0.000000 0.000000 0.000000 0.000000 1.297392 0.963831 0.000000 0.000000 0.476859 0.678249 1.314062 0.000000 1.328078 0.809120 0.000000 0.000000 0.000000 0.886491 0.000000 1.422513 0.000000 1.243217 0.992032 0.000000
