1.57299 1.64223 1.56398 1.7492 1.34707 1.62105 1.69499 1.55269 1.55279 1.56101 1.55619 1.64053 1.5143 1.71247 1.70125 1.62842 1.79176 1.86795 1.88509 1.45564 1.56827 1.57035 1.588 1.5399 1.99129 1.50306 1.61253 1.53121 1.59953 1.95503 1.66959 1.59996 1.75604 1.67277 1.65246 1.55228 
0.168675 0.16685 0.120953 0.199258 0.172396 0.160248 0.177403 0.170737 0.177382 0.124962 0.123932 0.161287 0.126018 0.163313 0.176205 0.11969 0.165545 0.155931 0.117432 0.18209 0.148242 0.167589 0.155407 0.165044 0.11187 0.161921 0.188943 0.176474 0.131525 0.151193 0.123554 0.165792 0.15637 0.202185 0.157092 0.117943 
2.38876 2.37115 2.37195 2.50074 2.60334 2.34715 2.52641 2.46739 2.72299 2.61708 2.7834 2.39192 2.36057 2.71208 2.45382 2.64958 2.3604 2.51939 2.4318 2.5576 2.6522 2.89345 2.4375 2.90872 2.43276 2.46317 2.88831 2.3979 2.87377 2.39624 2.73992 2.87556 2.53987 2.29624 2.87168 2.79193 
3.21888 2.99346 2.94694 2.96964 3.11193 2.80448 3.2976 3.45632 3.13134 3.16205 3.14006 3.14937 3.03427 3.46574 3.05243 3.15226 3.14314 3.33399 3.32549 3.23024 3.46226 3.48975 3.35185 3.66676 3.48689 3.38326 3.13046 3.09286 3.1475 3.46769 3.44681 3.5449 3.14864 3.00639 3.59731 2.60157 
1.56124 1.68408 1.67638 1.4319 1.42311 1.27948 1.31833 1.32946 1.54045 1.20222 1.37748 1.31594 1.36084 1.33784 1.39013 1.27905 1.3819 1.37305 1.29866 1.439 1.39937 1.23214 1.3689 1.35577 1.26467 1.30733 1.3693 1.33772 1.25598 1.38867 1.39956 1.56459 1.56085 1.40848 1.43673 1.391 
1.186 1.01676 1.11494 1.26851 0.947744 1.12719 1.23711 1.22542 1.22445 1.16982 1.1724 1.12978 1.33829 1.19934 1.18535 1.12383 1.17675 1.5337 1.17204 1.46193 1.20479 1.33904 1.14401 1.03025 1.05982 1.36609 1.25276 1.335 1.07701 1.19105 1.16761 1.35584 1.1579 1.06107 1.26988 1.19234 
0.96708 0.760717 0.823632 0.802346 0.815923 0.867404 0.717417 0.907217 0.84591 0.757096 0.828322 0.815549 0.85674 0.782759 0.85508 0.837489 0.943027 0.852212 0.860499 0.757021 0.749237 0.904555 0.766865 0.629746 0.763302 0.821563 0.776634 0.895769 0.867889 0.885084 0.878969 0.750558 0.807481 0.711212 0.830348 0.95803 
0.756418 0.700455 0.78921 0.70002 0.722808 0.70002 0.720085 0.720546 0.845163 0.78062 0.733969 0.783333 0.658661 0.71784 0.756641 0.898999 0.814012 0.758286 0.849201 0.796541 0.82825 0.688954 0.770798 0.847854 0.630542 0.814669 0.825165 0.748063 0.985817 0.769449 0.87422 0.743386 0.757128 0.832763 0.750306 0.701752 
0.373071 0.406952 0.35371 0.351649 0.363965 0.32502 0.425794 0.351662 0.290994 0.363702 0.342945 0.347401 0.28345 0.423526 0.382586 0.345985 0.3355 0.345725 0.393512 0.332293 0.365315 0.288156 0.345787 0.374334 0.416287 0.378604 0.329992 0.415387 0.263329 0.394403 0.354266 0.443983 0.383613 0.406043 0.332285 0.436215 
0.689504 0.49151 0.577503 0.658727 0.577816 0.635989 0.690856 0.710937 0.720422 0.592163 0.660821 0.641737 0.672622 0.757686 0.735798 0.668837 0.580328 0.773815 0.704197 0.799528 0.673196 0.652912 0.677245 0.791778 0.596621 0.69468 0.665212 0.670399 0.752109 0.784475 0.688948 0.567903 0.64688 0.774169 0.762327 0.781701 
0.290003 0.305001 0.289742 0.292761 0.354455 0.29397 0.279585 0.27239 0.350361 0.255183 0.277632 0.270836 0.32656 0.323523 0.311336 0.309111 0.247762 0.280114 0.282954 0.286308 0.283632 0.287397 0.316693 0.275773 0.277967 0.323471 0.290016 0.329681 0.232462 0.334732 0.227294 0.230165 0.290165 0.305498 0.258041 0.227259 
0.643613 0.631539 0.618319 0.59357 0.588289 0.591321 0.604919 0.665338 0.597933 0.553689 0.677609 0.642639 0.739057 0.572423 0.60696 0.624634 0.65752 0.550478 0.577634 0.594707 0.601231 0.605746 0.640367 0.509999 0.512578 0.588036 0.595739 0.490314 0.547377 0.61333 0.470004 0.623849 0.559616 0.653512 0.576829 0.478737 
0.545064 0.565047 0.596273 0.509349 0.560346 0.66151 0.629502 0.559616 0.572151 0.590304 0.556882 0.626083 0.562921 0.576823 0.544065 0.531324 0.505826 0.642766 0.562253 0.593297 0.54456 0.597837 0.637706 0.550046 0.616885 0.644122 0.642784 0.552225 0.753181 0.56018 0.499867 0.567984 0.508543 0.563674 0.553916 0.551736 
0.539786 0.737374 0.724896 0.811968 1.00708 0.787557 0.859084 0.833063 0.850285 0.828131 0.910465 0.892968 1.08759 0.878013 0.786783 0.829666 0.860201 0.815206 1.06976 0.8712 0.855833 0.993522 0.905709 0.943906 0.831298 0.884815 1.00726 0.78324 0.887517 0.836162 0.972128 0.87871 0.913878 0.687698 0.834798 0.873383 
0.708322 0.632778 0.593837 0.67962 0.731263 0.600021 0.5207 0.62101 0.684052 0.603984 0.676887 0.625449 0.574309 0.700081 0.585216 0.606383 0.684489 0.614545 0.672508 0.661108 0.676708 0.633818 0.633457 0.671237 0.653779 0.560809 0.707616 0.601819 0.655536 0.497289 0.718496 0.593557 0.56597 0.607858 0.65815 0.483427 
0.346523 0.298961 0.396847 0.299046 0.372559 0.461555 0.425904 0.363467 0.374106 0.314387 0.278182 0.384379 0.272317 0.379605 0.39556 0.398496 0.384663 0.347605 0.337028 0.392149 0.375599 0.282303 0.322615 0.32792 0.341845 0.385191 0.328387 0.297116 0.292284 0.357501 0.387493 0.316373 0.274026 0.363574 0.323909 0.418574 
0.498753 0.401795 0.423108 0.376734 0.486779 0.385004 0.457955 0.421832 0.372913 0.418485 0.40215 0.458469 0.376154 0.404216 0.444501 0.45517 0.505549 0.406185 0.466915 0.44547 0.313176 0.437353 0.402386 0.550128 0.458308 0.416378 0.473519 0.480206 0.492381 0.439323 0.389231 0.465312 0.491643 0.4215 0.383339 0.407606 
0.621174 0.594545 0.50788 0.530628 0.562662 0.596172 0.521297 0.55685 0.488062 0.551305 0.538683 0.473252 0.573254 0.584107 0.588013 0.624753 0.620325 0.504181 0.577315 0.591716 0.634775 0.554773 0.67412 0.525678 0.578737 0.629497 0.784856 0.659482 0.648886 0.530628 0.569025 0.53502 0.592342 0.626626 0.642289 0.693147 
0.446596 0.437023 0.461856 0.383878 0.397763 0.41568 0.487413 0.434735 0.423526 0.428827 0.471543 0.436464 0.439563 0.420679 0.426285 0.438255 0.412738 0.413093 0.361578 0.424719 0.430381 0.408186 0.455476 0.414665 0.475639 0.339532 0.418204 0.433636 0.384967 0.449818 0.4173 0.476619 0.356839 0.417919 0.482852 0.461581 
0.555946 0.499697 0.389538 0.545694 0.48237 0.45045 0.434993 0.455645 0.396654 0.466307 0.446781 0.427911 0.434286 0.48814 0.444014 0.499164 0.396621 0.571304 0.479356 0.371622 0.474395 0.472928 0.510236 0.515876 0.442656 0.57666 0.452942 0.481331 0.452829 0.446837 0.54029 0.468644 0.380079 0.519361 0.472436 0.446409 
0.333492 0.282931 0.28916 0.301753 0.221626 0.269799 0.234765 0.258153 0.23838 0.228162 0.208818 0.333562 0.28537 0.265799 0.27464 0.29634 0.239286 0.289499 0.29433 0.275472 0.309159 0.323851 0.313941 0.374301 0.368635 0.328371 0.31095 0.338304 0.340176 0.31234 0.293887 0.266182 0.308967 0.277847 0.280302 0.282692 
0.576441 0.620632 0.470004 0.601372 0.579703 0.57627 0.583713 0.448482 0.533388 0.418761 0.568624 0.467426 0.549855 0.600438 0.567106 0.583884 0.44157 0.535827 0.580009 0.469568 0.502768 0.567677 0.537647 0.574894 0.418835 0.560945 0.567148 0.573508 0.487372 0.46713 0.517778 0.59861 0.545196 0.570316 0.58442 0.551834 
0.409522 0.301028 0.386191 0.532926 0.331546 0.413952 0.346912 0.396691 0.321082 0.409203 0.323718 0.408804 0.349613 0.319535 0.332864 0.405465 0.4059 0.515437 0.312014 0.380772 0.547572 0.386138 0.489844 0.314769 0.320658 0.509411 0.331734 0.400747 0.439159 0.433945 0.416383 0.41223 0.383093 0.313609 0.460144 0.391056 
0.381311 0.446193 0.416515 0.344533 0.355309 0.447287 0.415887 0.426914 0.368681 0.368413 0.39954 0.386436 0.3315 0.394786 0.393282 0.36458 0.412154 0.345024 0.422527 0.334955 0.410116 0.360497 0.37718 0.383151 0.360719 0.407005 0.338067 0.394654 0.392042 0.385523 0.318687 0.419258 0.398106 0.322773 0.39096 0.423506 
0.547337 0.492272 0.570316 0.480766 0.556656 0.544191 0.475309 0.505371 0.469615 0.540384 0.402904 0.477202 0.623698 0.487112 0.503766 0.677256 0.46091 0.505521 0.460796 0.456974 0.519484 0.47355 0.469747 0.471744 0.455272 0.476002 0.413385 0.464452 0.460503 0.559318 0.483327 0.462358 0.470004 0.475749 0.492087 0.45883 
0.468364 0.538313 0.482641 0.442644 0.542865 0.442547 0.520644 0.604419 0.533708 0.419491 0.453078 0.461647 0.422523 0.459364 0.465922 0.374825 0.49723 0.517371 0.442166 0.395188 0.500562 0.505651 0.461509 0.457309 0.414199 0.46102 0.517974 0.537601 0.601015 0.408547 0.58266 0.531406 0.397512 0.51615 0.344182 0.507744 
0.550187 0.301762 0.436916 0.429523 0.500854 0.445041 0.426084 0.471955 0.428773 0.489548 0.434633 0.368371 0.436175 0.425106 0.420524 0.501347 0.493187 0.384674 0.411563 0.415387 0.523429 0.459145 0.439951 0.41903 0.40903 0.406396 0.445863 0.487439 0.426778 0.448475 0.421356 0.547494 0.40207 0.424302 0.386146 0.532263 
0.367237 0.390198 0.363932 0.406565 0.392307 0.348677 0.374693 0.450284 0.388273 0.410956 0.346237 0.401408 0.445482 0.419027 0.397766 0.453349 0.373877 0.441625 0.316697 0.425281 0.358398 0.438856 0.399999 0.372889 0.412866 0.381589 0.405465 0.414259 0.412365 0.415156 0.417149 0.456758 0.399966 0.326614 0.439894 0.444028 
0.295402 0.329853 0.205161 0.263966 0.298872 0.324723 0.407604 0.315551 0.248373 0.298691 0.31958 0.282058 0.269874 0.358804 0.353739 0.281412 0.214985 0.238354 0.216014 0.227372 0.277841 0.341794 0.222285 0.297586 0.193786 0.232519 0.297017 0.314447 0.286878 0.348886 0.237464 0.254039 0.241941 0.306766 0.30295 0.344398 
0.297984 0.287377 0.232524 0.280414 0.244099 0.24217 0.274517 0.27827 0.252055 0.237093 0.325988 0.216783 0.25445 0.320649 0.249093 0.240676 0.211416 0.253659 0.284556 0.242879 0.279861 0.276379 0.193668 0.2771 0.20394 0.258001 0.22867 0.198488 0.214165 0.221036 0.245287 0.2519 0.233615 0.241836 0.255232 0.264152 
0.383429 0.251611 0.356051 0.324966 0.329705 0.342721 0.229506 0.372274 0.375906 0.331805 0.36457 0.350413 0.268642 0.356366 0.275058 0.324598 0.336472 0.340644 0.363285 0.278319 0.354838 0.354017 0.298965 0.35311 0.381368 0.357013 0.305886 0.30174 0.389098 0.316441 0.31474 0.339596 0.264581 0.354455 0.35621 0.272329 
0.181019 0.261194 0.249324 0.260377 0.186015 0.189098 0.196387 0.272306 0.181887 0.211482 0.194921 0.255845 0.217742 0.225672 0.217898 0.208025 0.198349 0.217478 0.296773 0.286166 0.224795 0.214446 0.192991 0.219885 0.270429 0.202591 0.202605 0.258412 0.203016 0.267479 0.273443 0.215709 0.214621 0.293869 0.195789 0.237977 
0.471036 0.436323 0.456419 0.49158 0.394851 0.501885 0.439063 0.301048 0.476251 0.425035 0.460472 0.450527 0.344769 0.453986 0.384056 0.422337 0.452885 0.387952 0.4525 0.446902 0.485963 0.28216 0.399963 0.446232 0.333492 0.42216 0.415814 0.483265 0.366499 0.398455 0.474147 0.42069 0.4076 0.376401 0.474666 0.322999 
0.439121 0.492006 0.344656 0.39636 0.351947 0.306829 0.364273 0.418441 0.277991 0.428234 0.484905 0.383748 0.444359 0.303034 0.376755 0.299223 0.518542 0.375507 0.314663 0.338169 0.327848 0.363442 0.326048 0.386633 0.438517 0.418786 0.297758 0.445074 0.289671 0.454736 0.485245 0.525969 0.412001 0.377175 0.434702 0.334261 
0.430291 0.312155 0.395817 0.310747 0.423178 0.403005 0.471543 0.352485 0.40358 0.391776 0.459209 0.40739 0.400223 0.447239 0.450894 0.471317 0.448497 0.420463 0.439288 0.458154 0.455896 0.452973 0.465569 0.457922 0.41894 0.434328 0.442877 0.442409 0.391002 0.444402 0.334479 0.502793 0.392089 0.402371 0.328878 0.464446 
0.232563 0.276307 0.205063 0.264227 0.215658 0.278126 0.309501 0.225047 0.244297 0.223763 0.186877 0.231128 0.223871 0.245687 0.180262 0.214133 0.262846 0.190932 0.252365 0.223144 0.244895 0.268943 0.260185 0.171973 0.23082 0.244789 0.291227 0.251893 0.187599 0.25693 0.182968 0.216631 0.20542 0.265026 0.165774 0.260531 
