-0.218273 0.001349 0.000168 -0.001271 0.000937 -0.000446 -0.002902 -0.000464 0.000681 -0.000069 -0.021543 0.000314 -0.016683 -0.001033 0.750988 0.001315 0.000905 0.000106 -0.000968 -0.156778 0.000911 -0.000673 0.001568 0.000704 -0.001091 -0.284690 0.000566 0.001379 -0.000667 0.000760 -0.223446 0.000099 0.000714 -0.093170 0.001074 -0.000354 -0.000821 -0.001464 0.001187 -0.001199
-0.000234 1.858334 1.261373 1.781003 0.378962 1.151201 0.001265 1.518414 -0.000530 -0.000605 0.000481 0.567407 -0.000961 0.225420 -0.000411 0.035198 0.000428 0.294925 0.000452 0.098640 0.000394 0.014593 0.571337 0.221402 1.016333 0.000432 -0.001049 0.000271 -0.001342 -0.000119 0.000563 -0.000260 0.000331 -0.000075 -0.000349 1.421208 -0.000285 0.001178 0.112567 0.779301
1.852709 0.760701 0.000824 0.000810 0.497323 -0.077017 0.000767 0.154302 0.466008 0.000620 -0.000642 0.000466 0.779268 0.001039 1.056199 -0.000317 0.328803 0.000085 1.248594 0.673798 -0.056117 0.123592 1.057319 0.923906 0.000424 0.205874 -0.000557 1.667959 -0.000330 -0.001011 0.613956 1.101211 1.219918 0.000577 1.493954 0.309327 0.001457 0.000986 0.704351 0.145314
-0.000065 0.001089 0.001813 0.001074 0.111392 0.343882 0.327601 -0.000191 -0.001242 0.000221 0.000091 0.043112 -0.001722 0.000879 0.000904 0.000654 0.000759 0.000672 0.000814 0.001615 0.000460 0.001487 0.671133 0.000257 0.057031 -0.000917 -0.000267 0.001393 0.000965 0.000540 0.001362 0.001350 -0.000818 -0.001092 0.000193 0.000369 0.000448 0.715121 0.001647 0.317546
0.451551 0.731413 0.712252 0.000710 0.314399 1.075662 0.133705 0.127680 0.000809 0.387754 0.142668 1.228481 0.001575 -0.001028 0.001544 0.000036 0.000723 0.977430 0.494336 0.796451 0.340510 0.100005 0.536326 0.000617 0.134380 -0.000599 0.000190 0.000844 0.084143 0.171877 0.508860 -0.000104 1.409910 -0.000180 0.197455 0.305167 0.330391 -0.000375 0.803405 0.182338
0.000024 0.000148 0.000297 -0.000124 0.000840 -0.000562 0.001714 0.772950 0.000850 0.000339 -0.000737 0.001749 -0.000100 0.001002 0.000201 -0.000233 0.000559 0.893072 0.000760 -0.000622 0.000358 0.031828 -0.000206 0.335861 -0.000167 0.000644 0.135771 -0.000334 -0.001283 1.973374 0.000604 0.000313 0.000058 0.000551 0.213935 0.154019 1.598181 0.270226 0.729766 0.354708
0.571077 -0.001081 0.000140 0.000044 1.232000 -0.000159 0.001273 0.492522 1.403937 0.721477 0.001037 -0.001058 0.341802 0.001082 0.023977 0.846130 0.000489 1.032409 -0.000309 -0.000275 0.596807 0.000462 -0.000681 0.000362 0.000112 1.197267 0.923384 -0.000022 -0.000121 0.147283 0.001516 0.001041 0.550834 -0.000615 0.000781 0.001517 1.365420 0.709243 0.000873 0.000625
0.072393 -0.623312 -0.344934 0.001443 0.000141 0.326233 0.000271 -0.000214 0.554274 0.001352 -0.348516 -0.093650 -0.000580 0.000440 0.001147 0.001735 0.001229 0.000091 0.000276 -0.698047 -0.000814 0.000396 -0.000645 -0.084684 -0.136945 -0.001276 0.096772 0.000109 -0.190586 -0.000035 -1.102280 -0.000959 0.000301 -1.578197 -0.000689 -0.000797 -0.000299 -0.185466 -0.095188 0.000996
1.092575 0.462481 0.000750 0.000397 -0.000378 0.469913 0.629544 1.123802 1.738974 -0.000101 0.658715 1.213436 1.830102 0.334360 0.126180 0.147101 0.000474 0.000534 0.772922 0.000878 -0.000409 0.554028 0.159538 0.000406 0.522609 0.437723 0.629074 0.645407 0.001360 0.427703 0.988640 1.508887 0.000161 0.001369 1.073650 0.021182 -0.000480 0.000562 -0.000072 0.919995
-0.322930 -0.440128 -1.116581 -0.130939 -1.380232 0.000644 -0.284687 -0.039156 -0.769600 -0.000332 -1.190749 -1.399898 -0.388262 -0.012789 -0.001270 -1.275588 -0.057412 -1.915910 -1.860611 -0.586257 -0.031828 -0.659071 -1.539846 -1.728294 -1.063142 -0.843194 -1.542651 -1.785269 -0.445970 -0.597778 -0.277473 -0.300922 -1.330491 -0.001307 -1.671644 -0.337311 -0.744509 -0.147272 -0.000174 -0.885870
0.000730 -0.000982 0.000186 -0.000179 -0.000449 0.001367 0.000723 0.000546 0.204720 0.000868 0.001041 -0.000211 0.000454 0.000482 0.000249 0.000312 0.000657 0.001792 0.404343 -0.000176 0.001412 -0.342146 -0.000239 0.000043 0.000420 -0.000062 0.000630 -0.000724 0.000582 0.001166 0.000719 -0.000508 0.000917 0.000490 0.985396 -0.000867 0.000757 -0.000768 0.001022 -0.000228
-0.000780 0.000146 0.001826 -0.000863 -0.000858 -0.000122 0.000211 -0.001364 0.000446 0.208164 2.551093 0.184355 0.000103 -0.000645 -0.000380 -0.001333 -0.000230 -1.181717 -0.000026 -0.000244 0.577019 -0.001560 -0.539952 0.279224 0.058368 -0.099839 0.000591 -0.000397 -0.000284 -0.000398 -0.000489 0.000046 0.613202 0.001343 -0.000376 0.000884 0.000816 -0.001083 -0.305237 0.000469
0.000902 0.000737 0.000759 0.000027 0.000822 -0.000293 0.001098 0.001235 0.000518 0.000616 0.000237 0.430638 0.000208 1.218855 0.212154 1.331337 -0.000004 1.033108 0.000400 0.235328 0.000406 0.001119 0.001079 0.803407 1.965004 -0.000601 0.000431 0.001319 0.000174 0.759310 -0.000438 0.000523 0.001078 0.000015 0.001233 0.000935 0.247985 0.000159 0.000536 0.000112
0.445018 0.000287 0.847430 0.245636 0.311632 0.000720 0.510061 0.116961 0.232432 0.357950 1.024321 1.307389 1.715688 1.920157 0.163821 1.149374 0.001146 1.641565 1.439693 1.508496 0.345244 1.746376 0.742208 0.054967 1.010270 1.344885 1.761746 0.398690 0.669603 1.184451 1.381053 1.048233 0.880893 0.749611 0.899591 0.215281 0.842044 0.432837 0.339679 0.609049
1.030654 -0.000107 0.000085 0.471902 0.000491 0.000611 0.000957 0.184557 0.190859 0.371799 0.000793 0.625334 0.000337 0.017570 0.000503 0.188651 0.001160 0.000027 0.232437 0.435808 0.000225 0.000202 1.254821 0.000343 -0.000206 0.001049 0.247897 0.198216 0.000895 2.191258 0.001086 0.766553 0.816261 -0.001829 0.001299 0.126426 0.000299 1.066361 1.240865 0.000309
-0.000001 -0.326282 -0.323083 0.000154 -0.212623 -0.681294 0.000601 -0.000911 0.000988 -0.000126 -0.001295 -0.000272 -1.034724 0.069851 1.005203 0.396279 0.938667 -0.000283 -0.000435 -0.001213 -0.001603 -0.317128 0.000282 0.000439 -0.303803 0.000222 0.096074 -0.001142 -0.025636 0.675883 -0.226925 -0.033195 0.000391 -0.125683 -0.001090 -0.000220 -0.771240 -0.153201 0.000744 -0.041111
0.000295 -0.278456 -0.001380 0.000498 0.000694 -0.001511 -0.716428 -0.000687 0.000443 -0.241640 -0.000879 -0.232307 -0.000753 0.334846 -0.418174 0.467383 0.000546 1.569269 0.530843 0.531616 -0.000002 0.000170 0.000230 -0.187019 -0.000583 0.000995 0.175015 -1.686848 -0.551052 -0.001202 0.000754 -0.000730 0.000294 -0.183007 0.000185 -0.000040 0.000391 0.000550 -0.000746 -0.550231
-0.522344 0.000511 -0.000418 0.000548 0.000271 -0.001112 -0.504251 -0.524868 0.187575 -0.318424 0.000513 -0.495179 0.000548 0.001204 -0.000885 1.261556 0.000022 0.001039 0.001752 -0.000612 -0.522500 -0.000040 0.001136 -0.415329 -0.000561 0.000940 -0.001345 -0.102571 -0.000148 -0.001074 0.000588 -0.702271 -0.000157 -0.000688 -0.001302 0.000249 -0.000846 -0.082859 0.000909 -0.001257
0.373030 0.000087 -0.001704 0.001596 0.000131 0.000462 0.000318 0.001320 0.001522 -0.000869 -0.001746 0.000868 0.000239 -0.171482 0.000207 0.000023 0.527832 0.001278 0.293809 0.000152 0.001043 -0.301510 0.420469 -0.672965 -0.000744 0.000411 0.353874 0.000105 0.000633 0.000110 0.474851 -0.313240 -0.000686 0.000094 0.000041 -0.001842 -0.000030 0.350491 -0.000019 0.000783
-0.001181 -0.000457 -0.001430 -0.000252 0.000339 -0.000168 -0.001571 -0.000953 -0.001696 -0.000390 -0.000304 -0.255944 -0.200910 -1.539250 -0.065387 0.000502 -0.001562 -1.197580 -0.000793 -0.001269 0.000650 -0.000680 0.000181 0.000792 -0.604896 -0.000785 -0.000197 -0.881300 -0.000689 -0.851093 -0.127880 -0.000336 -0.000440 -0.000205 0.000200 -0.000851 -0.207314 -0.836315 0.000067 -1.003145
-0.000009 -0.001124 -0.000917 0.000052 -0.001125 -0.000358 0.000398 -0.001081 0.000086 -0.000810 -0.001185 0.000607 -0.000936 -0.001037 0.000647 -0.000268 0.000687 0.036607 0.000305 0.000657 -0.000451 -0.000712 0.000235 0.000213 0.136424 -0.000826 -0.001244 0.000764 -0.000455 -0.000406 0.000570 -0.000753 0.000255 0.000395 0.000563 0.000221 -0.001018 0.000031 0.000269 -0.000328
0.000629 -0.144905 -0.000943 -0.000152 -0.001133 0.000545 -0.000855 0.001838 -0.001013 0.000052 -0.000680 0.001020 -0.000829 -0.001305 -0.000961 0.001098 -0.254218 -0.000158 0.748555 0.000834 0.646157 0.868582 0.475013 0.013678 0.001655 0.001587 0.000378 -0.000465 -0.000165 0.385201 0.000601 0.000674 0.001053 -0.810474 0.699066 0.000062 -0.000127 -0.001321 0.000721 -0.001820
0.000750 0.000319 0.000846 0.000642 -0.000549 -0.000358 0.000001 0.000031 -0.000209 0.000604 0.000977 0.000224 -0.000811 0.418328 0.045392 0.000626 -0.000054 -0.000657 -0.000833 0.000589 -0.000600 0.030732 0.000776 0.078241 0.294201 -0.000270 0.000413 -0.000427 0.002108 0.224051 0.227349 0.000874 0.000037 0.001125 -0.000058 -0.000313 0.001331 0.000891 0.000163 0.001109
0.354081 -0.327807 -0.000790 0.644004 0.541556 0.001667 -0.001255 0.547542 -0.000144 0.000200 -0.000286 0.000328 -0.000321 0.162670 -0.001106 0.257676 -0.000839 0.746150 0.001226 0.903410 0.568753 0.651016 1.975635 -0.000035 0.641967 0.000771 0.867790 -0.000132 -0.000910 0.000775 0.000693 -0.000250 1.214285 -0.000120 0.000195 -0.000089 0.277362 0.241319 0.000964 -0.000898
0.000468 -0.038262 -0.325264 -0.000211 0.000760 -0.001373 -1.289562 -0.166777 -0.000539 -0.500922 -0.102272 0.000112 -0.001260 -0.000125 -1.162536 -0.176199 -0.369368 -0.000527 -0.000480 -0.000313 0.000425 -0.081843 0.000816 0.000361 -0.000111 0.001080 0.000140 0.000856 -0.000964 -0.380313 -0.115144 -0.781135 -0.000509 -0.855943 -0.000132 -0.541563 -0.001449 -0.000389 -0.909055 -0.000996
0.000768 0.000173 -0.000028 0.000293 -0.057173 -0.851465 0.000178 0.164542 0.000299 -0.000107 0.000207 0.579764 -0.000133 -0.000644 1.423840 -0.000382 -0.000426 0.000297 0.283273 0.837082 0.000946 0.000448 0.880486 1.571688 1.040786 0.774785 0.237562 0.413779 0.262078 0.269350 0.000337 -0.000003 -0.000346 1.012665 0.000426 0.000579 -0.000488 0.001073 0.354134 0.912236
-0.306337 -0.000121 -0.000262 -0.001207 -0.163057 0.000102 -0.308053 -0.001541 -0.036515 -0.000513 -0.413309 -0.805626 -0.136250 0.000443 -0.152436 -0.000920 0.000900 -0.915587 -0.818435 -0.380429 -0.000595 -0.179836 -0.000680 -0.637510 -1.305403 -0.000506 -0.000610 -0.001828 -0.000011 -0.693019 -0.138925 -0.001847 -0.675019 -0.001224 -0.812022 -0.000431 0.000193 -0.045531 -0.000124 -0.096492
-0.052223 -0.000988 0.000446 -0.008680 -0.050429 0.000420 -0.000934 -0.000518 0.000415 0.000651 -0.143663 -0.001477 0.000400 -0.000014 0.000176 -0.000281 -0.000423 0.001009 -0.000349 0.000305 -0.000520 -0.000252 -0.001050 0.000170 -0.001214 -0.001513 -0.001111 0.001477 -0.000430 0.001195 0.000491 -0.001016 0.000527 -0.000244 0.000225 -0.000753 0.000952 0.000432 -0.001244 -0.000466
-0.000258 -0.000631 -0.000196 -0.303183 -0.000611 0.000357 0.000167 -0.283202 0.000407 0.000163 0.170835 -0.008871 0.001666 -0.490578 0.891642 -0.000087 0.001491 0.000036 0.000109 0.000066 0.001314 -0.000176 -0.000394 -0.273334 -0.017697 0.065784 -0.000647 0.006426 0.245629 0.000359 0.776184 -0.280769 -0.000021 -0.000117 -0.000884 -0.070999 -0.001093 -0.000920 -0.084312 -0.000021
-0.000732 0.001705 -0.000780 0.000557 -0.001127 0.000127 0.000076 -0.000350 0.208865 -0.000752 -0.000053 0.000732 0.245792 -0.001099 0.000509 0.003671 0.000507 0.371472 0.061488 0.001239 -0.000762 0.430544 0.001992 -0.000978 0.001261 -0.001332 0.000402 1.186625 -0.000433 0.000107 0.587594 0.000185 -0.000241 -0.000217 0.000568 0.000698 0.001275 -0.001841 0.000363 0.000205
-0.000251 0.000713 0.001438 -0.000069 0.000558 0.122025 0.000386 -0.000053 0.000015 0.101372 0.132004 0.000849 0.161466 0.001052 0.092192 0.000151 0.010113 0.000049 0.000200 0.000189 0.000836 0.710623 -0.000219 0.000439 -0.000009 0.000874 -0.000868 0.001045 0.001640 0.604137 1.522950 0.454305 1.328995 0.000495 0.000197 -0.000126 0.000474 0.000434 0.000187 0.000795
-0.337349 0.022698 0.954326 0.000237 0.000898 -0.000705 -0.000591 -0.000059 -0.000105 0.174535 0.001183 0.000054 0.000634 1.117934 0.597588 0.000915 0.242358 -0.000190 -0.000463 0.001306 0.000450 0.061358 -0.001045 0.000240 -0.001350 0.731520 0.000395 0.001047 0.842056 0.542158 0.129505 -0.000009 0.000672 0.641318 0.001126 0.186642 0.000666 -0.000148 0.000544 0.000358
0.000698 0.392883 0.455524 0.758655 0.000007 0.346748 1.531086 0.520000 1.068049 0.001081 1.154586 1.328836 0.484132 1.175266 0.001417 1.105361 0.000553 0.000451 0.764894 0.001552 0.547361 0.208115 0.000008 1.461194 0.862420 -0.000147 0.871939 0.000234 0.291686 0.897762 0.459657 2.936889 -0.000151 1.282129 1.305456 0.487678 0.268691 -0.000227 0.000308 0.110517
0.173784 1.060927 0.600066 0.305867 0.983845 -0.000672 0.831362 -0.000790 0.110500 0.024699 0.001277 0.331279 0.001274 -0.000541 0.372997 -0.000876 0.943594 0.233450 0.215370 0.267631 -0.000877 0.446282 0.321100 0.075831 0.099736 0.044744 0.359106 0.467372 -0.000407 0.001563 0.805240 0.542414 0.689130 -0.001226 0.607752 1.244601 0.405686 -0.000143 0.282554 0.492389
-0.253270 -0.000161 -0.023760 0.000431 -0.389400 0.000059 -0.000962 -0.000505 -0.001754 -0.000390 0.000537 -0.000467 -0.000634 -0.001170 -0.000439 0.000741 -0.000115 -0.001251 -0.000479 -0.000242 -0.000306 -0.452460 -0.001032 0.001207 0.000699 -0.076226 -0.165452 -0.001005 -0.001348 -0.001009 -0.881481 -0.001226 -0.001037 -0.000509 -0.000030 -0.000162 0.000334 -0.424691 -0.000493 -0.000507
-1.739238 -1.349589 -1.131175 -1.259156 -0.000095 -0.195144 -0.073684 -1.801720 -0.646807 -0.443418 -0.000519 -0.511999 -0.925367 -0.001475 -1.867489 -0.416037 -0.887005 -1.689087 -0.077186 -2.406442 -0.892245 -0.687353 -1.791677 -0.262300 -0.716286 -0.744391 -0.227680 -0.041331 0.000040 -1.886940 -1.574186 -0.000882 -2.014140 -0.000620 -0.000495 -1.272469 -0.482126 -0.000502 -0.760281 -0.000005
0.944526 0.001609 0.176909 0.000671 0.000601 0.000778 0.160251 2.022127 0.001026 0.596273 0.000298 0.000902 -0.000342 0.001258 0.855465 -0.000630 0.000103 0.000858 0.000827 -0.000471 -0.000831 0.001247 -0.000047 1.785456 0.764602 -0.000690 0.000337 -0.000099 0.001732 0.001025 0.120039 0.486449 0.000534 1.834809 1.019631 0.000543 1.324810 1.442045 -0.000032 0.654372
0.000566 0.001517 -0.000691 -0.000219 0.000670 -0.001043 0.000872 0.001125 -0.380591 -0.001328 -0.172825 0.001697 -0.000073 -0.000003 0.001057 0.000243 -0.000800 0.000124 -0.001613 -0.000236 -0.000837 -0.000034 -0.000400 0.001177 0.000906 -0.001270 -0.000913 0.000645 0.000511 0.000854 -0.001070 0.000502 -0.001316 -0.000756 0.000054 0.000641 0.000175 0.000572 0.432561 0.787935
0.000846 0.460722 0.838743 1.425480 0.715417 0.613754 0.000864 0.759023 0.000616 -0.000180 0.000190 0.000295 0.027273 -0.000311 0.000078 0.000703 0.000585 0.747029 0.001077 0.256451 0.000278 0.195829 0.039971 0.000822 0.000668 0.000442 0.000496 1.025304 -0.000198 0.000629 0.000407 0.000991 0.001469 0.000497 0.000253 1.421128 0.096655 0.247906 1.061874 0.243436
-0.000058 0.740838 -0.000010 -0.000387 0.000461 0.000936 0.001332 0.000789 -0.000007 0.000324 0.101775 0.015423 0.000403 0.000065 -0.000726 -0.001462 0.000582 0.169395 0.677737 0.000758 0.000629 0.001250 0.000346 0.000891 -0.000052 0.000122 0.000448 -0.001087 0.000645 0.001015 0.000441 0.001080 0.001501 0.000615 0.451430 0.369014 0.000791 0.000183 1.048080 0.000171
