-0.000444 0.000196 -0.000530 -0.000933 0.000614 0.000130 0.001581 0.000726 0.000132 0.000658 0.000446 0.001200 0.000161 -0.000736 0.266825 0.164128 -0.000035 0.000309 0.001082 0.044180 -0.001259 -0.000844 -0.001545 -0.000536 -0.000671 -0.000270 0.000536 0.001441 -0.000394 0.369409 -0.001173 -0.000689 0.000379 0.000041 -0.000591 0.000832 -0.001152 0.001585 0.087417 -0.000163 -0.000010 0.000285 0.117434 0.000773 0.001151 0.000239 0.001099 0.194351 0.000570 0.001012 0.000803 -0.000335 0.001012 0.000382 0.000905 0.001932 -0.000924 0.000248 0.000747 0.001258 0.000490 -0.000379
0.000311 1.209784 -0.086295 0.738881 0.353144 0.001093 0.456171 -0.000593 0.641884 0.394061 0.391070 0.316228 0.132826 0.001454 0.765679 -0.000914 0.402615 0.944113 0.134722 1.262112 0.592572 0.043736 0.001071 0.578358 -0.000365 0.000064 1.833779 0.544796 2.403971 0.001118 0.598835 0.001075 0.316309 0.000912 0.486506 0.191691 1.294221 0.339804 0.000089 0.443776 0.842881 0.699209 0.543689 1.234932 0.477727 -0.000320 0.000917 0.001261 -0.000653 0.883554 0.420248 0.094024 0.038267 0.351292 0.200670 0.000492 0.847933 0.015426 0.000024 0.001547 0.624983 0.759995
-0.000276 0.001629 0.001263 0.000940 0.000684 0.257570 0.000864 0.001519 0.000292 0.000075 0.000598 0.000222 0.000530 -0.000388 0.313803 -0.000479 -0.000038 0.000887 -0.000795 0.001673 0.000313 -0.001052 0.000833 0.001130 0.000110 0.001332 0.001630 -0.000326 -0.000571 0.000656 0.000476 -0.000669 -0.000573 -0.000465 0.001367 0.001687 0.000662 0.001129 0.000544 0.000805 0.020908 0.137163 -0.000235 -0.000606 0.000548 -0.000029 -0.000237 0.000676 0.000055 0.000237 -0.000249 -0.000892 0.000443 0.000805 0.322105 0.058214 -0.000181 0.000397 0.000220 -0.000200 0.001119 0.864689
-0.000284 -0.000651 0.000602 0.000452 -0.000525 0.000462 -0.000139 0.000677 0.047855 -0.000025 0.000272 0.000423 0.000166 -0.000584 0.001278 -0.000504 0.000195 -0.000871 -0.000821 0.000044 0.000425 -0.000362 0.000212 0.000154 -0.000474 -0.000687 0.000774 -0.000721 -0.000721 -0.000259 0.000429 0.000732 -0.001231 0.000064 0.000062 0.000496 0.000343 -0.000664 -0.000727 -0.000966 0.000639 0.000603 0.000277 -0.000826 0.000686 0.000055 -0.000667 0.000257 -0.001238 0.000213 0.000505 -0.000569 0.000212 0.001015 -0.000616 -0.000174 0.000839 0.000672 0.000399 0.000456 0.000169 -0.000262
-0.000071 -0.000583 -0.000270 -0.000400 -0.000704 0.000128 -0.000951 -0.000192 -0.000431 -0.000271 0.000292 -0.275494 -0.001178 0.000121 -0.000537 0.001291 0.000320 -0.001321 0.000311 -0.000395 -0.000414 0.000160 -0.072060 -0.224260 0.000550 -0.000065 -0.001389 0.000427 -0.000892 0.001035 0.000634 -0.001096 -0.072029 0.000182 -0.000182 -0.000484 -0.000260 -0.000950 0.001242 0.000459 -0.001053 -0.001427 -0.001760 0.000304 0.000324 0.000645 -0.000461 -0.000363 -0.000320 -0.000180 0.000186 0.354135 -0.000797 0.000467 -0.000994 -0.000886 -0.001048 0.000405 -0.001482 -0.000601 -0.001562 -0.000304
-0.017535 -0.000421 -0.139031 -0.000117 -0.927343 -0.064091 -0.000839 -0.000561 -0.223277 0.001381 -0.241436 -0.294890 -1.144793 0.001585 -0.051332 -1.062351 -0.151415 -0.282064 -0.102595 -0.000989 -0.001364 -0.001377 -0.286976 -0.001415 -0.236698 -0.204112 -0.307011 -0.000645 -0.329181 -0.096277 -0.566423 -0.362722 -0.194385 -0.000545 -0.001206 -0.000691 -0.242554 -0.000702 -0.001389 -0.013509 0.001116 0.000058 -0.679719 -0.000074 -0.329043 0.000332 -0.122359 -0.000537 -0.000501 -0.118267 -0.001627 -0.230987 -0.001384 -0.184864 -0.000911 0.000522 0.000300 0.211297 -0.457188 0.000062 -0.233260 0.000185
0.835193 0.000287 -0.000835 0.000411 0.000346 0.001732 0.013140 0.000068 -0.001378 1.510757 0.014572 0.000620 0.001135 1.456446 0.000874 -0.000043 0.000821 0.480156 0.000709 0.000592 0.600575 0.000897 -0.000007 0.000138 -0.000239 0.000804 0.000788 -0.000011 0.000756 0.001441 0.000745 -0.000992 0.000288 0.000930 0.459153 0.242328 -0.000939 0.206506 -0.000644 0.259285 0.000991 0.420166 -0.000173 -0.000706 0.000880 -0.147861 0.000713 0.000943 -0.001040 -0.000450 0.001022 -0.071301 0.857885 0.588538 1.138755 0.001572 1.749163 0.832007 0.001439 0.001187 0.000613 0.443300
0.094428 0.000693 0.000584 0.011296 -0.000470 0.041546 0.526422 0.612093 -0.000532 0.943718 1.102979 0.744900 0.024475 0.000369 0.571560 -0.000969 0.060606 0.000743 0.691138 0.961505 0.000438 0.000351 -0.000679 0.000214 0.117693 0.042102 0.477365 0.693817 0.520293 0.588736 0.752327 -0.000441 0.063988 0.398264 0.258901 0.000739 0.796899 0.069188 0.001641 0.559049 0.883147 0.287487 0.441742 -0.000276 0.549085 0.918122 0.131949 0.000383 0.130223 0.067060 -0.000826 -0.000401 0.314911 0.000798 1.303618 -0.000452 0.211642 0.000393 0.085472 -0.082772 0.451078 -0.001490
0.000180 0.000469 0.000086 0.114568 0.001382 0.001410 -0.000773 -0.000713 0.000452 0.000406 0.000390 0.001452 0.204467 -0.000155 0.001736 0.000511 0.000570 0.001527 0.000531 0.000402 0.735095 0.083837 0.116432 0.000213 0.000683 -0.001421 0.001019 -0.000248 -0.000976 0.000634 0.000903 0.001818 -0.000486 -0.000840 0.000780 -0.000142 0.000015 0.541331 -0.001031 0.000198 -0.000305 0.000637 0.047400 0.001282 0.000791 0.000333 0.000619 0.000414 0.001488 -0.000010 0.001600 -0.000707 -0.000185 0.000558 0.001311 -0.000184 -0.000145 0.000187 0.001065 0.632733 -0.000105 0.000248
0.465182 0.425640 0.001176 0.000020 0.001314 0.250534 1.122942 0.001587 0.350053 -0.000054 -0.389390 -0.043090 -0.000959 1.107072 0.000998 0.084309 -0.000256 0.034197 0.000513 0.132342 -0.000426 -0.000355 -0.000525 0.097438 0.001144 0.000182 0.001051 -0.000517 0.000455 -0.001209 0.052999 0.000400 0.001102 -0.000631 -0.000526 0.139403 0.001556 0.000998 0.121223 -0.000188 -0.000545 0.764143 -0.000020 -0.000629 -0.000402 0.000388 -0.000734 0.001596 0.000547 -0.001062 -0.000728 0.000125 0.000707 0.000816 -0.000518 -0.000079 -0.001639 0.643483 0.000366 0.409832 0.000831 -0.000940
0.001630 -0.000365 0.000477 -0.000409 -0.000106 -0.001233 0.000258 -0.000270 0.000603 -0.000338 -0.000365 -0.000945 0.001049 0.000583 -0.000006 0.174573 0.000037 0.000173 0.000943 0.000034 -0.001510 0.000870 -0.000387 -0.000750 0.233177 -0.000878 -0.001373 0.001268 0.000351 0.000020 0.000877 -0.000127 0.000478 -0.000362 -0.000153 0.000413 -0.000277 0.000836 0.001341 -0.000764 0.000499 -0.000687 -0.000409 -0.000578 -0.000801 -0.000848 -0.000850 0.625992 -0.000406 0.000362 0.001064 -0.000359 0.000381 0.000050 -0.001113 -0.000374 0.000600 -0.000583 -0.000108 -0.000605 -0.000050 0.000030
-0.000283 -0.000449 -0.000132 -0.000435 0.000337 0.000706 -0.000615 -0.001205 0.001536 -0.000062 0.001067 0.000020 0.000187 -0.000092 -0.000018 -0.000136 -0.000242 -0.000415 0.000398 0.000607 0.000414 0.000910 0.001346 -0.000364 -0.000627 0.000313 -0.001477 -0.000763 0.000919 -0.000649 0.000226 -0.000793 0.001371 0.000669 0.000679 0.000676 -0.000409 0.000186 -0.000938 -0.000134 -0.000290 -0.000103 0.000952 0.000009 -0.000191 0.000679 0.000031 -0.000371 -0.001243 0.000575 0.001352 0.000519 -0.000521 -0.000479 0.001396 0.476589 0.000340 0.000659 -0.000478 0.000468 -0.000443 -0.000812
0.001032 0.000292 -0.000279 0.000335 -0.000606 0.290503 -0.000938 0.000312 0.414370 0.001476 0.001009 0.000028 0.145148 0.130015 0.039945 0.064521 0.000863 0.000790 0.104357 -0.000494 -0.000934 0.484209 -0.000200 0.365843 0.265623 0.000915 0.456581 1.050734 -0.000313 0.089622 0.322091 0.000730 -0.143013 0.965570 0.108929 -0.000414 0.000805 0.909913 0.694777 0.000665 0.031991 0.000056 -0.000139 0.290777 0.583480 1.182311 0.000548 -0.000367 0.000572 -0.000318 0.000327 1.084912 0.001344 0.459102 -0.000688 -0.000453 0.000037 -0.000140 0.000095 0.743295 0.001035 -0.000373
-0.000496 0.347416 -0.000864 -0.001085 -0.000905 -0.000388 -0.000118 0.000867 -0.001240 -0.000021 0.001107 0.000323 -0.000642 0.000811 0.000081 0.163071 -0.000970 0.418258 -0.000892 0.181392 -0.000440 0.000013 -0.000951 0.000448 -0.259554 0.000394 0.000345 -0.067401 0.014132 -0.000341 -0.001526 -0.163766 0.000545 -0.000831 0.000618 0.000495 -0.001615 0.000891 -0.180783 0.215299 -0.000728 0.000531 0.000065 -0.000316 0.000363 0.000574 0.000621 0.000097 -0.000329 0.000855 -0.526850 -0.000924 0.000119 -0.000846 0.001324 0.000362 -0.001318 0.416097 -0.000494 0.000065 0.000456 -0.000913
0.000026 0.000782 -0.001341 0.000022 0.000333 -0.000920 -0.000062 0.000761 0.329563 0.001199 0.000191 0.000327 0.000626 0.000797 0.000317 0.000612 0.702433 0.000757 -0.000652 -0.000188 -0.001015 0.000496 0.000297 0.001298 0.000694 0.000750 -0.000135 0.001662 -0.000198 -0.000864 -0.000255 0.000825 0.000723 0.241255 0.001228 -0.000434 -0.000147 0.001013 0.345106 -0.000769 0.008058 -0.000458 0.000303 0.226408 -0.000575 -0.000594 -0.000035 0.001165 -0.000429 -0.000122 0.000315 -0.000539 0.257023 0.000409 0.000711 -0.000112 0.000980 0.106753 0.000202 -0.000131 0.000642 0.000971
0.000829 -0.095753 -0.000473 -0.199782 -0.001466 -0.000758 -0.773189 -0.001691 -0.033208 -0.001203 -0.000646 -0.001087 -0.000863 -0.000552 -0.216541 0.000391 -0.001233 -0.001333 0.000063 -0.132585 -0.001261 -0.000748 -0.000387 -0.000491 -0.000163 -0.030170 -0.000239 -0.001172 -0.266243 -0.000460 -0.001397 -0.000040 0.000377 -0.000161 -0.000944 -0.000250 -0.167429 -0.000830 -0.001033 -0.000808 -0.000998 -0.029557 -0.000199 0.000380 -0.437819 -0.000971 -0.000779 0.000037 -0.000378 -0.001491 0.000467 -0.000102 -0.001007 -0.001222 -0.001451 -0.000660 0.000142 -0.000850 -0.001030 -0.000227 -0.000514 -0.001584
0.564765 0.001151 0.000939 0.001061 -0.000588 0.000616 0.000138 0.001136 0.149055 0.000934 -0.000802 0.000995 0.040487 0.000362 1.467571 0.000740 0.000323 0.000310 0.159522 0.000533 1.058456 -0.000566 0.629788 0.233551 0.455322 -0.000423 0.000324 0.000793 -0.217223 0.426715 0.028807 -0.000457 -0.292850 0.401043 0.351657 0.000464 -0.000262 0.638669 0.864513 0.001151 0.819974 0.000432 0.731711 0.001443 0.611670 0.378625 0.001161 -0.001059 -0.268728 -0.001222 1.145466 0.000816 0.396906 0.122408 0.077941 0.000740 0.374138 -0.000315 0.248824 0.524449 0.000436 0.685279
0.381058 1.425773 0.000677 0.649246 1.322964 0.001012 2.394219 0.000691 0.475234 1.701304 0.522414 1.609730 0.947495 1.628206 0.494938 0.257641 1.347251 0.734269 1.192067 0.000911 0.056683 0.988125 1.994071 0.001084 1.007962 1.747911 0.993871 1.508443 0.448296 1.280251 0.001516 2.068279 0.510113 1.005818 0.541118 0.977606 1.601179 0.874514 1.065804 0.809160 1.019783 1.108473 0.279434 1.409902 0.227535 1.148699 0.243643 -0.000088 1.535352 0.517173 0.490135 0.519508 0.623732 0.457848 0.976806 0.052878 0.207026 0.723734 0.477295 0.219411 0.909076 0.000187
0.001373 0.065095 1.608427 0.024748 0.000344 0.088116 0.108888 0.001661 0.001238 0.000935 0.001265 -0.000192 0.000956 0.000163 0.000933 1.536614 -0.000622 0.000720 0.000288 -0.000380 0.322499 1.450024 0.000245 -0.000828 0.646224 0.506893 0.000593 -0.000172 0.001559 1.377677 0.108320 0.000195 0.000976 0.000446 0.000546 0.001310 -0.000048 -0.000660 -0.000212 0.001532 0.074221 0.000770 -0.000058 0.312374 0.000812 0.471838 -0.000962 0.487923 0.254498 0.000567 0.000460 -0.000628 0.000024 0.000513 0.001247 0.001271 0.001293 0.000517 0.000986 0.000603 0.000610 0.000788
-0.131253 0.000356 -0.001747 -0.000846 -0.125151 -0.000331 0.000833 0.000134 0.000350 -0.256120 -0.423675 0.000541 -0.187717 -0.177805 -0.000768 -0.000134 -0.001024 -0.149258 -0.000232 0.000427 -0.586748 -0.396018 -0.133018 -0.000141 -0.000825 -0.151798 -0.001686 -0.001292 -0.000558 -0.085477 0.352904 0.000517 -0.311301 -0.000250 -0.342159 -0.422554 -0.225062 0.000878 -0.000190 -0.001792 -0.065042 -0.000301 -0.512739 -0.247128 -0.676037 -0.415690 -0.068777 -0.000631 -0.000060 -0.001132 -0.000457 -0.296300 -0.581554 -0.037365 -0.000629 0.000134 -0.196578 -0.001740 -0.377601 -0.156550 -0.583410 -0.662925
-0.000472 0.000526 -0.000150 -0.000349 0.000962 -0.000734 0.000457 0.000547 0.000801 -0.000159 -0.000334 -0.000020 0.000701 -0.000397 0.000014 -0.000267 0.000056 0.000814 0.030640 -0.000667 -0.000446 -0.000976 -0.000443 -0.000229 0.000252 -0.000149 0.000634 0.000294 -0.000223 0.001196 -0.000176 0.000475 0.000863 0.000346 -0.000201 0.000613 0.116498 -0.000760 0.001586 -0.000958 0.001038 -0.001007 -0.000312 0.000147 0.001308 0.000291 -0.000755 -0.000174 -0.000418 0.001208 0.000010 0.197372 -0.000587 0.000879 0.000055 0.000084 0.000073 -0.000856 -0.000859 0.000626 0.000157 0.000203
0.000739 -0.001047 0.000167 -0.001278 0.000766 -0.253661 -0.105747 -0.000543 -0.001095 0.000566 0.000532 -0.494609 -0.000179 0.000639 0.000814 -0.000331 -0.000419 -0.000274 0.484583 0.000040 0.000630 -0.000727 -0.000001 -0.663682 -0.000366 -0.000045 -0.000644 0.000634 -0.000590 0.000939 -0.000891 -0.000018 -0.171997 0.797895 -0.000007 -0.000115 -0.000613 0.277681 0.408730 -0.000653 -0.000373 -0.001097 -0.000456 0.076169 -0.000080 0.001405 -0.001502 0.000258 -0.000524 -0.000786 -0.000783 0.169895 -0.000056 0.000479 -0.000005 -0.000414 -0.000467 -0.087338 0.000168 0.000004 -0.001215 -0.125013
-0.001170 0.000553 0.006029 0.009902 -0.000008 0.544721 0.278143 0.223854 0.000171 0.000713 0.000733 0.548913 -0.000389 0.000591 0.419244 -0.000534 -0.000024 0.924811 0.001103 0.189907 0.020495 0.000204 0.623323 0.000113 -0.001739 -0.000592 0.000898 0.000216 0.000845 0.000630 0.000063 -0.000928 0.687978 0.001047 0.278523 0.091481 -0.000780 -0.000502 0.000330 0.000563 0.099917 0.446654 -0.000224 -0.000598 0.000967 0.169218 0.586874 -0.000092 -0.000087 0.000875 0.000181 -0.000503 -0.000535 0.000061 0.042512 0.248352 0.000670 0.906028 0.557015 -0.000247 0.244955 0.001062
0.000344 -0.001125 -0.385462 -0.000357 -0.364808 -0.000601 -0.001655 -0.000285 0.000523 -0.001351 -0.000232 -0.062785 -0.130185 -0.000677 0.000449 0.000012 -0.000173 -0.001452 0.000511 -0.000221 -0.000387 -0.000551 0.000201 0.000221 -0.156432 -0.199390 -0.000834 -0.001062 -0.000821 -0.000117 -0.000742 -0.000350 -0.135597 0.000514 -0.001274 -0.017799 0.561058 -0.001339 -0.000471 0.000057 -0.000523 -0.346369 -0.228478 -0.000619 -0.000058 -0.000221 -0.346241 0.000624 0.001027 0.000072 0.000692 0.001175 -0.309084 -0.385367 -0.033200 -0.083984 -0.000789 0.000071 -0.400224 -0.000306 -0.001331 -0.000248
0.000086 0.001342 0.000786 -0.000479 0.000638 0.000309 0.000994 0.000304 0.000471 -0.000200 -0.000473 0.000308 -0.000367 0.000061 0.000220 0.000130 -0.001059 -0.000903 0.000936 0.000455 0.000632 0.000359 0.000655 -0.000142 -0.000748 0.000244 -0.000578 -0.000503 0.000217 0.001102 0.000215 -0.102912 0.000505 -0.001229 0.000077 -0.000400 -0.000340 -0.000571 0.000588 -0.000528 0.000802 -0.000329 0.000258 -0.000574 -0.000477 0.003889 -0.000581 0.001880 0.000591 0.000217 0.164762 0.001233 -0.001120 -0.299188 -0.000449 0.000082 0.000073 0.000053 0.000952 -0.000152 0.000898 -0.000036
-0.000840 0.000421 -0.000090 0.215215 0.156225 -0.065021 0.000757 0.001431 0.394367 0.399940 0.995878 0.480698 -0.000260 0.000223 0.000034 -0.000208 0.117222 0.481296 0.511017 0.001461 0.000646 -0.000494 0.000568 0.000986 0.000244 0.278427 0.381560 1.141525 0.000289 0.569446 0.000653 0.294188 0.906785 0.602974 -0.000109 0.000183 -0.000043 0.088276 0.000304 -0.000316 0.001250 0.000289 0.001080 0.372507 0.000320 0.404038 0.176716 0.086130 0.000884 0.000663 0.000328 0.503517 0.031385 0.000420 0.054272 0.211640 0.254338 0.000256 -0.000718 0.000522 0.000298 0.342474
-0.000625 0.000885 -0.000863 -0.001050 -0.335094 -0.000725 0.000658 0.000088 -0.000004 0.000015 -0.000742 -0.000374 -0.000659 0.000186 -0.001013 -0.001543 -0.000918 -0.000776 -0.000147 0.000657 -0.112674 -0.000408 -0.249810 -0.000423 -0.000343 0.000777 -0.000314 -0.000052 -0.045378 -0.000745 0.000348 0.000016 -0.401774 0.000174 0.000426 -0.000406 -0.185574 0.000339 0.000789 0.000298 0.000823 -0.000486 -0.000101 0.000592 -0.000368 -0.000636 -0.001512 0.000241 -0.000506 -0.000683 0.000822 -0.000066 -0.000882 -0.000501 -0.000241 -0.001065 0.000298 -0.000566 -0.000037 -0.336147 -0.167069 -0.000691
1.267748 2.486747 1.275054 0.538358 1.751222 0.186717 0.469538 2.111929 0.737725 1.097924 0.711650 0.005674 1.095420 0.975565 0.637894 1.626882 0.212027 2.166442 0.296336 0.197965 0.883651 0.147085 1.238103 0.000117 0.001145 1.615597 1.607526 1.060355 0.525671 0.000319 1.223890 0.698077 1.038334 0.773682 0.191665 0.929831 0.636005 1.074395 0.862839 0.134388 -0.000061 1.478195 1.312945 0.609155 1.340248 0.641008 1.075989 0.685028 0.000710 0.001005 0.224695 1.344615 0.556365 1.326650 1.550728 0.717205 0.157199 0.746716 1.193499 0.968991 0.881024 0.984791
-0.000400 0.000286 0.001007 0.000585 0.000737 -0.000729 -0.000079 -0.000525 0.334951 0.000093 -0.000322 -0.000365 0.001063 -0.000565 0.001128 0.000888 0.000694 -0.000694 0.000388 0.000399 0.499654 0.001129 0.000505 0.000985 0.000562 -0.001257 0.000060 -0.000792 -0.001081 -0.000193 0.328561 0.000162 -0.000373 -0.000537 -0.000020 0.001076 -0.000136 0.298087 0.001337 0.001769 0.000748 -0.000077 0.000264 -0.000225 0.000223 -0.000512 -0.000038 0.784076 -0.000985 -0.000568 0.147555 0.000592 0.000682 0.000009 0.452330 0.001212 0.000374 -0.000600 -0.000383 0.000211 -0.001310 -0.000049
-0.000966 -0.031982 -0.001174 -0.001818 -0.001461 -0.001010 -0.263774 -0.000843 -0.001690 -0.000570 -0.000175 -0.000911 0.000485 -0.000895 -0.001272 -0.000194 -0.000338 -0.000926 -0.000591 -0.001207 -0.001715 -0.001222 -0.000632 -0.000321 0.000040 -0.167175 -0.001355 -0.000675 -0.000259 -0.001132 -0.000219 -0.000954 -0.000796 0.000302 -0.000072 -0.000185 -0.000745 -0.000102 0.000368 -0.001245 -0.000285 -0.001183 -0.000590 -0.000658 0.000131 -0.000045 -0.000145 0.000154 -0.001615 -0.001300 -0.000046 0.000941 -0.001387 -0.001237 -0.020711 -0.000307 -0.008197 0.000178 -0.001720 -0.000308 0.000085 -0.001198
-0.000687 0.000768 0.000300 0.000476 0.000214 -0.000068 0.000898 0.001534 0.000658 0.061956 0.000831 -0.000386 0.001022 0.001619 -0.000015 -0.000192 -0.001135 0.000311 -0.000550 0.001295 0.593840 0.090817 -0.001039 -0.001204 -0.000210 0.000573 0.001283 -0.000777 1.149766 -0.000667 0.001037 0.000590 -0.000378 0.000274 0.000401 -0.000127 0.000573 0.001072 -0.000888 0.001366 -0.001927 0.000118 0.785893 0.272923 0.001724 -0.000809 0.000140 0.161492 0.000836 -0.000095 0.000312 0.000483 0.000758 0.658538 0.000346 -0.000106 -0.000776 -0.000417 0.000881 -0.000651 -0.000404 -0.001221
0.000285 0.001367 0.636487 0.033485 0.065378 0.430977 0.500428 0.708145 0.000420 1.613769 0.479926 0.370796 1.113685 0.832290 0.000356 0.663254 0.297193 1.687643 0.001407 0.011329 0.244914 0.001440 0.763601 0.038694 0.503937 0.307711 0.187632 0.000606 0.000067 0.195110 0.191507 0.932759 0.138995 0.000274 -0.000296 0.824950 -0.000196 -0.000128 0.228651 1.267307 0.001431 0.552510 0.001348 0.544370 0.000943 -0.000090 0.000829 0.270264 0.570032 0.001482 0.000203 0.001163 0.377791 0.018961 0.970371 0.127077 0.657538 0.000833 0.479988 0.000591 0.457606 0.366235
-0.001218 -0.000999 0.000359 -0.184537 -0.001117 -0.000009 -0.000924 0.000013 -0.227721 0.000686 0.000282 -0.000195 -0.038288 0.000116 -0.000266 -0.001142 -0.008645 -0.000864 -0.000536 -0.333806 -0.000302 -0.236873 -0.514154 -0.000496 -0.000480 -0.000510 0.000462 -0.652552 -0.000364 -0.000390 -0.001518 -0.535106 -0.554109 0.001072 -0.245462 -0.116440 0.000562 -0.290065 0.000242 -0.225262 0.000063 0.000538 0.000448 -0.000114 -0.028836 -0.000729 -0.000424 -0.000041 -0.130941 -0.001288 -0.440156 -0.000152 -0.000527 -0.000279 -0.000906 -0.120596 -0.001560 0.000250 -0.000388 -0.289043 0.000844 -0.000113
-0.000735 -0.001044 -0.001016 -0.000697 0.000372 -0.000733 -0.000762 -0.000831 -0.000256 0.001135 0.000245 -0.906214 0.001177 0.001361 0.000451 0.000535 0.000010 0.000311 -0.000617 -0.066507 0.000884 0.001127 -0.001048 -0.001759 0.000295 -0.110108 -0.450240 -0.000468 -0.000458 -0.000957 0.001035 -0.000861 -0.000429 0.000373 0.000330 -0.001013 -0.000887 0.000468 0.000754 -0.000314 0.106225 0.000099 -0.036776 0.000175 -0.000761 -0.000046 -0.024980 -0.000265 -0.001361 -0.001261 0.001192 -0.000677 -0.430404 -0.000036 0.000205 -0.000009 -0.049239 -0.000617 -0.000048 0.000471 -0.001328 -0.000080
-0.000400 -0.000032 -0.213215 0.000813 -0.001401 -0.123679 0.000801 -0.265840 -0.000373 -0.626395 -0.001575 -0.001027 -0.001233 -0.000713 0.001191 -0.000718 -0.000102 -0.001579 0.000616 -0.000356 -0.001258 0.000249 -0.001085 0.000891 0.000903 -0.032851 -0.001538 -0.000842 0.000033 0.001817 -0.000255 0.000501 -0.082063 0.322237 -0.000820 -0.001163 -0.000346 0.000950 0.000112 -0.000774 -0.000492 -0.000820 0.000151 0.001169 0.001172 -0.000094 -0.015684 -0.000167 -0.000342 0.000451 0.001166 0.000090 -0.000484 -0.001407 0.000107 -0.001676 -0.037228 -0.557485 -0.000879 0.000525 -0.010722 -0.001071
0.000545 0.427120 0.000633 0.000417 0.097086 0.171763 0.799603 0.000797 0.660346 0.000964 0.001333 0.001386 0.000376 0.000537 0.002583 0.388964 -0.000412 -0.000446 0.000770 0.001059 0.000817 0.000166 0.131744 0.399738 0.052226 -0.000047 0.000391 0.000287 0.001641 0.739212 0.000603 -0.000853 0.809687 0.000505 0.000578 0.298442 0.000047 0.000962 0.001233 0.000346 0.224253 0.007571 0.623370 0.000559 0.000120 0.001616 0.000066 0.000151 0.001043 -0.000824 0.628479 0.000593 0.001492 0.000621 0.298790 0.000507 0.136587 0.000162 0.001064 0.001316 0.402729 0.001748
0.000143 0.000248 -0.000312 -0.000294 -0.000952 0.001375 0.000076 -0.001454 0.000790 0.000450 -0.499188 0.000729 0.000111 -0.000244 0.000156 0.001009 -0.000070 -0.000605 -0.006009 -0.000187 -0.000545 0.000861 0.000525 0.000230 0.000298 -0.102614 0.000094 0.000222 -0.000604 -0.375230 -0.000069 -0.000109 0.000200 -0.000355 -0.000440 -0.001542 0.000217 -0.000201 -0.000289 0.089680 0.000366 -0.000189 -0.329695 -0.000685 -0.052596 0.000873 -0.000502 -0.001138 -0.000420 -0.408709 -0.000869 -0.000138 -0.161356 -0.404929 -0.000250 -0.000644 -0.728957 0.000515 -0.000546 0.133602 -0.576144 -0.272811
0.000565 0.000361 0.001173 0.102038 0.000360 0.059569 0.001681 0.000226 0.677116 0.301937 0.000369 -0.000371 -0.000609 -0.000611 0.660266 0.001288 1.850619 0.001315 -0.000663 0.000099 0.000164 0.835721 0.000383 0.000905 0.453229 0.260423 0.001459 -0.000097 0.001606 0.049489 -0.000153 0.264160 0.000522 1.604721 1.053640 0.000172 1.168765 -0.000506 0.142743 0.000192 1.759908 0.000157 -0.000593 0.525631 0.135629 1.138646 0.000220 0.387694 0.670726 0.000421 0.381112 0.000226 0.328686 0.375441 0.045721 0.000736 0.000652 0.278200 -0.001077 0.000370 -0.000184 0.472489
0.001155 -0.000199 -0.000608 0.000861 -0.000836 -0.000675 -0.000264 0.000489 0.283654 -0.000367 -0.001128 -0.000381 -0.000851 0.000212 -0.000233 0.000168 0.000083 -0.001301 0.000354 0.000565 -0.000936 0.000017 -0.000643 0.001113 -0.000003 0.001325 0.000272 0.479737 0.000184 0.000983 0.000381 -0.000225 0.000643 0.909301 0.000296 -0.000731 0.000381 0.000480 0.485216 0.000583 0.000863 0.000683 -0.001462 0.175072 0.001017 0.000310 -0.001096 0.000315 -0.001070 0.000265 0.000591 0.001437 0.029952 0.140574 -0.000117 -0.000403 0.000370 0.000264 0.000701 -0.000504 0.000193 0.000752
-0.167698 -0.000044 -0.025661 -0.518271 -0.000202 -0.158719 -0.082028 -0.035454 -0.159139 -0.506635 -0.000843 -0.622222 -0.288053 0.001867 -0.127366 0.001096 -0.682295 0.000892 -0.001209 -0.000965 -0.025388 0.000095 -0.399552 -0.001371 -0.712629 0.000115 -0.000391 -0.000867 -0.000846 -0.172447 -0.506152 -0.001458 -0.096257 -0.540675 -0.001706 -0.015450 0.001364 -0.000581 -0.165135 0.000678 -0.000341 -0.072394 -0.525018 -0.648610 -0.087700 -0.000130 -0.456234 -0.001225 -1.193986 -0.000452 -0.412196 0.031785 -0.010310 -0.760767 -0.000470 -0.303728 -0.066234 0.546563 -0.263801 -0.000162 -0.187117 -0.238652
0.149225 -0.055289 0.000343 -0.167002 -0.644365 0.001406 -0.000711 -0.000101 -0.510041 0.000871 -0.000511 -0.236523 -0.001018 -0.000355 0.000327 -0.000169 -0.000273 -0.000150 -0.356906 -0.000127 0.000615 -0.438452 -0.308169 -0.000189 -0.000851 -0.842864 -0.773986 -0.408460 -0.386324 -0.042078 -0.000730 -0.609832 -0.000471 -0.000628 0.000380 -0.668412 0.000270 -0.000011 -0.000381 -0.000851 -0.000646 0.000095 -0.000403 -0.241212 -0.003011 0.001179 0.000076 -0.349560 0.000489 -0.000743 -0.129133 -0.126610 -0.000661 -0.000880 -0.001420 0.000818 -0.001309 0.209964 0.000133 0.000060 -0.000304 -0.001361
0.000083 0.839442 -0.000461 -0.000353 -0.000089 0.732951 0.001443 0.000653 0.000240 0.000863 -0.000597 0.000366 -0.000477 0.980113 0.537320 0.000877 0.143798 0.617807 0.000996 0.001041 -0.000554 0.001177 -0.001569 0.000755 -0.000354 0.000102 0.000030 0.684197 0.000424 -0.000702 0.217240 0.253651 -0.000197 -0.000165 0.788293 -0.082743 -0.000212 0.001221 0.001179 -0.168505 0.010934 0.000855 0.000699 0.000645 0.409600 0.000333 -0.000443 0.442516 -0.000066 -0.001422 0.438897 0.055102 -0.000142 0.001391 0.824278 0.017022 -0.000883 2.072332 0.001673 -0.000277 -0.000560 0.000969
0.000572 -0.000625 0.001135 0.000510 -0.001098 -0.000561 0.000441 -0.000085 0.000604 0.000325 -0.000160 -0.001002 0.000287 0.000069 0.000865 -0.000065 -0.000612 0.001071 -0.000979 0.000492 0.000024 -0.000565 -0.000155 -0.000564 0.000105 -0.001018 0.000173 0.000181 -0.000403 0.000465 0.001012 -0.000932 -0.000693 -0.001533 0.000675 -0.000328 -0.000074 -0.000189 -0.000698 0.000294 0.000003 0.001153 0.000309 -0.000263 -0.000522 -0.000456 0.000361 0.000959 -0.000982 0.000764 -0.000237 -0.000089 -0.000138 -0.000187 0.000994 0.000497 -0.000464 0.001138 0.000088 0.000465 -0.000276 0.000430
0.000770 -0.000740 -0.001005 0.000898 -0.000236 0.064800 0.001373 -0.000321 -0.000176 0.000432 -0.001042 0.001106 0.000845 0.000417 2.233110 0.000259 -0.000274 -0.000543 0.433422 0.000545 0.000327 0.000027 -0.000266 0.000223 -0.000115 -0.000932 0.000026 0.000488 0.000033 0.107817 -0.000380 -0.000225 -0.000490 0.307364 -0.000395 -0.000530 -0.000855 1.078119 0.000719 -0.390706 0.000627 -0.000040 0.001390 0.001352 0.001203 0.108597 0.515182 -0.000453 -0.375717 0.001009 -0.001013 0.001207 0.480444 0.000337 -0.000741 0.054545 0.000664 0.529877 0.000426 0.154860 0.001103 0.009694
0.000806 0.000810 0.148447 0.001008 -0.000507 0.001321 0.005920 0.303996 0.000920 0.695971 -0.000267 -0.001228 0.000576 0.228520 0.711096 0.000684 0.000495 0.000619 0.001351 -0.000111 1.077810 -0.000206 -0.001102 0.000954 -0.000041 0.209887 0.000739 0.001506 0.001105 0.040877 0.001072 -0.000284 0.161520 0.305911 0.962866 0.000134 0.000397 -0.000499 1.030749 0.113653 0.001452 0.000865 0.000707 0.331938 0.233374 0.001031 0.001075 0.096238 -0.000209 0.000828 0.001351 0.121947 0.001762 0.035913 0.001111 0.041263 0.134698 0.724242 0.000723 0.000174 0.000784 0.000222
0.000822 0.000093 0.000144 -0.000897 0.000456 -0.000662 -0.000464 -0.000098 0.000542 -0.000199 0.000816 0.000498 -0.000974 0.000898 -0.000610 0.000977 0.000539 -0.000415 0.000209 0.000896 -0.000647 0.000918 -0.000163 -0.000361 0.001250 0.000576 0.000634 0.000487 0.000375 0.000448 0.000725 -0.000346 0.000919 -0.001022 -0.000398 0.000987 0.000513 0.000826 -0.000332 -0.000257 0.000274 0.001012 -0.000544 -0.000650 -0.000511 -0.000000 -0.000642 -0.000729 0.000093 0.000934 0.001081 0.000657 0.000669 -0.000437 0.000368 0.001262 -0.000659 -0.000405 -0.000483 0.001023 -0.000413 0.001220
0.000148 -0.000089 0.370714 0.434553 0.584777 0.592537 0.001319 0.602122 -0.000177 0.001186 0.000197 0.000028 0.409827 0.001607 0.000678 1.032842 -0.000479 0.000283 0.000871 0.303231 -0.000570 0.148210 -0.001041 0.000280 0.000023 0.512906 0.182415 0.000399 0.335931 0.437738 0.334828 0.001158 0.483685 0.001594 0.000617 0.001127 0.014630 0.001052 0.246136 0.000895 -0.000266 0.000773 0.000856 0.764269 0.000588 0.963263 0.001690 0.147431 0.146257 0.000876 0.241148 0.083024 0.440709 0.001153 -0.001359 0.000422 0.000741 0.000774 0.000202 0.000145 0.000559 -0.000251
0.000553 0.000839 0.000902 0.001293 0.000702 -0.000073 0.000562 -0.000582 0.000801 0.000331 -0.000031 0.000586 0.001840 -0.000419 -0.000122 0.000511 0.000702 0.000720 -0.000911 -0.000620 0.000283 0.000295 0.001289 -0.000291 0.000325 -0.000809 0.000093 0.000200 -0.000290 -0.000945 0.001763 0.001304 0.000523 0.000323 0.000951 0.000485 -0.000068 0.001233 0.000121 0.000169 0.000833 -0.000030 0.000230 0.001007 -0.000276 0.000042 0.001053 -0.000155 0.000656 0.000088 0.000079 0.001317 0.000107 0.000013 -0.000051 0.001224 0.000252 -0.001078 0.000879 0.000515 0.000597 0.000981
-0.202357 -0.000244 -0.339109 0.000057 0.000307 0.045117 -0.000138 -0.000538 -0.000287 -0.000720 -0.000179 -1.130488 -0.000600 0.001411 -0.000768 -0.001415 -0.906513 0.000127 -0.001444 -0.000565 0.000697 -0.000236 0.000665 -0.000585 -0.327974 -0.001061 -0.000013 -0.000593 -0.001426 -0.170317 0.000736 0.000245 -0.000896 -0.386641 -0.001389 -0.009884 -0.116405 -0.000292 -0.508325 -0.001651 -0.001225 0.000352 0.000500 0.000138 -0.533531 -0.001310 -0.000615 0.000388 -0.298771 -0.009102 -0.000202 0.000094 -0.181826 -0.010501 -0.000207 -0.082819 -0.000506 0.000098 -0.813662 -0.008071 0.000253 -0.000456
1.123133 0.000390 1.241108 0.001481 -0.000093 0.064949 0.042336 -0.000174 -0.000937 0.001415 0.039144 0.000703 0.000601 0.115727 0.000692 0.856040 1.236613 0.607275 0.315420 -0.000162 1.467801 1.165290 0.000586 -0.000093 0.682902 0.001573 0.000711 -0.000067 0.000615 0.420817 0.000789 0.503018 0.000642 -0.000905 0.969062 1.148009 0.656084 0.000150 0.000157 0.436095 0.157982 0.156905 0.000667 -0.000034 0.000224 0.001750 0.000378 1.068037 1.146535 0.000946 0.021514 0.776319 0.375336 0.454619 0.290465 0.418101 0.001190 0.160979 0.000475 0.000063 0.000439 0.000553
0.420389 0.069110 0.138441 0.710330 0.461741 0.000583 0.746376 0.000872 0.001760 1.849204 0.001452 0.000420 0.610051 0.170852 2.247720 0.762411 1.152407 0.194905 0.000007 1.399969 1.650110 0.883821 -0.000619 0.000597 -0.000335 0.340682 0.009360 0.000379 0.342099 0.001209 0.482331 0.000733 0.495520 0.623208 0.028936 -0.000238 1.384870 0.000681 0.907113 1.062763 0.001637 0.114468 2.295215 1.028360 0.875492 0.741509 0.281579 0.187165 1.075099 -0.000007 0.494644 1.825673 0.037780 0.309943 0.000843 0.146221 0.001072 0.014053 0.214436 0.000179 0.084737 0.300751
-0.000456 0.000538 0.001107 0.001294 0.001173 0.000707 -0.000336 0.000556 0.000143 0.000230 -0.000657 0.001700 0.000162 -0.000439 0.000676 0.000084 0.000246 0.000650 0.001212 0.000383 0.000541 0.000234 0.000776 0.001361 0.000910 -0.000064 0.001112 0.000657 0.000090 0.000653 0.000718 0.001002 0.001095 -0.000227 -0.000935 -0.000117 0.000677 0.001280 -0.000556 -0.000849 -0.001078 -0.000350 0.000012 -0.000213 0.000317 -0.000031 -0.000006 -0.000627 -0.000479 -0.000316 0.001275 0.000904 0.000452 -0.000227 -0.000314 -0.000474 0.001240 0.000109 -0.000542 0.000450 0.000175 -0.000866
0.001134 -0.000948 0.000100 -0.000532 -0.000404 0.000014 -0.000064 0.000639 0.001081 -0.000447 -0.000729 -0.037078 -0.001005 0.000604 0.506124 0.022134 0.000079 0.000041 -0.205264 -0.000529 -0.001297 -0.190261 -0.320364 -0.001830 -0.001010 0.000430 -0.137181 -0.000353 0.000039 0.163274 -0.001578 -0.073674 -0.000217 -0.000542 -0.001392 -0.001108 0.000339 -0.000322 0.672945 -0.000936 0.000647 -0.000103 -0.000497 -0.079894 0.001002 -0.000199 -0.000928 -0.000246 -0.001186 -0.000398 -0.001087 -0.000928 0.000100 -0.001402 -0.000058 0.000246 -0.018001 -0.000369 0.000094 -0.000627 -0.000855 -0.026388
0.423675 -0.000149 0.000321 0.000263 0.001600 0.000588 0.183861 -0.000501 0.000592 0.048186 0.001010 -0.000383 0.000496 0.000486 0.141214 0.001439 -0.000217 -0.000558 -0.000722 0.000601 0.000419 -0.000113 -0.001126 0.000365 0.561761 0.501618 -0.000443 0.003766 0.000749 0.336706 0.000091 -0.000905 0.000797 0.001237 0.000564 0.000074 0.094952 0.000368 0.000061 -0.000556 0.000139 0.115743 0.461639 0.239746 0.022894 -0.000080 -0.000458 0.001179 0.000582 0.001184 0.000851 -0.000037 0.204832 0.112300 0.000683 -0.000058 0.000272 0.090745 0.000555 0.000950 -0.000003 0.001651
0.000036 0.001433 0.000533 0.000034 -0.470797 0.000137 0.001819 0.363305 -0.000448 -0.000298 -0.000343 -0.001088 -0.000305 0.796359 0.001332 -0.000495 -0.000139 -0.000339 -0.001015 0.069829 -0.000248 0.000370 -0.001130 0.001354 -0.000191 0.000914 -0.000270 0.000401 -0.254538 -0.000226 -0.000464 -0.000159 -0.089653 -0.000813 0.001455 -0.000954 0.000579 -0.000544 0.001269 -0.000809 0.000171 0.001101 -0.000742 0.000891 0.000831 0.001257 -0.000164 0.000549 0.000024 -0.001319 0.000336 0.000711 0.216479 0.001787 -0.000556 0.000907 -0.000250 0.916110 -0.000123 0.000425 -0.000460 0.000220
-0.000801 -0.001169 -0.000807 -0.000324 -0.000222 -0.001481 -0.000545 0.000003 -0.000056 -0.000072 -0.001068 -0.000376 -0.000157 -0.000982 -0.000791 -0.000024 0.000160 -0.001324 0.000038 0.000643 -0.000347 -0.001175 -0.000852 -0.000721 -0.000926 0.000210 -0.000651 -0.000208 -0.001219 -0.000236 -0.000497 -0.000136 -0.000126 0.000521 -0.001050 -0.001023 -0.000961 -0.000370 0.000231 -0.000418 0.000691 -0.000664 -0.001494 -0.000653 -0.000114 0.001032 -0.001274 0.000917 -0.000258 0.000659 -0.000476 0.000541 -0.000020 -0.000205 0.000067 -0.000186 -0.000173 0.000436 -0.001265 -0.001448 -0.001530 -0.000571
0.000084 0.000036 -0.001433 -0.001117 -0.001456 0.001401 0.000014 -0.000116 0.000658 0.000487 -0.224694 -0.275756 -0.000216 -0.000205 -0.001019 -0.000606 -0.000317 -0.041409 -0.000093 -0.000368 -0.291009 -0.022436 -0.001352 0.061693 -0.000561 0.000576 -0.000306 0.000211 -0.000862 -0.001156 0.001292 -0.001542 -0.001928 -0.000687 -0.001304 -0.000841 -0.001507 -0.603518 0.000269 0.000130 -0.000223 -0.001075 0.000798 -0.054294 0.000008 -0.074925 -0.164312 -0.000082 0.000831 -0.000962 0.000097 -0.000074 0.000062 -0.000927 -0.048380 0.000845 0.000217 0.001208 -0.297849 0.000062 0.000062 -0.000572
-0.000334 -0.000117 -0.174465 -0.000037 -0.010682 0.413059 0.086971 0.000700 0.000099 0.000116 -1.026128 -0.027352 -0.892172 0.000951 -0.001803 -0.329278 -0.000822 -0.000776 -0.415374 -0.001222 -0.001160 -0.250887 -0.992170 -0.000988 0.000462 -0.225715 -0.069625 -0.200267 0.000060 -0.401837 0.001037 -0.980892 -0.794149 0.000275 -0.758816 -0.869668 -0.000518 -0.000128 -0.297938 -0.001012 -0.475356 0.000423 0.000168 -0.001736 -0.000346 -1.245350 -0.301135 -0.000579 -0.000096 -0.000479 -0.000965 -0.001084 -0.000437 -0.000807 -0.001009 -0.764245 -0.000095 -0.000477 -0.001131 -0.216301 -0.606270 -0.078330
-0.001141 0.000179 0.000532 -0.000227 0.001430 0.000308 -0.000344 0.000102 -0.000155 0.000139 -0.000913 0.000170 -0.000191 0.000546 0.000441 0.000744 -0.000438 0.000789 -0.000017 0.000843 0.001607 0.065555 0.000116 -0.000451 -0.000982 0.001199 0.001366 0.000261 -0.000575 0.036953 -0.001059 0.001264 0.000381 0.001096 -0.000330 0.000952 0.000020 0.000663 0.068383 -0.000441 -0.000411 0.000689 -0.000819 0.000588 0.000418 0.001047 0.000708 0.001122 -0.000238 -0.000024 -0.000234 0.453987 0.000206 0.212487 0.000751 0.001136 0.001467 -0.000201 0.000399 0.000580 0.000057 0.000025
-0.000031 0.000252 -0.000896 -0.001245 -0.000721 -0.118452 -0.001966 -0.000303 0.001259 -0.233059 -0.000435 -0.000842 0.000012 0.000175 -0.000986 0.001119 -0.000198 -0.000647 -0.000033 -0.001435 0.000363 -0.001388 -0.102037 0.000421 0.000220 -0.000160 -0.610533 -0.000390 -0.559430 0.001069 -0.000912 -0.001524 0.000345 -0.000533 -0.167873 -0.000505 -0.000868 0.000234 -0.000327 -0.001061 -0.034481 -0.000529 -0.396248 -0.000539 -0.515583 0.000326 0.000098 -0.000815 0.000398 -0.000385 -0.000561 -0.000496 -0.000112 0.000230 0.000719 -0.000133 -0.000423 -0.000306 -0.001374 -0.000868 -0.453367 -0.082252
0.055196 -0.000708 0.000676 0.001272 -0.000800 -0.000296 -0.001075 -0.001323 -0.000013 -0.000578 -0.000838 0.000989 0.001324 0.001408 0.001059 -0.000923 0.000012 0.000897 0.277632 -0.001404 0.001359 -0.000548 0.001369 0.000658 0.001371 -0.000965 0.000377 0.000642 -0.000009 0.000683 0.001235 -0.000376 0.000965 -0.000807 0.001296 -0.000430 0.000242 0.357521 0.000313 -0.000973 0.001210 0.000644 0.001490 0.000784 -0.000130 0.674337 0.000155 -0.000698 -0.000935 0.000021 0.000487 0.000660 -0.000306 0.000422 0.000329 0.001322 -0.000608 -0.000475 -0.000313 0.426834 0.000719 0.000010
-0.000561 0.000586 0.157584 -0.051317 -0.060110 -0.001098 -0.000209 -0.120593 -0.033441 -0.000639 -0.000278 -0.001742 -0.000849 -0.000622 -0.620245 0.000225 -0.001391 -0.001504 -0.000539 -0.000044 -0.000222 0.001123 -0.000784 -0.000366 -0.000285 0.000060 -0.267394 -0.252146 -0.135135 -0.000259 -0.262884 -0.000958 -0.000559 -0.001704 -0.289866 -0.121907 -0.198244 0.000578 -0.248669 -0.243814 -0.000368 -0.001209 -0.000697 -0.000587 -0.386429 -0.311265 -0.001705 0.000105 0.000747 -0.054203 -0.001411 -0.001700 -0.000039 0.001406 0.000328 -0.000478 -0.000458 -0.069324 -0.329598 -0.000584 -0.165088 0.000191
