0.000627 0.000268 0.000220 0.000970 0.000761 0.000510 0.001016 0.000442 0.000539 0.000684 0.000428 -0.000264 -0.000592 0.000900 0.378887 0.209923 0.001012 -0.000174 0.001698 0.215172 -0.001052 -0.000425 -0.001152 0.000928 -0.000162 -0.000087 0.000067 0.000689 0.001176 0.251590 0.001103 -0.000268 0.001047 0.001352 0.001033 -0.000676 -0.000158 0.000516 0.076863 0.000897 0.000564 0.000678 0.468920 -0.000234 0.000820 0.001237 0.000250 0.478012 0.000644 0.000020 0.000632 0.000314 0.000514 0.001136 0.000192 0.001685 0.000502 0.000928 -0.000137 -0.000281 -0.000416 0.000267
0.167615 0.664656 0.000086 0.663002 0.178357 0.001237 0.000255 0.001137 0.747405 0.001548 0.000531 0.000686 0.068524 -0.000065 0.734556 0.000764 0.715828 0.676050 0.177384 0.860805 1.039301 0.032236 0.001544 0.147144 0.000625 0.000553 1.304585 0.982813 1.725605 -0.000205 0.614614 0.009307 0.123892 0.001204 0.701515 0.024085 0.962802 0.627759 0.447417 -0.000074 0.874854 0.363359 0.001070 1.225104 0.320305 0.269549 0.000371 0.192321 0.000053 0.351341 0.506362 0.177218 0.000563 0.260432 0.294224 0.083639 0.324581 0.000102 0.001400 0.327427 0.001736 0.369357
0.000255 0.000216 0.000104 0.000748 0.000773 0.066921 0.000287 0.001295 0.000423 0.212996 0.127754 0.000563 -0.000023 0.000943 0.137536 0.001465 0.000107 0.001024 0.000438 0.000331 0.000575 -0.000470 0.000897 0.001403 0.000426 0.000083 -0.000088 0.000494 -0.000029 0.000015 -0.000005 -0.000423 0.000427 0.000338 0.001637 0.001470 0.000335 0.001235 0.000925 -0.000590 0.081092 0.000204 0.499465 0.000377 0.237309 0.000327 0.001049 -0.000057 0.000123 0.000017 0.000708 0.000435 0.000529 0.304650 0.207497 0.000526 0.000808 0.000768 -0.000258 0.001391 0.174891 1.151156
0.000517 -0.000242 -0.000469 0.000406 0.000616 0.000974 -0.000359 0.000486 0.001765 0.000962 -0.000265 0.000800 -0.000900 -0.000329 0.001423 -0.000806 0.000066 -0.000753 0.000486 0.000333 0.001009 -0.000095 0.000571 -0.000482 -0.000513 -0.000445 0.000597 -0.000716 -0.000085 -0.000571 -0.000026 0.000808 -0.000984 0.000054 0.000103 0.001267 -0.000373 -0.000140 0.000962 -0.000332 -0.000121 0.000869 -0.001230 -0.000057 -0.000476 -0.000229 0.000082 -0.000472 0.000013 0.000777 -0.000796 0.001123 -0.000262 0.001270 0.000724 0.000864 0.000373 -0.000036 -0.000447 0.001295 0.000926 -0.000066
-0.000171 0.000011 -0.000267 0.000575 0.000379 0.000710 0.000620 -0.000939 0.000935 0.000533 -0.000475 -0.001299 -0.000136 -0.000322 -0.000216 0.001381 -0.000431 0.000463 -0.000563 -0.000157 -0.001175 0.000893 -0.001235 -0.001554 0.000580 0.000558 0.000421 0.000558 0.000241 -0.000072 -0.000815 0.000020 -0.000958 0.000145 -0.001153 0.000080 0.000559 -0.000384 -0.000695 -0.000937 0.000019 -0.001066 0.000030 -0.000354 -0.000698 0.000170 -0.000810 0.000784 -0.000618 0.000022 -0.000289 0.476731 0.000485 -0.000816 0.000584 0.000237 0.000110 0.000115 -0.000603 0.000141 -0.000443 0.000584
-0.000304 0.000131 -0.000384 0.000109 -0.134165 0.000196 -0.000971 -0.000279 0.000242 0.039185 -0.000731 -0.001060 -0.119644 0.177772 -0.000445 -0.130790 -0.000192 -0.001166 -0.000000 0.000509 0.000887 0.000573 -0.084189 -0.000915 -0.000026 0.000418 0.000292 -0.000007 -0.001604 -0.001358 -0.000691 -0.001343 -0.001012 0.000813 -0.001016 -0.000741 -0.000661 0.000621 0.000265 -0.000856 0.000340 0.000187 -0.032908 -0.000671 -0.000998 -0.001163 -0.000064 -0.000615 -0.000107 -0.000696 -0.000141 -0.000795 0.000801 0.000340 -0.000489 0.000613 0.000913 0.293432 -0.022194 0.000645 -0.001092 0.000848
0.140170 0.000150 0.001203 0.000119 -0.000801 -0.000066 0.000352 0.000674 -0.000115 0.716839 -0.000199 -0.000500 0.000118 0.634647 0.001166 0.000544 0.001115 0.346574 -0.000668 0.000819 0.095835 0.000624 0.000343 -0.000093 0.000654 0.000537 -0.000609 0.001158 0.000292 -0.000524 0.000398 -0.000025 0.000093 -0.000646 0.223199 0.001395 -0.000344 0.001885 0.001205 0.000298 0.000168 0.035058 -0.000497 0.000413 0.000110 -0.000651 0.000331 -0.000061 0.000763 0.001093 -0.000331 -0.000367 0.135221 0.143166 0.771508 0.000147 0.979510 0.711352 0.000030 0.000322 -0.000640 0.045895
0.001030 0.001734 0.000281 0.000164 0.000304 0.001110 0.000333 0.036417 0.000688 0.084779 0.098003 -0.000125 -0.000853 -0.000634 0.057316 0.000350 -0.000552 0.000469 0.022477 0.565759 -0.000140 -0.000335 -0.001099 0.000123 0.000446 0.001044 0.000011 0.247440 0.000461 0.000141 0.480073 -0.000333 0.000661 0.001176 0.001092 0.000233 0.025456 0.001528 0.000169 0.001580 0.557230 0.000830 0.000375 0.000231 -0.000113 0.157182 0.000548 0.000366 -0.000212 -0.000197 -0.000204 0.000369 -0.000237 0.000450 1.052338 0.000296 0.000014 0.001127 0.000519 -0.001131 -0.000891 -0.000055
0.000942 0.000091 0.000360 0.001316 0.000045 0.000745 -0.000845 0.000775 -0.000500 -0.000273 -0.001369 -0.000124 0.001428 0.001030 -0.000252 0.000820 -0.000226 0.000335 -0.000129 -0.000033 0.000916 0.000412 -0.000272 0.000038 0.001159 0.000222 -0.000225 -0.001242 0.000894 0.000610 0.000680 -0.000036 -0.000779 0.000403 -0.000858 -0.000229 0.000487 0.001567 -0.000316 0.000524 0.000244 0.000165 0.000398 0.001084 -0.000980 0.001363 0.000052 0.000214 -0.000325 -0.000802 0.000292 0.000802 0.000433 0.000897 -0.000536 -0.000207 -0.000482 -0.000167 -0.000820 0.001625 0.000485 0.001150
0.448361 0.013295 -0.000495 0.000030 0.000169 0.485022 0.853987 0.154855 0.036692 -0.000659 -0.000585 -0.000932 -0.000606 1.085640 0.000626 0.119768 -0.000441 0.360588 -0.000262 0.001152 0.000391 -0.000165 -0.000431 0.001552 -0.000601 0.001215 0.001318 0.000245 0.000182 0.000333 0.009635 0.000577 0.136371 0.000669 0.000694 0.000227 0.001001 -0.000108 0.000042 0.001018 0.000668 0.819299 -0.001038 -0.000472 0.000461 -0.000377 0.000016 0.000838 0.000735 0.000411 0.000540 0.000718 -0.000047 0.000558 0.000085 0.000297 -0.000364 0.734327 0.000547 0.001509 -0.000522 0.000289
0.001282 0.000856 -0.000386 -0.000938 0.000053 -0.001143 0.000515 0.000243 0.000237 -0.000168 0.001430 0.000490 -0.000512 0.001184 -0.000165 0.001257 -0.000753 -0.000580 0.000508 0.001037 0.000319 0.001183 -0.000560 -0.000370 -0.000293 -0.000261 0.000303 0.000584 0.000935 0.001026 0.000243 -0.000067 -0.000373 0.000243 0.000670 -0.000952 -0.000825 0.000881 0.001278 0.000602 0.001217 0.000585 -0.000190 0.000233 -0.000684 0.000239 0.000449 0.349638 -0.000131 0.000486 0.000167 0.000437 0.000868 -0.000238 -0.000435 0.000667 -0.000832 -0.000100 0.000478 0.000356 -0.000893 -0.000707
0.000496 -0.000795 0.000812 0.000048 0.000039 -0.000500 0.000407 0.000059 0.001478 0.000752 -0.000355 0.000673 -0.001034 0.001299 -0.000499 0.001323 -0.000713 -0.000624 0.000659 0.000318 0.000169 0.001076 0.000224 -0.000474 -0.000367 -0.000135 -0.001148 0.000162 -0.000704 -0.000367 0.000642 -0.000350 -0.000366 0.000591 0.000079 0.000122 -0.000425 -0.000045 0.001063 0.000372 -0.000690 0.000737 0.000959 -0.000427 -0.000777 0.001323 0.000452 -0.000670 -0.000174 0.001071 -0.000528 -0.000469 0.001253 0.000909 0.000971 0.000970 0.001171 0.000873 -0.000366 0.001199 0.000531 0.000122
0.000513 0.001379 0.000231 0.001010 0.000940 0.000143 0.000575 -0.000456 0.157658 0.001215 0.000650 0.000686 0.036222 -0.000040 0.027833 0.310128 0.001610 0.000984 0.164131 -0.000264 0.000457 0.547292 0.000826 0.001964 0.056286 0.000670 0.062807 0.303067 0.000012 0.072482 0.098511 -0.000090 0.000030 0.873575 0.000185 -0.000040 0.000693 0.468292 0.405372 -0.000263 0.000764 0.000946 0.001146 0.142856 0.238393 1.030264 0.000928 0.001323 0.000687 0.000492 0.000577 0.997103 0.000490 0.070412 0.001582 -0.000854 0.000222 -0.000556 0.001670 0.056914 0.001272 0.000042
0.000329 0.001953 -0.000156 0.000222 -0.000584 0.000406 0.001625 0.000175 0.000199 0.001190 0.001192 -0.000756 0.000375 0.001035 0.000804 0.123761 -0.000710 0.307381 -0.000210 0.000030 0.000141 0.000076 -0.001083 0.001737 -0.000947 0.000006 -0.000483 0.000931 -0.000146 -0.000819 -0.000501 -0.000924 0.000849 -0.000149 -0.000297 -0.000306 0.000840 0.000269 -0.001278 0.000169 0.000321 0.000154 0.001146 0.000851 -0.000674 0.001207 0.000391 -0.000503 0.000101 -0.000095 -0.000590 -0.000363 0.000749 0.000972 0.000965 0.001026 -0.001105 0.257132 0.000055 -0.000253 0.000789 0.000458
-0.000312 0.000705 -0.001212 0.001585 0.000056 -0.000229 -0.000129 -0.000580 -0.000071 0.001121 -0.000255 0.000776 0.000568 -0.000402 0.000596 0.000661 0.078380 0.000212 -0.000413 -0.000549 0.000347 -0.000373 -0.000785 0.000553 0.000416 0.000560 0.000378 -0.000067 -0.000106 -0.000985 -0.001079 0.000885 0.000259 0.000093 0.001595 0.000971 -0.000632 0.001496 0.037344 -0.000737 0.001482 -0.000356 -0.001283 0.001604 -0.000332 -0.000360 -0.000489 0.000293 0.000747 0.000119 0.001736 0.000633 0.183803 0.000628 0.001146 -0.000244 0.000326 0.000171 -0.001045 -0.001069 -0.000601 0.000993
0.000386 -0.000472 -0.000857 0.000137 -0.000866 0.000405 -0.000424 0.000482 -0.001248 0.000648 0.001068 -0.000355 -0.000817 0.000113 -0.001220 -0.000741 -0.000850 -0.000139 -0.000455 -0.000685 0.000694 0.000929 -0.000830 -0.000220 -0.000598 -0.000893 -0.001241 -0.000392 -0.000621 -0.000190 -0.001447 -0.000486 0.000600 -0.001031 0.000133 0.000242 -0.000495 0.000163 -0.000627 -0.000933 -0.000648 -0.000445 -0.000510 0.000719 -0.000339 0.001211 -0.000258 0.000853 -0.000789 0.000533 -0.001134 -0.001059 0.000477 -0.001089 -0.000070 0.000816 -0.001031 -0.000374 0.000201 0.001095 -0.000710 -0.001017
0.268219 -0.000059 -0.000369 0.001251 0.000953 -0.000321 -0.000015 0.000434 0.482412 0.001192 0.000877 -0.000217 0.001485 0.000496 1.169787 0.000284 0.001266 0.000766 0.173460 -0.000497 0.915306 0.000873 0.000543 0.000091 0.470685 -0.000354 -0.000355 0.000320 0.000127 0.558564 0.061614 0.000020 -0.000190 0.623477 0.027869 0.000716 0.001121 0.406443 0.951570 -0.000219 0.496518 0.001145 0.566782 0.001138 0.383880 0.209063 0.000012 0.001426 -0.000533 -0.000930 1.140854 0.000046 0.001596 0.133105 0.001925 0.000159 0.167298 0.000134 0.000348 0.001774 0.000048 0.145806
0.090238 1.255642 0.000771 0.000854 0.711006 0.166051 1.967689 0.001166 0.199970 1.463231 0.001648 0.523771 0.379040 1.555867 0.259769 0.147560 0.338776 0.611863 0.237204 0.000927 0.000258 0.200110 1.236582 0.001442 0.224663 1.067282 0.431607 0.987248 0.001799 0.430595 0.000172 1.268346 0.205125 0.311390 0.109508 0.590954 0.843974 0.281491 0.378767 0.622241 0.376203 0.967586 -0.000301 0.700993 0.001331 0.256967 0.000777 0.000492 0.610361 0.001176 0.000524 0.135477 0.324523 0.001340 0.808690 0.000526 0.001506 0.720629 0.065282 0.017489 0.210158 0.001505
-0.000068 -0.000004 0.504242 0.001239 0.000419 0.001447 0.001685 0.000536 -0.000068 0.000683 0.001260 -0.000622 0.001382 -0.000151 -0.000104 0.902745 0.000872 0.000315 -0.000640 0.000995 0.000983 0.723547 0.001420 0.000754 0.203744 0.081123 0.000720 0.000005 0.000893 0.736069 0.000908 -0.000286 0.000184 0.001448 -0.000100 -0.000310 0.001000 -0.000290 0.000596 -0.000231 0.001535 0.001098 0.047451 0.001460 0.001314 0.337211 0.000969 0.000248 0.000760 -0.000275 0.000002 0.000836 0.001585 -0.000376 -0.000285 0.000864 0.000997 0.000392 0.000386 -0.000794 0.000165 0.000186
-0.000675 0.000132 0.000780 -0.001012 -0.000684 -0.000781 -0.000434 0.001490 -0.000057 -0.001509 0.000263 -0.000403 0.000392 -0.000205 -0.001260 -0.000365 -0.001685 -0.000176 0.000583 -0.000539 -0.119094 -0.121746 -0.000277 -0.001187 -0.001287 0.000376 -0.001134 -0.000645 0.000346 -0.000790 0.276428 -0.001217 -0.001244 -0.001395 -0.094299 -0.001181 -0.001126 0.000827 -0.000937 -0.000995 -0.000382 0.000567 0.000054 -0.000728 -0.263792 -0.000790 -0.001469 0.000875 -0.000077 0.000238 -0.000180 -0.001403 -0.000561 -0.000810 0.000637 0.000041 -0.000420 -0.000669 -0.014587 -0.000351 -0.000399 -0.001479
-0.000289 0.000330 -0.000176 -0.000321 0.000904 -0.000960 0.000935 0.000251 0.000385 0.000632 -0.000879 0.000634 0.000157 0.000845 0.000561 -0.000094 0.000074 -0.000711 0.000486 -0.000452 -0.001022 -0.000899 -0.000348 -0.000072 -0.000974 -0.000778 0.000943 -0.000231 0.000777 0.000914 0.000455 0.000050 -0.000689 0.000351 -0.000024 -0.000517 0.001457 -0.000099 0.001392 0.000488 -0.000041 0.000671 -0.000042 -0.000539 0.000171 0.001104 0.000332 -0.000181 0.000607 0.000612 0.000509 0.000713 0.000798 0.000377 0.000047 -0.000182 0.000496 -0.000121 0.000544 0.001064 -0.000886 -0.000878
0.000070 -0.000546 0.000480 -0.000719 -0.000554 -0.072992 -0.000869 0.000197 -0.000069 0.000484 -0.000572 -0.001421 0.000510 0.000733 -0.000610 0.000259 0.000097 0.000352 0.103838 -0.000918 0.000575 -0.001024 -0.000583 -0.000070 0.000351 -0.001079 -0.001186 -0.000459 -0.000168 -0.000161 0.000462 -0.000490 -0.000651 0.166415 -0.000192 -0.001324 -0.000664 0.170140 0.000118 -0.000248 0.000555 -0.000945 -0.001610 0.000903 -0.000124 0.000855 0.000237 0.000522 -0.000597 0.000573 -0.001474 0.001432 0.000230 0.000720 0.000248 0.000238 -0.000966 -0.001636 -0.000445 0.000343 -0.001294 -0.000846
-0.000448 0.000668 0.064290 0.000712 -0.000479 0.367821 0.339467 0.317332 -0.000549 0.161910 0.001068 0.000643 0.001038 -0.000008 0.238162 0.001891 0.000092 1.075568 0.001194 0.000319 0.001002 0.001289 0.001655 0.000491 0.000800 -0.000084 0.000774 0.000811 0.000855 0.000142 0.000578 0.000439 0.087578 -0.000658 -0.000094 -0.000057 0.000329 0.000141 -0.000212 0.221913 0.001112 0.229790 0.000775 -0.000407 0.001056 0.000818 0.000282 0.000343 0.001658 0.000934 -0.000577 -0.000375 -0.000044 -0.000075 0.165193 -0.000082 0.001241 0.712319 0.056055 0.000622 0.001764 0.001364
0.000016 -0.001100 -0.091331 0.000138 -0.001146 -0.000053 0.000350 -0.000016 0.000426 -0.000337 -0.000572 -0.071006 -0.000870 0.000753 -0.000305 0.000314 -0.000032 0.000107 0.000174 -0.000198 -0.001156 -0.001416 0.000100 -0.000098 -0.001242 -0.000462 -0.000628 0.000493 -0.001153 0.000463 -0.000467 -0.000912 -0.001115 0.001185 -0.000870 -0.001203 0.613130 -0.000175 -0.000888 -0.000454 -0.000905 -0.001735 -0.001046 0.000062 -0.000566 0.001235 -0.001732 0.000421 -0.000136 -0.000948 -0.000025 0.059270 -0.001330 -0.098000 0.000113 -0.000304 -0.001337 -0.000183 -0.000837 0.000668 0.000339 -0.000058
0.000656 0.000174 0.000841 0.000684 -0.000692 0.000026 0.000395 0.000804 0.001169 -0.000475 0.000868 0.000875 0.000315 0.000879 0.000601 0.178781 0.000118 -0.000428 0.000034 0.001249 -0.000354 -0.000050 -0.000311 -0.000757 -0.000645 -0.000227 -0.000638 0.000554 -0.000267 0.001113 0.001236 -0.001317 0.000437 -0.000169 0.000754 0.001168 -0.000415 -0.001041 0.000876 -0.000061 0.000628 -0.000534 0.000443 0.001134 0.000366 0.000209 0.000407 0.263085 -0.000085 0.000156 0.000548 0.001613 -0.001007 -0.000677 -0.000104 0.000843 0.000699 0.000077 0.000989 0.000036 -0.000206 0.000362
0.001238 0.000964 -0.000364 0.001104 -0.000132 -0.000981 0.001211 0.000921 0.055894 0.143455 0.621032 0.000289 -0.000330 0.000840 0.000295 0.001644 0.001314 0.335038 0.654468 -0.000223 0.000648 0.001246 0.000285 0.000438 -0.000028 0.000926 0.231471 0.994711 -0.000005 0.226121 0.000423 0.000260 0.243821 0.257080 0.000660 -0.000213 0.000298 0.001267 0.001135 -0.000696 0.000687 -0.000011 0.000442 0.256834 -0.000098 0.424551 0.052791 0.099589 -0.000835 0.000221 0.000568 0.474394 0.100636 0.000030 0.001010 0.155778 0.129272 0.001015 0.001229 0.000121 0.000850 0.225606
-0.000466 -0.000108 0.000593 -0.000579 -0.000690 -0.000255 -0.000467 0.000248 -0.000401 -0.000599 0.000442 -0.000872 -0.001038 0.000220 0.001192 -0.000664 -0.000194 0.000737 0.001098 0.001076 0.000232 0.000686 -0.001127 -0.000463 -0.001049 0.000488 -0.000693 0.078135 -0.000962 0.001134 0.000704 -0.001067 0.000223 0.000741 0.000739 -0.000417 -0.000297 -0.000120 0.000734 0.000199 0.000606 0.000750 0.000616 0.000472 0.000429 -0.000330 -0.000126 0.001216 -0.000140 -0.000573 0.000639 0.000594 0.000646 0.001161 0.000219 -0.000053 -0.000693 0.001093 -0.001090 -0.001012 -0.000858 0.001147
0.748201 1.835837 0.486275 0.000445 0.557209 0.000911 0.249024 1.665590 0.275945 0.518227 0.312124 0.000549 0.065601 0.509528 0.370553 0.958499 -0.000511 1.422234 0.001679 0.087160 0.096231 0.000023 0.230001 -0.000833 0.000372 1.148581 1.293090 0.520970 0.078762 0.000088 0.700702 0.089353 0.181532 0.054571 0.000968 0.310395 0.411000 0.271183 0.000508 0.199945 -0.000254 0.816816 0.276626 0.000380 0.432394 0.248583 0.228988 0.385473 0.000196 0.001497 0.001571 0.692146 0.015063 0.486829 0.832024 0.087189 0.000165 0.333960 0.150442 0.231175 0.163297 0.304402
-0.000669 0.000741 0.000165 0.001499 0.000526 -0.000707 0.000996 0.000333 0.026663 0.000465 -0.000905 0.000029 0.001037 0.000255 0.001149 0.000893 0.000419 0.000436 0.000761 -0.000100 0.252001 -0.000423 0.000847 0.001329 -0.000078 -0.000251 -0.000889 0.000823 -0.000108 -0.000336 -0.000025 0.000507 0.000652 0.000416 0.000655 0.000804 -0.000838 0.001612 0.001108 0.000041 -0.000238 0.000234 -0.000113 -0.000538 0.000413 0.000482 -0.000964 0.216443 -0.001055 -0.000335 0.001096 0.000468 -0.000801 0.000395 0.000667 0.001410 0.000471 -0.000377 0.000195 0.000342 -0.000860 0.000999
0.000428 -0.000256 0.000506 -0.000463 -0.000853 0.000275 -0.000980 0.000412 0.000274 -0.000710 -0.000356 -0.000593 -0.000309 0.000794 -0.000781 -0.000989 -0.001353 0.000664 0.001308 -0.000754 0.000045 0.000049 -0.000265 0.000222 0.000090 0.000252 0.000528 -0.000431 -0.000940 -0.000540 0.000192 -0.000040 -0.000453 -0.000141 -0.001259 0.000268 -0.000883 0.000220 -0.000514 -0.000410 0.000633 -0.000226 -0.000836 0.000891 0.000311 0.000908 -0.000028 -0.000399 -0.000701 0.000020 -0.000091 0.000224 -0.000182 -0.000979 -0.000905 0.000834 0.000259 0.000086 0.000527 -0.000848 -0.000538 -0.000130
0.000752 0.001121 0.001058 -0.000502 0.000719 0.000729 0.000674 0.000271 0.000249 0.001190 -0.000004 -0.000323 -0.000134 -0.000566 -0.000764 0.001011 -0.000875 0.000976 0.001260 -0.000100 0.000901 -0.000336 -0.000907 -0.001185 -0.000700 -0.000274 -0.000588 -0.000171 0.001088 -0.000079 -0.000370 -0.001195 0.000075 -0.000367 0.000451 0.000797 0.000201 0.000112 -0.000053 -0.000383 -0.000889 -0.000315 0.004801 0.000057 -0.000006 0.000699 0.000332 0.000794 -0.000582 0.000663 0.000002 -0.000163 -0.000573 -0.000381 -0.000615 0.000531 -0.000337 -0.001073 0.000737 -0.000052 0.000645 0.000454
0.000381 0.000823 0.001497 0.001528 0.001479 0.551504 0.378612 0.100284 0.001768 0.958980 -0.000226 0.223011 0.338352 0.717790 0.000689 0.066595 0.000302 1.178037 -0.000601 0.001517 0.001261 -0.000378 0.502006 0.001200 0.001330 0.040456 0.031681 0.000596 0.001361 0.000044 -0.000041 0.341884 0.246687 0.000550 0.000280 0.367554 -0.000300 0.000880 0.000147 0.394598 -0.000547 0.344771 0.000459 0.013457 0.001033 -0.000916 -0.000253 -0.000154 0.113077 0.000938 0.001152 0.000915 0.096305 0.000938 0.545925 0.000361 0.309521 0.010543 0.140853 0.000671 0.389820 0.000270
0.000627 -0.000355 0.000462 -0.000383 -0.001123 0.000852 0.000797 0.000824 -0.000105 0.001542 0.000363 -0.000782 -0.000805 0.000486 0.000049 -0.000292 0.000468 -0.000999 0.000384 -0.000811 -0.000008 -0.000849 -0.001474 -0.000749 0.000251 0.000806 0.000244 -0.001409 0.000819 -0.000577 -0.000312 -0.001509 0.000107 0.000281 -0.000256 -0.000254 -0.000529 -0.001026 -0.000049 -0.000679 0.001431 0.000825 0.001086 0.000832 0.000514 -0.000375 -0.001058 0.000386 -0.000711 -0.001080 -0.001316 -0.000181 0.000728 -0.000739 0.000721 -0.001207 0.000274 -0.000432 -0.000729 0.000318 0.001749 0.000012
-0.000289 -0.000250 0.000167 -0.000823 -0.000814 -0.000774 -0.001280 0.000628 -0.001199 0.000025 -0.000644 -0.165641 0.000873 -0.000288 0.000624 0.000206 0.000584 0.000499 0.000068 -0.000882 0.000985 0.123111 0.000436 -0.000189 0.001069 -0.000394 -0.001093 0.000158 -0.000233 0.000218 0.000504 -0.000152 0.000695 0.000951 0.000203 -0.000545 -0.000223 0.235238 0.001033 0.000605 0.272059 -0.000217 0.000406 0.001388 0.000088 -0.000197 0.000003 0.000345 0.000031 -0.000127 0.001194 0.000749 -0.000257 0.000664 -0.000444 0.000677 -0.001443 -0.000021 -0.000763 0.000021 0.000192 -0.000178
-0.000180 -0.000691 -0.000226 0.000729 -0.000744 0.000055 -0.000412 -0.000382 0.001362 -0.000240 -0.000220 -0.001255 0.000436 0.000932 0.000216 -0.000855 0.001239 -0.000071 -0.000277 -0.001069 -0.000035 -0.000512 -0.000806 0.000289 -0.000873 -0.001317 -0.000179 -0.000494 0.000031 0.001130 0.000208 -0.000271 -0.000538 0.309190 -0.000626 -0.000603 0.000337 0.000652 0.001394 -0.000438 0.000481 -0.000189 0.000105 0.000835 0.000238 0.000481 -0.000706 0.000362 -0.000932 0.000810 0.000884 0.000622 -0.000174 0.000601 0.000188 0.000416 -0.001276 -0.000476 -0.000150 0.000412 -0.000611 -0.000421
0.000739 0.000418 0.000987 0.000974 0.001259 0.001604 0.122986 -0.000194 0.105108 0.000955 0.001449 0.000771 0.001177 -0.000090 0.000653 0.001262 0.000006 0.001053 0.001168 -0.000527 -0.000009 0.000791 0.000192 0.000272 0.103077 0.001078 0.000879 0.001079 0.001146 0.685591 0.001353 -0.000513 0.001446 0.001403 0.000345 0.000117 0.000695 -0.000346 0.000990 -0.000606 0.019714 -0.000108 0.000796 0.000478 0.000484 0.001266 -0.000261 0.000791 0.000987 0.000991 0.001089 -0.000606 0.000065 -0.000505 0.001384 0.000001 0.000079 0.001301 -0.000078 0.000922 0.001165 0.001411
-0.000073 0.032965 0.000253 -0.000407 -0.000763 0.000660 0.000884 0.000603 0.000711 -0.000630 -0.001415 0.000100 -0.000314 0.000061 0.000037 -0.000750 -0.000193 0.000285 -0.000637 -0.000270 0.000107 0.000469 0.000344 0.153661 -0.000103 -0.000254 -0.000160 -0.000764 0.000619 -0.079834 -0.000779 -0.000942 -0.000653 -0.000473 0.000361 -0.000061 0.000944 0.385539 -0.000849 0.527957 0.000592 -0.000647 -0.009357 -0.001250 0.000005 0.001700 -0.000383 -0.000765 -0.000043 -0.000931 0.000044 -0.000712 0.000074 -0.037842 -0.000322 -0.000452 -0.001605 0.001161 0.000294 0.432386 -0.022012 -0.000386
0.075133 0.125520 0.000479 0.166501 0.000540 0.224607 0.228620 -0.000021 0.677431 0.491922 0.000701 -0.000350 -0.000431 0.000843 1.050508 0.004814 1.565162 0.221027 0.000309 0.000895 0.421264 0.933210 0.001047 0.079391 0.040026 0.071818 0.020241 0.000613 0.093530 0.000660 0.001062 0.000744 0.001113 1.625271 1.096272 0.000402 1.212832 0.155465 0.090574 0.040213 1.716325 0.264341 0.000345 0.606677 0.365206 1.153178 0.000530 0.408073 0.203869 0.001363 0.178224 0.001263 0.341926 0.082105 0.416422 0.000943 0.000880 0.296573 -0.000774 0.171222 -0.000494 0.654108
0.000097 -0.000821 0.001192 0.000102 -0.000764 0.000424 0.000225 0.000335 0.057898 -0.000332 0.000468 0.000697 0.000725 0.001074 0.151999 -0.000630 0.001032 0.000252 0.000236 -0.000498 0.001321 0.000633 -0.000468 0.000585 0.000308 0.000026 0.000541 0.000609 0.000178 0.000838 -0.000616 -0.000427 0.000151 0.686030 0.000134 0.001190 0.000812 0.001624 0.124148 0.000864 0.001031 0.000095 -0.000104 0.279052 0.000726 -0.000071 0.000991 0.000935 -0.000275 0.000164 0.000835 0.000758 0.193643 0.001761 0.000723 0.000345 0.001164 0.000268 -0.000021 0.000364 0.000834 0.000577
0.000889 0.001466 -0.000739 -0.001058 0.000216 0.000740 0.000663 -0.000533 0.000645 0.000471 -0.000276 -0.000250 -0.000624 0.001169 0.001156 0.000649 -0.000984 0.000807 0.000560 -0.000545 -0.000265 -0.000804 -0.001853 0.000294 0.000025 -0.000242 0.000079 -0.000009 -0.000215 0.000140 -0.000452 0.000732 -0.001348 -0.000638 -0.000288 -0.000538 0.482643 0.000628 0.000267 0.000151 -0.000016 -0.000740 -0.111033 -0.000362 -0.000186 0.001196 -0.000724 -0.000633 -0.000305 -0.001078 -0.001110 0.028544 0.000374 -0.021072 0.000868 -0.000643 0.000281 0.633137 -0.000497 -0.000358 0.000008 -0.000622
0.000083 -0.000598 -0.000366 -0.000104 -0.168709 0.000497 0.000506 0.001215 -0.001235 0.000084 -0.039916 -0.167268 -0.001643 0.000493 -0.000189 -0.000659 -0.001731 0.000870 -0.001702 -0.000250 0.000083 -0.002477 -0.394334 -0.000170 0.000047 -0.278658 -0.253352 -0.001032 0.000059 -0.000795 -0.001257 -0.348604 -0.000676 0.001239 -0.000380 -0.329865 0.000874 0.001347 -0.001103 0.000290 0.000534 0.001033 -0.013791 -0.000761 -0.001225 -0.000616 -0.001427 -0.078390 0.000161 0.000033 -0.000561 -0.000836 -0.000417 -0.000932 0.000141 0.000324 -0.001427 0.267480 -0.001686 -0.000585 -0.000182 -0.001096
-0.000410 0.973420 0.000037 -0.000044 0.001342 0.179663 0.055538 0.001542 0.000311 0.731438 -0.000770 -0.000174 0.000268 1.014460 0.205606 0.000550 0.042212 0.421911 0.001066 0.099999 -0.000010 0.000909 0.000848 -0.000211 -0.000181 0.000625 0.000006 0.227616 0.001712 0.001158 0.000262 0.001699 0.001229 -0.000426 0.357487 0.000044 0.000007 0.000064 0.001514 -0.000095 0.000224 -0.000300 0.000717 0.001048 0.013220 -0.000877 -0.000284 0.272537 0.000881 -0.000527 -0.000063 0.001232 0.001651 0.003718 0.922293 0.001128 0.000590 1.903950 -0.000047 0.000075 0.000987 0.000449
0.000683 -0.000075 0.000702 -0.000504 -0.000077 -0.000138 0.001043 0.000448 -0.000411 0.000632 0.000146 0.000241 0.000169 -0.000930 0.000038 -0.000202 0.000382 0.001175 -0.001086 0.001295 -0.001281 0.000107 -0.000521 -0.001156 0.000069 0.000969 -0.000346 -0.000592 0.000209 -0.000167 0.000357 -0.000251 -0.000461 0.000087 -0.001013 0.000504 -0.000590 -0.000139 -0.000673 0.001078 -0.000471 0.000355 0.000080 -0.000662 0.000834 -0.000123 -0.000802 -0.000384 -0.000561 -0.000119 0.001136 0.000891 0.000463 -0.001234 0.000345 0.000770 -0.000478 0.000398 -0.000558 0.000542 -0.000609 -0.000583
0.000204 0.000068 0.000087 0.000700 -0.000950 0.000443 0.000070 0.000924 0.000915 0.000432 0.000381 -0.000331 0.000577 0.000818 1.853242 0.001271 0.000882 0.001480 0.133847 0.001107 0.001304 0.000596 0.000313 0.001112 0.000507 -0.000474 0.001280 0.001612 -0.000240 0.239056 -0.000336 0.000041 0.000812 1.121103 0.000669 0.001259 -0.000871 0.922600 0.516750 0.000762 0.000559 0.001076 -0.000329 0.001864 0.000075 0.001162 0.356443 0.001297 -0.000799 -0.000119 0.000201 0.229268 0.485091 0.000944 0.000605 0.001785 0.000436 0.191381 -0.000303 0.000844 -0.000231 0.023776
0.000704 -0.000106 0.000132 0.000292 0.000270 0.001082 0.000014 0.001228 0.000475 0.000458 -0.000403 0.000004 0.000260 0.001297 0.660050 -0.000532 0.000364 0.000408 0.001317 0.001677 0.671379 0.000410 0.000126 0.001230 0.000976 -0.000110 0.000869 0.001659 0.000014 0.001060 -0.000227 0.000640 0.000856 0.001491 0.701398 0.001627 0.000292 -0.000185 0.355683 -0.000036 -0.000535 0.000156 -0.000423 0.001258 0.000298 0.001317 0.000745 0.001197 0.001531 0.001259 0.000341 0.001846 -0.000060 0.000735 0.000779 0.001359 0.001019 0.242355 0.000083 -0.000286 0.000991 0.000778
0.000284 0.000595 -0.000031 0.001010 0.001026 0.000741 0.000691 -0.000520 0.001236 -0.000054 0.000183 0.000150 0.000159 0.000637 0.000074 -0.000087 -0.000022 -0.000471 0.000867 -0.000637 -0.000544 0.000873 -0.000410 0.000677 -0.000457 0.000516 -0.000781 -0.000242 0.000436 -0.000257 -0.000361 0.000945 -0.000102 0.000897 0.000263 0.001053 -0.000018 0.000408 0.000746 0.000825 -0.000034 -0.000154 -0.000069 -0.000443 -0.000647 -0.000930 0.000225 0.000037 0.000000 -0.000228 0.001027 -0.000850 0.001296 0.000480 0.000915 0.000059 0.000452 -0.000331 -0.000071 0.000251 0.000332 -0.000250
0.000685 0.000912 0.000107 0.259660 0.001186 0.041580 0.001353 0.153576 -0.000699 0.000372 0.000949 0.000891 -0.000217 0.000400 -0.000165 0.375106 -0.000724 0.001074 -0.000346 0.013893 -0.000308 0.001027 -0.000096 0.000412 0.001309 0.000317 0.000498 -0.000364 0.000644 0.003307 0.000833 0.001053 0.116677 0.000648 0.000504 0.000303 0.000895 0.000087 0.040840 0.000587 -0.000523 0.000775 0.001196 0.537428 -0.000312 0.506003 0.000169 -0.000208 0.000355 0.000344 0.078634 -0.000076 0.195907 0.000656 0.000703 0.000663 0.001415 0.000339 0.000775 0.000896 0.000543 -0.000229
-0.000127 -0.000263 0.000030 0.000982 0.000980 -0.000335 -0.000586 0.000896 0.000312 0.000236 0.000009 -0.000086 0.000627 0.000499 -0.000576 0.000386 0.000196 0.000318 0.001010 0.001098 0.000579 0.000425 0.001018 0.000701 0.000758 -0.000417 -0.000726 0.001306 0.001052 -0.000637 0.001332 -0.000527 0.000099 0.000833 0.000505 -0.000665 -0.000797 0.000983 0.000349 -0.000037 -0.000163 0.000479 -0.000020 0.001260 -0.000472 -0.000269 0.000724 0.000435 -0.000526 -0.000640 0.000875 0.000204 0.000186 0.000334 0.000085 0.000284 -0.000559 0.000253 0.000678 0.000628 0.000872 0.000991
-0.000030 0.000327 -0.000025 0.000201 -0.000933 0.000170 0.000770 0.011966 0.000421 -0.000303 -0.001772 -0.298385 -0.000884 0.000058 -0.000367 0.000561 -0.092152 -0.000105 -0.000259 -0.000709 -0.000328 -0.074372 0.000224 0.000759 -0.001660 -0.000619 -0.001450 -0.000882 0.000284 -0.000571 -0.000836 0.000011 -0.000932 -0.000401 -0.000325 -0.001672 -0.001148 0.000610 -0.000693 0.000378 -0.000811 0.000226 0.000606 0.000201 -0.042453 -0.047324 -0.000217 0.000168 -0.001166 -0.001309 0.000205 -0.000491 -0.000902 -0.001488 0.000777 -0.000431 -0.000313 -0.000206 -0.196820 -0.001212 -0.000832 -0.000669
0.718712 -0.000322 0.793759 0.000563 0.001181 0.000717 0.000338 -0.000200 -0.000112 -0.000179 0.000854 0.001253 0.000507 0.000084 0.000184 0.496087 0.857134 0.244444 0.452115 0.000844 0.924178 0.675076 -0.000004 -0.000169 0.285227 0.000400 0.001407 0.000892 -0.000013 0.203700 0.000778 0.092268 0.000164 -0.000314 0.680694 0.689264 0.295306 -0.000588 -0.000055 0.000999 0.001797 0.001616 0.001613 0.000662 0.001468 0.143320 0.001767 0.452266 0.477296 0.001070 0.001213 0.637422 0.314685 0.001452 0.001147 0.057693 0.001128 -0.000016 0.000723 -0.000004 0.001360 0.000243
0.001066 0.000864 0.001508 0.001604 -0.000124 -0.000098 0.019411 0.000987 0.000583 0.672529 -0.000003 0.000610 0.001730 0.000423 1.620494 0.135000 0.654902 -0.000043 -0.000731 0.566399 1.025717 0.205241 -0.000684 -0.000046 -0.000016 0.000895 0.000858 0.000503 0.001298 -0.000315 0.000998 0.000143 0.001768 0.001786 -0.000174 0.001218 0.409415 0.000308 0.001218 0.000590 0.001310 -0.000052 1.610181 0.277400 0.399804 0.600405 0.001595 0.000709 0.073042 -0.000299 0.000523 1.151325 -0.000166 0.001474 0.001054 0.000878 0.000201 0.000597 0.000753 0.001469 0.000629 0.001089
-0.000775 -0.000178 -0.000448 -0.000125 -0.000058 0.000921 -0.001094 0.000647 -0.000236 0.000817 0.000873 0.000459 -0.000066 -0.000052 -0.000925 0.001279 0.000574 0.000941 0.001436 -0.000386 0.001203 0.000962 0.000587 -0.000430 0.001102 -0.000014 0.000877 -0.000632 0.000699 0.000830 0.000245 0.000261 0.000285 -0.000335 -0.000224 -0.000543 0.000416 0.000664 0.000427 0.000354 0.000298 -0.000633 0.000969 0.000046 0.000351 0.001571 0.000105 -0.000941 0.000261 0.000047 0.000314 0.000313 0.000482 -0.000256 0.000413 0.000753 0.000579 -0.000840 0.000169 0.001390 0.000504 -0.000768
0.000412 -0.000498 -0.000891 0.000577 -0.000141 -0.000629 -0.000844 -0.000722 0.000658 -0.000019 -0.000790 -0.001315 0.000572 0.001188 0.814111 0.000139 0.000619 -0.000308 -0.000061 0.001048 0.000069 -0.001111 -0.000676 -0.001279 -0.000060 -0.000368 -0.001418 -0.000582 -0.000780 0.167534 -0.000886 -0.001368 -0.000690 0.000145 -0.001249 -0.000314 -0.000188 0.001599 0.627127 -0.001039 0.001153 0.000288 -0.000117 -0.000792 0.000089 -0.000123 0.000414 0.000867 -0.000164 0.000273 0.000740 -0.000404 0.000667 -0.001128 -0.000923 -0.000892 0.000191 0.000891 -0.000914 -0.000769 -0.001417 -0.000661
0.266274 0.001507 0.115313 0.001213 0.000469 0.000132 0.106790 0.001006 0.000801 0.242451 0.001553 0.000220 0.000859 0.001666 0.091996 0.047852 0.001089 -0.000231 -0.000025 -0.000585 -0.000280 -0.000043 -0.000547 0.000871 0.591411 0.496783 0.000487 0.001509 0.001534 0.565414 0.000838 0.000360 -0.000096 0.101254 -0.000310 0.000129 0.090244 -0.000229 0.001824 0.000668 0.041050 0.000415 0.549224 0.599247 0.000162 0.493983 -0.000204 0.000060 -0.000340 0.000795 -0.000249 0.039617 0.228410 0.001851 0.000282 0.001000 0.034407 0.000003 0.000162 0.001224 0.001585 0.074424
-0.000415 0.335552 -0.000646 -0.000241 -0.001373 0.000578 0.147135 0.608204 -0.000333 -0.000057 0.000190 -0.000549 -0.000091 0.833996 0.001396 -0.000540 -0.000365 -0.000712 -0.001159 0.196526 0.000016 0.000243 0.000403 -0.000204 -0.000043 0.000706 0.000135 0.001143 -0.000965 -0.000043 0.000858 0.000134 -0.000674 0.000396 0.001103 0.000538 0.001007 0.000235 -0.000623 -0.000615 0.001392 0.121763 -0.000913 -0.000131 -0.000866 0.000110 -0.000552 -0.000852 0.000658 0.000710 0.001153 0.000703 0.001903 0.001418 0.000228 0.000730 0.001254 0.999109 -0.000728 0.000502 -0.001366 0.000712
-0.000552 -0.000621 0.001096 -0.000094 0.000633 -0.000196 0.000399 0.000118 0.000263 -0.000879 -0.000621 -0.000253 0.000203 0.000250 0.000116 -0.000202 -0.000910 -0.000878 0.000476 -0.000864 -0.000042 -0.001067 0.000547 -0.000394 -0.000608 -0.000213 -0.000254 0.000091 -0.000795 0.000759 -0.000544 -0.000655 0.000416 -0.000302 -0.001110 -0.000600 0.000162 0.000559 0.000868 -0.000845 0.000283 0.000852 0.000949 -0.001122 0.000356 -0.000243 0.000187 -0.000187 -0.000874 0.000577 -0.000051 -0.000233 -0.000029 -0.000476 0.000322 0.000825 -0.001364 -0.000854 0.000739 -0.000603 -0.000639 0.000066
-0.001141 -0.000485 -0.000378 0.001013 -0.001129 0.001750 0.000329 0.000438 0.001381 -0.000543 0.000394 -0.000954 -0.001079 0.000073 -0.000369 -0.000231 -0.000368 -0.001034 -0.000636 -0.000045 -0.000228 -0.000373 -0.000569 -0.000190 -0.000687 -0.000167 -0.000150 0.000083 0.000603 0.000048 0.001138 0.000211 0.000102 0.000063 0.000398 -0.000729 0.000277 -0.000065 0.000886 -0.000798 0.000845 0.000833 0.000784 0.000042 -0.000438 -0.000583 -0.001105 0.001037 0.000332 0.000494 -0.000129 0.000566 -0.000381 0.000196 0.000130 0.000676 0.000070 0.000948 -0.000770 0.000418 -0.000747 0.000101
0.000979 -0.000303 0.000351 -0.000919 -0.053860 0.003459 0.174901 0.001495 -0.000118 -0.000470 -0.301969 -0.000152 -0.314513 0.000621 -0.000817 -0.001209 -0.001325 0.000168 -0.000491 0.000790 0.000829 -0.035073 -0.109326 0.000356 -0.000038 -0.000567 -0.001558 -0.000404 0.000228 -0.000245 -0.000242 -0.091076 -0.132002 -0.000296 -0.033984 -0.334989 0.000992 0.000786 -0.000703 0.001018 -0.000977 -0.000151 0.000599 0.000064 -0.028315 -0.000426 -0.001598 0.000560 0.000478 -0.000884 -0.001007 -0.000247 -0.000566 -0.001193 0.000479 -0.166469 -0.000027 0.001519 -0.001494 -0.001544 -0.194032 -0.001023
-0.000354 0.000005 0.000598 0.000965 0.000623 -0.000220 0.001129 0.000674 -0.000863 0.000938 -0.000210 -0.000905 0.000475 0.000616 0.000982 -0.000517 0.000345 0.000529 0.023809 0.001519 0.001080 0.000650 0.000229 -0.000488 0.000372 0.000367 -0.000559 -0.000141 0.000134 0.330921 0.000009 0.000394 0.000789 0.000299 0.000992 0.001001 0.000563 0.117294 0.366936 -0.000451 0.000906 0.001044 0.000003 -0.000068 -0.000221 0.000870 -0.000071 0.000701 0.000950 -0.000146 0.000312 0.166937 0.000650 0.359593 -0.000343 0.000421 0.001490 0.000559 0.000030 0.001197 0.000539 -0.000054
0.000022 -0.000449 0.000249 -0.000071 -0.000553 -0.000293 -0.000055 -0.000622 0.001381 -0.000282 -0.000812 -0.000721 0.000602 0.000680 0.000218 0.001430 -0.000779 -0.000011 0.000967 0.000095 -0.000414 -0.001013 -0.001437 -0.000551 0.000258 0.000112 -0.001125 -0.000578 -0.001087 -0.000125 -0.000647 -0.001424 -0.000614 0.001110 -0.000400 0.000705 0.000469 0.000169 -0.000949 0.000270 -0.001075 -0.001029 -0.000720 0.000596 -0.001506 0.025544 -0.001135 0.000777 -0.000973 -0.000311 -0.000340 0.001507 -0.000311 -0.000988 -0.000616 -0.000755 -0.000860 -0.000627 -0.001286 -0.000895 -0.000032 -0.001296
0.000296 0.000043 -0.000303 0.000554 -0.000510 0.000395 -0.000445 -0.000601 -0.000309 0.000381 0.000669 -0.000147 0.000367 0.001278 0.001004 0.000483 -0.000119 -0.000253 -0.000534 0.000638 0.000303 0.000650 -0.000966 -0.000396 -0.000390 0.000254 -0.001331 0.000542 -0.001169 0.000755 -0.000705 -0.000112 0.001345 -0.000673 0.000144 -0.001138 -0.001032 0.001152 0.000314 0.000116 0.000569 -0.000012 0.000869 -0.000435 0.000219 0.001127 0.000999 -0.000454 0.000122 0.000197 0.000412 -0.000689 0.001174 -0.000128 0.000629 0.000006 -0.000227 0.000819 -0.000818 0.001623 -0.000394 0.000569
-0.000414 0.000030 0.160523 0.000165 -0.001101 0.000025 0.000611 -0.001320 0.000120 0.000604 -0.000172 -0.000272 -0.001067 -0.000004 -0.000254 0.000710 0.000022 -0.000895 -0.000127 -0.000713 -0.000501 0.000236 0.000476 0.000600 0.000402 0.000309 -0.000456 -0.000660 -0.000448 -0.000423 -0.001268 0.000544 -0.000061 0.000474 -0.000490 -0.001090 -0.000515 0.001205 -0.022058 -0.000705 0.001080 -0.000820 0.000891 0.000821 -0.001096 -0.001745 -0.000600 0.001060 0.000984 -0.001428 -0.000844 0.000050 -0.000171 0.000589 0.000827 0.000318 0.000126 -0.000301 -0.000014 -0.000915 -0.000634 -0.000791
