-0.000092 -0.000015 0.000649 0.000869 -0.000152 -0.000770 0.000743 0.000359 0.001525 -0.000441 0.000676 -0.000598 0.000577 -0.000071 0.267748 0.163877 0.000000 -0.000362 -0.000335 0.044236 -0.000486 -0.000098 -0.000283 -0.000413 -0.000356 0.000508 0.000113 0.001736 0.000348 0.368586 0.000437 -0.001224 0.001008 -0.000639 0.000455 -0.000623 0.000329 0.001369 0.085917 -0.001439 0.000358 0.000238 0.119476 0.000444 0.001474 -0.000132 0.001087 0.196164 -0.000822 0.000963 0.001434 -0.000230 0.000128 0.000833 0.001028 0.001007 -0.001033 -0.000022 0.000677 0.000038 -0.000382 -0.000597
0.001438 1.208950 -0.081568 0.741121 0.354015 0.001189 0.452572 0.000871 0.641994 0.392761 0.388228 0.310967 0.132294 0.000637 0.763841 0.000334 0.403307 0.941345 0.135897 1.259044 0.588797 0.043902 0.000031 0.578885 -0.000578 0.001607 1.834739 0.547644 2.402061 -0.000226 0.597005 0.000296 0.312729 0.000297 0.488902 0.189287 1.292758 0.342044 0.000658 0.436412 0.844490 0.697444 0.537889 1.234950 0.478880 0.001216 0.001063 0.001383 0.000242 0.884270 0.420943 0.093946 0.034561 0.351761 0.198082 0.000081 0.841720 0.015083 0.000863 0.003101 0.621818 0.760682
-0.000590 0.000694 -0.000181 0.000059 0.000335 0.260480 0.000889 0.001446 0.000452 0.000189 -0.000166 0.000039 0.000290 0.000189 0.313514 0.000225 0.000614 0.000199 -0.000912 0.000721 -0.000011 -0.000493 0.001120 0.001163 0.000269 0.001312 -0.000104 0.000228 0.000740 0.000552 0.000402 -0.000696 0.000715 0.000166 0.001589 0.000139 0.000664 0.000874 0.001546 -0.000647 0.023804 0.135671 0.001519 0.000553 0.001292 0.000482 0.000101 0.001191 -0.001278 -0.000149 0.000026 -0.000490 0.001241 -0.000450 0.320185 0.057449 0.001354 0.000886 0.000086 0.000329 0.001802 0.868267
0.000499 -0.000011 -0.000711 0.000756 -0.001129 0.000870 0.000658 0.001110 0.046148 0.000730 -0.000724 -0.000942 -0.000977 0.000633 0.000204 0.000799 0.000221 -0.000680 0.000602 -0.000755 0.000100 -0.000616 0.000265 0.001021 -0.000016 -0.001127 0.000090 -0.000074 -0.000220 0.000141 -0.000528 0.000940 0.000198 0.000270 -0.000989 0.001156 -0.001192 -0.000423 0.000406 -0.000108 -0.000314 0.000131 -0.000972 0.000638 -0.000217 -0.000961 -0.000970 0.000399 -0.001415 -0.000939 -0.000519 0.001076 -0.000197 0.000269 -0.000061 0.000425 -0.000763 -0.000020 -0.001170 0.000907 0.000425 0.000546
-0.000850 0.000252 -0.000655 0.000056 -0.000251 -0.000426 0.000374 0.000851 -0.000196 -0.000612 0.000113 -0.273151 0.000617 0.000746 0.000537 0.000382 -0.000836 0.000094 0.000337 0.000365 -0.000994 0.000776 -0.070009 -0.218074 0.000121 0.000494 -0.001252 -0.000315 -0.000411 -0.000277 0.000187 -0.001530 -0.067350 0.000991 0.000005 -0.000088 0.000206 -0.000265 -0.000557 0.001076 -0.000016 0.000116 -0.000839 0.000317 -0.000209 -0.000030 -0.001629 0.000967 0.000944 -0.000590 -0.000120 0.357788 0.000121 -0.000513 -0.000562 0.000364 -0.000863 -0.000726 -0.001045 0.000073 -0.000665 -0.000898
-0.013861 -0.000415 -0.136776 -0.000716 -0.923190 -0.058132 -0.001043 -0.000663 -0.219395 0.000961 -0.238935 -0.294219 -1.139543 0.000600 -0.047806 -1.057691 -0.147076 -0.277358 -0.098628 -0.000569 -0.001392 -0.000502 -0.283299 -0.000650 -0.232620 -0.202072 -0.303719 -0.000854 -0.329039 -0.093364 -0.562485 -0.356251 -0.186391 -0.000998 -0.000774 -0.000159 -0.239126 0.000088 -0.000648 -0.011783 -0.000159 -0.001210 -0.674308 -0.001726 -0.327553 -0.000943 -0.119040 -0.000053 -0.000854 -0.116216 -0.000061 -0.224754 0.000206 -0.180827 -0.000115 0.000097 0.000800 0.211395 -0.455458 -0.000471 -0.231015 0.000327
0.834183 -0.000036 0.000588 0.000628 0.000105 0.000817 0.015191 0.000965 -0.000874 1.510394 0.013420 -0.000556 -0.000035 1.455869 0.001688 0.000815 0.000661 0.480825 0.001172 0.001381 0.601050 -0.000128 0.001182 0.000854 0.001268 -0.000484 0.000937 0.000672 -0.000177 0.000553 0.000954 -0.000789 0.000205 -0.000437 0.458678 0.242419 -0.000420 0.206305 0.000377 0.256788 0.001693 0.421337 0.000259 0.000020 0.000235 -0.142970 0.001004 0.001847 0.000448 0.000321 0.000772 -0.064344 0.858502 0.588098 1.139755 -0.000050 1.748569 0.831578 0.000728 -0.000459 0.000358 0.443462
0.094441 0.000904 0.000216 0.005530 0.000075 0.040606 0.522870 0.609640 -0.001141 0.942241 1.100485 0.741246 0.021859 -0.000618 0.568109 0.000471 0.055875 0.001363 0.688512 0.958989 0.001525 0.000571 -0.000012 -0.000241 0.115755 0.033800 0.472240 0.689287 0.516019 0.585570 0.751420 0.000914 0.059733 0.396061 0.255282 0.001166 0.791851 0.069049 0.001589 0.553664 0.877207 0.286599 0.437765 -0.000505 0.544718 0.915473 0.130822 0.000691 0.126628 0.060944 -0.000393 0.000277 0.311516 0.000060 1.303422 0.000356 0.204441 0.000556 0.083832 -0.081113 0.442985 -0.001430
0.000106 0.000179 -0.000506 0.107398 -0.000494 -0.000061 -0.000752 0.000807 -0.000530 -0.000579 -0.000028 0.001342 0.196821 0.000799 0.001294 -0.000449 0.001272 0.000221 -0.000864 0.000866 0.729697 0.078763 0.109404 0.000678 -0.000048 0.000027 0.001424 0.000071 0.000464 0.000793 0.000934 0.001271 -0.000213 0.000539 -0.000144 0.000552 0.000514 0.538072 0.000492 0.000829 0.001228 -0.000505 0.038634 0.000794 0.000002 0.000992 0.001606 -0.000709 -0.000113 0.000259 0.001592 0.000073 0.001170 0.001135 0.001222 -0.000673 0.000594 -0.000817 -0.000427 0.627627 -0.000464 0.001089
0.464863 0.422167 0.000112 0.000670 -0.000250 0.252773 1.122135 0.000279 0.347347 0.000446 -0.386847 -0.040909 -0.001310 1.106579 0.001409 0.084059 -0.001041 0.034425 0.000120 0.130662 -0.000985 -0.001110 -0.000988 0.095171 0.000533 0.001271 0.000787 -0.000252 0.000542 0.000442 0.053724 -0.000537 0.001374 0.000069 -0.001073 0.137303 -0.000260 0.000253 0.119366 0.000051 -0.000056 0.762075 -0.000629 0.000818 -0.000284 -0.000166 -0.001338 0.000837 -0.000155 -0.000069 0.000882 0.000770 -0.000597 -0.000524 0.000287 0.000836 -0.001421 0.643976 0.000013 0.406762 -0.000581 -0.001178
0.000561 0.000210 0.000705 0.000158 0.000262 -0.001230 0.000682 -0.000735 0.000523 -0.001167 -0.000584 -0.001566 0.000513 0.001397 -0.000521 0.170851 0.000274 -0.000312 0.000845 0.000221 -0.000627 -0.000625 -0.001364 -0.000603 0.231773 -0.000557 -0.001737 -0.000094 0.000249 0.000648 -0.000725 -0.000860 -0.000417 -0.000769 -0.000764 -0.000298 -0.000165 0.000034 0.000635 -0.000750 0.000381 -0.001249 -0.001037 -0.000422 0.000097 -0.000103 -0.000006 0.624339 -0.000441 -0.000909 0.000072 0.000651 0.000048 -0.000769 0.000138 0.001090 0.000155 -0.001216 -0.001322 -0.000247 -0.001546 -0.001459
-0.000365 -0.000948 0.000493 -0.000337 0.000142 -0.001051 0.001162 -0.000769 -0.000110 -0.000952 0.000600 -0.000836 0.000691 -0.000324 -0.000900 -0.000323 0.000423 0.001286 -0.000172 -0.000986 0.000227 0.000049 -0.000340 -0.000147 0.000789 0.000159 -0.000818 -0.000058 0.000122 0.000103 -0.000956 0.000430 0.000417 -0.000316 0.000617 0.000497 -0.000310 0.000524 -0.000121 0.000006 0.000645 0.001147 -0.000496 -0.001484 -0.000985 -0.000601 -0.000050 0.000300 -0.000237 -0.000036 0.000502 -0.000919 0.000021 0.000709 0.001362 0.471754 0.000294 0.000024 -0.000266 0.000468 0.000239 0.000354
0.001574 0.000885 0.000784 -0.000991 -0.000840 0.286927 -0.000111 -0.000470 0.410145 -0.000250 -0.000329 0.000724 0.144116 0.130967 0.040355 0.066878 0.001298 0.000106 0.101392 0.000987 -0.001320 0.482665 0.000326 0.362869 0.267674 0.000531 0.452884 1.047218 0.000333 0.091958 0.322193 -0.000446 -0.137950 0.966132 0.104474 -0.001435 0.000953 0.907080 0.694746 0.001095 0.031208 -0.000900 0.000339 0.290584 0.581408 1.182760 0.000733 0.000584 -0.000529 -0.000391 -0.000028 1.084633 0.001437 0.460489 -0.000645 0.000091 -0.000764 -0.000903 0.000933 0.740084 0.000304 -0.000553
-0.000498 0.341802 -0.000586 -0.000381 0.000376 0.001200 0.001435 -0.000317 0.000068 -0.000208 -0.000374 0.000204 -0.001183 0.001229 -0.000489 0.163420 -0.001275 0.420060 -0.000962 0.178919 -0.000253 0.001337 -0.001402 0.000042 -0.255438 -0.000355 0.000718 -0.062429 0.015250 -0.000571 -0.001531 -0.157186 0.000754 -0.000772 0.000808 0.000448 0.000036 -0.000784 -0.176346 0.212244 -0.001186 0.001393 0.000917 -0.000238 0.000071 -0.000673 -0.000614 -0.000256 -0.001316 -0.000647 -0.522041 -0.001318 -0.000203 -0.000976 -0.000405 -0.000387 -0.000932 0.415974 0.000681 0.001330 -0.000105 -0.000838
0.000273 -0.000529 -0.001270 0.000101 0.000031 0.000049 0.000449 0.000912 0.326743 0.001339 -0.000572 0.000377 -0.000259 -0.000738 0.001192 0.000471 0.697265 -0.000404 -0.000011 0.000362 0.000267 -0.000434 0.000008 0.001437 0.000333 0.000761 -0.000165 -0.000169 -0.000428 0.000610 -0.001075 0.000300 -0.000551 0.238611 0.000320 -0.000436 0.000295 0.000534 0.344391 0.000360 0.004260 0.001314 -0.000920 0.220318 -0.000457 -0.001780 -0.000829 -0.000289 0.000697 -0.000570 0.000667 -0.000418 0.255101 0.000910 -0.000212 -0.000149 0.000105 0.105106 -0.000836 -0.000502 -0.000906 0.000867
-0.000196 -0.091529 0.000109 -0.195411 -0.000453 -0.001205 -0.769443 -0.001459 -0.030826 0.000008 0.000355 -0.001384 0.000287 -0.000686 -0.212039 -0.000438 -0.001489 0.000031 -0.000402 -0.128860 -0.000453 -0.001101 -0.001339 -0.000624 -0.000768 -0.023657 -0.000303 0.000117 -0.261007 -0.001102 -0.000280 -0.001718 0.000018 -0.000411 -0.001253 -0.000430 -0.159264 0.000867 -0.000177 -0.000058 -0.001273 -0.023653 -0.001076 -0.000544 -0.433513 -0.000323 -0.001442 -0.000400 -0.001499 -0.000194 -0.000720 -0.000513 -0.000643 -0.000817 -0.001733 -0.000584 -0.001633 -0.000379 -0.000998 -0.000850 -0.000805 -0.001572
0.562001 0.000321 0.000276 0.000451 0.000789 0.000233 0.000028 -0.000098 0.150149 0.001247 0.000322 0.000293 0.036348 0.000680 1.466031 -0.000789 -0.000267 0.000735 0.160555 -0.000075 1.055717 0.000462 0.624976 0.232168 0.455217 -0.000621 0.001418 0.001018 -0.215432 0.425086 0.029656 0.000534 -0.290547 0.402055 0.348981 -0.000546 -0.000892 0.636520 0.865187 0.000951 0.817216 -0.000463 0.729219 0.001383 0.608992 0.376965 0.001292 0.000177 -0.266461 0.000054 1.145075 0.000825 0.394185 0.119592 0.076167 0.000039 0.371863 0.000077 0.244815 0.520654 -0.000086 0.682071
0.379414 1.423500 0.001162 0.646504 1.321974 0.000688 2.389903 0.000540 0.474743 1.699842 0.520710 1.604711 0.946572 1.628045 0.492202 0.254690 1.343028 0.734309 1.188305 0.000841 0.056747 0.983950 1.991636 0.000884 1.004486 1.740781 0.991092 1.504214 0.446720 1.276433 0.000319 2.064986 0.509459 1.001242 0.539513 0.975719 1.597810 0.872165 1.063398 0.809420 1.012789 1.106375 0.275856 1.407188 0.225388 1.144342 0.240670 0.001243 1.531069 0.512294 0.487592 0.518087 0.617890 0.456363 0.974746 0.050532 0.203896 0.722664 0.475448 0.217929 0.906206 0.000827
0.000461 0.063943 1.607488 0.023817 0.000766 0.087646 0.108291 0.000105 0.000246 0.000634 0.001312 0.000510 0.001150 0.001322 0.001151 1.536972 0.000171 -0.000178 0.001161 -0.000898 0.325227 1.448944 0.000107 -0.000790 0.648622 0.506878 0.000315 0.001248 0.000056 1.376913 0.104064 0.000213 0.001801 0.001400 0.001175 0.000948 0.001003 0.000566 0.000213 0.000365 0.072417 -0.000283 0.000760 0.310091 0.000971 0.470705 0.000348 0.485510 0.255899 -0.000441 0.001379 0.000121 0.001457 -0.000199 0.000567 0.000153 0.000933 0.000572 -0.000016 0.000771 0.000725 0.000326
-0.129417 0.001146 -0.000363 0.000282 -0.125284 -0.001217 -0.000240 0.000706 0.000932 -0.253678 -0.420888 -0.000870 -0.183660 -0.173967 -0.001160 -0.000857 -0.000511 -0.147327 -0.001611 0.000135 -0.583683 -0.393543 -0.129068 -0.000280 -0.000272 -0.147556 -0.000915 -0.001127 0.000159 -0.082023 0.346897 -0.001070 -0.309247 -0.000776 -0.340542 -0.422155 -0.224851 0.000165 -0.000060 -0.000893 -0.063135 -0.001297 -0.507370 -0.247270 -0.676234 -0.413234 -0.069448 -0.000642 -0.001462 -0.000069 0.000405 -0.292949 -0.576846 -0.035096 0.000417 -0.000742 -0.189531 0.000066 -0.377131 -0.155201 -0.580196 -0.659008
-0.000496 0.001030 -0.000879 -0.000180 -0.000647 0.000509 0.001201 0.000536 0.000889 0.000898 0.000451 0.000050 -0.000929 -0.000063 -0.000531 0.000592 0.001397 -0.000653 0.022136 -0.000521 -0.000074 0.000164 0.001153 -0.000558 0.000327 0.000733 0.001077 0.000795 0.000207 0.001145 0.000448 0.000070 0.000934 0.001337 -0.000897 0.000766 0.108460 -0.000786 0.000680 -0.000339 0.000864 -0.000540 -0.001171 0.000984 0.001056 -0.000132 -0.000129 0.000193 0.000338 0.000365 0.000374 0.192794 -0.000348 -0.000263 -0.000181 -0.000222 -0.000038 -0.000423 -0.000095 -0.000582 0.000123 -0.001082
-0.000159 -0.001481 -0.000199 -0.001411 0.000733 -0.248605 -0.101116 -0.000966 -0.001561 0.000310 0.000443 -0.491268 0.000817 0.001351 0.000674 -0.001137 -0.001171 0.000359 0.479311 -0.000294 -0.000648 0.001062 -0.000863 -0.659689 0.000320 -0.000744 0.000054 0.000423 -0.001253 0.001179 0.000419 -0.000380 -0.172091 0.796180 0.000258 -0.001340 0.000407 0.279965 0.406790 -0.001328 0.000416 -0.000299 -0.000844 0.072513 -0.000446 0.001152 -0.000104 -0.000832 -0.001540 -0.000149 -0.001021 0.167876 -0.000835 -0.000224 -0.001230 -0.000667 -0.001631 -0.084238 -0.000090 -0.000097 -0.001388 -0.124574
-0.000318 0.000601 0.005349 0.009627 0.001167 0.544368 0.277300 0.224939 -0.000100 0.000974 0.001780 0.546532 -0.000317 0.001266 0.417795 -0.000378 0.001528 0.923885 -0.000239 0.188786 0.018106 0.000693 0.621261 -0.000332 0.000003 0.000415 0.001032 0.000733 0.000121 -0.000260 -0.000169 0.000234 0.686001 0.000000 0.280210 0.087879 -0.000440 0.000127 0.000782 -0.000234 0.099593 0.445311 0.000846 -0.000746 0.001132 0.166384 0.585655 0.000089 0.000056 0.000929 0.001106 0.000563 0.000578 -0.000659 0.042728 0.244353 -0.000271 0.906903 0.556287 -0.000351 0.245460 0.001288
-0.000830 -0.001229 -0.385728 0.000716 -0.361947 -0.000373 -0.001414 -0.000082 0.000762 -0.001797 -0.000444 -0.063889 -0.130080 -0.000174 -0.001232 -0.000900 -0.001231 -0.001690 0.000262 -0.000317 -0.000201 -0.001206 -0.001083 -0.000854 -0.154467 -0.200348 -0.000465 -0.001476 -0.000774 -0.000993 0.000609 -0.000858 -0.136902 -0.000530 -0.000945 -0.012402 0.559906 -0.001817 -0.000288 -0.000557 0.000266 -0.344041 -0.228578 -0.001387 -0.000165 0.001397 -0.345758 -0.000868 0.000222 -0.000778 0.000489 0.000987 -0.307959 -0.384408 -0.030414 -0.081814 -0.000071 -0.000003 -0.397518 -0.000824 -0.001553 0.000421
-0.000730 0.001181 -0.000573 0.000122 0.001027 -0.000110 0.001102 -0.000521 0.000567 -0.000188 0.000044 -0.000692 -0.000133 0.000423 0.001060 -0.000514 0.000263 -0.000547 -0.000301 0.000349 0.000608 0.000602 -0.000215 -0.000322 -0.000646 0.000372 -0.001078 0.000773 0.001337 0.001016 0.001393 -0.098661 -0.000169 -0.000690 -0.000766 0.000152 -0.000323 0.000159 0.001032 0.000713 -0.000117 0.000879 0.000565 -0.000137 -0.000670 0.004043 -0.000662 -0.000101 0.001176 -0.000627 0.161569 -0.000078 -0.001279 -0.289443 -0.000136 0.000858 0.000250 -0.000950 -0.000551 0.000099 -0.000673 0.000646
-0.000675 -0.000056 0.000193 0.212358 0.152588 -0.065055 -0.000184 0.000060 0.391275 0.398598 0.992556 0.477899 0.001194 0.000820 0.001450 -0.000013 0.112477 0.477567 0.512876 0.000607 0.001254 0.000679 -0.000012 -0.000846 0.001289 0.271207 0.378723 1.141052 -0.000249 0.567011 0.000823 0.288761 0.903323 0.600884 -0.000012 0.001676 0.000134 0.085982 0.000874 0.000174 0.001152 0.001248 0.001846 0.372615 0.000770 0.404548 0.176890 0.086501 0.000154 0.000373 0.001217 0.502132 0.030680 0.000733 0.052113 0.210773 0.249769 0.000345 -0.000213 -0.000746 0.001159 0.340649
-0.001072 0.001091 0.000267 -0.001112 -0.330210 -0.000658 -0.000512 0.000112 -0.001207 0.000398 -0.000591 -0.001349 -0.001421 -0.000849 -0.000904 -0.000618 -0.000747 -0.000088 0.000351 -0.000224 -0.106517 0.000178 -0.248989 -0.000929 -0.001158 -0.000209 -0.000417 0.001208 -0.041384 -0.000767 0.000152 -0.000840 -0.397904 0.000514 -0.000803 0.000542 -0.183707 -0.000236 -0.000066 -0.000630 0.000771 -0.001413 -0.001001 -0.000205 -0.000874 0.000096 -0.001209 0.001103 -0.001343 0.000134 0.000021 -0.000658 -0.000943 -0.000356 -0.000193 0.000183 -0.001016 -0.000495 -0.001229 -0.331764 -0.163693 0.000603
1.265654 2.487467 1.269427 0.538791 1.749104 0.183042 0.471073 2.111652 0.735752 1.097408 0.712133 0.006034 1.092144 0.973336 0.638573 1.624921 0.212975 2.165322 0.294454 0.200383 0.882263 0.143386 1.232503 0.000016 0.001262 1.618000 1.606403 1.058920 0.522534 0.000658 1.224528 0.696429 1.036470 0.769553 0.190508 0.926581 0.633940 1.074201 0.861614 0.133769 -0.000220 1.476470 1.310839 0.607327 1.340220 0.639737 1.074549 0.683975 0.000374 0.001286 0.224502 1.342461 0.555181 1.324852 1.551108 0.712421 0.160455 0.746483 1.192042 0.965996 0.879953 0.981022
0.001051 0.001065 0.000153 0.000437 -0.000350 0.000527 -0.000555 0.000186 0.336286 -0.001298 -0.000527 -0.000085 0.001687 -0.000466 0.001348 0.001469 -0.000212 -0.001075 -0.001167 0.000618 0.501028 0.001155 -0.000087 0.001144 0.001063 -0.000435 -0.001761 0.000654 -0.000632 -0.000361 0.328698 -0.000088 0.000401 0.000514 0.000661 0.000623 -0.001351 0.295323 -0.000237 0.001867 0.000851 0.000737 0.000539 -0.000394 -0.001167 0.000762 0.000379 0.784232 -0.000566 -0.001073 0.150342 -0.000659 0.000513 0.000779 0.450243 0.001638 0.000241 -0.000695 -0.000364 0.001093 -0.000463 0.000390
-0.000074 -0.025464 -0.000421 -0.000058 -0.000281 0.000042 -0.259787 -0.000283 -0.001172 -0.000108 -0.000101 -0.001651 0.000053 0.000321 -0.000332 0.000665 -0.001405 -0.000031 -0.000352 -0.000523 -0.001623 0.000461 0.000107 -0.000109 -0.000069 -0.160592 -0.001173 -0.001034 0.000093 0.000021 -0.000105 -0.000395 -0.000976 -0.000225 -0.000761 -0.001431 -0.001131 0.000612 -0.000601 0.000194 -0.000268 -0.001172 -0.000952 0.000380 -0.000206 0.000621 0.000307 -0.001024 -0.001783 0.000136 -0.000358 -0.000420 0.000249 -0.000166 -0.011536 -0.000089 -0.001761 -0.000358 -0.001630 -0.000133 -0.000045 -0.000574
0.000527 -0.000016 0.000439 0.000025 0.001596 0.000636 -0.000155 -0.000244 -0.000765 0.059760 0.000091 0.000970 0.000539 0.000356 -0.001288 0.000432 0.000311 0.000991 0.000815 -0.000383 0.587561 0.088247 -0.000401 -0.000299 -0.000563 0.000706 0.001494 0.000580 1.138876 -0.000298 0.000548 -0.000597 -0.000537 0.001019 0.000800 0.000981 0.000875 0.000599 -0.000822 0.000050 -0.001069 0.000067 0.782256 0.273094 0.000857 -0.001478 0.000333 0.161655 0.000402 0.000155 0.000511 0.001583 -0.001044 0.654285 0.001493 -0.000803 0.000052 0.000269 0.001408 -0.000009 -0.000679 -0.001486
0.000190 0.000358 0.632238 0.033686 0.066642 0.432053 0.501671 0.706696 0.000414 1.613246 0.476647 0.368710 1.109110 0.830881 0.000421 0.660817 0.292978 1.685068 0.001265 0.010679 0.244112 0.000861 0.763287 0.039410 0.499876 0.309693 0.190214 0.000717 -0.000143 0.194113 0.188388 0.931848 0.139682 0.000241 0.001343 0.822723 0.000621 0.001384 0.226773 1.258885 -0.000169 0.555604 0.000744 0.542456 0.001068 -0.000224 0.000225 0.268146 0.567460 0.001085 -0.000126 0.000807 0.376742 0.019322 0.969024 0.125074 0.658330 0.000868 0.478614 -0.000292 0.456818 0.363659
-0.000657 -0.000886 0.000304 -0.182642 -0.000934 -0.000605 -0.000764 0.000741 -0.222872 0.000782 -0.001058 -0.001407 -0.034528 -0.000647 0.000657 0.000010 -0.007359 -0.001558 -0.000653 -0.329892 -0.000064 -0.232889 -0.510672 -0.000134 0.000103 -0.000453 0.000083 -0.647831 0.000096 -0.000817 0.000377 -0.533531 -0.551192 -0.000561 -0.242564 -0.114640 -0.000247 -0.286572 -0.000308 -0.221882 0.000033 0.000230 -0.000791 -0.000224 -0.026375 -0.000856 -0.000115 -0.001237 -0.129542 0.000079 -0.434430 -0.001389 -0.000949 -0.001217 -0.000444 -0.118548 -0.000008 0.000431 0.000089 -0.283376 -0.000001 0.000639
0.000412 -0.000366 -0.000606 -0.000694 0.000472 -0.001688 -0.000981 -0.000862 -0.000717 -0.000339 -0.000540 -0.900524 0.001407 0.000805 0.000384 -0.001033 -0.000623 -0.000368 -0.000120 -0.060947 0.000749 0.000379 0.000329 -0.001056 0.000164 -0.106285 -0.446905 -0.000603 -0.001241 -0.000051 -0.000381 0.000511 -0.000587 0.000296 0.001117 -0.000324 0.000079 0.000408 0.000673 0.001068 0.107566 0.000375 -0.030967 0.000041 0.000346 0.000321 -0.021075 0.000024 -0.000547 -0.001056 0.000046 -0.000089 -0.422433 -0.000784 -0.000348 0.000496 -0.044070 -0.001130 -0.001278 0.000321 -0.001403 -0.001685
-0.000613 -0.001267 -0.211438 0.000855 -0.000378 -0.120412 0.000144 -0.263808 0.001410 -0.623196 -0.000054 -0.000028 -0.000444 -0.000258 0.000734 -0.001013 0.000695 -0.000150 -0.000086 -0.000936 -0.000497 -0.000299 0.000073 -0.000807 -0.000535 -0.029417 -0.000583 -0.000591 -0.000544 0.000451 -0.000391 0.000024 -0.079574 0.320417 -0.000472 -0.001366 -0.001012 0.001579 -0.000318 -0.000721 0.000250 -0.000538 -0.001065 -0.000322 0.000202 -0.000822 -0.012330 -0.000328 0.000472 0.000384 -0.000180 0.000558 -0.001489 -0.000680 -0.001071 -0.001144 -0.034649 -0.552677 -0.000363 0.000797 -0.008517 -0.001468
0.000502 0.424405 0.001184 0.001828 0.094378 0.169377 0.795351 0.000404 0.656456 0.000917 0.001029 -0.000291 -0.000432 0.000460 0.002049 0.386495 0.000261 -0.000468 0.000639 -0.000278 0.000116 0.000287 0.127385 0.398162 0.046744 0.000481 -0.000704 0.000599 0.000504 0.736852 0.000187 -0.000753 0.801759 0.001200 0.000429 0.295253 0.000372 0.000689 0.000667 0.000404 0.222333 0.006550 0.618528 -0.000028 -0.000250 0.000724 -0.000250 0.000972 -0.000021 -0.000306 0.622715 -0.000752 0.000172 0.000248 0.291305 0.000944 0.134982 0.001280 0.000736 0.000525 0.400417 0.000164
-0.000686 0.001106 0.000004 0.000634 0.000220 0.000315 -0.000994 -0.000300 0.000948 -0.001223 -0.495944 0.000687 0.000422 -0.000616 -0.001531 0.000612 0.000734 0.000479 -0.000165 0.000624 -0.000615 0.000776 -0.000479 0.001020 -0.000269 -0.102505 -0.000431 0.000067 -0.000142 -0.373871 0.000275 -0.001234 0.000602 -0.000084 0.000159 -0.001401 -0.000617 0.000660 -0.001262 0.092720 0.000292 -0.000555 -0.327616 0.000285 -0.051092 -0.000095 0.000016 -0.000320 -0.000399 -0.406574 -0.001170 0.000418 -0.160006 -0.403234 0.000814 -0.000490 -0.727013 0.001069 -0.000143 0.136084 -0.571647 -0.272449
0.000158 -0.000400 0.000410 0.101948 -0.000319 0.060166 0.000637 -0.000132 0.677325 0.300379 0.000987 0.000982 -0.000615 0.000963 0.661328 0.000018 1.849922 0.000782 0.001015 0.001248 0.000819 0.836310 0.000913 0.001493 0.449092 0.257646 0.001498 0.000242 0.001170 0.047499 0.001043 0.261618 -0.000090 1.603378 1.054222 0.000339 1.168426 -0.000141 0.142024 0.001626 1.760109 0.000080 -0.000912 0.526644 0.135269 1.137668 -0.000943 0.387451 0.667970 0.001184 0.380187 0.000471 0.325295 0.374145 0.047082 0.001218 0.000414 0.278021 -0.001357 0.000888 -0.000158 0.471429
0.000568 0.000699 0.000286 -0.000945 -0.001002 -0.000447 -0.000550 0.000518 0.282769 -0.000022 -0.001051 -0.001311 -0.000829 0.000385 -0.000032 0.000436 -0.000137 -0.001328 0.000703 -0.000665 -0.000808 0.000178 -0.000250 0.000592 0.000190 -0.000034 -0.000829 0.479201 -0.000351 0.000738 0.000587 -0.000247 -0.001104 0.912445 -0.000945 -0.000083 -0.000666 0.001004 0.486107 0.001067 -0.000239 -0.000060 -0.001431 0.177067 0.000929 -0.001075 -0.001233 0.000720 -0.001098 0.000392 0.000791 0.001513 0.033902 0.142446 0.000819 0.000850 0.001119 0.000577 -0.001022 0.000178 -0.000173 -0.000049
-0.163775 0.000217 -0.026829 -0.515342 -0.000419 -0.152495 -0.078244 -0.033038 -0.157580 -0.503488 -0.001145 -0.617014 -0.285083 0.001308 -0.124535 0.001292 -0.678466 -0.000235 -0.000349 -0.000255 -0.022187 -0.000527 -0.396545 -0.000121 -0.711451 0.000226 -0.001463 -0.000549 -0.000895 -0.171158 -0.502488 -0.000455 -0.097217 -0.537384 -0.000666 -0.014599 0.001291 -0.000088 -0.163916 0.001077 -0.000910 -0.070155 -0.523850 -0.645127 -0.086661 0.000144 -0.455153 -0.000319 -1.188952 -0.000763 -0.414354 0.027743 -0.006865 -0.759713 -0.001601 -0.301678 -0.063902 0.546033 -0.262166 0.000052 -0.186125 -0.236667
0.146218 -0.049596 -0.000308 -0.162879 -0.640565 0.001026 -0.000873 0.000185 -0.506941 0.000047 -0.001423 -0.237022 -0.000884 0.000677 -0.000611 0.000754 -0.000894 0.000540 -0.358084 -0.000347 -0.000753 -0.432872 -0.311299 0.000534 0.000450 -0.840119 -0.770791 -0.408893 -0.382888 -0.043218 -0.000301 -0.612226 0.000817 0.000297 0.000451 -0.668630 0.001048 -0.000188 -0.001575 -0.001251 -0.000780 0.000671 -0.000086 -0.239137 -0.002020 0.001224 -0.000651 -0.346800 0.000722 -0.000900 -0.124494 -0.121787 -0.000015 0.000641 0.000486 0.001537 0.000147 0.211001 -0.000634 0.001099 -0.001780 -0.000185
0.000754 0.841879 0.000533 -0.000072 0.000790 0.731584 0.001089 -0.000313 0.000775 0.000683 -0.001028 0.000100 -0.000777 0.980315 0.539597 0.000308 0.146899 0.616796 -0.000220 0.000874 0.000221 0.000994 -0.001427 0.000374 -0.000318 -0.000390 0.000122 0.682009 0.001135 0.000555 0.218673 0.252753 -0.000049 -0.001491 0.787605 -0.073390 0.000255 0.000020 0.000899 -0.156752 0.011554 -0.000324 0.001530 0.000681 0.409032 0.000201 0.000825 0.442269 -0.001243 -0.000818 0.436128 0.051113 0.000524 0.000383 0.824439 0.021257 0.000218 2.074001 0.000665 0.000672 0.000204 0.000343
0.000307 0.000201 -0.000092 -0.000681 -0.000397 -0.000549 0.000463 -0.000791 -0.000943 -0.000630 0.000689 -0.000507 0.000199 0.000546 0.000307 -0.000336 -0.000447 0.000419 0.000674 0.001111 -0.000781 -0.001043 -0.001469 -0.001322 -0.001494 -0.000017 -0.000294 -0.000699 -0.000539 -0.000000 -0.000635 0.000285 0.000176 -0.001407 -0.001027 0.000313 -0.000749 0.000279 -0.000792 -0.000219 -0.001130 0.001074 0.000097 -0.001162 0.000243 0.000884 0.000136 0.001011 0.000605 0.000616 0.000255 -0.000632 -0.000475 -0.000012 0.000547 0.001260 0.000192 0.000364 0.000086 -0.000550 -0.000106 -0.000415
0.000494 -0.000179 -0.000338 0.000952 -0.000226 0.059005 0.001217 0.000104 -0.000530 -0.000168 -0.000339 0.000728 -0.000980 -0.000062 2.231498 0.000646 0.000181 0.001386 0.429709 0.000535 -0.001339 -0.001426 -0.000365 -0.000048 0.000692 -0.001172 0.001129 0.000178 0.000251 0.108756 0.000551 -0.001380 -0.000135 0.310470 0.000536 0.000167 -0.000517 1.075355 0.000471 -0.382347 0.001273 0.000128 0.001499 0.001425 0.000343 0.107358 0.510903 -0.000326 -0.372956 -0.000199 -0.000250 0.000860 0.480992 0.000886 -0.000561 0.056280 0.000004 0.528143 0.000537 0.152840 -0.000505 0.010552
-0.000126 0.001626 0.147044 0.001580 0.001106 0.000454 0.004137 0.303175 0.000603 0.695340 0.000414 -0.001140 -0.000187 0.228833 0.712597 -0.000004 0.000454 -0.000588 0.001281 0.000371 1.075740 0.000711 0.000169 0.000748 -0.000976 0.208024 -0.000422 0.001157 0.000174 0.039562 0.001515 0.000370 0.158265 0.304623 0.962301 0.001056 0.000578 0.000008 1.029127 0.108575 0.001284 0.001054 -0.000603 0.331133 0.232556 -0.000350 -0.000465 0.096378 0.000043 0.000550 0.000705 0.120019 0.000460 0.035200 0.000786 0.041966 0.134739 0.723053 0.001295 -0.000411 0.000334 0.000778
0.000326 0.000748 -0.000077 0.000165 0.001055 0.000297 -0.000226 -0.000125 0.000106 0.000081 0.000169 0.000492 -0.000683 0.000997 0.001207 0.001132 0.000203 0.000273 0.000219 -0.000559 -0.000548 -0.000884 0.000170 0.000494 0.000253 0.001182 0.000270 0.000297 0.000411 -0.000090 0.000982 0.000476 0.000979 -0.000850 0.000246 0.000686 -0.000145 0.001045 0.000690 -0.000243 0.000266 -0.000624 0.000354 0.000846 -0.000494 -0.000231 -0.000633 -0.000708 -0.000399 -0.000120 0.001533 -0.001037 0.000091 -0.000545 0.000284 0.000568 0.000770 0.000815 -0.000690 0.000216 -0.000635 0.000975
-0.000027 0.000752 0.369027 0.434500 0.580358 0.589326 -0.000308 0.600573 0.000882 0.000550 0.001124 0.000303 0.407637 0.000961 0.001451 1.031820 -0.001406 0.000715 0.000026 0.303131 0.000677 0.144316 -0.000032 0.000566 0.000011 0.510854 0.177712 0.001115 0.332016 0.435790 0.333438 0.000140 0.482080 0.001135 -0.000247 0.001076 0.012830 -0.000196 0.246613 0.000085 -0.000045 -0.000293 0.000961 0.762170 0.000603 0.962853 0.000939 0.145472 0.145531 0.000439 0.239126 0.080421 0.439509 0.000765 0.000306 0.000698 0.000782 0.000599 -0.000629 -0.000056 0.000931 0.000473
0.001000 -0.000709 -0.000972 -0.000260 -0.000427 0.000342 -0.000154 -0.000487 0.000189 0.000010 0.001136 -0.000814 0.000155 -0.000383 -0.000550 -0.000805 -0.000156 0.001016 -0.000012 -0.000037 0.000738 -0.000176 -0.000041 0.000516 -0.000671 0.000394 0.000005 -0.000351 0.001046 0.000421 0.000448 0.000819 0.000545 0.000075 0.000744 0.000252 -0.000786 0.000267 0.001104 -0.000024 0.000743 0.000666 -0.000224 0.001346 -0.000325 0.000564 -0.000141 -0.000943 -0.000626 0.000162 0.000424 0.000572 -0.000620 0.000063 0.000689 -0.000116 -0.000988 -0.000838 0.000135 0.000843 0.000813 0.001150
-0.200997 -0.000262 -0.335140 0.000201 0.000335 0.045067 0.000741 0.000248 -0.000294 -0.001061 0.000421 -1.125814 -0.000419 0.001142 -0.000224 -0.000841 -0.901151 -0.000401 -0.000193 -0.001701 -0.000002 0.000177 -0.001025 -0.000741 -0.322555 -0.001801 -0.000249 -0.001730 -0.000511 -0.169961 0.001240 -0.001214 -0.000263 -0.379572 -0.000017 -0.009580 -0.108039 0.000349 -0.506000 -0.000203 -0.000277 0.000490 -0.000054 -0.000136 -0.531351 -0.000488 -0.000225 -0.000056 -0.293614 -0.001603 -0.000301 0.000030 -0.176451 -0.008916 0.000246 -0.079871 0.000753 0.000927 -0.811576 -0.007045 -0.001262 -0.000805
1.122966 0.000766 1.240016 0.001308 0.000016 0.064375 0.040489 0.000525 -0.000210 0.001385 0.038328 0.001383 0.001010 0.114861 -0.000140 0.856179 1.237115 0.606718 0.315413 0.000386 1.467903 1.165472 0.001007 -0.001189 0.681007 0.001290 0.000098 0.001632 0.000855 0.421369 0.000717 0.497330 0.001259 -0.000276 0.966479 1.146576 0.658253 0.000230 0.001590 0.437032 0.156022 0.155152 -0.000282 0.000809 0.000036 -0.000039 0.000305 1.066744 1.146790 -0.000335 0.023722 0.776340 0.374519 0.450852 0.288679 0.418059 -0.000016 0.158819 0.001179 0.000109 0.001540 0.000701
0.419329 0.067767 0.137859 0.706853 0.459407 0.001266 0.746367 0.001457 0.001241 1.847487 0.000868 0.001088 0.604946 0.168873 2.242210 0.760148 1.148816 0.194210 0.000617 1.397195 1.648242 0.881239 0.000005 -0.000049 0.000323 0.336974 0.005827 -0.000174 0.342980 0.001179 0.479065 0.000783 0.491642 0.622229 0.028313 -0.000580 1.384307 0.001385 0.903537 1.054317 0.000751 0.112364 2.290723 1.022366 0.874479 0.742989 0.276562 0.186054 1.073479 0.000469 0.487221 1.824762 0.034329 0.305053 0.000543 0.143151 0.000573 0.012102 0.212669 0.000286 0.084191 0.297423
-0.000785 -0.000832 0.001288 0.001172 -0.000545 0.001488 0.000326 0.000576 -0.001153 -0.000199 0.000332 0.000912 -0.000092 0.000563 0.000277 0.000908 0.000545 0.000267 0.001459 -0.000916 -0.000160 0.000710 0.000198 -0.000199 0.000687 0.000748 0.000958 -0.000841 0.000527 0.000591 -0.000429 -0.000207 0.000843 0.000427 -0.001091 0.000562 -0.000392 0.000993 -0.000888 0.000241 -0.000552 -0.000035 0.001150 0.000449 -0.000458 0.001243 0.000572 -0.000198 0.000092 -0.001166 0.000212 -0.000109 0.001365 0.001116 0.000425 0.000034 -0.000414 -0.000707 0.000485 0.001248 0.000208 -0.000648
-0.000277 0.000456 -0.000319 0.000123 0.000518 -0.000022 -0.000955 0.000139 -0.000625 -0.001097 -0.000591 -0.035274 -0.000722 -0.000568 0.508669 0.021655 -0.000891 0.000116 -0.197316 0.000666 -0.001785 -0.185099 -0.317270 0.000146 -0.000275 -0.000611 -0.134317 -0.000897 0.000186 0.163330 -0.000246 -0.070148 0.000034 0.001032 -0.000964 -0.001602 -0.001165 -0.000452 0.672184 -0.000295 -0.001051 -0.000203 -0.000301 -0.072892 -0.000202 0.000220 -0.000761 0.000758 -0.001198 0.000429 -0.000322 0.000622 -0.000167 -0.000577 -0.000621 0.001027 -0.014526 0.000048 -0.000335 -0.000891 -0.001210 -0.024593
0.423924 -0.000291 0.000386 0.000341 -0.000125 -0.000042 0.183265 0.000291 0.000982 0.047823 0.000216 0.000626 0.000761 0.000748 0.139539 0.001187 -0.000915 -0.000230 0.000016 0.000066 0.000771 -0.000264 -0.001484 0.000216 0.562925 0.503484 0.001184 0.000911 0.001347 0.338652 -0.000418 -0.000847 0.001043 0.000846 0.000822 -0.000084 0.092766 -0.000089 0.001548 -0.000216 0.001615 0.115918 0.464272 0.237107 0.018577 -0.000223 0.000502 0.000989 -0.000089 0.000397 0.000562 0.000466 0.207752 0.111326 0.000529 0.000630 0.001167 0.089596 0.000768 -0.000829 -0.000095 0.001165
0.000015 0.000373 0.000836 0.000099 -0.470144 -0.001143 0.001881 0.362959 0.000146 -0.000492 -0.001075 -0.000931 0.000250 0.796359 0.001121 0.000437 0.000535 -0.000664 -0.000591 0.070839 -0.000824 -0.000597 0.000351 0.000127 0.001111 0.000392 0.000317 0.000283 -0.252749 -0.000038 0.000259 0.000486 -0.090568 0.000766 0.001093 0.000842 0.000589 0.000717 -0.000067 -0.000049 0.001404 0.000718 -0.000961 0.000429 -0.000746 0.000197 -0.000218 -0.000660 -0.000218 -0.001297 0.000384 0.000684 0.212687 0.001487 0.000779 0.001144 0.000038 0.914578 -0.000230 -0.000891 -0.000401 0.001407
-0.000987 -0.001146 0.000661 0.000315 -0.001106 -0.001434 -0.000004 0.000618 -0.000632 -0.000507 -0.000775 -0.000019 -0.000076 -0.000835 0.000319 0.000397 0.000488 0.000053 -0.000716 0.000607 0.000120 -0.000606 -0.001516 -0.001493 0.000207 -0.000396 -0.000722 -0.000515 0.000412 0.000472 -0.000746 0.000127 0.000190 -0.000243 -0.000537 -0.000844 0.000504 -0.000141 -0.000732 -0.000192 -0.000899 0.000341 0.000033 -0.000653 0.000024 0.000535 -0.000219 0.000125 0.000501 -0.000766 0.000471 -0.000649 -0.000982 -0.001023 -0.000110 -0.001278 -0.000317 -0.000403 0.000439 -0.001115 -0.000456 -0.001546
-0.000563 0.000948 -0.000711 -0.000296 -0.000312 0.000715 0.001643 -0.000049 -0.000395 -0.001268 -0.218128 -0.267298 -0.000765 -0.001206 -0.001390 -0.001734 0.000138 -0.034203 -0.000726 -0.000619 -0.287852 -0.015251 -0.000726 0.059037 0.000397 -0.000896 -0.001612 -0.000764 -0.000350 -0.000407 0.000517 0.000211 -0.001905 -0.000218 -0.001254 0.000489 -0.001414 -0.598095 -0.001166 -0.000925 0.000510 0.000207 -0.000364 -0.045150 -0.000207 -0.071263 -0.158748 0.001181 -0.000005 -0.000708 0.000857 0.000705 -0.001210 0.000682 -0.040603 0.000497 0.001212 0.000143 -0.293021 0.000445 -0.000580 0.000080
0.000569 -0.000522 -0.170349 -0.000761 -0.010921 0.408297 0.086459 -0.000652 -0.000273 -0.000417 -1.023159 -0.027927 -0.889995 0.001338 -0.000383 -0.322770 -0.000889 -0.001069 -0.410365 -0.000953 -0.001045 -0.251278 -0.987815 -0.000653 -0.000841 -0.218355 -0.067782 -0.192999 -0.001315 -0.396938 0.000777 -0.973757 -0.788535 0.000518 -0.755183 -0.866767 -0.000267 0.000485 -0.296343 -0.000110 -0.467246 0.000930 0.000707 -0.000446 0.000061 -1.241383 -0.298783 -0.001566 0.000303 -0.001064 -0.001320 -0.000608 -0.000815 0.000318 -0.001123 -0.760687 0.000285 0.000283 -0.000539 -0.214240 -0.601507 -0.075101
-0.000659 0.001012 0.000335 0.001268 0.001200 -0.000453 -0.000271 0.001243 0.000149 0.001074 0.000380 0.000618 0.000006 0.000009 0.000757 -0.000301 -0.000082 -0.000383 0.000444 0.000001 -0.000278 0.061507 -0.001327 0.000456 0.000175 -0.000086 0.000981 -0.000583 0.000848 0.037897 -0.000359 0.000404 0.001330 0.001499 -0.000167 0.000411 0.000122 0.001269 0.069749 0.000018 0.001117 0.000281 -0.000936 -0.000085 0.000709 0.000669 0.000176 0.001524 -0.000413 -0.000698 0.001000 0.450601 0.001713 0.210722 0.001111 0.001100 0.000719 0.001120 -0.000311 0.000057 -0.000692 0.000458
-0.000022 0.000171 -0.001416 0.000190 -0.000345 -0.111319 -0.000507 -0.001389 0.000860 -0.228710 -0.000437 -0.001253 -0.000319 -0.000164 -0.000231 0.001682 -0.000694 0.000134 -0.000107 -0.000819 -0.000301 0.000179 -0.099339 -0.000519 -0.000145 0.000357 -0.605899 -0.000755 -0.553766 -0.000627 -0.001440 -0.000581 -0.000072 0.000610 -0.162150 -0.000907 -0.000711 0.000263 -0.001068 0.000081 -0.029807 -0.000055 -0.389243 -0.001253 -0.509195 0.000693 -0.001371 0.000444 -0.000419 -0.000311 -0.000459 0.001083 0.000164 -0.001033 -0.000676 0.000187 -0.000953 -0.000143 -0.000253 0.000400 -0.449051 -0.080009
0.051919 -0.000484 0.000438 -0.000240 0.000487 -0.000204 0.000096 -0.000376 -0.000829 0.000745 -0.000101 -0.000426 0.000149 0.000234 0.000091 -0.000822 0.000605 -0.000368 0.265082 -0.000880 -0.000305 0.000451 0.000655 0.000228 0.001397 -0.001484 0.000056 -0.000064 0.000347 -0.000104 0.000589 -0.000986 0.001243 0.000630 0.000228 -0.000737 -0.001089 0.356354 0.000220 -0.001657 0.001686 -0.000452 0.001326 0.000644 -0.000219 0.668866 -0.000154 0.000526 0.000390 0.000612 0.000009 0.000348 0.000303 -0.001178 0.001218 0.001207 -0.000623 0.001249 0.001122 0.423951 -0.000408 0.000769
-0.000376 -0.000500 0.157648 -0.047490 -0.056705 0.000085 -0.001677 -0.116622 -0.032469 -0.000079 0.001063 -0.000250 -0.000766 0.000105 -0.617729 -0.000611 -0.000038 -0.001869 -0.001057 -0.001086 -0.000557 0.000508 -0.001377 -0.000140 0.000677 0.000357 -0.262251 -0.247311 -0.129858 0.000011 -0.257399 0.000180 -0.000309 -0.000262 -0.284845 -0.120117 -0.192670 0.000603 -0.249047 -0.241084 0.000630 0.000257 -0.001340 -0.001100 -0.382214 -0.309800 -0.001612 -0.001313 -0.000003 -0.049515 -0.000415 -0.001496 -0.001288 0.000727 -0.000886 -0.000723 0.000413 -0.066844 -0.324882 -0.000121 -0.160584 -0.000867
