-0.27596	-2.5015	3.111	-1.0545	-1.2727	-2.7504	-1.267	-2.8489	0.034089	1.6418	0.82312	-2.5755	-2.6322	1.7411	2.5442	0.21209	-2.4545	2.0461	-1.0167	-1.2938	1.5468	-3.0751	-2.8358	1.0545	0.64978
-1.7718	-3.257	4.5949	-0.34486	-1.4818	-0.91006	-2.8496	-2.0704	0.61778	2.0954	-0.28359	-2.2157	-3.6765	0.36173	2.0188	1.8254	-4.3055	0.8677	-3.0256	-1.6813	-0.38556	-1.388	-3.9208	-0.56771	-0.07567
-2.7716	-4.1415	6.1104	0.10064	-1.6223	0.44059	-4.0875	-1.0312	0.98908	2.5305	-1.3399	-1.3682	-4.4548	-0.98032	0.95193	3.3643	-6.4579	-0.36812	-4.6649	-1.9157	-2.4565	0.075253	-5.2175	-1.9422	-0.8942
-4.2978	-5.3296	7.9138	0.4785	-1.743	2.1833	-5.497	0.051261	1.511	2.6369	-2.443	-1.0605	-5.0452	-2.094	-0.035156	5.0861	-8.237	-1.4325	-6.5653	-1.7574	-4.1595	1.4397	-6.8383	-3.0929	-1.697
-5.3582	-6.4488	9.5866	1.1249	-1.968	3.8648	-7.0333	0.99236	2.4598	2.7968	-3.8284	-1.2677	-5.6185	-3.5149	-0.93562	6.5468	-10.269	-2.7664	-8.4487	-1.8128	-6.263	3.1891	-8.1425	-4.2475	-2.9423
-6.8416	-7.8827	10.993	2.231	-2.1048	5.5074	-8.1941	1.8408	3.688	2.8737	-5.219	-0.80218	-6.5776	-4.739	-1.9018	8.1871	-11.747	-3.9139	-10.156	-2.406	-8.1978	4.7071	-9.3773	-5.5886	-3.8588
1.8619	2.0065	2.0383	-1.1283	1.1052	0.43676	-0.84949	-2.2641	1.1267	-0.79498	0.57849	0.87291	-3.0443	-2.4727	0.92922	1.2129	3.2366	1.6696	0.88591	-2.7665	-2.7783	-3.6874	2.775	3.1722	1.796
-0.30266	0.46497	2.2417	-0.36297	1.2038	1.7962	-1.9452	-1.9917	3.28	-1.1215	-0.45076	0.78082	-3.3542	-4.35	-0.028662	2.1852	-0.065144	1.9016	-0.12058	-2.7118	-4.9015	-1.3625	0.32383	-0.087698	0.47513
-1.7156	-0.41895	4.9932	0.60684	0.71911	3.3567	-3.7147	-0.57059	3.1464	-1.28	-2.5042	1.7491	-4.9795	-5.6913	-1.3079	3.0665	-1.4148	-0.14313	-1.4127	-3.2709	-5.6901	0.21607	-1.1068	-0.6427	-0.48288
-1.9961	-2.8481	6.0536	1.3564	1.4231	4.7922	-4.0756	0.54624	3.5988	-1.9631	-3.5236	2.8876	-5.8207	-7.0185	-3.0514	3.9892	-2.8233	-0.91101	-3.8732	-4.0636	-6.7011	2.227	-1.7252	-2.4471	-0.76329
-3.9226	-3.1592	8.2445	2.8293	1.2909	6.7721	-5.933	0.99726	6.009	0.72902	-3.9352	3.745	-6.7547	-8.3681	-4.4781	5.6449	-5.4612	-2.5983	-5.1114	-4.6684	-9.5248	4.2684	-3.4812	-4.3847	-0.69844
-4.8051	-3.8887	9.3298	2.1917	0.73208	7.5271	-6.4129	2.3719	6.0324	0.96129	-5.4469	3.3086	-7.7144	-9.4282	-6.0075	7.9697	-5.6478	-3.4244	-6.7654	-4.9856	-11.353	6.4903	-4.7778	-5.8811	-2.6223
1.6903	-1.9225	3.244	-0.52339	1.2762	-2.5857	2.5193	1.8498	-2.5616	0.61381	-1.2703	0.35602	-1.1787	-0.46389	-1.9658	-1.2928	-3.462	2.8576	1.6714	2.3197	-1.4406	2.1404	2.232	0.46515	0.22131
-0.48022	-3.4389	4.7786	1.7709	0.75055	-1.3641	-0.42001	2.3954	-1.3149	0.66665	-2.0669	-0.21675	-1.3258	-2.8023	-2.1568	0.58327	-3.9677	1.7574	-0.59662	1.6738	-5.1875	4.7094	1.3525	-1.6648	-1.7528
-1.4842	-4.7233	6.2054	1.4979	0.36603	1.186	-0.80137	3.2721	-1.5031	1.312	-3.3866	1.4193	-1.3741	-2.9374	-4.7921	1.9483	-6.074	0.56881	-0.92485	2.0832	-5.9282	5.9866	0.58602	-2.4388	-2.7412
-1.9975	-5.1498	8.332	1.3117	0.14157	2.7541	-3.0652	5.1005	1.3242	1.8441	-3.8764	1.937	-2.4853	-4.3471	-5.9459	3.041	-7.6022	-0.53941	-3.8672	2.5133	-7.5475	8.1425	-1.9821	-5.4858	-3.2714
-3.5822	-6.5144	11.004	3.4677	1.1287	3.5782	-4.5986	5.4261	3.2168	1.8866	-3.916	0.99858	-2.5663	-5.3953	-6.381	4.7285	-9.3676	-2.099	-5.6922	1.5903	-9.8198	8.8625	-2.8226	-6.9821	-5.1545
-4.1691	-6.5606	10.8	2.8668	0.6056	4.716	-6.2523	7.0429	3.8493	1.2949	-6.8497	3.1415	-3.205	-6.8162	-7.5623	6.11	-10.782	-2.3773	-7.506	1.2954	-12.657	10.073	-4.1023	-7.2373	-5.1732
2.552	0.80964	-2.5024	-0.68543	-2.797	0.0080567	-0.42879	3.1247	1.9569	-0.090108	2.4771	-2.2762	-0.69077	2.6838	2.6219	1.3412	0.74316	-0.98415	2.7383	-2.3564	1.4481	0.91988	2.0922	-0.63879	1.5689
1.2276	-0.20048	-0.66331	-0.12371	-2.7673	1.7787	-1.9521	3.9878	3.171	0.061275	1.0681	-1.6731	-1.3571	1.0775	1.021	2.8567	-1.0313	-1.817	1.0831	-2.9533	-0.71423	2.6894	1.2703	-2.3695	0.90088
0.094484	-1.34	0.81799	0.31188	-2.8684	3.3225	-3.2207	5.1715	4.4056	0.096217	-0.41549	-1.5178	-2.0884	-0.56325	-0.66173	4.5814	-2.7418	-2.9934	-0.74377	-2.8623	-2.6768	4.3253	-0.096044	-4.1858	0.14998
-1.3547	-2.5869	2.1714	0.63465	-3.0628	5.0604	-4.4034	5.9086	5.5984	0.028765	-1.736	-1.3104	-2.6582	-2.0558	-2.2091	5.9252	-4.5738	-3.9648	-2.2951	-2.5992	-3.9825	5.6932	-1.6086	-6.1278	-0.5532
-2.3362	-3.5785	3.8863	1.0403	-3.1497	6.4744	-6.1446	6.9035	6.5651	0.35206	-3.1515	-0.75999	-3.4698	-3.4345	-3.5597	7.4925	-6.5011	-5.1018	-3.8881	-2.8387	-5.4779	7.3584	-3.0132	-8.1901	-1.4867
-3.8517	-4.5638	5.3432	1.7155	-3.1456	8.2009	-7.7643	7.9864	7.4148	1.0797	-4.6394	-0.35152	-4.7708	-4.8571	-4.5382	9.3044	-8.3995	-5.9597	-5.4728	-3.5799	-7.2234	9.0918	-4.3276	-9.9736	-2.4539
-1.3644	0.6527	3.2655	1.6544	-0.7381	0.95851	-1.239	2.522	-0.4604	-0.27316	2.0697	3.3178	-1.0785	2.7202	1.327	3.0131	-3.1475	0.46957	0.6254	-0.65189	-1.6146	1.353	1.877	0.021603	1.9021
-2.7231	-1.3547	4.8881	0.19313	-1.4163	1.9617	-3.0308	2.3355	0.61406	0.75928	0.57254	2.8672	-1.4895	0.68278	0.94422	5.4346	-4.7394	-1.7527	-0.39294	-1.3114	-3.6003	3.1001	0.050274	-0.8994	-0.018653
-3.9958	-1.2308	6.3702	1.56	-1.2664	3.9046	-4.0978	2.8319	1.655	0.77507	-1.6287	3.4719	-3.2655	-1.2456	-0.39137	6.6532	-6.9383	-2.2418	-3.0563	-1.204	-5.2273	4.5827	-1.2407	-2.1621	-0.76223
-5.0638	-3.2235	9.468	1.5388	-0.84444	4.9019	-5.7593	4.3517	1.4017	1.8846	-2.7282	4.2063	-4.4462	-3.74	-2.679	7.5597	-9.0095	-2.4777	-3.9607	-2.2932	-6.7176	7.1988	-3.1004	-2.7644	-1.4614
-5.0503	-3.7104	9.1197	3.7403	-3.0681	6.7754	-6.1095	5.736	2.8162	1.2471	-3.902	3.7695	-4.5627	-5.1225	-3.4194	9.6923	-9.7256	-2.9291	-5.2886	-2.0167	-8.7094	8.0752	-3.3528	-4.7125	-2.4422
-7.9225	-5.1126	10.648	4.183	-2.9467	8.7608	-8.9877	7.0342	3.1662	0.18561	-5.2259	5.0475	-5.1584	-5.7455	-4.3066	10.65	-11.927	-5.0232	-6.3316	-1.242	-10.156	9.629	-4.5518	-4.9374	-3.7029
0.46935	-1.0925	-0.27365	1.3426	2.4141	1.387	-3.0231	1.0976	-0.38616	-0.39049	-2.405	1.9762	-1.0999	-1.5937	-0.98776	-0.78065	0.29236	0.38886	-0.65424	-0.63974	0.096506	0.98929	2.8317	1.3963	-0.6275
-0.48767	-2.6086	1.0293	1.9665	2.2878	2.8451	-4.7461	1.7157	1.0137	0.053499	-3.4593	2.2271	-1.5431	-2.711	-1.8561	0.54347	-1.168	-0.64786	-2.1694	-0.66329	-1.9502	2.7032	1.7905	-0.4168	-1.1344
-1.9664	-4.0416	2.7111	2.6371	1.9382	4.7968	-6.1544	3.1255	2.3822	0.55951	-4.4797	3.0989	-2.5589	-3.7178	-3.1537	2.1982	-3.0861	-1.9138	-4.0878	-0.91386	-3.6972	3.9095	1.0841	-2.3518	-2.0929
-3.1252	-5.1719	3.7078	3.2507	1.771	6.1247	-8.0519	3.7769	3.5449	0.96666	-5.1639	3.2838	-3.6611	-4.857	-4.3293	3.677	-4.6201	-3.0466	-6.0601	-1.2916	-5.2177	5.27	0.41046	-4.2013	-3.2467
-4.3429	-6.1712	5.6925	3.695	1.7081	7.9586	-9.8287	4.5322	4.5235	1.0954	-6.2286	3.1791	-4.4955	-6.2409	-5.6535	4.8742	-6.3548	-4.3892	-7.8239	-1.6428	-7.0706	6.9623	-0.42174	-5.6416	-4.1354
-5.6835	-7.0491	7.1849	4.2725	1.375	9.4022	-11.585	5.6883	5.4494	1.2857	-7.4591	3.7363	-5.2806	-7.3865	-6.8683	6.7743	-7.8157	-5.4369	-9.2781	-1.8324	-9.0588	8.3318	-1.3416	-6.9538	-5.3954
-2.0487	-2.3085	-2.9911	-2.0366	-0.63901	-1.3831	-2.5998	-0.56385	-2.3161	-2.1864	0.85076	2.0743	3.6881	0.96902	3.2534	0.37987	1.0419	-0.82499	-1.1478	-0.061161	-3.438	1.4001	-2.9675	-1.3542	2.2583
-3.0321	-3.3818	-1.0801	-1.6871	-1.155	0.57216	-4.0926	0.92751	-1.7197	-2.4503	-0.15148	2.6628	2.4525	-1.4996	2.2084	2.0741	-1.9005	-2.099	-2.4794	-0.39117	-4.9092	4.3261	-3.9396	-0.69833	1.4128
-4.3259	-4.861	0.29488	-0.7665	-0.19073	2.4112	-5.8616	2.866	-1.1166	-2.6461	-2.6783	2.2117	1.2084	-2.2548	2.2929	3.7506	-3.5511	-3.5963	-4.5156	-1.4832	-7.259	6.5697	-5.7085	-3.5002	0.13567
-5.744	-5.8148	2.4178	-0.068932	-0.72562	3.3453	-7.1553	2.7324	0.5876	-1.2106	-2.6324	3.8908	-0.2436	-4.5679	0.80655	4.986	-4.958	-4.7623	-6.3397	-0.55651	-8.9322	8.0816	-7.4824	-4.9857	-0.28235
-8.4777	-6.7634	3.8313	-0.29847	-1.4895	5.709	-8.1169	5.2783	1.2176	-0.29318	-5.6386	3.7363	-0.1145	-6.8263	-0.56346	6.4339	-6.5388	-6.6343	-8.1476	-2.1618	-10.932	7.9298	-7.7581	-6.3703	-1.0395
-8.8239	-8.0887	5.7325	1.0663	-1.5562	7.5168	-9.5666	4.3503	3.2225	-0.72421	-6.6485	5.4199	-0.76027	-7.7116	-1.5273	8.1006	-8.1753	-7.6776	-9.8431	-1.9575	-13.546	9.8917	-9.1344	-9.1844	-1.2707
-1.8928	-0.41641	2.5094	2.3288	-1.6321	-1.5929	0.49594	2.8381	1.44	0.1297	-1.8398	2.4925	-0.2155	3.0879	-2.1344	0.38674	1.8419	-2.9933	-0.62453	-2.1752	-0.34958	-0.45858	0.028747	-3.151	0.31091
-3.2168	-2.5197	4.1717	3.2849	-1.7153	-0.76564	-0.41464	4.0353	2.8043	0.608	-2.4661	1.1965	-1.5702	0.8852	-3.6653	2.5596	-0.27636	-2.5765	-2.9487	-2.218	-1.7211	1.5956	-1.2754	-4.8777	0.16783
-4.4685	-3.1631	5.1154	4.2063	-1.7861	2.0532	-2.6393	4.9197	4.822	1.6994	-3.5191	2.3958	-2.4688	-0.83046	-4.616	3.3616	-1.1107	-3.9743	-4.1918	-1.5573	-4.6342	2.0628	-2.7763	-5.8264	-0.8218
-3.5412	-4.2137	7.6415	3.8397	-1.677	3.1693	-5.3154	6.0119	4.7237	2.7649	-4.3512	3.3678	-3.2044	-3.1063	-5.6681	4.786	-4.211	-4.8707	-5.3971	-1.9807	-6.6522	4.4369	-3.2358	-7.6649	-2.3568
-5.2155	-4.5166	9.7487	5.0595	-2.6317	5.9587	-6.2134	6.4348	5.896	3.0087	-5.151	3.0255	-4.3862	-3.5042	-6.9422	5.6229	-5.3735	-5.4633	-7.9544	-2.3329	-9.6108	5.3765	-4.8124	-10.309	-3.3464
-7.3284	-5.7526	10.932	5.1943	-2.3052	7.5405	-7.6394	8.0056	7.1009	3.2141	-6.6322	3.6515	-4.0358	-5.6155	-7.2856	7.7237	-6.7463	-6.1769	-9.6605	-2.5532	-10.23	7.9853	-6.7766	-12.021	-3.1286
-0.30537	-0.73698	1.819	-0.85228	0.20316	1.3292	2.3329	-1.0758	0.94274	2.982	-2.6629	0.54648	-0.54079	-1.1986	-1.4831	1.6251	3.11	-1.9683	1.7656	-1.9104	3.092	1.8982	-0.47586	1.4373	-0.01034
-1.6282	-1.9454	3.6366	0.30166	0.20133	2.8494	0.51178	-0.18149	1.9745	3.5544	-3.6134	1.1736	-1.2053	-2.36	-2.6647	2.9886	1.3427	-2.8439	-0.28214	-1.6455	1.1809	3.4115	-1.7231	-0.40486	-0.69008
-2.8068	-3.0954	4.9736	1.0695	-0.15215	4.7574	-1.3233	0.53737	2.9611	4.2139	-4.6143	1.5785	-2.0686	-3.1497	-3.4995	4.8722	-0.31609	-3.3646	-2.2582	-1.489	-1.0354	5.0526	-3.0085	-2.0727	-1.7728
-3.6685	-4.4358	6.5203	1.888	-0.46839	5.9439	-3.2468	1.7411	3.8537	4.3431	-5.618	2.1413	-2.9023	-4.1392	-4.3549	6.1282	-2.1658	-3.96	-3.8938	-1.7509	-3.2022	6.5468	-4.5965	-3.7324	-2.7516
-5.3035	-5.9725	8.0366	2.7928	-0.39222	7.788	-5.1187	2.7515	4.4598	4.1169	-6.423	2.3298	-3.5886	-5.274	-5.2758	7.8369	-4.0757	-4.8922	-5.5256	-2.0777	-4.8555	8.0545	-5.9633	-5.4462	-3.8767
-5.9094	-7.1302	9.721	3.5839	-0.54275	9.1956	-6.4248	3.2895	4.8366	4.1496	-7.5335	2.2496	-4.2657	-6.3237	-6.1667	9.2341	-6.0583	-5.6818	-7.6608	-2.071	-6.4466	9.2924	-7.1712	-6.9378	-4.8823
-0.90112	-2.68	0.57143	2.576	-1.9231	-0.42473	1.5647	-2.8939	2.8029	1.6559	0.36939	-1.9855	-0.012881	0.11207	3.1038	2.2285	2.9039	1.1237	-0.60601	2.7317	-0.12884	-1.6843	-0.6513	1.2879	0.36775
-2.0661	-3.7277	2.3007	3.6696	-2.016	1.1315	-0.060418	-1.714	3.7673	2.5352	-1.0603	-1.2741	-1.0497	-1.3752	1.8202	3.8811	0.94736	-0.096961	-2.6448	3.1491	-2.0964	-0.2106	-2.0077	-0.48115	-0.33362
-3.3953	-4.4708	3.8603	4.6308	-2.1951	2.9947	-1.9053	-0.81292	4.7251	3.2533	-2.3702	-0.88571	-2.1613	-2.6759	0.73635	5.505	-1.2404	-1.3193	-4.0876	3.3611	-3.5539	0.91413	-2.9699	-2.1096	-1.5205
-4.5717	-5.1734	5.0935	5.1588	-2.506	4.4603	-3.535	0.085425	5.5168	3.6923	-3.464	-1.1367	-2.8688	-4.1039	-0.5819	6.5657	-2.9878	-2.6053	-5.4608	3.3116	-4.9856	2.7222	-3.9267	-3.47	-2.4706
-5.9593	-6.3149	6.7892	5.6016	-2.9536	6.0332	-5.5243	1.0198	6.2235	4.2091	-4.772	-0.7775	-3.4246	-5.2077	-1.6186	8.5413	-4.8721	-3.636	-7.1465	3.1316	-6.8479	3.9703	-4.9972	-4.6899	-3.4437
-7.1771	-7.1695	8.1582	6.4568	-3.3709	7.6824	-7.2272	2.2512	7.0296	4.4229	-6.0196	0.11145	-4.0991	-6.6071	-2.5824	9.8919	-6.4063	-4.8587	-9.0809	2.8415	-8.9196	5.5063	-5.9735	-5.9823	-4.7631
3.6944	3.5526	0.86974	3.3178	-3.0425	-1.6912	-1.4592	-0.17378	0.17699	2.4327	0.17891	-0.53617	-0.22874	1.2135	-2.6998	2.1799	-3.0248	0.18709	-1.5905	-0.71594	1.4523	-2.156	-2.4415	-1.3986	-1.1869
1.9149	2.0952	2.9333	3.7065	-2.8214	-0.92257	-2.5615	1.5815	0.79901	3.2501	-0.44952	0.06218	-0.54232	-0.19194	-3.9568	4.0882	-3.4554	-1.4988	-3.1012	-0.81236	-1.8477	-0.90152	-2.7993	-2.8985	-1.9962
0.41698	0.69553	3.6112	4.7649	-3.129	-0.65019	-5.108	2.2378	1.4038	3.6814	-2.2757	-0.58569	-0.77048	-2.7338	-5.8562	4.6171	-5.3813	-2.0946	-3.1171	-1.8934	-3.3786	0.47249	-3.3882	-5.0451	-3.544
-1.1458	0.023697	5.0407	5.3041	-2.9563	1.3498	-6.8005	3.8553	3.1376	2.9548	-3.4868	0.14449	-2.4243	-3.6738	-7.6135	6.8984	-6.6762	-3.252	-5.5412	-1.6093	-3.8543	2.3233	-4.9141	-6.5574	-4.4726
-1.1828	-1.5108	6.6717	5.3089	-2.3858	3.6868	-8.6272	4.9186	4.7276	4.331	-4.1853	-0.41297	-3.5799	-4.4895	-7.9616	8.1051	-8.1071	-4.3306	-7.0814	-2.417	-6.114	3.1472	-5.2616	-7.8078	-4.8764
-3.3151	-3.2683	8.4028	5.886	-3.4383	4.342	-10.161	5.8367	5.2705	4.6491	-5.3457	1.9893	-4.4706	-6.8698	-9.287	9.6129	-11.163	-6.0755	-9.4323	-3.0652	-7.8338	4.5024	-6.5754	-9.9204	-6.275
-0.27365	-0.72492	0.24242	3.0879	1.6028	3.0173	-1.6656	0.17935	-2.817	1.6132	0.64043	2.243	3.0664	2.6972	-0.56825	-3.1379	0.25672	-1.8355	-1.7629	-1.0939	-2.5374	1.5545	1.5606	0.27192	-1.0165
-1.7475	-1.5825	1.7622	3.6666	1.2758	4.9472	-3.0512	1.123	-2.3121	2.0093	-0.36488	2.7062	2.2829	1.6417	-1.5701	-1.5766	-1.3539	-2.6998	-3.5819	-1.3348	-4.479	3.1767	0.17842	-1.3453	-1.7289
-2.8473	-2.5918	3.4737	4.2214	1.2747	6.1613	-4.1183	2.2351	-1.839	2.4033	-1.5391	3.3706	1.6433	0.54375	-2.9292	-0.055846	-2.9879	-3.4976	-5.4329	-1.5757	-6.1845	4.6343	-0.96716	-2.8981	-2.6284
-4.212	-3.7929	4.8498	4.7501	1.24	8.0066	-5.2031	3.23	-1.1472	3.0231	-2.5643	3.4812	0.91573	-0.82178	-4.03	1.8122	-4.2096	-4.5669	-7.4925	-1.767	-8.1791	6.6273	-2.4734	-4.3382	-3.2277
-5.3727	-4.9106	6.1031	5.4706	1.0198	9.533	-6.2412	3.9523	-0.33524	3.7654	-3.5965	3.5655	0.019114	-2.3293	-5.4234	3.0534	-6.0078	-5.4146	-9.4726	-2.0946	-9.8812	8.2128	-3.9571	-5.5603	-3.9317
-6.6403	-5.899	7.9755	6.4591	0.86342	11.257	-7.7656	5.0398	0.65002	4.1616	-4.7775	4.1778	-0.83069	-4.0512	-6.6005	4.7149	-7.3022	-6.5015	-10.874	-2.3723	-11.538	9.8246	-5.3391	-6.6743	-4.9455
0.33015	2.8734	2.467	-0.90116	0.2914	-0.96284	0.7712	1.8628	1.5441	-2.3516	2.0246	-2.9821	-0.53739	1.4532	1.767	-0.83344	1.5378	2.4634	-1.6165	-2.3261	-1.7266	-0.94191	-1.3371	2.6846	-2.8177
-0.88142	1.3407	3.9976	-0.035693	0.21043	0.60497	-0.78247	2.9465	2.6724	-2.2128	0.30693	-2.9039	-1.8096	-0.14004	0.75318	0.77	0.26635	1.3975	-3.3519	-2.84	-3.4842	0.76424	-2.4679	0.94494	-3.9051
-2.027	-0.1174	5.6924	0.75468	-0.32426	2.3466	-2.339	3.724	3.7546	-2.3268	-1.0293	-2.321	-2.8948	-1.6408	-0.6498	2.3302	-1.4612	0.45956	-4.5033	-3.1962	-4.8126	2.0567	-3.5289	-0.58425	-4.7716
-3.4305	-1.3996	7.0222	1.1925	-0.73155	3.9151	-3.597	4.7377	4.7966	-2.2899	-2.6498	-2.033	-3.3956	-3.4777	-1.8661	3.932	-2.8281	-0.63069	-5.8525	-3.1874	-6.508	3.8245	-4.4688	-2.0011	-5.7295
-4.4165	-2.5396	8.8666	1.4465	-0.99115	5.3536	-4.7046	5.5783	5.7596	-1.9226	-4.1673	-2.0234	-3.6459	-5.004	-3.3101	5.481	-4.4024	-1.8536	-7.7959	-2.7652	-8.9279	5.3886	-5.6759	-3.511	-6.3645
-5.9785	-3.6344	10.508	1.7173	-1.1514	7.0705	-6.3012	6.7133	6.6102	-1.7366	-5.5279	-1.376	-4.2379	-6.5413	-4.3921	7.0934	-5.9884	-2.9595	-9.3001	-2.47	-10.709	6.9728	-6.8142	-5.335	-6.9327
-2.6659	3.616	-2.1956	-0.26128	2.956	-0.67164	-4.0181	-1.6056	-0.67962	-0.78371	-1.8677	2.6836	0.9129	2.4748	-0.34801	2.8169	-3.2857	1.5997	2.521	-2.103	2.7448	2.1506	2.7434	0.4728	2.655
-3.4879	0.89934	-0.20457	0.78023	3.2504	0.84323	-3.6329	-0.76239	0.17588	-0.85292	-2.7958	3.1177	0.78252	1.3168	-2.151	3.7475	-5.0018	-0.33682	0.62036	-1.6359	0.57616	3.6454	1.7241	-1.8167	0.11898
-4.557	1.4068	1.8287	1.842	3.3524	3.0254	-4.1932	0.2301	2.0113	0.63465	-4.2748	3.6333	-0.031333	-0.56635	-0.96133	6.1033	-6.0919	-0.5598	-2.7068	-1.4527	-1.8682	5.623	-0.11335	-3.0829	0.42624
-5.4954	0.097211	1.534	2.6828	2.7504	3.3073	-7.097	1.6872	3.3613	0.66557	-6.3066	3.4184	-0.56001	-0.97192	-2.5354	6.817	-8.3952	-2.0085	-3.0714	-2.0943	-2.9751	6.1726	-1.4728	-5.4695	-0.63509
-7.5623	-2.0434	5.1577	4.0021	3.5544	5.6924	-8.3078	1.683	2.9185	0.67941	-7.093	4.0891	-2.1524	-2.647	-4.0424	8.2758	-9.4979	-2.5311	-4.9479	-3.1249	-4.2772	7.9566	-3.3482	-6.1056	-1.6339
-8.7922	-3.0141	6.1138	4.6712	2.7989	7.063	-9.8312	2.8819	4.1629	1.3531	-9.2483	5.6308	-4.5084	-4.3013	-3.7671	9.5899	-11.332	-4.3066	-5.8889	-4.0726	-5.4211	9.9544	-3.4334	-8.5809	-2.0404
1.4232	-2.5466	2.3712	-3.0498	-1.2918	-2.0101	2.6771	-2.7118	0.50927	0.86131	0.94997	2.2898	-2.7886	1.9899	0.18163	1.2205	-1.8061	0.2718	1.2718	2.8664	-0.34828	-2.6037	-2.7799	0.81295	1.86
0.19274	-3.4579	3.6529	-2.5348	-1.5873	-0.25478	1.2247	-1.708	1.9863	1.4307	0.095054	2.7328	-3.784	0.62788	-1.4513	2.9557	-3.6348	-0.6966	-0.18826	2.7549	-2.7671	-1.1181	-3.7065	-0.74744	1.0144
-1.1691	-4.5486	5.2954	-2.0021	-1.6049	1.3274	-0.22296	-0.83461	3.3412	1.9354	-1.2297	2.9194	-4.4364	-0.76332	-3.133	4.3668	-5.2681	-1.5247	-2.0754	3.06	-4.7072	0.32421	-4.7018	-2.1691	-0.027399
-2.2385	-5.8497	6.9903	-1.4528	-1.7082	3.1317	-1.9357	0.41875	4.4548	2.4883	-2.3621	3.3478	-4.9941	-2.1309	-4.8551	6.0762	-7.3219	-2.7047	-4.0977	3.1943	-6.2971	1.4522	-6.0588	-3.468	-1.1256
-3.6938	-7.3574	8.754	-1.1316	-2.3381	4.6316	-3.4698	1.1793	5.2109	2.5984	-3.6125	3.7325	-5.8612	-3.8324	-6.1753	7.4701	-9.2995	-3.7311	-5.7502	2.9066	-8.483	3.2305	-7.3504	-4.8253	-2.1561
-4.7018	-8.8135	10.293	-0.90773	-3.0149	6.0896	-4.7428	2.1695	5.632	2.769	-5.1077	3.9753	-6.8023	-5.382	-7.5104	9.1851	-11.157	-4.9255	-7.5485	2.6706	-10.484	4.4042	-8.7304	-6.3591	-3.0481
-1.416	2.9067	-0.4322	3.7536	-1.4597	-2.2405	1.0819	2.3317	2.1997	-1.7948	-2.6056	1.7093	2.2806	-1.3117	-1.8295	-1.5469	2.3037	1.0253	0.70865	0.076106	-1.5903	0.83925	2.1851	-0.67037	-0.34156
-1.6497	1.4243	2.0894	3.4537	-3.252	0.21524	0.35062	3.8537	2.848	-1.826	-3.0244	2.9007	0.3639	-2.8026	-2.8971	1.559	0.49391	0.74843	-0.69107	0.2105	-3.9929	3.0021	1.8308	-2.176	-0.86612
-2.8286	0.81473	3.7636	3.7633	-3.5746	1.3958	-2.0221	4.9958	3.2218	-0.765	-4.3993	2.5009	0.62634	-4.1792	-5.3419	2.0225	-0.9685	0.74359	-2.6755	-0.44991	-5.7688	4.8639	1.2872	-3.7943	-2.7837
-3.2599	-0.026401	5.5627	5.0284	-3.8436	3.4934	-2.8609	4.6886	5.246	-1.519	-5.6187	2.5475	-0.26853	-4.8732	-6.1419	4.0045	-2.374	-0.61157	-3.3815	-1.3546	-7.7107	4.6285	-0.65469	-5.5833	-3.757
-5.7498	-1.4158	6.611	3.2445	-2.8931	4.7223	-5.0197	5.5117	5.5606	-1.443	-7.069	2.8694	-1.8207	-6.2086	-6.6156	4.7502	-5.5681	-2.065	-6.9366	-0.36023	-8.8005	8.0687	-1.4858	-6.8894	-4.7631
-7.4669	-2.0292	8.0021	4.9016	-4.3989	6.8243	-6.5288	6.4759	5.6825	-0.9677	-8.3496	4.7047	-1.8509	-7.815	-8.3014	6.8632	-6.8255	-2.9759	-9.2408	-1.9305	-10.875	8.2069	-2.7624	-7.2636	-5.4645
-0.96397	-2.6168	0.069748	-0.83629	1.5039	0.15537	1.9124	1.9902	-1.9501	-2.3632	2.0159	0.866	-3.0388	2.4866	0.096555	0.2796	0.66846	1.6355	2.2316	-0.73559	-2.6084	1.4687	-1.0551	2.1336	-0.80558
-1.994	-4.3566	1.9023	-0.015361	1.1482	1.4184	0.35279	3.0733	-0.60997	-1.979	0.83512	1.1308	-3.7172	1.1418	-0.87815	1.839	-0.71527	0.58962	0.43201	-0.70587	-4.7187	2.6749	-2.1398	0.24007	-1.3081
-3.5783	-5.5598	3.4039	0.7222	0.70389	3.1868	-0.92031	4.1691	0.66428	-1.4348	-0.15291	1.3024	-4.8495	-0.40562	-2.0807	3.4172	-2.0867	-0.45819	-1.7332	-0.83317	-6.5369	4.06	-3.2973	-1.4038	-1.7915
-4.3356	-6.9423	5.3205	1.389	-0.020835	4.8167	-2.5956	5.1106	1.5678	-1.1879	-1.2943	2.0555	-5.8299	-2.0245	-3.1327	5.0277	-3.5449	-1.7415	-3.2109	-1.0926	-8.1849	5.6814	-4.4716	-2.8411	-2.4316
-6.0874	-7.897	6.5562	2.1433	-0.46529	6.399	-4.3352	5.9128	2.2502	-0.85232	-2.5505	2.5277	-6.5502	-3.5916	-4.4196	6.677	-5.1316	-2.7867	-5.1028	-1.1161	-10.037	7.1352	-5.8901	-4.2038	-3.3402
-6.7435	-8.9814	8.0518	2.7871	-0.39072	7.9105	-5.9123	7.1076	2.8239	-0.41154	-4.1094	2.2949	-7.1889	-5.3167	-5.8586	8.0142	-6.3578	-4.1347	-7.1528	-0.90583	-12.091	8.4908	-6.9554	-5.6497	-4.463
-2.0315	-2.3266	2.3857	-2.8632	1.1726	1.4681	-0.39456	-0.75461	3.0122	-0.63432	-0.37563	-2.1552	-1.0925	-1.1677	2.4775	-1.5887	-1.1889	-0.5723	1.3063	-2.238	2.3319	-2.6178	-0.24029	-2.9492	1.5901
-3.2293	-3.5728	4.2531	-2.3276	0.94277	3.3019	-2.3853	0.48286	4.1197	-0.59248	-1.9442	-2.0683	-1.9645	-2.4008	1.9837	0.040229	-3.0713	-1.6735	-0.87196	-2.2519	0.63382	-0.87385	-1.219	-4.8495	1.2035
-4.5149	-4.6135	5.7052	-1.4591	0.90181	4.7146	-4.1261	1.4286	5.1598	-0.70258	-3.1676	-1.9894	-2.3312	-3.604	1.2087	1.689	-4.565	-2.6457	-2.5466	-2.324	-1.9317	0.91459	-2.4761	-6.2713	0.31925
-5.781	-5.7838	7.454	-0.4681	0.99603	6.5591	-5.7278	2.4291	6.1752	-0.67758	-4.344	-1.2589	-2.7476	-4.8993	0.11998	3.1406	-6.4614	-3.3687	-4.1891	-2.8924	-3.69	2.4514	-4.163	-7.4698	-0.41178
-6.9028	-6.3782	8.5955	0.33962	1.0147	7.9134	-7.3813	3.3992	7.179	-0.29606	-5.6576	-0.67006	-3.6004	-6.1842	-0.94298	4.82	-7.9444	-4.3025	-5.7899	-3.6334	-5.3807	3.8876	-5.5174	-8.6621	-0.98838
-8.3125	-7.2367	10.259	0.99915	0.9503	9.8114	-8.4322	4.5519	8.0565	0.012075	-6.8658	-0.58622	-4.8617	-7.7022	-2.2884	6.4151	-9.824	-5.0144	-7.4845	-4.0596	-7.1641	5.7329	-6.8209	-9.9874	-1.9161
-1.1304	1.2398	0.56975	2.4401	0.78283	2.5655	-0.042195	-1.3534	-0.41306	-1.4302	2.9248	-0.22386	-1.548	-0.53228	1.1079	-0.3908	-2.0969	1.5869	0.20087	-0.55955	-1.5364	-0.98708	0.30546	-0.44738	1.9134
-2.7143	-0.28517	1.4704	2.8644	0.20252	4.0828	-1.5181	-0.94177	0.56226	-1.1928	1.277	-0.46594	-2.1253	-1.2347	0.62272	0.43573	-3.9089	0.43859	-0.71948	-0.52436	-2.5088	-0.75561	-0.061678	-0.2154	0.29706
-5.2271	-2.2066	3.685	1.9311	0.0072961	6.2719	-2.7609	0.79822	2.3886	-0.29906	0.027562	0.23532	-3.3708	-2.7983	-0.68286	2.3538	-5.5153	0.1744	-3.171	-0.69103	-5.8906	1.6611	-0.73568	-2.3629	-0.16005
-5.0101	-1.2067	5.3914	2.4406	0.28475	7.3966	-4.3165	1.6838	2.8479	-0.10896	-0.46418	0.43563	-4.39	-3.3187	-0.75046	4.5063	-8.5623	-2.003	-4.4328	-0.82801	-5.7552	4.8615	-2.4956	-3.6854	-2.0462
-7.2479	-2.4108	6.2651	3.8826	0.67019	9.2168	-7.9602	3.2243	3.3718	0.066747	-1.5835	1.5308	-5.3272	-5.0514	-2.8098	5.683	-8.5763	-3.3685	-5.9354	-0.33204	-8.5357	4.7757	-3.1819	-5.9545	-2.0499
-7.8917	-3.4544	8.7095	4.9433	-0.24862	11.399	-9.4061	4.0136	5.1423	-0.12824	-2.3821	1.512	-4.7975	-7.6582	-4.811	7.3077	-9.8026	-3.1196	-7.6326	-1.2388	-9.628	6.7683	-3.6818	-8.1026	-4.0405
2.2452	1.7953	0.54996	-2.8385	-2.1558	1.0063	2.7116	-1.8226	2.5324	3.1358	-0.79957	1.0452	0.24972	-1.86	1.2021	1.2259	-1.5294	0.91523	-1.0775	-3.4244	-3.1146	0.096818	-1.0888	-0.24278	-1.1721
1.2423	1.2017	2.4706	-2.1544	-2.3632	3.7137	1.4618	-1.1922	1.2434	4.0005	-2.5581	0.82294	-2.8252	-2.8657	1.3211	3.3568	-2.4389	-0.38597	-2.8671	-2.5462	-5.4589	2.1931	-2.6808	-2.3269	-2.7752
-0.42479	1.1009	4.8013	-0.65182	-2.7086	4.7286	-0.49215	-0.52091	2.9326	3.5464	-3.9691	2.3853	-4.169	-4.5881	-0.52029	5.6179	-4.6061	-1.8465	-4.8723	-2.9428	-6.1939	3.2472	-3.215	-3.8216	-3.0952
-1.2378	-0.73613	5.7266	-1.3287	-2.8842	6.6045	-1.0433	0.17737	4.2443	4.2384	-4.5998	2.686	-3.6441	-5.963	-0.86113	6.2008	-6.261	-3.3018	-5.0813	-3.6515	-7.9526	4.8158	-4.3961	-5.4062	-3.978
-2.3605	-1.296	6.8529	-1.131	-3.227	7.6941	-3.127	0.83816	5.6142	4.2213	-5.1489	1.4081	-3.7184	-5.6863	-1.2755	7.5509	-7.2776	-4.6243	-7.3142	-3.6006	-10.704	5.944	-5.8344	-7.4858	-5.3325
-3.9577	-1.6323	8.8594	-0.11122	-3.1212	9.4181	-4.4091	1.9503	5.9382	5.7757	-7.0709	3.2947	-5.1162	-7.5548	-3.1559	9.194	-8.6733	-4.9943	-9.2129	-3.6178	-12.449	7.9369	-7.0132	-8.6382	-6.304
0.030211	-0.075364	-0.013575	2.7379	-0.69531	-2.4043	-1.6301	1.1612	2.1305	2.9525	-1.7887	1.635	0.52817	-0.60946	0.063053	-0.027354	0.95059	1.5305	-1.2437	-2.5772	2.0471	-0.69339	1.7289	-2.0136	-2.4532
-1.0362	-1.4461	1.5305	3.3913	-1.2245	-0.90173	-2.9457	1.9215	2.7577	3.188	-2.9031	2.027	0.21135	-2.0661	-0.8299	1.3712	-0.7572	0.54325	-3.3297	-2.8593	0.12298	0.60303	0.25102	-3.3302	-3.187
-2.3415	-2.6619	3.3884	3.8988	-1.9815	0.62712	-4.2746	2.9708	3.4373	3.2246	-4.0165	2.5571	-0.68279	-3.8476	-2.161	3.0213	-3.0124	-0.35454	-4.8246	-3.2503	-1.9521	2.4524	-1.2949	-4.5801	-3.9098
-3.5927	-3.8181	4.608	4.2485	-2.5373	2.558	-5.1559	3.8954	4.2271	3.5072	-5.0787	2.5092	-2.0581	-5.2802	-3.4006	4.5138	-4.6956	-1.1561	-6.3509	-3.2465	-3.958	3.9479	-2.8503	-5.7597	-4.6308
-4.6342	-4.8379	6.2113	4.7208	-2.5856	3.8975	-6.3017	4.5895	5.1734	4.018	-6.632	2.6579	-2.9857	-6.9952	-4.703	5.9873	-6.759	-2.2006	-8.6437	-2.8725	-5.4568	5.6591	-3.9891	-7.0569	-5.8645
-6.191	-6.2468	7.687	5.3106	-2.4187	5.7274	-7.4717	5.7772	6.225	4.344	-8.0571	3.6623	-3.5316	-8.5279	-5.9955	7.4564	-8.2457	-2.9494	-10.266	-2.776	-7.6265	6.9656	-5.2369	-8.4058	-6.9303
2.3635	3.1387	2.2875	-2.9084	0.28061	3.125	0.069131	2.3457	-2.699	3.0617	2.6546	0.40356	-0.43042	-1.0183	1.3861	-3.0542	-0.7909	2.6545	0.29189	-0.16399	-0.021746	-1.1997	2.8313	3.0269	0.085176
1.2993	1.9057	3.7527	-1.9324	0.14346	4.9333	-1.322	3.317	-1.7984	3.4943	1.7446	0.6084	-1.4047	-1.9041	0.37189	-1.1236	-2.9306	1.6321	-1.4615	-0.44491	-1.7038	0.18943	1.361	0.99104	-0.85475
-0.25135	0.3868	5.2722	-0.86217	-0.26409	6.4673	-2.4834	4.5547	-0.73241	4.1792	0.34741	0.93749	-2.2434	-3.069	-0.74199	0.23339	-4.7266	0.19485	-3.0216	-1.0361	-3.308	1.5066	-0.059337	-0.78641	-1.6624
-1.1178	-0.7277	6.7199	-0.070054	-0.50729	7.8568	-4.2438	5.3087	0.38963	4.72	-0.9228	1.2267	-3.0706	-4.2119	-1.4996	1.6769	-6.8576	-1.1038	-4.3646	-1.1856	-5.0996	3.0072	-1.2748	-2.1657	-2.2619
-2.711	-1.7753	7.9349	0.71973	-0.53359	9.6814	-5.7686	6.1349	1.4121	5.4728	-2.2722	1.8625	-4.1732	-5.2992	-2.482	3.4299	-8.563	-2.6092	-6.6195	-0.89822	-6.7714	4.4118	-2.1592	-3.3943	-3.3233
-3.6438	-2.8774	9.831	1.6039	-0.77486	11.245	-7.5799	7.2734	2.4077	5.9608	-3.7969	2.4231	-5.0235	-6.7288	-3.7283	4.8032	-10.499	-3.8587	-8.2809	-0.88133	-8.535	6.1123	-3.2973	-4.75	-4.3021
0.074472	-0.48303	-1.978	-1.8517	3.1018	1.7513	0.37199	2.5599	-0.15905	-0.44012	-1.5228	0.60639	-1.8533	-2.5038	1.7424	0.71488	-2.305	-1.6488	1.2633	-0.31356	-1.6375	-2.5951	-3.1396	-0.46303	0.025416
-2.0088	-0.77988	0.73627	-0.06373	0.90468	3.4018	-1.575	3.6106	0.41854	0.48422	-2.8803	0.33148	-3.2646	-3.8595	-0.023844	2.0713	-2.9853	-1.3547	-0.89028	0.20427	-4.8292	-0.0042772	-5.3922	-1.999	-0.9932
-3.4085	-3.5826	1.8918	0.59416	1.2854	4.1702	-2.6982	4.5195	1.8093	0.42635	-4.535	1.705	-4.9763	-5.106	-1.9407	3.4093	-5.423	-2.8365	-2.2518	0.74889	-6.5175	1.4793	-5.808	-4.0004	-1.9011
-3.1923	-3.9259	2.5841	1.0778	1.8464	6.0665	-4.4058	5.1339	3.0352	1.3156	-7.0604	2.5847	-5.7029	-5.7921	-3.8722	5.9084	-5.7863	-3.7519	-3.6989	-0.91609	-6.257	1.6316	-6.6018	-4.4075	-2.5829
-4.2867	-5.5827	4.6703	2.4821	0.62028	7.6883	-6.2539	5.8015	3.5496	1.0031	-6.6911	1.5656	-5.8892	-8.4581	-4.9667	7.1512	-7.0924	-5.4566	-4.8	0.77253	-8.7738	3.9307	-6.9122	-6.5626	-2.2952
-7.0352	-7.0917	5.8135	2.598	0.37523	9.2804	-7.0705	7.3462	5.2642	0.6696	-10.373	3.5043	-7.8415	-9.9472	-7.2589	9.3277	-8.5862	-7.0396	-6.4157	-0.23158	-11.371	7.568	-8.1133	-8.1339	-3.4877
-0.94384	-1.9555	-0.63591	-2.5325	1.6489	2.2012	-2.1473	0.56241	-2.5996	1.3087	-1.7473	0.088896	0.60391	1.339	-1.0936	-2.1879	0.45121	-2.3456	1.5243	-2.7139	3.7486	1.5586	3.2315	-0.3321	-1.7705
-1.5228	-2.9309	1.1417	-2.1458	2.3673	3.3481	-2.7163	0.98054	-1.4974	2.7367	-1.011	-0.24572	-0.78985	-0.27711	-2.0276	-0.54758	-2.5677	-4.4011	-0.85294	-3.3537	0.18294	3.6461	1.6661	-1.8767	-2.193
-4.0623	-4.3273	3.2839	-2.3736	2.3778	3.8722	-5.4092	1.0378	0.022305	1.6928	-2.5675	1.4783	-0.62964	-2.8107	-3.7381	0.75015	-4.5695	-4.6444	-0.61822	-3.7089	-1.3779	5.1034	1.0041	-3.7241	-2.426
-4.4793	-5.4877	4.6218	-0.28091	2.2564	5.4584	-4.9608	3.5274	-0.36382	2.9749	-3.8872	1.656	-2.7573	-2.6459	-4.2144	1.8696	-4.1488	-5.6659	-3.3224	-4.4405	-3.7592	6.7977	0.72474	-4.6539	-2.9013
-6.8955	-5.8226	5.3833	-0.34742	1.8634	7.5232	-7.9236	3.7963	0.39999	3.0999	-4.2938	1.2666	-3.4718	-3.8701	-5.5775	3.0624	-6.556	-6.0315	-5.0131	-4.4186	-4.5504	7.2343	-1.0351	-5.0565	-4.4447
-7.6718	-6.0734	7.4235	0.82106	1.1344	8.8838	-8.5306	4.3044	1.2569	3.6726	-5.3867	2.2742	-4.0247	-5.0706	-7.2183	5.4731	-7.0512	-6.2257	-7.3179	-4.8593	-6.2788	9.9453	-3.6283	-7.0484	-5.6205
2.352	1.0839	1.55	2.6247	-0.057589	1.4423	-1.1264	3.0843	-1.1358	1.2077	3.1401	-0.74324	0.26715	-1.8337	-1.4909	-2.3576	-1.2098	-0.71566	-1.1469	1.3784	0.57637	0.47474	1.4534	-2.4856	0.91765
1.506	0.092773	3.0972	3.0168	-0.67465	2.8624	-1.8363	3.5651	1.1458	2.465	2.7258	0.57171	-0.86564	-2.8819	-1.7264	-0.54086	-2.9574	-1.9301	-3.2684	1.1633	-2.1595	0.85548	0.4617	-3.4921	-0.31688
0.63446	-0.48361	4.0046	3.7256	-5.7867e-05	4.4461	-2.4764	4.8569	2.2497	3.2661	1.0404	1.0252	-1.5143	-3.5759	-2.9608	1.755	-5.1255	-2.7047	-5.0856	1.6161	-3.8386	3.0116	-0.80319	-5.536	-0.76724
-1.5704	-0.89172	5.4356	4.349	0.81537	7.2641	-5.3013	5.0794	3.5148	3.5034	0.25561	0.52709	-2.9722	-6.1608	-3.8533	3.0027	-5.8491	-3.7682	-6.8069	0.92801	-6.2483	4.0901	-0.73247	-7.2373	-1.1554
-2.0625	-1.8239	7.3756	5.0571	-0.10486	7.8152	-6.3324	6.0162	4.8579	4.2679	-2.2518	1.3097	-3.1119	-7.4179	-6.0834	2.86	-7.7409	-4.9342	-8.4913	-0.10071	-7.1753	6.617	-2.4104	-7.6576	-1.3625
-2.9449	-3.3754	9.2224	6.8269	0.75811	10.149	-8.0177	7.2164	5.3831	5.177	-2.0355	2.2631	-3.7819	-9.9537	-6.4199	5.5948	-9.6538	-5.2187	-8.8335	0.12409	-9.179	7.3364	-3.8706	-10.12	-1.6049
2.2733	-2.6136	-1.0192	-1.6571	-1.1442	3.0423	0.30302	1.5653	2.1468	-2.0919	2.5315	-2.4798	1.5392	1.4405	1.3657	-2.302	-0.34045	0.055184	0.19148	2.259	1.1161	1.9207	0.19621	2.863	-2.7213
1.1612	-3.6435	0.46928	-1.3105	-1.0467	4.4233	-1.4972	2.2728	3.3693	-1.8881	1.0166	-2.0921	0.83179	0.14704	0.090094	-0.70819	-2.0456	-0.89967	-1.5593	2.0047	-0.47539	3.5802	-0.77567	1.2416	-3.7805
-0.32484	-5.0983	2.1083	-0.88737	-1.0743	6.1362	-2.9367	3.1828	4.5182	-1.9434	-0.56008	-1.5114	-0.48636	-1.3594	-0.76788	0.89513	-3.8246	-1.612	-3.3615	2.2288	-2.2307	5.4618	-1.7165	-0.43316	-4.8028
-1.3191	-6.5994	3.8829	-0.40834	-1.4993	7.8582	-4.6316	4.3036	5.4713	-1.9317	-1.8527	-0.98853	-1.6253	-2.6752	-1.7209	2.3012	-5.5696	-2.3431	-4.6577	2.3762	-3.8089	6.913	-2.5199	-1.8975	-5.7067
-2.8486	-8.1385	5.4577	-0.036288	-1.7505	9.46	-6.5734	5.2743	6.2708	-1.4713	-3.1362	-0.74938	-2.1603	-4.312	-2.3565	4.1749	-7.6821	-3.307	-6.3303	2.1812	-5.541	8.7101	-3.2041	-3.1956	-6.6828
-3.794	-9.2401	6.7908	0.27787	-1.9005	11.077	-8.4047	6.0129	6.9302	-0.85895	-4.4965	-0.61227	-2.4244	-5.9245	-3.1766	5.5643	-9.5499	-4.0785	-8.1423	1.7799	-7.4836	10.524	-4.0851	-4.5361	-7.1231
-2.1145	-0.4605	0.16819	-0.97945	1.0444	-0.13125	2.657	-2.685	-3.0104	3.4711	-2.3431	-1.703	-1.7411	-2.9787	0.443	0.69488	1.8533	1.9039	0.86779	-0.37119	1.1626	2.8378	0.1385	-1.5248	1.0703
-2.8814	-0.63569	3.1382	-1.1491	1.0707	-0.59013	-0.18444	-0.94349	-1.4655	3.5129	-3.7541	-1.7237	-2.5966	-4.3337	-0.78045	3.0115	0.059223	1.4264	-0.18908	-0.19585	-0.90776	4.0811	-0.75523	-2.1794	0.57823
-3.8497	-2.3806	4.9813	-0.22433	0.12596	2.1868	-0.87591	-0.68525	-0.91632	4.6066	-4.2773	-1.1923	-3.0958	-6.1652	-1.8501	3.403	-1.0186	0.10748	-2.8415	0.08926	-2.3469	5.829	-2.1989	-4.8355	0.95047
-5.2672	-3.2458	5.7047	-0.27551	1.5096	3.8292	-2.353	-0.27333	-0.16306	5.9591	-6.5382	-0.35943	-3.787	-7.0216	-2.9173	5.946	-1.6983	-0.50711	-3.8012	-1.7415	-3.4651	6.9933	-4.0374	-6.6992	-0.7525
-7.1428	-4.8193	7.5652	0.21963	0.36548	5.8494	-4.3406	1.4259	0.62487	6.903	-7.7655	-0.72112	-5.0492	-8.2785	-4.2251	6.8179	-3.9235	-0.36575	-5.6928	-0.9249	-7.4016	9.0458	-5.2147	-8.1716	-1.0215
-7.9314	-6.5863	8.5643	0.28597	0.068873	6.6017	-6.1141	2.0579	2.6774	7.058	-8.5833	-1.0202	-5.914	-8.9084	-5.2872	8.0445	-5.1699	-1.8379	-6.8932	0.34257	-8.7704	9.4929	-6.6878	-8.9677	-1.4285
2.2502	-0.95509	2.8998	2.8484	-1.8461	1.6846	0.72554	2.6308	0.64393	1.2694	1.5303	-0.72156	-1.5606	-2.9091	-0.17507	0.91105	-1.3881	0.11217	-1.5972	-1.2716	0.94498	2.4579	2.2677	-1.8217	-0.63369
1.3462	-2.264	4.3805	3.7891	-1.816	3.2955	-0.82044	3.9914	1.876	2.1077	0.61641	-0.79374	-2.1145	-3.8188	-1.91	2.6021	-3.2606	-1.271	-3.5429	-1.9141	-1.4857	4.0262	1.0802	-3.0349	-1.7764
-0.16912	-2.9736	5.8808	4.4734	-1.7285	4.9944	-2.3462	4.6397	3.2552	2.9059	-0.69465	-0.50962	-3.0492	-4.8454	-3.185	4.2806	-4.9609	-2.6113	-5.1648	-2.3048	-3.3327	5.3839	-0.51232	-4.216	-2.8678
-1.2836	-3.7174	7.4408	4.9954	-1.9117	6.3504	-3.5771	5.205	4.6777	3.7465	-1.9467	0.14156	-3.7821	-6.2183	-4.492	5.6118	-6.7554	-3.8011	-7.3683	-2.1347	-5.1981	6.7816	-1.9555	-5.5065	-3.9507
-2.3946	-4.5901	9.4412	5.6778	-2.334	8.0566	-5.336	6.5591	5.8876	4.456	-2.9536	0.29569	-4.7584	-7.4849	-5.3769	7.2931	-8.4404	-5.0722	-9.1366	-2.0333	-7.1311	8.1721	-3.0677	-6.9726	-5.0272
-3.829	-5.2215	10.812	6.4509	-2.5026	9.6739	-6.5128	7.4312	6.7533	4.8279	-4.2723	0.64588	-5.9191	-9.1608	-6.2418	8.8404	-9.9867	-6.0872	-10.69	-2.3849	-8.9263	9.8719	-4.3096	-8.5224	-6.0805
-2.3486	2.4965	0.31898	-2.6697	1.8643	0.49321	0.22934	-1.3862	-3.157	-1.9304	0.098652	1.0217	2.2434	-0.82523	1.6333	2.6319	-0.35623	-1.6361	1.3522	-0.22561	-3.1428	2.3032	0.91004	-3.0134	2.0502
-2.5751	2.1637	2.2259	-1.7541	1.8441	2.3967	-1.5214	-0.8881	-2.7157	-0.97015	-2.6997	1.5856	3.3612	-3.4369	0.79828	3.1688	-2.6616	-3.0887	-0.57193	-0.45832	-4.8039	3.6095	-0.9357	-3.626	1.7996
-3.7718	1.3775	4.6071	-0.68618	2.3061	5.0079	-2.8321	0.73595	-0.98596	-0.047587	-3.8244	3.4481	1.1373	-4.22	-0.68816	4.684	-3.4898	-4.677	-1.2482	-1.7779	-6.3645	5.5213	-1.1661	-5.5516	1.5587
-5.683	0.0099971	5.7953	0.32911	2.0711	5.5461	-4.8694	1.5624	-0.48799	-0.05502	-5.5248	2.569	0.87281	-6.3623	-0.65902	6.9929	-5.6612	-6.2041	-2.688	-0.87674	-8.1602	7.1134	-1.7414	-7.131	0.62091
-6.3852	-0.5644	7.0825	0.94415	-0.19746	6.5014	-6.3681	2.1434	0.48211	-0.0065982	-6.4913	1.7951	-0.18999	-7.535	-1.1932	7.7707	-7.2142	-7.0955	-5.2367	-0.17102	-9.6409	8.9103	-3.8985	-8.8943	-0.59285
-7.0651	-1.8103	8.0027	1.2452	0.35637	8.6939	-8.297	2.7954	2.3535	0.50744	-8.0979	2.3224	-1.7223	-9.2779	-2.5988	9.9169	-8.905	-7.4732	-6.7137	1.171	-12.207	10.838	-4.9681	-9.5286	-1.5724
0.8085	3.4975	0.23762	-0.06539	2.4711	0.86195	-0.77536	3.0857	-0.65285	0.93189	0.7866	0.67752	-2.1836	-3.699	-1.0139	2.3279	0.20095	-0.013019	0.18886	1.4454	0.94713	0.63974	-2.018	-0.52987	0.092037
-0.30624	2.7169	2.2468	0.66331	2.365	2.3435	-2.448	3.497	1.1805	0.43721	-0.58799	2.3905	-1.9352	-3.8118	-2.1212	3.3493	-1.3012	-0.75881	-2.403	1.8414	-0.27898	2.4121	-2.6821	-2.7082	-0.45063
-1.1885	0.7035	3.3573	2.6842	2.1851	2.5623	-3.7959	4.9584	2.3801	1.8505	-0.99206	1.7811	-3.9292	-4.0084	-2.9491	6.0147	-3.379	-2.9882	-5.1006	1.8987	-3.5111	4.2259	-4.6822	-3.9911	-2.3763
-2.8716	0.09425	4.7161	2.9112	2.8125	4.87	-5.781	4.8884	4.473	1.9183	-1.6173	2.5998	-5.1149	-5.4161	-4.0175	7.9703	-3.7659	-4.0045	-7.2473	0.42587	-4.8161	5.9351	-5.8594	-4.4896	-3.3058
-3.3721	-2.3336	6.1538	3.6316	1.2922	6.3635	-7.5246	7.5354	4.458	1.6168	-3.773	3.2133	-4.6436	-8.0015	-5.6989	7.7498	-5.9524	-4.4653	-7.8158	1.6558	-5.5075	7.6498	-6.3343	-5.7828	-2.9498
-5.1291	-2.5296	9.0442	3.4235	1.5306	8.48	-9.2323	6.7382	4.7356	1.7379	-3.6477	3.4648	-6.6508	-8.8473	-7.9832	10.423	-7.8693	-5.0286	-8.4073	1.8155	-7.627	10.063	-7.4008	-8.1236	-5.1506
2.3983	2.6599	-3.0599	-0.77144	-2.0861	0.2526	-2.5016	-2.8934	2.7207	2.9616	-0.87337	0.90561	-2.7133	-1.8343	-2.8913	-0.19242	-2.1974	3.0854	-0.45805	2.8597	1.4083	0.508	0.25282	1.2902	-3.1084
0.99739	1.8642	-1.5815	-0.30535	-2.4142	2.2338	-4.5962	-2.2445	3.6661	3.5438	-2.3065	1.4867	-3.6965	-3.4554	-3.9228	1.6055	-3.7167	1.9068	-2.5219	3.1748	-0.1211	2.2372	-1.4941	-0.22352	-3.7327
-0.068056	1.1407	-0.27328	0.31324	-2.6368	3.6074	-5.9083	-1.4939	4.7401	3.8626	-3.9268	2.0915	-4.1747	-4.6191	-5.0932	3.1849	-5.1931	1.1425	-3.8569	3.3285	-2.2751	3.6628	-2.9858	-2.1816	-4.3342
-1.6255	0.1259	1.5284	1.1085	-2.8845	5.3252	-7.4875	-0.32622	5.9812	4.0788	-5.3004	2.4026	-4.6961	-5.7586	-6.1663	4.4757	-6.7474	0.37815	-5.1877	3.2592	-4.5089	5.1667	-4.2787	-4.2288	-5.1533
-2.571	-0.9552	2.9488	1.8708	-3.066	6.7951	-9.0083	0.80331	7.3695	4.3174	-6.4792	2.5715	-5.5016	-6.8765	-7.2318	6.2109	-7.9952	-0.32256	-6.8751	2.866	-6.12	6.5627	-5.6972	-6.0794	-5.8847
-4.1375	-2.2438	4.9093	2.6411	-3.1181	8.639	-10.511	1.3449	8.6482	4.2753	-7.537	3.1004	-6.3422	-7.9167	-8.4953	7.7243	-9.4572	-1.0498	-8.66	2.5704	-8.0219	8.189	-7.0919	-7.805	-6.8903
2.1963	-3.1103	2.0267	1.6759	3.2517	-1.7294	3.0889	0.89357	-1.9656	-1.5594	2.0957	1.2914	-1.5086	-0.92539	-1.2573	2.3826	-1.1052	2.3859	-1.7252	2.1812	-2.8119	2.2292	-3.1424	2.0937	0.97751
1.9706	-3.7494	4.7635	2.7585	2.8971	-0.28341	1.4805	2.5769	-2.1727	-0.45429	-0.58919	2.1975	-3.4253	-2.2863	-3.3064	3.6736	-2.5296	0.075489	-4.3988	2.7243	-3.8072	2.8505	-3.7211	-0.66628	-0.88422
-0.28329	-6.3233	4.6868	3.3173	3.4065	1.6394	0.95211	2.7704	-1.8185	-2.266	-1.8953	2.3908	-4.1568	-3.9172	-4.0504	5.3993	-4.4412	0.017418	-4.5871	2.6858	-5.3502	4.3971	-5.023	-2.3637	-1.8086
-0.95892	-6.2175	7.0318	3.2164	1.2921	3.7543	-1.922	3.5541	-0.3334	-1.8095	-3.1058	2.9714	-4.2508	-5.2927	-5.3239	7.4118	-5.991	-1.2715	-6.489	2.3475	-6.9285	6.819	-6.4383	-3.9155	-2.1717
-3.6535	-7.6086	8.495	4.2297	2.4986	5.1471	-3.2919	4.763	-0.17898	-1.7963	-3.2966	4.2878	-5.1501	-6.7666	-6.7859	8.8125	-7.2374	-2.7839	-9.1896	2.379	-8.0031	7.8776	-7.795	-4.3925	-4.0973
-4.5634	-9.6241	10.314	5.1096	2.196	5.7331	-4.8837	5.8067	2.1477	-2.2045	-4.9483	3.593	-6.149	-7.5963	-8.4594	10.385	-9.3205	-4.2307	-10.9	2.7282	-10.413	9.9843	-8.9323	-7.2626	-4.4019
-0.78622	-2.4465	0.69257	1.0169	0.64615	-0.49724	-0.25841	1.0235	2.4051	-1.8341	-2.5944	0.93528	0.72695	2.5211	-2.0273	-1.2368	0.95771	-1.8661	2.1688	-0.94231	-2.0259	1.6328	-1.6735	2.8797	1.7864
-0.26649	-3.545	2.3356	1.5806	0.63136	0.65589	-1.0771	2.3753	2.374	-2.4333	-3.7366	0.97433	0.65964	1.9283	-4.9177	0.49235	-0.88366	-1.2514	0.39945	-1.0891	-4.9182	2.6999	-1.9219	0.42767	1.6766
-2.6649	-5.6399	3.7152	1.7686	0.87713	2.3977	-2.7058	2.753	4.2803	-3.7131	-4.7511	0.88725	0.97429	-0.05436	-4.8407	2.2451	-1.9532	-2.3705	-0.38519	-1.4188	-6.5038	4.211	-4.9668	-0.0087234	0.74258
-4.0578	-6.5812	5.5761	2.3543	0.29073	3.9076	-4.7286	3.7002	4.8287	-3.2405	-6.6546	1.2613	0.34482	-1.7731	-6.3652	3.5824	-3.2227	-3.2407	-2.3317	-1.6875	-8.294	5.2956	-6.376	-1.2157	-0.079354
-5.6132	-7.6079	5.4305	2.8037	-0.078846	5.8561	-5.2392	4.7111	6.2199	-2.1564	-8.267	2.5127	-0.78323	-2.9179	-8.0029	5.3747	-5.1438	-3.2485	-3.7034	-2.4797	-9.266	6.8368	-7.2238	-2.5119	-2.3687
-6.5373	-9.5448	8.4096	3.9463	-0.82135	7.635	-8.1996	5.9964	6.688	-2.1307	-8.4122	2.2632	-1.1841	-3.6813	-9.538	7.008	-5.3816	-4.4661	-5.4137	-1.8652	-11.053	7.8416	-9.4924	-4.0353	-2.6969
-2.6199	-0.029517	1.3114	-3.0122	1.4363	-0.029772	2.1313	-1.8948	-3.282	-1.8174	-2.3648	2.8175	-2.8899	-3.1024	-4.0897	-1.5996	-2.7114	1.6636	-0.01737	-1.162	-1.7419	-2.8802	-0.77566	-2.9446	1.8301
-3.2506	-0.0027369	2.749	-3.0335	1.3917	1.6632	0.23048	0.52067	-1.9366	-1.185	-4.0868	3.5052	-3.0928	-3.8159	-4.3516	-0.39807	-4.0613	0.14642	-1.1826	-1.8016	-3.6829	-1.7956	-2.0354	-5.9331	0.19403
-4.8369	-1.1509	4.222	-1.3113	1.7148	3.7971	-0.16016	1.0466	-1.533	-0.21046	-4.9564	2.396	-4.2594	-4.2713	-4.6669	2.0725	-5.5662	-0.87308	-3.827	-1.0923	-4.3168	1.2169	-3.7423	-6.8351	-1.0381
-6.2547	-3.043	6.3142	-0.95124	1.3549	4.1689	-1.6238	1.3053	0.46151	-0.95243	-6.4185	3.3573	-5.404	-6.4049	-7.111	2.8495	-7.233	-1.7638	-5.4792	-2.5801	-6.8633	1.8757	-5.4714	-8.3285	-1.3063
-7.5125	-5.0425	7.0239	1.0633	2.1206	5.6213	-3.5447	2.7397	0.6976	-0.24692	-6.914	4.0602	-6.0516	-7.4301	-8.69	3.6258	-8.5001	-2.0093	-7.2542	-2.2546	-8.0664	3.8318	-7.156	-8.973	-1.3593
-8.6696	-6.2927	9.2873	1.839	1.474	8.2573	-4.9189	4.1172	1.0667	0.22412	-7.4972	5.1497	-7.4404	-9.0405	-10.107	6.0427	-9.7996	-2.6596	-9.2098	-4.7186	-9.5936	5.1926	-8.5474	-9.8712	-2.0955
-1.3241	-0.013389	1.9998	0.59741	0.22875	-1.0621	-0.55459	1.8464	-0.98465	-0.23483	-0.83007	1.1277	0.42565	0.95316	-0.055806	-0.63768	-0.1414	-2.7218	-0.55874	2.9459	1.7629	1.4382	1.6683	1.6113	2.1557
-2.5684	-1.1126	3.7895	1.0598	-0.12873	0.46126	-1.8757	2.4151	0.38076	0.29375	-1.4397	0.97543	-0.21358	-0.40744	-1.2157	0.9423	-1.6923	-4.0403	-2.251	2.6445	-0.14666	2.5677	0.091482	-0.2092	1.0824
-3.9709	-2.0869	5.4157	1.347	-0.67558	2.3203	-3.6592	3.5851	1.3263	1.113	-2.3946	1.2277	-0.64331	-1.8576	-2.2791	2.182	-3.0561	-5.4222	-4.1518	2.4242	-1.8849	4.284	-1.4341	-1.7446	-0.10451
-5.1039	-3.1215	7.1912	1.8116	-0.74311	3.6887	-5.0173	4.6428	1.999	1.6182	-3.5558	2.1519	-1.3323	-2.9002	-3.3864	3.9729	-4.6461	-6.7071	-5.6673	2.1337	-3.8927	5.6772	-2.6884	-3.1272	-1.0671
-6.571	-4.2997	8.8744	2.5756	-0.44808	5.4832	-6.4104	5.4957	2.7073	1.7942	-4.5058	2.5316	-2.5367	-4.0733	-4.6047	5.6225	-5.7278	-8.0304	-7.2082	1.6306	-5.4235	7.1395	-3.9374	-4.6363	-2.267
-7.605	-5.6952	10.082	3.3311	-0.36829	6.9997	-7.7677	6.5856	3.4384	2.0382	-5.4594	2.4125	-3.6202	-5.118	-5.6677	7.1139	-7.1348	-9.136	-8.9865	1.0878	-6.8452	8.3844	-5.552	-6.1556	-3.3762
3.006	-2.4407	-0.65264	-0.049859	-1.5192	-2.9079	2.9791	1.422	-2.2108	-2.2112	1.2863	-0.74736	-2.6601	-0.55992	-2.242	1.8772	2.702	-3.1104	0.94225	1.1212	-1.5472	2.1552	-1.2939	-2.9713	-2.554
1.9371	-3.3407	0.85336	0.061615	-1.3231	-1.6392	1.6137	2.8901	-0.86241	-1.7626	-0.16961	-0.54033	-2.9852	-2.298	-3.6041	3.6928	0.84672	-3.8575	-0.91653	0.69222	-3.325	3.9408	-2.5139	-4.3365	-3.1721
0.53025	-4.4357	2.544	0.43334	-1.0353	0.2705	0.06739	3.4684	0.26374	-1.3825	-1.6895	-0.072896	-3.7239	-3.621	-4.8089	5.1441	-0.75286	-4.8593	-2.7669	0.063684	-5.3016	5.4635	-3.5026	-5.8467	-4.1531
-0.6788	-5.6216	4.216	0.94334	-1.2322	1.6298	-1.0895	4.2209	1.1216	-1.0782	-3.2567	0.32492	-4.9676	-5.1082	-5.801	6.7901	-2.4377	-5.8283	-4.43	-0.35288	-6.9409	6.9651	-4.482	-7.3534	-5.0246
-1.843	-6.8431	6.0826	1.4246	-1.305	3.265	-2.21	5.5511	1.759	-0.53524	-5.0797	0.91009	-5.9994	-6.3252	-6.9036	8.2416	-4.1771	-6.7451	-6.5582	-0.6002	-8.1965	8.3163	-5.8891	-8.7188	-5.9733
-3.2788	-7.8427	7.2776	1.9507	-1.1893	4.9885	-3.7957	6.3898	2.3535	-0.2423	-6.4262	1.3412	-6.6557	-7.682	-7.5955	9.6636	-5.8224	-7.8181	-7.9513	-0.8592	-9.8408	10.1	-7.219	-10.123	-6.6802
1.3276	1.7798	0.77823	2.0436	-2.9201	-0.59362	-1.5721	-0.11997	2.3917	-1.3773	0.62261	-2.9753	-2.1654	2.097	-1.9161	2.0711	-1.0169	1.0746	-2.8111	1.4715	-0.0032544	2.7839	-1.3202	-0.7752	-2.4256
0.22671	0.62677	2.183	3.1169	-3.2888	1.2136	-3.3624	0.6003	3.2706	-1.098	-0.37147	-2.4449	-2.8005	1.3292	-3.1533	3.8841	-2.74	-0.10512	-4.552	1.5382	-2.2008	4.1072	-2.5508	-2.7213	-3.3838
-1.2953	-0.45748	3.8865	3.6944	-3.5592	2.7984	-4.8546	2.0532	4.1296	-0.58139	-1.799	-2.5754	-3.3411	0.077349	-4.2637	4.8793	-4.1833	-1.1908	-6.1964	1.4705	-4.2439	5.5733	-3.8343	-4.3098	-4.1135
-2.3666	-2.0594	5.6051	4.1738	-3.6968	4.3446	-6.8863	2.6962	5.036	-0.33131	-2.915	-2.3353	-4.0489	-1.1794	-5.4331	6.5831	-5.8619	-2.5171	-7.6686	1.463	-5.9131	7.0911	-4.7354	-5.5743	-5.0427
-3.7571	-3.395	7.0834	4.915	-3.855	5.9812	-8.8507	3.4651	5.9404	-0.31308	-4.053	-1.498	-5.1841	-2.7554	-6.6667	8.2034	-7.4944	-3.6289	-9.5587	1.6761	-7.7967	8.8036	-5.5265	-6.8856	-6.1943
-4.931	-4.7663	8.6132	5.8192	-4.1724	7.8308	-10.592	4.7227	6.8168	-0.098038	-5.2865	-1.1708	-6.3073	-4.4694	-7.7761	9.666	-9.1003	-4.9802	-11.611	1.6305	-9.8144	10.058	-6.5649	-8.2818	-6.9216
-0.25563	-1.802	0.99135	0.58836	-1.0346	1.7774	1.9611	-2.2691	0.084459	-0.19197	-2.6356	1.3439	2.4223	-2.475	2.6267	-0.32394	-0.6273	-1.9806	-2.2974	-0.14137	0.31493	-0.64309	1.8629	2.0487	0.48334
-1.2753	-3.7692	3.9367	1.9416	-1.1164	2.7266	0.33996	-0.54438	2.0709	-0.27599	-4.0399	1.0929	1.567	-4.6415	1.9537	2.6882	-1.7774	-3.2385	-3.0561	-0.43078	-1.1024	0.70068	0.86076	1.3482	1.0489
-3.3327	-4.9904	4.5925	0.20266	-1.5356	5.4121	-0.9454	0.13662	2.0568	1.1972	-5.0434	2.2323	1.6288	-5.9891	0.62149	2.9697	-4.7779	-5.2152	-5.8615	-1.0049	-3.9904	1.4605	-1.1122	-1.0692	0.45841
-4.0583	-5.5312	6.7202	2.2697	-0.81636	6.3581	-2.9815	2.1673	3.6113	0.082182	-7.0729	1.1721	-0.0069666	-6.7147	-0.1816	5.0967	-5.4034	-6.1635	-7.0702	-0.88413	-5.1238	4.6874	-0.41364	-1.5479	-1.46
-5.957	-6.8974	7.936	3.5819	-0.53727	8.204	-5.4666	2.0927	4.2357	0.10243	-7.1247	2.0892	-0.86367	-8.0055	-1.3486	7.0144	-7.3842	-7.1229	-8.895	-0.77253	-8.0914	6.1567	-0.97556	-2.6547	-1.6085
-6.5791	-8.8801	9.2179	3.6341	-1.2321	10.203	-6.2034	3.6626	3.9442	1.762	-8.7	3.3457	-0.86245	-9.5483	-1.6576	8.1924	-9.7107	-8.5191	-10.241	-1.2822	-9.8804	8.0826	-3.2036	-3.1435	-2.3331
-2.4239	-0.36084	1.002	-1.2888	2.8283	1.2201	-1.8413	0.34391	2.3819	0.36335	1.5847	2.48	2.1468	-2.3182	-1.9521	-2.1751	-2.9585	-3.0829	0.60572	0.68483	2.6308	1.4668	-1.2488	-0.027792	-1.5187
-3.8741	-1.2877	2.1055	-1.0848	2.3853	3.0499	-3.4109	1.5343	3.1666	0.4345	0.44504	2.8421	1.413	-3.8418	-3.389	-0.85305	-4.8493	-4.0591	-0.97793	0.67245	0.82891	3.3245	-2.7264	-1.9285	-2.4561
-4.8705	-2.6335	3.8141	-0.85201	2.0267	4.3378	-4.8579	2.4161	4.0637	0.59015	-0.56068	3.1249	0.59704	-5.0364	-4.6284	0.9879	-6.4728	-4.7385	-2.7731	0.81038	-0.62872	4.5709	-4.2673	-3.8045	-3.3973
-6.3653	-3.6801	5.4516	-0.31391	1.5822	6.259	-6.1223	3.2979	5.1127	0.98845	-1.3456	3.6834	-0.45799	-6.3617	-5.9583	2.4956	-8.2264	-5.748	-4.9654	1.0839	-2.2772	6.5283	-5.4608	-5.407	-4.2508
-7.3492	-5.0695	7.2113	0.46157	1.0879	7.73	-7.8566	4.3667	6.2739	1.0164	-2.2073	4.2755	-1.3147	-7.3911	-7.1422	4.0358	-9.5093	-6.652	-6.6289	0.75269	-3.9925	7.9974	-6.779	-6.877	-5.5515
-8.8564	-5.9053	8.7083	1.0504	1.0806	9.3689	-9.1381	5.4987	7.4809	0.81313	-3.0881	4.4632	-1.8624	-8.6641	-8.2005	5.7626	-11.193	-7.7117	-8.066	0.21617	-6.1598	9.7482	-8.0628	-8.3208	-6.4943
-2.4067	1.5451	1.9455	1.5401	-1.0227	0.52956	-0.19498	-2.592	2.0643	1.1677	-1.4612	2.9484	-1.9859	-1.2564	-0.55776	-1.6548	-1.9151	1.2898	-2.0062	0.14025	-1.28	-0.23373	2.6705	-1.7842	-3.1337
-3.7829	0.29329	3.4492	2.5782	-1.2643	2.3003	-1.9957	-1.7369	2.9935	1.5776	-2.8211	3.3779	-3.0706	-3.0167	-1.9974	-0.46101	-3.6536	0.52762	-3.9266	-0.50069	-3.2083	0.85584	1.8791	-3.2244	-3.6655
-4.9918	-1.2232	4.8824	3.5311	-1.7095	3.8018	-3.7177	-1.2278	3.8865	1.906	-4.1832	3.2572	-3.9186	-4.6531	-3.2441	1.3469	-4.87	-0.13369	-5.8417	-0.98691	-4.8578	2.4981	0.90515	-4.5317	-4.1842
-6.2458	-2.2975	6.6052	4.2796	-1.6912	5.5507	-5.171	0.03416	4.7414	2.1749	-5.3085	3.4932	-4.628	-5.9023	-4.4923	2.8324	-6.5479	-0.92681	-7.5423	-1.2184	-6.6415	3.9047	-0.27929	-5.8546	-5.1963
-7.5583	-3.2668	8.3988	5.1018	-1.3958	7.0397	-7.0476	1.0413	5.574	2.6423	-6.7166	4.4299	-5.4373	-7.3358	-5.663	4.5024	-7.8848	-1.4533	-9.1311	-1.3971	-8.495	5.5786	-1.2015	-7.2055	-6.2706
-8.6939	-4.2427	10.013	5.7069	-1.6319	8.5525	-8.7124	1.7811	6.2499	2.9383	-7.8709	4.7193	-6.3324	-8.4486	-6.7224	6.1232	-9.2619	-2.2044	-10.68	-1.6224	-9.9569	6.624	-2.101	-8.3858	-7.3736
1.2245	-0.014797	0.088021	-1.6133	2.9209	-1.1757	0.78435	-1.0215	-3.3477	0.7218	-0.79494	-1.2872	-3.6979	2.3205	-2.3087	-1.0609	1.3764	3.7023	0.81358	1.7063	1.2107	0.74013	0.60653	2.1156	-0.027036
-0.24937	-0.35763	1.2977	-2.3538	3.5165	1.0513	-1.1355	-0.15542	-2.1954	1.0108	-1.9518	-0.51076	-3.7702	0.21766	-4.3182	1.0436	-0.85147	2.2115	-1.008	1.6882	-0.11298	2.3512	0.14345	1.3357	-0.86549
-2.2341	-2.3623	3.0373	0.15451	2.4746	1.1351	-1.8618	1.0678	-0.95892	0.017174	-2.1583	-0.22447	-4.4278	-0.12202	-5.2642	1.3583	-2.2314	0.17585	-1.4855	2.0423	-2.1921	4.095	-2.3672	-0.38093	-0.73641
-2.6995	-3.6147	5.0854	-0.40543	2.5096	4.3077	-3.2672	1.9918	0.085549	0.0003245	-2.9331	-0.85421	-4.979	-2.9764	-5.412	3.8628	-2.2404	-0.056713	-4.7455	1.1194	-4.7775	5.712	-3.4359	-2.923	-2.0555
-3.2651	-4.8769	6.5889	-0.071	1.7287	5.0684	-3.8934	2.9775	-0.0039844	1.4189	-4.0661	-0.64415	-6.4416	-3.9978	-7.0151	5.148	-4.8719	-1.2705	-5.8313	0.83732	-6.5995	6.645	-3.7511	-3.8889	-2.8091
-5.2027	-5.9961	7.055	0.072769	1.0604	7.6087	-6.9898	4.2094	2.0366	1.4752	-6.6028	0.93233	-7.4414	-4.7511	-9.0497	7.0401	-6.8004	-3.2847	-6.5148	1.9121	-6.8613	7.9819	-5.0305	-4.4703	-3.6851
-0.088517	-1.9925	-2.5044	-1.8741	-2.2938	-1.1066	2.8294	0.20178	-1.5845	-0.39391	1.0619	0.29953	0.68486	2.2805	-0.74923	1.5634	-2.1559	-2.775	-1.0066	1.9919	-0.769	2.968	0.6614	-1.0159	2.6877
-1.5484	-2.9558	-0.71371	-1.235	-2.6294	0.68846	1.1979	0.99684	-0.74778	-0.20314	-0.12392	0.62097	-0.47455	0.90917	-2.182	3.246	-3.4465	-3.719	-2.4009	1.8161	-2.3272	4.2166	-0.68246	-2.7706	2.1199
-2.7278	-4.0255	0.86185	-0.40802	-2.691	2.3733	-0.33881	2.1282	0.23734	0.31724	-1.3265	1.2985	-1.0179	-0.60407	-3.5499	4.7844	-5.3391	-4.7863	-4.3274	1.8003	-4.5169	5.77	-2.1252	-4.3293	1.12
-4.1014	-4.7642	2.355	0.58623	-2.7891	3.873	-1.8987	2.8197	1.2878	0.91747	-2.1118	1.5403	-1.2407	-1.5785	-5.0133	6.3806	-6.8275	-5.8164	-5.8171	1.7068	-6.4975	6.9431	-3.4153	-5.8763	0.38535
-5.3854	-5.5598	3.7501	1.5788	-3.0816	5.5588	-4.0393	4.028	2.298	1.2733	-3.199	1.8971	-1.9345	-2.6397	-6.2791	7.7015	-8.6889	-7.1055	-7.1885	1.7341	-8.5116	8.7139	-4.3054	-7.4918	-0.47758
-6.6424	-6.5978	5.3396	2.6254	-3.4978	7.3057	-5.7316	4.9759	3.3239	1.7651	-4.2376	2.5046	-3.2203	-3.6291	-7.6501	9.5665	-10.222	-8.201	-9.1115	2.0129	-10.548	10.084	-5.2341	-9.079	-1.6912
1.6397	-1.6268	-1.7363	2.2923	1.7895	0.16216	2.6466	0.59692	3.2913	0.9933	0.19699	1.1838	-0.36323	-0.39281	-3.0445	1.8437	1.0411	1.5431	1.6106	-1.9609	1.8825	2.4695	-1.3037	1.0667	-0.02869
1.246	-2.3516	0.015702	2.4545	1.0389	2.2394	1.7646	0.28422	4.2547	0.45213	-1.2035	2.8991	-0.86023	-1.6151	-2.6078	3.9435	-1.8494	0.90073	0.45828	-2.3959	-0.50664	3.8187	-2.2057	-0.30027	-1.4806
-0.34178	-3.312	2.0612	2.9163	0.077714	3.2933	-0.14335	1.1948	5.2556	0.22466	-2.3842	2.4846	-1.7468	-2.4584	-4.0811	4.3254	-2.8414	-2.922	-1.9916	-1.7998	-2.3605	5.9974	-3.2868	-2.7713	-2.0569
-1.2163	-5.3232	3.2882	3.3627	-0.18944	4.8651	-2.1193	2.5089	5.1461	1.0437	-4.1407	2.6162	-3.61	-4.4282	-4.7464	6.4362	-3.6988	-3.0081	-3.4846	-2.394	-3.8677	8.2285	-5.0864	-4.7076	-3.1485
-3.0093	-6.8693	4.5447	4.9281	0.047984	6.9487	-3.1146	3.5594	6.2251	1.2093	-5.2711	3.1073	-4.2657	-5.0226	-6.1721	8.3299	-5.6539	-4.1865	-4.8041	-2.4222	-5.6815	8.9588	-6.564	-6.2583	-4.0137
-4.8991	-6.5786	7.0465	6.9717	-1.6254	7.9819	-5.156	4.8928	6.4023	1.2008	-6.3024	3.623	-4.3903	-6.4657	-7.0828	9.8313	-6.6694	-5.9766	-7.6173	-2.3045	-6.7243	10.07	-6.6418	-6.6581	-4.2167
-0.67134	-0.26334	-1.8322	1.6157	0.29323	-0.8956	1.2623	-2.4541	-3.0985	0.61106	0.99963	0.50244	2.5745	0.85412	0.16052	-1.5096	-2.8186	1.4566	-2.1083	-1.3791	-1.5108	0.29576	0.25917	1.8094	2.3211
-1.5489	-1.0149	0.055368	2.1651	-0.045598	0.63	-0.65894	-1.5988	-2.1841	0.92169	-0.042502	0.91061	1.8222	-0.11531	-0.99062	0.25315	-4.7079	0.51942	-3.5732	-1.8096	-3.5082	1.4647	-0.86653	0.04809	1.293
-3.0059	-1.6674	1.4838	2.665	-0.44163	2.2158	-2.1468	-0.41153	-1.2282	1.2796	-0.99691	0.96479	0.95857	-0.97884	-1.7139	1.6714	-6.8008	-0.29605	-5.3975	-1.7425	-5.6699	2.7391	-1.7053	-1.3455	0.12125
-4.1663	-2.6861	3.162	3.5315	-0.93855	3.9469	-3.9845	0.39405	-0.31382	1.3086	-2.297	1.2961	0.060024	-2.0298	-2.7622	3.044	-8.6116	-1.3931	-7.3079	-1.295	-7.5249	4.4562	-2.5091	-2.5637	-0.97088
-5.2902	-3.3684	4.5301	4.5605	-1.3376	5.6096	-5.2812	1.2212	0.39096	1.4322	-3.2431	2.1586	-0.56349	-2.9033	-3.6852	4.8936	-10.178	-2.3583	-9.0935	-1.2743	-9.2473	5.783	-3.5704	-3.7571	-2.0451
-6.779	-4.4029	5.9992	5.2648	-1.3749	7.0974	-6.6908	2.366	1.0632	1.78	-4.2967	2.2641	-1.0802	-4.2605	-4.8843	6.2954	-11.855	-3.3759	-10.998	-1.5436	-11.026	7.2034	-4.6737	-5.0066	-3.0206
2.948	-2.0067	2.7042	-2.8564	-1.6287	-3.0844	1.0776	2.5422	0.45477	-2.1637	0.014867	0.42536	-1.9577	-1.104	1.3567	0.33239	-2.2465	-0.75132	-0.64955	0.48194	-3.0182	0.4872	2.7142	-2.4688	1.4579
1.6421	-2.7976	4.5996	-2.0947	-1.4327	-1.5643	-0.2017	3.2597	1.5062	-2.0018	-1.6757	0.90681	-2.9067	-2.5854	0.5658	1.9923	-3.9233	-2.0888	-2.5437	0.02821	-4.9874	1.8886	1.5173	-4.2293	0.88161
0.38779	-3.4335	5.6363	-1.3065	-1.4119	0.34733	-1.5899	4.2203	2.5138	-1.8129	-3.2376	1.3158	-3.909	-4.1844	-0.45691	3.4822	-5.5717	-3.2228	-4.228	-0.4459	-6.6836	3.6616	0.10034	-6.1153	0.28831
-0.97725	-4.6504	7.3736	-0.66231	-1.5327	1.6246	-3.2067	5.4008	3.4643	-1.1938	-4.6445	1.2931	-4.5696	-5.7604	-1.2753	5.2122	-7.2308	-4.5333	-6.5163	-0.86076	-8.3497	5.2376	-1.3547	-7.7293	-0.38868
-2.0996	-5.7916	8.6507	-0.28992	-1.5853	3.4203	-5.0214	6.2642	4.3644	-0.78853	-6.2375	1.7973	-5.2112	-7.2681	-2.4447	6.6845	-9.04	-5.5111	-8.2529	-1.2362	-10.471	6.7123	-2.2821	-8.9651	-1.2942
-3.5209	-7.3426	10.563	-0.077073	-1.5138	5.0969	-6.4214	7.2999	5.2046	-0.52072	-7.3827	2.6427	-6.1289	-8.7137	-3.6937	8.2036	-10.466	-6.6577	-9.6862	-1.5137	-12.542	8.1093	-3.1999	-10.106	-2.2977
0.6838	1.3795	-1.2387	-0.25734	-2.8384	-0.71999	-0.86842	-1.334	1.989	-0.31068	1.9257	1.8223	-1.363	-2.711	-2.795	0.86364	-0.47549	2.5467	-0.51922	-2.1725	0.2512	2.7449	1.0108	-0.66155	-1.5135
-0.57644	0.22793	0.56449	0.60838	-2.7425	0.59554	-2.1342	-0.67896	2.7403	-0.41605	0.74631	2.2708	-2.0882	-3.5301	-3.7289	2.6263	-2.1355	1.6823	-2.0691	-2.2716	-2.0739	4.2261	-0.076781	-2.6011	-2.3795
-1.9139	-0.74777	1.7481	1.9328	-2.914	2.4316	-3.5426	0.18313	3.3297	-0.25191	-0.27544	2.644	-3.0707	-4.3261	-4.8189	4.1693	-4.0905	1.0504	-3.395	-2.5601	-3.9699	5.2824	-1.2107	-4.2281	-3.5186
-3.1459	-2.2149	3.3496	2.9745	-3.1256	3.9502	-4.6271	1.5175	3.8515	0.3957	-1.5576	2.63	-3.9835	-5.4701	-5.7195	5.3685	-5.6912	0.45627	-5.1138	-3.1515	-5.3218	6.9226	-2.383	-5.6898	-4.4297
-4.3996	-3.1968	4.9635	3.6081	-3.1843	5.3892	-5.7982	2.129	4.4618	1.0864	-2.8752	3.0863	-4.8699	-6.3953	-7.044	7.1947	-7.7836	-0.47738	-6.5131	-3.552	-6.7882	8.359	-3.5884	-7.2261	-5.4464
-5.7068	-4.2999	6.7032	4.3074	-3.3641	7.2089	-7.0318	3.0933	5.1884	1.7664	-4.1892	3.846	-5.7582	-7.6319	-8.3517	8.7309	-9.3244	-1.2807	-8.3872	-3.5154	-8.8197	9.8986	-4.4301	-8.885	-6.703
2.795	-0.77244	-2.7175	-1.9997	0.4757	-1.9726	-1.3097	-0.24075	-0.96098	-1.1419	-0.25174	-1.6586	-2.9657	0.99509	-2.1427	1.9007	-0.57412	-1.084	1.545	1.5471	-2.0476	-2.4018	-2.047	0.80013	2.1471
1.8256	-1.6593	-0.75084	-0.90527	0.070502	-0.37698	-2.9661	0.84924	-0.47857	-0.51757	-1.5499	-0.99796	-3.3616	-0.3182	-2.8214	3.4459	-1.9699	-2.0325	-0.34171	0.73299	-4.0608	-0.68577	-2.9257	-0.7637	0.96117
0.23643	-2.4374	0.39123	-0.029166	-0.065557	1.3649	-4.3993	1.9339	0.29328	-0.075162	-2.6223	-0.76732	-4.4799	-1.5507	-3.6695	5.0323	-3.216	-2.9911	-1.8362	0.2833	-6.1779	0.68909	-4.0888	-2.2514	-0.25728
-0.62017	-3.8135	2.1802	0.49795	0.12586	2.5808	-6.3227	2.7226	1.185	0.36741	-3.8877	-0.47096	-5.7713	-3.0446	-4.7837	6.7982	-4.8838	-4.1306	-3.8325	0.25565	-7.8228	2.0164	-5.1814	-3.8772	-1.0905
-2.1555	-5.0537	3.2295	1.0358	0.14046	4.5403	-7.6817	3.8111	2.1552	0.79636	-5.3295	0.20129	-6.4612	-4.6547	-5.7555	8.0114	-6.0557	-5.195	-5.8967	0.33555	-9.492	3.3646	-6.1999	-5.704	-2.1216
-3.2625	-6.4933	5.0639	1.6903	-0.14832	5.8811	-9.319	4.93	3.1845	0.78503	-6.4218	0.23896	-6.872	-6.4784	-7.0271	9.5787	-7.6977	-6.5775	-7.5068	-0.16397	-12.064	4.9828	-7.2321	-7.3398	-2.8477
-2.099	1.3458	2.5562	-1.7676	2.3296	-1.8097	2.1143	2.2564	0.14681	-0.14216	2.4485	-2.7313	0.059384	0.75861	1.4668	-1.6956	-3.0026	-2.2671	1.6925	2.9501	-0.71093	3.0987	-1.0902	-2.2786	-0.72375
-3.114	0.51227	3.7525	-1.0791	2.143	-0.33409	0.68351	3.2999	1.0808	0.20036	0.75182	-2.3643	-0.80407	-0.86411	0.53074	-0.081415	-4.763	-2.9969	0.020433	2.3306	-2.6375	4.6825	-2.6095	-4.1106	-1.5229
-4.5756	-0.48119	5.818	-0.37058	1.7744	1.4057	-0.84978	4.4468	1.8161	0.18399	-0.90464	-1.7697	-1.5945	-2.1051	-0.6867	1.369	-6.4779	-4.059	-1.8232	2.1688	-4.2136	6.3967	-3.9402	-5.9511	-2.2121
-5.7082	-1.5481	7.1016	0.54569	1.6139	3.0858	-2.2911	5.3232	2.3485	0.34433	-2.3502	-1.4058	-2.3563	-3.4649	-1.6867	3.1665	-8.0825	-4.9383	-3.8223	2.1026	-5.9642	8.2344	-5.1717	-7.8974	-2.9119
-7.0274	-3.0876	8.7875	1.6541	1.8635	4.5757	-3.4399	5.9598	3.0783	0.7894	-3.7942	-1.5794	-3.0377	-4.6545	-3.0824	4.4177	-10.03	-5.6482	-5.8658	1.6886	-8.1405	9.7474	-6.2534	-9.8447	-3.809
-8.4148	-4.4034	10.024	2.583	1.8735	6.212	-4.6696	7.216	3.999	1.0462	-5.0314	-1.0729	-3.7011	-5.9447	-4.2702	5.8024	-11.4	-6.4469	-7.2197	1.2412	-10.287	11.189	-7.0453	-11.344	-4.5206
0.92707	0.23156	-0.21283	-2.3786	-2.5403	-3.1989	1.7062	-1.1214	-2.4714	1.0414	-1.521	0.89925	1.4312	0.38479	-0.75341	1.5507	-0.025726	0.22035	-0.58547	1.351	-3.0903	0.85718	2.0026	-1.0307	1.7314
-0.68542	-1.17	0.26215	-1.6525	-1.901	-0.16249	-0.20722	-0.46969	-1.1723	1.5493	-1.8725	1.573	-0.33331	-1.7499	-3.1158	3.3568	-1.3298	-0.90845	-2.1179	1.2825	-4.9465	1.9807	0.36934	-2.2063	0.07809
-1.0868	-1.9132	2.8854	-0.56355	-2.1752	1.4023	-2.0481	0.5427	-1.0971	0.96511	-2.8919	1.7146	-0.55711	-2.8616	-3.0109	5.5001	-4.467	-2.508	-3.2314	0.30252	-7.1352	4.5599	-0.2255	-3.4401	-3.0256
-2.6828	-5.0697	4.5182	-0.59893	-2.5309	3.4215	-3.0798	2.0735	-0.014808	1.605	-5.4862	2.2731	-1.8673	-4.059	-4.5542	5.9036	-5.0128	-3.2975	-6.0143	0.9881	-9.5639	5.2399	-0.4533	-5.3801	-2.8252
-3.4702	-5.5697	5.0488	1.2881	-4.2152	4.5966	-4.4185	3.6915	0.86684	1.3478	-5.6003	3.65	-3.1018	-4.7412	-5.8498	7.9882	-7.3871	-3.8702	-7.9227	0.50208	-11.369	7.2182	-2.0475	-5.4183	-3.2162
-5.4536	-5.3624	6.6209	1.3544	-3.6317	6.3179	-6.3587	3.8376	1.6513	1.4394	-7.3277	3.463	-4.5655	-5.0245	-6.478	8.84	-7.8709	-4.7459	-9.726	-0.12129	-12.387	9.4892	-1.7788	-6.979	-4.9163
1.0927	-0.14168	-1.2212	0.10257	1.3001	1.9695	-1.1567	-1.185	-0.97355	1.0444	2.2675	1.644	2.3603	2.3314	-2.0549	2.1994	2.8862	1.6969	2.3551	-2.7166	0.92186	-1.1047	0.88138	2.3848	-0.79356
-0.15891	-0.90886	0.72686	0.81892	1.2425	3.757	-2.6817	-0.18106	0.27937	1.136	0.96963	2.062	1.1694	0.68205	-3.2989	3.5471	0.88211	0.81103	0.44589	-3.0533	-0.45962	0.69296	-0.10173	0.75046	-1.2221
-1.4575	-1.7598	1.9612	1.53	1.3415	5.3668	-4.0192	0.70338	1.5735	1.232	-0.2631	2.0698	0.44973	-0.72086	-4.8312	5.3657	-0.55191	-0.43889	-1.1236	-3.6831	-2.3273	2.212	-0.78974	-0.76497	-1.5075
-2.736	-2.8317	3.706	2.302	1.3915	6.8982	-5.3998	1.6373	2.7367	1.722	-1.3836	2.5957	0.1982	-2.2947	-6.1444	6.9287	-2.3407	-1.4481	-3.0152	-4.1291	-4.4709	3.6686	-1.5656	-2.2241	-2.3501
-4.0156	-4.0385	4.8977	3.035	1.2892	8.7507	-6.5075	2.421	3.8395	2.1868	-2.8594	3.0027	-0.29176	-3.7175	-7.5754	8.5418	-3.7155	-2.6462	-4.7651	-4.3338	-6.149	5.1556	-2.7938	-3.7053	-3.1244
-5.2266	-5.0985	6.7547	3.6045	1.1581	10.15	-8.1662	3.6554	4.8387	2.4915	-4.1372	2.9471	-1.3165	-5.4005	-8.6913	9.9672	-5.2662	-3.7729	-5.9086	-4.5812	-8.0369	6.957	-4.0649	-5.0347	-4.0396
