0.233546 0.237276 0.254980 0.247219 0.190397 0.209776 0.152399 0.198129 0.256614 0.255451 0.198211 0.208117 0.188756 0.208766 0.233565 0.254019 0.238138 0.184682 0.194011 0.221024 0.194023 0.264533 0.250157 0.242184 0.175757 0.255502 0.165777 0.198107 0.167263 0.227818 0.258155 0.211152 0.231903 0.197201 0.231342 0.191177 0.204435 0.228065 0.324681 0.198690
0.162971 0.178325 0.142850 0.137754 0.119825 0.161069 0.112609 0.123677 0.131495 0.156534 0.095661 0.159477 0.087859 0.135096 0.113730 0.146245 0.109026 0.123491 0.117476 0.112070 0.085724 0.118921 0.130021 0.152126 0.112397 0.168832 0.120584 0.167223 0.108977 0.151904 0.124938 0.181495 0.108290 0.105962 0.142789 0.174923 0.150517 0.136292 0.225896 0.134987
0.139636 0.167580 0.110546 0.191133 0.133883 0.175575 0.155958 0.132745 0.190563 0.077863 0.154117 0.150928 0.125549 0.157141 0.171968 0.162806 0.181956 0.120543 0.131228 0.108947 0.102244 0.180200 0.092997 0.166657 0.134377 0.112742 0.138741 0.146934 0.097919 0.137036 0.169949 0.141479 0.176398 0.141845 0.121629 0.120466 0.146322 0.163560 0.184626 0.170137
0.146708 0.143474 0.121811 0.109539 0.140936 0.137506 0.072665 0.153850 0.113463 0.095473 0.065364 0.109193 0.123330 0.069512 0.133324 0.149474 0.062580 0.117479 0.085750 0.078786 0.107001 0.139804 0.091067 0.093583 0.058095 0.057543 0.119910 0.083361 0.042549 0.129468 0.125583 0.094253 0.061315 0.107257 0.071234 0.098020 0.128548 0.102746 0.142903 0.084570
0.091128 0.128780 0.155710 0.136702 0.098090 0.154127 0.108716 0.078736 0.118014 0.102026 0.109062 0.138025 0.102681 0.123146 0.073959 0.138821 0.142044 0.082611 0.120692 0.123502 0.067018 0.110717 0.090498 0.145913 0.098693 0.128834 0.099812 0.173897 0.126396 0.119669 0.102763 0.168408 0.120630 0.114485 0.082951 0.133599 0.189216 0.143392 0.152605 0.146334
0.074787 0.103145 0.072196 0.080622 0.097250 0.061549 0.122658 0.070983 0.143437 0.051204 0.094278 0.155377 0.029055 0.122328 0.077790 0.127980 0.139905 0.079527 0.139197 0.045888 0.072665 0.132465 0.110842 0.130738 0.080044 0.098876 0.075261 0.111108 0.097084 0.072676 0.157766 0.110590 0.118369 0.063400 0.129055 0.117159 0.076144 0.121489 0.140608 0.128648
0.191299 0.216776 0.192207 0.218550 0.217097 0.213454 0.230792 0.237241 0.288977 0.246129 0.223317 0.201869 0.222453 0.190634 0.232648 0.224744 0.187100 0.145283 0.187997 0.173490 0.171281 0.201953 0.210079 0.222108 0.195438 0.186374 0.196796 0.184318 0.170094 0.198856 0.248415 0.163245 0.238332 0.207426 0.180182 0.190448 0.243816 0.219726 0.280569 0.238077
0.172149 0.176598 0.203921 0.198291 0.240673 0.265306 0.276185 0.224468 0.341464 0.258287 0.213504 0.251100 0.190587 0.221622 0.217012 0.226974 0.178595 0.150646 0.148341 0.155376 0.182996 0.239789 0.210543 0.215595 0.177218 0.181616 0.168577 0.210595 0.195533 0.209944 0.248226 0.191606 0.236230 0.151652 0.148992 0.176451 0.170434 0.168770 0.291650 0.229634
0.198291 0.244836 0.248699 0.276523 0.246720 0.256529 0.296682 0.291719 0.367353 0.246594 0.333546 0.304582 0.257922 0.300143 0.296106 0.292830 0.233230 0.210767 0.212523 0.231130 0.221655 0.294094 0.258946 0.286561 0.274230 0.238902 0.226273 0.251473 0.272175 0.214466 0.324609 0.243279 0.303244 0.236507 0.275701 0.270351 0.248871 0.266657 0.349893 0.311214
0.252558 0.266265 0.250699 0.270345 0.260893 0.315980 0.293084 0.314668 0.361483 0.274571 0.266821 0.291649 0.254148 0.299605 0.310561 0.310376 0.239964 0.218859 0.232400 0.208922 0.246208 0.292022 0.267801 0.264466 0.227868 0.264174 0.249560 0.253319 0.202716 0.275333 0.311856 0.241282 0.284943 0.252966 0.215211 0.284247 0.259343 0.225063 0.405865 0.280496
0.267602 0.315761 0.252111 0.312883 0.265719 0.254019 0.251477 0.215636 0.350839 0.270782 0.320393 0.389922 0.290783 0.323505 0.302500 0.333124 0.304100 0.245255 0.258076 0.255960 0.257343 0.351151 0.273496 0.299548 0.313468 0.300674 0.288064 0.265662 0.248274 0.302519 0.291554 0.322057 0.318337 0.353609 0.400193 0.340385 0.319496 0.289922 0.373899 0.315497
0.243291 0.265488 0.256578 0.294435 0.226219 0.254263 0.216540 0.208372 0.288514 0.290178 0.308139 0.343706 0.293815 0.284925 0.287310 0.296989 0.248888 0.213697 0.230245 0.254961 0.226907 0.307036 0.248619 0.319255 0.272209 0.266859 0.244662 0.267526 0.246843 0.258005 0.276689 0.293449 0.324154 0.331327 0.332826 0.254888 0.275129 0.228245 0.329343 0.278135
0.240494 0.272418 0.269190 0.294461 0.216832 0.229541 0.233748 0.212262 0.286846 0.271255 0.322441 0.321549 0.282339 0.301154 0.298438 0.324040 0.242408 0.235144 0.251956 0.244590 0.231566 0.327636 0.262646 0.299265 0.274438 0.260069 0.292457 0.253115 0.228090 0.242348 0.267782 0.286516 0.323368 0.322312 0.325424 0.280731 0.285022 0.226398 0.333699 0.242633
0.313328 0.345160 0.301469 0.350254 0.262508 0.263290 0.292586 0.250316 0.375854 0.261846 0.330941 0.296050 0.316694 0.375074 0.322970 0.381776 0.332234 0.255447 0.312042 0.288593 0.248644 0.376415 0.293474 0.310975 0.365638 0.312516 0.364477 0.289590 0.208084 0.274756 0.304613 0.305223 0.299257 0.339526 0.403882 0.334695 0.355516 0.332652 0.366218 0.285809
0.183149 0.213496 0.196379 0.201227 0.132852 0.162844 0.158380 0.166268 0.227415 0.220971 0.188714 0.211504 0.203512 0.141826 0.149296 0.266595 0.160656 0.124259 0.157814 0.170885 0.149079 0.216765 0.194965 0.214174 0.114644 0.183436 0.168380 0.177616 0.165062 0.172096 0.187526 0.193507 0.188439 0.167148 0.139119 0.182972 0.189140 0.172382 0.233224 0.177714
0.165163 0.143693 0.194556 0.200218 0.171550 0.135058 0.116740 0.171483 0.186995 0.115836 0.160102 0.145005 0.155003 0.224083 0.204668 0.232847 0.246485 0.147824 0.134095 0.194629 0.152649 0.172344 0.194768 0.158691 0.197746 0.184270 0.178408 0.113100 0.147901 0.154766 0.181671 0.100533 0.144710 0.174629 0.212870 0.179212 0.144502 0.218279 0.203775 0.198990
0.087419 0.110668 0.121490 0.149115 0.127897 0.154110 0.101694 0.122291 0.166374 0.094389 0.166891 0.163386 0.120080 0.201285 0.129384 0.132576 0.098077 0.106853 0.141775 0.121296 0.088986 0.144668 0.070808 0.146428 0.135186 0.089927 0.151164 0.124148 0.085974 0.096482 0.102469 0.169303 0.164188 0.159307 0.128090 0.180391 0.114520 0.040595 0.141100 0.141672
0.258479 0.304061 0.253979 0.266754 0.238431 0.239791 0.216896 0.184911 0.253066 0.228001 0.203371 0.275400 0.214226 0.275403 0.252650 0.335046 0.305172 0.226714 0.276047 0.201001 0.199919 0.275098 0.234765 0.268039 0.222126 0.277248 0.236666 0.235593 0.194486 0.253941 0.249849 0.245062 0.273025 0.249216 0.288979 0.291965 0.288564 0.277089 0.333737 0.262791
0.122889 0.196972 0.153591 0.174852 0.174187 0.130005 0.115759 0.131148 0.093535 0.172881 0.093753 0.154140 0.141373 0.145046 0.147164 0.207783 0.217784 0.163090 0.134189 0.100465 0.149944 0.185264 0.161920 0.136448 0.129341 0.155171 0.141472 0.104745 0.111177 0.168392 0.141045 0.109073 0.138906 0.144012 0.162886 0.159372 0.195207 0.189741 0.201800 0.197601
0.182253 0.192567 0.198291 0.188197 0.095893 0.202462 0.156592 0.143504 0.212214 0.199739 0.182527 0.169445 0.114142 0.161521 0.175759 0.223343 0.138146 0.104088 0.184204 0.182757 0.162643 0.262396 0.233556 0.236061 0.141254 0.196575 0.140193 0.149551 0.144701 0.153472 0.206774 0.174288 0.178500 0.217994 0.185770 0.168881 0.153407 0.106609 0.181991 0.135864
0.218796 0.175052 0.185759 0.190195 0.135177 0.159156 0.125023 0.140368 0.134745 0.153187 0.160960 0.114932 0.072103 0.156124 0.202632 0.212483 0.176325 0.124561 0.155635 0.174289 0.148993 0.213436 0.221175 0.160380 0.154742 0.142728 0.162348 0.076300 0.112953 0.139411 0.150584 0.095750 0.146495 0.212141 0.188395 0.153127 0.139820 0.142929 0.154237 0.089772
0.173637 0.149929 0.154194 0.151152 0.076061 0.188580 0.163361 0.103750 0.166915 0.173163 0.132497 0.178560 0.087057 0.123597 0.136961 0.197892 0.114892 0.090160 0.141655 0.136201 0.114499 0.203749 0.210948 0.180017 0.117955 0.168367 0.111780 0.143295 0.123606 0.145142 0.149350 0.155139 0.160838 0.170260 0.141643 0.160202 0.111445 0.062034 0.179076 0.098946
0.117356 0.131271 0.104561 0.121331 0.098578 0.071693 0.088924 0.095650 0.141859 0.118532 0.055734 0.177573 0.091694 0.095466 0.115585 0.136346 0.106031 0.118283 0.054055 0.044628 0.093749 0.138462 0.121304 0.098071 0.051230 0.137513 0.091443 0.103951 0.068650 0.138041 0.085970 0.142250 0.121194 0.069393 0.136678 0.072994 0.071768 0.075580 0.180973 0.108110
0.265058 0.269058 0.246300 0.305483 0.199986 0.224980 0.231826 0.195673 0.286539 0.268259 0.236371 0.326079 0.229801 0.258284 0.247291 0.306936 0.277730 0.214535 0.252397 0.214719 0.247683 0.329504 0.278729 0.302910 0.281174 0.241915 0.280474 0.257438 0.216819 0.230063 0.280518 0.275691 0.294755 0.269358 0.335036 0.189902 0.266363 0.236849 0.262876 0.246654
0.150937 0.118702 0.099798 0.139075 0.126332 0.099256 0.171257 0.070326 0.158026 0.157439 0.129976 0.154611 0.134433 0.166044 0.120359 0.132513 0.165038 0.121720 0.111197 0.151991 0.103809 0.164109 0.143380 0.136294 0.181250 0.140146 0.117595 0.124749 0.139791 0.106482 0.176107 0.170566 0.177386 0.156145 0.192154 0.174510 0.142019 0.121013 0.178409 0.130547
0.201135 0.225716 0.217337 0.261710 0.145293 0.163710 0.186290 0.132045 0.234695 0.190319 0.171781 0.238567 0.192860 0.252247 0.253465 0.233105 0.265673 0.125664 0.211739 0.154117 0.193349 0.235866 0.222701 0.240027 0.271095 0.220024 0.251403 0.206400 0.179273 0.187861 0.219349 0.185545 0.235145 0.161047 0.265803 0.145513 0.179537 0.190271 0.210204 0.168895
0.128835 0.163001 0.132790 0.188904 0.131780 0.173421 0.163627 0.163009 0.212553 0.121590 0.224032 0.173617 0.122059 0.265473 0.233231 0.179356 0.211178 0.172314 0.145281 0.180740 0.129195 0.182207 0.140867 0.189328 0.184279 0.174218 0.128714 0.161761 0.133201 0.153365 0.155989 0.168606 0.223311 0.173477 0.197888 0.228844 0.144683 0.143893 0.242396 0.202224
0.164407 0.159145 0.147599 0.130994 0.129175 0.099839 0.055915 0.137250 0.181991 0.135307 0.077112 0.143378 0.158643 0.139146 0.144085 0.176811 0.183189 0.125265 0.128983 0.096773 0.114619 0.149927 0.128898 0.133875 0.104025 0.147899 0.136481 0.135285 0.080998 0.157090 0.153873 0.115358 0.148378 0.063796 0.162191 0.087177 0.128789 0.170977 0.167993 0.145472
0.190186 0.198394 0.191520 0.154333 0.178950 0.198458 0.194063 0.094152 0.185524 0.222793 0.176573 0.236560 0.143640 0.145691 0.124338 0.213063 0.170445 0.220559 0.183628 0.165146 0.161624 0.257854 0.176573 0.221327 0.171846 0.184206 0.149595 0.202643 0.200741 0.185959 0.250578 0.206096 0.201639 0.207012 0.235923 0.191587 0.265181 0.224683 0.230568 0.234664
0.060917 0.139559 0.089193 0.139075 0.009894 0.111267 0.099365 0.072285 0.171974 0.087892 0.144009 0.134031 0.074403 0.145137 0.176448 0.101375 0.135547 0.045607 0.140619 0.093094 0.118949 0.146277 0.140444 0.162329 0.171922 0.120438 0.090501 0.118941 0.095855 0.070231 0.174179 0.161663 0.185294 0.103155 0.162344 0.111013 0.116138 0.101047 0.128882 0.092124
0.186704 0.169582 0.205978 0.231428 0.135940 0.187913 0.184747 0.115312 0.244244 0.233770 0.184872 0.286317 0.176011 0.178336 0.218521 0.187641 0.174083 0.143838 0.156553 0.156822 0.193250 0.239331 0.213447 0.243931 0.198025 0.215117 0.152762 0.215130 0.225523 0.209738 0.256002 0.241370 0.268989 0.186498 0.245824 0.122294 0.149530 0.139772 0.230293 0.188744
0.189234 0.224082 0.176412 0.249357 0.167905 0.190025 0.193589 0.144294 0.252252 0.242546 0.213753 0.236687 0.184107 0.214095 0.230491 0.228028 0.169744 0.158317 0.208232 0.149956 0.231407 0.246285 0.250486 0.233310 0.233433 0.196368 0.175090 0.190833 0.216748 0.198372 0.291334 0.248447 0.267444 0.228450 0.301073 0.173819 0.218271 0.209205 0.229722 0.203389
0.210818 0.208512 0.219643 0.249921 0.175123 0.209991 0.188393 0.136491 0.271439 0.247827 0.219123 0.301108 0.208293 0.217596 0.227911 0.221041 0.188305 0.157315 0.194071 0.174870 0.191407 0.260991 0.206580 0.268991 0.206172 0.211877 0.188456 0.217690 0.231436 0.226821 0.268116 0.262486 0.286217 0.230078 0.267372 0.154153 0.180096 0.140280 0.232360 0.211577
0.300577 0.358576 0.256365 0.326535 0.249278 0.266827 0.277110 0.250943 0.335814 0.260815 0.306841 0.329510 0.262780 0.306013 0.283033 0.333689 0.288891 0.275390 0.278184 0.220028 0.260369 0.325635 0.272244 0.275523 0.306835 0.309497 0.271164 0.281346 0.258024 0.270140 0.351220 0.316040 0.304663 0.341843 0.401682 0.396396 0.356276 0.341101 0.416625 0.332522
0.280390 0.353705 0.240091 0.326594 0.275678 0.254525 0.269474 0.241484 0.341690 0.233844 0.330845 0.307929 0.275229 0.355910 0.274101 0.338852 0.310072 0.247421 0.297192 0.240182 0.227562 0.312334 0.237168 0.292003 0.320824 0.295538 0.304660 0.278719 0.235079 0.247568 0.315590 0.310001 0.297502 0.361536 0.384580 0.423548 0.353075 0.351885 0.385636 0.333103
0.243254 0.330794 0.177900 0.272501 0.231914 0.200645 0.238394 0.175740 0.253523 0.199212 0.249333 0.227662 0.194838 0.248458 0.188180 0.282629 0.256226 0.210625 0.269089 0.159770 0.208111 0.279368 0.211224 0.220900 0.255711 0.225320 0.249223 0.217496 0.186161 0.192873 0.282082 0.241309 0.212540 0.294038 0.334672 0.366125 0.332649 0.346643 0.297817 0.265624
0.188924 0.298631 0.190186 0.241509 0.213639 0.246347 0.179755 0.168295 0.231242 0.197902 0.174610 0.217944 0.183849 0.224040 0.204459 0.264667 0.239695 0.206037 0.221026 0.156426 0.179182 0.213288 0.192465 0.228033 0.215878 0.253416 0.172917 0.202524 0.192248 0.210003 0.254204 0.201981 0.230720 0.226083 0.219620 0.325656 0.272152 0.324801 0.316384 0.306142
0.228013 0.294491 0.186044 0.257579 0.204158 0.237448 0.211214 0.191537 0.197138 0.206896 0.206599 0.189577 0.152978 0.260366 0.223094 0.255346 0.251732 0.198189 0.228915 0.190403 0.168844 0.196911 0.213537 0.249146 0.194565 0.256583 0.176802 0.212050 0.196343 0.217099 0.260211 0.199483 0.219107 0.269434 0.244858 0.351870 0.273786 0.287478 0.346130 0.290430
0.266767 0.310071 0.253896 0.233091 0.240030 0.281481 0.200648 0.198002 0.211055 0.263678 0.164451 0.248545 0.170281 0.192030 0.198231 0.288190 0.258685 0.244062 0.251541 0.169344 0.186901 0.260877 0.248853 0.234255 0.194229 0.245594 0.184413 0.203956 0.171751 0.243007 0.270480 0.178322 0.207066 0.293376 0.238237 0.282963 0.313444 0.303108 0.311868 0.279296
0.212483 0.279791 0.173743 0.214366 0.199514 0.279867 0.181066 0.168003 0.231258 0.204938 0.199798 0.214632 0.153961 0.228527 0.217645 0.236376 0.232073 0.215971 0.215977 0.163495 0.154011 0.208035 0.189015 0.220366 0.193803 0.220212 0.134222 0.215029 0.146147 0.198031 0.251124 0.174520 0.219260 0.215594 0.239984 0.303221 0.221507 0.298019 0.334573 0.263608
