0.227916 0.231599 0.248816 0.241294 0.186124 0.204969 0.149038 0.193444 0.250641 0.249216 0.193514 0.203381 0.184317 0.203864 0.227979 0.248041 0.232310 0.180206 0.189432 0.215560 0.189484 0.258287 0.244162 0.236471 0.171606 0.249407 0.161958 0.193546 0.163474 0.222618 0.252069 0.206352 0.226523 0.192689 0.225730 0.186884 0.199785 0.222479 0.317060 0.194127
0.158610 0.173632 0.139415 0.134418 0.116713 0.157037 0.109935 0.120497 0.128374 0.152507 0.093419 0.155575 0.085776 0.131795 0.111070 0.142767 0.106421 0.120369 0.114485 0.109303 0.083757 0.116095 0.126870 0.148314 0.109659 0.164512 0.117524 0.162984 0.106329 0.148021 0.121787 0.176884 0.105783 0.103364 0.139242 0.170577 0.146636 0.132757 0.220233 0.131593
0.136238 0.163548 0.108150 0.186360 0.130777 0.171232 0.151982 0.129511 0.186114 0.076334 0.150374 0.147443 0.122524 0.153461 0.167600 0.158928 0.177699 0.117498 0.128289 0.106276 0.100005 0.176011 0.091039 0.162687 0.131170 0.110278 0.135377 0.143414 0.095782 0.133852 0.165982 0.138313 0.172211 0.138454 0.118933 0.117485 0.142977 0.159653 0.180137 0.166200
0.142786 0.139774 0.119003 0.106576 0.137386 0.134088 0.070640 0.149791 0.110787 0.093307 0.063843 0.106403 0.120157 0.067900 0.129588 0.145704 0.061240 0.114291 0.083840 0.076762 0.104416 0.136479 0.088942 0.091402 0.056726 0.056312 0.116852 0.081299 0.041678 0.126184 0.122535 0.092085 0.059949 0.104657 0.069658 0.095358 0.125580 0.100273 0.139044 0.082736
0.089194 0.125936 0.152228 0.133555 0.096019 0.150827 0.106228 0.077215 0.115709 0.099850 0.106675 0.134882 0.100489 0.120387 0.072526 0.135861 0.138638 0.080791 0.118001 0.120585 0.065833 0.108564 0.088657 0.142713 0.096568 0.125900 0.097666 0.169768 0.123445 0.117024 0.100759 0.164489 0.117971 0.112049 0.081214 0.130609 0.184710 0.140017 0.149233 0.143108
0.073225 0.100869 0.070573 0.079035 0.095050 0.060211 0.119786 0.069426 0.140210 0.050167 0.092148 0.151823 0.028658 0.119599 0.076256 0.124937 0.136779 0.077683 0.135860 0.044961 0.071087 0.129394 0.108212 0.127645 0.078352 0.096728 0.073616 0.108562 0.094914 0.071241 0.154018 0.108164 0.115788 0.062037 0.126087 0.114375 0.074482 0.118683 0.137462 0.125708
0.186201 0.210808 0.186811 0.212388 0.210857 0.207513 0.223821 0.230642 0.280810 0.239101 0.216848 0.195971 0.216458 0.185011 0.226037 0.218514 0.181961 0.141251 0.182845 0.168727 0.166312 0.196574 0.204184 0.215977 0.190061 0.181294 0.191344 0.179291 0.165194 0.193418 0.241693 0.158945 0.231648 0.201826 0.175421 0.185189 0.237192 0.213673 0.272685 0.231499
0.167228 0.171592 0.198074 0.192662 0.233638 0.257665 0.267857 0.217910 0.331692 0.250540 0.207216 0.243834 0.185288 0.215012 0.210723 0.220396 0.173628 0.146222 0.144126 0.150864 0.177560 0.233191 0.204392 0.209442 0.172188 0.176567 0.163846 0.204748 0.189769 0.204042 0.241158 0.186396 0.229379 0.147384 0.144858 0.171492 0.165558 0.164017 0.283425 0.223072
0.192937 0.238168 0.241709 0.268870 0.239681 0.249288 0.288042 0.283461 0.356968 0.239521 0.324186 0.296040 0.250873 0.291607 0.288042 0.284603 0.226939 0.204879 0.206687 0.224772 0.215277 0.286021 0.251778 0.278636 0.266665 0.232447 0.219987 0.244594 0.264542 0.208615 0.315706 0.236712 0.294892 0.230018 0.268261 0.262989 0.242031 0.259375 0.340429 0.302557
0.245964 0.259183 0.244121 0.262972 0.253708 0.307432 0.284774 0.306043 0.351665 0.267024 0.259463 0.283714 0.247455 0.291341 0.302079 0.302060 0.233773 0.212831 0.226266 0.203326 0.239388 0.284397 0.260567 0.257414 0.221754 0.257303 0.242820 0.246661 0.197349 0.268112 0.303643 0.235131 0.277366 0.246236 0.209737 0.276629 0.252517 0.219166 0.394978 0.272989
0.260830 0.307832 0.245766 0.304833 0.258812 0.247532 0.244804 0.210085 0.341549 0.263886 0.312082 0.379718 0.283167 0.315044 0.294839 0.324503 0.296242 0.238984 0.251391 0.249349 0.250601 0.342005 0.266578 0.291833 0.305083 0.293015 0.280381 0.258816 0.241936 0.294694 0.284051 0.313702 0.310262 0.344423 0.389685 0.331570 0.311126 0.282517 0.364393 0.307444
0.237411 0.259114 0.250127 0.286967 0.220522 0.248103 0.210935 0.203250 0.281340 0.282822 0.300257 0.334790 0.286212 0.277539 0.279973 0.289655 0.242752 0.208252 0.224525 0.248613 0.221082 0.299381 0.242690 0.311108 0.265154 0.260317 0.238394 0.260579 0.240561 0.251639 0.269876 0.285976 0.315854 0.323082 0.324385 0.248809 0.268439 0.222759 0.321096 0.271295
0.234859 0.265889 0.262507 0.287026 0.211473 0.224248 0.227926 0.207136 0.279862 0.264560 0.314207 0.313478 0.275214 0.293499 0.290768 0.316155 0.236607 0.229171 0.245633 0.238643 0.225646 0.319563 0.256359 0.291805 0.267425 0.253767 0.284917 0.246786 0.222533 0.236588 0.261343 0.279399 0.315165 0.314314 0.317272 0.273969 0.278140 0.220973 0.325417 0.236909
0.305166 0.336212 0.293633 0.341040 0.255747 0.256741 0.284864 0.243918 0.366042 0.255141 0.322275 0.288614 0.308386 0.365202 0.314560 0.371767 0.323510 0.248738 0.303781 0.280962 0.242146 0.366626 0.285981 0.303037 0.355650 0.304500 0.354644 0.282159 0.202988 0.267908 0.296923 0.297419 0.291734 0.330757 0.393066 0.326020 0.346108 0.323833 0.357017 0.278613
0.178897 0.208169 0.191685 0.196231 0.129620 0.159312 0.154395 0.162186 0.221912 0.215493 0.184027 0.206337 0.198315 0.138370 0.145821 0.260010 0.156849 0.121405 0.154155 0.166787 0.145500 0.211718 0.190263 0.209059 0.112153 0.179136 0.164137 0.173495 0.160986 0.168121 0.183142 0.188878 0.183949 0.163433 0.136052 0.178676 0.184790 0.168179 0.227576 0.173436
0.160746 0.139940 0.189317 0.194921 0.166959 0.131600 0.113735 0.166916 0.182035 0.112790 0.156093 0.141534 0.150955 0.218092 0.199308 0.226348 0.239825 0.143854 0.130417 0.189318 0.148518 0.167958 0.189420 0.154585 0.192261 0.179488 0.173485 0.110223 0.144172 0.150796 0.176940 0.098169 0.141208 0.170104 0.207015 0.174447 0.140691 0.212278 0.198680 0.193699
0.085549 0.108294 0.118847 0.145386 0.124814 0.150554 0.099260 0.119267 0.162537 0.092359 0.162695 0.159364 0.117300 0.196134 0.126164 0.129719 0.095827 0.104093 0.138280 0.118361 0.086937 0.141272 0.069420 0.143076 0.131762 0.087986 0.147364 0.121237 0.084157 0.094421 0.100331 0.165187 0.160072 0.155418 0.124922 0.175836 0.111951 0.040015 0.137767 0.138288
0.252009 0.296552 0.247689 0.260233 0.232688 0.234071 0.211605 0.180591 0.247112 0.222458 0.198515 0.268816 0.208882 0.268752 0.246535 0.326694 0.297555 0.221084 0.269176 0.195985 0.195214 0.268447 0.229096 0.261520 0.216572 0.270586 0.230656 0.229870 0.189873 0.247910 0.243995 0.239324 0.266535 0.243357 0.281845 0.284970 0.281411 0.270149 0.325794 0.256506
0.119916 0.192075 0.149716 0.170361 0.170048 0.127071 0.112901 0.127918 0.091566 0.168552 0.091680 0.150409 0.137844 0.141536 0.143586 0.202542 0.212065 0.158929 0.130868 0.098020 0.146290 0.180804 0.157829 0.133228 0.126024 0.151361 0.137865 0.102288 0.108519 0.164370 0.137759 0.106718 0.135668 0.140788 0.158796 0.155536 0.190529 0.184910 0.196857 0.192651
0.178257 0.188172 0.193845 0.183924 0.094119 0.198028 0.153093 0.140347 0.207423 0.195164 0.178322 0.165758 0.111751 0.157906 0.171680 0.218362 0.135163 0.101870 0.180058 0.178466 0.158927 0.256213 0.228120 0.230559 0.138168 0.192026 0.137158 0.146324 0.141524 0.150199 0.202095 0.170394 0.174471 0.213001 0.181508 0.165159 0.150134 0.104443 0.178010 0.133011
0.213419 0.170827 0.181190 0.185590 0.131940 0.155335 0.122154 0.136996 0.131659 0.149661 0.157092 0.112440 0.070581 0.152389 0.197582 0.207313 0.172017 0.121559 0.151976 0.169980 0.145355 0.208230 0.215798 0.156585 0.150984 0.139400 0.158384 0.074726 0.110363 0.136183 0.147113 0.093657 0.143066 0.206934 0.183835 0.149493 0.136530 0.139413 0.150676 0.087829
0.169752 0.146598 0.150858 0.147942 0.074617 0.184262 0.159650 0.101528 0.163216 0.169287 0.129642 0.174547 0.085240 0.121032 0.134043 0.193426 0.112540 0.088234 0.138591 0.133222 0.112047 0.199065 0.206150 0.175988 0.115525 0.164608 0.109450 0.140118 0.120977 0.141966 0.146112 0.151682 0.157310 0.166489 0.138634 0.156704 0.109134 0.060968 0.175150 0.096917
0.114582 0.128117 0.102110 0.118591 0.096371 0.070085 0.086942 0.093375 0.138658 0.115634 0.054594 0.173381 0.089564 0.093447 0.112965 0.133009 0.103833 0.115351 0.053037 0.043768 0.091584 0.135195 0.118318 0.095868 0.050321 0.134312 0.089360 0.101579 0.067263 0.134818 0.084172 0.138913 0.118494 0.067842 0.133483 0.071424 0.070207 0.074067 0.176653 0.105747
0.258340 0.262368 0.239827 0.297504 0.194922 0.219312 0.225647 0.190723 0.279284 0.261188 0.230278 0.317483 0.223657 0.251397 0.240935 0.298977 0.270483 0.208791 0.245902 0.209212 0.241146 0.321015 0.271644 0.294949 0.273610 0.235772 0.273019 0.250551 0.211131 0.224284 0.273298 0.268622 0.287017 0.262634 0.326254 0.185272 0.259673 0.230853 0.256163 0.240390
0.146933 0.115764 0.097281 0.135603 0.123136 0.096716 0.166621 0.068719 0.153760 0.153154 0.126667 0.150524 0.130805 0.161694 0.117180 0.129150 0.160866 0.118426 0.108396 0.147914 0.101030 0.159634 0.139552 0.132734 0.176221 0.136506 0.114694 0.121484 0.136133 0.103773 0.171220 0.165837 0.172695 0.152277 0.186985 0.170134 0.138332 0.117769 0.173817 0.127163
0.195715 0.219658 0.211141 0.254584 0.141402 0.159506 0.181271 0.128617 0.228499 0.185022 0.167058 0.232194 0.187269 0.245367 0.246714 0.226670 0.258466 0.122250 0.205920 0.149960 0.188037 0.229535 0.216919 0.233446 0.263549 0.214155 0.244198 0.200671 0.174398 0.182928 0.213450 0.180833 0.228888 0.156943 0.258650 0.142032 0.174706 0.185153 0.204764 0.164617
0.126018 0.159389 0.129814 0.184393 0.128776 0.169277 0.159800 0.158965 0.207581 0.118982 0.218428 0.169707 0.119330 0.258942 0.227586 0.175282 0.206289 0.168026 0.141845 0.176320 0.126095 0.177849 0.137681 0.184899 0.179820 0.170247 0.125622 0.157994 0.130298 0.150025 0.152488 0.164727 0.217969 0.169255 0.193165 0.223304 0.141400 0.140653 0.236776 0.197426
0.160344 0.155314 0.143927 0.127891 0.126306 0.097721 0.054817 0.133907 0.177840 0.131929 0.075499 0.140099 0.154711 0.135954 0.140700 0.172483 0.178572 0.122143 0.125902 0.094478 0.112041 0.146511 0.125776 0.130894 0.101480 0.144486 0.133080 0.132088 0.079313 0.153560 0.150360 0.113003 0.144985 0.062739 0.158100 0.085330 0.125968 0.166688 0.164165 0.142142
0.185270 0.193605 0.186780 0.150577 0.174522 0.193540 0.188992 0.091999 0.180982 0.217057 0.172306 0.230593 0.140139 0.142035 0.121340 0.207865 0.166210 0.214861 0.178976 0.160936 0.157576 0.251355 0.172181 0.215630 0.167432 0.179553 0.145892 0.197442 0.195516 0.181328 0.244050 0.200767 0.196433 0.201983 0.229826 0.186780 0.258429 0.218917 0.224765 0.228674
0.059709 0.136269 0.087238 0.135834 0.009998 0.108820 0.097178 0.070767 0.167730 0.085839 0.140590 0.131001 0.072779 0.141640 0.172140 0.099242 0.132278 0.044761 0.137263 0.090896 0.116069 0.142690 0.137078 0.158462 0.167754 0.117502 0.088362 0.116267 0.093757 0.068679 0.169901 0.157767 0.180795 0.100798 0.158444 0.108594 0.113454 0.098703 0.126020 0.090154
0.182094 0.165540 0.200659 0.225635 0.132519 0.183282 0.179880 0.112599 0.238091 0.227563 0.180103 0.278787 0.171241 0.173667 0.213010 0.182918 0.169845 0.140104 0.152731 0.152975 0.188188 0.233255 0.208246 0.237548 0.192955 0.209762 0.148870 0.209397 0.219497 0.204384 0.249232 0.235166 0.261925 0.181961 0.239573 0.119677 0.145933 0.136501 0.224539 0.184115
0.184482 0.218544 0.171779 0.242947 0.163445 0.185294 0.188295 0.140688 0.245562 0.236152 0.208160 0.230346 0.179006 0.208228 0.224463 0.222041 0.165466 0.154127 0.202801 0.146085 0.225123 0.239918 0.244126 0.227095 0.227144 0.191377 0.170396 0.185604 0.210788 0.193092 0.283509 0.241663 0.260305 0.222727 0.293107 0.169569 0.212678 0.203871 0.223755 0.198122
0.205714 0.203582 0.214161 0.243717 0.170832 0.205014 0.183549 0.133383 0.264824 0.241415 0.213597 0.293358 0.202862 0.212007 0.222212 0.215657 0.183770 0.153343 0.189392 0.170673 0.186591 0.254597 0.201702 0.262160 0.201018 0.206749 0.183777 0.212085 0.225383 0.221164 0.261311 0.255926 0.278843 0.224574 0.260652 0.150755 0.175901 0.137165 0.226677 0.206531
0.292842 0.349362 0.250052 0.318165 0.242933 0.260221 0.269835 0.244477 0.327135 0.254322 0.299027 0.321141 0.255969 0.298268 0.276026 0.325165 0.281730 0.268286 0.271098 0.214528 0.253747 0.317327 0.265495 0.268674 0.298762 0.301677 0.263954 0.274115 0.251626 0.263379 0.342234 0.307918 0.297185 0.333048 0.391176 0.386053 0.347019 0.332294 0.406079 0.324057
0.273168 0.344622 0.234144 0.318131 0.268525 0.248209 0.262364 0.235252 0.332824 0.228034 0.322285 0.300156 0.268146 0.346743 0.267089 0.330168 0.302267 0.241005 0.289456 0.234020 0.221763 0.304420 0.231286 0.284648 0.312229 0.288043 0.296493 0.271564 0.229292 0.241401 0.307586 0.302047 0.290121 0.352114 0.374409 0.412361 0.343858 0.342691 0.375837 0.324650
0.236761 0.322081 0.173455 0.265282 0.225840 0.195663 0.231919 0.171199 0.246796 0.194143 0.242810 0.221778 0.189695 0.242015 0.183330 0.275224 0.249624 0.205090 0.261968 0.155588 0.202756 0.272163 0.205798 0.215252 0.248738 0.219432 0.242422 0.211800 0.181368 0.187894 0.274658 0.234951 0.207209 0.286320 0.325582 0.356160 0.323735 0.337338 0.290034 0.258732
0.184051 0.290942 0.185521 0.235289 0.208292 0.240185 0.175142 0.163985 0.225452 0.192975 0.170355 0.212506 0.179156 0.218501 0.199345 0.257954 0.233569 0.200724 0.215403 0.152460 0.174833 0.208098 0.187722 0.222286 0.210251 0.246978 0.168414 0.197426 0.187384 0.204821 0.247730 0.197084 0.225047 0.220563 0.214121 0.317299 0.265310 0.316221 0.308391 0.298211
0.222338 0.287147 0.181716 0.251229 0.199134 0.231593 0.205945 0.186799 0.192473 0.201969 0.201599 0.185133 0.149345 0.254026 0.217669 0.249143 0.245644 0.193266 0.223305 0.185694 0.164835 0.192256 0.208434 0.242968 0.189863 0.250297 0.172435 0.206858 0.191560 0.211782 0.253751 0.194778 0.213997 0.262777 0.239016 0.343041 0.267021 0.280208 0.337629 0.283168
0.259721 0.302016 0.247385 0.227132 0.233994 0.274188 0.195331 0.192820 0.205792 0.256874 0.160444 0.242160 0.165919 0.187204 0.193178 0.280841 0.251938 0.237639 0.245001 0.165068 0.182372 0.254303 0.242437 0.228215 0.189201 0.239384 0.179658 0.198655 0.167506 0.236881 0.263489 0.174075 0.201953 0.285887 0.232220 0.275691 0.305324 0.295161 0.303943 0.272049
0.206872 0.272610 0.169450 0.209007 0.194484 0.272608 0.176533 0.163631 0.225381 0.199758 0.194835 0.209323 0.150025 0.222952 0.212262 0.230457 0.226234 0.210382 0.210469 0.159301 0.150372 0.202890 0.184414 0.214804 0.188861 0.214761 0.130757 0.209542 0.142645 0.193136 0.244666 0.170363 0.213981 0.210270 0.233955 0.295611 0.216012 0.290127 0.326163 0.256781
