0.229826 0.234281 0.250877 0.244024 0.187563 0.206597 0.151101 0.195207 0.252080 0.251583 0.195372 0.205355 0.185967 0.205571 0.229315 0.250179 0.233887 0.182124 0.191553 0.217337 0.191844 0.260412 0.246904 0.239058 0.173703 0.251450 0.163875 0.194908 0.165707 0.225028 0.254676 0.208286 0.228352 0.194453 0.227949 0.189045 0.201762 0.224210 0.318008 0.196517
0.159433 0.174714 0.140921 0.136749 0.117828 0.158295 0.111546 0.122147 0.129704 0.154178 0.095262 0.156734 0.087091 0.133132 0.111695 0.144085 0.107735 0.121512 0.115560 0.110691 0.084932 0.117510 0.128207 0.149775 0.111159 0.166236 0.118631 0.164153 0.107708 0.150022 0.123605 0.178416 0.107354 0.105029 0.141041 0.172152 0.147781 0.133075 0.221071 0.132716
0.137821 0.165404 0.109275 0.187512 0.131840 0.171314 0.153308 0.130716 0.186893 0.077699 0.151780 0.148896 0.123917 0.154409 0.168701 0.160542 0.178446 0.119057 0.129360 0.107540 0.101620 0.177894 0.092656 0.164480 0.133041 0.111646 0.137027 0.145039 0.097366 0.135571 0.167261 0.139760 0.173465 0.140198 0.120501 0.118866 0.143338 0.161530 0.181712 0.167458
0.143717 0.141023 0.119658 0.107567 0.138305 0.133805 0.071273 0.150497 0.111606 0.094299 0.065147 0.107981 0.121332 0.069199 0.129980 0.146967 0.062482 0.115307 0.084873 0.078181 0.105446 0.137808 0.089767 0.092315 0.057889 0.057543 0.118193 0.082372 0.042572 0.127550 0.123651 0.093571 0.061359 0.106000 0.070653 0.096337 0.126483 0.101952 0.139382 0.083916
0.089784 0.127516 0.153216 0.134834 0.096465 0.151086 0.107556 0.078018 0.116687 0.101361 0.108314 0.136392 0.101564 0.121462 0.072975 0.137968 0.140059 0.082119 0.118781 0.121857 0.066874 0.109797 0.090314 0.144323 0.098151 0.127356 0.098919 0.170836 0.124819 0.118791 0.101724 0.165741 0.118783 0.113469 0.082312 0.131616 0.183688 0.140304 0.150384 0.144301
0.074574 0.102168 0.071246 0.080118 0.095674 0.061096 0.120905 0.070622 0.140563 0.051167 0.093209 0.152527 0.029162 0.119759 0.077255 0.125529 0.137234 0.078336 0.136472 0.045670 0.072319 0.130527 0.109314 0.128691 0.079790 0.097488 0.074759 0.109904 0.096143 0.071674 0.154850 0.108806 0.116160 0.063034 0.127384 0.114526 0.075489 0.119585 0.138651 0.125566
0.188362 0.213481 0.188745 0.214633 0.212773 0.209544 0.225509 0.232495 0.282721 0.241099 0.219300 0.198496 0.218399 0.187007 0.227966 0.221539 0.184666 0.143585 0.185068 0.171017 0.168680 0.198653 0.206945 0.218842 0.192452 0.183769 0.193460 0.181530 0.167931 0.196032 0.243726 0.161430 0.234109 0.203887 0.177358 0.187516 0.238956 0.216363 0.274420 0.234263
0.169830 0.174060 0.200328 0.195116 0.235694 0.259472 0.269755 0.220299 0.333390 0.252736 0.209706 0.245909 0.187497 0.217073 0.212675 0.223254 0.175631 0.148456 0.146298 0.153085 0.180419 0.235430 0.207277 0.212342 0.174668 0.178962 0.165835 0.206938 0.192303 0.206773 0.243455 0.188540 0.231896 0.149350 0.147382 0.173500 0.167711 0.166812 0.284996 0.226202
0.195961 0.241024 0.244423 0.271965 0.242339 0.251995 0.290595 0.286620 0.359675 0.242351 0.326711 0.298532 0.252822 0.294212 0.290668 0.287748 0.229912 0.207754 0.209405 0.227460 0.218549 0.289154 0.255446 0.282367 0.269804 0.235578 0.222802 0.247394 0.267400 0.211313 0.318766 0.239273 0.297849 0.232198 0.271166 0.265420 0.245319 0.262469 0.343166 0.305999
0.248833 0.262066 0.246610 0.266205 0.256393 0.309746 0.287343 0.308888 0.354115 0.269447 0.262164 0.286619 0.249760 0.293570 0.304718 0.305393 0.236594 0.215498 0.228836 0.206151 0.242458 0.287328 0.263701 0.260815 0.224940 0.260190 0.245788 0.249534 0.200193 0.271206 0.306775 0.238097 0.280498 0.248717 0.212700 0.279640 0.255639 0.222555 0.397173 0.276479
0.263906 0.310779 0.248595 0.308102 0.261626 0.250115 0.247685 0.212989 0.344261 0.266844 0.314788 0.382409 0.286014 0.317865 0.297554 0.328068 0.299545 0.241467 0.254633 0.252158 0.253490 0.345676 0.269692 0.295429 0.308423 0.296237 0.283184 0.262170 0.244697 0.297886 0.287079 0.316708 0.313234 0.347075 0.392382 0.333831 0.314591 0.285263 0.367571 0.310571
0.239721 0.261844 0.252736 0.289961 0.222783 0.250354 0.213504 0.205300 0.284331 0.285689 0.302571 0.337221 0.288438 0.279847 0.282288 0.293057 0.245665 0.210679 0.227312 0.251215 0.223866 0.302572 0.245556 0.314424 0.268082 0.263227 0.240913 0.263541 0.243097 0.254783 0.272226 0.289107 0.318445 0.325603 0.327124 0.251076 0.271415 0.225032 0.323813 0.274373
0.236899 0.268703 0.264895 0.290218 0.213702 0.226094 0.230586 0.209071 0.282605 0.267324 0.316438 0.316079 0.277462 0.295611 0.293184 0.319337 0.239369 0.231486 0.248393 0.241070 0.228241 0.322442 0.259124 0.294930 0.270465 0.256859 0.287648 0.249651 0.225038 0.239456 0.263831 0.282449 0.317879 0.317035 0.320122 0.276328 0.281111 0.223404 0.328551 0.239750
0.308316 0.339668 0.296802 0.344972 0.258664 0.258928 0.288129 0.246927 0.369067 0.258216 0.324911 0.292059 0.311094 0.367828 0.317622 0.375292 0.326389 0.251780 0.307199 0.283767 0.245134 0.370019 0.289153 0.306778 0.358674 0.307897 0.357475 0.285408 0.205984 0.270961 0.300412 0.300495 0.294932 0.333570 0.395595 0.329171 0.349043 0.326505 0.360381 0.282002
0.179883 0.210206 0.192839 0.198278 0.130897 0.160448 0.156002 0.163045 0.223228 0.217254 0.185952 0.208060 0.199497 0.139711 0.147074 0.262283 0.158830 0.122892 0.155992 0.168661 0.147629 0.212928 0.192557 0.211065 0.114271 0.180904 0.165920 0.175213 0.162939 0.170596 0.184879 0.191253 0.185657 0.165082 0.137496 0.180295 0.186114 0.169608 0.229280 0.175371
0.162722 0.141685 0.191075 0.196697 0.168873 0.132553 0.115742 0.168769 0.183523 0.114476 0.156354 0.142869 0.152065 0.219605 0.201348 0.227438 0.240828 0.145776 0.132235 0.190939 0.150137 0.170366 0.191441 0.156587 0.193949 0.181092 0.175209 0.111837 0.145965 0.152332 0.179343 0.099084 0.142858 0.171439 0.208237 0.176157 0.142582 0.213880 0.200451 0.195657
0.086698 0.109222 0.119766 0.146942 0.125991 0.151244 0.100780 0.120294 0.164109 0.093615 0.163709 0.160690 0.118642 0.196181 0.126800 0.131494 0.097242 0.105336 0.139359 0.119421 0.088180 0.143082 0.070806 0.144862 0.132996 0.089339 0.148672 0.122447 0.085347 0.095082 0.101516 0.166823 0.161470 0.156450 0.125966 0.176442 0.113007 0.040720 0.139064 0.140207
0.254373 0.299652 0.249969 0.263260 0.234880 0.236310 0.214109 0.182853 0.249261 0.225127 0.201005 0.271419 0.210984 0.270658 0.248564 0.329620 0.299548 0.223430 0.271326 0.198367 0.197534 0.271617 0.231704 0.264408 0.219241 0.273035 0.232903 0.232486 0.192708 0.250422 0.246626 0.241803 0.269001 0.245680 0.284458 0.287249 0.283617 0.271691 0.327876 0.258824
0.121289 0.194317 0.151040 0.171701 0.171084 0.128230 0.113918 0.129122 0.092673 0.170279 0.093235 0.152162 0.139534 0.143406 0.145242 0.204190 0.213163 0.160351 0.132459 0.099967 0.147439 0.183109 0.159299 0.134771 0.127583 0.152961 0.139187 0.103670 0.110142 0.166037 0.139262 0.108115 0.137422 0.142562 0.160242 0.156881 0.191652 0.186156 0.197811 0.193987
0.179358 0.190038 0.195000 0.186104 0.094988 0.199267 0.154934 0.141127 0.209047 0.196905 0.179574 0.167364 0.113166 0.158659 0.173253 0.220020 0.136976 0.102952 0.181444 0.179665 0.161073 0.257467 0.229841 0.232326 0.139794 0.193767 0.138949 0.147990 0.143504 0.152158 0.203568 0.172083 0.176164 0.214271 0.182843 0.166782 0.151882 0.106198 0.179383 0.134903
0.214317 0.172356 0.182205 0.187171 0.133544 0.156742 0.123879 0.137690 0.133293 0.151109 0.157393 0.113979 0.071979 0.153274 0.198982 0.208580 0.173511 0.122547 0.153359 0.170948 0.146939 0.209638 0.216898 0.158317 0.152486 0.141235 0.159482 0.075947 0.112006 0.137718 0.148802 0.094834 0.144908 0.207919 0.185011 0.151565 0.138218 0.140972 0.151863 0.089291
0.170393 0.147870 0.151604 0.149846 0.075635 0.185845 0.161338 0.102465 0.164898 0.170502 0.130825 0.175911 0.086462 0.121228 0.135378 0.195011 0.113886 0.088873 0.139450 0.134183 0.113796 0.200005 0.207218 0.177662 0.117278 0.166088 0.110577 0.141564 0.122538 0.143745 0.147458 0.153128 0.158886 0.167403 0.139719 0.158286 0.110693 0.061971 0.176041 0.098275
0.115892 0.129155 0.103544 0.120202 0.097272 0.070551 0.087982 0.094503 0.138467 0.116341 0.055713 0.173698 0.090664 0.094207 0.113797 0.133456 0.103887 0.116055 0.054155 0.044715 0.092640 0.136543 0.119079 0.096569 0.051351 0.135125 0.090293 0.102420 0.068136 0.135955 0.085596 0.140034 0.119329 0.068815 0.135088 0.072814 0.071456 0.075324 0.177115 0.106557
0.260727 0.265140 0.242511 0.300790 0.197471 0.221678 0.228235 0.192803 0.282161 0.263910 0.232460 0.320061 0.226564 0.253319 0.243591 0.301340 0.272590 0.211170 0.248507 0.212003 0.244030 0.324094 0.274275 0.297929 0.276353 0.238479 0.275545 0.253652 0.213715 0.227250 0.275612 0.271195 0.289489 0.265177 0.328786 0.187733 0.262558 0.232939 0.259316 0.242910
0.148118 0.117338 0.098990 0.136918 0.124507 0.097905 0.167915 0.069279 0.155326 0.154920 0.128090 0.151825 0.132806 0.162606 0.118793 0.130962 0.161821 0.119564 0.109971 0.149656 0.102433 0.161535 0.141427 0.134311 0.177555 0.138049 0.115839 0.123579 0.137326 0.104974 0.171679 0.167172 0.173892 0.153689 0.188370 0.170944 0.140603 0.119366 0.175034 0.129295
0.197644 0.222255 0.213169 0.257804 0.143230 0.161576 0.183690 0.130460 0.230713 0.187499 0.169152 0.234268 0.189227 0.247262 0.248891 0.228613 0.260271 0.124082 0.207963 0.152129 0.190601 0.232184 0.218653 0.236020 0.265779 0.215917 0.246219 0.202936 0.176813 0.185213 0.215624 0.182789 0.230740 0.158887 0.260513 0.143887 0.176711 0.187006 0.207151 0.166378
0.127450 0.161165 0.130989 0.186408 0.130145 0.170790 0.161910 0.160574 0.208473 0.120634 0.219741 0.170654 0.120539 0.260006 0.229322 0.177114 0.207349 0.169534 0.143526 0.177677 0.128144 0.179809 0.140036 0.187112 0.181897 0.171819 0.127267 0.159647 0.131905 0.151185 0.154690 0.166003 0.219303 0.170348 0.195042 0.224707 0.142961 0.142600 0.238745 0.199304
0.161822 0.157197 0.144718 0.129728 0.127295 0.098142 0.055910 0.135219 0.178103 0.133402 0.077016 0.141458 0.155540 0.137332 0.141606 0.173521 0.179244 0.123491 0.127240 0.096071 0.113504 0.148111 0.127345 0.132226 0.102917 0.145440 0.134657 0.133298 0.080584 0.154672 0.152089 0.114172 0.145886 0.063736 0.159476 0.086566 0.126782 0.167934 0.165385 0.143418
0.186827 0.195918 0.188731 0.152415 0.175835 0.195111 0.190742 0.093314 0.182921 0.219577 0.174456 0.232541 0.142193 0.144137 0.122722 0.209752 0.167918 0.216471 0.180938 0.162955 0.159467 0.253333 0.174668 0.217656 0.169554 0.182049 0.147523 0.199924 0.197466 0.183855 0.245334 0.202569 0.198310 0.204340 0.231949 0.187966 0.260166 0.220261 0.227195 0.230276
0.060861 0.137430 0.087983 0.137797 0.010028 0.109762 0.098176 0.071874 0.168854 0.087186 0.142146 0.132656 0.073997 0.141887 0.173187 0.100358 0.134013 0.045628 0.137953 0.091965 0.117658 0.143927 0.138838 0.159838 0.168740 0.118282 0.089728 0.117631 0.095289 0.069861 0.170408 0.158965 0.181688 0.101939 0.158945 0.109287 0.114708 0.099830 0.127309 0.091256
0.183701 0.167429 0.202745 0.228116 0.134232 0.185186 0.182048 0.114006 0.240184 0.229814 0.181877 0.280160 0.173341 0.175208 0.214616 0.184966 0.171496 0.141663 0.154594 0.154809 0.190749 0.235513 0.210328 0.239925 0.195251 0.211607 0.150851 0.211542 0.221505 0.207077 0.250811 0.237155 0.263250 0.183541 0.241447 0.121265 0.148117 0.138322 0.226520 0.186288
0.186522 0.220402 0.173882 0.245392 0.165306 0.187128 0.190173 0.142517 0.248082 0.238158 0.210080 0.232392 0.181404 0.209918 0.226688 0.224122 0.167821 0.156170 0.204866 0.147953 0.227729 0.241934 0.246562 0.229531 0.229254 0.193695 0.172312 0.187880 0.213026 0.195988 0.285652 0.243966 0.262395 0.224925 0.294909 0.171381 0.215565 0.205740 0.226095 0.200380
0.207699 0.205726 0.216310 0.246275 0.172692 0.206744 0.185799 0.134866 0.267171 0.243844 0.215393 0.295030 0.205131 0.213344 0.223644 0.218030 0.185594 0.155196 0.191360 0.172450 0.189094 0.257117 0.203876 0.264724 0.203468 0.208828 0.186016 0.214309 0.227694 0.223750 0.262998 0.258292 0.280454 0.226365 0.262610 0.152350 0.178099 0.139031 0.228854 0.209068
0.295739 0.352250 0.252626 0.321538 0.245715 0.262831 0.272791 0.247349 0.329939 0.257256 0.301798 0.323763 0.258667 0.301015 0.278757 0.328408 0.284539 0.270938 0.274076 0.217123 0.256653 0.320676 0.269113 0.272185 0.301949 0.305098 0.266798 0.277412 0.254333 0.266420 0.345746 0.310889 0.300075 0.335675 0.393387 0.388276 0.350517 0.334759 0.408910 0.327090
0.276124 0.347656 0.236687 0.321307 0.271311 0.250154 0.265209 0.238039 0.335563 0.230991 0.325075 0.302995 0.270691 0.349508 0.269967 0.333825 0.305216 0.243945 0.292655 0.236486 0.224421 0.307861 0.234718 0.288285 0.315491 0.291455 0.299320 0.274969 0.232097 0.244139 0.310920 0.305094 0.292905 0.354987 0.376831 0.414184 0.346757 0.344957 0.379051 0.327696
0.239191 0.324656 0.175479 0.267622 0.227965 0.197199 0.233949 0.173359 0.249087 0.196625 0.245322 0.224240 0.192276 0.244716 0.185773 0.278176 0.251989 0.207419 0.264497 0.157592 0.204913 0.274676 0.208657 0.217918 0.251290 0.222464 0.244586 0.214675 0.183735 0.190382 0.277413 0.237301 0.209657 0.289082 0.327177 0.357345 0.325985 0.339126 0.292579 0.260897
0.185801 0.293682 0.187172 0.237585 0.210267 0.241798 0.177000 0.166223 0.227452 0.195559 0.173069 0.214650 0.181105 0.221140 0.201223 0.260470 0.235621 0.203073 0.217631 0.154801 0.176985 0.210997 0.190308 0.225039 0.212772 0.249368 0.170677 0.199774 0.189762 0.207262 0.250445 0.199040 0.227106 0.222950 0.216488 0.318331 0.267046 0.317116 0.310378 0.300185
0.224003 0.289615 0.183530 0.253394 0.201175 0.233666 0.207951 0.188720 0.194693 0.204371 0.203958 0.187378 0.151115 0.256076 0.219737 0.251734 0.247964 0.195493 0.225318 0.187768 0.166750 0.194840 0.210943 0.245663 0.192776 0.252793 0.174541 0.209328 0.194101 0.214194 0.256304 0.197014 0.216069 0.264892 0.241264 0.344804 0.269150 0.281472 0.339321 0.284994
0.261631 0.304822 0.249505 0.229511 0.236366 0.276296 0.197393 0.194666 0.208344 0.259181 0.163006 0.244826 0.168358 0.189753 0.195415 0.283279 0.253950 0.239961 0.247354 0.167390 0.184524 0.257216 0.244818 0.230862 0.191479 0.242277 0.181574 0.201398 0.169995 0.239892 0.266091 0.176467 0.204738 0.288394 0.234726 0.277821 0.307586 0.296124 0.305826 0.274013
0.208903 0.274909 0.171087 0.211494 0.196237 0.274393 0.178568 0.166123 0.227558 0.202177 0.197572 0.211511 0.151760 0.225024 0.213637 0.232733 0.227937 0.212412 0.212153 0.161265 0.152679 0.205361 0.187027 0.217317 0.191273 0.217202 0.132548 0.211881 0.144871 0.195585 0.247504 0.172274 0.216380 0.212399 0.236466 0.297067 0.218313 0.290826 0.327717 0.258591
