1.73252 1.42817 1.8732 1.89569 1.64007 1.55876 1.49354 1.75104 1.55171 1.76866 1.81736 1.8718 1.5898 1.7492 1.64179 1.60944 1.96747 1.76298 2.16385 1.73166 1.86142 1.69623 1.6614 1.55686 1.74175 1.50408 1.86923 1.60767 1.39294 1.47889 1.31928 1.68948 1.57505 1.61774 
2.14007 2.00399 1.96611 2.26868 2.20429 2.03988 2.00617 2.13586 2.10587 2.33368 1.96765 1.96188 2.08636 2.09323 2.06142 2.19722 2.57884 2.44074 2.07944 2.24452 2.3892 2.28725 1.92991 2.28317 2.17781 2.08291 1.77032 2.16905 2.22237 1.83161 2.03486 2.09251 2.61575 1.9515 
1.89627 2.04393 2.01853 1.93844 1.64742 1.76841 1.61573 1.9394 1.94795 1.87271 1.9544 1.85673 1.81011 1.85668 1.91201 1.85696 1.75044 1.5791 1.80384 1.84975 1.7656 1.90045 1.68109 1.77601 1.95942 1.96166 1.85003 1.73895 1.81238 1.78516 1.97864 1.68176 1.70979 2.03163 
1.02844 1.11722 1.04982 0.923164 0.956565 0.929811 1.0191 0.859861 0.975607 0.97405 0.979644 0.940983 0.959415 0.829666 0.926296 1.04292 0.990203 0.983873 1.02537 0.94168 1.15098 0.888241 0.982008 0.993754 0.9196 0.80726 1.0182 0.944684 1.01258 0.900263 0.795128 0.954066 0.937281 0.935549 
0.343717 0.37949 0.29269 0.305382 0.346669 0.372161 0.417623 0.350202 0.385233 0.309375 0.40709 0.309321 0.407751 0.387997 0.255588 0.326949 0.333522 0.322651 0.372049 0.378797 0.428108 0.329868 0.306079 0.304346 0.266995 0.317619 0.325032 0.328925 0.382019 0.382064 0.332706 0.479118 0.338733 0.310297 
0.623719 0.581595 0.597837 0.814508 0.485252 0.572069 0.632901 0.634366 0.793952 0.557094 0.78133 0.629357 0.667829 0.585376 0.424776 0.466689 0.520252 0.510448 0.545473 0.524249 0.634026 0.775333 0.498674 0.449917 0.508208 0.383843 0.486683 0.568723 0.461576 0.725772 0.625385 0.624154 0.550046 0.656899 
0.438255 0.537832 0.618671 0.512934 0.550793 0.398304 0.419258 0.49378 0.493041 0.483554 0.597033 0.425855 0.348146 0.435924 0.495616 0.497174 0.501448 0.698567 0.575599 0.440381 0.372818 0.40212 0.372023 0.445218 0.467402 0.555946 0.422501 0.433957 0.53451 0.54602 0.698845 0.437376 0.514791 0.540621 
0.77319 0.830547 0.768623 0.755831 0.731226 0.617249 0.85111 0.653645 0.668367 0.765876 0.710295 0.597561 0.820147 0.701052 0.587787 0.740161 0.778614 0.83496 0.803987 0.821457 0.792238 0.698687 0.673175 0.601015 0.678654 0.68162 0.753772 0.628609 0.852654 0.730738 0.77268 0.697237 0.805237 0.598231 
1.33609 1.46886 1.51799 1.23947 1.54045 1.58882 1.57328 1.37527 1.40065 1.38282 1.35702 1.26487 1.37835 1.24156 1.37751 1.65664 1.79176 1.49303 1.43054 1.27554 1.37171 1.24208 1.36986 1.45199 1.62448 1.3916 1.29578 1.27391 1.41152 1.4688 1.26593 1.12867 1.36199 1.38343 
0.396415 0.381544 0.347767 0.31224 0.370261 0.238125 0.3846 0.301278 0.367442 0.32513 0.312626 0.33141 0.397132 0.255236 0.329544 0.347542 0.355886 0.334587 0.27831 0.347123 0.362205 0.366931 0.268655 0.339558 0.35582 0.326439 0.300017 0.37242 0.389717 0.351036 0.228156 0.330143 0.322551 0.353444 
0.414682 0.553226 0.411182 0.38766 0.404691 0.406224 0.349015 0.487109 0.363285 0.251314 0.381749 0.32807 0.402023 0.337806 0.405465 0.418253 0.298781 0.362583 0.376557 0.374924 0.351992 0.327043 0.36628 0.476577 0.33603 0.416347 0.392307 0.489347 0.476641 0.372559 0.32205 0.416701 0.274879 0.375989 
0.242923 0.340115 0.337291 0.318644 0.303793 0.213405 0.340249 0.230524 0.320868 0.36814 0.261237 0.322829 0.214517 0.329837 0.329806 0.236759 0.330502 0.314569 0.320968 0.295275 0.300641 0.227731 0.213574 0.328259 0.231993 0.293368 0.326812 0.324316 0.205807 0.304211 0.189043 0.278948 0.227632 0.218301 
0.522565 0.488121 0.429857 0.546406 0.409237 0.388507 0.532639 0.479941 0.568693 0.478679 0.372239 0.536305 0.429956 0.353279 0.563094 0.523935 0.460069 0.565314 0.542096 0.532566 0.293761 0.390198 0.446922 0.486964 0.470619 0.482624 0.538373 0.550672 0.388253 0.46348 0.548621 0.481676 0.394238 0.440484 
0.988056 1.1594 0.984394 1.10702 0.93906 0.990114 0.941967 0.8743 1.06339 1.05885 1.03497 1.01785 1.11231 1.11147 1.03635 0.979829 0.957771 0.873636 0.924259 0.863827 1.08595 1.00017 0.801515 1.07286 0.957482 0.944148 1.07096 0.945643 0.893605 0.841567 0.947198 0.997105 0.967992 1.05175 
0.482224 0.540149 0.5738 0.638375 0.674513 0.43979 0.729004 0.510826 0.464446 0.545599 0.541889 0.463603 0.519875 0.513833 0.547029 0.619423 0.50349 0.687842 0.596919 0.440023 0.550647 0.467419 0.433534 0.637346 0.639354 0.463573 0.658897 0.490559 0.603802 0.49151 0.589814 0.665597 0.493613 0.540096 
0.332218 0.246749 0.299771 0.307339 0.3306 0.271068 0.335929 0.30156 0.240099 0.34359 0.277632 0.323425 0.276857 0.258412 0.300657 0.252001 0.305295 0.360861 0.304683 0.338375 0.295306 0.320575 0.250127 0.350784 0.348529 0.262364 0.312914 0.334479 0.306877 0.246287 0.338558 0.300105 0.325898 0.292344 
0.239435 0.24899 0.308793 0.454018 0.428731 0.327397 0.316159 0.421505 0.299281 0.221388 0.266865 0.32925 0.347227 0.314099 0.239791 0.282719 0.352221 0.464554 0.358525 0.261457 0.249357 0.242425 0.241493 0.273447 0.316912 0.239806 0.233707 0.461162 0.359573 0.229043 0.322132 0.314641 0.355252 0.324323 
0.510826 0.358756 0.454945 0.46662 0.506515 0.431149 0.454381 0.367725 0.509744 0.471009 0.377877 0.362784 0.500173 0.520678 0.496262 0.476693 0.357814 0.533871 0.41483 0.4599 0.478129 0.447014 0.414826 0.407956 0.485332 0.319896 0.424258 0.404493 0.487703 0.406354 0.436427 0.5042 0.366803 0.352273 
0.347445 0.326744 0.267522 0.369512 0.327086 0.321295 0.375591 0.243496 0.345311 0.278126 0.32447 0.280048 0.296803 0.313134 0.357362 0.263502 0.29463 0.307485 0.312031 0.221693 0.293607 0.281281 0.355203 0.342876 0.362197 0.30955 0.296611 0.286118 0.391108 0.363552 0.260503 0.328942 0.355285 0.292103 
0.892427 0.752464 0.894268 0.892148 0.866306 0.81093 0.968308 0.678861 1.015 0.926435 0.975079 0.865791 0.864144 0.681506 0.954627 0.82779 0.878268 0.902402 0.727241 0.977005 0.877375 0.961961 0.800668 1.0863 0.867501 0.873775 0.829357 0.919052 0.89397 0.80126 0.818209 0.895671 0.798208 0.812336 
0.442049 0.319976 0.384866 0.340521 0.324092 0.286425 0.331357 0.354326 0.353184 0.402524 0.374561 0.336754 0.342005 0.33475 0.397445 0.324603 0.361751 0.31977 0.328234 0.288678 0.33433 0.358868 0.430438 0.42028 0.281116 0.309337 0.392595 0.251065 0.332014 0.265236 0.394917 0.36752 0.397414 0.390348 
0.588436 0.408804 0.630627 0.635292 0.546205 0.595895 0.536986 0.612962 0.548696 0.447475 0.621029 0.40655 0.642266 0.604833 0.477532 0.55074 0.546193 0.630371 0.569236 0.478382 0.616774 0.645827 0.590868 0.539919 0.613595 0.580196 0.688989 0.532805 0.553385 0.611654 0.600863 0.520881 0.536438 0.608372 
0.556672 0.612551 0.521919 0.690286 0.536235 0.671094 0.516796 0.514328 0.462084 0.624921 0.483797 0.530803 0.423766 0.513922 0.575565 0.564992 0.535201 0.505701 0.446527 0.623977 0.609204 0.467517 0.588574 0.409522 0.632819 0.543402 0.626325 0.647294 0.492685 0.553385 0.54886 0.617033 0.633293 0.509416 
0.754667 0.678332 0.624538 0.640779 0.573003 0.64822 0.537348 0.678084 0.682995 0.60499 0.699748 0.599621 0.630134 0.618466 0.605202 0.520211 0.621858 0.678012 0.672094 0.668025 0.676887 0.669727 0.621174 0.630627 0.634408 0.571962 0.592406 0.531879 0.520776 0.57571 0.653824 0.657051 0.781616 0.55044 
0.471951 0.50825 0.508673 0.509669 0.378989 0.515609 0.526826 0.468762 0.653657 0.553068 0.509211 0.448198 0.485076 0.560035 0.549149 0.488684 0.447844 0.633453 0.525901 0.398833 0.540353 0.618045 0.428039 0.47241 0.449074 0.530826 0.466012 0.451384 0.519804 0.408738 0.527057 0.501113 0.441002 0.61877 
0.560673 0.671707 0.586231 0.583504 0.585394 0.509735 0.540149 0.540539 0.665152 0.518741 0.483381 0.56645 0.5458 0.542777 0.625814 0.65606 0.591018 0.512548 0.509111 0.528161 0.483427 0.53481 0.601713 0.552607 0.46424 0.43436 0.475756 0.545035 0.664598 0.545402 0.576446 0.511787 0.430667 0.37949 
0.332516 0.297321 0.263629 0.316431 0.2684 0.289454 0.356878 0.289729 0.253925 0.261683 0.298141 0.24718 0.269982 0.249554 0.243166 0.372913 0.258008 0.378542 0.366676 0.362227 0.22255 0.27306 0.242529 0.234518 0.314636 0.301694 0.305104 0.284967 0.298128 0.297456 0.268721 0.395165 0.231512 0.318632 
0.552069 0.563258 0.561811 0.474154 0.589267 0.520741 0.51788 0.453225 0.464613 0.588731 0.544136 0.516177 0.625009 0.544642 0.517534 0.526778 0.610101 0.552069 0.442908 0.508119 0.547377 0.55147 0.521095 0.579609 0.37491 0.543506 0.631733 0.541968 0.534703 0.543747 0.530108 0.509473 0.586604 0.540511 
0.365549 0.445031 0.481335 0.372325 0.462078 0.44844 0.378558 0.345838 0.428349 0.4976 0.303682 0.400976 0.399847 0.380661 0.436427 0.389985 0.383169 0.428831 0.35595 0.305025 0.398813 0.462922 0.308352 0.496119 0.534475 0.407483 0.374693 0.413723 0.413446 0.444885 0.399003 0.417275 0.325537 0.41911 
0.457955 0.419854 0.393664 0.42105 0.411065 0.504206 0.44839 0.459302 0.339158 0.381066 0.426574 0.399746 0.434648 0.392661 0.356502 0.38904 0.427646 0.392236 0.414019 0.375443 0.370488 0.383143 0.408343 0.338526 0.427854 0.351918 0.406185 0.403255 0.507002 0.52596 0.4085 0.418562 0.463689 0.542078 
1.01857 1.15386 1.17041 0.952256 1.12214 0.941813 1.06711 0.958255 1.14801 1.02721 0.999288 0.81093 0.938062 1.1433 1.09134 1.12561 1.06837 1.1291 1.20704 0.975634 1.04223 1.06051 1.08272 1.14437 1.26596 1.15883 1.21122 1.1512 0.880359 0.955511 1.06976 1.04693 1.06334 1.11748 
1.31013 1.24251 1.3535 1.31913 1.20964 1.24703 1.59071 1.34629 1.0964 1.25276 1.45402 1.34199 1.18474 1.17754 1.33567 1.30513 1.16524 1.31381 1.15507 1.33103 1.62383 1.46747 1.29865 1.42712 1.18119 1.35592 1.40506 1.41923 1.2174 1.28335 1.19739 1.27629 1.29084 1.59309 
2.34676 2.55696 2.23683 2.14436 2.33768 2.55042 2.5168 2.24941 2.03596 2.14885 2.06939 2.16332 2.46385 1.93968 2.08524 2.31554 2.21803 2.34704 2.34294 2.85263 2.17718 2.35815 2.51852 2.15555 2.12931 2.06996 2.15176 2.60269 2.29858 2.30259 2.38444 2.52721 2.10191 2.30734 
2.16857 1.82836 2.1036 1.76834 1.80857 2.08774 1.83728 1.80403 1.57435 1.99109 1.73282 1.58846 1.74328 1.79502 1.94931 1.67722 1.67315 1.91 1.92425 1.74297 2.01645 1.81449 1.7755 1.69412 2.11133 1.81102 1.70153 1.88049 1.66368 1.82161 1.81137 2.00687 2.04083 2.06075 
