0.181973 0.291765 0.247616 0.196655 0.217315 0.277222 0.187870 0.190424 0.203979 0.197932 0.218794 0.157378 0.201566 0.166781 0.234304 0.229370 0.112731 0.217955 0.163830 0.176473 0.225208 0.179672 0.216050 0.204065 0.212754 0.239605 0.208636 0.187254 0.214840 0.226564 0.234074 0.160026 0.245050 0.227963 0.173043 0.244536 0.279168 0.283823 0.244074 0.304366
0.279745 0.245755 0.216359 0.213220 0.172959 0.222562 0.151383 0.201697 0.232797 0.227000 0.157277 0.232801 0.171745 0.184145 0.260075 0.187322 0.125269 0.244789 0.187736 0.170692 0.232326 0.246163 0.319735 0.226334 0.244633 0.290241 0.208543 0.193532 0.147971 0.219397 0.233524 0.205202 0.229974 0.263812 0.165941 0.157731 0.284802 0.269608 0.180629 0.277338
0.271139 0.276805 0.198695 0.213304 0.218351 0.202772 0.146484 0.130491 0.160766 0.197981 0.169421 0.168037 0.182887 0.131267 0.251634 0.188888 0.088461 0.215888 0.157148 0.162674 0.211795 0.170164 0.229201 0.154557 0.206974 0.259961 0.220719 0.144592 0.190259 0.251729 0.206698 0.179301 0.239713 0.252424 0.132605 0.158861 0.266525 0.222909 0.189832 0.260790
0.134371 0.242207 0.159331 0.177750 0.244446 0.160068 0.116963 0.189380 0.174679 0.171624 0.136590 0.218616 0.137097 0.155389 0.174299 0.140593 0.103359 0.140969 0.141605 0.137626 0.121243 0.157473 0.173563 0.095477 0.221379 0.197601 0.166195 0.146285 0.113386 0.171931 0.204899 0.195492 0.143248 0.221954 0.142765 0.132152 0.237353 0.163229 0.169921 0.245153
-0.002223 0.082364 0.104612 0.071850 0.062691 0.104538 0.083737 0.095668 0.101843 0.028763 0.075749 0.065599 0.099747 0.096324 0.065691 0.107146 0.092478 0.065938 0.082753 0.092061 0.041605 0.098590 0.048828 0.048777 0.040390 0.049739 0.063887 0.061864 0.091882 0.044436 0.066570 0.032013 0.101155 0.012203 0.102944 0.090544 0.074459 0.111879 0.081910 0.106393
0.195396 0.211276 0.123327 0.129572 0.182721 0.170484 0.157617 0.204430 0.137941 0.167834 0.076565 0.182713 0.138904 0.109511 0.188311 0.157842 0.108173 0.129127 0.084477 0.095461 0.130284 0.139204 0.145264 0.187137 0.194469 0.179475 0.170934 0.140409 0.172363 0.169657 0.205239 0.207384 0.167002 0.210386 0.148104 0.148732 0.217074 0.213822 0.189262 0.225406
0.171993 0.241044 0.183449 0.143493 0.172699 0.154480 0.129929 0.221827 0.227745 0.189704 0.167405 0.214478 0.169209 0.174108 0.195951 0.197286 0.134318 0.208839 0.152737 0.112877 0.150436 0.193417 0.193908 0.158983 0.184273 0.216885 0.122697 0.166688 0.147998 0.158364 0.156540 0.157689 0.197321 0.172177 0.154039 0.123757 0.181051 0.229567 0.146073 0.222327
0.266633 0.228761 0.148895 0.171981 0.123583 0.179395 0.150762 0.165548 0.227046 0.221255 0.166277 0.206695 0.158150 0.132251 0.210601 0.189008 0.116449 0.236768 0.136435 0.182039 0.216740 0.183787 0.258757 0.204927 0.151292 0.203453 0.206534 0.159901 0.155512 0.211593 0.225850 0.178517 0.199887 0.237270 0.164710 0.129385 0.232527 0.248399 0.190430 0.220487
0.162770 0.189300 0.073366 0.083723 0.077491 0.147392 0.100150 0.162049 0.153408 0.203632 0.156318 0.179721 0.148238 0.062004 0.143052 0.161781 0.092285 0.146649 0.054986 0.102770 0.152286 0.131723 0.140818 0.210319 0.129610 0.169820 0.176455 0.114586 0.111095 0.142768 0.173692 0.179291 0.197868 0.161620 0.152536 0.123245 0.157786 0.160230 0.130438 0.142654
0.253970 0.270429 0.227086 0.240588 0.231583 0.245761 0.200611 0.303894 0.281268 0.283544 0.257665 0.295575 0.212603 0.240971 0.252953 0.249741 0.231497 0.300981 0.263088 0.231144 0.206681 0.298421 0.329199 0.255068 0.299892 0.342784 0.280286 0.253982 0.208410 0.289994 0.315186 0.277899 0.300439 0.303593 0.224454 0.195787 0.302886 0.278519 0.228425 0.298454
0.179077 0.244560 0.095732 0.102382 0.124534 0.166077 0.127969 0.189545 0.175655 0.174453 0.141340 0.199614 0.172207 0.106966 0.161708 0.183350 0.097629 0.164796 0.099052 0.110646 0.135531 0.133371 0.108232 0.171971 0.125476 0.196653 0.174217 0.134032 0.169716 0.174999 0.161984 0.150381 0.226831 0.143326 0.136640 0.153897 0.180755 0.200149 0.144813 0.174951
0.110815 0.148206 0.090052 0.133761 0.118637 0.177070 0.149044 0.160507 0.134801 0.141531 0.193318 0.166176 0.189081 0.159045 0.081744 0.181550 0.119526 0.134626 0.109459 0.147943 0.129245 0.138332 0.172769 0.140608 0.132449 0.206026 0.185809 0.099464 0.131401 0.150454 0.141133 0.158035 0.176316 0.128740 0.167038 0.121385 0.148384 0.127109 0.134384 0.180652
0.181182 0.204369 0.143618 0.137353 0.108403 0.162707 0.111621 0.088422 0.198499 0.127151 0.166019 0.171635 0.176558 0.134838 0.217496 0.148392 0.094807 0.212285 0.114404 0.141889 0.196391 0.147918 0.197703 0.164041 0.129947 0.201739 0.138448 0.106529 0.147555 0.154419 0.141581 0.152489 0.220466 0.176180 0.158436 0.098692 0.207832 0.174481 0.126375 0.177971
0.062235 0.147423 0.076763 0.051465 0.081546 0.117420 0.016475 0.089056 0.095497 0.150846 0.111869 0.095359 0.101039 0.026686 0.134597 0.139783 0.036951 0.101489 0.021397 0.021793 0.104554 0.056710 0.060806 0.131449 0.074306 0.071296 0.060125 0.069063 0.100570 0.071555 0.075737 0.089448 0.150877 0.088328 0.097626 0.081635 0.093804 0.081532 0.048238 0.096171
0.098447 0.106296 0.065414 0.040819 0.025498 0.101066 0.116553 0.153994 0.068552 0.173654 0.107039 0.114169 0.109580 0.077430 0.090325 0.163446 0.109609 0.116365 0.027976 0.080969 0.091997 0.091175 0.113166 0.191264 0.107643 0.094347 0.120733 0.084285 0.101475 0.040641 0.126297 0.115402 0.134469 0.043578 0.105194 0.069893 0.087110 0.130449 0.048867 0.057445
0.129969 0.145836 0.163651 0.152538 0.144205 0.165375 0.131744 0.160107 0.138013 0.144523 0.156571 0.166829 0.143001 0.168683 0.203942 0.168030 0.173337 0.218028 0.155061 0.162304 0.140331 0.109262 0.190653 0.154686 0.157681 0.202372 0.179954 0.165869 0.184682 0.198499 0.197480 0.102761 0.211572 0.093680 0.123549 0.156862 0.187629 0.183426 0.102987 0.177050
0.176903 0.149964 0.099791 0.111225 0.022923 0.115207 0.052600 0.099265 0.151333 0.135932 0.128016 0.107670 0.126756 0.082403 0.170985 0.156620 0.088941 0.194804 0.066478 0.101998 0.171756 0.126471 0.153165 0.163943 0.124697 0.152189 0.106689 0.075586 0.094431 0.130253 0.114953 0.118113 0.176456 0.127272 0.100408 0.081961 0.149829 0.160916 0.096787 0.080883
0.195683 0.245651 0.174543 0.158997 0.170877 0.181309 0.172440 0.214344 0.240196 0.197133 0.192681 0.207892 0.138675 0.156958 0.149008 0.221905 0.138181 0.164380 0.173070 0.190300 0.190724 0.202421 0.203388 0.171860 0.193595 0.188392 0.215069 0.155212 0.152712 0.218779 0.226422 0.148962 0.233176 0.232436 0.162053 0.174856 0.226387 0.251672 0.237215 0.229834
0.059233 0.027458 0.052682 0.025711 0.026817 0.041241 0.075987 0.055370 0.036012 0.101451 0.032788 0.079461 0.017213 0.074214 0.070392 0.053512 0.083028 0.055315 0.026966 0.094227 0.084737 0.027831 0.098735 0.104740 0.062112 0.057551 0.053471 0.054309 0.048649 0.008693 0.066245 0.029056 0.033924 0.024518 0.041787 0.019687 0.062077 0.065818 0.010649 0.030416
0.115152 0.174710 0.126560 0.092976 0.134823 0.151620 0.128267 0.085479 0.110847 0.109455 0.174158 0.108538 0.136528 0.131242 0.128160 0.115666 0.075958 0.149462 0.163566 0.145226 0.136784 0.112928 0.160757 0.101304 0.165033 0.184314 0.185842 0.091479 0.103483 0.170126 0.141278 0.107849 0.135542 0.156397 0.075446 0.135462 0.143150 0.105009 0.149361 0.151926
0.113970 0.149578 0.139985 0.121157 0.159415 0.136125 0.119736 0.143156 0.157871 0.086545 0.109885 0.083180 0.124838 0.089948 0.087457 0.128439 0.081618 0.134900 0.064559 0.112171 0.123427 0.166932 0.144716 0.049195 0.079035 0.171142 0.126621 0.113108 0.100019 0.151935 0.101311 0.110221 0.146075 0.121051 0.103302 0.143689 0.139279 0.185358 0.121101 0.201367
0.232101 0.168313 0.159385 0.160138 0.130772 0.164939 0.139565 0.163897 0.176708 0.193253 0.179325 0.205554 0.147050 0.204463 0.222392 0.159532 0.175236 0.241874 0.152065 0.176242 0.256941 0.220090 0.278813 0.224722 0.175137 0.247683 0.180875 0.153247 0.137904 0.189953 0.154764 0.138543 0.180549 0.214055 0.138277 0.129319 0.183120 0.168284 0.172188 0.172771
0.243230 0.250105 0.246956 0.202686 0.188108 0.240216 0.166105 0.251217 0.221207 0.282228 0.212800 0.254961 0.181421 0.228639 0.264022 0.229195 0.194779 0.256034 0.211632 0.212507 0.257824 0.272387 0.319639 0.270483 0.282481 0.275357 0.230056 0.214990 0.175818 0.212730 0.247814 0.198890 0.229736 0.258335 0.196665 0.189656 0.259200 0.247951 0.207897 0.265937
0.248335 0.212093 0.191509 0.182824 0.167600 0.213199 0.175445 0.212158 0.180094 0.260383 0.192608 0.240540 0.168038 0.201402 0.227549 0.206141 0.171052 0.235881 0.185218 0.214328 0.234037 0.243437 0.326943 0.264920 0.255697 0.257836 0.245060 0.192505 0.156984 0.201689 0.240137 0.203318 0.211134 0.256186 0.175127 0.157322 0.243060 0.199698 0.190706 0.232953
0.255225 0.237475 0.202661 0.201604 0.174015 0.236604 0.173977 0.245237 0.190859 0.283036 0.212353 0.235863 0.177840 0.215952 0.250944 0.234861 0.192107 0.260948 0.185292 0.223744 0.241174 0.240815 0.340071 0.290514 0.273124 0.267271 0.265362 0.211943 0.181633 0.221146 0.253079 0.201186 0.235057 0.245137 0.183522 0.188723 0.236329 0.232929 0.203748 0.232481
0.198328 0.186170 0.104391 0.109997 0.074725 0.139410 0.138625 0.202014 0.191918 0.225672 0.175084 0.188989 0.116324 0.100950 0.156841 0.195302 0.132665 0.164842 0.127973 0.120403 0.153671 0.152595 0.187865 0.225676 0.171346 0.173062 0.187562 0.180286 0.137562 0.148238 0.222246 0.178198 0.200838 0.197890 0.144321 0.145135 0.182886 0.212275 0.163236 0.177023
0.240595 0.239107 0.183976 0.220381 0.161171 0.256406 0.179446 0.280920 0.250758 0.297505 0.308039 0.301072 0.212891 0.188549 0.247518 0.275730 0.208758 0.246747 0.199879 0.190837 0.234433 0.198820 0.237920 0.282748 0.236767 0.353046 0.298849 0.262339 0.287541 0.290651 0.324103 0.276532 0.306921 0.262891 0.235208 0.204913 0.312423 0.274384 0.207023 0.277232
0.274458 0.209579 0.146994 0.202839 0.128556 0.221489 0.170088 0.244483 0.241944 0.271988 0.292430 0.244464 0.173208 0.164782 0.205024 0.265606 0.195394 0.254353 0.163325 0.171173 0.254871 0.182546 0.254631 0.260353 0.196984 0.341968 0.278491 0.252079 0.266299 0.298181 0.277692 0.252594 0.306260 0.268885 0.202507 0.172374 0.272520 0.255173 0.181630 0.220507
0.190146 0.219834 0.177387 0.183159 0.177795 0.225149 0.139610 0.241993 0.196539 0.259574 0.299023 0.246174 0.151191 0.160137 0.195917 0.226550 0.173668 0.202719 0.205595 0.151637 0.190312 0.150818 0.190640 0.233236 0.229251 0.316437 0.266819 0.245095 0.265536 0.263790 0.286579 0.241596 0.271083 0.232636 0.202498 0.197091 0.293087 0.234101 0.160825 0.238235
0.291773 0.294328 0.254949 0.245972 0.172492 0.311727 0.238682 0.283928 0.261680 0.269637 0.290177 0.229013 0.242916 0.237244 0.285609 0.274066 0.204234 0.291086 0.193562 0.237566 0.250087 0.272601 0.280787 0.252804 0.248166 0.339035 0.269427 0.298094 0.292355 0.282292 0.342560 0.295422 0.304901 0.309202 0.245906 0.246150 0.308235 0.340596 0.262037 0.313323
0.182449 0.193795 0.171864 0.224608 0.173280 0.238769 0.188131 0.289953 0.210397 0.270959 0.319548 0.264986 0.191056 0.207229 0.197152 0.266190 0.251257 0.242344 0.217251 0.211991 0.176719 0.198994 0.236316 0.264670 0.261647 0.298394 0.294064 0.277590 0.258974 0.261638 0.341958 0.281947 0.305666 0.235669 0.235897 0.198189 0.281621 0.256572 0.171840 0.244896
0.174239 0.161985 0.130626 0.229727 0.146621 0.210176 0.129194 0.241508 0.210422 0.275752 0.278458 0.251530 0.161375 0.190516 0.201623 0.229662 0.210554 0.193828 0.153015 0.199537 0.187978 0.150730 0.210416 0.234861 0.260447 0.246948 0.254957 0.229024 0.230566 0.233972 0.298785 0.253608 0.258106 0.264580 0.203500 0.164845 0.271919 0.218023 0.154569 0.207525
0.166660 0.170470 0.090310 0.163529 0.110892 0.213821 0.147671 0.208906 0.164089 0.232906 0.294421 0.206512 0.170360 0.142292 0.150851 0.238627 0.144015 0.165255 0.126836 0.129885 0.170191 0.115015 0.181049 0.239554 0.166963 0.258284 0.251687 0.208811 0.254245 0.197495 0.235177 0.236136 0.243013 0.218351 0.197946 0.144799 0.218901 0.179909 0.139709 0.181130
0.104435 0.149953 0.111372 0.150848 0.107853 0.199415 0.092439 0.176158 0.167789 0.180972 0.195137 0.153416 0.135384 0.188322 0.124822 0.180175 0.149558 0.141084 0.090637 0.134977 0.144108 0.103209 0.138803 0.166780 0.144481 0.164651 0.135864 0.160457 0.181102 0.128517 0.142813 0.151907 0.190795 0.121130 0.127126 0.149338 0.148134 0.172325 0.142564 0.144665
0.170048 0.189832 0.132188 0.139014 0.156615 0.155508 0.133523 0.173141 0.177534 0.122891 0.186997 0.125002 0.167715 0.138128 0.136150 0.148173 0.097103 0.192929 0.122709 0.114287 0.150593 0.160398 0.152676 0.092519 0.104827 0.255689 0.145912 0.131081 0.183836 0.185303 0.115847 0.140750 0.182284 0.176440 0.145498 0.117951 0.160148 0.181739 0.111302 0.168958
0.147096 0.149571 0.072263 0.092744 0.041817 0.120228 0.126679 0.146665 0.146953 0.111225 0.137269 0.131213 0.091159 0.061053 0.085095 0.132626 0.092772 0.102637 0.076991 0.118828 0.139088 0.155741 0.134181 0.141812 0.135456 0.147522 0.159460 0.098022 0.070809 0.134195 0.178159 0.139144 0.160093 0.163279 0.114714 0.115071 0.146997 0.154654 0.169673 0.118298
0.247826 0.256648 0.193895 0.180055 0.172667 0.220710 0.201385 0.215526 0.227881 0.182305 0.175346 0.162199 0.175663 0.144913 0.189598 0.221904 0.155318 0.198463 0.117632 0.203082 0.203220 0.231379 0.228864 0.211046 0.198034 0.211077 0.218365 0.206619 0.181350 0.248877 0.251861 0.198168 0.251333 0.254444 0.173712 0.231561 0.237290 0.312693 0.282550 0.272833
0.298080 0.332691 0.248076 0.221398 0.230330 0.256479 0.208100 0.225192 0.269633 0.262649 0.205027 0.242635 0.198218 0.169563 0.268146 0.244789 0.158128 0.271891 0.172934 0.225201 0.247193 0.231427 0.269008 0.234667 0.240357 0.291797 0.249056 0.257574 0.230867 0.318288 0.317069 0.234203 0.294066 0.293664 0.185307 0.261622 0.344401 0.341881 0.299990 0.351715
0.307568 0.340127 0.255034 0.212186 0.211410 0.279578 0.235834 0.229571 0.250519 0.228722 0.231764 0.194440 0.221307 0.180005 0.304041 0.264794 0.156086 0.293063 0.165561 0.171588 0.275460 0.227373 0.258174 0.243053 0.241607 0.291270 0.232301 0.232447 0.262960 0.273578 0.297994 0.251075 0.287425 0.292555 0.202858 0.256782 0.331769 0.349534 0.279808 0.331830
0.263091 0.305027 0.214273 0.190811 0.186008 0.252592 0.195396 0.196755 0.238438 0.216423 0.229323 0.160899 0.173838 0.147048 0.234850 0.225412 0.143247 0.237185 0.135218 0.177218 0.270975 0.193982 0.220079 0.221820 0.198550 0.250621 0.214646 0.226895 0.212550 0.271564 0.266590 0.193032 0.251097 0.286770 0.177068 0.277879 0.287627 0.318821 0.297860 0.309295
