0.176882 0.282812 0.239985 0.190895 0.210722 0.268894 0.182052 0.184960 0.197682 0.192414 0.212491 0.152865 0.195622 0.161592 0.227528 0.222760 0.109485 0.211645 0.159000 0.171007 0.218639 0.174546 0.209899 0.198233 0.206660 0.232848 0.202676 0.181628 0.208158 0.219940 0.227184 0.155563 0.237943 0.221352 0.167828 0.237000 0.270760 0.275080 0.236434 0.295054
0.271670 0.238866 0.210233 0.207149 0.168166 0.216406 0.147345 0.196010 0.226260 0.220569 0.153288 0.226274 0.166968 0.178996 0.252659 0.182175 0.121759 0.237889 0.182513 0.166106 0.225737 0.239120 0.310609 0.219859 0.237824 0.282336 0.202949 0.188087 0.144128 0.213406 0.227146 0.199490 0.223741 0.256370 0.161334 0.153523 0.276892 0.261903 0.175548 0.269525
0.263061 0.268499 0.192898 0.207215 0.211851 0.197233 0.142347 0.126975 0.156218 0.192343 0.164864 0.163396 0.177758 0.127677 0.244535 0.183546 0.086161 0.209916 0.152807 0.158015 0.205794 0.165366 0.222917 0.150493 0.201104 0.252593 0.214424 0.140601 0.184632 0.244257 0.200981 0.174340 0.232693 0.245120 0.129017 0.154332 0.258948 0.216386 0.184306 0.253405
0.130563 0.234615 0.154600 0.172614 0.236556 0.155557 0.113447 0.183561 0.169165 0.166692 0.132593 0.211831 0.133113 0.150513 0.169286 0.136584 0.100165 0.136905 0.137458 0.133558 0.117852 0.152915 0.168571 0.093069 0.214730 0.191875 0.161423 0.141904 0.110153 0.166780 0.198911 0.189564 0.139125 0.215230 0.138523 0.128373 0.230424 0.158374 0.164641 0.237821
-0.001921 0.079325 0.100608 0.069170 0.060332 0.100568 0.080522 0.092066 0.097990 0.027819 0.072946 0.063154 0.095901 0.092646 0.063265 0.103030 0.088933 0.063496 0.079586 0.088557 0.040121 0.094846 0.047094 0.047038 0.039003 0.048035 0.061531 0.059608 0.088415 0.042886 0.064112 0.030959 0.097364 0.011934 0.098963 0.087099 0.071688 0.107666 0.078845 0.102392
0.189760 0.205050 0.119916 0.125749 0.177153 0.165477 0.153028 0.198439 0.133904 0.163149 0.074695 0.177477 0.134988 0.106296 0.182910 0.153397 0.105119 0.125549 0.082217 0.092869 0.126551 0.135376 0.141184 0.181603 0.188732 0.174404 0.166112 0.136339 0.167348 0.164721 0.199427 0.201344 0.162305 0.204161 0.143895 0.144274 0.210796 0.207560 0.183484 0.218802
0.167301 0.234052 0.178042 0.139323 0.167478 0.150159 0.126041 0.215211 0.220919 0.184583 0.162739 0.208218 0.164253 0.168913 0.190455 0.191494 0.130274 0.202970 0.148271 0.109506 0.146390 0.187657 0.188443 0.154779 0.179070 0.210844 0.119306 0.161960 0.143736 0.153836 0.152174 0.153297 0.191753 0.167267 0.149485 0.120255 0.175962 0.222899 0.141687 0.215740
0.258804 0.221879 0.144447 0.166963 0.120207 0.173995 0.146420 0.160928 0.220295 0.214685 0.161438 0.200715 0.153531 0.128528 0.204309 0.183843 0.113263 0.229595 0.132468 0.176584 0.210306 0.178518 0.251119 0.198971 0.147172 0.197482 0.200628 0.154986 0.151007 0.205535 0.219189 0.173476 0.194392 0.230388 0.159850 0.125548 0.225609 0.240931 0.184962 0.213902
0.158400 0.184307 0.071742 0.081676 0.075470 0.143557 0.097610 0.157908 0.149250 0.198290 0.152319 0.174789 0.144402 0.060631 0.139256 0.157834 0.089985 0.142945 0.053703 0.100101 0.148243 0.128342 0.137193 0.204787 0.126340 0.165227 0.171697 0.111609 0.108396 0.138958 0.169097 0.174468 0.192668 0.157211 0.148501 0.120026 0.153641 0.156192 0.126987 0.138823
0.246613 0.262325 0.220198 0.233344 0.224487 0.238455 0.194670 0.294551 0.272651 0.275218 0.250095 0.286760 0.206231 0.233534 0.245305 0.242246 0.224083 0.291824 0.255026 0.224130 0.200697 0.289120 0.319211 0.247576 0.290842 0.332890 0.272005 0.246246 0.202475 0.281403 0.305839 0.269557 0.291569 0.294524 0.217796 0.189968 0.294160 0.270236 0.221346 0.289594
0.174021 0.237329 0.093153 0.099668 0.120732 0.161406 0.124280 0.184246 0.170484 0.169833 0.137528 0.193740 0.167399 0.103832 0.157243 0.178496 0.095040 0.160374 0.096067 0.107443 0.131840 0.129784 0.105600 0.167501 0.121999 0.190847 0.169207 0.130222 0.164894 0.169788 0.157516 0.146367 0.220337 0.139274 0.132930 0.149357 0.175495 0.194455 0.140573 0.169835
0.108101 0.144106 0.087451 0.130126 0.115089 0.172132 0.144837 0.155714 0.130794 0.137798 0.187949 0.161477 0.183693 0.154449 0.079733 0.176200 0.115883 0.130976 0.106490 0.143754 0.125769 0.134400 0.168240 0.136978 0.128997 0.200549 0.180830 0.096855 0.127757 0.146239 0.137439 0.153796 0.171396 0.125421 0.162214 0.117947 0.144520 0.123560 0.130428 0.175558
0.176243 0.198413 0.139303 0.133327 0.105375 0.157954 0.108429 0.085909 0.192564 0.123729 0.161350 0.166708 0.171235 0.130880 0.211184 0.143944 0.091951 0.206232 0.111102 0.137605 0.190855 0.143475 0.192192 0.159406 0.126408 0.196253 0.134544 0.103600 0.143181 0.150145 0.137663 0.148287 0.213966 0.171354 0.153681 0.095806 0.201851 0.169359 0.122648 0.172808
0.060789 0.143597 0.074932 0.050272 0.079266 0.114463 0.016239 0.087114 0.093014 0.147031 0.109083 0.092866 0.098482 0.026186 0.130953 0.136319 0.036269 0.099056 0.021061 0.021412 0.101905 0.055489 0.059371 0.128198 0.072582 0.069668 0.058743 0.067465 0.097951 0.069826 0.073950 0.087130 0.146949 0.085938 0.095077 0.079712 0.091412 0.079815 0.047136 0.093577
0.095938 0.103836 0.063830 0.039974 0.024999 0.098602 0.113315 0.150045 0.066914 0.169056 0.104395 0.111130 0.106895 0.075317 0.088009 0.159300 0.106607 0.113441 0.027434 0.078724 0.089638 0.089013 0.110176 0.186197 0.104879 0.091963 0.117581 0.082143 0.098893 0.039893 0.122975 0.112501 0.131116 0.042706 0.102533 0.068304 0.084932 0.127141 0.047828 0.056189
0.126296 0.141383 0.158643 0.147609 0.139735 0.160118 0.127441 0.154931 0.133791 0.140240 0.151679 0.161771 0.138443 0.163034 0.197784 0.162520 0.167495 0.211307 0.150344 0.156740 0.136196 0.105978 0.184704 0.149778 0.152790 0.196683 0.174026 0.160644 0.178699 0.192324 0.191309 0.100001 0.204907 0.091133 0.119403 0.151648 0.182016 0.177486 0.099653 0.171790
0.171958 0.146082 0.097272 0.108216 0.022586 0.112337 0.051305 0.096965 0.147162 0.132586 0.124723 0.104889 0.123380 0.080221 0.166256 0.152575 0.086620 0.189448 0.064786 0.099211 0.167067 0.123091 0.148964 0.159663 0.121421 0.148073 0.103907 0.073807 0.092030 0.126765 0.112028 0.114955 0.171733 0.123840 0.097838 0.080010 0.145767 0.156679 0.094267 0.078908
0.190225 0.238075 0.169176 0.154371 0.165633 0.175806 0.167263 0.207776 0.232813 0.191483 0.186980 0.201665 0.134594 0.152141 0.144772 0.215380 0.134038 0.159649 0.167637 0.184456 0.185226 0.196375 0.197701 0.166993 0.187801 0.182795 0.208725 0.150519 0.148179 0.212286 0.219784 0.144858 0.226166 0.225732 0.157239 0.169347 0.219546 0.243935 0.230026 0.222827
0.057305 0.026609 0.050958 0.024898 0.025955 0.039916 0.073465 0.053576 0.034855 0.098104 0.031747 0.076840 0.016694 0.071763 0.068067 0.051774 0.080273 0.053529 0.026098 0.091089 0.081936 0.026966 0.095479 0.101271 0.060083 0.055685 0.051742 0.052534 0.047054 0.008469 0.064075 0.028140 0.032852 0.023765 0.040428 0.019078 0.060042 0.063658 0.010358 0.029456
0.111920 0.169315 0.122682 0.090879 0.130784 0.147263 0.124234 0.082942 0.107375 0.106453 0.169228 0.105374 0.132715 0.127129 0.124468 0.112152 0.073517 0.145103 0.158436 0.140789 0.132991 0.109547 0.156272 0.098700 0.159888 0.179125 0.180262 0.088818 0.100356 0.164890 0.137099 0.104754 0.131498 0.151818 0.073615 0.131211 0.139120 0.102122 0.144537 0.147773
0.110052 0.144266 0.135060 0.116843 0.153763 0.131402 0.115596 0.138100 0.152379 0.083574 0.106004 0.080382 0.120386 0.086818 0.084517 0.123878 0.078679 0.130235 0.062285 0.108140 0.119021 0.161014 0.139790 0.047662 0.076379 0.165244 0.122214 0.109262 0.096445 0.146618 0.097867 0.106436 0.141003 0.116830 0.099575 0.138699 0.134495 0.178899 0.116906 0.194349
0.224949 0.163191 0.154414 0.155184 0.126829 0.159746 0.135263 0.158714 0.171387 0.187251 0.173948 0.199323 0.142415 0.197954 0.215348 0.154508 0.169470 0.234230 0.147226 0.170701 0.248923 0.212910 0.270002 0.217647 0.169562 0.240287 0.175207 0.148393 0.133836 0.184184 0.150055 0.134282 0.175258 0.207356 0.134092 0.125247 0.177605 0.163303 0.166600 0.167519
0.236182 0.242852 0.239506 0.196792 0.182604 0.233149 0.161148 0.243775 0.214644 0.274079 0.206795 0.247511 0.176151 0.221599 0.256124 0.222497 0.188653 0.248462 0.205232 0.206127 0.250251 0.264086 0.310078 0.262562 0.274136 0.267644 0.223384 0.208611 0.170761 0.206666 0.240642 0.193126 0.223233 0.250782 0.190921 0.184108 0.251835 0.240790 0.201500 0.258125
0.241086 0.206075 0.185870 0.177639 0.162802 0.207045 0.170442 0.205968 0.174938 0.252733 0.187263 0.233599 0.163309 0.195381 0.220776 0.200193 0.165793 0.228872 0.179759 0.208089 0.227127 0.236187 0.317236 0.257083 0.248148 0.250687 0.238041 0.186829 0.152682 0.195971 0.233294 0.197494 0.205304 0.248691 0.170207 0.152826 0.236267 0.194133 0.184975 0.226380
0.247745 0.230737 0.196760 0.195712 0.168937 0.229768 0.168974 0.238087 0.185386 0.274883 0.206463 0.229142 0.172932 0.209363 0.243413 0.228229 0.186158 0.253215 0.179830 0.217051 0.234167 0.233783 0.329801 0.282022 0.265047 0.259806 0.257558 0.205642 0.176483 0.214711 0.245792 0.195511 0.228550 0.238027 0.178400 0.183219 0.229808 0.226315 0.197527 0.225907
0.192695 0.181194 0.101707 0.107045 0.072827 0.135725 0.134663 0.196420 0.186388 0.219477 0.170200 0.183706 0.113440 0.098267 0.152428 0.190038 0.128901 0.160393 0.124210 0.117170 0.149405 0.148524 0.182649 0.219418 0.166646 0.168253 0.182293 0.175054 0.133754 0.144188 0.215888 0.173308 0.195384 0.192142 0.140420 0.141024 0.177759 0.206364 0.158633 0.171998
0.234001 0.232682 0.178930 0.214172 0.156833 0.249396 0.174469 0.273002 0.243518 0.289322 0.299384 0.292442 0.207135 0.183318 0.240580 0.268029 0.202613 0.240088 0.194295 0.185552 0.227979 0.193414 0.231532 0.274940 0.230403 0.343321 0.290475 0.254843 0.279248 0.282497 0.314964 0.268865 0.298335 0.255674 0.228641 0.199220 0.303735 0.266649 0.201173 0.269486
0.266399 0.203830 0.143027 0.196875 0.125058 0.215382 0.165338 0.237594 0.234990 0.264277 0.284059 0.237538 0.168516 0.160335 0.199236 0.258130 0.189716 0.247242 0.158784 0.166254 0.247513 0.177414 0.247391 0.253120 0.191537 0.332115 0.270328 0.244647 0.258530 0.289443 0.269664 0.245376 0.297519 0.261024 0.196907 0.167491 0.264724 0.247908 0.176515 0.214304
0.184790 0.213671 0.172461 0.178069 0.172709 0.219061 0.135671 0.235153 0.190886 0.252367 0.290408 0.239031 0.147278 0.155651 0.190567 0.220239 0.168577 0.197288 0.199660 0.147404 0.185083 0.146819 0.185524 0.226775 0.222811 0.307578 0.259092 0.238002 0.257738 0.256161 0.278335 0.234724 0.263319 0.226044 0.196803 0.191479 0.284672 0.227409 0.156237 0.231600
0.282916 0.285377 0.247027 0.238485 0.167453 0.302313 0.231377 0.275578 0.253664 0.261732 0.281551 0.222307 0.235693 0.229990 0.276818 0.266101 0.197857 0.282313 0.187941 0.230180 0.242650 0.264267 0.272338 0.245513 0.241024 0.329143 0.261538 0.288714 0.283377 0.273841 0.331991 0.286552 0.295914 0.299861 0.238465 0.238610 0.299117 0.330146 0.253876 0.303804
0.177386 0.188455 0.166937 0.217849 0.168128 0.231950 0.182482 0.281309 0.204089 0.263237 0.309966 0.257032 0.185621 0.200889 0.191436 0.258379 0.243237 0.235329 0.210813 0.205454 0.171763 0.193222 0.229398 0.256961 0.253936 0.290121 0.285281 0.269113 0.251246 0.253989 0.331641 0.273671 0.296516 0.228792 0.228815 0.192369 0.273437 0.248978 0.166787 0.237854
0.169294 0.157643 0.127124 0.222839 0.142265 0.204317 0.125313 0.234444 0.204126 0.267770 0.270118 0.243909 0.156828 0.184657 0.195724 0.223051 0.203825 0.188243 0.148666 0.193489 0.182566 0.146598 0.204155 0.228021 0.252694 0.240138 0.247369 0.222034 0.223719 0.227170 0.289796 0.245994 0.250486 0.256646 0.197476 0.160213 0.264006 0.211725 0.150149 0.201586
0.162181 0.166262 0.088198 0.159085 0.108061 0.208251 0.143713 0.203287 0.159600 0.226607 0.286188 0.200763 0.166049 0.138567 0.146809 0.232089 0.139911 0.161085 0.123569 0.126534 0.165632 0.112315 0.176328 0.233057 0.162653 0.251489 0.244773 0.202956 0.246996 0.192144 0.228684 0.229644 0.236452 0.212313 0.192615 0.141055 0.213004 0.175177 0.135968 0.176406
0.101760 0.145661 0.108115 0.146129 0.104531 0.193412 0.089611 0.170830 0.162595 0.175973 0.189552 0.148880 0.131453 0.182348 0.121379 0.174836 0.144876 0.137228 0.088032 0.130619 0.140134 0.100197 0.134885 0.162041 0.140237 0.160245 0.131873 0.155624 0.175450 0.124879 0.138567 0.147428 0.185227 0.117600 0.123338 0.144737 0.143729 0.167186 0.137985 0.140343
0.164875 0.183801 0.127912 0.134523 0.151570 0.150785 0.129410 0.167649 0.171964 0.119209 0.181383 0.121328 0.162337 0.133968 0.132149 0.143342 0.093971 0.187084 0.119082 0.110481 0.145945 0.155058 0.148082 0.090046 0.101803 0.248025 0.141355 0.127124 0.178116 0.179448 0.112393 0.136547 0.176610 0.171051 0.140923 0.114175 0.155382 0.176002 0.107737 0.163645
0.143029 0.145422 0.070402 0.090230 0.040816 0.116874 0.123225 0.142531 0.142758 0.108281 0.133507 0.127591 0.088833 0.059583 0.082849 0.129122 0.090227 0.099925 0.074864 0.115561 0.135151 0.151333 0.130577 0.137964 0.131693 0.143343 0.155026 0.095279 0.069155 0.130437 0.173174 0.135389 0.155700 0.158687 0.111643 0.111753 0.142957 0.150374 0.164834 0.115084
0.240042 0.248370 0.187645 0.174325 0.167131 0.213540 0.195008 0.208636 0.220641 0.176813 0.170038 0.157361 0.170108 0.140238 0.183655 0.214989 0.150264 0.192106 0.114055 0.196589 0.196892 0.223920 0.221728 0.204483 0.191824 0.204443 0.211713 0.199868 0.175614 0.241012 0.243985 0.191935 0.243426 0.246522 0.168283 0.223845 0.229774 0.302625 0.273494 0.264065
0.288816 0.321986 0.240266 0.214586 0.223204 0.248348 0.201614 0.218404 0.261250 0.254676 0.198822 0.235408 0.192090 0.164259 0.259986 0.237527 0.153387 0.263372 0.167758 0.218115 0.239551 0.224329 0.260788 0.227545 0.233055 0.282728 0.241576 0.249337 0.223678 0.308413 0.307297 0.227053 0.285194 0.284619 0.179632 0.253145 0.333637 0.331017 0.290572 0.340677
0.298094 0.329510 0.247146 0.205725 0.205034 0.270973 0.228469 0.222906 0.242863 0.222084 0.224861 0.188881 0.214678 0.174455 0.294875 0.257010 0.151443 0.284148 0.160663 0.166239 0.267061 0.220572 0.250438 0.235895 0.234427 0.282537 0.225419 0.225146 0.254764 0.265164 0.288815 0.243538 0.278937 0.283533 0.196738 0.248589 0.321508 0.338732 0.270935 0.321565
0.254508 0.295019 0.207351 0.184741 0.180057 0.244367 0.188893 0.190676 0.230771 0.209814 0.222093 0.156015 0.168322 0.142192 0.227426 0.218584 0.138691 0.229514 0.130927 0.171385 0.262305 0.187847 0.213049 0.214945 0.192339 0.242490 0.207880 0.219316 0.205560 0.262857 0.257942 0.186799 0.243333 0.277483 0.171425 0.268605 0.278168 0.308444 0.288146 0.299009
