0.481404 -0.000263 0.611089 0.870547 0.000477 0.731341 0.485233 0.000776 0.001006 0.596718 0.518476 0.000005 0.674112 0.001915 -0.000218 0.001125 0.000246 0.373768 0.001116 0.391801 0.001329 0.094328 0.000929 -0.000327 0.000669 0.000471 0.000547 0.000396 0.001314 0.000479 0.175917 -0.000238 -0.000776 0.001278 0.174889 -0.000057 0.190217 0.000064 0.000941 0.000756
0.224714 0.117697 1.158206 0.001327 0.181209 0.000234 0.001197 0.000908 0.079622 0.000223 -0.000026 0.060328 0.001514 0.000620 -0.000348 0.209872 0.000598 -0.000040 0.000673 -0.000601 0.001165 0.081436 -0.000168 0.000517 -0.000432 0.235809 0.000811 0.000251 -0.000688 0.000254 0.000280 0.000686 0.000634 0.000277 0.262621 0.019843 0.102077 -0.000942 0.001153 0.000330
0.673188 0.052077 0.001323 0.247495 0.001821 -0.000355 0.000718 0.000264 0.438025 -0.000286 0.000795 0.000906 0.001181 -0.000253 0.000760 0.437058 0.000036 -0.000348 0.397995 0.000170 0.001046 0.237177 0.000160 -0.000007 -0.000416 0.035256 0.001023 0.000354 -0.000183 0.000426 -0.000789 0.000990 0.000452 0.000115 0.138356 0.001201 0.094448 0.000292 0.123911 0.001011
0.145704 0.000431 0.386355 0.001409 0.239425 0.336003 0.236314 0.788034 0.000500 0.001202 0.000585 0.000319 0.494670 0.078311 -0.000745 0.474914 0.000070 0.000985 0.001323 -0.000227 0.355542 0.047037 0.524757 -0.000162 -0.000523 0.001717 0.000199 0.000139 0.000719 0.233417 0.000267 0.249742 0.000281 0.001129 0.000766 0.000890 -0.000469 0.000147 0.001034 -0.000164
-0.000673 0.000496 0.770813 0.787841 0.001390 0.000299 0.001558 0.000660 0.000413 0.000100 0.001095 0.700264 -0.000253 1.235170 -0.000452 0.001283 0.000940 0.000507 0.001448 0.000827 0.137585 -0.000336 0.000201 0.179404 0.020517 0.001555 0.000039 0.913743 0.559635 0.001383 -0.000325 0.001246 0.000271 0.000112 0.075984 -0.000311 0.000297 0.373798 -0.000037 0.001225
0.623919 -0.000114 0.000083 0.077766 -0.000855 0.000262 -0.000199 -0.000512 0.000182 0.574956 -0.000583 -0.001123 0.000498 0.001257 0.188033 -0.000131 0.000970 -0.000329 0.000570 0.000205 -0.000589 0.000390 -0.000503 -0.000324 -0.000635 -0.000422 0.000517 -0.000548 -0.001175 0.001317 -0.000731 -0.000834 0.000546 -0.000439 0.000035 0.000719 -0.001079 -0.000369 0.055279 -0.000694
0.586622 0.000214 0.000913 1.042973 0.000617 0.270057 0.242616 0.474142 -0.000045 0.000497 0.785694 0.001210 0.001800 0.401218 0.001705 0.001887 0.361809 0.112208 0.151446 0.001229 0.000609 0.000775 0.045735 0.044863 0.000380 -0.000321 0.000381 0.001116 0.000494 0.001203 0.000458 0.218953 0.000137 0.431436 0.001298 0.105979 0.000877 0.000303 -0.000124 0.001557
0.000233 0.000514 0.159387 0.621807 0.001558 -0.000199 1.337535 0.318175 0.299030 0.000072 0.000963 0.000236 0.000844 0.051339 0.001338 0.000846 0.616011 0.000676 0.001439 0.001238 0.007450 0.001317 0.000289 0.001340 0.393393 0.000416 -0.000318 0.000380 0.001271 0.000131 -0.000405 -0.000249 -0.000452 0.000190 0.000701 0.001723 -0.000033 -0.000346 0.001754 -0.000207
0.000135 -0.000684 0.889586 0.174408 0.001497 0.001291 0.000854 0.673918 0.001745 0.001622 -0.000801 -0.000028 -0.000426 0.000767 0.000133 0.000203 0.000471 0.000362 0.000817 -0.000471 0.001236 0.001429 -0.000375 0.000551 0.000189 0.000531 0.000277 -0.000485 0.000384 0.001865 0.000756 0.001497 0.000879 0.000443 0.001381 0.001158 -0.000633 -0.000357 0.000335 0.001227
0.721048 0.000349 0.001469 0.001272 -0.000267 0.931181 0.000832 0.000860 0.027616 0.374359 0.000320 0.000398 -0.000439 0.000281 1.196879 0.000398 0.065382 0.000483 0.252371 0.525549 0.000122 -0.000058 0.001224 -0.000418 0.001450 -0.000152 -0.000051 0.000862 0.000483 0.984993 0.859692 0.000105 0.706247 0.000483 0.001252 0.241610 0.000685 -0.000577 0.110882 0.001039
1.520358 -0.000089 0.384504 0.469361 0.280984 0.176336 1.490951 0.000489 0.251328 0.489473 0.443404 0.001832 0.444809 0.591071 0.216328 0.011818 0.656252 0.170996 0.333539 0.399506 0.560365 0.313913 0.090581 0.238631 0.396881 0.085113 0.000572 0.108891 0.001734 0.017064 0.544011 0.001459 0.001596 0.237082 0.334252 0.000792 0.221856 0.000126 0.601514 0.000948
0.000056 0.000359 1.202424 0.001231 1.659306 0.223765 0.028638 0.001062 0.163641 0.000886 0.000878 0.113237 0.001068 0.103915 0.001133 0.037108 0.000483 0.000271 0.000662 0.001629 0.027428 0.281358 0.152220 0.046536 0.000823 0.184155 -0.000063 0.000049 1.107843 0.240977 0.001343 0.135128 -0.000151 0.057683 0.022272 0.000245 0.000290 0.408755 0.000571 0.122212
0.628620 0.000980 0.594553 1.216519 0.000542 0.001106 0.001046 0.000444 0.000882 -0.000132 -0.000303 0.000157 0.000335 0.013801 0.000415 0.001223 0.000702 0.001337 0.000410 0.001401 0.001565 -0.000197 0.000533 0.001427 -0.000175 -0.000273 0.000004 -0.000011 -0.000247 -0.000566 -0.000617 0.001188 0.000625 0.000504 0.000057 -0.000442 0.001359 0.001337 0.000317 -0.000340
-0.000145 0.000245 -0.000374 0.717481 0.814769 0.000608 -0.000392 0.000841 0.000350 0.000687 0.000341 0.000704 -0.000901 0.000098 -0.000335 -0.000564 -0.000668 0.000982 0.000480 0.000306 0.393959 -0.000460 -0.000212 0.000894 0.001307 0.000747 -0.000361 0.531473 0.001334 0.000374 -0.000434 0.000305 -0.000371 0.594542 -0.000020 0.000362 0.000088 0.000127 0.000655 -0.000778
-0.000169 -0.000073 -0.000064 0.000837 -0.000814 0.578405 -0.000104 0.000578 0.001287 0.714411 -0.000169 -0.000135 -0.001306 -0.000510 -0.000433 0.000091 -0.000037 0.596638 0.065421 -0.001155 -0.000164 0.085193 0.001061 -0.000260 -0.000450 0.000886 0.000004 -0.000927 -0.000052 0.001199 -0.000334 0.000384 0.000413 0.000287 -0.000027 0.001807 0.000703 -0.001244 0.001000 0.000298
-0.000334 0.000053 0.564065 0.170851 0.047506 0.000936 -0.000683 -0.000095 0.000709 0.000757 -0.000032 0.001048 -0.000148 0.000816 -0.000166 -0.000764 0.001093 0.000940 -0.000525 0.000367 -0.000157 0.000793 0.000488 0.000677 -0.000560 -0.000053 0.000356 0.000991 -0.000342 0.000487 0.000336 -0.000419 0.000050 -0.000293 -0.000661 -0.000148 0.000862 0.000722 -0.000136 -0.000195
0.000625 0.000516 0.000132 0.000225 0.000841 0.001169 0.000777 0.517090 0.000901 -0.000293 0.000180 0.000655 -0.000366 0.000393 0.001043 0.000494 0.000487 0.001014 0.000333 -0.000767 -0.000200 0.484595 0.000869 0.000617 0.000958 -0.000548 0.000237 0.000341 -0.001060 -0.000392 -0.000960 -0.000545 -0.000823 -0.000357 0.000123 0.414490 -0.000576 0.000901 0.000691 0.000342
0.554407 0.000760 0.000394 -0.000705 -0.000301 0.000859 0.000998 0.000892 0.001042 0.015246 0.000423 0.000710 0.000447 -0.001063 0.644869 0.000333 0.001180 -0.000119 0.000688 0.000543 -0.000105 0.000902 0.000538 -0.000012 -0.000041 0.000787 0.000922 0.000672 0.000373 0.000034 -0.000754 -0.000964 -0.000997 -0.000239 0.000437 0.624895 0.000384 -0.000186 0.257906 0.000947
0.000667 0.000944 0.374123 0.000275 0.000614 0.800895 -0.000230 -0.000132 0.000192 -0.000477 -0.001470 0.000521 0.000128 -0.001132 0.000342 0.000466 0.000872 0.058700 -0.000143 -0.001241 0.000641 0.001155 -0.000338 0.000482 -0.000243 0.001033 -0.000627 -0.000686 -0.000483 0.000175 -0.000429 0.000721 0.000527 0.000528 0.000279 0.000735 -0.000477 0.000894 -0.000543 0.000778
0.896242 0.000351 0.170657 0.000564 0.206868 0.324530 0.504995 0.242532 0.137860 1.345304 0.180448 0.020788 0.000945 0.171020 0.260580 0.001483 0.007215 0.234433 0.069348 0.555335 -0.000122 0.058532 0.974201 0.000350 0.151531 0.001142 0.001123 0.101023 0.137055 0.515551 0.330749 1.031169 0.315555 0.001916 0.179183 0.050196 0.042086 0.060486 0.123077 -0.000062
0.000370 -0.000911 0.001470 0.043564 0.001027 -0.000226 -0.000123 0.000946 0.000700 0.000522 -0.000891 -0.000270 -0.000450 0.520113 0.000492 0.000000 -0.000342 0.000459 -0.000414 0.000877 0.001603 -0.000630 0.000365 0.025663 0.000247 0.374458 0.000849 0.000347 0.000526 -0.000011 0.000254 0.001002 0.000535 0.000937 -0.000164 0.000413 0.000190 0.000581 0.000153 0.000802
-0.000275 -0.000043 0.000569 0.497035 -0.001085 0.000634 -0.000032 0.000167 -0.000106 0.000734 0.000132 0.000282 -0.001008 0.000512 0.320583 0.000532 -0.000696 -0.000205 0.000466 -0.000722 -0.000273 0.000864 0.000200 -0.001066 0.499200 0.000649 0.366827 0.000283 -0.001713 -0.000647 -0.000239 -0.000585 0.000524 0.000196 -0.000170 -0.000070 -0.000187 -0.000592 0.000481 0.000721
0.000785 0.000527 0.001831 0.000638 0.000568 0.000715 0.001500 0.437549 0.001165 0.054203 0.001124 0.000763 0.000141 0.044076 0.000583 0.000882 0.419033 0.081234 0.000198 0.547450 -0.000118 -0.000604 0.206737 0.000920 -0.000296 0.000984 0.000537 0.078245 0.000458 -0.000480 0.000593 0.061401 -0.000340 0.169874 0.000939 0.001013 0.000096 0.697968 0.000461 0.616550
-0.000123 -0.000115 0.677102 0.091006 0.000359 0.001867 -0.000426 0.001042 0.001034 -0.001131 0.000803 0.000056 0.000310 0.000471 0.000689 0.000888 -0.000067 0.000059 -0.000025 0.000958 0.598818 0.000002 -0.000384 0.298088 0.001309 0.000140 0.657402 0.000602 -0.000606 0.000455 0.000840 0.000065 -0.000391 -0.000215 -0.000573 0.000826 0.000073 -0.000120 -0.000453 0.000426
-0.001045 -0.000267 -0.000507 0.000703 -0.000913 -0.000491 -0.000832 0.311091 0.000791 -0.000027 -0.000096 0.000346 0.000133 -0.000642 0.000700 -0.000952 0.001168 -0.000048 0.000663 -0.000029 -0.000568 0.167211 -0.001143 -0.000834 0.000716 -0.000617 0.000099 0.000605 -0.001113 0.000748 -0.000904 -0.000694 -0.000085 0.000718 -0.000244 0.000194 -0.000338 -0.000191 0.000089 0.000029
0.000663 -0.000332 0.292487 0.088991 0.001224 -0.000475 0.000191 -0.000094 0.000185 0.000429 -0.000931 0.000307 -0.000312 0.000669 -0.000295 -0.000035 -0.000561 0.001280 -0.000391 0.000971 0.545775 0.000634 -0.000414 0.000590 -0.000795 -0.000255 0.000910 0.000397 0.000429 -0.000876 -0.000573 -0.000352 -0.000603 -0.000518 0.000292 0.000272 -0.000161 0.000189 -0.001101 0.000901
0.000257 -0.000469 0.000484 0.001297 0.000585 -0.000408 -0.000743 0.000260 0.000491 -0.000432 -0.000632 0.000630 -0.000826 -0.000096 0.001379 0.000609 0.000333 -0.000202 -0.000279 0.000907 0.000652 0.000311 0.000817 -0.000020 -0.000127 -0.000140 -0.000334 -0.000638 0.000451 0.000546 0.000742 0.000521 0.001202 0.000597 -0.000441 0.001625 0.001098 0.000565 -0.000352 0.000195
0.001037 0.000541 -0.000018 0.297902 0.475961 0.001020 0.000682 -0.000190 0.000903 -0.000453 -0.000595 -0.000191 -0.000874 1.081867 0.001292 0.000080 0.000196 -0.000749 0.000914 0.000438 0.000429 0.000075 -0.000487 -0.000103 0.001462 0.000634 0.000685 0.000860 0.001526 0.000913 -0.000128 0.000541 -0.000228 0.001033 0.001092 0.000116 -0.000371 0.000646 -0.000301 -0.000474
0.113430 -0.000426 0.507659 0.128044 0.835248 0.001351 0.001746 -0.000751 0.001165 -0.000645 -0.000112 0.685289 0.001329 0.000004 -0.000489 0.001707 0.000826 0.000982 0.000984 0.001618 0.348233 -0.000811 0.001180 -0.000166 0.001105 0.001211 0.001235 0.001792 0.000065 0.001458 0.000418 0.176481 -0.000824 0.001399 0.001084 0.000504 0.001160 0.000414 0.000469 -0.000154
0.000410 0.001045 0.173758 0.701155 0.001000 0.000567 -0.000326 -0.000266 0.000567 0.712283 -0.000355 0.000575 -0.000762 0.000855 0.000660 0.001073 0.000813 -0.000253 0.000868 0.000010 0.001156 -0.000434 -0.000747 -0.000403 0.001480 0.001371 -0.000238 0.000207 0.000233 0.001041 0.000094 0.000241 0.740505 0.000001 0.001413 0.000814 0.001038 -0.000266 0.000469 0.001218
0.722454 0.000782 0.000551 0.000752 0.000318 0.001386 0.001470 -0.000394 0.000679 0.879994 -0.000069 0.000783 0.001357 -0.000041 0.000018 -0.000434 0.001261 0.000448 0.000025 0.000692 -0.000691 0.000227 0.000037 0.000984 -0.000403 -0.000373 0.000744 -0.000178 0.000405 0.001555 -0.000445 -0.000640 0.000923 -0.000289 0.001240 0.000681 0.001076 -0.000673 0.000574 0.000896
0.000099 0.033228 0.441869 0.738980 0.001068 0.264725 0.001548 0.001149 0.180342 0.000002 0.000039 0.001446 -0.000142 0.001553 0.001321 0.000744 0.035221 0.000325 0.000351 0.819969 0.000041 0.029395 0.000619 -0.000013 0.000609 0.000020 0.000680 0.001138 0.000667 0.008706 0.001378 0.000793 0.000268 0.000770 0.008484 0.128095 0.083743 0.000498 -0.000055 -0.000096
-0.000311 0.000671 0.000538 0.000181 -0.000815 0.001481 0.000242 0.000481 0.001126 0.457741 0.000009 0.000556 -0.001259 -0.000326 0.000999 0.000433 0.001238 -0.000313 -0.000291 0.001563 -0.000126 0.000295 0.000780 -0.000836 -0.000558 -0.000201 0.000916 -0.000562 0.000541 0.165294 -0.000138 0.000450 0.000149 0.000261 -0.000104 0.000925 0.001255 0.000450 0.001210 0.001073
0.000479 0.000789 -0.000515 0.263986 0.000669 0.000030 0.492251 0.000708 0.000203 0.001328 0.000296 -0.000350 0.001079 0.097930 -0.000180 -0.000138 0.000440 0.001337 0.000718 0.000513 0.000420 -0.000091 -0.000459 0.000465 0.000231 0.000228 -0.000246 0.000815 0.001014 -0.000584 0.000274 0.000385 -0.000705 0.000654 0.000864 -0.000897 -0.001087 0.000740 0.000905 -0.000007
0.763608 0.132449 1.395620 0.017909 0.356511 0.044607 0.001518 0.000394 0.147603 0.056646 0.029391 0.581709 0.000950 -0.000022 0.001197 0.000714 0.000696 0.170554 0.078614 0.000065 0.000472 0.066808 0.000129 0.245757 0.020651 0.271262 0.001310 0.069357 0.212841 0.000584 0.000063 0.079600 0.001008 0.001023 0.142874 0.000524 0.275165 0.005712 0.333897 0.243262
-0.000510 -0.000299 0.000469 -0.000025 0.000878 0.001169 0.000241 0.000707 0.000526 0.000409 0.000629 -0.000577 0.000615 -0.000756 0.000279 0.000102 0.313356 0.581887 0.000278 -0.000591 -0.000520 0.000160 -0.000212 -0.001227 0.000631 0.000249 -0.000227 0.000589 -0.000091 0.001468 -0.000842 -0.000661 -0.000835 -0.001037 -0.000311 0.000573 0.000155 -0.000513 0.000086 -0.000175
0.784844 0.000363 0.294541 0.001069 0.001283 0.001496 -0.000751 -0.000431 0.000083 0.000643 -0.000268 -0.000211 -0.000330 0.001278 0.001378 0.000795 0.000961 0.075865 0.000279 0.000952 -0.000686 0.000946 0.000012 -0.000817 0.000472 -0.000515 -0.000626 0.000135 -0.000063 0.001123 0.000277 0.000008 0.000662 -0.000624 0.000852 0.000259 0.000444 -0.000263 0.000003 0.000713
0.000561 0.001688 0.336605 0.081991 0.637416 0.115351 0.159896 0.632478 0.046299 0.000034 0.001050 0.027078 0.000605 0.136783 0.195228 0.178541 0.379667 -0.000367 0.375483 -0.000191 0.521567 0.046931 1.173367 0.159793 0.099676 0.000939 0.127420 0.402362 0.001782 0.001127 0.001623 0.112852 -0.000281 0.179499 0.001653 0.055783 0.001741 0.193350 0.000328 0.000302
0.001736 -0.000085 0.658026 0.000576 0.000788 0.307766 -0.000060 -0.001442 -0.000810 0.000473 -0.000930 0.000551 0.000119 0.001221 -0.000001 -0.000716 -0.000413 0.000546 0.000402 0.000631 0.000323 0.000198 0.000010 -0.000331 0.000715 -0.000193 -0.000104 -0.001108 -0.000261 -0.000185 0.000345 -0.000519 0.000433 0.000328 0.000645 0.000841 -0.000104 -0.001038 -0.000567 0.000452
0.180188 0.138113 1.057984 0.740666 0.286234 0.027064 -0.000232 0.015675 0.000146 0.010354 0.001130 0.087949 0.000316 0.001134 0.264506 0.000315 0.242011 0.000383 0.139733 0.013714 0.000982 -0.000285 0.735176 0.492678 0.324722 0.019326 0.194902 0.032138 0.000232 0.000487 0.000108 0.001260 0.000935 0.023292 -0.000319 0.000616 0.000619 0.001342 0.438500 0.162896
