 1  7  4 0.651042
 2  9  1 0.668889
 3  4  2 0.866667
 4  4  4 0.809524
 5  7  4 0.924731
 6  6  2 0.791667
 7  9  2 0.770833
 8 10  3 0.858333
 9 10  1 0.827586
10  9  4 0.671875
11  6  2 0.827957
12  5  3 1.000000
13 10  3 0.843750
14  4  4 0.800000
15  4  4 0.781250
16 10  3 0.906250
17  4  3 0.875000
18 10  3 0.843750
19 10  3 0.906250
20  6  4 0.591398
21  6  4 0.953125
22  8  4 0.859375
23 10  3 0.921875
24 10  1 0.648276
25  6  3 0.924731
26  7  1 0.903226
27 10  4 0.718750
28  7  4 0.741667
29  4  2 0.666667
30  6  1 0.758333
31  4  4 0.608333
32  5  1 0.738095
33  9  2 0.757576
34  4  1 0.667820
