 1  7  4 0.624567
 2 10  3 0.675000
 3  4  2 0.794466
 4  4  4 0.809524
 5  7  4 0.866667
 6  6  2 0.686207
 7  9  2 0.689655
 8 10  3 0.765517
 9 10  1 0.723214
10  9  4 0.731183
11  6  2 0.687500
12  6  4 0.843750
13  5  4 0.623656
14  6  4 0.791667
15  4  4 0.838710
16 10  3 0.634409
17  4  3 0.698925
18 10  3 0.612903
19 10  3 0.698925
20  6  4 0.675000
21  9  4 0.881720
22  8  4 0.806452
23 10  3 0.913978
24  4  4 0.625000
25  6  3 0.791667
26  7  1 0.695833
27  4  4 0.580645
28  5  4 0.710345
29  8  4 0.558333
30  5  2 0.613793
31  4  4 0.668966
32  9  4 0.719577
33  9  2 0.727106
34  4  1 0.611111
