0.546335 0.445396 0.477223 0.41311 0.381609 0.506518 0.453292 0.463519 0.587973 0.377425 0.360795 0.367568 0.511905 0.485417 0.317673 0.440397 0.481771 0.446903 0.494334 0.498168 0.549738 0.480663 0.493182 0.483986 0.413187 0.448276 0.39845 0.477855 0.426471 0.453216 0.466102 
0.506579 0.491349 0.480207 0.489888 0.481343 0.517526 0.366733 0.451737 0.414188 0.332248 0.425197 0.383442 0.494444 0.469849 0.478261 0.410305 0.431907 0.434389 0.467442 0.530928 0.394667 0.414698 0.488491 0.511364 0.43871 0.463511 0.407725 0.372283 0.4 0.482206 0.497283 
0.452303 0.4197 0.416309 0.445619 0.477633 0.406344 0.438406 0.44186 0.397647 0.440141 0.436482 0.359574 0.381271 0.418919 0.495069 0.397408 0.309469 0.297214 0.315789 0.473941 0.427746 0.454073 0.472272 0.442529 0.483122 0.401786 0.393536 0.34748 0.439462 0.414234 0.35177 
0.451078 0.468165 0.357447 0.404864 0.423767 0.347732 0.369748 0.388186 0.445596 0.437882 0.338521 0.411003 0.476839 0.368321 0.476447 0.4375 0.485114 0.399668 0.444969 0.479323 0.425963 0.488696 0.269397 0.389091 0.315789 0.346154 0.311927 0.332604 0.5 0.380665 0.355263 
0.392857 0.412429 0.458522 0.245217 0.202 0.330579 0.465026 0.415663 0.23913 0.269841 0.215584 0.41311 0.337662 0.420857 0.3138 0.336188 0.448931 0.514161 0.262366 0.290909 0.424731 0.394444 0.355509 0.361757 0.460154 0.347586 0.379728 0.335121 0.344578 0.372986 0.339416 
0.448553 0.398074 0.309735 0.381533 0.207746 0.202783 0.27656 0.349901 0.430556 0.225071 0.22365 0.35101 0.291866 0.344828 0.422642 0.330233 0.270014 0.316434 0.230576 0.293956 0.371482 0.257732 0.364807 0.360097 0.420058 0.458716 0.357303 0.35473 0.323944 0.284569 0.300836 
0.547855 0.317308 0.235174 0.410853 0.432727 0.4624 0.265941 0.277154 0.220056 0.41133 0.425047 0.541494 0.522648 0.552147 0.27248 0.252809 0.328947 0.396963 0.474747 0.435955 0.450915 0.375405 0.501548 0.509317 0.562937 0.48037 0.468439 0.429872 0.459649 0.425486 0.416938 
0.44898 0.438931 0.420082 0.3824 0.447712 0.46571 0.409871 0.351474 0.368627 0.361582 0.495327 0.355482 0.456439 0.362851 0.483932 0.412811 0.316901 0.32549 0.480801 0.441975 0.426339 0.419048 0.360231 0.388309 0.404135 0.318493 0.431416 0.50348 0.380795 0.284424 0.327801 
0.357827 0.441016 0.388471 0.403915 0.421717 0.387097 0.377604 0.369231 0.337838 0.410959 0.441901 0.38 0.397674 0.387892 0.444156 0.38756 0.496042 0.260638 0.316176 0.343931 0.432384 0.383178 0.381818 0.375 0.311927 0.446337 0.412752 0.413333 0.406181 0.360294 0.39823 
0.431072 0.489559 0.423841 0.454545 0.401806 0.495516 0.435323 0.394737 0.340741 0.43662 0.475 0.468828 0.477089 0.490054 0.362637 0.460358 0.364055 0.415282 0.361798 0.370588 0.385269 0.323699 0.329073 0.490566 0.447592 0.33871 0.382857 0.344444 0.362275 0.34901 0.532808 
0.381818 0.420635 0.453532 0.402093 0.464716 0.33125 0.254606 0.233333 0.273698 0.433681 0.340467 0.459119 0.248876 0.262887 0.198492 0.332414 0.376543 0.417763 0.5 0.216157 0.340471 0.342149 0.4448 0.373397 0.340633 0.400369 0.379363 0.421053 0.31117 0.409357 0.323529 
0.381271 0.53271 0.354167 0.542813 0.52093 0.46027 0.283364 0.314629 0.405114 0.393375 0.434307 0.26158 0.373957 0.543033 0.579946 0.609756 0.332258 0.50858 0.498994 0.395122 0.348299 0.571695 0.587156 0.272532 0.503226 0.580488 0.503185 0.359801 0.361702 0.521667 0.327787 
0.368012 0.392857 0.301775 0.468668 0.351541 0.282158 0.41046 0.49328 0.466312 0.349206 0.315412 0.360963 0.513089 0.406427 0.235417 0.413559 0.28115 0.361949 0.337434 0.422179 0.40396 0.352941 0.417533 0.459807 0.384491 0.396175 0.321101 0.443243 0.31941 0.471264 0.312883 
0.463415 0.448043 0.504329 0.367841 0.239819 0.211577 0.392157 0.436261 0.311178 0.289773 0.253623 0.228164 0.2 0.323276 0.490501 0.2375 0.203774 0.440895 0.309829 0.37 0.303704 0.301109 0.294379 0.347079 0.316031 0.426357 0.386598 0.414343 0.392256 0.481159 0.507246 
0.510563 0.4875 0.474946 0.476692 0.505529 0.425039 0.444186 0.521669 0.43083 0.309659 0.350769 0.561247 0.597679 0.4 0.356955 0.495902 0.504335 0.573944 0.463811 0.610245 0.430769 0.349272 0.403226 0.43222 0.612691 0.448171 0.296196 0.544699 0.463087 0.342466 0.579592 
0.350598 0.519451 0.505882 0.551963 0.634 0.515228 0.552113 0.496094 0.454839 0.498462 0.453608 0.639556 0.591892 0.330612 0.536082 0.609164 0.386139 0.540936 0.555874 0.578366 0.571023 0.561828 0.577197 0.511401 0.630952 0.648571 0.543578 0.625974 0.373702 0.558747 0.489209 
0.582382 0.472103 0.484456 0.401786 0.476351 0.54375 0.500924 0.305136 0.492872 0.509766 0.47619 0.519393 0.554113 0.311203 0.450777 0.336806 0.430693 0.456221 0.566449 0.520343 0.557647 0.325359 0.341902 0.494764 0.484674 0.487654 0.46129 0.403189 0.34767 0.389571 0.47907 
0.358553 0.545283 0.496016 0.591036 0.49095 0.551383 0.522145 0.46988 0.513126 0.633962 0.526316 0.524625 0.646552 0.580407 0.498645 0.47379 0.309701 0.484932 0.539961 0.527083 0.619048 0.525253 0.585812 0.360795 0.510246 0.465181 0.598253 0.336601 0.540441 0.479339 0.550914 
0.432 0.397826 0.501597 0.460064 0.376106 0.450156 0.439024 0.535637 0.572597 0.331476 0.392523 0.405864 0.462366 0.531187 0.511858 0.404145 0.411067 0.375587 0.412393 0.44065 0.362235 0.518841 0.440397 0.443609 0.427184 0.535256 0.457213 0.528818 0.441595 0.256858 0.37381 
0.467422 0.611111 0.517241 0.480712 0.426282 0.480243 0.585202 0.512376 0.585052 0.458647 0.485549 0.450402 0.51954 0.317269 0.321267 0.56044 0.584352 0.488095 0.471338 0.359862 0.429032 0.496914 0.585366 0.569343 0.409253 0.5 0.565534 0.441472 0.589286 0.517341 0.429395 
0.408669 0.574803 0.475177 0.463731 0.578078 0.541791 0.533945 0.491632 0.491289 0.581439 0.507812 0.543002 0.536946 0.490405 0.429775 0.414141 0.368794 0.494565 0.461682 0.57947 0.527002 0.417303 0.555357 0.567623 0.534535 0.456869 0.469444 0.548223 0.506239 0.459524 0.443694 
0.384962 0.385346 0.487671 0.48605 0.449782 0.424063 0.381279 0.399478 0.417323 0.325911 0.440476 0.432836 0.438326 0.259701 0.284507 0.440233 0.478339 0.460177 0.34375 0.358369 0.442387 0.395105 0.372591 0.409274 0.317215 0.354379 0.464912 0.281124 0.40806 0.476974 0.286207 
0.460345 0.438655 0.35729 0.419283 0.403614 0.413514 0.42381 0.476117 0.410095 0.352837 0.49661 0.380671 0.518375 0.272446 0.327684 0.326693 0.43097 0.483264 0.42394 0.482309 0.36092 0.289694 0.382353 0.481633 0.394928 0.363803 0.300613 0.439803 0.45203 0.502488 0.435039 
0.590805 0.581475 0.470284 0.402204 0.539301 0.519337 0.491039 0.638211 0.493151 0.432099 0.51634 0.628159 0.484375 0.361194 0.515244 0.451049 0.513064 0.641892 0.49226 0.54798 0.611789 0.436202 0.361371 0.59375 0.481605 0.40874 0.514286 0.373665 0.578652 0.44795 0.468254 
0.418006 0.523052 0.490868 0.521008 0.517857 0.483301 0.494005 0.516194 0.565574 0.542342 0.402516 0.525907 0.524752 0.512195 0.421471 0.435361 0.521921 0.384422 0.337621 0.431217 0.466667 0.526316 0.437931 0.493639 0.480167 0.409292 0.375758 0.56875 0.508393 0.504394 0.422819 
0.523894 0.559415 0.538079 0.473568 0.49513 0.520468 0.573333 0.529801 0.649396 0.554608 0.612628 0.585714 0.507795 0.566485 0.453202 0.481793 0.567241 0.367089 0.541333 0.501742 0.382979 0.494279 0.533563 0.5386 0.45 0.451404 0.587786 0.454259 0.44127 0.513944 0.486607 
0.52 0.505435 0.387097 0.562642 0.551971 0.466805 0.476298 0.48227 0.465426 0.528736 0.472678 0.451895 0.465318 0.434932 0.397516 0.583133 0.365385 0.321267 0.476804 0.547059 0.533854 0.498525 0.37883 0.533333 0.456332 0.355263 0.512376 0.51005 0.383803 0.438871 0.40184 
0.337349 0.446735 0.459547 0.427313 0.451128 0.435331 0.410204 0.513333 0.523188 0.455479 0.371429 0.435388 0.371345 0.434568 0.449298 0.424528 0.495238 0.393678 0.468127 0.333333 0.382166 0.463551 0.394805 0.495385 0.508121 0.416495 0.41048 0.470238 0.307018 0.403315 0.361644 
0.37037 0.466071 0.444846 0.404306 0.363636 0.440594 0.421144 0.451128 0.432432 0.496169 0.470046 0.480804 0.459016 0.407942 0.396714 0.451515 0.428241 0.361204 0.333333 0.526066 0.427536 0.452747 0.480469 0.445833 0.430481 0.383598 0.37594 0.461698 0.42344 0.419048 0.370031 
0.399329 0.531621 0.536638 0.5 0.525046 0.541766 0.511509 0.456338 0.508121 0.556582 0.513716 0.504065 0.54491 0.488312 0.516704 0.535802 0.465046 0.547826 0.329317 0.370629 0.570632 0.513064 0.523529 0.543379 0.4 0.507592 0.416667 0.574163 0.424342 0.47351 0.510811 
0.497925 0.589011 0.560302 0.478659 0.589286 0.505556 0.535385 0.505085 0.544199 0.465863 0.616279 0.555556 0.5625 0.505495 0.523962 0.564179 0.526316 0.341232 0.374468 0.496552 0.58221 0.508834 0.555556 0.438462 0.560224 0.476987 0.493878 0.441065 0.562147 0.5 0.526316 
