0.000000 0.773430 0.000000 0.000000 -2.193465 0.000000 0.000000 0.000000 0.000000 2.587676 2.941266 -2.603753 -3.589053 0.000000 0.000000 -0.889288 -1.928564 0.000000 0.000000 3.797236 0.664012 -2.468345 0.000000 2.062359 -1.693440 0.000000 4.287702 0.000000 0.000000 0.000000 4.471621 3.371155 3.086195 -1.943466 0.000000 -1.901275 1.790139 1.826388 0.000000 -3.016076
0.000000 3.235552 -4.263517 4.231984 6.795139 5.029833 0.000000 5.428479 3.226116 0.000000 -3.876350 0.000000 0.828974 0.000000 2.097859 4.137746 0.000000 2.802886 0.000000 0.000000 -5.304775 5.756673 0.000000 1.634027 3.259406 -0.247662 1.409557 0.000000 2.082647 1.374521 0.017887 0.000000 0.480466 1.345064 1.749774 -6.087285 0.000000 0.000000 0.000000 3.028937
6.022828 1.708406 10.416286 6.326808 0.000000 0.000000 1.590476 1.257390 4.224768 2.286362 7.763291 3.934442 5.582254 4.376789 0.761215 4.714946 5.529456 2.526024 4.606964 7.679645 1.666480 -0.951325 2.353463 3.478178 0.522917 7.033937 0.000000 0.579592 2.472058 4.059103 7.857926 0.000000 1.838634 6.331398 0.000000 6.622147 0.283469 3.706297 2.032224 0.000000
2.884123 1.452527 1.508405 -2.923422 0.000000 3.394142 -4.376109 4.559185 -1.248982 2.315801 0.000000 0.000000 3.191879 0.000000 0.000000 0.000000 0.000000 -7.361305 -1.814206 0.000000 0.000000 -3.457752 2.312731 -5.064715 -4.898456 1.487059 -1.460426 0.000000 0.000000 0.000000 -1.151129 2.672479 3.152536 1.377141 0.000000 -2.806813 1.417149 -0.799709 0.000000 -2.082397
-1.664465 -1.475202 2.582371 0.865802 1.390571 0.000000 0.000000 0.000000 1.038162 4.078902 3.924628 0.000000 0.000000 0.000000 3.676436 -2.757620 0.000000 1.102520 0.000000 0.000000 3.460411 0.000000 0.000000 0.000000 -2.542127 0.000000 0.000000 1.199646 0.000000 0.000000 -1.679485 0.000000 0.000000 -1.438435 0.000000 -4.986651 -3.681677 0.000000 0.000000 0.000000
2.967364 1.346267 1.758441 2.328051 0.000000 0.000000 0.000000 -1.549149 2.777368 0.000000 1.358123 3.272361 3.456270 3.581079 2.648501 1.025856 0.000000 0.000000 2.406016 0.000000 0.921350 3.011884 -2.010609 1.669162 2.870453 1.508012 0.000000 1.048346 1.803943 0.000000 2.488455 0.000000 0.000000 2.478165 1.582534 1.840852 -1.193994 1.648960 1.891920 1.919245
3.735687 0.000000 5.476266 0.161210 1.273169 -2.351940 7.708739 0.000000 0.424314 0.000000 4.364423 2.537837 0.000000 0.000000 0.000000 -1.753236 3.290562 4.619017 2.169115 0.000000 7.207150 7.780601 0.000000 0.000000 2.211027 3.156221 0.981275 0.000000 2.831083 1.695265 -4.765963 0.000000 0.000000 2.057116 0.000000 4.051631 6.085964 2.482730 0.000000 3.634258
-1.701839 2.498713 -0.118185 4.607792 -0.611941 -2.808570 4.287152 -1.693476 -0.916783 -2.463600 -2.531540 0.000000 -1.581279 1.509594 1.859265 3.279383 0.000000 4.621485 0.000000 0.000000 0.000000 -0.322355 0.000000 2.980243 3.855802 0.000000 -1.363559 -2.027564 -2.847970 -2.551421 -1.579108 0.000000 1.032647 -0.849590 0.000000 2.298182 -1.751579 0.000000 0.000000 -0.580896
0.000000 2.497601 2.841720 0.000000 -2.804047 -1.452046 -1.889388 1.681087 2.078911 0.000000 -2.095197 0.000000 0.000000 0.000000 0.549909 0.000000 0.000000 0.000000 -2.035905 0.000000 4.138275 -2.653169 -2.232255 -1.075151 0.000000 2.068465 0.000000 0.000000 0.000000 -1.204681 0.000000 0.000000 0.000000 0.000000 2.747639 2.969004 1.028226 -2.065276 0.853888 -1.351504
0.000000 0.000000 2.657121 3.837494 3.883519 1.824769 2.490328 3.029666 4.360275 5.042756 0.000000 0.000000 2.065077 -4.054576 2.531933 2.632828 1.088457 1.296378 2.349534 3.370880 -2.769937 3.928276 4.070901 1.409933 4.948913 -3.648041 -1.069904 0.782808 0.894861 7.830741 1.781359 0.000000 0.000000 1.749509 0.000000 0.000000 -0.894739 0.956832 2.974898 2.381139
3.396884 1.205298 -0.819978 4.899269 0.000000 1.986781 -2.319242 3.189866 1.136710 -3.355067 0.000000 0.923775 6.413557 1.854885 0.000000 0.879868 -1.881164 2.365352 0.000000 -3.391651 -3.635428 -1.988963 0.000000 1.962682 0.000000 0.000000 0.000000 0.000000 2.235186 1.494081 1.523170 -1.676121 -2.759684 2.987253 1.926678 0.000000 -2.089743 -1.618911 0.000000 2.596419
0.000000 2.093591 0.089540 1.069361 0.000000 0.000000 0.977060 0.000000 0.000000 0.000000 0.000000 0.000000 0.000000 2.184697 0.808974 0.000000 1.688119 -1.099348 0.000000 0.000000 1.779793 0.000000 0.000000 0.000000 -1.011823 2.774703 0.000000 0.000000 0.000000 -1.939214 1.115897 2.652534 0.000000 0.707908 0.000000 2.289593 4.399106 0.000000 2.564015 0.733800
0.000000 0.653059 -0.786191 0.000000 0.000000 0.000000 -0.841612 0.000000 1.019657 1.667812 -1.041435 0.000000 0.000000 0.000000 0.000000 2.408758 3.634613 -1.341431 0.000000 0.000000 -2.450463 -1.424734 3.158344 0.000000 0.912671 -1.270190 -2.549433 -0.893051 -1.432242 0.000000 -1.165312 -1.850403 0.000000 0.000000 -2.128012 0.000000 -1.516731 0.000000 0.000000 -2.661829
0.000000 -3.581737 0.000000 0.000000 1.308669 0.000000 0.000000 0.000000 0.000000 0.000000 0.000000 0.000000 0.000000 0.000000 0.000000 0.000000 0.000000 0.000000 0.000000 0.000000 3.604258 3.448409 -2.001333 0.000000 -1.120958 0.000000 4.627138 2.142428 0.000000 0.000000 1.186510 0.000000 -3.625967 0.000000 0.000000 -2.693879 0.000000 -2.337096 0.000000 1.593829
0.000000 1.305145 4.728930 0.000000 0.000000 0.980735 0.000000 0.000000 2.151490 2.339099 1.714413 1.662939 0.000000 0.000000 3.124466 0.000000 0.000000 1.480786 0.000000 0.000000 0.000000 1.767708 0.000000 0.000000 0.000000 0.000000 0.000000 -0.768781 2.339048 2.226855 -1.564843 0.000000 3.254380 -0.932713 2.173889 -2.092577 0.311374 0.000000 1.853161 0.000000
-1.809593 2.082476 5.136705 -2.228710 -1.880932 1.364978 -0.758093 -1.269829 0.000000 1.298331 0.000000 0.000000 0.000000 -3.726397 -2.022748 0.000000 0.000000 -2.894581 0.000000 0.000000 3.414793 0.114341 0.000000 0.000000 2.043345 0.000000 1.500020 1.959998 1.390849 3.347409 -3.168748 0.000000 1.938452 0.000000 0.000000 1.877616 -1.114149 0.000000 1.962654 0.000000
-4.233148 -2.894617 -4.419223 -0.671402 0.000000 1.075890 1.298541 -3.422586 -2.138541 -2.989257 -2.077724 -1.126872 -3.279813 0.000000 -2.785324 -1.632695 -3.835838 0.000000 0.000000 0.000000 -3.945596 -0.162644 -3.726561 0.000000 0.000000 -2.659476 0.000000 -3.175260 0.000000 0.000000 0.865954 -2.998313 0.000000 -0.876026 0.000000 -1.905528 -1.643738 -0.841137 -1.159320 -1.407169
0.000000 2.331917 0.875768 2.759546 -0.668274 0.000000 -1.177993 0.000000 0.769536 1.652974 2.406476 0.000000 2.154388 3.174666 3.118075 -1.185138 0.000000 3.304043 0.000000 0.000000 0.000000 -1.473063 0.000000 0.000000 0.000000 0.000000 -3.568310 0.000000 0.000000 -3.388833 -2.482509 0.000000 0.000000 0.000000 0.000000 0.000000 -1.679545 0.914795 0.000000 1.118407
1.331487 1.380392 0.181811 0.553606 0.000000 0.000000 0.000000 1.460583 0.000000 2.271173 0.000000 0.977842 0.000000 1.656445 0.000000 -0.788727 0.000000 -1.324146 0.000000 0.000000 -2.501044 -2.571926 0.000000 1.867635 0.000000 0.000000 -1.279443 0.553669 0.000000 0.000000 1.994841 1.573770 0.000000 -2.094265 0.000000 1.197346 3.120695 2.732588 2.151051 0.000000
1.900964 0.000000 4.247708 0.000000 1.754299 0.000000 0.909488 0.000000 -2.477689 3.800500 2.986526 0.000000 0.000000 0.000000 0.000000 0.000000 0.000000 0.000000 0.000000 0.000000 0.000000 0.715942 1.824591 0.000000 0.000000 2.298056 -1.296788 0.000000 0.000000 0.000000 1.718146 0.000000 0.000000 0.000000 0.000000 0.000000 0.000000 -1.356620 0.000000 0.000000
-1.181510 1.452664 2.004730 2.348698 0.000000 1.270282 1.277163 0.000000 -2.753613 -1.296371 0.000000 0.000000 -3.566064 -2.361974 0.000000 0.000000 0.000000 2.548872 0.000000 0.000000 4.784795 0.000000 0.000000 2.833388 0.000000 0.000000 0.000000 0.000000 0.000000 1.255587 -3.622283 0.000000 0.000000 0.000000 0.000000 -1.579222 0.000000 -1.178637 0.000000 0.000000
1.853310 1.024584 0.812610 0.000000 1.757617 2.502209 0.000000 -1.164896 1.453289 1.981752 1.290510 1.301641 0.000000 1.977640 0.000000 2.385257 3.117243 0.000000 2.648898 3.730335 2.127386 -0.775586 0.000000 1.365666 0.939041 1.389776 4.064408 0.905200 0.000000 2.303646 3.574631 1.544345 2.257024 2.526106 0.000000 1.515005 2.394832 1.978503 0.000000 2.264253
1.754893 -1.175141 -2.483289 2.617927 -1.981528 0.000000 0.000000 -1.820903 -0.996168 -2.227732 -2.974246 -2.107253 -2.339608 2.193903 0.000000 0.000000 -1.891179 0.000000 0.000000 1.385948 -2.506152 0.586609 0.000000 0.000000 0.000000 0.000000 -1.087286 0.000000 0.000000 0.000000 2.184267 0.000000 -3.147757 0.000000 0.000000 4.527063 2.492648 1.833960 2.312850 0.000000
0.000000 0.000000 1.363829 0.000000 0.000000 0.000000 -1.552391 -3.537063 0.000000 0.000000 -1.948317 0.000000 -4.093736 0.000000 1.106424 1.078679 0.000000 0.000000 0.000000 -1.277824 2.597580 -2.185323 -1.548216 0.000000 0.000000 0.000000 0.000000 0.000000 0.705586 0.000000 -2.231693 -5.137408 0.000000 0.000000 0.000000 -1.070602 -6.362069 -3.219650 -2.203947 -1.580530
0.000000 0.000000 -1.588272 -1.775208 0.000000 0.000000 -1.140586 0.000000 0.000000 -2.745515 -1.136931 1.044998 1.876409 0.000000 0.000000 1.090073 1.997394 0.000000 0.000000 0.000000 0.000000 0.000000 0.000000 -2.264687 0.000000 0.000000 -1.480163 0.000000 0.000000 0.000000 -0.620849 -1.927902 0.000000 1.068759 0.000000 1.790554 -2.178989 1.396024 -2.326305 0.000000
3.458354 1.897290 2.833573 0.000000 -1.713046 0.000000 0.000000 0.000000 2.855801 0.000000 1.551093 0.000000 2.517433 2.525289 -1.828026 -2.382964 -3.621329 -1.957592 0.000000 -3.186286 -2.709917 1.449167 0.000000 0.000000 0.000000 0.000000 0.000000 0.000000 3.403358 3.790928 2.903757 0.000000 0.739941 -1.250865 0.000000 2.577797 4.178962 1.242451 2.622544 1.016636
0.000000 0.000000 -3.010618 0.000000 0.000000 -2.415705 -1.098800 0.000000 -1.911584 0.000000 0.000000 -1.456281 0.000000 0.000000 -1.087833 0.000000 0.000000 1.834258 0.000000 0.000000 -2.011049 -0.622624 0.000000 0.000000 0.000000 3.284538 1.192407 1.559558 -1.047547 -2.661103 0.000000 0.000000 0.000000 0.000000 0.000000 0.000000 0.000000 0.000000 -1.944422 -2.211765
-2.710851 2.143613 -2.293962 -1.758833 0.000000 0.000000 0.000000 2.571105 -1.566236 -4.208396 -3.969626 0.000000 0.000000 2.221377 0.000000 0.000000 0.000000 -1.290878 0.000000 0.000000 -2.412129 0.000000 0.000000 -2.821178 -1.843594 0.000000 -3.451905 0.000000 0.000000 -3.431807 -0.431210 1.910095 -4.540052 1.731822 -2.542257 0.000000 1.946017 -1.526037 0.000000 0.000000
-2.164395 0.000000 -1.494727 1.028469 1.487831 0.000000 2.096921 0.000000 0.000000 0.000000 1.598127 2.075914 5.204172 0.000000 0.000000 -1.280571 0.000000 1.894699 3.035016 -2.208748 -2.969220 0.237190 3.865360 3.191993 0.000000 -4.872219 0.000000 -1.078303 0.000000 0.000000 -1.287123 3.074738 0.000000 0.000000 0.000000 0.000000 1.481261 2.899845 2.074327 2.285813
1.243675 0.469358 -4.249646 0.000000 0.000000 0.000000 0.000000 1.276182 -1.277362 3.319823 0.000000 0.000000 -2.331489 0.000000 0.000000 0.000000 0.000000 0.000000 0.000000 0.000000 0.000000 -1.466816 0.000000 0.000000 -1.193854 0.861262 3.559502 1.337595 1.489187 0.000000 3.212153 0.963554 1.547616 -1.235560 0.000000 0.000000 2.125106 0.000000 -1.733733 0.000000
1.900458 0.000000 -0.842425 1.471509 0.000000 0.000000 0.000000 0.000000 0.000000 2.117267 0.000000 0.000000 3.636011 0.000000 0.000000 0.000000 1.540592 1.164378 0.000000 0.000000 0.000000 0.574441 0.000000 0.000000 0.000000 1.022836 -2.569724 0.000000 0.000000 0.000000 1.566891 1.262345 1.304432 0.833488 1.966745 2.077035 0.333985 0.000000 0.000000 1.011347
-1.744022 -3.612394 -2.220488 0.000000 2.090828 1.645740 0.000000 2.573807 1.948547 0.000000 2.602283 0.000000 0.000000 0.000000 -0.890278 0.000000 2.436300 0.000000 0.000000 1.800964 0.000000 0.000000 2.123551 0.000000 1.168637 -1.386463 -0.774461 0.000000 -3.081656 -2.033074 0.000000 2.817386 -1.580962 -3.093379 0.000000 -1.426851 0.000000 0.000000 0.000000 1.308655
2.737603 0.904312 1.420052 0.000000 0.000000 2.093347 1.481888 0.000000 -3.184073 -3.039490 1.636828 1.115138 0.000000 4.213266 0.000000 -2.048653 0.000000 0.000000 0.000000 0.000000 4.067834 0.746737 0.000000 0.000000 0.000000 3.741884 2.326037 2.030041 0.000000 -3.348579 0.000000 2.117736 0.000000 1.820245 0.000000 2.878144 1.658074 0.000000 0.000000 0.000000
0.000000 -3.619277 -2.114126 -1.919805 -4.127575 -1.579216 1.581937 -2.300840 -3.181233 0.000000 -2.332293 -1.123110 -3.757582 0.000000 0.000000 -1.563868 -2.622335 -2.496656 0.000000 -2.036991 -2.183441 -2.187333 0.000000 0.000000 -2.007561 0.000000 -1.172121 -1.261491 0.000000 0.000000 -2.089065 -1.041280 0.000000 -1.104725 -2.347144 0.000000 0.000000 0.000000 0.000000 -2.581642
1.234884 0.000000 0.595403 0.000000 3.377652 0.000000 1.510119 0.000000 -1.070109 0.000000 0.391615 2.230400 1.476898 0.000000 0.000000 0.000000 0.000000 0.000000 0.000000 0.000000 2.696130 4.541320 -2.982195 -1.970126 0.000000 1.141677 2.028634 2.203910 -2.109998 1.691952 3.374820 0.000000 0.000000 0.000000 3.454432 0.000000 0.000000 -1.742668 0.000000 2.199454
1.992146 1.309282 0.304175 1.991239 2.295891 1.748650 0.000000 3.079983 3.080205 1.759359 0.000000 0.000000 0.000000 -2.558812 0.000000 3.659354 2.067192 1.513256 0.000000 2.077125 1.697912 1.492223 0.000000 0.000000 3.218826 -1.669649 2.299061 3.473796 0.000000 3.402178 1.800172 0.000000 0.000000 0.000000 1.897902 0.000000 0.465485 -1.457951 0.000000 1.484810
0.000000 -3.323360 -1.958254 -4.232614 3.514210 0.000000 2.133886 0.000000 0.000000 0.000000 -1.749716 0.000000 0.000000 -2.896538 0.000000 -1.406296 2.098962 -1.403662 0.000000 -2.065591 -2.104932 -1.189099 2.997520 0.000000 -2.214565 -5.750853 0.000000 0.000000 -2.337999 0.000000 -2.314501 1.762857 1.509792 -3.176865 0.000000 -2.874414 2.300412 3.105055 0.000000 0.000000
0.000000 1.870577 2.464116 0.000000 0.000000 0.000000 -1.725549 -1.695022 1.461772 0.000000 3.216761 0.000000 1.724260 0.000000 -2.513184 -1.912438 0.000000 0.000000 0.000000 2.043121 1.497522 3.082150 0.000000 0.000000 2.473012 1.897434 3.377645 1.406652 2.615014 0.000000 0.000000 0.000000 1.170821 2.323738 0.000000 -2.211056 -3.528046 0.000000 0.000000 0.000000
1.760732 0.916844 0.863337 2.132245 2.419373 2.212318 0.813129 1.668139 0.000000 0.881633 0.000000 0.000000 0.000000 0.000000 -1.024923 1.259082 0.000000 2.635562 0.000000 0.000000 0.075634 2.151324 0.000000 0.000000 0.000000 1.654932 1.983102 2.209839 2.803051 1.421257 2.357126 0.000000 0.000000 0.000000 0.000000 1.240529 0.977980 0.000000 0.000000 0.756134
-1.795433 -4.657190 -1.911637 -3.938936 0.000000 -1.375569 1.000196 0.000000 -2.245027 0.000000 1.331838 0.000000 -1.910134 0.000000 2.523837 0.000000 0.000000 -1.368285 0.000000 0.000000 2.953671 -2.115829 4.760943 0.000000 0.000000 -2.454178 0.880956 0.000000 -3.243366 -5.744284 -1.546900 3.895849 0.000000 0.000000 0.000000 0.000000 0.000000 1.463278 -2.555888 0.000000
