1.865548 0.437949 1.507085 1.488215 0.689731 0.944991 1.763935 0.885849 0.732708 0.943325 1.388053 0.341104 1.301517 0.000000 0.000000 0.000000 0.921315 0.730303 0.000000 1.051470 0.381911 1.269538 1.217527 0.690788 0.644861 0.461335 0.249878 0.566435 1.035111 1.221977 0.585450 0.893409 0.387594 0.968029 0.000000 0.787141 0.931952 0.459233 0.478728 0.475700
0.431402 0.520319 1.305675 0.790417 0.977423 0.624155 1.350096 0.747179 0.402277 0.718120 0.385850 0.529277 0.000000 0.310959 1.535755 0.000000 0.000000 0.000000 1.236237 0.956711 0.703794 0.473063 0.000000 0.000000 0.000000 0.337209 0.111661 0.491450 0.759902 0.000000 0.333318 0.653249 0.205810 0.000000 0.000000 0.000000 0.332632 0.465417 0.467649 0.354647
0.437628 0.529892 1.387497 0.831512 1.013698 0.639058 1.406611 0.786025 0.414122 0.743074 0.401215 0.550615 0.000000 0.325857 1.572815 0.000000 0.000000 0.000000 1.301303 0.970065 0.723258 0.484359 0.000000 0.000000 0.000000 0.351146 0.115583 0.514479 0.788104 0.000000 0.337822 0.670278 0.210724 0.000000 0.000000 0.000000 0.351288 0.488762 0.485408 0.370727
0.375743 0.000000 0.000000 0.569521 0.474344 0.376214 0.000000 0.000000 0.532077 0.000000 0.000000 0.000000 0.000000 0.692970 0.000000 0.000000 0.000000 0.000000 0.361346 0.000000 0.000000 0.000000 0.000000 0.000000 0.000000 -0.310615 0.430305 -0.264418 0.000000 0.000000 0.000000 0.000000 0.252668 0.000000 0.000000 0.000000 0.000000 0.647609 0.334512 0.225052
0.000000 1.350581 1.327598 0.716513 1.034662 0.324823 0.000000 0.696218 0.000000 0.000000 0.533020 1.177412 0.000000 0.653703 0.000000 0.000000 0.000000 0.000000 0.000000 0.000000 0.552731 0.000000 0.000000 1.062101 0.000000 1.134170 0.000000 0.911338 1.009249 0.000000 0.706262 0.000000 -0.295972 1.878157 0.000000 0.000000 0.000000 0.000000 0.842958 0.000000
0.643277 0.000000 0.705230 0.000000 0.000000 -0.860389 0.000000 0.000000 0.000000 1.918028 0.000000 0.439348 0.000000 0.000000 0.000000 0.000000 0.000000 0.000000 0.000000 1.431121 -0.384802 0.735324 0.461063 0.000000 0.000000 0.417713 0.000000 0.557786 0.706399 0.000000 0.306900 1.157757 0.404399 0.000000 0.000000 0.000000 0.000000 0.744066 0.431960 -0.432414
1.652706 0.000000 1.194671 1.433233 0.000000 0.726314 1.711315 0.887124 0.938014 0.751506 0.853908 0.285868 2.001888 0.675079 0.000000 0.000000 1.334367 1.701111 0.971401 0.469745 0.301615 0.863538 1.744994 0.000000 1.694829 0.262963 0.184980 0.278228 0.659245 0.000000 0.236461 0.697613 0.632766 2.011998 1.769273 1.634148 1.346692 0.549144 0.501683 0.571810
0.515132 0.000000 0.000000 0.330476 0.000000 0.000000 0.000000 0.000000 0.000000 0.000000 0.000000 0.000000 0.000000 0.000000 0.000000 2.410255 0.747865 0.000000 0.000000 0.000000 0.000000 0.000000 0.974940 0.000000 1.549253 0.000000 0.000000 0.000000 0.000000 0.000000 0.000000 0.000000 0.455513 0.000000 0.000000 1.271167 0.000000 0.237150 0.000000 0.239536
0.330403 0.000000 0.000000 0.452313 0.000000 0.328849 0.000000 0.000000 0.555063 0.000000 0.000000 0.000000 0.000000 0.612750 0.000000 0.000000 0.000000 0.000000 0.326471 0.000000 0.000000 0.000000 0.000000 0.000000 0.000000 -0.294612 0.399242 -0.235004 0.000000 0.000000 0.000000 0.000000 0.230855 0.000000 0.000000 0.000000 0.000000 0.606042 0.307943 0.000000
1.905311 0.476270 1.690761 1.742610 0.842299 1.155870 1.834615 1.057155 0.853418 1.404065 1.470272 0.405028 1.428494 0.000000 1.196407 0.000000 1.096128 0.841409 0.000000 1.218635 0.457305 1.676618 1.411093 0.822470 0.797843 0.549277 0.316998 0.691729 1.239672 1.630027 0.749843 1.051070 0.556213 1.121929 0.000000 0.912283 1.051708 0.551496 0.569986 0.533676
1.015254 0.414113 0.000000 0.839756 0.000000 0.529260 0.639580 0.000000 0.000000 0.000000 0.686404 0.000000 1.556937 0.823523 0.000000 0.000000 0.609526 1.614336 1.233059 0.000000 0.000000 0.000000 0.000000 2.128301 0.000000 0.253177 0.000000 0.000000 0.000000 0.183092 0.000000 0.000000 0.000000 0.918727 0.000000 0.797144 0.000000 0.000000 0.200630 0.638602
0.251301 0.748556 1.619624 0.659739 0.990712 0.556888 0.000000 0.000000 0.000000 1.238865 0.751167 0.565603 0.000000 0.000000 1.859752 0.000000 0.000000 0.000000 0.000000 0.000000 0.954299 0.870406 0.000000 0.000000 0.000000 0.882921 0.000000 1.040175 0.781449 0.000000 0.717364 0.000000 0.000000 0.000000 0.000000 0.000000 0.000000 0.000000 0.360172 0.000000
1.477763 0.629812 0.667216 1.029205 0.000000 0.258792 1.424786 0.425511 0.000000 0.000000 0.801630 0.327101 1.512820 0.824070 0.000000 0.000000 1.003126 0.000000 1.577950 0.000000 0.000000 0.770821 1.249052 0.000000 1.249674 0.517638 0.000000 0.000000 0.399189 0.000000 0.000000 0.432113 0.379394 0.000000 0.000000 1.133584 0.574592 0.329818 0.447865 0.457036
0.000000 0.000000 0.000000 0.279241 0.808046 0.488037 0.000000 0.000000 0.000000 0.000000 0.000000 0.422346 0.000000 0.000000 0.000000 0.000000 -0.887592 0.000000 0.000000 0.000000 0.000000 0.000000 0.000000 0.000000 -1.244155 0.000000 0.746026 0.000000 0.000000 0.000000 0.000000 0.000000 -0.416334 2.078476 0.000000 -0.757408 0.000000 0.619040 0.000000 0.000000
0.000000 0.000000 0.000000 0.000000 0.000000 0.000000 0.000000 0.000000 0.000000 0.000000 0.000000 0.000000 0.000000 0.000000 0.000000 0.000000 0.000000 0.000000 0.000000 0.000000 0.000000 0.000000 0.000000 0.000000 0.000000 0.000000 0.000000 0.000000 0.000000 0.000000 0.000000 0.000000 0.000000 0.000000 0.000000 0.000000 0.000000 0.000000 0.000000 0.000000
0.603543 0.629060 1.107409 0.748735 0.000000 0.449542 1.131552 0.593443 0.000000 0.950642 0.365704 0.353354 0.000000 0.600895 0.000000 1.299852 0.790102 0.000000 0.000000 0.000000 0.684515 0.556895 0.660567 0.000000 0.000000 0.509070 0.000000 0.578832 0.382777 0.000000 0.326582 0.311406 0.398598 0.000000 0.000000 0.589848 0.466550 0.187662 0.396104 0.408221
0.389976 0.000000 0.000000 0.561706 0.491732 0.383580 0.000000 0.000000 0.584031 0.000000 0.000000 0.000000 0.000000 0.706751 0.000000 0.000000 0.000000 0.000000 0.381736 0.559334 0.000000 0.000000 0.000000 0.000000 0.000000 -0.316792 0.451015 -0.277731 0.000000 0.000000 0.000000 0.000000 0.265197 0.000000 0.000000 0.000000 0.000000 0.681251 0.346775 0.238204
0.751335 0.000000 0.943811 0.839828 0.926966 0.799051 0.743441 0.000000 1.124264 0.000000 0.303671 0.000000 0.000000 0.000000 0.000000 0.000000 0.748254 3.622601 0.000000 1.321804 0.661815 0.439753 0.000000 0.000000 0.000000 0.000000 0.662639 0.000000 0.000000 0.000000 0.000000 0.000000 0.543353 0.000000 0.000000 0.000000 1.415718 0.422554 0.000000 0.286132
0.000000 0.784915 0.785587 0.389702 0.485231 0.189704 0.000000 0.000000 0.000000 0.000000 0.304340 0.717151 0.000000 0.407764 0.000000 0.000000 0.000000 0.000000 0.000000 0.000000 0.334719 0.000000 0.000000 0.000000 0.000000 0.657917 0.000000 0.518433 0.582965 0.000000 0.421114 0.000000 0.000000 1.029870 0.000000 0.000000 0.000000 0.000000 0.477383 0.000000
0.586097 0.000000 0.718443 0.000000 0.000000 -0.622776 0.000000 0.000000 0.000000 1.623275 0.000000 0.436482 0.000000 0.000000 0.000000 0.000000 0.000000 0.000000 0.000000 1.688722 -0.353175 0.673329 0.509042 0.000000 0.000000 0.404689 0.000000 0.527472 0.684900 0.000000 0.296571 1.089973 0.352160 0.000000 0.000000 0.000000 0.000000 0.796343 0.386744 -0.452700
0.000000 0.672064 0.000000 0.299149 0.568168 0.638152 0.000000 0.000000 0.000000 0.000000 0.000000 0.438869 0.000000 0.601361 0.000000 0.000000 -0.576964 0.000000 0.000000 -0.693360 0.765937 0.000000 0.000000 0.665217 0.000000 0.514505 0.443057 0.197848 0.000000 0.000000 0.292996 0.000000 -0.431380 0.000000 0.000000 -0.938131 0.000000 -0.253602 0.228112 0.563066
0.277934 0.000000 0.000000 0.276062 0.000000 0.576864 0.000000 0.000000 0.786542 -1.239857 -0.356089 0.000000 0.000000 0.000000 0.000000 0.000000 0.000000 0.000000 0.000000 0.000000 0.307249 -0.765080 0.000000 0.000000 0.759420 -0.444871 0.000000 -0.656706 0.000000 0.000000 -0.563199 0.000000 0.411323 0.000000 0.000000 1.379360 0.000000 0.000000 0.000000 0.597188
0.371405 0.000000 0.000000 0.531614 0.499793 0.361344 0.000000 0.000000 0.553293 0.000000 0.000000 0.000000 0.000000 0.695878 0.000000 0.000000 0.000000 0.000000 0.362962 0.568355 0.000000 0.000000 0.000000 0.000000 0.000000 -0.327011 0.444479 -0.273523 0.000000 0.000000 0.000000 0.000000 0.257397 0.000000 0.000000 0.000000 0.000000 0.715313 0.346775 0.247027
0.302799 0.000000 1.544942 1.200049 1.629339 1.433112 0.000000 0.921400 0.831175 0.000000 0.539673 0.548900 0.000000 0.672445 0.000000 0.000000 0.000000 0.000000 1.761429 0.000000 1.464702 0.000000 0.000000 2.764606 0.000000 0.234232 1.165071 0.442371 0.754039 2.183641 0.348095 0.000000 0.000000 0.000000 0.000000 0.000000 0.629325 0.197873 0.472025 0.961168
0.000000 0.000000 0.000000 0.000000 0.000000 0.000000 0.000000 0.000000 0.000000 0.000000 0.000000 0.000000 0.000000 0.000000 0.000000 0.000000 0.000000 0.000000 0.000000 0.000000 0.000000 0.000000 0.000000 0.000000 0.000000 0.000000 0.000000 0.000000 0.000000 0.000000 0.000000 0.000000 0.000000 0.000000 0.000000 0.000000 0.000000 0.000000 0.000000 0.000000
0.488840 0.701466 1.066189 0.948865 0.000000 1.054182 0.000000 0.540862 0.786466 0.000000 0.000000 0.000000 0.000000 1.038536 0.000000 0.000000 0.703434 0.000000 0.000000 0.000000 1.447352 0.000000 0.000000 0.000000 0.000000 0.520336 0.608355 0.459655 0.000000 2.783904 0.000000 0.000000 0.356423 0.000000 1.365524 0.000000 0.781738 0.000000 0.278203 0.961218
0.000000 0.000000 0.000000 0.000000 0.000000 0.000000 0.000000 0.000000 0.000000 0.000000 0.000000 0.000000 0.000000 0.000000 0.000000 0.000000 0.000000 0.000000 0.000000 0.000000 0.000000 0.000000 0.000000 0.000000 0.000000 0.000000 0.000000 0.000000 0.000000 0.000000 0.000000 0.000000 0.000000 0.000000 0.000000 0.000000 0.000000 0.000000 0.000000 0.000000
0.000000 2.177964 2.252512 1.178340 1.443198 0.540099 0.000000 1.108670 0.000000 0.000000 0.859554 1.856156 0.000000 1.143339 0.000000 0.000000 0.000000 0.000000 0.000000 0.000000 0.935566 0.936761 0.000000 1.975891 0.000000 1.868591 0.000000 1.881912 1.708278 0.000000 1.235267 1.310681 -0.484014 3.063089 0.000000 0.000000 0.000000 0.000000 1.374781 0.000000
-0.803323 0.000000 0.000000 0.000000 0.000000 0.000000 0.000000 0.000000 -1.054305 0.000000 0.000000 1.137895 0.000000 0.609526 0.000000 0.000000 -2.048428 0.000000 0.635778 0.000000 -0.991712 0.000000 0.000000 2.679184 -1.495817 0.000000 0.599949 -1.066930 1.121779 0.000000 0.000000 0.000000 -0.906944 2.075945 0.000000 -1.089163 0.000000 1.395505 0.619066 0.000000
0.000000 0.000000 -0.689128 0.000000 -0.504306 -0.416034 0.000000 0.000000 -0.590395 0.000000 0.000000 0.297685 0.000000 0.000000 0.000000 0.000000 0.000000 0.000000 0.000000 0.000000 -0.611312 -0.618572 0.000000 0.000000 0.000000 0.000000 0.000000 -0.547278 0.000000 0.000000 -0.303994 0.000000 -0.268107 0.000000 0.000000 0.000000 0.000000 0.000000 0.000000 0.000000
2.287023 0.662048 1.478579 1.533568 0.000000 0.797941 1.390410 0.686102 0.849687 1.622657 1.432788 0.000000 0.661230 0.000000 0.000000 0.000000 1.736208 1.984077 0.000000 0.000000 0.421886 1.838973 0.000000 0.000000 1.735633 0.807222 0.000000 0.792938 0.677492 2.418292 0.851838 0.513579 0.900990 0.000000 0.000000 1.570278 1.269259 0.000000 0.425755 0.616539
0.312676 0.000000 0.000000 0.357032 0.000000 0.645861 0.000000 0.000000 1.011521 -1.227958 -0.421046 0.000000 0.000000 0.000000 0.000000 0.000000 0.642758 0.000000 0.000000 0.000000 0.374882 -0.675070 0.000000 0.000000 0.848335 -0.563316 0.000000 -0.775190 0.000000 0.000000 -0.581972 0.000000 0.407458 0.000000 1.201184 1.582873 0.000000 0.000000 0.000000 0.778313
2.091014 0.536642 1.868889 1.867082 0.947041 1.287661 1.968353 1.134218 0.948763 1.529658 1.577451 0.446904 1.564801 0.000000 1.380077 0.000000 1.174423 0.920046 0.000000 1.376161 0.507387 1.884915 1.562636 0.909120 0.886979 0.607145 0.358800 0.763247 1.414067 1.788899 0.862319 1.163949 0.664839 1.266954 0.000000 1.010257 1.169207 0.607471 0.630036 0.578903
-0.327235 0.000000 -0.808290 0.000000 -0.594773 -0.480577 0.000000 0.000000 -0.739927 0.000000 0.000000 0.342043 0.000000 0.000000 0.000000 0.000000 -0.592105 0.000000 0.000000 0.000000 -0.681013 -0.689101 0.000000 0.000000 0.000000 0.000000 0.000000 -0.607214 0.000000 0.000000 -0.332404 0.000000 -0.281585 0.000000 0.000000 0.000000 0.000000 0.000000 0.000000 0.000000
0.000000 0.578691 0.000000 0.275625 0.518288 0.524970 0.000000 0.000000 0.000000 0.000000 0.000000 0.385485 0.000000 0.491669 0.000000 0.000000 -0.532323 0.000000 0.000000 0.000000 0.541681 0.000000 0.000000 0.561993 0.000000 0.394010 0.358346 0.000000 0.000000 0.000000 0.000000 0.000000 -0.355915 0.000000 0.000000 -0.858184 0.000000 -0.223685 0.000000 0.494843
1.667077 0.000000 1.399781 1.052873 0.000000 0.000000 1.454485 0.000000 1.164107 1.042542 0.382777 0.000000 0.000000 0.000000 0.000000 3.306195 2.405909 0.000000 0.000000 1.550710 0.430533 1.228292 1.736238 0.000000 3.925754 0.000000 0.000000 0.805410 0.000000 0.000000 0.250545 0.902883 1.296711 0.000000 0.000000 2.988535 1.767326 0.659368 0.412537 0.000000
0.536262 0.000000 0.814615 0.634372 0.743704 0.595705 0.000000 0.000000 0.929270 0.000000 0.229476 0.000000 0.000000 0.000000 0.000000 0.000000 0.554822 0.000000 0.000000 0.985118 0.529287 0.000000 0.000000 0.000000 0.000000 0.000000 0.514878 0.000000 0.000000 0.000000 0.000000 0.000000 0.401581 0.000000 0.000000 0.000000 1.232764 0.344783 0.000000 0.000000
-0.356415 0.000000 -1.074735 0.000000 -0.711554 -0.521519 0.000000 0.000000 -0.884821 0.000000 0.000000 0.457976 0.000000 0.000000 0.000000 0.000000 -0.701754 0.000000 0.000000 0.000000 -0.853259 -0.764874 0.000000 0.000000 0.000000 0.000000 0.000000 -0.753270 0.000000 0.000000 -0.377572 0.000000 -0.318140 0.000000 0.000000 0.000000 0.000000 0.000000 0.000000 0.000000
1.653456 1.016507 2.996807 1.670031 1.542684 0.725222 2.380903 1.505205 1.085182 2.308386 1.136582 0.577368 0.000000 0.000000 0.927902 1.655047 2.219097 1.869747 0.000000 2.234478 1.447284 2.073797 1.201541 0.000000 1.302271 1.219811 0.000000 1.912679 1.324786 1.166804 1.027496 1.256303 1.167391 0.000000 0.720482 1.373132 1.251007 0.564171 0.954495 0.000000
0.596435 0.638189 1.123480 0.739246 0.000000 0.444597 1.116446 0.578208 0.000000 0.940185 0.356316 0.353354 0.000000 0.587224 0.000000 1.208196 0.780089 0.000000 0.000000 0.000000 0.710539 0.556895 0.651978 0.000000 0.000000 0.522309 0.000000 0.572248 0.378372 0.000000 0.322950 0.000000 0.394308 0.000000 0.000000 0.589848 0.466550 0.192244 0.386549 0.439189
