0.780587 1.057311 2.057345 2.362194 0.000000 0.949889 2.464024 0.830500 0.453950 0.033127 1.652023 0.000000 0.713426 0.298415 -0.792448 0.000000 1.711165 0.802252 0.620895 1.700658 0.664932 0.281785 0.000000 1.734328 0.297690 0.380945 2.056951 0.000000 -0.429812 0.042141 0.710520 0.541736 0.000000 -0.057769 0.457200 0.000000 0.706551 0.455709 0.000000 0.554296
0.192633 0.000000 1.373402 1.354986 0.542073 0.845001 0.528775 0.694405 0.000000 -1.383361 0.951937 0.000000 0.740661 0.640784 0.601427 0.000000 0.724376 0.147386 0.000000 0.000000 -1.523988 1.182909 0.000000 0.000000 0.689192 -0.428510 0.000000 0.000000 0.343648 0.353490 0.000000 0.268589 1.451921 0.709078 0.165571 0.000000 0.528481 1.116901 0.000000 0.164972
1.048736 0.000000 1.923499 0.969970 0.562191 0.000000 1.028654 0.000000 0.136723 0.000000 0.951503 0.710014 0.860013 0.671485 0.615940 0.000000 0.000000 0.125520 0.000000 0.000000 1.006354 0.000000 0.000000 0.175800 0.438040 1.004257 1.307220 0.000000 0.356402 0.655083 0.000000 0.275591 0.000000 0.727778 0.893212 1.688754 0.558121 1.216454 0.000000 0.172452
0.000000 0.000000 0.000000 1.092803 0.000000 0.711115 0.000000 1.492569 0.000000 0.000000 -0.892244 0.000000 0.000000 0.340767 0.791429 3.361430 0.000000 0.000000 0.000000 0.000000 0.021772 -0.919253 0.000000 0.000000 0.622942 0.196140 0.000000 0.000000 0.000000 0.754789 0.000000 0.465425 -0.709763 0.876382 0.530134 1.022070 1.037742 0.526003 0.000000 0.452634
-0.779575 0.000000 0.000000 1.173556 1.349931 1.292895 1.666201 0.573516 0.000000 3.213917 0.000000 0.000000 -2.094535 0.318415 1.911390 0.000000 0.000000 1.966333 0.000000 0.000000 0.379499 0.000000 0.000000 0.000000 -2.905587 1.552241 0.000000 0.000000 0.000000 0.000000 0.000000 0.000000 0.933597 -1.326183 0.000000 -0.216162 0.000000 0.000000 0.000000 0.000000
3.332432 0.000000 1.222942 0.000000 0.000000 0.603271 0.000000 -0.539715 0.709912 1.645251 0.000000 2.857715 2.057117 0.000000 0.560746 0.000000 0.000000 -0.968494 0.000000 0.000000 0.087900 0.559520 0.000000 -0.509476 0.000000 -1.524809 0.000000 2.522036 0.266869 -0.284074 0.000000 0.572899 0.000000 2.572544 -0.097082 -1.943041 0.602597 1.620746 0.000000 0.625762
2.727866 0.000000 0.000000 1.932817 0.000000 0.209423 0.535271 0.000000 0.000000 1.563313 0.610534 0.724241 0.180095 0.535242 -0.560299 0.000000 0.038915 1.252485 0.434880 0.000000 -0.025060 0.872789 3.383652 0.000000 0.448421 0.917901 0.195787 0.000000 0.422042 0.149695 0.000000 0.615939 0.000000 1.044592 0.000000 2.237631 0.722426 0.345779 0.000000 0.423814
-1.707662 1.032623 1.441859 2.252817 0.000000 0.000000 2.744317 0.000000 0.000000 -0.838016 0.000000 -0.745945 0.000000 0.380033 0.752895 1.824689 0.000000 0.693965 0.000000 0.000000 1.044049 -0.520618 0.000000 1.636568 2.382343 0.000000 0.000000 0.000000 -1.151028 0.000000 0.000000 0.435473 2.952559 -1.104657 1.123931 0.924858 0.000000 0.000000 0.000000 0.000000
0.929759 0.000000 1.385873 0.719649 -1.050256 0.000000 0.000000 0.240282 0.472811 0.753154 -1.286013 0.000000 0.000000 0.000000 -0.241751 0.796019 0.000000 0.686307 0.000000 0.000000 0.665135 -0.070193 0.000000 0.196562 0.037164 0.234793 0.000000 0.000000 0.366823 -1.040165 0.000000 -1.056512 0.000000 -0.561812 0.691245 0.000000 0.665924 1.491461 0.936916 -0.877878
0.673024 0.000000 0.841204 0.927510 0.000000 0.653458 1.298716 0.000000 0.650472 1.332424 1.706170 0.250496 0.749451 0.000000 1.333800 0.000000 0.000000 1.478410 0.000000 0.000000 0.306740 1.935209 0.822092 0.438477 1.890765 0.604919 0.000000 0.000000 0.000000 1.842465 0.000000 0.980159 0.000000 0.420882 0.414836 1.957903 0.637795 0.460202 2.122268 0.403001
3.101952 0.000000 0.000000 0.692025 0.516012 0.388079 0.177656 0.000000 0.406756 0.000000 0.744918 0.000000 0.700279 0.000000 -0.121136 0.000000 0.895575 1.667513 0.456696 0.000000 0.235356 -0.524291 -0.404369 0.197641 0.000000 0.606391 0.000000 0.000000 -0.722177 1.606418 0.000000 0.458773 0.000000 0.065195 0.000000 0.000000 0.000000 0.000000 0.000000 0.301090
0.000000 1.855793 2.029706 0.966979 1.296255 0.410797 1.368892 0.000000 0.514511 0.720741 0.226559 0.773648 0.000000 0.229582 1.329560 0.000000 1.133785 1.586328 0.460236 0.000000 1.036436 -0.348434 0.000000 0.000000 0.000000 1.676892 0.000000 1.122276 0.482251 0.808808 0.000000 -0.313064 0.000000 2.949679 0.981453 -0.142692 0.000000 0.000000 3.556571 0.527757
1.789706 0.000000 0.000000 0.000000 0.783225 0.170657 0.000000 0.000000 -0.531520 -0.986849 -0.094973 0.000000 1.646282 0.570480 0.353385 1.109589 0.740903 0.443870 0.000000 0.566081 -0.994900 1.652635 0.000000 0.332123 -0.898360 -0.259571 0.000000 0.000000 -0.950927 2.016003 0.670347 0.000000 0.000000 0.470548 -0.552029 -1.041095 0.000000 0.914376 0.000000 0.402698
0.000000 -2.252249 0.235796 0.000000 1.053630 -0.143876 -0.225474 1.123551 0.000000 0.289922 -1.944211 0.000000 2.098831 0.000000 1.387925 2.178620 0.695614 -1.192809 0.000000 0.000000 0.000000 -2.166200 0.000000 0.721160 -1.388661 0.000000 1.315135 0.000000 0.000000 1.526472 0.000000 0.000000 0.000000 -0.544366 0.000000 -1.119635 0.746599 -0.440548 0.642288 0.000000
0.000000 1.439660 1.706027 0.000000 0.000000 0.988941 0.516011 0.000000 0.563594 2.503798 0.547162 0.294043 0.377667 0.682840 2.761894 0.000000 1.069318 0.694121 0.254823 0.000000 0.421779 0.314481 0.000000 0.977294 0.091549 0.536337 -0.259251 0.690483 0.840446 0.000000 -1.375957 0.211184 0.000000 0.648693 0.768152 0.000000 0.000000 0.000000 0.000000 0.333164
0.000000 0.000000 1.591538 0.000000 0.392685 0.157957 0.791677 0.000000 1.113344 0.000000 0.458540 0.000000 0.513856 0.381083 0.389192 2.349456 0.000000 -0.858568 0.000000 0.000000 -0.120339 -0.067582 0.000000 0.000000 0.273801 0.000000 0.000000 0.000000 0.864971 1.417764 0.000000 0.684772 0.000000 1.212793 0.000000 0.000000 0.000000 -0.802003 0.000000 0.957146
-1.426863 0.000000 0.000000 0.000000 0.000000 0.384621 0.000000 0.000000 1.457714 -3.009466 -1.816880 0.000000 0.000000 -0.433892 -0.285705 0.000000 0.000000 0.190113 0.000000 0.000000 -0.755726 -1.839524 -1.626336 0.000000 0.347928 -1.286097 0.000000 -0.893151 0.000000 0.439125 0.000000 0.000000 -0.858605 0.459569 -0.401663 0.000000 0.000000 0.494472 0.306743 0.000000
1.760821 0.000000 1.207839 0.585640 0.000000 0.105962 0.259083 2.229069 1.513284 4.088386 1.583319 0.000000 0.161036 0.490426 2.069696 -1.182668 0.000000 3.539454 0.510859 0.000000 0.965975 1.096132 0.000000 0.000000 0.031673 -0.938172 0.000000 0.000000 0.000000 0.896697 0.579248 0.230296 0.000000 0.501536 0.000000 -2.347333 0.000000 0.000000 0.000000 0.225607
1.880123 1.014785 0.000000 0.000000 0.724156 0.913511 0.222163 0.995553 -0.569334 2.235508 0.268653 0.953024 0.295015 0.518176 0.870709 0.000000 0.000000 -1.740775 0.640309 0.000000 1.464722 0.730461 0.000000 0.000000 0.437637 0.000000 1.134226 1.499892 1.193888 -1.932602 0.000000 2.607599 -1.155514 -0.549450 0.000000 0.951728 0.000000 1.257436 0.822704 0.000000
0.000000 0.000000 -0.592328 -1.138189 0.000000 0.390916 -0.425882 1.668298 -0.522134 2.214498 0.000000 -1.149300 0.000000 0.344275 0.206523 1.819612 0.000000 0.000000 1.247764 0.000000 0.000000 0.494749 3.548748 1.204714 0.000000 -0.728382 0.000000 0.000000 0.000000 -1.822644 1.629763 0.000000 0.000000 1.313614 0.971595 -2.068506 0.676165 0.000000 0.000000 -0.739041
0.000000 0.657543 1.683252 1.515866 0.462401 0.918402 -0.750264 0.000000 0.000000 -1.818308 -0.051481 0.000000 -0.869055 0.498902 -0.532835 0.000000 0.000000 1.326191 0.000000 0.000000 1.404491 0.000000 0.000000 0.523700 0.000000 -1.029416 0.000000 0.000000 -1.503543 1.683173 0.000000 0.456484 0.000000 -0.529043 0.000000 0.000000 0.793869 0.000000 0.991670 0.000000
0.000000 0.425309 -1.153174 0.000000 1.528638 2.835375 -0.781234 -1.697488 0.551049 0.665217 0.000000 0.793252 0.000000 2.176872 0.000000 0.000000 0.000000 -0.317518 0.427396 0.000000 3.797375 -2.313289 0.000000 0.000000 0.738162 1.470622 0.000000 0.802046 0.603593 0.513641 0.691989 0.565183 1.691907 2.183927 -0.680981 0.654630 0.000000 0.000000 0.509510 0.368685
0.294000 0.000000 0.000000 0.997124 0.884366 0.000000 0.000000 0.000000 -0.948714 0.000000 0.000000 0.000000 0.838070 1.201075 -0.612001 0.000000 0.607298 -0.893039 0.223926 0.000000 -0.290156 1.832042 2.319064 0.403542 -1.009305 0.523787 0.000000 0.000000 0.000000 0.000000 0.517604 0.483054 -1.201420 -0.393752 0.857514 2.680363 1.268034 1.082837 1.237098 0.714055
1.843875 2.564462 1.979053 0.000000 1.738478 0.233902 0.756662 0.000000 0.000000 2.230415 0.590830 1.661883 0.000000 0.658596 0.290912 0.000000 1.438923 -0.899155 0.746397 0.000000 1.702104 0.526234 0.000000 -0.436628 0.000000 0.875959 1.895071 0.000000 0.000000 0.000000 0.000000 0.575644 0.000000 -0.045558 0.270381 -0.686619 0.000000 -1.214718 0.000000 1.311468
0.000000 0.670261 0.000000 -1.758121 0.000000 1.034238 0.000000 1.995858 0.000000 -0.088068 0.000000 0.810406 0.000000 -1.706476 -0.764962 -2.187361 0.000000 0.000000 0.496640 -2.993845 0.837069 -0.175641 0.000000 -0.987626 0.000000 1.119201 0.000000 0.000000 1.330352 0.000000 -1.627639 0.753520 0.000000 0.966120 0.000000 0.000000 1.430631 1.641322 -1.842890 0.000000
2.337249 0.000000 1.787006 0.000000 0.000000 0.385487 -0.375094 0.000000 0.000000 1.540314 0.642469 0.000000 0.000000 1.031012 0.167999 1.070718 0.000000 0.565078 0.417156 1.533490 1.323763 0.082187 1.611638 0.000000 0.000000 -0.513235 0.000000 0.000000 0.000000 1.046842 0.522010 0.776008 0.209098 -0.589672 0.000000 0.000000 0.000000 0.000000 0.000000 0.946160
-1.505331 0.000000 0.000000 -3.657632 0.000000 0.000000 0.000000 1.172765 -2.089388 0.000000 -0.740472 -1.307075 -1.186092 -1.277725 0.000000 0.000000 0.000000 1.781152 0.000000 0.000000 -4.622579 1.743972 2.338161 0.000000 -1.814548 5.544053 1.857315 3.052641 -0.406669 -0.842268 3.039464 1.234353 0.000000 -1.048217 0.685786 -1.907548 0.000000 -0.850545 0.000000 0.357634
-4.112074 2.198446 -1.703990 -2.322574 0.859699 2.197966 0.428517 1.618157 1.261088 -1.177052 -1.151322 0.095096 -1.465594 1.618253 -0.717054 0.000000 0.000000 -0.990864 0.844064 1.836454 -0.613866 0.594037 0.000000 0.000000 -1.143560 0.159551 -3.370899 0.000000 1.052324 0.000000 0.000000 0.000000 -3.055182 2.929689 0.000000 -1.242214 -1.504054 -0.397572 0.000000 0.000000
-2.404257 0.000000 0.000000 0.638865 0.000000 0.939717 0.958245 -0.479413 1.045068 1.193117 1.861897 1.529596 0.000000 0.000000 -1.198526 -2.830163 2.168671 1.547640 0.414352 -0.865248 1.649411 -1.223248 1.218914 0.000000 -1.509724 0.000000 0.000000 0.000000 0.758268 0.000000 0.000000 0.664223 0.000000 1.280921 0.000000 0.000000 0.000000 0.000000 1.628355 0.330183
0.817108 0.000000 0.000000 0.639523 -0.981040 0.000000 0.000000 1.282947 0.000000 1.570917 0.000000 1.912912 0.735882 1.191416 1.132065 0.000000 0.000000 0.000000 0.000000 0.000000 0.121280 -0.786551 0.000000 0.000000 0.913113 -0.823431 2.609489 0.000000 2.478829 0.261525 0.769519 0.000000 0.968468 0.000000 0.000000 -0.050756 0.380570 0.000000 -1.120031 0.000000
1.338678 1.026660 1.226719 2.378971 1.179834 1.381149 0.931819 0.000000 0.000000 3.409105 1.802393 0.000000 1.866322 -0.353340 0.305619 0.799396 0.000000 0.530174 0.000000 1.201569 -1.112574 2.062023 2.926908 1.363437 0.957888 0.469938 -0.153659 -1.472997 1.133148 0.846131 1.905043 1.069703 1.860246 0.291909 1.079971 0.962421 0.000000 0.610188 1.172354 0.818925
-0.794347 0.000000 0.000000 1.163765 0.000000 0.000000 -1.886024 1.281037 1.149140 0.000000 0.000000 -0.943749 0.000000 -0.994770 -1.952923 0.000000 0.000000 0.000000 0.000000 2.207435 0.670910 -0.052522 0.000000 0.243180 3.262106 1.007467 0.000000 0.000000 0.000000 -0.953568 -1.260516 0.496061 0.000000 -1.361594 0.000000 0.000000 -1.292281 -2.209948 0.000000 1.253950
1.882805 1.107917 0.929828 1.640154 0.000000 1.948175 0.798407 0.294577 -0.362519 0.000000 1.789443 0.831268 0.532256 1.271875 1.538562 0.000000 1.652541 1.616579 0.000000 0.000000 0.340333 1.302003 0.000000 0.484672 1.866737 0.738233 0.000000 1.254476 0.000000 0.739434 0.000000 1.085423 3.027449 0.475286 0.449991 3.727975 0.866501 1.620360 0.000000 0.968443
0.000000 0.000000 1.129331 0.000000 -1.192155 -1.011497 1.639039 0.000000 -0.505811 0.000000 0.000000 1.045172 -1.798135 0.355985 0.000000 0.000000 0.000000 -1.095844 0.000000 0.000000 -0.441650 -0.635981 -1.265491 0.781316 -0.407368 0.000000 0.000000 0.000000 0.000000 0.000000 -1.160860 -0.815730 0.000000 0.014406 0.000000 0.000000 0.000000 -0.582134 0.000000 0.000000
0.944431 1.946518 1.418804 0.000000 1.073717 0.000000 0.507104 1.297016 1.062890 0.000000 0.693778 2.023646 1.995518 -0.697126 0.813402 0.000000 0.000000 -0.916361 0.339996 0.000000 1.153529 1.060778 0.000000 0.000000 0.514762 0.693449 0.000000 0.000000 0.000000 1.612085 1.651631 0.205325 0.000000 0.626484 0.000000 0.000000 0.957086 -0.727219 0.000000 0.473124
0.743456 0.000000 0.764294 2.016356 0.000000 0.589946 0.646896 0.054797 0.271591 -0.218118 0.153200 0.000000 0.000000 -0.751403 1.078524 1.420933 1.658105 1.988468 0.447958 0.000000 -0.058944 1.833713 0.000000 0.000000 1.309227 -1.190472 0.000000 1.442355 0.000000 1.140526 0.000000 0.000000 0.000000 -0.452329 1.587259 2.625960 0.000000 -0.904782 0.000000 0.565366
2.335222 0.000000 0.324106 0.000000 0.883720 0.000000 0.287808 0.000000 0.000000 -1.001282 0.178885 0.999040 0.827276 -0.372558 -0.126050 0.000000 0.000000 -0.585671 0.399679 0.000000 0.011535 0.000000 0.000000 0.000000 -1.478322 0.754040 0.000000 1.184121 0.000000 0.465318 0.987763 0.000000 1.576137 -0.160224 1.200671 0.868418 0.723110 1.596585 0.000000 0.000000
0.000000 0.000000 -2.705413 0.983529 2.075439 0.000000 0.000000 0.000000 -0.432020 0.000000 2.068298 0.000000 0.000000 0.000000 -0.614853 -2.991459 0.000000 -0.482278 0.633955 1.111517 -0.018276 1.399035 0.000000 0.950445 0.000000 0.538861 0.000000 0.000000 1.263792 -0.480801 0.000000 -0.735130 0.000000 0.979807 0.072133 1.181329 0.000000 0.710330 0.000000 -0.525828
0.000000 0.000000 1.219998 1.019854 0.524435 0.246350 0.623600 2.300958 0.000000 0.596084 1.291920 0.000000 0.000000 -0.546920 -0.496887 1.865873 0.000000 0.661185 0.458418 0.000000 -0.317253 2.042005 0.000000 0.243548 0.612503 1.324546 1.687469 1.130281 2.593364 -0.301180 0.000000 -1.060342 1.027959 -0.877747 -0.156804 0.980848 0.787184 0.803152 1.483916 0.000000
1.410007 0.000000 1.039584 0.694352 0.677382 0.542238 0.588720 0.000000 0.000000 0.000000 0.760034 0.000000 1.005981 1.511511 0.652468 0.000000 0.000000 0.897448 0.392392 0.000000 1.669320 0.149581 1.101104 0.302036 1.373988 0.378896 0.000000 0.000000 0.648018 0.686822 0.000000 0.736550 1.690023 0.733269 -0.067805 0.759331 0.833446 0.366412 0.000000 0.000000
