1.68319 1.58766 1.63089 1.75175 1.37103 1.6555 1.57274 1.53576 1.52551 1.54577 1.63476 1.57554 1.43636 1.65565 1.78533 1.63576 1.73686 1.95636 1.85438 1.53415 1.63027 1.56335 1.59382 1.57642 1.59451 1.55228 1.76644 1.50708 1.60944 1.56302 1.59826 1.96822 1.80986 1.58218 1.64315 1.74971 1.64196 1.72722 1.58598 1.77071 
0.172999 0.157364 0.120565 0.185255 0.171784 0.161232 0.171979 0.163966 0.175819 0.133633 0.124586 0.162925 0.122969 0.157249 0.172924 0.116704 0.16478 0.156968 0.114972 0.17923 0.156256 0.171326 0.153301 0.168749 0.113585 0.165383 0.185799 0.185736 0.132283 0.153868 0.127095 0.162643 0.157309 0.184321 0.154758 0.125839 0.168024 0.133059 0.170838 0.0942727 
2.64129 2.44901 2.42428 2.4767 2.62791 2.39001 2.55251 2.46107 2.75578 2.51843 2.66259 2.41804 2.39921 2.59635 2.43272 2.47348 2.65425 2.44648 2.4404 2.43612 2.51231 2.69563 2.98946 2.42146 2.72079 2.43242 2.57654 2.73653 2.42273 2.71635 2.91584 2.44463 2.55235 2.7201 2.50881 2.47115 2.29558 2.52306 2.86128 2.26939 
3.25231 3.08877 3.09104 3.10555 3.17518 2.81341 3.23332 3.5139 3.19113 3.05277 3.22935 3.15185 3.0665 3.41115 3.17805 3.38539 3.25086 3.19867 3.3499 3.23998 3.37092 3.48636 3.28908 3.58197 3.37633 3.22824 2.8679 3.08089 3.1475 3.0032 3.36548 3.49651 3.59607 3.18965 3.09708 3.4761 2.71043 2.81495 3.02976 3.36483 
1.55814 1.64185 1.70727 1.40111 1.47591 1.33361 1.33977 1.26733 1.56784 1.20147 1.36239 1.31117 1.36756 1.32708 1.38443 1.31117 1.3919 1.30544 1.24662 1.51132 1.50198 1.31455 1.36949 1.42509 1.21003 1.32702 1.42751 1.34068 1.31327 1.41077 1.35864 1.44017 1.51413 1.5053 1.41154 1.41167 1.45418 1.43419 1.41257 1.33957 
1.17694 1.01512 1.05416 1.19304 0.911401 1.09861 1.23365 1.29627 1.20896 1.19064 1.22791 1.09861 1.30833 1.15334 1.15089 1.14672 1.15974 1.40516 1.10434 1.47359 1.18729 1.16511 1.31831 1.15547 1.06938 1.09134 1.29003 1.2323 1.28147 1.06105 1.1986 1.15268 1.34106 1.19793 1.22354 1.09522 1.2592 1.19082 1.13077 1.22318 
0.912918 0.799477 0.809193 0.79493 0.809249 0.808077 0.704017 0.8765 0.91056 0.764034 0.80937 0.697838 0.860431 0.830262 0.768072 0.820302 0.857671 0.867823 0.803792 0.849716 0.765269 0.768418 0.873119 0.766891 0.591984 0.755389 0.781216 0.828123 0.819058 0.919363 0.884519 0.861252 0.851971 0.814041 0.796081 0.769999 0.938527 0.878402 0.871647 0.814508 
0.734129 0.693147 0.768445 0.686604 0.690892 0.691087 0.697575 0.696146 0.817923 0.799915 0.757593 0.750488 0.661173 0.734974 0.716891 0.890678 0.770439 0.851752 0.778305 0.81093 0.821141 0.82706 0.689187 0.754841 0.753008 0.803383 0.647338 0.740143 0.781987 0.713462 0.88339 0.738083 0.861625 0.715993 0.709776 0.845163 0.690094 0.710087 0.760881 0.649156 
0.368666 0.403869 0.381443 0.330896 0.374838 0.330173 0.419737 0.358024 0.295546 0.343144 0.343021 0.351586 0.304777 0.428428 0.410541 0.356231 0.352221 0.353197 0.382722 0.35508 0.348307 0.324266 0.335925 0.371891 0.415814 0.37355 0.340525 0.414855 0.261645 0.40195 0.429563 0.404835 0.401455 0.337399 0.421344 0.420884 0.389513 0.413502 0.388584 0.355837 
0.741349 0.52989 0.604143 0.643912 0.5969 0.675955 0.688518 0.667548 0.693147 0.565676 0.646112 0.638727 0.687191 0.780908 0.720941 0.633249 0.564314 0.748119 0.688328 0.813775 0.626782 0.618846 0.664393 0.808908 0.718922 0.607758 0.725056 0.659429 0.670698 0.662585 0.740902 0.743098 0.655176 0.600477 0.638037 0.77016 0.80743 0.793058 0.732612 0.631388 
0.268953 0.305382 0.297699 0.291817 0.335744 0.301036 0.280371 0.273961 0.336258 0.264 0.278787 0.270433 0.304513 0.306819 0.310073 0.302436 0.245815 0.284713 0.273469 0.292572 0.281137 0.279508 0.317045 0.282086 0.260847 0.307765 0.294072 0.336132 0.241897 0.341942 0.330574 0.249508 0.266653 0.2295 0.285242 0.302986 0.280809 0.244256 0.314839 0.347031 
0.641854 0.614334 0.590999 0.616579 0.583352 0.59952 0.617099 0.659928 0.605078 0.528844 0.652905 0.663294 0.705995 0.58597 0.604487 0.618226 0.630063 0.566836 0.59495 0.587992 0.611536 0.583819 0.523105 0.546977 0.609098 0.591006 0.588103 0.472105 0.54764 0.605217 0.431373 0.616986 0.582816 0.660712 0.572692 0.523021 0.539684 0.584076 0.555904 0.56302 
0.521725 0.552623 0.589696 0.547435 0.555277 0.661502 0.616001 0.574013 0.574857 0.588159 0.561536 0.621722 0.554087 0.577893 0.540924 0.524408 0.507682 0.648181 0.58202 0.613617 0.536986 0.570699 0.616885 0.532217 0.612758 0.621721 0.644131 0.529144 0.698749 0.641311 0.547907 0.491768 0.565391 0.554657 0.539769 0.540256 0.559979 0.560916 0.601093 0.610561 
0.724173 0.688686 0.620405 0.673324 0.627036 0.607275 0.588406 0.54173 0.649869 0.602574 0.680686 0.598926 0.676686 0.598123 0.527867 0.632284 0.532805 0.699955 0.613705 0.724658 0.595905 0.643228 0.577989 0.663294 0.585005 0.625665 0.606325 0.63118 0.63908 0.621566 0.664776 0.613225 0.592166 0.547133 0.670956 0.588099 0.691391 0.640117 0.700627 0.673451 
0.587267 0.739997 0.776712 0.819588 1.04335 0.774759 0.857671 0.837598 0.875251 0.805476 0.925024 0.929819 1.01582 0.81582 0.740453 0.801478 0.83924 0.811737 1.03692 0.825499 0.822177 0.933505 0.9196 0.987274 0.838787 0.848375 0.985743 0.773999 0.889603 0.836771 0.935287 0.851718 0.880889 0.682969 0.849766 0.992867 0.837089 0.857902 1.10998 0.952284 
0.700905 0.586301 0.626733 0.695314 0.687961 0.587508 0.528067 0.633724 0.678922 0.589753 0.675403 0.613824 0.585226 0.675385 0.585376 0.603883 0.664485 0.622657 0.683757 0.655999 0.66184 0.62595 0.628373 0.651371 0.634 0.557842 0.687397 0.624744 0.62179 0.491197 0.695076 0.688097 0.610047 0.565026 0.64456 0.659545 0.48753 0.70739 0.701073 0.684941 
0.298819 0.355289 0.220772 0.364404 0.230129 0.275771 0.235899 0.262818 0.238601 0.264293 0.208426 0.263062 0.303022 0.297781 0.276936 0.346694 0.269211 0.256894 0.269213 0.294557 0.179898 0.315469 0.230993 0.257829 0.278981 0.320679 0.306807 0.266946 0.29637 0.2743 0.309332 0.293489 0.288878 0.254642 0.355579 0.217984 0.232485 0.303325 0.272415 0.253078 
0.342598 0.300547 0.408793 0.273405 0.366051 0.462886 0.411642 0.347636 0.366181 0.30549 0.276354 0.374221 0.277431 0.369184 0.38164 0.407712 0.381851 0.353065 0.357379 0.377833 0.344993 0.272326 0.328173 0.339185 0.342727 0.393533 0.333652 0.284275 0.30156 0.362745 0.389152 0.339297 0.342268 0.264656 0.352903 0.35392 0.328562 0.390256 0.305847 0.326795 
0.482539 0.395374 0.414199 0.358097 0.464926 0.393533 0.446392 0.411822 0.367332 0.437142 0.405015 0.454225 0.389339 0.396847 0.430705 0.45069 0.506154 0.396688 0.456346 0.444174 0.32614 0.438062 0.398539 0.530046 0.458853 0.413941 0.4802 0.48852 0.500047 0.415893 0.383798 0.406825 0.448025 0.478249 0.476712 0.408861 0.394745 0.390485 0.472337 0.382524 
0.526679 0.463217 0.535746 0.449204 0.453228 0.532374 0.408453 0.461397 0.486509 0.493658 0.567928 0.556436 0.477496 0.448708 0.463216 0.463524 0.470504 0.534779 0.458494 0.450522 0.454212 0.500574 0.51298 0.539491 0.538023 0.486297 0.451199 0.467971 0.525847 0.48345 0.539462 0.511734 0.445047 0.459775 0.461944 0.455081 0.515485 0.426693 0.504667 0.567342 
0.767459 0.948171 1.13046 0.76042 0.807452 0.817899 0.822518 0.826036 0.72508 0.861176 0.811494 0.821512 0.788655 0.868522 0.724024 0.830484 0.909765 0.884339 0.783707 0.698397 0.843087 0.819355 0.793846 0.843322 0.955873 0.869448 0.961212 0.842183 0.751602 0.729515 0.906383 0.90806 0.892547 0.865797 0.782664 0.84659 0.903304 0.628431 0.801628 0.734994 
0.614757 0.626456 0.541039 0.540679 0.569867 0.585986 0.528022 0.564335 0.498659 0.540198 0.525285 0.488723 0.588675 0.588744 0.617617 0.629088 0.631015 0.508783 0.563596 0.605969 0.647078 0.538629 0.644408 0.54921 0.577654 0.611501 0.619915 0.735389 0.643984 0.645918 0.567693 0.564802 0.515269 0.605849 0.63214 0.644014 0.672528 0.714653 0.697883 0.621094 
0.396564 0.419374 0.476971 0.376404 0.389876 0.405465 0.526748 0.454763 0.394693 0.407888 0.503391 0.455936 0.472384 0.39803 0.402101 0.415566 0.45597 0.39656 0.355919 0.4178 0.410655 0.445182 0.41077 0.483023 0.436402 0.439842 0.333708 0.393141 0.393748 0.464485 0.339507 0.423733 0.391418 0.506361 0.348561 0.396242 0.387447 0.46738 0.475988 0.441287 
0.606926 0.477046 0.425944 0.48112 0.463169 0.441526 0.464818 0.444555 0.371503 0.440698 0.459221 0.425098 0.440168 0.446623 0.400175 0.512756 0.418763 0.51253 0.484246 0.338097 0.492261 0.504371 0.466507 0.539341 0.47077 0.536374 0.438119 0.48577 0.430363 0.510826 0.435486 0.563898 0.496516 0.401884 0.353505 0.560658 0.499743 0.495134 0.576574 0.435318 
0.294188 0.274905 0.293018 0.315491 0.217747 0.270777 0.239773 0.261215 0.238892 0.238618 0.215688 0.34123 0.287956 0.26144 0.285561 0.280562 0.258041 0.290106 0.275451 0.295789 0.307837 0.311616 0.316056 0.368413 0.324896 0.368022 0.323747 0.30113 0.32405 0.334343 0.317424 0.273992 0.265872 0.318158 0.263625 0.296232 0.28446 0.338992 0.311403 0.288783 
0.636762 0.626225 0.387875 0.552177 0.648326 0.538216 0.537428 0.49364 0.573979 0.392954 0.520561 0.49449 0.5133 0.522225 0.59409 0.53419 0.387875 0.570087 0.524553 0.506935 0.459382 0.599225 0.570335 0.518608 0.37086 0.64899 0.592417 0.626501 0.421213 0.511134 0.503647 0.555914 0.580559 0.664515 0.528427 0.614657 0.616689 0.516299 0.492087 0.624809 
0.403195 0.307314 0.401479 0.538997 0.316029 0.389297 0.355758 0.391153 0.34055 0.41485 0.319851 0.403312 0.339525 0.326216 0.343576 0.395389 0.408171 0.520665 0.307485 0.376653 0.512885 0.402542 0.475191 0.298114 0.330307 0.474393 0.348241 0.393849 0.430613 0.404481 0.407659 0.412587 0.387984 0.320281 0.473784 0.412505 0.510826 0.519067 0.566395 0.341036 
0.396925 0.476297 0.446358 0.371713 0.413128 0.463624 0.434817 0.452354 0.398219 0.398264 0.376119 0.361426 0.301437 0.377209 0.367874 0.405465 0.448425 0.337478 0.46271 0.36896 0.484725 0.392562 0.392461 0.346204 0.375152 0.423414 0.333492 0.406276 0.357192 0.454255 0.386597 0.447189 0.40596 0.425716 0.338821 0.422693 0.388813 0.376247 0.413976 0.312669 
0.537368 0.475533 0.529931 0.482724 0.554832 0.544592 0.482491 0.512477 0.464708 0.535962 0.419507 0.461488 0.476063 0.609497 0.493254 0.486236 0.649748 0.467666 0.500394 0.470888 0.458645 0.519875 0.465057 0.457196 0.450992 0.450201 0.47555 0.471262 0.477424 0.398583 0.466757 0.477103 0.558694 0.471878 0.448329 0.469199 0.472881 0.473533 0.505395 0.4719 
0.48363 0.51531 0.454223 0.440804 0.544727 0.447014 0.526175 0.62755 0.516691 0.437406 0.46551 0.467533 0.475723 0.476234 0.468266 0.35215 0.507614 0.508517 0.443773 0.385603 0.524346 0.499766 0.463734 0.453629 0.420555 0.46707 0.513701 0.522011 0.55564 0.400139 0.577594 0.534457 0.393659 0.522304 0.50877 0.337088 0.510826 0.475088 0.474111 0.409379 
0.547165 0.317681 0.443346 0.410021 0.486856 0.452329 0.42428 0.475503 0.44569 0.474937 0.439739 0.365567 0.419728 0.429824 0.437456 0.501925 0.486905 0.384061 0.417636 0.396975 0.513001 0.465215 0.453048 0.421508 0.414142 0.41924 0.442892 0.46919 0.425644 0.438396 0.429594 0.512751 0.41724 0.433353 0.455896 0.393631 0.511401 0.428013 0.445339 0.50123 
0.401341 0.440826 0.336237 0.437344 0.454369 0.335958 0.429899 0.460086 0.366772 0.388424 0.380691 0.407191 0.429768 0.394512 0.437929 0.415515 0.391672 0.463599 0.318297 0.404252 0.382873 0.449453 0.373456 0.356675 0.393293 0.427762 0.39071 0.399449 0.395533 0.402847 0.454702 0.478067 0.428668 0.316823 0.484454 0.408939 0.38418 0.400045 0.460053 0.418676 
0.304914 0.317502 0.216549 0.244004 0.292838 0.328239 0.387894 0.290802 0.248896 0.29644 0.32063 0.288986 0.275647 0.332563 0.332167 0.290138 0.211894 0.255285 0.225774 0.225969 0.291507 0.34766 0.254618 0.290249 0.210057 0.236499 0.296411 0.315638 0.286483 0.342657 0.232781 0.251588 0.228773 0.294338 0.304615 0.328363 0.281292 0.335207 0.24686 0.268409 
0.337914 0.309596 0.254788 0.311947 0.270405 0.263179 0.252807 0.252245 0.229402 0.217172 0.291107 0.184304 0.278678 0.333395 0.277179 0.209269 0.186003 0.295424 0.30255 0.25643 0.29495 0.287101 0.168689 0.304846 0.169477 0.228417 0.263925 0.228924 0.262364 0.201256 0.253577 0.256695 0.267228 0.242688 0.272379 0.300869 0.282768 0.292062 0.227287 0.249386 
0.370767 0.276781 0.342504 0.321584 0.296939 0.355648 0.226021 0.373647 0.373716 0.336953 0.36112 0.336318 0.285343 0.358048 0.271988 0.328425 0.342163 0.357974 0.371498 0.279416 0.344959 0.3471 0.295306 0.349416 0.370699 0.346898 0.319802 0.302281 0.375242 0.313215 0.320716 0.34394 0.27387 0.366104 0.351039 0.266599 0.363623 0.335149 0.333024 0.323251 
0.22555 0.221174 0.21851 0.236282 0.174005 0.169815 0.179304 0.239759 0.159313 0.175779 0.169035 0.301496 0.211045 0.199811 0.231582 0.234988 0.232457 0.263815 0.327835 0.328102 0.199622 0.184389 0.207546 0.203467 0.24789 0.19206 0.191321 0.23405 0.251932 0.221763 0.250778 0.197922 0.213293 0.267458 0.250225 0.276509 0.291425 0.181286 0.195875 0.267508 
0.467364 0.447042 0.45729 0.493208 0.404716 0.472032 0.428951 0.290016 0.461912 0.451627 0.45432 0.446494 0.342216 0.438097 0.381661 0.422969 0.439338 0.380663 0.453784 0.437296 0.481412 0.294662 0.384871 0.45756 0.355341 0.433593 0.398987 0.471295 0.400355 0.410841 0.463624 0.414388 0.411077 0.343963 0.489853 0.477064 0.337363 0.394263 0.428234 0.451688 
0.457162 0.473784 0.352441 0.421213 0.350604 0.312519 0.366603 0.395548 0.307485 0.418913 0.483968 0.385288 0.445035 0.305508 0.382317 0.315615 0.495511 0.382829 0.333835 0.348307 0.337171 0.362782 0.322611 0.38321 0.429546 0.423741 0.289417 0.424793 0.278667 0.464991 0.462387 0.493303 0.436953 0.417075 0.371176 0.449751 0.38156 0.401675 0.357403 0.385606 
0.443227 0.298131 0.407502 0.341693 0.429053 0.418408 0.457281 0.366343 0.397518 0.399156 0.462393 0.402795 0.391822 0.452135 0.442032 0.470742 0.451392 0.423514 0.459885 0.464446 0.473128 0.461154 0.450231 0.457961 0.420733 0.462624 0.4275 0.43412 0.404029 0.450918 0.329479 0.494798 0.397226 0.406518 0.459453 0.353529 0.467364 0.46475 0.440498 0.429743 
0.238156 0.252464 0.193899 0.267708 0.204551 0.270142 0.296039 0.239455 0.23883 0.222566 0.199622 0.230981 0.226185 0.245067 0.186702 0.210533 0.256591 0.187969 0.254918 0.218398 0.206242 0.241895 0.262143 0.264176 0.175715 0.216291 0.234653 0.289696 0.250517 0.184184 0.246336 0.185794 0.215111 0.203796 0.277983 0.171038 0.262926 0.202334 0.255889 0.22107 
