0.000000 6.036735 0.000000 1.952699 3.199770 2.049985 3.964870 3.888858 1.789074 1.585873 3.403002 0.000000 0.293031 1.156777 1.389681 0.000000 1.703946 -1.896792 0.000000 0.000000 0.000000 3.999654 0.000000 8.532456 -1.967645 -4.795771 0.000000 0.000000 2.085971 0.000000 0.000000 0.000000 1.413305 0.000000
0.000000 0.000000 0.000000 0.808475 1.397924 -2.369558 0.000000 0.000000 -1.895369 -2.026388 0.000000 0.000000 -2.719708 0.000000 -2.038857 0.000000 -1.384318 -2.633755 0.000000 0.000000 -5.548407 0.600656 0.000000 -1.054506 -1.821353 0.000000 0.000000 0.507982 0.000000 0.000000 0.000000 -0.767400 0.000000 1.331648
2.604256 -0.525159 1.163823 0.853591 -1.069998 0.000000 0.000000 0.000000 0.000000 0.000000 0.000000 0.491833 0.708539 -0.128477 2.102198 0.000000 0.000000 1.510245 1.505680 -1.849320 0.000000 0.000000 0.000000 -3.704378 2.075158 -0.956366 1.164262 0.000000 0.393906 0.000000 0.514420 -0.602119 0.000000 0.299159
1.099791 2.400300 0.429699 1.496909 0.351620 2.820377 0.000000 0.000000 2.274432 0.000000 0.000000 3.997914 3.271006 0.636386 -1.126817 0.000000 0.000000 2.128382 1.107681 1.546486 4.862832 0.703526 -1.231467 2.105434 1.117885 0.000000 0.668048 1.219851 0.000000 3.206810 0.913758 0.000000 0.000000 1.097050
0.000000 0.000000 0.000000 0.000000 0.000000 0.000000 0.000000 0.000000 -2.588362 -1.302195 0.000000 1.437735 0.339327 0.000000 0.000000 0.000000 -1.279747 2.153959 -1.370282 0.000000 0.000000 -2.014079 0.000000 0.005929 0.000000 -3.455707 0.000000 1.225775 0.000000 0.000000 -1.685255 0.642247 0.000000 -2.282693
0.000000 0.000000 1.319986 0.000000 -3.927021 0.000000 1.205150 0.000000 4.021528 2.294340 0.000000 0.000000 0.931846 -4.217616 -3.665702 0.000000 1.077140 -2.591426 0.000000 0.000000 -0.292326 0.000000 -5.478538 -10.548817 0.000000 1.285541 0.000000 0.000000 -2.699815 0.000000 0.998521 0.000000 0.000000 0.000000
3.079983 -3.224913 -3.156262 -2.436039 0.000000 0.000000 0.000000 0.000000 -0.944266 -2.279712 0.000000 0.000000 -5.876896 -2.205616 0.000000 0.000000 0.000000 -2.531345 0.000000 0.000000 2.728321 -0.269280 -2.795202 4.040522 -1.340370 2.148093 0.000000 -2.829216 -2.466055 0.000000 -3.204395 -4.614668 0.000000 0.000000
0.000000 0.000000 4.227240 1.628867 0.000000 1.253177 0.720867 0.000000 0.000000 0.000000 0.000000 0.000000 -0.624974 2.098184 0.000000 0.000000 -1.900579 -0.892638 0.486711 1.893797 0.000000 1.548659 -2.827208 6.528364 1.043706 4.119315 -2.750665 0.000000 0.000000 0.000000 1.180618 0.000000 0.000000 0.000000
0.000000 -1.654731 0.860034 0.000000 0.000000 0.000000 0.000000 0.000000 1.072258 0.000000 0.000000 0.000000 -4.341290 0.000000 0.318778 0.000000 1.207817 0.000000 -0.826450 0.000000 -2.057833 -1.747013 2.385080 5.672369 0.000000 -0.487064 -1.389636 0.000000 0.000000 0.000000 2.253677 0.000000 -1.989480 3.365777
0.000000 0.221631 2.437123 0.000000 1.786130 0.000000 -1.683110 0.000000 0.064947 0.018250 0.000000 0.000000 -1.287172 -1.226887 -2.401252 0.000000 0.000000 2.331189 2.599761 0.000000 -2.318476 0.000000 0.082081 -0.193669 0.000000 2.574515 0.000000 0.000000 -1.695008 0.000000 0.562807 0.000000 0.000000 0.935460
0.000000 -2.527214 0.000000 -2.046841 1.363174 3.092175 -2.549668 0.000000 -1.268022 -2.287863 0.000000 -0.205005 0.000000 0.000000 -2.824435 0.000000 0.000000 2.479701 -1.038850 0.000000 0.000000 0.000000 0.000000 2.294631 0.000000 -1.016696 -2.320697 1.839562 -2.706936 0.000000 0.000000 0.186551 2.162696 0.000000
0.000000 -0.819738 1.830962 0.000000 0.000000 0.000000 0.000000 0.000000 0.000000 1.488820 0.925459 1.172416 10.877115 1.810831 -0.594998 0.000000 0.343768 0.000000 0.000000 0.000000 0.000000 -1.225857 0.000000 -16.066938 0.000000 0.000000 0.000000 0.000000 0.000000 0.000000 3.976044 3.436617 0.000000 0.000000
1.611270 1.285992 -2.798604 2.191615 3.333189 0.000000 0.000000 0.000000 1.001302 0.000000 0.000000 0.000000 1.288802 1.607187 -0.052271 0.000000 0.000000 1.693101 2.294978 0.000000 0.143814 0.000000 3.567485 0.009496 1.177523 1.658921 2.325198 2.326207 1.505328 0.000000 0.000000 1.519800 0.000000 2.407617
0.000000 1.189440 3.100741 1.766362 0.908670 0.000000 0.000000 0.000000 1.246788 1.616159 0.000000 0.000000 -0.437725 0.853683 0.809758 1.434392 1.920718 0.835990 0.000000 0.000000 1.470425 0.013143 1.250028 1.224676 0.816559 1.389518 0.000000 0.543741 0.000000 0.000000 0.000000 0.000000 1.430796 1.744519
0.000000 0.000000 0.000000 1.443679 0.729282 1.539649 0.667805 1.062891 0.384404 0.000000 1.467491 0.000000 0.781242 0.273925 1.247881 0.000000 0.050022 -0.473087 0.481647 0.000000 0.307850 0.941569 0.000000 2.616265 0.000000 2.286166 -1.572927 0.000000 0.166998 0.000000 0.000000 0.062977 1.618231 -0.097310
-2.240163 0.000000 0.000000 0.000000 -0.555555 -2.139497 0.000000 0.000000 0.000000 0.194766 0.000000 0.744629 -2.885656 0.000000 0.177556 0.000000 -2.592406 -3.465967 -1.441799 0.000000 0.000000 0.131063 0.000000 2.886801 0.000000 0.000000 0.000000 0.431995 0.000000 0.000000 0.000000 0.000000 0.000000 1.473718
1.869061 -1.604467 0.908261 0.000000 0.000000 0.437638 1.830351 0.000000 0.000000 0.000000 0.000000 0.000000 -0.437592 1.069838 2.129394 -2.503659 0.000000 -2.746309 -2.812363 0.000000 -4.772285 -0.833663 0.000000 0.497622 -1.127832 2.532381 0.000000 -1.932463 2.615417 0.000000 0.000000 0.953396 0.000000 -2.359022
0.000000 2.587122 3.031962 0.000000 0.991139 0.000000 0.000000 0.000000 -2.116074 1.055756 0.982701 0.493328 0.000000 1.614096 2.881009 0.000000 1.224658 3.283887 0.195369 0.000000 5.020153 -1.644136 1.158631 -1.600707 1.480810 -3.898255 0.000000 0.000000 0.000000 0.000000 0.000000 0.000000 0.000000 0.000000
0.000000 0.000000 1.584343 -0.926016 -1.411579 0.000000 0.000000 -1.644573 -2.245851 0.000000 0.000000 0.000000 1.656773 0.000000 -1.504325 0.000000 1.137152 -0.861695 1.910632 0.000000 0.000000 0.000000 0.641318 -0.817269 0.000000 -1.092751 0.000000 0.000000 0.000000 0.000000 0.000000 1.445041 0.000000 0.359055
2.973546 3.196101 -1.281429 0.000000 -1.136199 0.000000 0.000000 0.000000 0.700315 1.229020 0.000000 -2.839995 2.307898 -1.651230 -1.345376 0.000000 -2.160162 -2.667151 2.140747 -1.783784 0.000000 2.252688 -0.018769 -0.755686 0.000000 1.356369 1.312306 0.391726 0.000000 0.000000 -1.619245 -1.716841 0.000000 -2.295975
0.000000 0.000000 0.000000 1.208752 1.260861 0.000000 1.168793 0.000000 0.000000 1.733691 0.000000 -1.075512 2.634066 0.000000 0.233793 0.000000 0.443838 1.192294 0.000000 0.783035 3.254924 1.205265 0.000000 -2.473220 0.000000 0.633425 0.000000 -0.980282 0.000000 0.770621 0.000000 0.000000 2.167186 0.000000
4.047431 2.387878 0.000000 0.793825 -1.278364 1.295490 1.204043 0.000000 0.547683 0.822422 0.000000 0.000000 -4.632109 2.029886 3.976314 0.000000 3.194120 2.706571 0.000000 3.562532 1.679428 1.939411 5.020509 7.659013 1.436363 2.484741 2.104988 0.000000 3.616627 0.000000 0.000000 2.135098 1.767290 1.117471
0.000000 0.940395 0.000000 0.361704 -1.575196 0.000000 0.000000 0.000000 0.000000 0.000000 0.000000 2.244416 0.857862 -0.866946 -3.600002 1.882933 -0.416708 -0.706018 -0.337909 0.000000 2.507877 0.581575 -1.626449 -0.528960 1.468384 0.000000 -0.296274 1.205063 0.000000 0.000000 0.414227 -0.113650 1.664177 0.837577
0.000000 0.000000 1.516857 0.000000 0.989022 0.000000 1.058103 1.790721 2.407620 1.606032 0.000000 1.599330 2.168202 0.939279 0.000000 0.000000 1.010599 0.642755 0.000000 2.617906 0.147922 0.000000 1.077521 3.190966 0.000000 1.113547 0.817981 3.640842 0.000000 1.757246 0.000000 0.000000 3.354182 2.111978
0.000000 -0.813562 -3.204349 0.000000 1.122773 0.000000 0.000000 0.000000 -0.686636 0.000000 0.000000 0.000000 1.524482 -3.177360 -3.591220 0.000000 0.000000 -3.726278 -1.745684 0.000000 -2.730857 0.000000 0.000000 -2.571803 0.000000 -2.343949 0.000000 2.596503 -2.486782 0.000000 0.000000 0.000000 0.000000 1.811559
2.379291 2.789733 -1.251313 0.000000 1.353865 1.634087 0.000000 0.000000 0.000000 0.000000 0.000000 0.000000 -0.893857 0.000000 -0.468292 0.000000 0.000000 0.904035 -1.641059 1.656074 1.530709 1.745834 2.818264 4.900166 0.000000 0.000000 0.000000 0.000000 0.000000 0.000000 0.000000 2.131347 0.000000 1.668134
0.000000 -1.484538 0.000000 0.000000 0.000000 0.000000 0.000000 -2.858852 0.000000 -1.828376 0.000000 0.000000 -3.707400 0.025038 -1.975161 0.000000 0.000000 0.000000 0.849820 0.000000 0.000000 0.212471 -2.097009 1.484887 0.941421 1.093057 2.097963 0.000000 0.000000 2.178776 0.000000 0.540044 0.000000 2.480762
0.000000 1.223446 0.000000 0.521621 1.192291 0.675358 0.000000 1.308866 0.000000 0.178374 0.000000 1.224885 1.601531 -1.473205 -1.782884 2.376913 -1.193854 0.124563 0.340244 0.000000 0.000000 0.000000 -0.352169 -0.082634 1.108472 2.379485 0.000000 -0.241456 1.250679 0.000000 1.263649 -0.855001 1.021649 0.407344
2.138568 0.000000 0.000000 -1.826445 0.000000 -1.481317 0.000000 0.000000 2.139729 1.351626 0.000000 0.000000 0.302434 0.000000 1.041822 1.543182 0.000000 0.435459 0.000000 0.999555 0.000000 1.491154 0.000000 3.503959 0.000000 0.450585 3.809781 1.563594 1.144584 0.000000 0.000000 1.376010 -1.108764 0.000000
1.512993 0.000000 1.527039 0.000000 1.922980 3.171437 0.000000 0.000000 0.793148 0.000000 0.000000 1.092013 2.212551 0.000000 1.220631 0.000000 0.279454 -0.031263 1.370373 0.000000 2.889176 0.000000 -1.688007 -1.220198 0.000000 0.000000 0.335639 0.240078 0.000000 1.617709 0.312543 0.802471 1.794211 0.477559
0.000000 -0.003235 0.000000 1.612124 -1.781087 0.000000 0.000000 2.766901 1.654713 0.000000 0.000000 0.977701 1.108755 1.201897 2.603878 0.000000 0.637700 3.163524 0.000000 0.864394 0.208721 -0.707518 0.000000 -3.347413 0.000000 0.859653 0.000000 -1.446845 0.000000 0.000000 1.605458 -1.038224 1.020473 0.000000
2.103251 1.541415 1.030342 0.000000 0.000000 0.000000 0.000000 0.000000 1.102826 2.055068 0.000000 0.000000 0.000000 2.265538 0.620167 0.000000 1.107112 0.260042 0.000000 0.000000 0.000000 -0.339118 0.000000 1.228926 0.513522 2.144502 -1.430127 0.969601 2.558131 0.000000 0.000000 2.731544 1.505579 0.253755
2.985857 2.559628 1.126334 3.130492 3.019033 0.865131 2.742840 3.419898 3.567121 2.463598 2.489583 -0.108081 3.088405 5.598575 7.419297 2.165459 3.949079 5.420471 3.610815 1.112692 1.530218 1.671931 6.126988 3.209449 1.128936 0.441985 3.775136 2.447101 4.638320 2.699601 4.042595 4.669534 1.766731 4.633897
0.000000 0.000000 0.677261 -2.212442 -2.072299 0.000000 0.000000 0.000000 0.000000 0.000000 0.000000 -1.649859 0.000000 0.142665 2.931092 3.137155 -0.096693 0.000000 -1.755340 0.000000 0.005969 -0.604490 0.000000 -6.047595 0.000000 -2.528148 0.000000 0.000000 0.000000 0.000000 0.000000 0.840026 1.933777 2.392480
