0.000000 3.213538 0.000000 2.741490 0.000000 1.335741 4.260459 2.884643 1.369520 0.000000 2.360539 0.000000 0.096043 0.316875 0.076566 0.000000 0.250601 0.000000 1.168656 0.323773 -2.882669 0.000000 -2.588089 0.271357 -1.713286 0.000000 0.000000 -0.789345 1.302570 0.000000 0.195366 0.000000 0.380774 1.610210
1.253684 1.715370 -0.022208 0.657415 0.000000 0.000000 -0.162166 0.000000 0.000000 0.818175 0.000000 0.300722 0.662512 0.000000 -0.619993 0.299624 0.000000 0.000000 1.049812 0.572463 0.594464 3.481091 0.242016 0.000000 0.721412 0.000000 0.524024 0.778317 1.148159 0.864215 0.312916 0.000000 0.155105 0.461516
2.298341 1.509907 1.780281 2.957656 0.964984 0.000000 0.000000 1.166640 0.234096 1.008199 0.000000 -0.065625 1.994709 0.728618 1.080911 0.000000 -0.825737 0.971770 1.200277 -1.137439 0.000000 0.000000 1.542016 2.027891 1.732858 0.000000 0.000000 1.583285 2.122658 0.000000 -0.063224 -0.377707 0.190241 0.152311
0.421079 2.627854 0.000000 0.000000 0.000000 0.000000 2.877200 0.000000 0.000000 0.000000 0.000000 0.000000 0.011799 0.000000 -1.431360 0.372155 0.000000 0.000000 1.181539 0.158495 0.000000 0.000000 0.771310 -1.169443 -0.182948 0.000000 0.000000 0.241112 0.560860 0.000000 0.000000 0.000000 -1.125144 0.853240
0.680486 1.832159 0.000000 1.219698 0.000000 0.000000 2.575681 0.020663 0.000000 0.000000 0.000000 0.000000 0.747116 1.027227 0.296840 0.000000 0.000000 0.000000 0.554871 0.000000 0.000000 0.000000 0.000000 0.666536 0.865273 0.000000 0.000000 0.476538 1.020159 -1.221448 0.000000 0.000000 0.000000 0.000000
1.663800 1.173796 0.000000 0.000000 0.000000 0.120727 0.566427 -0.204489 2.850957 0.000000 0.000000 0.000000 0.000000 -0.675781 -0.921213 -1.478200 1.330604 0.000000 0.646385 0.944484 0.000000 2.288343 0.000000 -2.418201 0.000000 0.000000 0.000000 0.257133 0.000000 0.170749 0.000000 0.000000 0.469853 0.783225
0.232420 0.000000 0.000000 0.000000 0.000000 4.318031 -0.919649 1.640936 0.000000 0.000000 0.000000 0.000000 0.420287 0.000000 0.000000 -0.650079 1.654137 0.000000 -0.114159 0.560288 0.000000 0.000000 0.000000 0.000000 -1.385848 0.000000 -2.645645 -0.866626 -1.011448 -0.836742 0.849731 -2.745897 0.000000 0.000000
0.757571 -0.245934 0.825313 0.426012 0.000000 0.177866 -2.345986 1.815363 -1.302026 0.000000 2.204216 0.000000 1.790236 2.440602 1.378609 0.000000 -0.459316 0.000000 -0.012387 0.000000 0.000000 0.000000 0.000000 2.240693 1.485458 0.000000 0.000000 0.419935 1.013279 0.914543 0.719977 0.680657 0.944102 -0.900413
0.014788 0.326220 -1.920191 0.000000 0.000000 -3.492298 0.000000 1.218344 1.027673 0.000000 1.386585 1.761853 0.000000 0.122581 0.116959 0.667724 1.301994 0.000000 0.000000 0.410883 -0.005032 0.000000 0.343321 0.344665 0.000000 0.000000 0.000000 0.420914 0.000000 0.000000 -0.019686 -1.657315 0.187479 2.070775
0.000000 0.039734 1.741446 0.000000 1.500866 0.000000 -3.103157 -0.147700 -0.026870 0.000000 0.000000 0.680274 -0.467612 0.000000 -1.007958 1.224275 0.413450 1.225272 0.613721 0.731019 0.000000 0.000000 2.023143 0.381456 0.157983 0.000000 0.650285 -0.063513 -0.190603 0.000000 1.835309 -0.314104 -1.258045 3.320832
2.345155 -2.553725 0.000000 0.000000 0.000000 1.311858 0.000000 0.000000 0.000000 0.000000 2.351655 0.000000 1.415229 0.000000 0.000000 0.000000 0.000000 0.000000 -0.766036 0.171960 2.052138 0.000000 0.855349 0.000000 1.552989 0.000000 0.000000 0.735827 -1.128581 3.086008 0.000000 -0.811015 2.227604 0.000000
0.889195 0.428945 -1.469888 0.000000 0.000000 0.000000 0.000000 0.924917 0.000000 0.000000 0.000000 0.000000 -0.061720 1.616175 0.000000 0.000000 0.670772 0.000000 0.000000 0.000000 0.000000 0.000000 0.421292 0.000000 0.000000 0.000000 0.000000 0.000000 0.000000 -1.415887 0.297369 0.262987 -0.647860 0.000000
1.652373 1.134990 0.000000 0.744203 0.000000 0.000000 0.000000 0.000000 0.645360 0.000000 0.000000 0.000000 0.000000 0.000000 0.000000 0.000000 0.461582 0.000000 0.294536 0.320226 0.000000 0.000000 0.000000 -0.999387 0.251413 0.000000 2.372053 0.388864 0.198025 0.000000 -0.029561 0.000000 0.000000 0.658841
2.325151 0.000000 1.703826 0.000000 0.000000 0.000000 0.000000 0.000000 0.034478 0.416871 0.000000 0.000000 0.751759 0.000000 0.584714 0.448817 0.000000 1.173026 0.647485 -0.424644 1.174350 0.000000 0.778135 0.000000 1.390189 -0.245874 0.799720 0.859157 0.000000 0.780217 0.327629 1.373353 0.549389 0.073837
0.000000 0.000000 0.000000 0.000000 0.000000 1.677570 1.626967 0.932615 1.696428 0.000000 3.169901 0.930242 0.837518 1.558309 1.409918 1.483804 0.695054 0.000000 1.095891 0.428228 0.000000 0.000000 0.000000 0.167899 0.000000 0.000000 0.000000 -0.095920 0.000000 -0.055921 0.665149 -0.272610 2.347494 0.764180
0.000000 1.136463 0.000000 1.819098 0.000000 0.000000 0.000000 0.000000 0.444112 1.690549 3.062782 0.000000 0.000000 0.000000 0.918313 0.700541 0.000000 0.000000 0.468225 0.000000 0.000000 0.000000 0.959793 1.972309 0.009745 0.000000 0.000000 1.318532 0.736327 -1.616378 0.000000 -0.046236 1.252601 1.182360
0.000000 0.000000 0.000000 0.000000 0.000000 3.595012 0.000000 1.343336 0.000000 0.000000 0.000000 0.000000 0.348065 0.000000 0.000000 -0.551333 1.579149 0.000000 -0.099467 0.480805 0.000000 0.000000 0.000000 0.000000 -1.180114 0.000000 -2.432903 -0.711270 -0.884235 -0.754223 0.711000 0.000000 0.000000 0.000000
0.463272 0.495186 0.913375 0.000000 0.000000 0.000000 0.852198 0.000000 -1.856720 0.000000 0.000000 1.250861 0.000000 -0.595870 0.000000 0.749793 0.331488 0.000000 -0.489287 1.107532 0.677766 0.000000 0.727249 0.804136 0.229295 0.000000 0.000000 0.354528 0.000000 -0.259978 0.402996 0.000000 -0.045514 0.446142
0.000000 0.897556 -0.377476 0.000000 0.000000 -0.052711 -0.575649 0.000000 0.452117 0.000000 0.000000 0.000000 1.511830 0.117246 0.000000 0.000000 0.733072 0.000000 1.289696 0.480764 0.034535 0.000000 -0.254622 -0.655225 0.000000 0.000000 0.000000 0.070148 0.000000 0.493441 0.695796 2.256152 1.113126 1.239678
0.695689 1.593477 1.783178 1.414270 0.000000 0.000000 -1.139089 -2.754493 0.000000 0.206149 0.366247 0.000000 0.311692 1.216663 0.485579 0.000000 -0.865565 0.000000 0.197420 0.000000 1.304779 0.000000 1.821081 0.635389 1.193761 0.000000 0.000000 1.276113 0.650179 0.000000 0.000000 0.000000 0.653947 0.000000
0.000000 1.288036 0.673700 -0.087732 0.000000 0.000000 0.397849 0.000000 0.645121 1.337433 0.000000 0.000000 0.645635 0.000000 -1.128151 0.083208 -0.108676 0.000000 1.297347 0.360253 0.959474 1.091854 0.299677 0.000000 0.343518 0.000000 1.645470 0.957511 1.162412 1.339913 -0.048012 -1.369347 0.987239 1.304951
1.249817 0.044570 0.000000 0.000000 0.000000 0.000000 0.000000 0.000000 0.000000 0.000000 0.000000 0.000000 -1.330596 0.000000 -1.194769 0.000000 0.338956 0.000000 0.000000 1.068486 0.979229 0.000000 1.072157 -0.834425 0.000000 0.000000 1.463159 0.249276 0.000000 0.647807 0.604740 0.000000 0.000000 1.016925
1.206641 -0.331303 1.212441 0.525506 0.000000 -0.369704 0.000000 0.460041 0.767178 0.000000 0.000000 1.005500 0.460119 0.832084 0.615245 1.152519 1.071109 1.744163 0.345016 0.631943 0.875451 0.000000 -0.060280 0.632026 0.385198 0.000000 1.878748 0.510470 0.055711 0.316919 1.186553 1.221557 1.362479 1.441272
0.000000 0.000000 4.282308 0.000000 0.000000 2.237743 0.000000 0.629739 0.000000 0.000000 0.000000 -0.031608 0.392697 0.712517 0.524801 0.935014 0.556535 0.000000 0.000000 0.980315 1.915496 0.000000 0.914867 2.178587 0.645083 0.000000 0.000000 0.592752 -0.117970 2.089004 0.908785 0.814894 2.132596 0.536845
0.000000 0.000000 0.000000 0.200565 0.000000 0.000000 0.000000 1.390453 0.929322 0.000000 2.269165 2.226544 -2.047053 -3.208496 0.000000 0.000000 0.000000 0.000000 -0.032903 0.474433 -2.911309 0.000000 -0.893092 0.611088 -1.602963 0.000000 0.000000 0.571033 -2.171952 -1.135387 0.821562 0.000000 -0.647717 2.023355
5.241707 0.000000 4.609911 0.881163 0.000000 4.120385 0.000000 1.069569 -0.899055 0.000000 0.000000 1.288027 1.904450 0.000000 0.000000 -1.815317 1.577673 2.505739 -1.770885 0.193216 3.987157 0.000000 4.084860 2.903410 1.660636 0.000000 0.000000 0.000000 -1.696701 0.766902 2.457320 5.371276 -1.089264 0.218308
0.000000 0.163746 0.995684 0.000000 0.000000 0.447685 0.000000 0.000000 0.000000 0.000000 0.000000 -1.828777 0.040568 0.384851 0.559339 0.339128 0.000000 0.000000 0.104856 0.310042 1.000737 0.000000 0.000000 0.882833 0.638607 0.000000 1.270426 0.180979 0.508067 1.588464 0.000000 0.000000 1.639065 0.594701
0.000000 0.865086 -0.658315 1.127540 2.543950 0.000000 1.687905 1.863816 0.000000 0.000000 0.000000 0.967687 0.054033 0.000000 0.000000 0.375020 0.000000 0.000000 0.204010 0.939364 0.446019 -0.120373 0.620460 1.917673 0.092373 0.000000 -0.090669 0.754582 0.917309 1.177152 0.640787 0.000000 0.744993 1.416769
3.064596 0.000000 3.229857 0.000000 1.129028 -0.697542 0.000000 0.709252 1.870317 1.947079 0.000000 1.402166 0.322466 0.046461 1.056775 1.515488 0.684778 2.819823 0.911510 0.000000 1.276210 0.000000 0.000000 0.000000 1.543167 2.991194 2.522745 0.825262 0.917555 1.314017 1.838162 0.785127 0.000000 1.501029
0.000000 0.000000 -0.106070 0.000000 0.000000 2.440572 0.000000 0.000000 1.290563 0.000000 0.000000 0.000000 -0.964521 -0.931722 0.334063 0.727058 0.992619 0.672820 -0.644168 0.740774 1.252015 0.000000 0.633768 0.539242 0.396002 2.326352 -0.184643 0.864070 0.000000 2.070999 1.175820 1.963000 1.429249 2.252150
0.000000 0.000000 0.000000 -0.508415 0.000000 0.573603 0.000000 0.583050 0.700191 0.000000 -1.900386 0.000000 -0.607273 1.183344 1.092367 0.000000 0.596424 0.000000 0.085234 0.144926 0.000000 0.000000 0.000000 0.565036 0.000000 0.000000 0.000000 -0.058739 0.000000 0.000000 0.315225 1.525820 1.085967 1.127429
1.527771 1.671063 0.575197 0.000000 0.000000 1.144003 0.000000 0.000000 2.230761 3.394062 0.000000 0.219765 0.000000 2.048108 1.627699 0.819574 0.360119 0.000000 0.296737 -1.404663 0.204323 -2.079341 -0.074683 0.000000 0.427395 1.183883 -3.114464 1.941636 0.525168 0.000000 0.000000 3.153764 0.784626 0.237890
0.022316 0.000000 -0.956900 1.428128 3.080102 -0.294606 2.110024 0.237651 0.634312 0.000000 -2.412137 0.017853 1.405083 0.882705 0.965449 0.543015 0.031191 0.000000 0.816364 0.000000 0.000000 2.594539 -0.581992 1.299395 0.318000 2.334775 0.000000 0.642212 0.851431 0.708324 0.592715 1.170204 1.859635 0.451550
0.000000 0.000000 2.673791 0.000000 0.000000 3.203932 0.000000 0.000000 0.000000 0.000000 0.000000 0.000000 -0.565938 0.980138 0.000000 1.044813 0.538819 3.455842 -0.673889 0.917177 0.908945 0.000000 0.688888 0.512435 0.000000 0.000000 0.000000 0.000000 0.000000 1.171061 0.798217 0.000000 1.160929 1.042881
