2.151287 1.458763 0.000000 1.672595 1.153957 0.918894 0.000000 0.836695 0.650335 0.000000 0.483217 0.000000 14193000.893077 -0.011042 1.866490 0.000000 0.489409 0.000000 0.260514 -0.228905 0.000000 -0.069154 0.000000 -1.025574 0.000000 0.000000 0.000000 0.000000 0.357644 0.000000 0.000000 -1.432448 1.000130 0.000000
0.320612 1.270499 0.880704 1.898232 2.200256 0.000000 0.000000 0.409077 0.153129 -0.854890 -0.022734 0.000000 0.000000 -0.404922 0.000000 0.087861 -1.063285 1.181590 0.819609 0.699021 0.598829 0.821804 0.000000 0.000000 0.000000 -0.570914 0.582593 0.492148 -0.047561 0.573459 0.413846 -0.660195 0.902839 0.977399
2.534798 1.121426 1.647549 0.912153 1.048679 1.140410 0.000000 0.434434 1.811419 1.175530 0.262835 2.213422 0.000000 0.769254 0.091961 0.306590 -0.656530 0.776517 2.400274 -1.004027 -0.991731 0.000000 0.000000 0.275102 0.686624 0.000000 0.842841 0.010823 1.048026 0.000000 1.190187 -0.647607 1.043428 0.000000
1.178808 0.766337 0.462832 0.125301 0.000000 0.000000 0.000000 0.000000 0.710796 0.221171 0.357312 0.000000 0.000000 1.304423 -0.712610 0.722587 -1.430279 0.782098 0.959632 0.060102 0.917468 1.249519 0.000000 0.730841 -0.358927 0.000000 0.737245 1.163493 -0.698190 2.430056 0.000000 0.000000 -0.349255 1.128970
0.445080 -0.825247 -0.329880 0.577348 0.000000 -1.614738 0.000000 -0.467950 -0.997300 0.000000 0.509346 0.000000 0.000000 0.774027 1.664472 -0.041121 0.464336 0.000000 0.000000 0.000000 0.932346 0.000000 0.000000 0.863693 0.000000 0.000000 2.119885 0.121604 -0.228436 0.000000 0.000000 0.793082 0.692306 0.000000
0.519454 1.537566 4.918968 0.964816 -0.012658 0.000000 0.000000 -1.329869 2.032517 0.000000 0.201385 0.000000 0.000000 -1.893980 -2.569338 0.000000 0.308209 0.000000 0.000000 0.957703 1.144300 0.000000 0.000000 -0.754043 0.000000 0.379425 0.073327 1.227280 0.000000 0.000000 0.052533 0.000000 0.304138 0.000000
2.561980 0.000000 0.000000 -0.409404 0.000000 1.066926 0.242373 0.785416 -1.127555 0.000000 0.677747 0.000000 2.197535 -1.740928 -0.580312 -1.547911 0.868086 0.000000 -2.819125 1.184580 0.000000 0.000000 0.000000 -0.086942 0.000000 2.127850 0.000000 0.000000 0.000000 0.000000 0.000000 0.000000 0.406419 0.000000
0.653004 0.635504 2.346871 0.812597 0.000000 0.735810 3.307416 0.514804 0.690833 0.482110 0.378787 0.000000 0.000000 2.015224 -1.210871 0.000000 0.000000 0.000000 0.837509 0.521307 0.000000 0.000000 0.000000 -0.243485 0.000000 -1.386601 -0.012770 -0.182949 0.645927 0.000000 0.810491 0.666875 0.791348 0.000000
-0.320095 -0.135730 2.097494 -0.495000 0.000000 0.000000 0.000000 -0.735886 1.866360 1.062743 0.000000 0.000000 0.000000 -0.030864 -0.070559 0.670243 1.874597 2.577377 0.000000 -0.581881 -0.823046 0.000000 0.000000 1.711726 0.144818 0.000000 -0.232330 -0.126983 0.470479 0.000000 0.850690 0.000000 -0.412765 0.000000
0.535561 0.748949 1.504287 0.888790 0.607741 0.000000 0.000000 -0.167962 -0.875637 0.000000 -0.150774 0.000000 0.000000 0.811718 -3.953467 1.070601 0.857328 0.396301 1.639652 0.420143 0.444844 0.000000 3.148867 0.155666 0.774528 0.000000 1.147661 -0.274860 0.561659 0.000000 0.794849 0.228526 1.059518 1.687593
0.043114 -1.808069 -0.758102 -1.004163 0.699029 0.839471 0.000000 0.396361 -0.000418 -0.980118 0.987405 0.000000 0.000000 1.793881 0.588616 0.271529 -0.034585 0.000000 0.000000 -1.340115 0.612536 0.000000 0.000000 0.535905 0.000000 0.000000 -0.683011 0.000000 -1.552058 0.000000 0.074526 2.038908 0.045475 0.000000
2.377738 0.746965 0.000000 0.000000 0.192036 1.016546 0.000000 0.944144 -0.126511 0.000000 0.536616 0.000000 -14192997.810620 1.106730 2.061116 0.000000 0.551998 0.336234 0.000000 0.000000 0.433765 0.000000 0.000000 -1.125033 0.000000 0.000000 -0.511960 0.000000 0.403382 0.000000 0.000000 -1.612128 0.254102 0.000000
0.787123 1.755146 -2.700324 0.724355 0.003939 0.000000 0.000000 -0.010108 0.314967 0.000000 -0.032758 0.000000 0.000000 -0.129715 1.767966 0.000000 0.000000 0.000000 0.544747 0.712783 0.000000 0.000000 0.000000 -0.281285 1.679330 5.197344 0.618451 0.470709 2.577185 0.000000 0.000000 3.092783 0.283668 0.000000
0.000000 1.034854 2.586302 1.983923 1.840801 0.668382 0.000000 0.991293 0.471393 0.265721 1.213163 0.000000 0.000000 0.591655 0.649931 0.907010 2.894412 -1.487982 -0.006834 -0.350479 1.016070 0.000000 0.000000 1.913480 0.821482 0.000000 0.620605 0.073303 -0.491844 0.000000 0.560760 0.163550 0.655234 1.661410
0.032016 1.313999 0.838466 1.365279 0.000000 0.000000 0.000000 -0.091599 1.043209 0.615945 1.611651 1.985232 5.166578 1.705222 2.612592 0.193931 0.290537 2.458466 0.169235 0.401577 1.047708 0.000000 1.555103 1.187350 0.123732 -0.348177 0.078743 2.026134 0.425769 0.071680 0.000000 0.657152 1.126961 1.807437
-0.587478 0.599876 -0.683459 -0.953130 0.000000 0.000000 0.000000 1.035175 0.661634 -0.218095 0.253145 0.000000 0.000000 -0.950084 2.389452 0.769320 -0.704133 0.000000 1.270051 -0.581711 -0.329229 0.000000 1.500240 -0.292702 0.979522 0.000000 0.000000 0.000000 0.000000 0.814233 -0.201411 -0.370729 0.359624 0.747135
0.474823 -2.287605 -0.359400 0.474232 1.213976 0.888278 2.195019 0.525271 -0.695280 0.685259 0.832551 0.000000 0.000000 0.520030 2.161729 -0.984732 0.594351 0.000000 -1.157200 -0.736465 -1.797374 0.000000 0.000000 1.147331 -0.789112 0.000000 0.791091 0.128958 3.297143 2.384904 -0.161154 2.253043 0.366494 0.000000
-0.533627 0.685951 1.430496 0.343802 0.444505 0.000000 0.000000 0.508545 -0.601463 0.421156 -0.028981 0.000000 0.000000 0.989505 0.385046 0.635681 0.750281 1.601289 0.000000 0.493070 1.041641 0.000000 0.000000 -0.797638 0.481007 -2.253509 0.137634 0.421195 0.000000 0.000000 0.492317 0.551091 -0.095943 0.000000
1.192467 -0.821953 0.000000 -1.273242 1.427136 1.480387 0.000000 -0.867275 -1.296291 -0.301998 0.000000 0.000000 0.000000 -1.164554 -2.888867 -0.052853 0.000000 0.000000 0.352696 0.899975 1.081649 0.000000 0.000000 0.456890 0.331424 -0.138099 -0.187121 0.151004 0.000000 1.837860 -0.071214 1.769337 0.741625 1.032185
2.254587 1.029632 0.000000 0.198365 0.000000 0.000000 0.000000 0.407473 -0.590680 1.354357 0.410835 0.000000 1.957864 0.406681 -2.270615 0.000000 -1.740775 0.000000 0.957114 0.436646 0.375592 1.175550 3.344118 0.597078 0.000000 0.000000 0.000000 1.146676 0.923621 0.000000 0.000000 0.000000 -0.764991 1.285035
0.000000 -0.584106 -0.566243 0.453441 -0.619856 0.000000 -0.043263 -0.986822 -0.090208 0.582173 0.000000 0.000000 0.000000 -0.500326 0.140215 0.736847 -0.451240 0.000000 0.970366 0.611978 -0.072949 1.427934 0.000000 -0.108981 -1.192679 0.000000 0.106339 -0.277490 0.000000 0.281859 0.319303 -1.012408 1.384034 0.605766
2.281112 1.686740 0.685012 -0.327615 -0.300250 1.371043 0.000000 0.659512 -0.364594 0.000000 -0.028981 0.000000 0.000000 0.000000 0.000000 -0.325608 0.841920 3.376561 0.000000 1.259757 1.380516 1.843512 -0.947762 -0.895754 0.481007 0.000000 0.000000 0.539408 0.000000 0.000000 0.000000 0.000000 1.068618 1.028987
0.000000 0.705525 0.096563 0.855658 0.000000 0.185344 0.488037 1.799228 1.878056 1.311845 0.718154 3.312961 0.000000 1.864028 0.000000 1.728304 1.219856 1.752996 -0.043508 0.704616 2.152537 0.477474 0.000000 1.073320 1.355101 0.000000 1.705765 0.632865 2.549815 0.072820 1.832756 -0.419689 1.733104 1.614954
0.000000 0.000000 0.622550 0.265084 0.000000 0.000000 0.000000 1.812677 0.039640 0.867395 0.000000 0.000000 0.000000 1.130083 0.381639 0.260329 0.038230 -2.391749 0.475687 1.380000 0.270346 0.000000 0.000000 -0.086228 0.087477 0.250301 -0.559941 1.876928 -0.200903 0.168736 0.323108 0.000000 2.414970 0.040310
1.748397 0.000000 -4.002997 1.504388 1.127403 3.050617 1.454869 -0.519324 -1.390268 0.000000 -0.140074 0.000000 0.000000 -1.681232 -1.913032 -0.428672 0.000000 -1.721441 -1.849633 0.406702 -1.341855 0.000000 0.946304 0.044038 0.000000 0.000000 0.743971 0.704957 -1.180077 0.000000 -1.664577 -3.006227 -0.450368 2.308513
1.514403 1.645846 -2.197549 -0.619445 0.941252 0.555273 0.000000 0.000344 -0.084401 0.000000 0.089995 6.969194 1.126366 -0.990151 -2.247374 0.000000 0.972101 2.115654 -2.129620 1.036292 0.000000 1.647091 0.000000 -0.804168 -1.252885 0.469589 -0.609497 0.000000 -1.306146 -0.286115 2.036648 1.200827 -0.422958 0.000000
0.000000 0.000000 2.131748 0.938707 -1.890002 0.000000 0.000000 0.033427 0.153384 0.000000 0.000000 0.000000 0.000000 0.793219 0.954562 0.990230 -0.534872 0.000000 0.000000 0.794301 -0.045447 0.000000 0.000000 0.656204 0.000000 -2.665244 1.101835 0.173318 -0.142296 1.275476 0.290018 0.166438 2.342405 1.165156
-0.319287 1.612437 0.859433 0.784176 1.646144 0.000000 0.000000 0.589826 0.811987 0.318001 -0.139670 0.000000 0.242344 0.023235 0.000000 0.982696 0.722582 -1.611452 -0.047985 0.555654 0.000000 0.000000 1.457671 2.241019 1.588641 3.014469 -0.326337 0.653870 0.000000 0.111814 0.498855 0.000000 0.913652 0.902125
1.546382 -0.307203 0.402718 -1.352905 0.000000 0.000000 0.000000 -0.150526 0.579539 1.912781 0.000000 0.000000 0.000000 -0.468255 2.341037 0.453283 0.000000 0.000000 1.808779 0.485864 -2.770569 0.000000 0.000000 1.455397 0.619379 3.481509 1.185842 1.940839 0.124124 0.000000 0.654812 2.346347 -0.448967 0.026980
0.975000 0.000000 1.913638 0.596223 1.388883 0.000000 0.000000 0.000170 1.222298 0.000000 0.000000 0.000000 0.000000 0.000000 0.020590 0.073333 0.514137 0.000000 1.737996 -0.020078 0.720444 0.000000 0.000000 -0.557051 0.221106 -1.955797 0.811331 0.100085 0.000000 1.338102 0.799947 3.486170 1.766169 1.733773
-0.324383 1.507029 -1.042145 1.165334 0.000000 0.009613 0.000000 0.000000 1.341366 0.000000 -0.007631 0.000000 -3.650268 0.267320 1.304725 0.320367 0.544877 0.000000 -1.992502 0.468432 0.000000 0.000000 0.000000 -1.592845 0.000000 0.000000 0.000000 0.000000 0.000000 0.303432 0.000000 1.060956 0.377672 0.772718
3.051331 0.156188 0.420668 -0.287324 0.000000 0.000000 0.000000 0.000000 1.628979 1.471324 0.814209 0.000000 0.000000 0.979589 0.558670 0.543853 -0.045230 0.000000 -0.708880 -0.663830 0.987585 0.000000 0.000000 0.400664 -0.430334 0.000000 -0.897283 0.944460 1.778252 0.000000 0.831264 3.498255 0.850671 0.000000
1.520788 0.839427 1.480802 1.238182 0.987864 0.709217 2.145190 1.988650 1.594212 0.858967 0.851377 0.000000 0.168885 1.501691 3.244760 0.968743 2.036886 2.647534 1.378755 0.910131 1.753250 1.378934 0.000000 2.766860 2.017719 3.741657 1.200479 0.369782 2.362935 3.006965 0.988444 1.528149 1.206666 1.021701
0.000000 0.354859 1.401206 -0.456482 -2.345150 0.000000 0.000000 0.000000 0.000000 -1.245076 0.000000 0.000000 1.991339 0.719283 1.361540 0.564029 0.000000 0.000000 0.000000 0.678396 0.458155 0.000000 0.000000 0.412919 0.000000 0.000000 -0.779320 0.000000 0.000000 0.000000 0.000000 -0.326678 0.411816 2.100220
