 1  5  3 0.697917
 2 10  3 0.777778
 3 10  3 0.816667
 4  8  3 0.809524
 5 10  3 0.967742
 6  5  4 1.000000
 7  4  4 0.966667
 8 10  3 0.670833
 9 10  3 0.793103
10  4  3 0.750000
11  5  4 1.000000
12  4  3 1.000000
13  4  3 0.750000
14 10  3 0.724138
15  4  3 0.750000
16  7  1 0.953125
17  4  3 1.000000
18  4  3 0.750000
19  6  1 0.937500
20 10  3 0.666667
21  4  3 0.750000
22  4  3 0.750000
23  4  3 0.750000
24  5  4 0.800000
25  8  3 1.000000
26  7  4 1.000000
27  4  4 0.968750
28  7  4 0.875000
29  4  3 0.666667
30 10  3 0.758333
31  6  2 0.708333
32  6  3 0.750000
33  4  1 0.708333
34  9  3 0.622837
