 1  8  3 0.716263
 2 10  3 0.816667
 3 10  3 0.857708
 4  8  3 0.751323
 5 10  3 0.741667
 6  4  4 0.900000
 7  4  4 0.868966
 8  8  4 0.700000
 9 10  3 0.755952
10  4  3 0.666667
11  5  4 0.875000
12  4  3 0.750000
13  4  3 0.666667
14 10  3 0.666667
15  4  3 0.666667
16  4  4 0.806452
17  4  3 0.833333
18  4  3 0.666667
19  6  1 0.768817
20  4  4 0.750000
21  4  3 0.666667
22  4  4 0.806452
23  4  3 0.666667
24  5  4 0.750000
25  4  4 0.966667
26  7  4 0.875000
27  4  4 0.806452
28  7  4 0.800000
29  4  4 0.750000
30  7  3 0.700000
31  6  2 0.655172
32  6  3 0.714286
33  9  3 0.706960
34  6  4 0.611111
