0.191807 0.196396 0.125710 0.222976 0.087689 0.158322 0.108766 0.143166 0.251088 0.170671 0.097460 0.084113 0.127031 0.066777 0.104548 0.115514 0.124099 0.147031 0.121819 0.105394 0.166687 0.210959 0.097479 0.123052 0.049882 0.098633 0.114959 0.159775 0.156979 0.194826 0.118376 0.049145 0.143416 0.091266 0.064580 0.140126 0.115878 0.157808 0.183241 0.165352
0.162296 0.137721 0.151481 0.195391 0.098834 0.140738 0.122888 0.146489 0.217042 0.156374 0.130308 0.128133 0.154674 0.125057 0.115573 0.088888 0.097919 0.058691 0.072993 0.055021 0.178547 0.097861 0.146286 0.115061 0.070399 0.120390 0.101166 0.181501 0.126657 0.093525 0.187457 0.122470 0.214818 0.198054 0.143477 0.107939 0.098716 0.093002 0.119987 0.138775
0.186139 0.170328 0.112654 0.229851 0.078145 0.124329 0.127509 0.174071 0.242053 0.171422 0.135207 0.116216 0.135107 0.087321 0.132357 0.098728 0.090946 0.056967 0.101271 0.100953 0.162043 0.106277 0.141595 0.118672 0.054256 0.086397 0.088052 0.207888 0.135342 0.132393 0.142721 0.078184 0.219713 0.160734 0.105887 0.139841 0.107697 0.096994 0.144060 0.150383
0.109007 0.114955 0.121669 0.152902 0.139107 0.122317 0.091074 0.134408 0.203944 0.167686 0.118638 0.073534 0.155228 0.113421 0.122195 0.087073 0.143115 0.073134 0.090313 0.051110 0.121574 0.052093 0.075640 0.159209 0.071274 0.089103 0.132585 0.102786 0.077521 0.109671 0.127590 0.104050 0.145492 0.158514 0.129691 0.032105 0.056714 0.094749 0.110662 0.131357
0.122837 0.127121 0.066387 0.200703 0.094939 0.170057 0.076085 0.079955 0.173173 0.128603 0.091962 0.071818 0.123450 0.128908 0.078553 0.095177 0.098137 0.129705 0.092024 0.061323 0.170955 0.137443 0.060804 0.143581 0.068321 0.124730 0.117252 0.131232 0.096122 0.128690 0.082866 0.036925 0.149899 0.084266 0.087937 0.114496 0.128674 0.118314 0.148104 0.119106
0.110366 0.080528 0.050452 0.211085 0.087999 0.079559 0.101602 0.135636 0.207074 0.095726 0.061963 0.086601 0.083189 0.035938 0.050649 0.061468 0.075778 0.044258 0.077984 0.057424 0.076884 0.117048 0.098841 0.060932 0.040658 0.065453 0.096515 0.089653 0.104783 0.119424 0.073417 0.056183 0.063793 0.086690 0.070280 0.119979 0.090201 0.134371 0.114664 0.142928
0.148486 0.119680 0.124057 0.193901 0.108610 0.127382 0.112457 0.185444 0.302036 0.144343 0.129830 0.100712 0.121822 0.109814 0.123095 0.093177 0.148673 0.048168 0.109370 0.048328 0.092826 0.095434 0.109760 0.105499 0.042374 0.062774 0.115771 0.144426 0.093552 0.118424 0.158376 0.095103 0.188060 0.148869 0.074755 0.108852 0.048118 0.100651 0.118268 0.148778
0.151513 0.135499 0.120011 0.205930 0.113629 0.107491 0.097430 0.169467 0.270998 0.158798 0.152538 0.097619 0.138749 0.093385 0.113146 0.088902 0.145708 0.049664 0.092747 0.049895 0.114519 0.083293 0.105445 0.121981 0.048189 0.047978 0.114017 0.141481 0.088566 0.111996 0.149072 0.077460 0.207339 0.154365 0.067152 0.099481 0.056249 0.073129 0.111860 0.140441
0.161305 0.180348 0.099957 0.202400 0.076824 0.127978 0.106962 0.169255 0.250606 0.167250 0.131459 0.117978 0.121234 0.101682 0.108474 0.106162 0.124156 0.061013 0.100412 0.072813 0.146947 0.079492 0.123481 0.126220 0.058090 0.079325 0.097869 0.200077 0.116779 0.119640 0.152107 0.104253 0.236424 0.179896 0.139140 0.122627 0.085889 0.078613 0.131632 0.158315
0.186909 0.166985 0.099841 0.212336 0.090259 0.141843 0.127787 0.192353 0.272023 0.141025 0.123376 0.065863 0.102938 0.105572 0.128734 0.085700 0.115011 0.074045 0.125319 0.080900 0.109800 0.130958 0.104372 0.094906 0.042091 0.093740 0.108655 0.151135 0.127029 0.168102 0.143310 0.076711 0.169890 0.141708 0.059124 0.110091 0.089678 0.154068 0.156817 0.139288
0.098276 0.098814 0.091936 0.124767 0.126238 0.100056 0.111433 0.141412 0.253305 0.146771 0.054691 0.121807 0.092147 0.084302 0.108044 0.067170 0.135540 0.066091 0.109431 0.028893 0.112386 0.171372 0.112733 0.111783 0.049408 0.064401 0.115188 0.150119 0.145674 0.109477 0.094876 0.119616 0.090342 0.092900 0.137727 0.109695 0.065449 0.143611 0.124603 0.145295
0.078637 0.049848 0.110160 0.132140 0.127267 0.080104 0.074632 0.082891 0.174683 0.083135 0.157990 0.097897 0.121596 0.119860 0.136013 0.049002 0.117112 0.082784 0.082094 0.044886 0.059294 0.043311 0.060900 0.109164 0.040744 0.049101 0.142486 0.068287 0.027229 0.097062 0.086017 0.039135 0.158851 0.140884 0.076156 0.035009 0.025241 0.108376 0.068126 0.077383
0.062956 0.063903 0.071124 0.068887 0.160331 0.119137 0.078841 0.064965 0.183578 0.122918 0.118679 0.093833 0.099479 0.114739 0.129352 0.096540 0.138789 0.106194 0.090714 0.061212 0.110818 0.077110 0.096661 0.126686 0.092434 0.114098 0.136825 0.089462 0.069350 0.157901 0.109194 0.079346 0.078793 0.100241 0.149277 0.075804 0.079692 0.154332 0.096557 0.083743
0.143233 0.104888 0.135691 0.203304 0.194097 0.134073 0.093418 0.108484 0.178762 0.145997 0.193573 0.085426 0.163941 0.111053 0.124928 0.086415 0.134112 0.110201 0.102571 0.101239 0.176743 0.091458 0.113592 0.160069 0.079750 0.125702 0.174879 0.090587 0.076536 0.156731 0.153768 0.081451 0.137384 0.151025 0.133924 0.059726 0.116546 0.164741 0.090803 0.106855
0.133916 0.066046 0.077006 0.139419 0.019099 0.049187 0.102161 0.157409 0.157037 0.103706 0.130692 0.040051 0.103864 0.077394 0.073435 0.051326 0.078924 0.024853 0.109234 0.075797 0.069037 0.089413 0.132372 0.049616 0.031502 0.054108 0.066192 0.096276 0.065538 0.073141 0.062351 0.069784 0.066088 0.099971 0.043719 0.041036 0.020285 0.120152 0.121008 0.069414
0.085542 0.059835 0.032285 0.054724 0.076518 0.032581 0.015247 0.012036 0.077405 0.079925 0.056440 0.023876 0.013246 0.030231 0.071209 0.033096 0.080427 0.101975 0.025545 0.026280 0.094093 0.038720 0.036748 0.114697 0.019302 0.050385 0.106767 0.088478 0.069347 0.108142 0.046426 0.006821 0.085074 0.014922 0.089325 0.005657 0.036582 0.009891 0.033492 0.040933
0.107827 0.097275 0.086170 0.049164 0.084790 0.095468 0.099790 0.092207 0.121734 0.109168 0.036042 0.062554 0.082320 0.152314 0.074170 0.139006 0.104130 0.053501 0.067973 0.031172 0.155612 0.058560 0.092732 0.086671 0.108046 0.120630 0.058009 0.112932 0.083217 0.107296 0.090345 0.134547 0.058891 0.135474 0.183496 0.086009 0.093224 0.115392 0.114765 0.090065
0.070583 0.047370 0.116158 0.083063 0.131566 0.095136 0.102626 0.069417 0.169117 0.078043 0.107258 0.083000 0.105841 0.134810 0.096534 0.107796 0.139896 0.097930 0.076510 0.001452 0.124978 0.093298 0.072054 0.093962 0.072192 0.092125 0.097469 0.030625 0.045611 0.106663 0.077810 0.071027 0.062389 0.075467 0.087201 0.059560 0.062831 0.151701 0.082184 0.058187
0.094482 0.106685 0.091362 0.063587 0.190666 0.066109 0.067805 0.111269 0.145246 0.101638 0.143172 0.098106 0.111642 0.109068 0.130203 0.112585 0.133774 0.083824 0.057370 0.032176 0.177064 0.071266 0.064738 0.128175 0.091100 0.093980 0.102719 0.090054 0.059498 0.089468 0.072894 0.109842 0.109827 0.109255 0.145358 0.063650 0.113956 0.075898 0.065217 0.116624
0.156621 0.148678 0.123246 0.149763 0.153925 0.139865 0.079756 0.133928 0.163023 0.140941 0.127680 0.094829 0.078478 0.159264 0.122131 0.147513 0.117141 0.132338 0.127397 0.133253 0.241947 0.191456 0.129689 0.160715 0.078943 0.108735 0.165015 0.174493 0.100718 0.083740 0.065037 0.138371 0.103353 0.080181 0.159336 0.123035 0.138437 0.157294 0.113269 0.146796
0.108339 0.108798 0.053968 0.045641 0.124418 0.096906 0.067200 0.125034 0.119047 0.112707 0.078901 0.063006 0.056250 0.180273 0.127402 0.144058 0.049117 0.052039 0.096927 0.095109 0.176456 0.159748 0.126813 0.115765 0.103171 0.089136 0.141422 0.172985 0.115863 0.051347 0.036027 0.137797 0.075984 0.054364 0.112958 0.084811 0.125766 0.127806 0.079463 0.104056
0.164820 0.133544 0.132609 0.180144 0.134232 0.150076 0.102095 0.105402 0.191771 0.169586 0.134310 0.119266 0.146870 0.124280 0.093654 0.116322 0.114007 0.114211 0.112097 0.126525 0.251951 0.187840 0.141428 0.166013 0.081820 0.105696 0.138083 0.193875 0.108768 0.094653 0.088175 0.157052 0.110329 0.138995 0.167572 0.142648 0.156331 0.151050 0.132108 0.154794
0.059454 0.115242 0.064377 0.085386 0.139736 0.076939 0.037247 0.114598 0.111008 0.165753 0.057623 0.044586 0.054502 0.129271 0.111891 0.082670 0.052455 0.079855 0.090132 0.052854 0.126143 0.126807 0.085372 0.155494 0.075332 0.087657 0.121846 0.098551 0.113706 0.079735 0.092848 0.077904 0.097768 0.046664 0.085986 0.062861 0.052191 0.134553 0.068511 0.089730
0.083610 0.100943 0.073788 0.095785 0.086450 0.040564 0.047044 0.117778 0.056988 0.053487 0.081660 0.048217 0.077697 0.153464 0.074265 0.137575 0.081961 0.047016 0.059849 0.069124 0.151059 0.089164 0.121779 0.055345 0.109445 0.106672 0.073582 0.047388 0.048341 0.095164 0.034831 0.039015 0.058871 0.081386 0.073677 0.069110 0.107351 0.145033 0.096594 0.075795
0.084635 0.057420 0.109866 0.080978 0.093128 0.076791 0.108161 0.106963 0.133792 0.063965 0.043360 0.054160 0.093037 0.097328 0.036159 0.058892 0.074106 0.019095 0.047569 0.024769 0.084770 0.064480 0.097249 0.048225 0.058058 0.087694 0.063864 0.023557 0.053714 0.082064 0.097401 0.106565 0.030145 0.123763 0.097889 0.049343 0.066304 0.097710 0.055846 0.066899
0.116551 0.060656 0.049174 0.084002 0.049506 0.077998 0.082518 0.068608 0.112770 0.113913 0.041853 0.038615 0.060725 0.043570 0.050701 0.074852 0.065311 0.022056 0.030630 0.036279 0.087633 0.008627 0.087432 0.110306 0.059280 0.055298 0.111336 0.121401 0.061113 0.098518 0.085394 0.051345 0.131411 0.105323 0.104857 0.012614 0.018278 0.011495 0.034827 0.069831
0.113549 0.065335 0.121296 0.147829 0.112285 0.103841 0.122247 0.151636 0.143130 0.098331 0.090493 0.062377 0.126917 0.181033 0.098500 0.108627 0.102810 0.049546 0.063902 0.063242 0.099609 0.039438 0.089310 0.085454 0.077489 0.116729 0.144496 0.081988 0.049824 0.084820 0.114418 0.103151 0.161651 0.182267 0.094587 0.085917 0.095433 0.109043 0.077032 0.111365
0.101166 0.104434 0.103040 0.092925 0.109178 0.025386 0.039412 0.039408 0.003133 0.083227 0.098104 0.027544 0.094712 0.070552 0.009533 0.048817 0.027008 0.031892 0.008740 0.014107 0.157374 0.040364 0.035079 0.075925 0.052174 0.051180 0.023342 0.006490 0.042280 0.016686 0.086771 0.075082 0.057657 0.097311 0.071837 0.023859 0.088049 0.037414 0.020786 0.033209
0.093961 0.108583 0.048962 0.173249 0.102022 0.086684 0.060084 0.044649 0.114059 0.108668 0.081250 0.106551 0.061924 0.055024 0.084224 0.058980 0.095930 0.119376 0.029775 0.059738 0.141652 0.056999 0.062428 0.136580 0.035550 0.076387 0.133482 0.151056 0.096062 0.110887 0.082740 0.030949 0.192706 0.085222 0.122900 0.109566 0.088425 0.048225 0.056601 0.125549
0.132029 0.112964 0.116392 0.065020 0.086177 0.117418 0.094739 0.103462 0.167178 0.107311 0.054280 0.065533 0.118606 0.119847 0.064743 0.102662 0.098338 0.039404 0.059743 0.048215 0.174310 0.095419 0.103746 0.101427 0.073650 0.087516 0.113533 0.137816 0.111990 0.108147 0.094415 0.127014 0.079245 0.154728 0.164405 0.042803 0.102422 0.075132 0.099170 0.093971
0.150320 0.153526 0.093187 0.182678 0.097746 0.107590 0.092591 0.161691 0.257255 0.187218 0.129985 0.105745 0.121331 0.124817 0.097557 0.088875 0.120177 0.047681 0.107796 0.067438 0.134899 0.102239 0.126296 0.139204 0.061189 0.059670 0.112798 0.200256 0.121811 0.123013 0.151092 0.134743 0.207919 0.183279 0.122294 0.131317 0.082668 0.102613 0.131623 0.154143
0.195269 0.140751 0.129045 0.208866 0.104605 0.120758 0.094368 0.157960 0.235832 0.142476 0.135102 0.090704 0.100084 0.133801 0.107064 0.111982 0.138256 0.083311 0.100539 0.067604 0.155485 0.106309 0.113215 0.115458 0.049779 0.088163 0.128738 0.170159 0.118827 0.137439 0.177889 0.116554 0.195629 0.158238 0.118508 0.127373 0.092479 0.124118 0.117125 0.157143
0.181452 0.128228 0.137980 0.201737 0.107610 0.122927 0.120539 0.185309 0.281841 0.137726 0.144436 0.099679 0.112593 0.134159 0.100285 0.102700 0.130009 0.052529 0.098875 0.050986 0.116911 0.098383 0.122207 0.099282 0.050147 0.075269 0.118556 0.148128 0.099591 0.121939 0.173838 0.123424 0.189808 0.171258 0.091023 0.114299 0.070091 0.102138 0.120504 0.141376
0.092683 0.060750 0.030751 0.100624 0.062919 0.075307 0.078610 0.102090 0.117473 0.084841 0.145249 0.083671 0.083525 0.058063 0.068870 0.043952 0.075286 0.012853 0.036274 0.053315 0.170593 0.069847 0.122405 0.066551 0.055287 0.032298 0.057463 0.119825 0.043513 0.025515 0.115658 0.109119 0.124987 0.112978 0.070891 0.085865 0.080059 0.078360 0.037150 0.093561
0.085034 0.045153 0.077966 0.028939 0.070271 0.048128 0.073741 0.040092 0.043229 0.058434 0.049882 0.029158 0.078023 0.157580 0.030445 0.118282 0.071722 0.030897 0.026587 0.003189 0.102438 0.033438 0.081330 0.050786 0.099469 0.095844 0.016279 0.002870 0.020000 0.070519 0.030343 0.062933 0.016737 0.067091 0.098485 0.091153 0.080188 0.083828 0.090872 0.018849
0.122321 0.097043 0.058895 0.108902 0.114673 0.093003 0.098398 0.073433 0.135102 0.136516 0.054651 0.057339 0.090984 0.150209 0.047992 0.088563 0.130028 0.101298 0.108944 0.082753 0.158103 0.143766 0.141602 0.148858 0.082960 0.136379 0.150572 0.136245 0.082601 0.149306 0.065901 0.136114 0.063034 0.157023 0.175277 0.121431 0.123953 0.175179 0.150949 0.129291
0.132368 0.146518 0.075215 0.139453 0.128409 0.120998 0.100166 0.102934 0.182997 0.126243 0.045869 0.069253 0.104906 0.146187 0.079351 0.092533 0.128944 0.102355 0.112173 0.066611 0.151446 0.159635 0.114023 0.119415 0.090446 0.146072 0.115578 0.133658 0.129454 0.179766 0.074701 0.117082 0.071934 0.129592 0.153673 0.128565 0.148695 0.201323 0.169291 0.137178
0.093076 0.075824 0.051929 0.084949 0.115266 0.068314 0.105981 0.097439 0.160948 0.152696 0.094780 0.104281 0.107736 0.087331 0.113003 0.062020 0.072625 0.051996 0.075531 0.110994 0.138194 0.105249 0.146905 0.141585 0.076948 0.055253 0.101878 0.160908 0.099945 0.107011 0.050182 0.149654 0.076247 0.129395 0.131698 0.118931 0.103229 0.139778 0.111378 0.141525
0.153916 0.153491 0.111589 0.169048 0.088575 0.134080 0.113541 0.129524 0.141096 0.170959 0.055703 0.077631 0.117477 0.102616 0.146632 0.117209 0.077531 0.115556 0.103459 0.085505 0.149796 0.121915 0.100451 0.147741 0.088574 0.140836 0.071040 0.113937 0.149146 0.149283 0.102630 0.069493 0.128990 0.102045 0.124462 0.146661 0.130969 0.212534 0.148167 0.132972
0.080924 0.093324 0.072602 0.204156 0.057942 0.091318 0.044832 0.101227 0.112624 0.042518 0.077524 0.028140 0.095136 0.084166 0.064217 0.041955 0.054766 0.095620 0.122318 0.078495 0.086893 0.114778 0.041036 0.035241 0.025863 0.120035 0.049093 0.060377 0.072940 0.101559 0.060537 0.038847 0.038870 0.085874 0.047343 0.063851 0.093094 0.155780 0.148545 0.113779
