0.181711 0.186440 0.119462 0.211540 0.083666 0.149789 0.103678 0.136160 0.238184 0.161865 0.092812 0.079878 0.120538 0.063456 0.099325 0.109834 0.118221 0.139502 0.115481 0.100350 0.158406 0.199652 0.092877 0.116773 0.047575 0.093548 0.109308 0.151365 0.148587 0.185467 0.112647 0.046890 0.136352 0.086995 0.061484 0.133088 0.110036 0.149927 0.173597 0.157038
0.154540 0.130923 0.143611 0.185650 0.094030 0.133756 0.116978 0.139538 0.206595 0.148918 0.123884 0.121722 0.147045 0.119032 0.109928 0.084880 0.093591 0.055741 0.069410 0.052446 0.170089 0.093021 0.139180 0.109700 0.067282 0.114090 0.096638 0.173070 0.120385 0.089318 0.178153 0.116503 0.204573 0.188780 0.136471 0.102687 0.093893 0.088415 0.114044 0.132124
0.177157 0.161804 0.107127 0.218329 0.074701 0.118405 0.121653 0.165728 0.230139 0.162931 0.128574 0.110450 0.128622 0.083428 0.125878 0.094171 0.087069 0.054102 0.096120 0.096229 0.154825 0.100969 0.134907 0.113044 0.052035 0.082146 0.084276 0.198023 0.128587 0.126292 0.136009 0.074803 0.209124 0.153577 0.101020 0.133002 0.102708 0.092259 0.136725 0.143095
0.104492 0.109710 0.116010 0.145590 0.132809 0.116570 0.087126 0.128064 0.194615 0.159748 0.112933 0.070244 0.147825 0.107765 0.116547 0.083569 0.136741 0.069807 0.086100 0.048762 0.116654 0.050015 0.072414 0.151779 0.068196 0.084802 0.126475 0.098684 0.073989 0.104632 0.121454 0.099119 0.138836 0.151146 0.123768 0.030978 0.054222 0.090082 0.105287 0.125223
0.116469 0.120568 0.063084 0.190481 0.090418 0.160191 0.071907 0.076098 0.163894 0.121551 0.087620 0.068299 0.116664 0.121868 0.074619 0.089497 0.092978 0.122561 0.086944 0.058292 0.162005 0.129832 0.057456 0.135848 0.064324 0.117632 0.111274 0.124533 0.090773 0.121554 0.078844 0.035387 0.142414 0.080437 0.083314 0.108122 0.121963 0.111723 0.139618 0.113114
0.104593 0.076407 0.048103 0.199950 0.083592 0.075561 0.096432 0.128521 0.196038 0.090500 0.059023 0.082032 0.079355 0.034257 0.048074 0.058271 0.072246 0.041997 0.073816 0.054782 0.073616 0.110681 0.094025 0.057998 0.038776 0.062320 0.091709 0.085170 0.098983 0.113273 0.069604 0.053320 0.060779 0.082623 0.066882 0.113352 0.085841 0.127004 0.108613 0.135149
0.141513 0.114063 0.118263 0.184163 0.103652 0.121441 0.107232 0.176268 0.287217 0.137194 0.123444 0.095997 0.116228 0.104738 0.117366 0.089075 0.142200 0.045985 0.103891 0.046259 0.089399 0.090699 0.104703 0.100757 0.040749 0.059857 0.110522 0.138203 0.088822 0.112832 0.150746 0.090717 0.179546 0.142386 0.071730 0.103557 0.046164 0.095401 0.112313 0.141676
0.144383 0.129067 0.114480 0.195657 0.108483 0.102799 0.093133 0.161265 0.257999 0.151064 0.144969 0.093125 0.132335 0.089252 0.108013 0.085059 0.139392 0.047428 0.088227 0.047757 0.110000 0.079293 0.100640 0.116425 0.046305 0.045960 0.108891 0.135433 0.084186 0.106802 0.142157 0.074172 0.197835 0.147653 0.064597 0.094770 0.053893 0.069522 0.106288 0.133894
0.153579 0.171097 0.095184 0.192157 0.073341 0.121836 0.102024 0.160902 0.238203 0.158989 0.124928 0.112160 0.115545 0.097063 0.103171 0.101169 0.118453 0.057883 0.095188 0.069380 0.140419 0.075589 0.117740 0.120159 0.055689 0.075435 0.093535 0.190668 0.110957 0.114028 0.144990 0.099491 0.224948 0.171755 0.132416 0.116562 0.081827 0.074658 0.124870 0.150536
0.177981 0.158698 0.095101 0.201777 0.086173 0.135093 0.122021 0.182936 0.258665 0.134049 0.117428 0.063064 0.098165 0.100612 0.122618 0.081949 0.109955 0.070304 0.118737 0.077313 0.105461 0.124256 0.099784 0.090612 0.040476 0.089074 0.103894 0.144583 0.120697 0.160005 0.136478 0.073310 0.162273 0.135532 0.056871 0.105015 0.085722 0.146122 0.148741 0.132595
0.093354 0.093838 0.087803 0.118396 0.120107 0.095208 0.105963 0.134220 0.240177 0.139102 0.052206 0.115595 0.088140 0.080027 0.102897 0.063934 0.129369 0.062852 0.103651 0.027717 0.107355 0.162328 0.107294 0.106305 0.047117 0.061402 0.109638 0.142349 0.137948 0.104042 0.090166 0.113251 0.086139 0.088544 0.130898 0.103691 0.062301 0.136007 0.118089 0.137819
0.075135 0.047901 0.104982 0.125877 0.121571 0.076480 0.071313 0.079143 0.167139 0.079442 0.150546 0.093805 0.115924 0.114359 0.129795 0.046986 0.112102 0.078928 0.078336 0.042778 0.057216 0.041717 0.058414 0.104252 0.039075 0.046966 0.135912 0.065852 0.026271 0.092978 0.082287 0.037652 0.151812 0.134614 0.073027 0.033851 0.024432 0.103540 0.064999 0.074221
0.060198 0.061061 0.068085 0.065757 0.152580 0.112682 0.074590 0.061789 0.174490 0.116355 0.113280 0.089283 0.094453 0.108256 0.123110 0.091243 0.131958 0.101061 0.086384 0.058122 0.105720 0.073540 0.091452 0.120321 0.087223 0.107850 0.130091 0.085349 0.065904 0.149673 0.103782 0.075288 0.075307 0.095494 0.141683 0.071491 0.075551 0.146448 0.091199 0.079668
0.136320 0.100043 0.128950 0.193362 0.184659 0.127468 0.089072 0.103402 0.170875 0.139042 0.184147 0.081672 0.156047 0.105438 0.119140 0.082417 0.128045 0.104921 0.097811 0.096115 0.168438 0.087373 0.108199 0.152451 0.076021 0.119399 0.166345 0.086781 0.073009 0.149357 0.146095 0.077437 0.131099 0.143792 0.127554 0.057114 0.110803 0.156838 0.086637 0.101931
0.126489 0.062300 0.072916 0.131652 0.018481 0.046944 0.096797 0.148945 0.148739 0.097939 0.123241 0.038203 0.098560 0.073025 0.069276 0.048527 0.075349 0.023503 0.102784 0.071634 0.065826 0.084649 0.125566 0.047147 0.030165 0.051348 0.062934 0.091281 0.062121 0.069553 0.059476 0.066153 0.062861 0.095007 0.041760 0.038896 0.019462 0.113122 0.114287 0.065911
0.081563 0.057101 0.030977 0.052404 0.073061 0.031350 0.014794 0.011865 0.074157 0.076279 0.053950 0.022957 0.012925 0.029092 0.067899 0.031679 0.076708 0.097029 0.024498 0.025100 0.089643 0.037110 0.035126 0.109254 0.018565 0.048056 0.101745 0.084295 0.065985 0.102921 0.044408 0.006812 0.081133 0.014591 0.085068 0.005691 0.035004 0.009796 0.032163 0.039283
0.102791 0.092434 0.081796 0.047013 0.080442 0.090418 0.094484 0.087597 0.115460 0.103303 0.034391 0.059339 0.077750 0.143312 0.070460 0.131592 0.098441 0.050870 0.064559 0.029883 0.147981 0.055573 0.087621 0.082209 0.101968 0.113727 0.055402 0.108151 0.079051 0.101238 0.085812 0.127507 0.056405 0.128857 0.173838 0.080893 0.088080 0.108685 0.108145 0.085510
0.066906 0.045269 0.110432 0.079019 0.125125 0.089960 0.096864 0.065896 0.160949 0.073759 0.102391 0.079031 0.100360 0.126819 0.091940 0.101648 0.133052 0.093089 0.072818 0.001575 0.118773 0.088746 0.068076 0.089283 0.067832 0.086900 0.092906 0.029622 0.043334 0.101189 0.073963 0.067257 0.059741 0.071826 0.082563 0.055847 0.059472 0.143754 0.077519 0.055499
0.089665 0.101451 0.086958 0.060806 0.180718 0.062882 0.064378 0.105446 0.138498 0.097039 0.136008 0.093017 0.106429 0.103514 0.123669 0.106640 0.127461 0.079768 0.054954 0.030637 0.168122 0.067874 0.061690 0.122058 0.086330 0.089338 0.097902 0.085806 0.056680 0.085655 0.069603 0.103819 0.104833 0.104005 0.137667 0.060298 0.107935 0.072643 0.062176 0.110552
0.148206 0.141167 0.116941 0.142343 0.145801 0.131868 0.075511 0.127241 0.154375 0.133837 0.120835 0.089707 0.074389 0.150888 0.115830 0.139722 0.111155 0.125446 0.120653 0.126223 0.228928 0.181301 0.122989 0.152077 0.074939 0.103178 0.156424 0.165002 0.095556 0.079715 0.061787 0.130530 0.098048 0.076173 0.150645 0.116449 0.131043 0.149020 0.107549 0.138988
0.102207 0.103293 0.051175 0.043305 0.117650 0.091104 0.063540 0.118622 0.112185 0.106743 0.074150 0.059485 0.053057 0.170555 0.120639 0.136185 0.046576 0.049302 0.091662 0.089915 0.166410 0.150737 0.120053 0.109302 0.097619 0.084607 0.133676 0.163187 0.109606 0.048727 0.034183 0.129849 0.072107 0.051606 0.106872 0.080032 0.118711 0.120872 0.075241 0.098440
0.155996 0.126717 0.125688 0.171204 0.127122 0.141591 0.096823 0.100136 0.181600 0.160977 0.127178 0.112812 0.139231 0.117515 0.088647 0.110100 0.108288 0.108281 0.106175 0.119869 0.238489 0.177633 0.134067 0.157170 0.077573 0.100231 0.130865 0.183313 0.103094 0.090163 0.083729 0.148298 0.104731 0.131974 0.158551 0.135068 0.147993 0.143027 0.125277 0.146501
0.056897 0.109971 0.061497 0.081435 0.132814 0.073105 0.035552 0.109283 0.105601 0.157421 0.055170 0.042607 0.052058 0.122950 0.106640 0.078956 0.050180 0.075965 0.085496 0.050445 0.120205 0.120432 0.081445 0.147715 0.071803 0.083452 0.116037 0.093706 0.108098 0.075962 0.088169 0.073804 0.093269 0.044643 0.081924 0.059663 0.049878 0.127632 0.065384 0.085565
0.079228 0.096153 0.070006 0.091139 0.082106 0.038290 0.044289 0.112113 0.054462 0.050548 0.077989 0.045967 0.073409 0.144845 0.070694 0.129962 0.077366 0.044570 0.057107 0.065789 0.143370 0.084952 0.115368 0.052309 0.103301 0.100908 0.070048 0.045581 0.046119 0.090156 0.033330 0.037077 0.056226 0.077300 0.069629 0.064874 0.101626 0.137572 0.091268 0.072043
0.080114 0.054495 0.103863 0.077074 0.088176 0.072825 0.102577 0.101555 0.127361 0.060985 0.041232 0.051533 0.088520 0.091985 0.034514 0.055916 0.070648 0.018246 0.045206 0.023770 0.080300 0.061094 0.092525 0.046148 0.055137 0.083016 0.060949 0.022811 0.051085 0.078242 0.092116 0.100681 0.029136 0.117511 0.092764 0.046936 0.062768 0.092559 0.053348 0.063702
0.111581 0.058133 0.047327 0.080412 0.047537 0.074683 0.079228 0.066042 0.108185 0.108692 0.040204 0.037132 0.058311 0.041848 0.048705 0.072163 0.062701 0.021325 0.029657 0.034826 0.084353 0.008606 0.083629 0.105121 0.056959 0.052879 0.106177 0.116455 0.058455 0.094001 0.081598 0.049540 0.125406 0.101313 0.100338 0.012439 0.017698 0.011400 0.033695 0.066857
0.108316 0.062438 0.114998 0.140592 0.106558 0.098920 0.116408 0.144136 0.136719 0.093769 0.085984 0.059767 0.120538 0.171853 0.093799 0.103588 0.097951 0.047124 0.060814 0.060164 0.095236 0.037638 0.085185 0.081575 0.073872 0.110621 0.137481 0.079286 0.047646 0.080903 0.108783 0.098134 0.154358 0.173717 0.090284 0.081879 0.090551 0.103282 0.073385 0.106168
0.095481 0.098835 0.097169 0.088311 0.103238 0.024430 0.037459 0.037497 0.003526 0.079364 0.092948 0.026276 0.089930 0.066548 0.009325 0.046256 0.025729 0.030323 0.008422 0.013546 0.148906 0.038298 0.033305 0.072290 0.049539 0.048518 0.022379 0.006453 0.040244 0.016162 0.082271 0.070914 0.055052 0.092091 0.067918 0.022877 0.083265 0.035700 0.019964 0.031772
0.089487 0.103264 0.046867 0.164488 0.097091 0.082360 0.057146 0.042888 0.108796 0.103671 0.077609 0.101197 0.059249 0.053260 0.080345 0.055997 0.091255 0.113085 0.028400 0.056742 0.134633 0.054349 0.059433 0.129939 0.034000 0.072533 0.127050 0.143589 0.091250 0.105494 0.078967 0.029863 0.183292 0.081647 0.116672 0.103958 0.084106 0.046125 0.054067 0.119415
0.125487 0.107134 0.110177 0.062232 0.081953 0.111200 0.090445 0.098646 0.158840 0.102047 0.051559 0.062451 0.112389 0.113344 0.061841 0.098015 0.093717 0.037704 0.056993 0.046018 0.165470 0.090058 0.098792 0.096363 0.070381 0.083169 0.107684 0.131410 0.106039 0.102931 0.089683 0.120560 0.075747 0.147481 0.156252 0.040957 0.096788 0.071455 0.094154 0.089479
0.143284 0.145966 0.088824 0.173673 0.093023 0.102787 0.088571 0.153821 0.244488 0.177796 0.123557 0.100721 0.115628 0.118831 0.092967 0.084988 0.114748 0.045448 0.102210 0.064371 0.129189 0.097007 0.120414 0.132438 0.058609 0.057037 0.107579 0.190952 0.115685 0.117196 0.144058 0.128185 0.198273 0.174933 0.116684 0.124808 0.078842 0.097246 0.124881 0.146651
0.185584 0.133769 0.122478 0.198238 0.099420 0.115155 0.089992 0.150091 0.224288 0.135436 0.128315 0.086432 0.095274 0.127285 0.101972 0.106702 0.131809 0.079192 0.095382 0.064442 0.148378 0.100873 0.107811 0.110042 0.047718 0.083808 0.122678 0.162592 0.112733 0.130762 0.169122 0.110822 0.186634 0.150969 0.112924 0.121071 0.087987 0.117531 0.111159 0.149368
0.172481 0.121879 0.130939 0.191561 0.102251 0.117191 0.114805 0.176012 0.267913 0.130887 0.137125 0.094934 0.107237 0.127587 0.095510 0.097942 0.124179 0.050056 0.093788 0.048786 0.111889 0.093342 0.116444 0.094754 0.048090 0.071581 0.113120 0.141739 0.094535 0.116193 0.165308 0.117346 0.181193 0.163457 0.086919 0.108727 0.066830 0.096735 0.114405 0.134532
0.087986 0.058188 0.029589 0.095971 0.059414 0.071442 0.074428 0.096887 0.111600 0.080908 0.137419 0.079365 0.079639 0.055800 0.065334 0.041449 0.071728 0.012339 0.034394 0.050456 0.161786 0.066357 0.116007 0.063313 0.052266 0.030836 0.054786 0.113982 0.041670 0.024596 0.110215 0.103117 0.119674 0.107964 0.067196 0.081593 0.076234 0.074135 0.035592 0.088768
0.080048 0.042652 0.073453 0.027424 0.066200 0.044955 0.068911 0.037717 0.040509 0.054535 0.046960 0.027381 0.072970 0.147172 0.028503 0.110369 0.067005 0.029034 0.024959 0.003147 0.096318 0.031565 0.076001 0.047447 0.092607 0.089579 0.015440 0.002918 0.018928 0.065687 0.028757 0.059268 0.015765 0.063106 0.092301 0.084840 0.075281 0.078320 0.084617 0.017903
0.115792 0.092009 0.055949 0.103259 0.108662 0.088054 0.093026 0.069883 0.128046 0.129185 0.051823 0.054453 0.086178 0.141383 0.045638 0.083448 0.122970 0.095728 0.102857 0.078396 0.149610 0.135917 0.133837 0.140876 0.078138 0.128665 0.142664 0.129075 0.078364 0.141058 0.062725 0.128688 0.060069 0.148796 0.165862 0.114338 0.117146 0.165270 0.142377 0.122546
0.125763 0.139132 0.071461 0.132591 0.121797 0.114599 0.094955 0.097900 0.173581 0.119564 0.043897 0.065776 0.099493 0.137703 0.075413 0.087326 0.122076 0.096835 0.106171 0.063455 0.143788 0.151170 0.108061 0.113189 0.085267 0.138022 0.109885 0.127014 0.122815 0.170077 0.071015 0.110778 0.068629 0.122936 0.145544 0.121259 0.140867 0.190318 0.159949 0.130060
0.088416 0.072321 0.049536 0.080990 0.109170 0.064788 0.100754 0.092670 0.152497 0.145070 0.089616 0.098537 0.102430 0.082773 0.107111 0.058815 0.069112 0.049461 0.071544 0.105316 0.131111 0.099622 0.139321 0.134322 0.072872 0.052624 0.096810 0.152240 0.095117 0.102088 0.047954 0.141279 0.072828 0.122971 0.124796 0.112690 0.098076 0.132440 0.105696 0.133974
0.145522 0.145252 0.105800 0.160151 0.084171 0.126745 0.107436 0.122920 0.133324 0.161623 0.052904 0.073386 0.111153 0.096509 0.139082 0.110234 0.073333 0.109366 0.097846 0.081399 0.141907 0.115270 0.094980 0.140097 0.083565 0.133058 0.067746 0.107901 0.141324 0.141411 0.097304 0.065797 0.122341 0.096740 0.117634 0.138352 0.124124 0.200928 0.139532 0.125939
0.077070 0.088503 0.068662 0.193308 0.055129 0.086424 0.042658 0.095941 0.106837 0.040458 0.073566 0.026836 0.090085 0.079494 0.060737 0.039930 0.052047 0.090279 0.115555 0.074384 0.082929 0.108664 0.039135 0.033670 0.024665 0.113411 0.046728 0.057538 0.069005 0.096079 0.057353 0.036828 0.037089 0.081249 0.045047 0.060597 0.088531 0.147204 0.140319 0.107562
