0.032077 0.024902 0.041196 0.023486 0.026408 0.028871 0.027214 0.026864 0.033521 0.035199 0.013360 0.028843 0.009707 0.024535 0.037136 0.025795 0.014758 0.017652 0.017285 0.015435 0.027262 0.029188 0.027002 0.031408 0.012455 0.023200 0.017729 0.031555 0.012133 0.020150 0.033017 0.016552 0.039297 0.018350 0.019457 0.020446 0.030022 0.025316 0.050417 0.027493
0.032435 0.030407 0.041867 0.038900 0.021950 0.035855 0.034689 0.038079 0.037959 0.039531 0.020677 0.027443 0.014852 0.010913 0.044409 0.024838 0.029354 0.018372 0.019765 0.024031 0.015408 0.024482 0.024142 0.026417 0.014275 0.025015 0.026271 0.018023 0.023257 0.031369 0.034213 0.026185 0.029969 0.018614 0.023809 0.024691 0.029493 0.025397 0.042797 0.033452
0.031116 0.026445 0.047428 0.035912 0.026817 0.039148 0.039094 0.037350 0.042403 0.042996 0.023358 0.026735 0.015920 0.017318 0.042899 0.024702 0.020942 0.019326 0.019582 0.018613 0.014596 0.024289 0.026789 0.030415 0.010867 0.026091 0.022536 0.017253 0.022701 0.030919 0.035937 0.029451 0.037104 0.021524 0.026400 0.021878 0.026487 0.025217 0.044615 0.034284
0.023271 0.029973 0.036998 0.015504 0.028320 0.038930 0.028322 0.030248 0.025408 0.031518 0.013742 0.028594 0.016354 0.017330 0.035645 0.038704 0.023056 0.022997 0.022744 0.021070 0.028095 0.028347 0.023920 0.027795 0.014494 0.023128 0.030466 0.028832 0.021503 0.024895 0.025918 0.018320 0.029403 0.017587 0.020450 0.017903 0.019967 0.023432 0.033455 0.028105
0.029640 0.020351 0.029865 0.016911 0.019131 0.027379 0.019603 0.034177 0.033116 0.020231 0.012220 0.024198 0.010460 0.011834 0.038313 0.022451 0.014651 0.011451 0.014429 0.016369 0.030312 0.025224 0.026948 0.021682 0.011288 0.018500 0.019592 0.023234 0.013463 0.018935 0.020634 0.011730 0.024781 0.015467 0.021295 0.015614 0.033030 0.018528 0.034906 0.023761
0.026252 0.017381 0.029473 0.006869 0.025414 0.024343 0.012089 0.015850 0.011438 0.017919 0.012080 0.018556 0.008988 0.013227 0.030077 0.022175 0.004092 0.009609 0.008105 0.009139 0.016327 0.020022 0.021881 0.030538 0.011582 0.021139 0.010377 0.029640 0.013462 0.020331 0.022751 0.015285 0.036027 0.013452 0.018023 0.009737 0.019118 0.011724 0.032945 0.008763
0.024464 0.035635 0.043528 0.029226 0.020199 0.037348 0.032339 0.036205 0.030229 0.045558 0.023736 0.030067 0.018743 0.018933 0.042559 0.026119 0.016557 0.016149 0.014337 0.011177 0.027281 0.021853 0.022540 0.032565 0.008285 0.022743 0.017711 0.023088 0.019781 0.030473 0.033441 0.029637 0.040068 0.022912 0.029285 0.010185 0.021161 0.013456 0.040982 0.025586
0.025234 0.032046 0.044424 0.027429 0.017564 0.041316 0.036853 0.041468 0.032871 0.044852 0.023613 0.030213 0.016963 0.018782 0.039735 0.025559 0.015767 0.016747 0.014329 0.012499 0.021378 0.024934 0.020649 0.027344 0.005728 0.026797 0.017855 0.020113 0.022258 0.031478 0.033967 0.033244 0.037402 0.019091 0.033053 0.013818 0.020975 0.017947 0.040773 0.029753
0.028161 0.023439 0.050078 0.030528 0.024636 0.039821 0.040722 0.040137 0.036658 0.043026 0.027526 0.026307 0.015742 0.015151 0.044249 0.024868 0.023034 0.018933 0.019860 0.020417 0.015029 0.025517 0.026837 0.028955 0.008269 0.023478 0.022833 0.019416 0.025959 0.034516 0.037370 0.031703 0.036447 0.020077 0.025923 0.020094 0.024348 0.023694 0.039376 0.030332
0.024854 0.029386 0.046219 0.029543 0.033075 0.035708 0.033922 0.032182 0.041460 0.041904 0.016592 0.030533 0.019139 0.019694 0.041461 0.024640 0.018457 0.018390 0.017563 0.010602 0.024226 0.017274 0.026453 0.031648 0.010037 0.020601 0.021296 0.031350 0.020750 0.028387 0.030399 0.023944 0.039707 0.024218 0.025954 0.017789 0.022946 0.017486 0.042697 0.030141
0.021644 0.016671 0.029960 0.016512 0.026157 0.034682 0.018682 0.015009 0.024952 0.026892 0.025375 0.024109 0.013840 0.016175 0.039816 0.030565 0.015865 0.017732 0.014560 0.017018 0.031070 0.025156 0.020228 0.029586 0.013200 0.018136 0.020693 0.020539 0.018354 0.028000 0.019566 0.016428 0.043955 0.022429 0.024352 0.015038 0.029839 0.018702 0.036458 0.021232
0.015425 0.028882 0.021334 0.018763 0.019666 0.028975 0.017709 0.023379 0.034967 0.031751 0.015352 0.016153 0.022299 0.020061 0.028033 0.034241 0.020354 0.009184 0.018709 0.009995 0.035632 0.017974 0.019884 0.028588 0.008996 0.023969 0.016656 0.027560 0.020362 0.020396 0.025139 0.019493 0.031162 0.008346 0.027185 0.006337 0.017899 0.009474 0.027497 0.017186
0.013317 0.014232 0.019023 0.016776 0.019692 0.022998 0.012251 0.021512 0.031952 0.021895 0.013762 0.026004 0.022535 0.022962 0.036682 0.035760 0.017460 0.018860 0.025903 0.010277 0.046386 0.029085 0.017583 0.030016 0.017606 0.016263 0.026743 0.031422 0.013795 0.015470 0.016980 0.011541 0.032129 0.017035 0.016993 0.007578 0.021877 0.014567 0.023788 0.016151
0.020891 0.024646 0.027813 0.019567 0.026925 0.035927 0.026272 0.030411 0.040486 0.026567 0.009447 0.034199 0.022442 0.023478 0.034522 0.044739 0.025521 0.018617 0.024703 0.014518 0.032734 0.032453 0.029393 0.034531 0.022111 0.026783 0.027709 0.040193 0.024401 0.025150 0.025747 0.019806 0.035739 0.014072 0.028700 0.015362 0.020324 0.025263 0.040787 0.026489
0.012518 0.014839 0.018921 0.017281 0.017938 0.019050 0.017751 -0.000172 0.030235 0.031303 0.014576 0.015494 0.011875 0.014623 0.017095 0.021260 0.008781 0.013949 0.003954 0.006470 0.003672 0.008430 0.010828 0.026387 0.001952 0.017703 0.002590 0.014137 0.011085 0.026893 0.017730 0.021621 0.029520 0.013476 0.022610 0.014825 0.018907 0.005507 0.019784 0.019860
0.001283 0.010281 0.020810 0.011671 0.012162 0.021730 0.016395 0.016150 0.005039 0.010769 0.005101 0.018682 0.014010 0.021253 0.018547 0.018742 0.008854 0.003996 0.017690 0.007380 0.016053 0.026999 -0.000658 0.000000 0.014787 0.007090 0.009389 0.011040 -0.000283 -0.000000 0.022764 0.010907 0.007142 0.017909 0.006482 0.008149 0.021327 0.011139 0.023778 0.022658
0.013853 0.010317 0.021683 0.026973 0.023233 0.022792 0.018088 0.026909 0.023325 0.016983 0.013941 0.025253 0.012146 0.009340 0.035618 0.016770 0.023818 0.026176 0.029903 0.019807 0.024246 0.024061 0.022350 0.026349 0.015295 0.007410 0.034441 0.017462 0.020161 0.017387 0.019286 0.005281 0.027722 0.018412 0.001933 0.018906 0.016934 0.019839 0.021262 0.021077
0.010570 0.014499 0.012954 0.016585 0.012520 0.019698 0.011140 0.026760 0.030217 0.015679 0.009408 0.024842 0.016144 0.016604 0.034236 0.025391 0.021476 0.021017 0.023356 0.004581 0.043071 0.029748 0.019373 0.027052 0.013922 0.011844 0.021709 0.022372 0.013443 0.009878 0.015550 0.009028 0.030618 0.014432 0.017346 0.004580 0.021186 0.013305 0.028766 0.018916
0.015729 0.009106 0.020416 0.011469 0.009700 0.027864 0.028438 0.028954 0.030036 0.025190 0.008607 0.021594 0.012548 0.015555 0.023633 0.026183 0.025291 0.027136 0.028165 0.020949 0.033421 0.046286 0.025237 0.023467 0.015471 0.021768 0.026444 0.026636 0.016799 0.013717 0.021467 0.012941 0.021180 0.010629 0.015156 0.016570 0.016860 0.032172 0.029126 0.024095
0.022349 0.018744 0.020986 0.018608 0.023891 0.024067 0.022494 0.021342 0.028248 0.028157 0.007520 0.028021 0.011002 0.012435 0.030765 0.025605 0.025041 0.017228 0.030762 0.024724 0.036328 0.045292 0.037507 0.035968 0.021538 0.019670 0.026983 0.030035 0.017290 0.019148 0.021091 0.003627 0.030209 0.014294 0.017597 0.015014 0.028813 0.022664 0.041336 0.024637
0.011207 0.010646 0.011917 0.014062 0.018430 0.013575 0.012060 0.004771 0.024048 0.023397 0.010507 0.012997 0.006913 0.009121 0.015779 0.016513 0.018575 0.018748 0.027677 0.028259 0.027483 0.033594 0.029700 0.020875 0.012006 0.016822 0.016038 0.013979 0.015652 0.020692 0.009095 0.001921 0.022470 0.017472 0.012375 0.011045 0.020611 0.017857 0.019125 0.012454
0.033775 0.018640 0.024593 0.024125 0.021826 0.030759 0.024798 0.022017 0.030410 0.027881 0.010623 0.023806 0.008263 0.012271 0.034275 0.028371 0.027603 0.022773 0.024890 0.032618 0.028317 0.037164 0.035873 0.038560 0.019398 0.025469 0.028809 0.029181 0.021935 0.023693 0.024553 0.009425 0.030870 0.012002 0.017152 0.026875 0.032951 0.033538 0.044607 0.027738
0.015112 0.013054 0.020487 0.011127 0.021160 0.023116 0.014176 0.013641 0.010721 0.011245 0.002261 0.030517 0.008703 0.012733 0.026368 0.020935 0.017215 0.014353 0.017631 0.019573 0.034349 0.033393 0.018556 0.012941 0.019016 0.012372 0.024557 0.020563 0.011104 0.014122 0.011704 0.010341 0.018244 0.018841 0.017909 0.010652 0.029402 0.011963 0.029727 0.023957
0.009260 0.006377 0.008041 0.013812 0.022029 0.012291 0.010827 0.024064 0.027754 0.012497 0.003306 0.024443 0.007390 0.009565 0.018967 0.014365 0.010288 0.012293 0.029211 0.005393 0.029441 0.034316 0.025385 0.025120 0.018519 0.018379 0.019822 0.022768 0.017629 0.006144 0.014913 0.007037 0.030920 0.005418 0.015821 0.008136 0.008996 0.013378 0.020998 0.012870
0.015404 0.015934 0.015441 0.022962 0.016474 0.014676 0.009341 0.010769 0.005794 0.015212 0.006792 0.016065 0.004387 0.004640 0.024713 0.016882 0.015499 0.013090 0.012732 0.018237 0.017820 0.015765 0.014462 0.028896 0.011472 0.007391 0.018092 0.025454 0.017193 0.012110 0.013714 0.008619 0.018234 0.008158 0.003642 0.015690 0.015863 0.019187 0.026761 0.016471
0.007232 0.020609 0.030304 0.020669 0.027025 0.022940 0.016873 0.021516 0.019760 0.014854 0.014761 0.016017 0.015762 0.015807 0.024312 0.019970 0.020576 0.006258 0.025159 0.017781 0.004551 0.011107 0.011902 0.013207 0.010880 0.016039 0.014217 0.017767 0.017632 0.010399 0.022911 0.013363 0.018484 0.015764 0.009849 0.015153 0.012228 0.014184 0.025432 0.019049
0.022157 0.030589 0.026336 0.024529 0.025424 0.027804 0.019227 0.026624 0.035810 0.033102 0.013204 0.020557 0.015192 0.008622 0.027665 0.022073 0.029463 0.017330 0.017679 0.020459 0.020264 0.015742 0.033777 0.032587 0.012153 0.017494 0.022117 0.023439 0.028890 0.023732 0.028039 0.014915 0.029973 0.012198 0.017637 0.013698 0.012628 0.009846 0.029361 0.017720
0.011104 0.000000 0.010073 0.015015 -0.000000 0.017394 0.021115 0.024328 0.012472 0.006652 -0.000000 0.018994 0.001243 -0.000428 0.013217 0.008864 0.016789 0.018586 0.009208 0.014036 0.000000 0.022918 0.013126 0.009024 0.005995 0.009966 0.021052 0.011485 0.017129 0.017168 0.008319 0.009851 0.005006 0.000000 0.010437 0.019889 0.008982 0.026504 0.019911 0.021850
0.028071 0.018188 0.035779 0.015256 0.013174 0.031181 0.023812 0.038104 0.022936 0.026738 0.016044 0.018528 0.009810 0.012673 0.030499 0.019599 0.017575 0.006737 0.008750 0.016219 0.018080 0.037737 0.016071 0.013755 0.011305 0.022872 0.015480 0.012414 0.009271 0.013248 0.033998 0.019593 0.017503 0.013673 0.021114 0.014033 0.031181 0.015152 0.039479 0.027201
0.014338 0.020409 0.025852 0.029558 0.025602 0.026872 0.016880 0.018908 0.015001 0.025081 0.016355 0.018920 0.010764 0.011547 0.035406 0.026169 0.020643 0.018795 0.028969 0.029722 0.018961 0.021826 0.026140 0.028701 0.014288 0.011761 0.028351 0.021976 0.020829 0.022549 0.027173 0.008258 0.032811 0.011205 0.004843 0.021754 0.016514 0.023455 0.029798 0.020349
0.027693 0.022989 0.045678 0.029109 0.024466 0.043722 0.037125 0.035113 0.034280 0.038283 0.025068 0.028834 0.015752 0.015258 0.042877 0.024699 0.021907 0.020966 0.018949 0.021127 0.018693 0.022095 0.027573 0.026730 0.010726 0.023335 0.025933 0.019416 0.029725 0.037365 0.034768 0.031846 0.041118 0.022899 0.029349 0.020333 0.023830 0.021189 0.039859 0.029803
0.022988 0.030002 0.043835 0.033955 0.022308 0.038030 0.036379 0.040949 0.030774 0.039069 0.019134 0.035370 0.020281 0.019764 0.041594 0.023774 0.023009 0.018458 0.018162 0.011442 0.021382 0.027390 0.029122 0.029721 0.016278 0.019751 0.021632 0.022611 0.021399 0.031672 0.040312 0.028043 0.039846 0.026505 0.026092 0.013192 0.021367 0.014475 0.044233 0.027539
0.023240 0.032131 0.043528 0.034789 0.020199 0.035852 0.034309 0.036795 0.029199 0.043094 0.021421 0.030551 0.019009 0.016884 0.045253 0.022278 0.020346 0.017379 0.017531 0.013310 0.021691 0.021209 0.025684 0.031803 0.010741 0.020087 0.018577 0.025447 0.024153 0.032989 0.037095 0.030295 0.039707 0.023041 0.025983 0.013560 0.021600 0.014133 0.042112 0.027021
0.021495 0.010631 0.021889 0.025265 0.002756 0.018001 0.028904 0.019356 0.034249 0.024536 0.011258 0.014806 0.010768 0.002724 0.017392 0.012031 0.016001 0.011456 0.006902 0.013904 0.010512 0.020326 0.012629 0.019268 0.001810 0.024059 0.013883 0.009764 0.010243 0.024404 0.005961 0.019069 0.006381 0.009017 0.025417 0.018982 0.023279 0.018173 0.027948 0.023294
0.006805 -0.000258 -0.000380 0.020702 0.005233 0.006471 0.010209 0.023845 0.019376 0.006652 0.006617 0.018333 0.001350 -0.000000 0.018965 0.000000 0.010561 0.017727 0.020337 0.004688 0.013507 0.018813 0.007393 0.013166 0.005995 0.000000 0.016254 0.006274 0.016967 0.005129 0.007253 0.003732 0.016111 0.010744 -0.000000 0.009425 0.010591 0.013629 0.009896 0.017174
0.026060 0.007607 0.017980 0.019848 0.025694 0.029799 0.016560 0.027940 0.027179 0.022147 0.011124 0.020713 0.006134 0.016396 0.026618 0.019072 0.015498 0.017331 0.020148 0.018135 0.031843 0.030657 0.016492 0.025916 0.014701 0.015631 0.020403 0.018608 0.024273 0.012956 0.018745 0.011416 0.029495 0.018393 0.016470 0.025678 0.030730 0.027729 0.032407 0.029255
0.026739 0.010139 0.026509 0.017898 0.035549 0.033144 0.019397 0.027662 0.032197 0.020853 0.010460 0.028504 0.007139 0.013144 0.035495 0.022566 0.018985 0.021080 0.022771 0.019565 0.030969 0.030313 0.024617 0.027743 0.019749 0.017138 0.029139 0.032343 0.026141 0.016004 0.022553 0.008161 0.038672 0.019222 0.014521 0.026510 0.028522 0.029982 0.036594 0.026592
0.030998 0.009851 0.020678 0.021368 0.022354 0.027792 0.018273 0.010020 0.023985 0.026210 0.008552 0.012089 0.005726 0.013296 0.023873 0.024464 0.017995 0.024303 0.016537 0.028471 0.025198 0.032389 0.018781 0.029964 0.012866 0.024363 0.023264 0.018743 0.017626 0.016412 0.016631 0.011562 0.022872 0.015358 0.014821 0.027185 0.031091 0.029599 0.032160 0.027222
0.032011 0.013779 0.026418 0.024288 0.028019 0.023763 0.022494 0.027878 0.027812 0.026151 0.008899 0.027221 0.010151 0.014074 0.031941 0.017527 0.021755 0.026980 0.014148 0.018999 0.020938 0.031955 0.021279 0.028303 0.015632 0.014658 0.024445 0.022548 0.011574 0.014814 0.027059 0.011379 0.033518 0.019156 0.009480 0.019270 0.034086 0.025796 0.035147 0.032571
0.025441 0.015743 0.018035 0.002827 0.025722 0.025842 0.012446 0.014399 0.025595 0.012093 -0.000603 0.020603 0.005861 0.011211 0.017203 0.021833 0.009323 0.011593 0.004897 0.003106 0.016752 0.009378 0.026358 0.022416 0.012411 0.011739 0.015100 0.021210 0.011794 0.016714 0.011860 0.005575 0.024232 0.010437 0.016726 0.010757 0.011470 0.015504 0.019321 0.007720
