1.1637	2.1756	2.0836	3.235	1.6604	0.45741	2.0448	1.3778	2.5582	2.0553	-0.50934	1.501	1.7898	1.5924	2.5119	0.90226	1.8598	1.6578	0.94779	1.9422	2.8211	3.214	2.5316	2.3235	2.0711	2.8449	1.763	1.9314	2.0998	2.6218	1.4697	0.83381	1.6593	0.76972
8.617	3.9255	4.22	2.821	2.3907	1.1639	1.5006	3.7625	3.9012	2.3476	1.3753	1.5126	-0.13075	4.2728	2.8668	2.0404	1.5705	1.7425	0.67744	2.2268	1.4306	2.8267	0.54695	2.8528	1.1531	2.512	1.6122	2.5304	2.2742	1.5327	3.9138	1.8484	5.9413	7.5205
8.4977	5.9738	6.8119	4.6099	3.0894	4.5919	1.3891	3.3379	3.665	3.9777	0.53732	0.51158	0.98091	2.1483	0.82678	-0.1192	1.4109	1.512	1.2781	1.8167	1.2118	1.884	-0.26326	3.7162	1.7908	2.064	2.3182	2.0064	1.555	2.4208	2.8921	3.75	6.4879	7.7212
10.974	6.4449	6.4665	4.4532	3.5933	2.2571	1.5747	3.5034	4.3712	1.2033	2.967	1.3791	2.8909	4.0192	1.3784	1.4446	0.28252	0.25444	0.055117	3.5043	1.522	0.63585	0.5353	3.4244	2.6666	2.0577	2.9612	3.9487	2.3812	2.4631	2.4218	4.4217	7.5932	11.146
11.318	7.3829	6.8793	5.7663	2.3954	3.5344	3.3155	4.8086	3.3132	1.9585	1.5487	1.5705	0.81234	3.2961	1.5704	1.083	2.4358	1.5341	2.6367	2.5657	1.0715	1.0179	2.0938	4.7031	3.1421	2.0916	2.0702	3.4987	2.4649	2.1669	4.8237	4.974	8.1311	13.125
11.999	7.8939	7.9714	3.9303	1.0634	2.7693	2.7843	2.7913	3.3852	1.7355	2.4336	2.4016	2.5738	6.9074	2.7637	0.45202	1.7821	1.0724	2.2649	2.0886	0.84951	1.6312	2.1542	2.8408	1.3095	2.044	1.4987	3.3958	2.1628	3.0576	4.5492	4.5873	8.4853	11.353
1.9289	1.7303	1.4886	1.5785	1.2373	1.4588	1.9631	1.5468	1.5211	1.2316	1.4889	1.6241	1.6791	1.3955	1.3674	1.988	1.0377	1.8852	1.9133	1.7962	1.0987	1.2619	1.3354	1.6797	1.1366	1.7212	1.1068	1.6538	1.4942	1.7791	1.715	1.9037	1.8909	1.3342
7.5049	4.6114	5.0479	3.3496	1.8177	2.238	2.3935	2.5344	3.0471	1.4668	1.8802	1.1253	1.6029	3.0008	1.5349	1.7632	1.2337	1.7099	1.7357	2.1993	1.436	1.4807	1.5231	2.9216	1.7225	1.9258	1.3632	2.4481	2.0299	2.4849	2.5979	3.4539	5.8518	7.5575
9.9986	5.9775	6.7596	4.2335	2.1174	2.6308	2.6814	3.0829	3.8283	1.6537	2.1339	0.98338	1.6624	3.8252	1.6884	1.7724	1.3599	1.7329	1.7623	2.4836	1.652	1.6485	1.6841	3.5494	2.0256	2.1139	1.5356	2.9156	2.3653	2.9	3.1068	4.2403	7.6596	10.328
11.07	6.5786	7.5132	4.6245	2.2573	2.8152	2.8321	3.3308	4.1685	1.7437	2.2616	0.9398	1.7065	4.1837	1.7641	1.795	1.4285	1.7618	1.7913	2.6179	1.7508	1.7308	1.7626	3.8337	2.1715	2.2221	1.6199	3.1359	2.522	3.0964	3.3391	4.5936	8.4452	11.53
11.528	6.8383	7.8374	4.7932	2.3212	2.9007	2.9063	3.4384	4.3125	1.7841	2.3223	0.92674	1.7307	4.3351	1.7987	1.8101	1.4635	1.7797	1.8087	2.6776	1.7938	1.7682	1.7981	3.9596	2.2396	2.2776	1.6589	3.2353	2.5915	3.1854	3.4406	4.7491	8.783	12.047
11.725	6.9498	7.9758	4.8655	2.3502	2.9401	2.942	3.4845	4.3729	1.8018	2.3505	0.9231	1.7427	4.3986	1.814	1.8182	1.4807	1.7891	1.8177	2.7036	1.8122	1.7849	1.8138	4.0152	2.2711	2.3047	1.6765	3.2795	2.6219	3.2252	3.4843	4.8171	8.9279	12.269
1.1978	1.0305	1.7441	1.5	1.4799	1.9047	1.6099	1.6177	1.8594	1.8055	1.5767	1.1829	1.2399	1.8865	1.0287	1.4899	1.1679	1.9787	1.7127	1.5005	1.4711	1.0596	1.682	1.0424	1.0714	1.5216	1.0967	1.8181	1.8175	1.7224	1.1499	1.6596	1.5186	1.973
7.1624	4.3045	5.1805	3.2832	1.8879	2.3936	2.2911	2.5309	3.142	1.6926	1.9295	0.95117	1.4254	3.1605	1.4113	1.5809	1.2865	1.7128	1.6629	2.0675	1.574	1.3747	1.6516	2.6776	1.6839	1.8141	1.3646	2.4927	2.156	2.4397	2.381	3.3505	5.6644	7.7761
9.8412	5.8487	6.8228	4.1981	2.1414	2.69	2.6535	3.0769	3.8568	1.7387	2.158	0.91781	1.5943	3.88	1.6424	1.7048	1.3814	1.7294	1.735	2.4314	1.7023	1.605	1.7308	3.4536	2.0056	2.0637	1.5355	2.9266	2.4119	2.8777	3.025	4.1975	7.5745	10.404
11	6.5253	7.5409	4.6074	2.266	2.8383	2.8252	3.327	4.1769	1.7755	2.2724	0.9152	1.6804	4.2025	1.747	1.77	1.4374	1.7591	1.7811	2.5974	1.769	1.7133	1.7795	3.7958	2.1617	2.2006	1.6195	3.1379	2.5391	3.0863	3.3082	4.5757	8.4082	11.556
11.498	6.8164	7.849	4.7854	2.3245	2.9098	2.9051	3.4364	4.3148	1.796	2.3269	0.91751	1.7207	4.3415	1.7923	1.8007	1.4672	1.7781	1.8048	2.6696	1.8004	1.7613	1.8042	3.9446	2.235	2.2685	1.6585	3.2352	2.5978	3.181	3.4289	4.7415	8.7671	12.056
11.712	6.9408	7.9804	4.862	2.3515	2.9437	2.942	3.4835	4.3735	1.8063	2.3524	0.91963	1.7389	4.4007	1.8116	1.8147	1.4823	1.7883	1.8162	2.7005	1.8146	1.7821	1.816	4.0091	2.2689	2.3008	1.6763	3.2791	2.6242	3.2232	3.4798	4.8139	8.9212	12.272
1.9498	0.6301	1.0196	1.9661	1.1712	1.2929	1.3689	1.5369	1.7356	2.0289	0.92818	0.72337	1.0266	1.4667	1.5381	1.8113	1.4733	1.7006	0.50507	2.8094	1.3503	1.1611	1.0969	1.1078	1.6151	0.54111	2.0843	1.0743	1.2997	0.67528	1.2375	0.86503	1.4838	2.2299
7.5921	5.3046	4.8239	3.3066	1.3183	1.2264	1.6055	2.2159	2.3633	1.0075	2.2601	1.1098	1.3245	3.8379	1.9156	2.3019	0.92855	1.5027	1.12	1.7721	1.8915	1.6723	1.6179	2.8838	2.1004	2.1844	1.7336	2.0321	2.0364	2.9141	2.2041	3.3903	6.0526	7.6651
9.899	5.6272	6.7032	3.7675	2.0083	3.02	3.4093	2.9154	4.1331	1.2689	2.2648	1.3239	1.56	3.9698	1.998	1.574	2.049	0.74192	1.754	2.5966	1.7978	1.8087	1.5482	3.3681	2.0984	2.4483	1.8553	2.456	2.6423	2.0824	3.1539	3.5401	7.4205	10.009
11.399	6.592	8.1894	4.4982	2.3788	3.8825	3.2074	3.0605	4.1228	1.5696	2.7599	0.79372	1.7197	5.0072	0.78066	2.1472	1.4065	1.2875	1.293	1.9312	1.5834	1.2691	1.7037	3.9105	2.9694	2.1618	1.7109	2.9525	3.3081	3.1391	3.4285	4.0863	8.8688	11.083
11.64	7.0803	7.4454	4.7539	1.8937	3.3204	3.2426	2.9662	4.6337	1.8452	2.3639	0.67517	1.6986	4.0049	1.1982	2.052	2.2048	2.049	2.2367	2.3497	2.1668	2.1102	2.0701	4.1497	1.9642	2.6781	2.9473	3.1636	3.1399	3.2079	3.4639	5.3414	8.6056	11.935
11.35	6.9951	8.3341	4.1948	2.212	2.7877	2.5324	3.0681	4.4965	2.3209	2.0437	0.78041	2.0204	4.6386	1.1583	1.3358	1.2838	1.7601	1.5191	2.4336	2.177	1.4831	2.2915	3.7296	1.9352	2.3848	1.1505	3.1816	2.0327	4.2443	3.2033	4.6198	9.3815	12.073
0.26155	2.1442	1.8152	1.8855	0.76157	2.4813	0.33241	1.8607	1.7247	-0.019485	1.2914	1.4421	3.5882	1.4393	2.5202	0.39559	1.1088	1.832	1.4186	2.7096	0.74903	0.41261	2.22	0.86228	0.9142	0.93647	0.32375	2.9307	1.4452	1.867	1.4588	0.89211	1.9427	1.7007
7.2525	5.3576	6.1918	4.2185	2.2876	4.0084	1.9062	3.1162	1.5493	1.7493	1.4807	-0.14152	-0.20928	2.3964	2.1618	1.2408	1.1876	2.7306	1.2395	2.0274	0.85527	2.1959	1.9873	1.8676	-0.92672	3.2875	1.4944	4.1307	2.8518	2.8858	2.0301	2.0147	4.9331	6.8648
9.3602	6.136	6.7866	4.407	0.99393	3.433	3.6391	2.0174	2.1123	0.381	0.90221	1.1358	1.2867	4.4449	3.7511	1.0751	1.3349	1.5407	2.0597	2.3556	0.61697	2.0346	2.0316	4.3492	1.1216	1.5655	2.2653	3.0174	1.2789	3.7779	2.0811	4.3004	6.7807	10.985
10.506	7.0298	7.4804	5.7836	2.4518	3.056	2.7921	3.6263	3.2161	1.8395	2.2157	1.2507	0.65068	4.6847	2.6361	1.307	1.7996	1.6456	1.0274	3.1777	1.8393	1.6693	1.1954	3.1301	1.0035	1.9853	1.9616	2.3341	0.94967	3.8835	3.8405	4.5101	7.3709	10.61
12.221	7.3934	9.2178	5.6394	2.974	3.4313	3.3791	3.2966	3.5101	2.4238	3.0968	0.74527	1.2211	4.8585	2.7392	2.2477	0.70752	0.82864	3.3384	3.1279	1.4754	2.599	2.071	3.8113	1.4118	0.99319	1.097	4.204	2.9361	2.7259	3.1459	5.7058	9.1678	10.892
11.815	7.8984	7.5645	5.1052	2.522	3.2895	2.1288	2.726	3.4229	1.801	3.7567	-0.0062209	2.0021	4.0538	1.8583	1.363	1.7436	0.6666	1.9109	1.7968	1.5196	1.0788	1.4	3.033	2.0953	1.9125	0.35838	2.799	2.9476	3.8812	3.5187	5.4603	11.179	12.849
1.6353	1.9605	1.7136	1.4206	2.079	1.288	1.0379	1.6851	0.75295	1.3967	1.8434	1.0149	1.3991	1.5016	1.6734	2.2313	1.6399	0.69341	1.7864	0.66587	1.4502	2.541	0.83283	2.1504	2.1573	1.0881	2.0943	0.50351	1.1337	0.85647	1.7359	1.6808	0.93445	0.35454
7.7556	3.8143	5.3597	3.2522	1.2517	1.5056	2.1689	3.382	4.6227	2.2998	1.6022	0.35913	1.6538	2.9535	0.4261	2.5389	1.717	2.1299	1.8427	2.4479	1.3847	0.91645	1.9403	3.0988	2.2124	0.81154	1.7506	2.6183	2.5792	2.63	2.3217	3.614	5.4051	7.4366
9.7676	6.5592	6.5645	4.471	0.92234	2.7665	2.1492	3.4818	4.4103	0.67307	3.204	1.1665	2.337	3.3543	1.298	1.6138	0.53098	1.1587	1.2028	2.6145	1.5752	3.0287	1.2675	3.2589	2.182	3.1059	1.1701	2.6601	1.6703	2.399	3.2296	3.9555	7.4474	9.4076
11.164	5.9934	6.9347	3.8229	1.9518	2.1357	2.6629	3.383	4.3236	1.4811	2.0351	1.663	1.773	4.2925	0.99126	1.5787	1.7372	1.0174	2.7296	1.9283	1.1756	2.6071	1.4914	3.5114	2.1634	2.5295	1.0423	4.109	2.8851	2.4733	1.8732	4.6344	8.1227	12.219
11.863	5.79	6.0935	4.3808	2.4488	2.3499	2.6416	2.6132	3.7628	1.7333	2.5525	0.58449	1.142	5.0552	1.5856	2.2604	1.4119	1.8852	1.8752	2.6871	1.614	1.8675	2.2954	4.397	2.4404	1.8944	0.66528	4.0796	2.2043	3.492	3.7	4.8618	9.2357	12.824
11.666	7.7296	8.3296	5.5164	2.8867	2.5671	2.7087	2.565	3.7236	0.67124	1.7021	1.1684	1.2564	4.2567	2.1141	2.0911	1.0496	2.9231	2.1165	2.4431	2.248	1.6153	2.0595	3.6282	4.2671	3.782	1.4398	3.3675	2.3917	2.9826	4.5333	4.861	10.358	11.316
1.9394	1.0182	1.6838	1.7837	1.5341	1.8854	1.899	1.6259	1.1379	1.2178	1.1821	1.0418	1.1069	1.6164	1.9397	1.3545	1.4106	1.9843	1.9456	1.6766	1.9883	1.7668	1.3367	1.6624	1.2442	1.2955	1.6802	1.5278	1.4116	1.6026	1.7505	1.5835	1.5518	1.5836
7.4455	4.3911	5.0878	3.3852	1.9124	2.4091	2.4305	2.5538	2.9066	1.4691	1.7994	0.9105	1.3965	3.0765	1.7438	1.5286	1.3895	1.7286	1.746	2.1416	1.7617	1.6486	1.522	2.8813	1.7247	1.7602	1.5729	2.4106	1.9967	2.4527	2.5777	3.3105	5.7507	7.689
9.956	5.9054	6.7688	4.2348	2.151	2.7034	2.7149	3.0883	3.7759	1.6554	2.113	0.90401	1.5864	3.8519	1.7653	1.6861	1.4245	1.7375	1.7661	2.4607	1.7719	1.7081	1.6837	3.526	2.0158	2.0489	1.6129	2.9011	2.3514	2.8993	3.0948	4.1784	7.632	10.394
11.048	6.5546	7.5148	4.6209	2.27	2.8466	2.8519	3.3321	4.1489	1.7445	2.257	0.91046	1.6783	4.1931	1.7925	1.7634	1.4555	1.7629	1.7928	2.609	1.7949	1.7521	1.7625	3.8224	2.1642	2.1964	1.6486	3.1297	2.5162	3.1	3.3336	4.5673	8.4386	11.56
11.518	6.8301	7.8373	4.7904	2.3263	2.9144	2.9166	3.4386	4.3051	1.7845	2.3218	0.91588	1.7202	4.3384	1.8092	1.7985	1.4748	1.7799	1.8093	2.6742	1.8101	1.7759	1.7981	3.9546	2.2355	2.2673	1.6696	3.2326	2.5892	3.1881	3.4382	4.7379	8.7819	12.061
11.72	6.947	7.9755	4.8639	2.3524	2.9461	2.947	3.4845	4.3702	1.802	2.3508	0.91908	1.7388	4.3997	1.8179	1.814	1.4856	1.7891	1.818	2.7023	1.8182	1.7876	1.8138	4.013	2.269	2.3005	1.6805	3.2783	2.6209	3.2267	3.4833	4.8124	8.928	12.275
0.1175	0.46078	2.3376	1.265	3.1165	1.7884	2.1315	2.1495	3.998	2.1852	0.9584	-0.31302	1.7439	-0.01509	1.2565	-0.016847	0.4846	1.3352	2.2216	2.5311	3.3887	1.5276	2.8059	2.1746	3.2919	4.2184	2.0395	1.1593	2.4961	1.1339	1.3584	2.0226	3.2043	0.75385
9.2232	2.6088	2.2075	5.3238	2.8243	4.002	4.9365	2.2774	-0.17838	2.4269	0.68308	3.0964	1.5305	3.9936	2.0343	0.93352	0.86408	-0.56675	2.6706	3.0279	0.62016	1.5684	0.32245	3.5649	3.864	3.5569	1.525	3.3145	-0.13495	3.7097	1.8459	2.3832	6.937	6.7596
7.5812	5.7341	5.9672	2.5665	1.2819	1.9699	2.8984	3.0356	3.1066	2.1076	2.6182	-0.58517	6.2826	2.1811	4.0384	-0.71006	-0.0087958	0.76109	-0.54766	5.9596	2.0359	1.8398	0.048522	1.1992	1.1256	2.4324	0.99559	5.3877	1.8999	2.314	4.2399	6.7328	6.0532	11.072
8.2855	4.0085	7.0554	4.0676	3.4558	3.822	2.3731	4.0459	4.5318	2.3636	5.9598	1.2487	0.71641	5.815	-1.7884	0.32611	3.5746	3.226	0.87065	2.8377	2.9853	0.51171	1.6381	2.2819	3.5461	3.589	4.4063	7.4106	2.9345	4.1025	5.4388	4.4601	9.1092	9.9121
11.83	6.8635	10.686	7.0039	1.0342	4.1507	3.6354	5.5715	3.0003	0.41909	1.5636	-0.050089	1.6561	4.854	-0.75699	1.1577	-0.069804	3.4347	-1.0642	-0.71929	2.4014	4.0062	1.4083	4.2625	4.4279	2.5788	2.0085	3.709	4.9218	6.177	6.7743	4.0005	9.5903	13.737
13.587	8.2477	9.4116	7.2196	3.2555	1.5351	2.517	4.1918	2.3712	1.0215	3.3652	1.7233	5.9491	5.4229	2.4673	0.67325	4.3378	2.04	1.1122	5.3467	2.9056	1.7973	3.6896	3.4641	2.7742	1.6525	5.9583	2.0394	4.8732	3.4665	3.5692	8.2391	7.2114	15.06
0.68828	3.8722	-0.016086	2.884	1.6144	1.3723	1.3856	2.9886	2.4492	1.0904	2.7208	0.28171	-0.68799	0.080722	-0.45699	0.20199	2.5892	3.1542	1.6882	0.35588	0.79653	0.48919	0.62331	0.10575	3.3471	0.62008	1.4302	2.0319	2.4291	2.3433	0.45966	0.86274	0.70116	1.8514
7.2491	4.7838	4.9051	4.1868	2.3602	3.1836	2.4346	3.0439	2.8081	1.1862	1.2418	1.2875	1.3227	4.397	3.0216	-0.27576	1.5722	2.0821	0.87813	1.7795	1.0814	0.88089	2.6678	2.2157	3.9578	-0.046342	1.938	2.7114	3.7307	2.6055	2.7532	2.9518	4.6178	6.1585
9.215	5.9759	7.5426	2.0582	3.2604	3.075	1.2798	2.6593	4.2881	1.9786	4.2021	0.12323	2.7775	2.9557	2.2174	1.6586	0.70354	1.5413	0.88293	1.9398	0.38838	1.3849	0.15675	2.7651	1.5647	2.0352	2.7599	2.4411	2.0051	2.2327	4.366	4.2558	7.1942	9.6828
10.393	5.9927	6.9805	4.0835	2.423	3.371	3.0005	3.1754	5.8824	1.6783	0.11462	1.7453	1.8824	4.2206	3.7205	1.9595	2.2194	2.0004	2.1038	2.2712	0.92129	0.57128	1.3863	2.6529	2.1312	1.0104	-0.00020124	3.8547	2.0344	3.6931	2.8563	3.6873	11.841	10.891
12.095	6.6364	8.3289	5.6746	1.5882	3.0556	3.8113	3.1681	5.2209	0.21265	2.7673	0.97986	1.7832	3.9807	3.1779	2.8106	1.7364	1.8524	3.6308	3.1303	0.41941	1.7528	0.35297	1.9368	1.7865	0.41637	2.0689	2.4121	2.9903	3.1022	2.831	4.8117	12.068	12.553
12.476	6.8955	8.9459	5.251	2.1772	2.5922	2.8364	3.7186	5.1772	0.33058	2.3544	-0.67887	2.4127	4.5442	1.8246	0.88454	1.2572	1.9537	1.5131	2.5728	1.3102	2.1177	1.4784	4.5613	2.345	4.6151	2.168	2.5052	3.6671	4.5647	2.574	4.2217	10.03	12.733
1.5431	1.439	1.2874	1.5017	1.7615	1.7624	1.5761	1.7477	1.6455	1.1232	1.5044	1.3473	1.0921	1.1478	1.1982	1.6723	1.4315	1.6944	1.2568	1.0098	1.5323	1.2794	1.9462	1.9064	1.3927	1.0249	1.6714	1.8372	1.9715	1.0569	1.4503	1.5825	1.6866	1.7194
7.2492	4.4197	4.9677	3.2571	1.9943	2.3618	2.3108	2.5821	3.0708	1.4269	1.9173	1.0166	1.375	2.8884	1.4732	1.6476	1.3795	1.6235	1.4947	1.8987	1.5961	1.4709	1.7484	2.9459	1.7769	1.6764	1.5461	2.5322	2.1957	2.2586	2.495	3.3234	5.7329	7.6543
9.8692	5.8834	6.7289	4.1813	2.1816	2.6855	2.6708	3.0947	3.8321	1.6387	2.1574	0.9422	1.5755	3.7784	1.6652	1.7293	1.4159	1.6979	1.6731	2.3701	1.7104	1.6417	1.7664	3.5437	2.0352	2.0218	1.5973	2.9481	2.4238	2.8266	3.0667	4.1874	7.6037	10.354
11.011	6.5357	7.501	4.5989	2.2815	2.8396	2.8353	3.333	4.1682	1.738	2.2737	0.92425	1.6734	4.1645	1.7554	1.779	1.4507	1.7478	1.7583	2.575	1.772	1.7271	1.7926	3.827	2.1716	2.1875	1.641	3.1477	2.5427	3.0722	3.3235	4.572	8.4204	11.536
11.502	6.8193	7.8323	4.7814	2.3306	2.9115	2.9103	3.4384	4.3117	1.782	2.328	0.92086	1.718	4.3272	1.7954	1.804	1.4725	1.7741	1.7964	2.6614	1.8015	1.7665	1.8091	3.9556	2.2384	2.2644	1.6661	3.2394	2.5988	3.1774	3.4344	4.7402	8.7723	12.048
11.713	6.9415	7.9736	4.8602	2.3539	2.9449	2.9446	3.4841	4.3724	1.801	2.3531	0.92087	1.7379	4.3953	1.8128	1.8159	1.4845	1.7868	1.8131	2.6975	1.815	1.784	1.8178	4.0131	2.2701	2.2996	1.679	3.2809	2.6244	3.2224	3.4818	4.8134	8.9233	12.269
1.7269	1.3738	1.5816	1.1161	1.0577	1.9798	1.2848	1.595	1.9622	1.1858	1.193	1.3416	1.9329	1.3907	1.2732	1.1519	1.3971	1.3747	1.1311	1.435	1.0915	1.6146	1.011	1.5733	1.7897	1.2354	1.448	1.5694	1.0614	1.4963	1.6423	1.2213	1.8371	1.9711
7.3205	4.4312	5.0335	3.1765	1.7039	2.4073	2.1698	2.5225	3.2073	1.4576	1.7719	1.0173	1.6757	2.9762	1.5038	1.4592	1.3583	1.5081	1.4515	2.0591	1.4369	1.5963	1.4073	2.8493	1.9137	1.7505	1.4855	2.4506	1.8559	2.4023	2.5789	3.1832	5.6955	7.6214
9.8954	5.8962	6.7423	4.1692	2.0636	2.6894	2.6059	3.0727	3.8844	1.6501	2.0925	0.94274	1.6855	3.8104	1.6756	1.6592	1.4041	1.6559	1.6564	2.4293	1.6511	1.6884	1.6402	3.5125	2.0845	2.0505	1.5785	2.922	2.2966	2.8736	3.0995	4.1321	7.5567	10.299
11.019	6.5432	7.5026	4.6004	2.2337	2.8357	2.8061	3.3252	4.1878	1.7421	2.2454	0.92452	1.7138	4.1762	1.7588	1.7527	1.4444	1.7325	1.7517	2.5968	1.7497	1.7445	1.7457	3.8166	2.1895	2.1987	1.635	3.1393	2.495	3.0876	3.3359	4.5503	8.3913	11.501
11.504	6.8231	7.8318	4.784	2.3112	2.9078	2.8972	3.4356	4.319	1.7834	2.3158	0.92098	1.7329	4.3316	1.7964	1.7942	1.4692	1.7685	1.7938	2.6694	1.793	1.7729	1.7916	3.9521	2.245	2.2688	1.6641	3.2367	2.5809	3.1824	3.4391	4.7316	8.7571	12.03
11.714	6.9433	7.973	4.8619	2.346	2.9425	2.9387	3.4832	4.3751	1.8015	2.3478	0.92092	1.7434	4.3969	1.813	1.8122	1.4828	1.7848	1.8121	2.7004	1.8118	1.7864	1.8112	4.0119	2.2726	2.3013	1.6783	3.28	2.6177	3.224	3.4835	4.81	8.916	12.26
2.8414	0.47679	2.1496	2.9018	2.5134	-0.96555	0.26621	5.7762	1.9243	2.1676	-0.01977	-1.3051	1.8557	0.36394	5.3952	1.9436	-0.81074	-0.25266	1.5966	0.64939	1.211	2.7092	-1.3873	-1.7376	1.2821	0.77193	-0.22021	3.3058	1.179	-1.2248	3.1427	-0.78745	-0.36769	-0.87028
6.5724	1.9893	3.9927	3.916	-0.65357	-0.24835	2.5748	-0.1663	6.7283	1.2436	2.4666	2.272	3.1577	2.354	-1.328	1.3968	1.3857	-1.0263	-0.012318	3.727	1.0671	3.3087	-0.68455	0.9645	1.7606	3.1852	1.8042	0.17185	0.74905	0.5343	2.5316	3.2826	2.9451	8.3754
8.8748	7.4891	8.9009	2.4887	-0.97121	4.1499	3.3975	3.7427	2.418	2.6944	4.8268	2.2802	2.7661	5.289	0.96152	1.8199	-0.10879	-2.0758	4.4129	4.0202	2.3483	1.9688	1.3755	3.3551	0.40353	4.1718	3.2275	3.2915	2.8642	-2.2914	2.3033	5.5339	8.2117	9.2756
13.616	7.0096	6.5891	3.539	2.232	2.607	4.2241	2.9193	5.0422	1.735	0.29183	1.3103	1.116	4.518	1.6109	3.0279	0.378	1.4789	1.372	2.3898	2.3457	1.9948	-0.96141	0.9577	1.2615	4.0227	1.0789	3.4806	3.3052	3.9561	1.8905	2.2093	9.7242	10.552
16.1	8.7667	7.6895	3.0311	3.5064	2.2713	1.4874	2.0425	3.3631	3.6388	1.9315	-0.35867	4.4421	5.8258	1.9433	0.64536	1.9542	3.7161	3.9751	4.8325	3.148	-0.33044	5.5528	3.1864	-0.016332	2.2185	1.3792	2.9888	2.2319	1.5215	3.0266	5.8691	9.721	9.4239
12.003	5.4176	7.3921	5.7082	2.6403	5.1531	3.5471	2.0868	7.6785	1.491	4.0402	0.91287	1.6568	4.5149	4.2511	2.5695	-0.39647	1.4801	2.4235	5.6812	1.3846	-0.17885	3.0492	5.8413	2.8841	1.4605	2.7126	4.7775	3.957	2.8	4.4895	5.9613	10.192	14.104
0.45082	0.30603	1.091	2.9537	2.5942	0.70177	1.9863	2.024	2.6748	2.1709	0.33512	0.1877	1.0548	-1.6746	3.6235	1.8944	4.7933	4.1381	1.5357	3.1121	3.7347	5.7331	1.576	3.5612	4.4757	3.4909	3.0879	2.692	1.8328	4.5214	2.2105	2.3457	3.217	-2.2841
8.2675	4.6724	5.9861	4.4364	2.6172	-1.1478	1.7551	0.71828	1.6854	4.1741	2.866	1.1321	3.5622	4.2117	2.412	3.1849	3.0398	-1.0435	1.8888	2.4256	-0.71874	1.0054	4.3606	6.0643	4.4264	2.0841	0.73067	4.9599	5.269	2.5378	1.2834	0.79538	6.349	7.1268
10.887	4.8521	5.6863	6.0961	4.3806	1.9129	2.9436	3.7717	3.2235	0.6019	-1.3336	-0.58655	2.6064	4.4961	2.755	0.38605	0.50334	5.1102	3.6411	4.3916	1.6853	2.0959	0.31338	1.805	2.9382	5.2983	1.3993	3.734	4.6985	0.24527	0.80298	3.8279	9.0353	9.1611
12.727	9.0002	7.3104	3.0793	4.1321	0.24018	5.5334	4.5727	5.4931	-0.5171	2.6678	-0.20059	4.8164	3.5756	0.65903	0.95198	1.2803	3.0598	3.5657	1.4723	1.8511	0.94192	0.81567	2.7161	3.1017	3.3251	5.5883	-1.0112	3.345	3.7924	0.38699	2.0494	6.4544	11.753
13.185	9.1417	6.9518	5.0887	3.428	4.4649	5.1722	4.9453	4.813	-0.16042	1.027	0.49149	1.27	5.5038	-0.024677	6.7736	1.1159	0.86104	1.1909	3.467	-2.118	2.4063	1.6767	4.8107	1.6678	2.0852	0.86596	1.7992	2.7268	3.346	2.825	7.7627	10.86	10.607
10.575	7.1073	8.1523	3.2198	1.5117	4.4529	2.1976	0.9252	4.0996	0.22257	4.1918	0.54047	3.527	5.868	1.3693	0.77369	2.2774	1.5781	1.5937	3.1859	3.9001	1.1482	1.5942	3.3707	3.5449	2.9211	3.2581	4.1305	0.031644	2.2668	2.433	4.6164	11.345	12.727
1.6032	1.5999	1.4484	1.0354	1.5138	1.4077	1.108	1.4599	1.4509	1.5511	1.8054	1.7009	1.8722	1.0522	1.2197	1.4596	1.9585	1.79	1.4519	1.3334	1.0591	1.7409	1.5068	1.1999	1.4272	1.1687	1.7517	1.3684	1.9418	1.0172	1.8291	1.6266	1.5387	1.6505
7.3308	4.5175	4.997	3.1247	1.8952	2.2503	2.1408	2.47	3.0121	1.5856	2.0032	1.1482	1.6479	2.8453	1.4752	1.5635	1.5373	1.6652	1.5606	2.0225	1.4161	1.6471	1.5808	2.6623	1.7776	1.7044	1.5697	2.3346	2.1875	2.2146	2.6272	3.3423	5.6029	7.5721
9.9284	5.934	6.7364	4.1457	2.1434	2.6517	2.6107	3.0533	3.813	1.6969	2.1824	0.99108	1.6744	3.762	1.6645	1.697	1.4658	1.7148	1.696	2.4169	1.6428	1.7081	1.7034	3.4317	2.031	2.026	1.6041	2.8688	2.4209	2.804	3.1141	4.1939	7.531	10.305
11.044	6.5597	7.5032	4.5904	2.2669	2.8295	2.8141	3.3181	4.1618	1.7593	2.2809	0.94244	1.7096	4.1586	1.7546	1.7666	1.4667	1.7546	1.7662	2.5927	1.7466	1.7522	1.7689	3.7829	2.1683	2.187	1.6428	3.1162	2.5416	3.0617	3.3405	4.5738	8.3848	11.511
11.519	6.8302	7.833	4.78	2.325	2.9085	2.9027	3.4331	4.3096	1.7898	2.3301	0.92765	1.7313	4.3252	1.7949	1.7993	1.4776	1.7768	1.7991	2.6681	1.7919	1.7759	1.8001	3.9382	2.2365	2.2634	1.6665	3.2269	2.5984	3.1727	3.4406	4.7405	8.7557	12.036
11.721	6.9463	7.9738	4.8603	2.3518	2.944	2.9419	3.4823	4.3717	1.8039	2.3537	0.92341	1.7428	4.3947	1.8125	1.8141	1.4861	1.788	1.814	2.7	1.8114	1.7876	1.8144	4.0061	2.2691	2.2989	1.679	3.2759	2.6243	3.2203	3.484	4.8133	8.9159	12.263
1.6831	2.4186	0.60271	2.4173	-0.67702	1.8808	-4.5229	3.3483	1.9189	0.95913	-2.297	1.363	-0.79482	2.4555	-0.69937	-0.1479	3.436	4.8146	0.1655	-1.6847	1.07	-0.76088	4.6096	2.8623	5.7021	1.3995	2.2418	0.74957	2.5778	2.1933	1.8175	-0.29253	4.0468	6.3686
4.5698	5.1039	4.6666	1.3941	2.6037	3.7871	1.0774	-2.191	4.5666	3.0769	-2.0679	-2.6345	0.34242	3.1165	3.599	3.1798	2.4455	1.2061	2.3985	2.5208	0.68331	-3.0607	-1.9649	0.60136	-0.055072	1.4528	7.6094	3.6825	2.3799	2.9648	4.1003	6.2003	2.7678	6.913
8.5566	4.1064	4.7334	4.6332	-0.39437	6.717	7.9993	1.2871	0.95283	0.51055	4.0756	-1.372	-0.19613	1.7129	3.9216	2.237	0.88308	-0.18006	2.8115	-2.006	2.8301	-0.054223	0.63037	1.7113	3.5306	0.73004	1.6204	1.1273	4.049	0.74847	6.4383	2.9245	9.1482	9.9874
9.1811	8.7688	9.1496	2.3611	3.7334	2.9606	1.749	4.5873	4.65	2.4962	3.1834	-2.1789	3.6082	5.39	-2.1383	1.4169	3.5016	6.0801	1.8047	2.6613	4.1065	1.2727	-0.38196	4.0534	4.532	2.8172	3.2393	-0.99232	4.551	5.8378	2.7306	7.9192	9.4075	9.4736
14.078	7.5987	10.935	3.4191	4.0893	2.5151	1.647	3.4319	0.8188	4.1406	0.76377	3.043	2.7943	2.5043	1.475	0.55401	-0.55007	1.2242	2.5366	6.9723	1.8268	0.93198	0.74729	6.3728	5.1959	3.0737	0.64123	3.355	-0.3548	3.2549	-0.4257	2.9543	8.4578	10.249
13.028	6.3624	13.487	3.3938	4.6607	6.8946	0.20527	4.8735	6.1174	-2.6074	5.6938	-0.421	2.4162	2.0092	2.3779	3.3219	1.8054	2.7712	4.5027	4.7981	5.4109	-0.10577	0.33133	-0.11894	1.1208	1.5186	0.50486	2.3076	-0.77282	3.4997	5.7393	2.3384	8.1643	10.975
1.8945	1.247	1.3107	1.4089	1.708	1.1436	1.8713	1.0832	1.4617	1.0304	1.7532	1.7	1.2145	1.6799	1.5573	1.8507	1.5586	1.9018	1.4195	1.3581	1.489	1.256	1.9292	1.4668	1.254	1.4312	1.7025	1.4023	1.1818	1.8563	1.5842	1.3736	1.2217	1.219
7.4024	4.3712	4.8814	3.221	2.0012	2.1672	2.4049	2.3334	2.9939	1.3834	1.9878	1.1516	1.4221	3.0725	1.589	1.6969	1.4114	1.7007	1.5383	2.0202	1.5638	1.4631	1.7258	2.8028	1.7195	1.7944	1.583	2.34	1.8873	2.5256	2.5166	3.2096	5.5891	7.4733
9.9402	5.8699	6.6722	4.1671	2.1899	2.6214	2.7028	3.0019	3.8025	1.6211	2.179	0.99255	1.5929	3.8442	1.7063	1.746	1.4247	1.7265	1.6876	2.4144	1.697	1.6391	1.7566	3.4961	2.0113	2.0577	1.6175	2.8703	2.3067	2.923	3.0713	4.1356	7.5582	10.286
11.043	6.5321	7.472	4.5933	2.2863	2.8182	2.8466	3.2985	4.1568	1.731	2.2806	0.94299	1.6798	4.1881	1.7701	1.7848	1.4532	1.7585	1.7633	2.5913	1.7667	1.7263	1.7887	3.8107	2.1614	2.1983	1.6505	3.1168	2.4983	3.1078	3.3242	4.5494	8.4058	11.511
11.516	6.8184	7.8187	4.7792	2.3329	2.9044	2.9143	3.4255	4.3074	1.7792	2.3304	0.92784	1.7204	4.3357	1.8007	1.8061	1.4732	1.778	1.7982	2.6674	1.7994	1.7662	1.8075	3.9499	2.2341	2.2675	1.6703	3.2272	2.582	3.1907	3.4344	4.7305	8.7675	12.038
11.719	6.9413	7.9675	4.8593	2.355	2.9425	2.946	3.4793	4.3707	1.7999	2.3539	0.92347	1.7387	4.3984	1.8147	1.8166	1.4846	1.7883	1.8137	2.6997	1.8142	1.784	1.8172	4.0111	2.2682	2.3004	1.6808	3.276	2.6181	3.2274	3.4817	4.8093	8.9217	12.265
1.4334	1.7413	1.0704	1.8473	1.6799	1.1367	1.8584	1.1998	1.6073	1.543	1.1623	1.0057	1.7715	1.7648	1.4211	1.0568	1.5857	1.1742	1.7286	1.5343	1.2531	1.9171	1.7582	1.887	1.0688	1.1835	1.7371	1.6967	1.777	1.5019	1.4255	1.6112	1.8558	1.6708
7.2255	4.5715	4.9206	3.4304	1.9511	2.1262	2.3879	2.395	3.0534	1.577	1.7568	0.88947	1.6357	3.1301	1.5584	1.4244	1.4173	1.439	1.6715	2.0988	1.4966	1.7123	1.6824	2.9651	1.66	1.7164	1.5919	2.4576	2.12	2.4315	2.4959	3.3167	5.7894	7.7068
9.8622	5.9521	6.7196	4.261	2.1605	2.5955	2.6917	3.0302	3.826	1.6939	2.0889	0.89535	1.6744	3.8719	1.6971	1.6478	1.4245	1.6315	1.7387	2.4455	1.6744	1.732	1.7428	3.5557	1.9913	2.0316	1.6194	2.9159	2.3957	2.8942	3.0689	4.1791	7.6231	10.39
11.008	6.5657	7.5004	4.634	2.2715	2.8046	2.8401	3.3109	4.1662	1.7584	2.2452	0.907	1.7108	4.2006	1.7673	1.7492	1.4519	1.7239	1.7826	2.6034	1.759	1.7609	1.7841	3.8327	2.1548	2.1895	1.6509	3.1345	2.5323	3.0988	3.3249	4.5669	8.4273	11.555
11.501	6.8321	7.8332	4.7964	2.3259	2.8977	2.9108	3.4308	4.3111	1.7895	2.3163	0.91451	1.7322	4.3412	1.7998	1.7932	1.4721	1.7654	1.8055	2.672	1.7968	1.7791	1.806	3.9581	2.2319	2.2646	1.6704	3.2341	2.595	3.1879	3.4352	4.7375	8.7748	12.057
11.713	6.947	7.9743	4.8666	2.3518	2.9394	2.9442	3.4816	4.3722	1.8038	2.3483	0.91853	1.7433	4.4007	1.8144	1.812	1.484	1.7837	1.8165	2.7015	1.8133	1.7888	1.8167	4.0142	2.2676	2.2994	1.6808	3.2787	2.623	3.2266	3.4822	4.8121	8.9243	12.273
1.2988	1.704	1.3816	1.5677	1.8879	1.8429	1.8988	1.939	1.8154	1.0014	1.0031	1.0875	1.2607	1.0228	1.4241	1.3411	1.5414	1.9262	1.2985	1.3381	1.8595	1.3405	1.1381	1.5078	1.8567	1.3843	1.6957	1.6279	1.4504	1.4736	1.9497	1.0835	1.2798	1.447
7.1753	4.5732	4.9659	3.3005	2.0218	2.3807	2.4407	2.6608	3.1362	1.3786	1.7358	0.91729	1.4361	2.846	1.5428	1.5123	1.4354	1.713	1.4966	2.0189	1.703	1.4975	1.4376	2.8166	1.9426	1.8002	1.5683	2.4613	1.9826	2.3879	2.6786	3.141	5.5528	7.4919
9.8463	5.9566	6.7195	4.2034	2.188	2.6926	2.7236	3.1258	3.8584	1.6202	2.0917	0.9054	1.5986	3.7642	1.6889	1.6777	1.441	1.7321	1.6719	2.415	1.7478	1.6529	1.6502	3.5015	2.0969	2.0689	1.6083	2.9257	2.3417	2.8712	3.1353	4.1229	7.5258	10.275
11.004	6.5684	7.4948	4.6091	2.2828	2.8429	2.8568	3.3452	4.1786	1.7309	2.2499	0.91066	1.6821	4.1598	1.7635	1.7594	1.4616	1.7609	1.7573	2.5918	1.7852	1.7317	1.7493	3.8132	2.1948	2.2057	1.6459	3.1408	2.5114	3.088	3.349	4.5492	8.3874	11.5
11.5	6.8334	7.8291	4.7859	2.3308	2.9132	2.919	3.4431	4.3158	1.7792	2.3194	0.91584	1.7213	4.3257	1.7981	1.7966	1.4771	1.7791	1.7958	2.6677	1.8061	1.7684	1.7929	3.9512	2.2472	2.2715	1.6682	3.2374	2.5869	3.183	3.444	4.7321	8.7584	12.032
11.713	6.9475	7.9721	4.8622	2.354	2.9457	2.9481	3.486	4.374	1.8	2.35	0.91902	1.7391	4.3949	1.8137	1.8131	1.4864	1.7888	1.8128	2.6998	1.8166	1.7848	1.8118	4.0117	2.2735	2.3024	1.6798	3.2803	2.6199	3.2245	3.4854	4.8106	8.9175	12.262
-0.06204	0.49109	2.1364	2.3764	3.7872	2.3554	1.3792	2.6852	3.8293	3.0348	0.10304	0.72387	0.62386	0.82539	2.1032	2.3063	1.8099	0.52734	0.93067	2.105	1.1758	1.8664	0.082429	3.9999	-1.0508	2.7576	3.5952	2.6347	1.1281	1.9671	2.5339	1.4656	-0.48595	0.86592
5.1423	6.3678	5.2919	5.0296	-0.33131	4.2968	6.0789	2.2165	4.2793	-0.07969	-0.80959	-1.266	-1.0334	2.7854	4.662	4.567	2.227	1.632	1.318	2.5952	1.577	-1.053	4.1466	3.2283	3.3355	1.7335	1.8399	1.1253	1.762	2.2688	5.3764	2.8128	4.48	6.5287
10.875	4.0061	6.3962	0.89172	2.3919	4.3338	3.3253	4.0438	3.9769	3.5887	4.293	-3.4014	0.9124	1.6646	2.9385	0.37724	1.0818	0.87668	3.5329	5.7018	4.4894	2.4869	2.3128	4.0302	5.6752	1.8417	-0.22718	2.3624	1.9682	4.0567	1.3454	1.5898	7.2029	10.786
8.792	5.6453	6.6385	7.3297	7.4408	1.4333	3.4914	2.0841	2.4257	5.881	3.287	0.8406	1.9589	3.0318	3.337	0.75924	1.0372	3.9177	3.9456	4.8915	-1.2294	2.8386	1.4131	2.0187	-0.17367	2.2154	3.2321	3.1663	4.4821	4.5193	2.809	4.8362	5.9512	13.176
9.0069	7.1938	8.5517	3.8515	2.001	2.2599	1.6598	4.7761	3.7151	1.0435	1.5553	0.225	0.14759	4.9447	5.3349	4.8209	0.90305	2.1318	1.8428	4.0255	0.85678	0.36905	0.42403	4.199	-0.85692	0.67885	-0.27925	6.1475	2.1686	4.806	0.90249	4.3479	8.5002	11.379
12.899	7.7687	7.3958	6.8345	3.0774	3.4597	0.99113	0.77313	4.7517	2.5024	2.519	0.057268	2.4176	3.2165	3.5739	2.4951	0.65974	3.3158	4.342	3.3018	1.5355	1.3995	1.9647	5.1715	2.1593	-0.1559	1.4948	3.9629	1.4391	4.1908	4.8568	2.7867	9.8442	11.571
1.1423	1.0766	1.7405	1.4565	1.6682	1.6992	1.5714	1.6287	1.8778	1.6624	1.8754	1.4675	1.1413	1.0681	1.7142	1.308	1.6712	1.6524	1.531	1.7151	1.5048	1.488	1.4978	1.936	1.3893	1.1171	1.2404	1.6849	1.8393	1.9701	1.2152	1.7603	1.5841	1.403
7.167	4.3106	5.1379	3.2286	1.9703	2.3632	2.3126	2.5311	3.1448	1.6316	2.043	1.0551	1.3852	2.8482	1.6585	1.509	1.4661	1.593	1.5911	2.1395	1.5814	1.5325	1.5789	2.9907	1.7819	1.7178	1.4212	2.4852	2.1583	2.5688	2.4014	3.3809	5.7401	7.607
9.8579	5.8494	6.798	4.1694	2.1776	2.6962	2.6765	3.0756	3.858	1.7153	2.2031	0.95615	1.5786	3.7632	1.7334	1.6784	1.4485	1.6854	1.7086	2.4574	1.705	1.6632	1.7041	3.5693	2.0388	2.0394	1.5595	2.9335	2.4123	2.9353	3.0326	4.2095	7.6152	10.354
11.013	6.5251	7.529	4.5942	2.2818	2.8474	2.8398	3.326	4.1775	1.7666	2.2909	0.92938	1.6743	4.1589	1.7806	1.7603	1.4633	1.743	1.7714	2.6069	1.7701	1.7348	1.7698	3.8394	2.1736	2.195	1.6296	3.1434	2.5391	3.111	3.3111	4.5808	8.4273	11.542
11.506	6.8161	7.8437	4.7796	2.3314	2.9159	2.913	3.4358	4.3151	1.7927	2.3347	0.92276	1.7183	4.3253	1.8047	1.7972	1.4775	1.7722	1.8013	2.6731	1.8008	1.7692	1.8007	3.9612	2.2395	2.2676	1.6628	3.2383	2.5978	3.1914	3.43	4.7438	8.7758	12.052
11.716	6.9406	7.9782	4.8595	2.3546	2.9472	2.9461	3.4832	4.3737	1.805	2.3557	0.92158	1.738	4.3946	1.8162	1.8135	1.4865	1.7862	1.815	2.7018	1.8148	1.7851	1.8148	4.0156	2.2707	2.3009	1.6781	3.2806	2.6242	3.2275	3.4802	4.8149	8.925	12.271
1.4956	1.6514	1.7437	1.302	1.0896	1.826	1.3896	1.7753	1.1794	1.1094	1.9052	1.8764	1.9998	1.8643	1.0369	1.5447	1.9976	1.511	1.8735	1.0702	1.9875	1.9227	1.5643	1.4315	1.3378	1.7207	1.0137	1.3741	1.9227	1.5465	1.4739	1.4965	1.309	1.9508
7.3554	4.5659	5.1252	3.2829	1.7561	2.4255	2.2439	2.6072	2.9055	1.4342	2.035	1.212	1.707	3.1695	1.4093	1.5961	1.5838	1.5639	1.7171	1.9314	1.759	1.7154	1.6033	2.8041	1.7732	1.9138	1.3261	2.3574	2.1885	2.3782	2.4892	3.3221	5.6099	7.7063
9.9579	5.9573	6.788	4.2186	2.097	2.7244	2.6523	3.1084	3.7723	1.6427	2.1943	1.0148	1.6993	3.8865	1.6411	1.7098	1.4917	1.6782	1.7543	2.3846	1.7698	1.7339	1.7125	3.4989	2.0392	2.1068	1.5193	2.8826	2.4227	2.8546	3.0626	4.197	7.5627	10.364
11.063	6.5702	7.5238	4.6222	2.2515	2.8597	2.8317	3.3399	4.1466	1.7399	2.2858	0.95126	1.7198	4.2061	1.7464	1.7717	1.4794	1.7415	1.788	2.5813	1.7937	1.762	1.7726	3.8125	2.1749	2.2185	1.6129	3.1235	2.5428	3.0775	3.3215	4.5791	8.4067	11.537
11.529	6.8348	7.8414	4.7935	2.32	2.9212	2.9104	3.4417	4.304	1.7828	2.3322	0.93095	1.7356	4.3434	1.792	1.8013	1.4836	1.7721	1.8073	2.664	1.8094	1.7797	1.8017	3.9509	2.2403	2.2759	1.6558	3.2305	2.5991	3.1776	3.4336	4.7441	8.7676	12.047
11.726	6.9484	7.9773	4.866	2.3503	2.9494	2.9453	3.4857	4.3696	1.8014	2.3547	0.92466	1.7445	4.4016	1.8115	1.8149	1.4888	1.7863	1.8171	2.6986	1.8179	1.7891	1.8151	4.0115	2.2711	2.3039	1.6752	3.2777	2.6246	3.2219	3.4815	4.8154	8.9217	12.268
2.3549	1.6826	1.0837	1.8039	1.13	1.4023	1.8009	2.4355	2.3206	0.83589	2.197	1.309	2.2163	1.2971	1.6169	1.3553	1.8471	1.691	0.20415	2.54	0.52086	1.3496	1.7021	1.2315	0.22898	1.7034	0.76983	1.31	2.3438	0.32163	1.3838	2.7104	1.8178	0.97464
7.6943	4.859	5.2239	2.872	1.5668	1.9402	2.0641	2.8845	3.2535	2.18	1.6172	1.2757	1.2607	3.1781	1.4577	2.0488	1.188	2.8488	2.0805	2.3344	1.1796	1.9268	1.2583	3.681	2.524	1.6888	1.4098	1.6776	1.6641	2.0601	2.0129	3.1309	5.2824	7.4635
9.9258	5.5571	6.4241	4.2058	2.0523	2.754	2.7927	4.1083	3.6459	0.020149	3.0654	-0.19096	1.1122	3.289	2.3137	2.141	0.63109	2.8177	1.5079	2.2738	3.1727	1.6072	1.4228	3.6885	2.0773	2.0678	1.1588	2.6643	2.4854	3.0038	2.8892	3.8769	6.7315	10.173
10.853	6.6514	8.5055	4.9285	2.4345	3.2975	2.6085	2.5881	4.428	1.8252	2.6393	1.236	2.2578	4.2213	1.2175	0.70887	1.8953	1.1013	2.4389	2.0898	1.7681	1.7944	1.8444	3.4576	1.5783	2.37	1.8346	3.5062	2.4265	2.8052	3.7324	3.8828	9.8587	11.177
12.338	7.5872	6.9598	5.4019	2.0167	3.3889	2.747	3.4515	4.6216	1.0342	2.2	1.0616	2.1588	4.024	1.9106	2.1252	1.2262	1.5419	1.3633	3.2096	0.82229	1.7645	1.7598	3.5099	2.288	2.683	0.75157	4.4071	2.7601	3.0781	3.5898	4.6879	9.4877	12.47
12.065	7.2092	7.6529	4.4081	2.7416	3.2687	3.3969	3.5318	4.4598	1.6315	1.9072	1.3235	1.6689	3.9975	1.2992	1.8153	1.3234	2.2707	1.3603	2.8679	1.3799	1.3162	1.5561	3.888	1.559	1.9024	2.0971	3.1005	2.3784	3.4153	2.8189	4.763	8.7378	11.696
3.2681	-3.3448	-0.97207	3.2368	-3.3562	0.19123	4.7496	2.31	0.80595	3.1077	3.9577	0.44042	3.01	2.5483	0.12287	-0.017119	1.8782	1.7172	-0.89079	1.8648	0.45605	-2.8942	0.13894	-0.0087825	2.7021	4.0294	2.9194	3.9294	1.682	2.2863	1.8748	3.2582	1.8602	1.2176
3.3169	6.1126	5.5124	1.6663	5.2398	0.30752	2.4522	0.067375	0.92666	3.3767	6.8507	1.0442	3.8799	10.398	3.804	-2.43	4.6564	3.429	1.5118	1.0294	0.6001	0.26332	-0.62171	4.2523	3.8544	3.5648	4.2167	2.2449	1.1267	3.8984	6.5593	4.6796	9.6565	6.2846
7.5385	8.6721	7.283	1.2008	2.0489	3.0484	1.6833	1.4149	5.8493	-3.1285	5.0292	3.7998	1.2974	3.8926	5.8261	1.5277	-2.565	-0.27646	3.1097	-0.11757	-0.20213	4.0044	4.3916	0.58329	1.2045	4.2411	3.5732	4.6333	-0.30754	3.5004	2.534	6.5357	10.895	14.061
11.385	9.1504	5.7451	6.0974	4.9544	5.4702	-1.9057	1.2485	4.1243	2.259	-0.25387	-0.2507	0.97839	4.9533	1.9557	-0.24605	2.2125	2.9708	1.7682	3.579	-0.56421	0.49395	0.47539	3.9202	0.84861	5.0544	3.7971	-0.070712	3.2632	6.4424	5.269	3.1179	3.337	14.359
12.448	5.5159	9.9105	8.0676	4.5656	3.0366	3.7661	7.483	4.4709	3.9786	0.45429	0.28348	3.841	4.1441	1.6434	4.6374	-0.9172	5.0657	-0.049709	2.7066	4.6742	5.7859	2.7528	5.1906	2.3611	2.0234	5.0833	6.7161	3.3362	5.7553	1.446	7.0369	9.5851	13.311
11.879	6.0447	9.9015	1.9423	-0.4039	-1.8105	3.5036	1.6251	6.4977	2.5967	2.0797	0.40935	3.3792	5.7935	0.5378	2.165	0.029943	-0.15363	2.0748	1.8779	1.2709	0.01674	-1.9149	8.0381	0.24491	0.99342	2.3506	-0.74451	5.8146	3.2534	1.7565	5.1992	7.0001	13.864
2.96	0.46685	1.2505	2.3158	3.3396	2.4489	0.51409	2.5902	-1.1441	1.3896	1.1246	0.28153	1.0403	0.88981	-0.61494	1.891	-0.02918	2.4428	0.10041	4.0386	2.7927	1.0128	-0.22479	1.7309	2.1281	2.7494	-0.044719	2.629	3.4368	2.7019	3.1986	-0.15468	0.54325	0.80642
7.6954	4.0404	4.2348	2.0254	-0.23602	3.2484	2.1464	-0.58376	2.8762	3.1906	-0.24535	-0.081883	-1.5995	5.6934	2.7048	4.4622	2.2308	0.52182	-0.16827	3.882	0.92295	3.0702	2.9	1.6953	3.9927	0.73154	0.77195	2.7821	0.62429	1.7342	2.0001	3.094	6.0652	6.5318
12.723	6.9618	6.3265	5.6317	1.8585	2.9217	3.7674	0.024056	4.2862	4.8806	2.0385	2.406	2.1736	3.7961	2.6429	-2.1332	-2.0135	2.5818	2.4269	2.1399	0.7446	1.9345	2.4472	2.7555	3.6314	3.3782	-0.44579	4.8242	4.1115	3.6887	2.9927	4.1501	9.1181	12.362
10.138	9.7524	9.3504	2.5128	2.3075	5.4228	0.92277	5.836	4.6829	1.7985	2.6697	0.71598	2.7776	4.5054	0.48524	1.6163	1.6175	1.1801	1.8101	2.7328	2.9131	2.1244	1.6342	1.5282	3.7924	0.35403	1.6571	2.9019	1.0928	5.8233	4.7494	4.7242	8.986	11.191
11.92	8.0722	8.4254	6.0241	2.4858	2.4031	3.2018	3.2024	5.9618	1.4163	2.5596	1.9251	0.55709	2.7134	6.2742	1.7577	2.1521	-0.79162	1.3976	5.0139	0.4544	3.516	1.161	3.1545	3.2864	3.2318	3.3839	3.6932	2.6075	0.2278	6.8767	4.2513	7.7993	11.136
10.369	5.2885	9.5133	5.791	3.7118	3.1	1.8043	0.43304	4.8871	3.4127	0.62275	1.8475	1.7136	3.2597	3.2385	2.1227	1.4206	1.3082	0.96286	5.4794	0.15246	2.1502	0.97097	2.9402	3.1174	1.013	1.2915	7.1044	3.0703	1.555	1.4638	6.7015	9.1056	11.09
1.5822	1.1531	1.0731	1.5806	1.287	1.3619	1.7248	1.8583	1.3479	1.9617	1.9536	1.206	1.7682	1.6155	1.9189	1.6025	1.7021	1.7437	1.3851	1.2515	1.0368	1.4721	1.6451	1.279	1.5179	1.2457	1.2975	1.6505	1.8914	1.8611	1.2099	1.3991	1.8879	1.2565
7.3034	4.3502	4.9337	3.3391	1.8438	2.2539	2.3453	2.6172	2.9419	1.7244	2.0469	0.96569	1.6292	3.0483	1.7346	1.6182	1.4691	1.636	1.5382	1.9753	1.4101	1.5361	1.6339	2.7468	1.8205	1.7375	1.4344	2.438	2.1497	2.5092	2.3843	3.2673	5.7733	7.5079
9.9042	5.8675	6.7309	4.2293	2.132	2.6569	2.6808	3.1089	3.7815	1.7475	2.1969	0.92376	1.671	3.838	1.7611	1.7182	1.447	1.7022	1.6888	2.3975	1.6417	1.6654	1.724	3.4766	2.0503	2.0413	1.5622	2.9107	2.4054	2.9086	3.0227	4.1695	7.6126	10.306
11.029	6.5332	7.5068	4.6228	2.2648	2.8326	2.8387	3.3391	4.1487	1.778	2.2861	0.91759	1.7093	4.1871	1.7906	1.7748	1.4618	1.7494	1.764	2.585	1.7466	1.7359	1.7769	3.8039	2.1767	2.194	1.6298	3.1333	2.5356	3.0995	3.3063	4.5661	8.4219	11.52
11.511	6.8196	7.8364	4.7925	2.325	2.9101	2.9116	3.441	4.3043	1.7967	2.332	0.91846	1.7316	4.3359	1.8083	1.8025	1.4765	1.7747	1.7985	2.6651	1.7921	1.7697	1.8033	3.9475	2.2402	2.2666	1.6625	3.2339	2.5962	3.1865	3.4278	4.7382	8.7721	12.043
11.717	6.9422	7.9758	4.8652	2.3521	2.9448	2.9451	3.4853	4.3696	1.8065	2.3544	0.92001	1.743	4.3987	1.8175	1.8154	1.486	1.7871	1.8139	2.6988	1.8115	1.7853	1.8156	4.0102	2.2707	2.3003	1.6778	3.2788	2.6235	3.2255	3.4793	4.8128	8.923	12.267
1.6192	1.1653	1.8262	1.6557	1.5465	1.2513	1.0402	1.2334	1.3611	1.6335	1.9861	1.2072	1.7571	1.8863	1.4722	1.1589	1.8109	1.4765	1.1163	1.8757	1.6352	1.0973	1.9084	1.035	1.0397	1.9886	1.6862	1.3767	1.5043	1.7635	1.0489	1.7259	1.7013	1.4589
7.2967	4.3409	5.1546	3.3683	1.9098	2.1865	2.101	2.4062	2.9547	1.6226	2.0636	0.96649	1.628	3.1699	1.5699	1.4547	1.4706	1.5382	1.439	2.2085	1.6299	1.3987	1.7304	2.6765	1.6776	1.986	1.5773	2.3214	2.0363	2.4867	2.326	3.3826	5.6966	7.5726
9.8906	5.8565	6.7968	4.2383	2.1492	2.6244	2.59	3.033	3.7858	1.7118	2.2029	0.92398	1.6709	3.8847	1.7002	1.6578	1.4376	1.6659	1.652	2.4833	1.7222	1.6146	1.7592	3.4566	2.0062	2.1275	1.6147	2.8624	2.3673	2.9068	3.001	4.212	7.579	10.328
11.019	6.5263	7.5261	4.6254	2.2689	2.8175	2.8039	3.3114	4.15	1.7652	2.2877	0.91761	1.7093	4.2046	1.7681	1.7525	1.4549	1.7359	1.7504	2.6165	1.7762	1.717	1.7898	3.7984	2.163	2.2244	1.6492	3.1141	2.5225	3.1012	3.2982	4.5821	8.4077	11.528
11.506	6.816	7.8417	4.7932	2.3256	2.9032	2.8979	3.4308	4.3046	1.7921	2.3323	0.91844	1.7316	4.3424	1.8	1.7942	1.4727	1.7697	1.7934	2.6766	1.8029	1.7627	1.8079	3.9462	2.2359	2.2774	1.6698	3.2265	2.5916	3.188	3.4248	4.7442	8.7662	12.046
11.715	6.9404	7.9771	4.8653	2.3519	2.9416	2.9396	3.4815	4.3696	1.8048	2.3543	0.91999	1.743	4.4011	1.8144	1.8123	1.484	1.7852	1.812	2.703	1.8155	1.7827	1.8174	4.01	2.2694	2.3042	1.6805	3.2759	2.6219	3.2264	3.4781	4.8151	8.9206	12.268
1.3391	1.1706	1.3992	1.9198	1.226	1.361	1.3246	1.0836	1.5127	1.8329	1.9046	1.7236	1.383	1.298	1.6917	1.8805	1.9245	1.0813	1.4827	1.1283	1.2529	1.884	1.1963	1.1214	1.5437	1.3146	1.382	1.7915	1.8392	1.6802	1.4169	1.6429	1.2141	1.6173
7.1612	4.3055	5.0062	3.4	1.7964	2.2391	2.1974	2.3411	3.0063	1.689	2.0177	1.1515	1.4906	2.9455	1.6434	1.7128	1.5323	1.3866	1.5665	1.9295	1.4819	1.6819	1.4611	2.684	1.8478	1.7659	1.4631	2.4974	2.1499	2.4333	2.4582	3.3509	5.5389	7.6173
9.8389	5.8365	6.7478	4.2345	2.1081	2.6485	2.6263	3.0071	3.8059	1.7353	2.1827	0.99148	1.62	3.8004	1.7264	1.7519	1.4652	1.6092	1.6981	2.3798	1.667	1.7178	1.6593	3.4532	2.0646	2.0531	1.5711	2.9334	2.4077	2.8797	3.0493	4.2013	7.5244	10.34
11.001	6.5168	7.5099	4.619	2.2539	2.8283	2.8182	3.3012	4.1578	1.7737	2.2794	0.9423	1.6903	4.1729	1.7775	1.7869	1.4668	1.7148	1.7671	2.5781	1.7556	1.7547	1.7528	3.7953	2.1834	2.1989	1.6325	3.1421	2.537	3.0886	3.3159	4.5785	8.3882	11.531
11.499	6.8117	7.8363	4.789	2.3201	2.9079	2.9037	3.4268	4.3076	1.7951	2.3289	0.92748	1.7244	4.3305	1.8033	1.8068	1.4777	1.7618	1.7995	2.6624	1.7953	1.7765	1.7943	3.9444	2.2431	2.2687	1.6633	3.2373	2.5969	3.1823	3.4312	4.7431	8.7592	12.046
11.712	6.9385	7.9753	4.8631	2.3499	2.9437	2.942	3.4799	4.3708	1.8059	2.353	0.9233	1.7403	4.3966	1.8156	1.8169	1.4861	1.7823	1.8142	2.6978	1.8127	1.7877	1.8123	4.0091	2.272	2.3012	1.678	3.2801	2.6238	3.2239	3.4805	4.8147	8.918	12.268
1.601	1.3463	1.3644	1.1715	1.7954	1.4927	1.3546	1.7751	1.2368	1.8448	1.8165	1.8462	1.3702	1.3832	1.8613	1.4639	1.5705	1.6953	1.9609	1.5463	1.6366	1.5709	1.9271	1.8638	1.1698	1.1787	1.2435	1.7518	1.1991	1.9829	1.7096	1.1754	1.8583	1.9094
7.3376	4.445	4.9896	3.166	2.0126	2.2752	2.2291	2.5841	2.9421	1.6978	2.0251	1.2018	1.4684	2.9708	1.7257	1.5795	1.4103	1.6248	1.7623	2.1008	1.643	1.579	1.7499	2.9808	1.6832	1.7043	1.4309	2.493	1.9015	2.5864	2.5844	3.1397	5.8952	7.8414
9.9324	5.9093	6.74	4.1558	2.1905	2.6572	2.6411	3.0953	3.7897	1.7394	2.1959	1.0108	1.609	3.8094	1.7602	1.7064	1.4224	1.6993	1.7736	2.4462	1.7297	1.6824	1.7691	3.5672	1.9972	2.0255	1.5646	2.9314	2.3133	2.9444	3.0999	4.1084	7.6975	10.463
11.046	6.5509	7.5068	4.5923	2.2855	2.8303	2.8245	3.3335	4.1544	1.7755	2.2877	0.94971	1.6856	4.1765	1.7911	1.7714	1.4516	1.7488	1.7961	2.6038	1.78	1.7426	1.7944	3.8388	2.1561	2.1867	1.632	3.1409	2.5014	3.1153	3.3361	4.539	8.4673	11.591
11.52	6.827	7.8352	4.78	2.3324	2.9084	2.9064	3.4387	4.3074	1.7959	2.3332	0.93033	1.7225	4.332	1.8089	1.8016	1.4723	1.7746	1.8107	2.6723	1.8048	1.7723	1.8101	3.961	2.2321	2.2634	1.6639	3.2367	2.5834	3.1934	3.4394	4.7266	8.7941	12.074
11.721	6.9452	7.975	4.8601	2.3547	2.9439	2.9431	3.4844	4.3711	1.8062	2.3551	0.9244	1.7396	4.3972	1.8179	1.8152	1.4842	1.7871	1.8185	2.7016	1.8164	1.7863	1.8183	4.0154	2.2676	2.2989	1.6786	3.2798	2.6187	3.2285	3.4838	4.8079	8.9332	12.281
-0.8613	1.1792	1.7092	1.7567	1.9504	1.5105	1.8251	1.1789	0.50037	1.9521	1.0035	2.2102	0.33019	-0.055975	1.4063	2.1903	1.6477	2.3405	1.0933	2.2431	0.49039	0.86037	1.0881	-0.61148	1.951	1.4202	1.4798	1.5867	2.5743	1.4199	1.7676	0.5255	2.2199	0.85481
6.8241	3.6098	4.9461	4.6828	1.4581	2.9053	2.353	2.7083	4.5564	2.0713	1.0989	3.2806	1.4738	1.6137	1.9237	2.4735	1.6752	0.39133	1.7261	0.9325	-0.22464	3.7784	2.4416	2.7636	2.6305	0.39104	1.154	3.2537	1.8177	2.8697	3.6052	2.1424	7.5297	5.894
10.174	5.2844	7.7519	4.1083	0.45869	2.7115	4.1791	3.9408	4.0102	-0.38052	2.9276	1.0049	1.3112	4.925	1.8856	-0.27818	2.4836	1.8404	1.6861	3.0003	1.3068	1.0192	0.6422	4.8823	3.5382	3.2706	0.75157	1.9678	0.99727	3.1624	2.3546	4.1677	7.6244	9.1966
13.447	4.6552	9.0976	4.9962	1.5704	2.8649	2.8907	4.1283	3.9974	1.5871	1.6643	2.4105	0.55231	4.1752	3.5551	1.3733	1.8655	0.11354	3.6515	2.8574	2.5526	1.851	0.089375	5.0252	3.7288	3.9257	2.9158	2.3114	0.17229	0.92719	3.9322	4.305	8.3155	12.14
10.043	6.7233	7.9466	3.825	1.2958	3.2585	2.2233	1.8395	4.1496	1.8092	3.6089	-0.14715	0.42453	4.7087	1.1816	1.1249	1.7726	2.8845	1.8587	2.2827	1.0936	3.2042	2.4653	2.4626	3.0815	0.27233	2.0549	3.9069	1.6619	4.441	5.5535	4.6645	9.5735	12.588
11.079	6.4324	6.7384	6.3648	1.858	5.5742	3.8637	1.1321	5.4033	0.94796	2.303	2.7355	2.3844	3.4996	1.6663	1.798	2.4194	-0.30933	1.2048	2.0829	3.3933	3.0153	0.095559	4.0484	0.8483	3.1307	1.5638	4.8521	3.7432	5.2449	4.7896	6.073	9.3525	10.809
1.5571	1.7198	1.1104	1.2166	1.811	1.1387	1.8819	1.9236	1.0128	1.3772	1.1678	1.5402	1.1017	1.0393	1.9332	1.9716	1.3609	1.6442	1.0679	1.2079	1.0396	1.4694	1.1501	1.9913	1.4271	1.9554	1.7242	1.5809	1.5403	1.7054	1.005	1.7825	1.9269	1.0083
7.2219	4.5046	4.8585	3.1516	2.0019	2.1153	2.3889	2.6369	2.7995	1.5026	1.7655	1.0873	1.368	2.8265	1.7344	1.7485	1.3346	1.611	1.4161	1.9654	1.4057	1.5467	1.4463	3.0357	1.8354	2.0355	1.5823	2.4302	2.026	2.497	2.3013	3.4226	5.754	7.3396
9.8529	5.9125	6.6778	4.1415	2.1795	2.5864	2.6881	3.1128	3.7247	1.6643	2.0935	0.96806	1.571	3.7523	1.7601	1.7653	1.3934	1.6939	1.643	2.3941	1.6391	1.6702	1.6541	3.5949	2.0712	2.1613	1.6161	2.914	2.361	2.9177	2.9897	4.2353	7.5969	10.225
11.002	6.5458	7.4786	4.5837	2.2785	2.7993	2.8371	3.339	4.1262	1.7468	2.2472	0.93371	1.6711	4.1539	1.7899	1.7918	1.4399	1.7465	1.7468	2.5836	1.7454	1.7378	1.7509	3.8522	2.19	2.2421	1.6498	3.1371	2.5196	3.1075	3.2933	4.5942	8.4135	11.485
11.498	6.8227	7.8228	4.7755	2.3285	2.895	2.909	3.4403	4.2954	1.785	2.3171	0.92431	1.717	4.323	1.8079	1.8086	1.4675	1.7736	1.7921	2.6645	1.7915	1.7704	1.7936	3.9673	2.2473	2.286	1.67	3.2364	2.5904	3.1911	3.4226	4.7502	8.7682	12.028
11.711	6.9426	7.9696	4.8579	2.3527	2.938	2.9432	3.4847	4.3661	1.802	2.3486	0.92213	1.7374	4.3936	1.8173	1.8176	1.4821	1.7867	1.8115	2.6986	1.8113	1.7855	1.812	4.0183	2.2742	2.3082	1.6807	3.2802	2.6214	3.2278	3.4772	4.8179	8.9213	12.261
-0.6737	1.5591	5.0985	1.6973	4.9434	0.27054	0.42695	0.63304	-1.5863	-0.19141	0.33355	-0.29373	2.8887	0.84362	0.75866	2.0591	3.7878	2.6395	1.6645	-0.44552	2.4034	1.2138	0.89997	1.5477	2.7219	-1.5626	-2.6306	-0.69529	3.3762	1.7298	3.1562	0.12497	3.4378	0.93878
8.176	1.7102	2.0348	4.6738	-0.0036819	1.2222	3.2933	3.3567	0.86432	1.8232	2.9345	0.079537	3.0219	3.2591	1.5092	2.3006	2.6077	2.3862	0.3742	2.6781	0.92705	1.2495	2.7192	3.6878	1.1971	1.0777	2.768	5.4532	5.218	1.5127	2.8678	2.8229	6.1728	8.5306
10.268	4.9646	7.8873	5.0325	0.89552	2.0862	0.24437	3.3199	6.1395	5.2965	3.3672	-0.43662	1.9326	3.4932	2.1761	1.6713	-0.44576	2.977	2.9902	0.83453	0.61198	4.3324	0.057027	4.5509	-0.15615	2.7802	-0.85665	3.3682	2.3541	2.1174	2.231	5.1406	8.6058	11.498
11.587	6.9845	7.7249	1.8485	-0.78485	2.5277	3.8593	1.4588	5.8961	0.20815	2.7485	1.6607	1.2454	4.5611	1.1326	1.1432	-1.1154	4.7853	1.7736	2.7912	1.0717	-1.2734	2.5061	2.8	2.6521	2.0093	3.9276	2.25	3.2428	2.82	2.7539	4.5061	8.8098	11.501
11.498	7.2866	7.7605	6.3815	2.3313	4.683	2.5425	4.9686	2.1359	5.1776	-0.2355	2.6818	0.79022	4.4148	2.2962	1.0418	0.8029	-1.2038	3.8972	1.9629	5.9757	3.7125	1.6687	3.9117	2.7923	5.7989	2.3682	2.011	3.1456	-1.8579	1.5616	4.5892	10.183	15.371
12.206	8.0003	6.7632	5.3039	4.0859	2.9677	6.6699	-0.3941	4.0612	0.98977	1.1456	0.48325	-0.28242	5.5665	-1.2755	-1.1581	2.6713	2.6025	0.014343	4.6097	1.7292	0.53315	-0.62402	5.0915	4.8813	1.6587	1.0786	2.9598	-0.25587	1.943	2.27	3.3523	11.561	10.559
3.8049	-0.14634	3.1802	0.57939	0.225	0.49041	3.7466	2.5552	1.3546	1.4063	1.3363	1.9236	5.233	-0.061844	0.041303	-1.8318	-1.267	3.4435	3.8089	0.58754	-4.2102	-0.96902	4.5057	-2.5084	6.1972	2.3187	2.6777	-0.22069	4.0865	3.0519	0.58383	1.2975	0.52573	3.5891
10.023	3.2037	4.3183	2.5092	-2.3389	3.8164	3.8902	0.54305	6.1516	1.8856	3.9675	0.80647	-1.781	6.2555	-1.8634	-5.2988	0.86495	2.5066	4.3698	-0.045104	1.1772	0.96552	7.7491	3.2124	2.5185	0.7873	6.6653	2.1842	0.28632	1.4445	6.3563	7.4072	8.0802	10.598
15.478	8.0049	4.2912	4.7392	4.307	1.8925	3.9365	3.055	4.9999	0.15896	-1.7149	-0.83732	1.7164	2.688	5.4837	3.1751	-3.4963	0.86112	1.8209	2.7111	-0.66901	0.87246	0.76348	4.8062	0.79426	6.1971	1.6793	1.3606	2.7402	1.2773	2.0758	3.3597	6.8969	12.738
8.318	8.1075	5.6002	3.8764	-3.0621	2.2656	4.6052	4.6433	6.8582	2.7131	5.0305	1.9428	-1.6094	5.7232	-4.2263	1.8657	2.4679	1.8264	-0.77531	-0.32987	5.545	5.1322	0.59874	2.9529	3.2024	2.6269	3.0395	4.8988	2.0812	4.0438	3.8552	1.7477	3.2853	14.147
14.842	2.373	4.792	0.61603	3.3588	0.76428	4.6102	1.6407	5.8414	9.3424	0.23926	3.6809	2.0123	3.4829	-1.3627	-0.73323	1.2577	1.4474	-1.0893	3.4993	5.1777	0.91135	5.9158	3.1027	4.3065	-0.47839	4.6137	7.0306	6.5933	1.1675	1.9717	2.3094	7.6879	16.692
11.909	9.4552	7.8489	3.3912	1.6261	5.7081	3.9105	3.4802	6.8515	2.0438	3.7443	2.5969	3.0731	2.536	-3.0585	-1.3818	0.64555	0.24917	2.4281	-1.2131	0.31282	4.7455	0.00030537	0.66904	-0.29739	2.035	2.928	3.2304	3.3428	-0.12249	-1.5567	5.7102	10.67	16.035
-2.5825	1.4111	1.1184	3.6587	2.7003	5.6449	3.6051	-0.81242	0.073999	-1.9538	-2.4124	4.0184	0.035096	4.6391	3.8741	-1.3092	-0.19418	-0.98995	1.4447	1.3707	1.7852	0.88302	0.71082	-0.35524	1.6154	4.0162	1.9745	2.2971	0.30439	2.323	1.9024	3.9206	3.5512	0.86644
5.0991	2.4432	7.1097	2.3182	1.9694	5.3063	4.6409	4.7448	0.68164	3.059	-0.35874	-2.6754	1.9421	2.2696	0.54767	3.4683	1.4196	3.6956	1.8085	2.8274	4.6905	0.29717	3.7944	2.8835	2.4286	1.3662	-1.3848	1.827	2.7606	0.60768	5.0519	2.1726	5.7423	8.0361
6.9527	5.0579	7.1017	4.1214	0.78015	4.2297	0.73487	4.2701	3.3155	2.4546	3.1916	0.40462	-2.0094	4.8889	0.31302	1.7857	0.75807	1.9695	0.88963	3.2492	1.3728	4.397	6.2179	3.7907	0.98792	1.7419	0.95135	5.8701	2.5724	1.7632	2.424	4.3818	5.5477	11.407
10.415	7.4219	7.6305	2.6533	2.119	3.6257	2.4657	1.5755	2.5494	0.1475	3.0258	0.25086	-0.047327	1.9777	0.33833	1.1083	0.32697	1.2974	3.5286	1.4376	0.39407	1.8175	-2.9218	2.6654	4.2874	2.3902	-1.0512	2.3497	6.5153	3.7146	5.0334	7.6794	6.7414	10.146
12.432	8.7637	7.1955	5.9303	-0.10323	4.4581	2.8529	1.4327	5.9138	3.6054	4.2169	0.81665	3.5039	5.7724	5.5414	2.7843	2.3612	-1.2359	4.7725	2.6547	4.413	2.1289	2.1833	5.2853	2.0669	1.8526	4.1226	5.4083	0.70323	0.72238	1.3078	3.2583	9.4344	11.44
16.197	6.076	7.241	5.3344	1.7115	3.6744	1.8895	4.2891	8.7387	0.11892	3.2784	2.9444	-1.5626	4.3984	1.1903	3.4975	2.8458	1.2993	4.171	1.586	3.4697	2.45	3.6083	6.3112	3.1048	-0.099998	1.8376	5.4603	-0.38155	5.2533	3.9353	2.7117	9.3898	10.894
1.7814	1.1355	1.9021	1.2896	1.4996	1.7836	1.6771	1.1498	1.6966	1.129	1.9459	1.8864	1.515	1.6794	1.9768	1.1255	1.7522	1.8271	1.7814	1.1909	1.4286	1.0145	1.3253	1.1347	1.4505	1.5723	1.792	1.4197	1.5325	1.9257	1.8991	1.5448	1.9011	1.0518
7.4118	4.3256	5.149	3.21	1.9271	2.4184	2.3648	2.3652	3.117	1.4314	2.0769	1.2193	1.5289	3.077	1.7539	1.4407	1.5057	1.6691	1.682	1.9521	1.5522	1.3701	1.5142	2.7031	1.8087	1.854	1.6161	2.358	2.0358	2.554	2.6496	3.3225	5.8381	7.4375
9.9614	5.8505	6.7846	4.1719	2.1657	2.7233	2.6998	3.0155	3.8549	1.6408	2.217	1.0176	1.6323	3.8476	1.7684	1.6532	1.4666	1.7145	1.742	2.3889	1.6942	1.6045	1.6802	3.465	2.0497	2.084	1.6303	2.8813	2.3656	2.9348	3.1236	4.1913	7.6499	10.281
11.058	6.5241	7.5182	4.5981	2.2789	2.8601	2.8503	3.3042	4.1784	1.7389	2.2967	0.95228	1.6945	4.1901	1.7934	1.751	1.4714	1.754	1.7837	2.5818	1.7661	1.7135	1.761	3.8014	2.1777	2.2098	1.6555	3.1226	2.5214	3.1128	3.3446	4.5749	8.4401	11.512
11.525	6.8153	7.8376	4.7821	2.331	2.9217	2.9178	3.4279	4.3161	1.7823	2.3372	0.9313	1.7259	4.3367	1.8094	1.7938	1.4811	1.7764	1.8058	2.6639	1.7993	1.7615	1.7975	3.9473	2.241	2.2725	1.6723	3.23	2.5911	3.1928	3.4423	4.7418	8.7805	12.04
11.724	6.9401	7.9752	4.8608	2.3547	2.9498	2.9483	3.4804	4.3743	1.8012	2.3569	0.92477	1.7408	4.3989	1.8179	1.8122	1.4881	1.7877	1.8166	2.6984	1.8142	1.7823	1.8135	4.0105	2.2712	2.3026	1.6816	3.2774	2.6216	3.2283	3.4848	4.8143	8.9268	12.267
1.6956	0.71595	2.3536	2.597	-1.0298	0.43097	2.0555	1.7353	1.9149	4.6331	5.0093	1.749	1.2133	4.2616	2.2096	0.64503	2.043	2.5014	0.35063	3.347	-1.2084	3.1572	-0.35884	3.1195	0.3727	4.5052	1.8898	4.6105	2.6759	-0.39121	1.0401	-0.98465	3.6603	-0.012933
8.0701	2.1229	4.0885	3.9672	2.4911	1.5073	1.7373	2.6074	3.0154	2.1136	2.1293	1.4681	0.46907	5.1354	1.1059	-0.39247	0.52348	4.5881	0.79478	1.6284	2.0447	3.5737	-0.13751	2.3087	2.1038	3.6967	1.3907	2.3746	3.4953	1.7897	0.98968	1.8123	6.0361	8.7543
10.835	3.882	6.8067	5.3101	2.7476	1.5309	2.4717	0.32538	6.5368	3.3703	1.7176	0.48656	0.78627	2.1432	-1.1717	-0.024402	2.5177	-0.18386	0.97082	5.1219	2.2016	0.35682	2.7396	1.4821	5.0294	0.084809	1.9991	1.5799	1.1838	4.0605	5.3718	6.0366	7.2513	11.023
12.105	7.0773	6.5023	3.7638	1.1719	1.8256	5.6278	4.8156	2.5774	2.8753	2.5329	0.63743	1.5345	6.7564	1.2141	0.92064	1.4158	0.73149	1.0092	3.8792	-0.70162	2.6242	-0.68904	4.3197	3.7122	2.453	0.46593	5.2868	3.2844	2.9706	2.702	3.9451	7.188	9.6913
9.5905	7.3522	9.11	5.0712	4.1203	3.5923	2.1132	3.6632	3.5028	2.8429	1.8805	2.7276	1.9069	2.9105	4.0497	2.3208	0.81691	-0.0019907	1.4492	4.447	-0.35858	2.666	1.3667	2.9055	2.2169	3.8104	-0.99007	4.5773	2.0444	4.0196	3.9025	4.5123	9.6206	12.833
10.735	8.2904	5.7855	4.8024	-0.21567	1.6662	4.2259	2.8539	4.7571	3.6779	-1.0087	1.0447	2.3037	8.137	1.2182	-1.1828	2.2096	0.95915	2.4344	1.2783	2.3261	1.7401	2.0168	6.5942	2.9674	0.068968	0.12027	2.0286	4.436	5.7487	2.6385	5.2455	5.8893	12.953
1.1566	1.4346	1.8322	1.3599	1.0762	1.5569	1.2739	1.1321	1.6997	1.4859	1.1827	1.1012	1.2016	1.1347	1.3238	1.9505	1.5321	1.2477	1.4373	1.6691	1.5477	1.6091	1.8631	1.3807	1.749	1.1567	1.0581	1.3397	1.8172	1.3775	1.9726	1.6053	1.3382	1.928
7.0074	4.4335	5.1254	3.1875	1.695	2.2429	2.1444	2.3533	3.1109	1.5743	1.7398	0.91824	1.4018	2.8844	1.517	1.7476	1.3885	1.4517	1.5588	2.1369	1.5994	1.5847	1.7154	2.7508	1.8977	1.7244	1.3356	2.3618	2.1538	2.3171	2.6878	3.3419	5.6641	7.7667
9.7407	5.8911	6.7816	4.1512	2.0561	2.626	2.5908	3.0094	3.8517	1.6945	2.0736	0.90485	1.583	3.7763	1.6814	1.7663	1.4092	1.6337	1.6968	2.4572	1.7118	1.6826	1.7544	3.4708	2.0778	2.0408	1.5214	2.8879	2.4104	2.8319	3.1388	4.1991	7.5924	10.405
10.947	6.539	7.5191	4.5862	2.2291	2.8108	2.7981	3.3012	4.1769	1.759	2.2358	0.91009	1.6753	4.1634	1.7615	1.7927	1.444	1.7238	1.7671	2.6069	1.7726	1.7418	1.7883	3.7997	2.1868	2.195	1.6132	3.1263	2.5383	3.0689	3.3505	4.578	8.4207	11.558
11.472	6.8205	7.8386	4.7761	2.3087	2.8977	2.8932	3.4264	4.3154	1.7898	2.3112	0.91548	1.7184	4.3267	1.7977	1.8092	1.4682	1.7651	1.7998	2.673	1.8018	1.7717	1.8076	3.9453	2.2439	2.2674	1.6558	3.2318	2.5974	3.1743	3.4446	4.743	8.7739	12.057
11.699	6.9419	7.9758	4.858	2.3448	2.9384	2.9367	3.4796	4.3739	1.804	2.3457	0.91881	1.7379	4.395	1.8136	1.8179	1.4821	1.7835	1.8144	2.7017	1.8151	1.7859	1.8173	4.0092	2.2721	2.3008	1.6751	3.2781	2.624	3.2207	3.4856	4.8147	8.9244	12.273
1.8507	1.2568	1.2855	1.7799	1.7014	1.4925	1.9677	1.4762	1.9949	1.4906	1.5035	1.7688	1.3881	1.4533	1.1329	1.7585	1.5652	1.6486	1.7981	1.2204	1.8579	1.9047	1.292	1.7259	1.3394	1.2727	1.1703	1.664	1.5359	1.8291	1.2674	1.1762	1.4312	1.4757
7.4697	4.4079	4.9833	3.3864	1.9928	2.2919	2.4586	2.4947	3.1892	1.5591	1.9119	1.1774	1.4992	3.01	1.4413	1.6714	1.4345	1.6092	1.686	1.9753	1.708	1.7034	1.4998	2.9091	1.7488	1.7446	1.3899	2.4573	2.0178	2.5013	2.427	3.1611	5.6584	7.5741
9.9917	5.8957	6.7389	4.2379	2.1863	2.6686	2.7284	3.0661	3.8745	1.6872	2.1549	1.0024	1.6245	3.8264	1.6527	1.7374	1.4389	1.6937	1.7428	2.3992	1.7509	1.7284	1.6743	3.5364	2.0228	2.0422	1.5459	2.9185	2.3555	2.906	3.0432	4.1231	7.5816	10.325
11.072	6.5462	7.5063	4.6231	2.285	2.8368	2.8583	3.3239	4.1836	1.7559	2.2731	0.94679	1.6925	4.1834	1.7506	1.7818	1.4604	1.7468	1.7838	2.5862	1.7867	1.7596	1.7586	3.8259	2.1662	2.1936	1.6238	3.1362	2.5167	3.0986	3.3154	4.5467	8.4139	11.525
11.531	6.8255	7.8349	4.7917	2.3326	2.9118	2.9197	3.4356	4.3174	1.7885	2.3281	0.92932	1.7255	4.3348	1.7936	1.805	1.4766	1.7739	1.8058	2.6657	1.8069	1.7786	1.7965	3.9556	2.2361	2.2662	1.6603	3.235	2.589	3.1861	3.4317	4.7302	8.7703	12.044
11.726	6.9447	7.9748	4.8645	2.355	2.9456	2.9485	3.4834	4.3745	1.8035	2.3533	0.92406	1.7408	4.3983	1.8121	1.8163	1.4862	1.7869	1.8166	2.6992	1.817	1.7886	1.8132	4.0132	2.2691	2.3	1.677	3.2791	2.6207	3.2254	3.4809	4.8095	8.9227	12.267
0.86499	1.6128	1.3835	1.3216	1.3024	1.9096	1.7639	1.165	1.3024	1.8211	0.33	1.3032	0.99564	1.7177	2.3781	2.2026	1.2666	1.31	0.77338	1.2359	0.37379	1.8269	1.7148	1.6395	1.0461	2.2502	1.1649	2.4689	0.6636	1.3625	2.1939	1.3307	0.66064	2.312
6.7528	4.2218	5.1249	2.7081	1.4564	1.659	1.799	2.2529	3.2884	2.2315	1.7231	1.4124	1.0402	3.1381	2.7802	1.4912	0.88732	1.4472	1.7387	2.0335	1.6676	2.3966	1.0237	2.9117	1.7328	1.1748	1.3661	2.4958	2.0788	2.8151	2.412	3.2466	5.8923	7.7748
9.9241	6.2531	6.4448	3.7571	2.2755	2.3336	2.7275	2.453	4.0908	1.9769	1.977	1.66	1.468	3.4629	2.1446	1.0941	0.81051	1.7098	1.7584	3.0883	1.3252	2.5059	0.93825	2.6043	2.0426	2.3022	1.0511	3.2434	2.2013	2.9613	2.5034	3.8909	7.1226	10.172
11.546	6.4583	6.8365	4.355	2.7937	3.3081	2.6275	3.0463	4.6446	2.3992	1.6221	0.78916	1.5678	4.352	2.0794	1.9825	1.5834	2.7716	1.601	2.8204	1.6373	2.22	3.167	3.5056	2.239	2.8223	1.5744	3.3236	2.8504	2.9926	2.9288	4.2951	8.8551	11.164
11.644	7.7498	7.9955	4.3222	2.6187	2.8202	2.2448	3.6282	4.8788	2.339	2.0878	0.73558	1.3901	4.2733	1.8108	1.4943	2.3488	1.4118	2.1242	2.6775	1.4026	2.2577	1.9361	4.1932	1.5005	2.4482	1.4145	2.7897	2.4172	2.9897	3.5885	4.6411	8.6073	11.816
12.049	7.0544	8.0804	6.0603	2.758	3.0595	3.1176	4.1844	3.8791	2.8541	2.986	0.33094	1.2249	4.2824	1.8757	1.9935	1.5746	1.7109	1.3617	2.0977	1.8925	1.2631	1.5155	4.0298	2.3897	2.5686	1.383	2.4376	2.0288	3.7896	2.9949	4.5684	8.781	12.447
1.8419	1.5101	1.1658	1.7143	1.907	1.2185	1.871	1.2118	1.8367	1.8593	1.5234	1.4774	1.8899	1.0651	1.5095	1.6208	1.7336	1.23	1.0219	1.139	1.7695	1.9698	1.3868	1.9934	1.3264	1.1372	1.3848	1.5626	1.6338	1.5416	1.315	1.1593	1.1526	1.137
7.4048	4.4415	4.9188	3.3622	2.0648	2.1958	2.4266	2.3957	3.1144	1.685	1.9145	1.0692	1.6808	2.8593	1.5665	1.6075	1.4806	1.4591	1.3871	1.9432	1.6622	1.7312	1.5214	2.9708	1.73	1.6981	1.4515	2.4152	2.0424	2.4017	2.4305	3.1347	5.4991	7.4055
9.9507	5.8934	6.7127	4.2324	2.2116	2.6347	2.7186	3.0286	3.8442	1.7323	2.1553	0.96229	1.6907	3.7692	1.697	1.712	1.4521	1.6383	1.631	2.3865	1.7322	1.7384	1.6804	3.5515	2.0121	2.0245	1.5653	2.9018	2.3628	2.872	3.0414	4.1089	7.504	10.249
11.05	6.5406	7.4959	4.6225	2.294	2.8246	2.8553	3.3097	4.1715	1.7721	2.2731	0.9319	1.7167	4.1618	1.7663	1.7719	1.4641	1.7262	1.742	2.5811	1.7793	1.7631	1.7602	3.829	2.1609	2.1866	1.63	3.1294	2.5188	3.0866	3.3136	4.5397	8.3783	11.492
11.521	6.8217	7.8308	4.7919	2.3358	2.9074	2.9187	3.4302	4.3126	1.7944	2.3281	0.92378	1.7343	4.3266	1.7991	1.8011	1.4776	1.7663	1.7902	2.6636	1.8039	1.7798	1.7969	3.9559	2.2336	2.2633	1.6623	3.2321	2.5895	3.1818	3.4306	4.7269	8.7545	12.029
11.722	6.9427	7.9731	4.8648	2.3561	2.944	2.9481	3.4813	4.3726	1.8056	2.3533	0.922	1.744	4.3952	1.814	1.8148	1.4865	1.784	1.8107	2.6983	1.8158	1.789	1.8132	4.0129	2.268	2.2988	1.6776	3.278	2.6208	3.2238	3.4803	4.808	8.9158	12.261
1.4649	1.1133	1.7009	1.18	1.8037	1.514	1.5484	1.2078	1.7846	1.5265	1.571	1.422	1.7212	1.0731	1.5949	1.862	1.4488	1.6526	1.3035	1.6074	1.2789	1.7996	1.7962	1.9541	1.4443	1.4569	1.5998	1.8426	1.0312	1.1873	1.9436	1.9479	1.453	1.8108
7.2918	4.3443	5.059	3.1495	2.0105	2.2711	2.292	2.3719	3.1466	1.5849	1.9332	1.0438	1.5948	2.8513	1.618	1.7163	1.374	1.6002	1.5108	2.1125	1.5018	1.6542	1.6921	2.9966	1.8339	1.8538	1.5282	2.5523	1.8695	2.305	2.6732	3.4442	5.7132	7.7491
9.9092	5.8693	6.7538	4.1481	2.1877	2.6516	2.6614	3.0161	3.8657	1.6979	2.1614	0.9525	1.655	3.7639	1.7189	1.755	1.4105	1.689	1.6795	2.4489	1.6761	1.7089	1.7461	3.5728	2.0668	2.0933	1.5925	2.9609	2.3067	2.8445	3.1337	4.2321	7.6123	10.407
11.034	6.5352	7.5083	4.5891	2.2837	2.8267	2.8309	3.304	4.1825	1.7601	2.2746	0.92818	1.7024	4.1591	1.7754	1.7887	1.4475	1.7446	1.7609	2.6043	1.7596	1.7519	1.7854	3.8415	2.1869	2.2164	1.6399	3.1546	2.5005	3.0794	3.3488	4.5895	8.429	11.562
11.514	6.8208	7.8346	4.7787	2.3314	2.9065	2.9082	3.4277	4.3177	1.7902	2.3282	0.92237	1.7286	4.3254	1.8028	1.8077	1.4709	1.773	1.7975	2.6723	1.797	1.7757	1.8065	3.9625	2.2455	2.2761	1.6659	3.2429	2.5836	3.1803	3.4441	4.7472	8.7775	12.06
11.719	6.9427	7.9744	4.8596	2.3542	2.9429	2.9436	3.4802	4.3749	1.8041	2.3531	0.92146	1.7418	4.3947	1.8156	1.8174	1.4837	1.7865	1.8136	2.7015	1.8134	1.7875	1.8169	4.0162	2.2733	2.3044	1.679	3.2826	2.619	3.2237	3.4855	4.8164	8.926	12.274
0.82046	1.5763	0.080376	0.93235	0.84598	3.0764	2.0632	-0.45268	1.5718	1.9721	0.73904	1.1505	1.6979	2.7658	3.9993	2.4541	0.83728	3.134	2.7822	2.228	3.2109	2.6019	1.7985	3.1103	1.4721	1.3014	0.25785	1.8306	2.2235	1.1395	-0.78913	2.6341	2.1315	1.0629
6.8888	5.4952	2.8263	6.0863	2.1535	4.5811	1.9543	2.0324	2.4838	1.508	1.8417	0.2984	1.9421	2.4279	-0.082225	3.2784	1.7853	0.75863	3.0627	3.1381	1.0288	1.1994	-0.24454	2.3393	2.7299	1.2755	1.4289	0.97735	1.1699	3.3524	2.3766	1.9227	5.4983	6.5763
10.772	8.1898	5.4331	4.5896	0.60605	0.8038	2.7839	4.0941	3.4967	1.0613	3.1452	1.1866	1.2494	1.649	1.3861	2.4558	1.3867	1.1226	1.9895	0.82289	3.3515	0.67456	2.5379	2.6433	2.0084	3.3961	3.275	1.9379	2.4127	3.4518	1.8087	5.4567	6.4083	11.634
10.507	8.1127	5.1767	5.6637	1.38	3.2069	3.6765	1.4588	2.449	3.1884	1.8226	0.83521	2.5534	2.8102	1.7905	-1.9966	0.88523	0.99425	0.92472	3.2168	0.78376	3.2436	3.2413	2.4721	1.9583	0.24728	0.49133	4.6246	4.4456	2.8112	3.0861	2.7591	7.1065	11.803
12.257	5.144	6.6274	4.6255	1.1956	2.2176	1.9261	3.8471	3.3381	1.5892	3.2548	-0.033341	1.3468	4.6423	0.33212	0.77528	1.5515	2.6801	2.5257	2.5107	1.8501	2.1561	1.6052	2.3895	0.41121	2.0739	1.2806	4.1015	4.9803	2.9477	6.0597	4.4292	7.9961	12.339
12.083	7.5087	9.412	4.5628	2.5338	1.7966	2.7866	2.0447	4.1653	0.98141	2.5942	0.079431	1.6154	4.1682	2.9587	2.147	2.0325	3.4603	3.6506	3.2905	2.1431	-0.24846	0.84863	4.3036	1.4465	2.422	0.16576	2.4724	2.1467	2.3857	3.5184	5.1172	7.8363	11.373
1.3425	1.989	0.95785	1.6036	0.90296	2.1329	1.3643	1.3933	2.3019	1.3026	1.1765	1.4223	0.89085	2.6235	1.2151	1.4331	1.8607	1.7962	1.1212	2.0664	0.99047	1.3902	1.907	1.4687	2.3862	1.5749	1.3306	1.7092	1.9959	1.6047	2.2041	1.0899	1.6114	1.5677
6.4713	4.6411	5.6717	3.4212	1.8983	2.6648	2.1273	2.7008	3.3263	1.9238	1.4529	1.152	1.2333	3.0715	1.5333	1.3561	1.5676	2.1301	1.5867	2.6049	1.5028	2.1757	1.5418	2.4628	1.8443	1.5148	1.3536	2.7272	1.9734	2.815	2.4727	3.5166	4.7468	7.3879
9.8308	6.1785	6.244	3.9194	1.5713	2.6136	3.2102	3.1663	3.7373	1.8278	1.9388	0.634	1.3255	3.8351	1.2542	1.0757	0.99377	1.0023	1.5905	2.6177	1.9406	1.3595	1.6684	3.6691	1.8756	2.1728	2.1893	3.3364	2.1528	2.8695	3.1481	4.7484	6.927	10.738
11.127	6.2415	7.5103	4.1065	2.7627	3.2125	2.5552	3.2035	3.5034	1.956	2.4976	1.1074	1.5727	4.3001	2.1238	1.7199	1.588	2.0228	1.5522	2.5732	1.5836	2.1801	2.1092	4.0037	1.8578	2.4778	1.1923	3.215	1.655	2.665	2.8957	4.7344	8.1076	11.336
11.932	6.8067	7.7253	5.0619	2.3492	3.0356	3.1152	3.4325	4.3939	1.6271	1.5644	1.3438	1.4978	3.7619	1.7698	1.2743	1.0721	1.719	1.6164	2.2977	1.6313	1.6961	2.2315	3.1154	1.642	2.0764	1.7499	3.6811	2.851	2.8857	3.38	4.7742	8.4653	11.622
11.754	6.7469	8.1013	4.5272	2.2693	3.3135	3.6189	3.6893	4.4594	1.575	1.7562	1.1503	1.4577	4.0185	1.8589	1.7586	1.5704	1.7614	2.0196	2.8094	1.7249	2.0854	2.1389	4.022	2.1104	2.4688	1.3656	2.9715	3.2514	2.9534	2.9399	5.174	8.3814	12.13
1.3022	1.7573	1.3597	1.1249	1.6172	1.3555	1.3629	1.0685	1.8672	1.4579	1.0776	1.9049	1.2817	1.6139	1.6619	1.2	1.96	1.6651	1.5413	1.869	1.557	1.0214	1.4827	1.808	1.736	1.5723	1.009	1.7183	1.4494	1.6596	1.7532	1.8047	1.0292	1.7798
7.1659	4.543	4.9618	3.1215	1.9011	2.1997	2.2285	2.3234	3.1498	1.5522	1.7286	1.2179	1.4273	3.0525	1.6323	1.4624	1.5457	1.6168	1.5879	2.2201	1.5937	1.3799	1.5664	2.9519	1.9397	1.903	1.328	2.5089	2.0127	2.4263	2.6096	3.4202	5.5294	7.7156
9.8434	5.9311	6.7222	4.1314	2.1362	2.6243	2.6406	2.9981	3.8627	1.6849	2.0784	1.0159	1.5922	3.8376	1.7227	1.6602	1.4696	1.6963	1.7064	2.4895	1.7086	1.6091	1.6985	3.5589	2.1066	2.1148	1.5215	2.9476	2.3584	2.8753	3.1106	4.2331	7.5336	10.382
11.003	6.5541	7.4975	4.5804	2.2609	2.8163	2.8238	3.2971	4.18	1.7551	2.2412	0.95132	1.6788	4.1859	1.7763	1.7533	1.468	1.7475	1.7703	2.6193	1.7711	1.7154	1.7674	3.8371	2.2022	2.2256	1.6143	3.1508	2.5193	3.0862	3.3401	4.5931	8.3957	11.548
11.5	6.8264	7.8308	4.7745	2.3215	2.9024	2.9056	3.425	4.3163	1.7883	2.3147	0.9308	1.7198	4.335	1.803	1.7945	1.478	1.774	1.8008	2.6778	1.8011	1.7622	1.7997	3.961	2.2515	2.2801	1.6566	3.2419	2.5905	3.1813	3.4408	4.7498	8.7635	12.053
11.713	6.9442	7.973	4.8576	2.35	2.9413	2.9426	3.4792	4.3742	1.8034	2.3477	0.92453	1.7384	4.3982	1.8155	1.8124	1.4861	1.7869	1.8147	2.7035	1.8148	1.7825	1.8143	4.0158	2.2757	2.306	1.6756	3.2824	2.6215	3.2235	3.4842	4.8178	8.9202	12.271
1.1437	0.53053	0.7136	0.97686	1.7655	1.3667	1.6914	0.79771	0.63875	2.9734	-0.66304	2.0743	-0.8496	-0.019029	1.5357	0.060508	2.2191	-0.079464	1.7192	1.2778	3.1243	0.0072643	0.52974	1.7615	0.79699	0.35038	1.2372	0.33694	3.2539	1.922	2.7373	0.57777	0.2461	2.2963
6.6985	4.4104	5.3758	2.9931	1.967	2.2822	3.2455	3.0721	2.9909	0.08388	1.3089	1.3701	2.6941	2.0706	1.9365	0.69476	1.07	3.3935	1.382	1.7489	0.74057	-1.1316	1.5329	3.5312	3.8248	0.85181	2.389	1.7515	0.6489	1.4603	2.5118	2.6803	5.8639	7.3385
8.746	6.8479	6.8362	5.3175	1.5393	3.5538	1.2518	1.6442	3.0044	1.3849	0.29868	0.35451	2.0156	4.0598	1.0723	1.8358	4.5784	0.64658	1.9203	2.2934	1.3847	3.6993	2.0929	2.3619	2.087	1.1595	1.3895	2.1535	4.0972	3.9797	1.7558	5.0393	5.9396	8.9572
11.438	8.254	6.906	4.0204	3.0734	2.461	4.1101	2.2696	4.2899	0.89893	1.3605	-0.41792	-0.019617	2.7783	1.5482	1.986	1.0704	1.8111	3.5933	3.2076	1.8474	1.0155	0.6609	4.3816	2.6142	3.2384	1.9223	2.7189	3.7758	5.2547	4.5242	3.4321	9.0758	12.842
12.874	5.4536	6.0707	5.1405	3.8981	2.39	2.1941	5.0091	5.4435	2.1419	1.7793	0.65654	3.6369	3.8714	1.9932	1.0994	2.4138	3.6322	1.351	2.7588	0.17056	2.5788	2.9611	3.8317	3.6467	2.1365	-0.58387	2.7563	2.6855	2.4332	3.2858	5.1878	7.6784	12.202
11.882	7.0503	6.7926	5.7372	2.8099	3.4493	3.1708	2.5347	4.436	0.57945	0.72662	0.75906	1.5898	4.2979	-0.33376	3.0891	1.4182	2.4084	1.5989	1.9646	0.83687	1.8	2.9742	5.572	3.3402	1.87	1.0299	3.9157	4.154	2.2539	2.7113	5.7842	9.7026	13.897
1.6211	0.71027	3.1229	-1.4361	3.6875	2.1785	1.8317	2.5633	1.0281	2.756	1.6494	1.5911	2.5884	3.5625	3.3249	-2.6673	0.63911	2.5978	0.15881	-0.22757	1.1568	0.2774	0.31518	3.7239	-0.6803	1.6521	3.9806	4.0055	-1.1435	-0.30513	4.2838	3.2063	-1.5869	2.344
8.5811	4.9061	5.3737	3.7929	1.02	2.6008	0.44271	3.3469	4.1567	1.9684	-0.21053	1.4109	2.8993	1.1415	-0.26159	2.7491	2.6193	4.7585	1.7983	0.88727	-0.13938	2.1226	-0.77736	3.5796	2.4883	2.5185	0.61234	1.6119	0.34648	0.87754	3.6938	1.9914	5.4922	11.928
10.594	7.8363	8.7643	7.2176	3.4764	4.2585	1.1252	4.0598	0.93737	2.7428	1.7903	0.15157	0.50229	3.4769	0.45175	1.3222	3.1735	0.021295	1.9479	1.1228	1.1431	3.6871	0.13974	4.8929	3.2707	2.4955	2.4882	3.9609	0.78922	2.2797	3.2948	2.0656	8.6019	13.783
12.651	5.417	6.1985	2.5388	-0.57044	2.9142	2.0012	5.427	4.2486	0.91756	-0.24454	3.7697	1.926	1.6488	1.5836	2.9791	0.87903	5.3478	2.4829	1.5771	2.8046	0.25638	2.4261	5.139	3.8362	5.7417	1.4991	1.1826	1.7501	5.1037	5.2054	3.4185	9.7688	11.444
7.6025	5.7684	8.558	3.6852	-0.82757	3.1359	3.145	4.4474	5.9483	4.6887	1.8216	3.2979	-0.2164	5.3859	1.1131	2.2619	2.3642	2.1321	3.2333	3.2854	1.5766	1.6763	1.3921	8.0404	3.6666	-0.49744	-0.11878	1.6364	-0.25667	3.1707	7.2963	4.6217	9.5266	14.504
9.9472	6.4468	8.6496	3.1029	4.0798	1.4223	5.7168	3.596	3.979	2.4926	0.22172	3.3717	2.1567	6.5301	0.89994	-3.3418	1.8924	0.39831	2.4411	3.2908	4.309	-0.31687	2.827	5.3258	1.4238	3.788	1.8551	1.1333	1.7435	3.9524	2.5869	1.4207	8.6114	11.198
1.603	1.5603	1.8458	1.2848	1.6633	1.6023	1.6565	1.3099	1.3316	1.1882	1.1007	1.2866	1.3548	1.5358	1.9908	1.0282	1.7095	1.9052	1.8658	1.1192	1.9553	1.4409	1.8758	1.865	1.3552	1.6311	1.8645	1.021	1.0768	1.3767	1.1492	1.0341	1.7822	1.3272
7.2529	4.4802	5.0831	3.2069	1.9391	2.3002	2.3451	2.4293	2.9474	1.4548	1.757	0.99489	1.4661	3.0332	1.7606	1.4065	1.4787	1.7052	1.7147	1.9369	1.7476	1.5344	1.7183	2.9382	1.7386	1.8734	1.6266	2.2306	1.8499	2.382	2.3721	3.101	5.7941	7.4903
9.8662	5.9104	6.7489	4.1682	2.1556	2.6632	2.6853	3.0391	3.784	1.649	2.0941	0.93421	1.6083	3.8317	1.7708	1.6405	1.4517	1.7285	1.7539	2.3842	1.766	1.6657	1.7553	3.5441	2.0171	2.0885	1.6299	2.8352	2.2929	2.8764	3.0197	4.0991	7.6398	10.297
11.008	6.5473	7.5013	4.5957	2.2699	2.8316	2.8412	3.3127	4.1496	1.7418	2.2488	0.9213	1.6853	4.1841	1.7943	1.7464	1.4637	1.7593	1.7881	2.5803	1.7925	1.7362	1.7886	3.8282	2.1635	2.2102	1.6541	3.1054	2.4932	3.0925	3.3057	4.5371	8.4388	11.517
11.5	6.8242	7.83	4.7807	2.3256	2.9086	2.9126	3.4309	4.3046	1.7833	2.3183	0.91976	1.7223	4.3344	1.8097	1.7921	1.4772	1.7783	1.8074	2.6633	1.8091	1.7698	1.8076	3.9564	2.2349	2.2721	1.6714	3.2235	2.5802	3.1856	3.4278	4.7264	8.7809	12.042
11.712	6.9435	7.9718	4.8601	2.3518	2.9438	2.9454	3.4814	4.3697	1.8015	2.3493	0.92046	1.7395	4.398	1.8181	1.8116	1.4862	1.7884	1.8172	2.6982	1.8178	1.7853	1.8173	4.0135	2.2686	2.3021	1.6811	3.2748	2.6174	3.2258	3.4793	4.808	8.9272	12.267
0.31686	2.5083	2.026	4.72	1.0092	5.1076	1.4793	-2.9006	0.71077	2.2858	1.6599	-0.050205	1.4408	3.1937	2.1893	5.2741	0.16797	2.9484	-0.15793	-1.3716	-1.0124	1.7112	0.82032	3.5437	-0.78786	4.559	2.8951	2.3357	1.684	2.5448	3.3737	-0.45032	1.3364	1.1699
5.1751	3.796	4.5241	4.4857	1.8929	4.2616	3.6934	1.954	6.2817	1.6673	4.1895	1.6094	1.025	2.2343	1.5961	2.2953	1.4171	2.3066	-0.49377	0.81935	1.9071	0.41993	0.71532	3.8823	-0.76785	1.2026	0.52097	0.97369	0.5912	3.1351	2.8401	4.9297	6.0896	7.4913
8.9254	9.1329	4.7215	3.725	2.9482	2.2442	4.0258	3.2619	2.355	1.5649	2.8691	-1.5197	1.9911	4.2863	1.0914	3.4466	-1.186	2.2476	0.56611	1.3388	0.20943	2.8903	2.473	4.4233	2.1074	1.1497	1.0043	3.0844	4.2911	2.8529	1.8253	4.6185	5.0118	7.0309
9.9273	6.7082	6.8003	6.6845	1.9941	3.2515	6.0588	3.3707	4.1469	3.9917	2.6623	-0.13013	2.3165	5.6697	3.5813	1.6724	3.3694	0.42261	3.044	0.65755	1.5073	3.0554	-0.24021	5.2132	4.7152	3.9009	2.4266	0.80369	4.0207	3.4476	2.5422	7.9107	8.7188	13.355
12.534	5.4185	5.3547	5.2296	4.1044	1.5696	2.402	2.4439	2.5366	2.6623	3.1848	2.5348	0.95348	2.6872	2.4702	4.54	-0.3334	1.6873	1.3712	4.4551	1.8661	1.9746	1.1637	5.321	3.509	1.1837	2.7487	4.1169	1.5031	4.2336	5.7163	4.3244	9.8977	12.534
12.042	4.924	9.0147	1.4793	0.32267	1.521	2.5993	1.519	6.1432	1.7954	2.1983	-0.1375	-1.5011	6.3137	2.6223	1.6666	1.9129	3.204	2.1502	4.284	4.4189	5.2009	0.98763	4.0609	3.8688	5.6577	3.4583	4.1525	0.58644	2.5622	2.4866	5.7833	8.8977	13.092
1.6472	1.6234	1.9539	1.1769	1.4749	1.8424	1.497	1.7624	1.1799	1.6916	1.9144	1.1627	1.4281	1.0419	1.2257	1.6662	1.8713	1.3447	1.0273	1.9053	1.4711	1.9105	1.328	1.6911	1.0174	1.5123	1.3318	1.3361	1.9533	1.7505	1.3339	1.6328	1.4155	1.5765
7.3562	4.5466	5.2009	3.1794	1.9074	2.4353	2.3024	2.6002	2.9011	1.6475	2.0633	0.95113	1.4913	2.8598	1.475	1.637	1.5441	1.5035	1.402	2.2344	1.5653	1.7116	1.5126	2.8923	1.6453	1.8289	1.4478	2.3311	2.2019	2.4815	2.4328	3.3403	5.5892	7.578
9.9319	5.9479	6.818	4.1631	2.1559	2.7291	2.6783	3.104	3.7689	1.7213	2.2113	0.91865	1.6178	3.7703	1.6645	1.7241	1.4794	1.6556	1.6376	2.4952	1.6977	1.7322	1.6783	3.5291	1.9877	2.0714	1.5667	2.8689	2.4279	2.9011	3.0407	4.1935	7.5328	10.318
11.043	6.5657	7.5355	4.5957	2.2745	2.8621	2.8428	3.3375	4.1446	1.7688	2.2943	0.9158	1.6889	4.1624	1.7547	1.7766	1.4757	1.733	1.7448	2.6217	1.7669	1.7611	1.7598	3.8227	2.1541	2.2038	1.6314	3.1169	2.5446	3.0974	3.313	4.5741	8.3876	11.52
11.518	6.8327	7.8458	4.7815	2.3291	2.9224	2.9151	3.4405	4.3029	1.7934	2.3362	0.91784	1.7238	4.3269	1.7949	1.803	1.4826	1.7689	1.7913	2.6788	1.7994	1.7793	1.7968	3.9543	2.2319	2.2698	1.6631	3.2275	2.5997	3.1859	3.4303	4.7408	8.7576	12.041
11.721	6.9474	7.9789	4.8608	2.3539	2.95	2.9473	3.4851	4.3691	1.8053	2.3564	0.9198	1.74	4.3954	1.8125	1.8155	1.4886	1.7851	1.8112	2.704	1.8142	1.7889	1.8132	4.0126	2.2677	2.3013	1.678	3.2763	2.6248	3.2253	3.4802	4.8136	8.9169	12.266
0.38172	0.28721	1.7284	0.96532	1.5575	1.5126	-0.57844	3.1558	1.9197	1.8895	3.1908	1.9715	0.86062	0.63352	1.2204	1.4698	2.4063	2.0401	1.0843	1.4917	2.2871	1.2052	0.84644	1.5365	0.7743	1.9963	1.2263	0.14385	3.4227	0.90934	1.3326	0.95129	1.9314	2.564
6.8605	3.5664	5.8824	3.7546	2.8649	2.426	1.8964	2.0726	1.7236	0.22102	3.6038	1.3533	1.5786	2.7493	2.648	2.1323	1.3497	1.9073	0.76222	2.2767	1.3009	0.12815	-0.13057	3.8521	2.3463	2.6686	1.3841	2.4401	3.0879	1.1381	3.6772	3.0172	5.5879	7.6159
10.794	6.6078	5.656	3.13	1.9483	1.8975	3.2475	3.6751	3.4035	0.32082	1.4808	1.9612	2.0769	3.7015	2.1311	2.5326	0.90475	2.0936	1.3124	0.86124	2.0693	1.1815	1.7838	3.9939	1.6024	1.728	1.4617	1.854	3.139	3.4129	1.4415	4.885	6.6599	11.806
10.026	6.5455	6.8548	5.1987	1.452	3.4627	2.8048	4.389	4.0352	2.9343	2.306	-1.4759	1.4342	3.2521	0.72205	1.6013	1.0268	2.1625	2.8018	3.4419	1.1313	4.2969	-0.95918	3.4382	3.4562	2.7892	1.5216	4.3283	0.70349	2.6135	2.4712	3.5258	6.9811	11.694
11.375	7.1521	8.7402	4.9071	1.3301	1.9542	2.9345	3.135	4.8721	2.5116	2.7039	0.92405	1.7387	3.2973	-0.16248	1.9346	3.0653	1.7792	2.4855	2.579	1.3296	2.2029	0.98108	2.5243	2.1503	2.5864	0.38075	3.957	1.4792	3.032	3.0174	5.6799	8.8946	11.689
10.858	6.4539	9.4703	3.9701	1.2531	4.2479	2.4877	4.7598	4.9999	2.1658	2.4567	0.70324	0.28541	4.9397	1.9346	1.1798	1.9276	3.2953	2.8462	2.7514	2.2912	1.9744	0.52996	3.5447	0.93791	2.6477	1.6621	2.804	2.0042	2.7389	3.97	5.1223	9.5485	12.36
1.5509	1.6762	1.023	2.6626	1.6829	1.9079	0.71744	1.5523	1.4539	2.4629	1.1411	0.83654	-0.32329	1.5052	1.5921	1.5871	1.0264	1.9196	1.0894	2.6408	0.46306	1.9991	0.84035	0.64398	0.84614	1.4811	2.9499	1.5889	1.4227	0.68443	2.1391	2.2084	2.0694	1.5801
7.1856	4.7034	4.8279	2.4669	2.78	3.2928	2.625	2.6069	3.1888	2.2974	1.7917	-0.63452	0.16732	2.6951	1.2872	1.3901	2.3815	1.4839	1.765	1.8523	2.0087	1.0224	0.79034	2.9497	2.1359	2.7661	1.8822	3.4273	2.5098	2.4039	3.631	2.6343	5.3809	8.6921
9.9805	5.7684	7.1247	3.5917	2.0473	2.0657	2.2716	1.7124	4.7244	1.8663	1.425	0.36088	1.2401	3.18	2.13	0.96427	1.5905	3.2234	1.458	3.9613	2.1451	2.7106	2.7157	3.3908	1.9772	1.804	0.55012	2.4405	1.5582	2.3607	2.3909	4.0588	6.9171	10.549
10.316	6.7845	7.7756	3.365	2.4529	2.5262	3.0792	3.0848	5.3295	3.3886	2.671	-0.015656	2.3026	4.5694	2.5441	2.5668	1.2052	2.4556	1.7183	1.9916	1.1586	0.69866	1.6508	4.239	2.1896	2.935	1.1015	3.2896	1.9409	3.4515	3.4925	5.3985	8.3099	12.924
11.602	7.4252	7.6112	4.8683	3.0132	3.1094	2.78	2.7083	4.8552	1.4815	2.5797	1.3717	2.5557	4.8533	2.6072	1.2048	1.6089	0.11414	1.5752	2.4941	1.8927	1.9653	2.0151	4.7197	1.6488	3.184	1.5671	3.4302	2.8128	2.7048	2.2875	5.8509	7.5881	12.353
10.721	5.8788	8.369	5.3919	2.7492	2.7055	2.6499	3.5566	3.3049	3.0061	1.9198	1.6458	2.7224	3.3752	2.1423	0.51205	1.7444	1.1494	0.92974	1.8225	1.5162	0.77183	0.84707	3.3929	1.636	3.0185	0.70773	4.5182	2.9741	3.3901	3.5706	4.8153	8.3631	12.509
