1.35644 1.45691 1.3229 1.35753 1.45254 1.36041 1.43902 1.38499 1.34259 1.37804 1.42139 1.44504 1.33536 1.35168 1.56499 1.39678 1.378 1.52261 1.44316 1.53761 1.52444 1.24356 1.31142 1.51614 1.3314 1.32933 1.44098 1.23431 1.55463 1.44036 1.40302 1.41931 1.38132 1.52715 1.56794 1.44293 1.48237 1.39321 1.36797 1.42474 
0.330963 0.360255 0.338586 0.373081 0.410149 0.35347 0.388949 0.355886 0.302535 0.344633 0.379996 0.330285 0.330187 0.344552 0.343057 0.468246 0.318454 0.354838 0.373467 0.312962 0.333511 0.312806 0.295084 0.367174 0.318226 0.350775 0.388629 0.339642 0.359743 0.355386 0.44782 0.317571 0.334356 0.337507 0.328325 0.335793 0.328044 0.335845 0.276337 0.330854 
1.13783 1.12112 1.09625 1.15426 1.23619 1.10641 1.1546 1.28835 1.16981 1.24343 1.23197 1.00863 1.00176 0.947903 1.01193 0.926836 1.04304 0.890352 0.985535 1.08026 1.02729 1.18166 1.01435 1.12861 1.02633 1.06508 1.12004 1.17055 1.01637 1.17164 1.16348 1.14477 1.18199 1.07971 1.11345 1.11677 1.32512 1.0285 1.18779 1.06613 
1.08554 1.20083 1.03462 0.994201 1.22184 1.03245 1.28139 1.12005 1.16263 1.09392 0.962736 1.08968 1.00936 0.93938 1.01463 1.0782 1.0426 1.15136 1.24142 1.27548 1.15601 1.0675 0.990399 1.14681 1.04365 1.05853 1.25276 1.2102 1.19034 1.21934 1.00453 0.962601 1.04484 1.01529 1.12847 1.10827 1.08446 1.17686 1.21872 1.13927 
0.439197 0.430343 0.384791 0.410945 0.439301 0.450883 0.501516 0.424222 0.496969 0.428596 0.386368 0.4174 0.3544 0.383407 0.406598 0.398639 0.4174 0.437482 0.329393 0.42229 0.475719 0.456378 0.46556 0.434438 0.436237 0.429385 0.4731 0.411764 0.510282 0.469284 0.430351 0.51481 0.45871 0.427178 0.415317 0.434348 0.39785 0.42679 0.451708 0.468979 
0.252719 0.298397 0.255066 0.311238 0.260901 0.298529 0.272332 0.282663 0.304055 0.297632 0.238568 0.254098 0.286269 0.25878 0.315804 0.257468 0.255966 0.211142 0.309887 0.225859 0.313245 0.212459 0.232413 0.270705 0.215422 0.277548 0.287276 0.192815 0.254813 0.226582 0.318073 0.245287 0.252606 0.317981 0.261249 0.252414 0.184602 0.260531 0.226276 0.225142 
0.75846 0.699425 0.836854 0.758399 0.716429 0.749428 0.679339 0.659624 0.754315 0.688752 0.77319 0.683902 0.660107 0.813637 0.683668 0.701906 0.655176 0.844378 0.788457 0.748161 0.841936 0.848266 0.676277 0.722513 0.654557 0.83967 0.715733 0.708185 0.726643 0.767255 0.768124 0.738347 0.71518 0.811558 0.888572 0.686367 0.684146 0.710559 0.782463 0.808326 
0.749377 0.850813 0.847641 0.78456 0.835869 0.791587 0.849082 0.804833 0.825075 0.734333 1.01423 0.892423 0.804439 0.788072 0.854707 0.814994 0.87236 0.748962 0.774291 0.713519 0.775011 0.880069 0.895951 0.991567 0.764275 0.82706 0.759787 0.876133 0.963902 0.826679 0.859849 0.839252 0.808302 0.900665 0.828949 0.805671 0.810635 0.880359 0.878414 0.800119 
0.310279 0.230869 0.242859 0.27798 0.336635 0.236282 0.264196 0.298638 0.330629 0.236676 0.336337 0.301158 0.265095 0.269641 0.327972 0.262691 0.255845 0.382033 0.337274 0.389506 0.361145 0.358415 0.270695 0.311877 0.321618 0.225767 0.220362 0.288442 0.24711 0.303645 0.273231 0.295294 0.236828 0.329932 0.428778 0.346895 0.286502 0.266601 0.237871 0.341263 
0.991946 0.963902 1.00095 0.989577 0.993925 1.11059 1.00768 0.947077 0.957049 1.07965 1.01412 1.14793 0.982225 0.903623 0.93408 0.846361 0.902577 0.980829 0.902128 0.901081 0.922457 1.04085 1.07575 1.06811 1.13718 1.07508 0.978904 1.10325 1.03575 1.2441 0.987518 0.944897 0.966672 1.06299 1.06101 1.01778 1.03312 1.02639 0.850841 0.941502 
1.25343 1.20851 1.25141 1.19585 1.31408 1.19933 1.24661 1.31296 1.19133 1.1314 1.11416 1.12543 1.11526 1.02198 1.06884 1.22403 1.17283 1.11095 1.14039 1.40716 1.21896 1.27908 1.20183 1.23586 1.27589 1.51369 1.25214 1.41468 1.47331 1.23197 1.26489 1.24262 1.34655 1.27822 1.3533 1.26302 1.2594 1.19583 1.14055 1.17636 
0.0653619 0.0686445 0.0582175 0.0630461 0.103784 0.103089 0.112183 0.0743065 0.0698055 0.0706968 0.0662926 0.058215 0.071459 0.0711807 0.0604734 0.0713158 0.0651672 0.0588196 0.069554 0.0619348 0.0706816 0.0713801 0.0924339 0.0532328 0.0530947 0.0520951 0.064622 0.0629439 0.066626 0.0591798 0.105888 0.115097 0.0770352 0.0684952 0.0718964 0.063164 0.0633473 0.123303 0.131028 0.0683953 
0.493567 0.439212 0.481929 0.454978 0.502937 0.574735 0.561887 0.494476 0.452345 0.505631 0.500089 0.421259 0.483797 0.369981 0.428761 0.345185 0.462055 0.419854 0.517426 0.407685 0.464772 0.368263 0.502549 0.406112 0.50445 0.438306 0.549327 0.505095 0.461274 0.477378 0.452445 0.508044 0.477087 0.572701 0.394254 0.524169 0.453509 0.517257 0.507744 0.437622 
1.2616 1.07168 1.12158 1.08907 1.09957 1.06383 1.07274 1.01129 1.0432 1.14352 1.14287 1.04738 1.04797 1.08876 0.86916 0.980829 1.05159 1.15242 1.0116 1.05994 1.17942 1.24256 1.14356 1.10395 1.12573 1.07225 1.11777 1.28847 1.16938 1.22651 1.11932 1.16175 1.17293 1.04653 1.11379 0.925966 0.936273 1.16338 1.11702 1.10295 
0.366051 0.427619 0.46119 0.511183 0.522561 0.38663 0.494589 0.485234 0.440089 0.544879 0.469707 0.486655 0.510826 0.526017 0.500588 0.485361 0.461599 0.555901 0.448099 0.477237 0.526006 0.530527 0.499321 0.567638 0.586644 0.580235 0.467901 0.571565 0.560135 0.499929 0.488646 0.522359 0.586987 0.492565 0.501043 0.563584 0.528983 0.493804 0.487528 0.536801 
0.396743 0.427346 0.435411 0.401785 0.403497 0.426375 0.339333 0.382849 0.410891 0.345637 0.377034 0.370238 0.46718 0.382931 0.437957 0.388463 0.366204 0.424819 0.396667 0.369496 0.304113 0.419772 0.457833 0.410478 0.350807 0.384552 0.33125 0.426743 0.38054 0.358582 0.322149 0.38771 0.468659 0.320908 0.393225 0.372879 0.383997 0.337662 0.39269 0.435152 
0.186044 0.13627 0.134747 0.175316 0.128874 0.128346 0.19244 0.178963 0.147946 0.187329 0.140606 0.146967 0.139623 0.141897 0.126796 0.193816 0.18521 0.129339 0.138683 0.126963 0.121907 0.12369 0.129271 0.137667 0.199824 0.122511 0.124665 0.209216 0.135674 0.143805 0.132972 0.145846 0.187501 0.216786 0.137775 0.0997611 0.124088 0.197293 0.195407 0.183197 
0.651002 0.547231 0.659106 0.651085 0.627113 0.599859 0.681601 0.819822 0.707405 0.717245 0.67181 0.648609 0.557325 0.56665 0.702927 0.845312 0.716736 0.702479 0.807923 0.751303 0.875806 0.825458 0.883403 0.712308 0.765547 0.669253 0.750855 0.619366 0.779889 0.781854 0.767452 0.760399 0.663895 0.775983 0.650213 0.737066 0.790521 0.732368 0.694964 0.775637 
0.525813 0.478788 0.54047 0.575599 0.54709 0.542936 0.541946 0.56407 0.594596 0.546947 0.599859 0.578648 0.589267 0.528169 0.561684 0.518298 0.523588 0.546029 0.481068 0.646112 0.557077 0.590838 0.669122 0.600365 0.604757 0.534677 0.565619 0.523838 0.63152 0.51429 0.609033 0.580108 0.591867 0.542679 0.546141 0.551295 0.573524 0.575485 0.482506 0.537116 
0.830459 0.911347 0.736822 0.83577 0.881548 0.956497 0.81682 0.946144 0.954939 0.865159 0.940905 0.853885 0.796057 0.950658 0.825353 0.717927 0.753597 0.848812 0.91913 1.0165 1.10239 0.856219 0.858733 0.873496 0.930475 0.83662 1.03543 0.967117 0.879601 0.938891 1.01121 0.858918 0.957059 0.808172 0.857371 1.02509 0.944729 0.866658 0.878595 0.905494 
0.104548 0.0864884 0.0846792 0.155317 0.13669 0.0973502 0.0887782 0.0973485 0.090342 0.096316 0.0999529 0.0975386 0.0902438 0.0927305 0.0929647 0.101405 0.0872929 0.13794 0.141492 0.0868884 0.0737176 0.0968927 0.0900698 0.0968051 0.146685 0.142744 0.0934298 0.071167 0.091066 0.0786511 0.0683423 0.0758553 0.0911168 0.145315 0.153377 0.089895 0.0910408 0.135138 0.145427 0.0973661 
0.523521 0.567136 0.438186 0.472949 0.527327 0.460901 0.530628 0.539334 0.426681 0.466219 0.555435 0.521837 0.512169 0.590309 0.454179 0.465464 0.407785 0.395313 0.437248 0.494603 0.471423 0.450686 0.408645 0.549898 0.467752 0.47876 0.509948 0.593495 0.492476 0.462532 0.559281 0.480825 0.486739 0.504464 0.545711 0.479049 0.591399 0.447247 0.641512 0.431761 
0.948208 1.00162 0.889639 1.00449 1.16049 0.944875 1.05904 1.02112 1.08563 1.08412 0.842634 1.15108 1.05737 1.00923 1.07216 1.00561 1.09861 0.918158 1.03371 1.01119 1.0599 1.12227 1.12093 1.06171 1.07178 0.97651 1.2649 1.26851 0.97254 1.01317 1.1671 0.977831 0.941247 1.06549 0.935917 1.09742 0.981618 1.06514 1.05263 1.01384 
0.727739 0.62783 0.721252 0.784581 0.63879 0.609732 0.695644 0.712058 0.573157 0.626117 0.659074 0.64828 0.607325 0.685979 0.630263 0.649975 0.668534 0.600916 0.67823 0.607714 0.607258 0.593733 0.765027 0.639478 0.700193 0.694951 0.607824 0.770337 0.824374 0.837012 0.687195 0.641707 0.65295 0.725937 0.732412 0.788711 0.750941 0.694178 0.75579 0.735209 
0.571565 0.63845 0.603199 0.621174 0.735707 0.600863 0.673539 0.606533 0.652014 0.598117 0.72438 0.598531 0.621971 0.640548 0.624308 0.587575 0.566504 0.596182 0.510394 0.557015 0.613621 0.659861 0.642837 0.655947 0.766906 0.555789 0.678907 0.604034 0.736444 0.60859 0.615398 0.666103 0.624018 0.685996 0.636922 0.66123 0.747693 0.676458 0.611165 0.602968 
0.261448 0.201673 0.239526 0.197359 0.239096 0.24199 0.30183 0.260876 0.233818 0.249909 0.249516 0.184228 0.263944 0.257023 0.196807 0.183087 0.261751 0.188993 0.246258 0.253921 0.189711 0.183565 0.213361 0.215032 0.233031 0.168532 0.247922 0.269046 0.204265 0.308857 0.211743 0.253684 0.324835 0.250028 0.307378 0.198501 0.260031 0.180884 0.294151 0.249304 
0.284104 0.277197 0.277236 0.319927 0.223345 0.275239 0.29986 0.262897 0.259638 0.267292 0.275887 0.213892 0.256937 0.268732 0.277735 0.268775 0.268128 0.266824 0.322318 0.257498 0.264413 0.303732 0.245866 0.255347 0.218953 0.254629 0.241878 0.207057 0.229282 0.220609 0.313259 0.271934 0.337158 0.34505 0.328216 0.341801 0.269577 0.273202 0.277583 0.314249 
0.782701 0.6353 0.661665 0.673645 0.659163 0.690769 0.576441 0.694867 0.620692 0.731649 0.63908 0.724097 0.663661 0.750579 0.716296 0.745454 0.74415 0.731207 0.652278 0.659334 0.716613 0.607737 0.635472 0.641173 0.680568 0.56209 0.673175 0.590439 0.730221 0.669994 0.705493 0.728719 0.660408 0.571154 0.634878 0.71214 0.801529 0.6449 0.604001 0.742097 
0.83933 0.805264 0.834647 0.818052 0.95497 0.78324 0.938152 0.823618 0.9273 0.729757 0.945013 0.928909 0.770615 0.756587 0.783394 0.985659 0.853885 0.623589 0.914565 0.861104 0.968671 0.90624 0.904169 0.899042 0.863773 0.795315 0.764549 0.771692 0.703439 0.735652 0.769643 0.940425 0.784061 0.711666 0.854743 0.779209 1.04586 0.991118 0.652626 0.895774 
0.162669 0.259613 0.203901 0.171777 0.262602 0.248316 0.278487 0.251599 0.260631 0.258585 0.196049 0.252496 0.249059 0.277885 0.186026 0.203365 0.276826 0.255554 0.184466 0.254386 0.186454 0.197548 0.186877 0.279696 0.209937 0.277676 0.204509 0.266283 0.271979 0.183603 0.20554 0.187367 0.280474 0.292604 0.261338 0.196748 0.1979 0.20209 0.184021 0.190388 
0.379291 0.469816 0.377746 0.429036 0.523456 0.425935 0.393742 0.435983 0.393599 0.524524 0.428455 0.532052 0.513836 0.366018 0.359763 0.325422 0.365556 0.425317 0.400608 0.375769 0.359439 0.414245 0.422501 0.570287 0.560503 0.493958 0.434115 0.614646 0.46129 0.536493 0.481718 0.442382 0.48746 0.510352 0.500478 0.491643 0.424755 0.414315 0.475575 0.582325 
0.319334 0.366196 0.342828 0.39924 0.420377 0.403947 0.408366 0.395166 0.392377 0.403597 0.349758 0.407488 0.415345 0.385662 0.311194 0.374612 0.419705 0.479719 0.333425 0.410331 0.361957 0.412889 0.400463 0.414267 0.483557 0.421213 0.487865 0.321615 0.512548 0.379269 0.308066 0.396566 0.425096 0.344552 0.406746 0.48468 0.405465 0.442475 0.412353 0.390026 
0.597192 0.566542 0.615786 0.617817 0.637668 0.615059 0.643912 0.655154 0.632675 0.64545 0.652551 0.546209 0.637952 0.527293 0.583608 0.546083 0.601402 0.572574 0.683432 0.769573 0.68273 0.737505 0.672025 0.655095 0.671305 0.652173 0.593553 0.760399 0.651801 0.583629 0.729515 0.773777 0.764366 0.690567 0.65764 0.612805 0.682698 0.635388 0.61286 0.621491 
0.331825 0.457909 0.420749 0.441304 0.395045 0.378496 0.37005 0.354239 0.390914 0.41708 0.473268 0.331268 0.452097 0.440898 0.392076 0.404496 0.426961 0.433581 0.397743 0.391361 0.440456 0.538313 0.385993 0.41198 0.450351 0.345873 0.38011 0.419934 0.469019 0.514268 0.491609 0.481131 0.490715 0.405465 0.437599 0.426905 0.521952 0.500044 0.384284 0.430064 
0.35303 0.317408 0.378624 0.364396 0.38587 0.32966 0.313114 0.42028 0.326542 0.366023 0.368965 0.387992 0.369796 0.367113 0.425331 0.314201 0.269386 0.374478 0.3729 0.294855 0.372527 0.491686 0.345777 0.310821 0.380486 0.331699 0.280657 0.446347 0.345349 0.441161 0.423391 0.347113 0.363885 0.375979 0.272183 0.37425 0.319098 0.375543 0.420608 0.415683 
1.50599 1.24375 1.30549 1.35738 1.38244 1.41844 1.22918 1.26119 1.35475 1.22989 1.48027 1.25543 1.22427 1.32008 1.22611 1.2646 1.24529 1.23492 1.16281 1.31547 1.19662 1.2659 1.48004 1.55166 1.52415 1.17927 1.44649 1.25538 1.41267 1.50548 1.24009 1.14089 1.44325 1.39321 1.22011 1.1392 1.43019 1.44838 1.31596 1.43321 
0.405465 0.537687 0.518172 0.367345 0.333671 0.428538 0.336472 0.430201 0.332585 0.438075 0.366356 0.407913 0.488638 0.493387 0.491907 0.373164 0.516565 0.432392 0.48459 0.402981 0.426455 0.429857 0.335326 0.442279 0.559616 0.468675 0.396119 0.489673 0.364991 0.528301 0.372185 0.515722 0.333895 0.397831 0.371694 0.446801 0.448342 0.364762 0.465184 0.355551 
0.55074 0.472173 0.472359 0.503989 0.50479 0.500244 0.502816 0.460556 0.484104 0.522053 0.445663 0.556791 0.381842 0.591298 0.440355 0.489772 0.540753 0.406117 0.454702 0.454406 0.540591 0.504033 0.474916 0.375312 0.39444 0.426879 0.417616 0.563324 0.547769 0.558905 0.508005 0.413163 0.518689 0.482852 0.561432 0.538812 0.520206 0.546544 0.406972 0.47343 
1.02376 1.18695 1.18778 1.03799 1.1216 1.15123 1.00203 1.15735 1.02355 1.33403 1.10987 1.20475 1.18434 1.14714 1.172 1.09743 1.08664 1.04249 1.09596 1.10288 1.18747 0.982117 0.980829 1.28023 1.06936 1.21802 1.20589 1.04292 1.02181 1.15893 1.2204 1.13072 1.00955 1.0425 1.18472 1.05315 1.12015 1.21159 1.10317 1.00351 
0.484952 0.690631 0.581277 0.59393 0.622432 0.537094 0.604661 0.661196 0.685128 0.631309 0.551211 0.601849 0.647845 0.670946 0.608806 0.684655 0.522121 0.582944 0.694348 0.656084 0.586604 0.519875 0.65632 0.707863 0.67744 0.700978 0.651888 0.652576 0.739733 0.631924 0.686782 0.584231 0.713033 0.627095 0.610612 0.586049 0.631272 0.664748 0.662296 0.714399 
