0.190385 0.000000 1.107835 1.039550 0.000000 1.006334 1.024759 0.000000 0.000000 1.126173 1.005653 0.000000 1.164208 0.000000 0.000000 0.000000 0.000000 1.186982 0.000000 1.085338 0.000000 0.000000 0.000000 0.000000 0.000000 0.000000 0.000000 0.000000 0.000000 0.000000 1.183972 0.000000 0.000000 0.000000 1.221267 0.000000 1.310890 0.000000 0.000000 0.000000
0.134555 0.000000 1.099406 0.344726 0.000000 0.099350 0.000000 0.000000 0.000000 0.000000 0.000000 0.000000 0.000000 0.000000 0.000000 0.000000 0.288490 0.000000 0.000000 0.000000 0.000000 0.227824 0.000000 0.180689 0.000000 0.000000 0.000000 0.297870 0.000000 0.000000 0.000000 0.243540 0.466814 0.349462 0.000000 0.000000 0.000000 0.000000 0.000000 0.271012
1.171898 1.562982 0.374521 1.081470 1.419569 0.179739 0.313034 0.000000 1.282187 0.294575 0.000000 1.400596 0.000000 0.323130 0.000000 1.235383 0.000000 0.407279 1.394819 0.184053 0.000000 0.000000 0.000000 1.091562 0.000000 1.001868 0.000000 0.000000 0.392833 0.000000 0.000000 0.000000 0.000000 0.000000 1.402903 0.000000 1.238327 0.252874 1.410137 0.999654
0.850295 0.000000 1.400815 0.156973 1.185272 0.759373 1.110786 1.390884 0.000000 0.000000 0.000000 0.000000 1.325796 1.262054 0.000000 1.274229 0.243794 0.000000 0.000000 0.000000 1.236300 1.217059 1.357876 0.000000 0.000000 0.303176 0.000000 0.223564 0.000000 1.365897 0.000000 1.051317 0.000000 0.000000 0.000000 0.000000 0.000000 0.000000 0.000000 0.000000
0.000000 0.000000 0.000000 0.557946 0.000000 0.000000 0.000000 0.000000 0.000000 0.000000 0.000000 1.213625 0.000000 0.780107 0.000000 0.000000 0.000000 0.000000 0.000000 0.000000 0.000000 0.000000 0.000000 0.000000 0.000000 0.000000 0.000000 0.750043 1.062267 0.000000 0.000000 0.000000 0.000000 0.000000 0.000000 0.000000 0.000000 0.833521 0.000000 0.000000
1.130918 0.000000 0.000000 1.007084 0.000000 0.311047 0.000000 0.000000 0.000000 1.045471 0.000000 0.000000 0.000000 0.000000 1.320286 0.000000 0.000000 0.000000 1.211951 0.000000 0.000000 0.000000 0.000000 0.000000 0.159275 0.000000 0.000000 0.000000 0.000000 0.000000 0.000000 0.000000 0.000000 0.000000 0.000000 0.000000 0.000000 0.000000 1.205053 0.000000
0.969532 0.000000 0.000000 1.158803 0.000000 0.000000 0.000000 0.890822 0.000000 0.000000 1.116752 0.000000 0.000000 0.000000 0.000000 0.000000 0.994016 0.000000 0.000000 0.000000 0.000000 0.000000 0.000000 0.000000 0.000000 0.000000 0.000000 0.000000 0.000000 0.000000 0.000000 0.000000 0.000000 1.151242 0.000000 0.000000 0.000000 0.000000 0.000000 0.000000
0.000000 0.000000 0.000000 1.096370 0.000000 0.103980 1.175669 0.000000 1.351674 0.000000 0.000000 0.000000 0.000000 0.344463 0.000000 0.000000 1.125684 0.000000 0.000000 0.000000 0.000000 0.196109 0.000000 0.000000 1.282813 0.000000 0.328527 0.000000 0.000000 0.000000 0.000000 0.000000 0.000000 0.000000 0.000000 0.000000 0.000000 0.269541 0.000000 0.000000
0.000000 0.000000 1.057450 0.000000 0.000000 0.200241 0.000000 1.122759 0.000000 0.000000 0.000000 0.000000 0.000000 0.000000 0.000000 0.000000 0.000000 0.000000 0.000000 0.000000 0.000000 0.000000 0.000000 0.000000 0.000000 0.000000 0.000000 0.000000 0.000000 0.000000 0.000000 0.000000 0.000000 0.000000 0.000000 0.000000 0.000000 0.000000 0.000000 0.000000
0.728241 0.000000 0.000000 0.000000 0.000000 0.633252 0.000000 0.000000 0.000000 0.386768 0.000000 0.000000 0.000000 0.000000 0.983847 0.000000 0.000000 0.000000 0.000000 0.907061 0.000000 0.000000 0.000000 0.000000 0.000000 0.000000 0.000000 0.000000 0.000000 0.902619 1.081100 0.000000 0.918963 0.000000 0.000000 0.000000 0.000000 0.000000 0.000000 0.000000
0.996459 0.000000 0.000000 0.000000 0.000000 0.000000 1.096343 0.000000 0.000000 0.000000 0.000000 0.000000 0.000000 0.000000 0.000000 0.000000 0.000000 0.000000 0.000000 0.000000 0.000000 0.000000 0.000000 0.000000 0.000000 0.000000 0.000000 0.000000 0.000000 0.000000 0.000000 0.000000 0.000000 0.000000 0.000000 0.000000 0.000000 0.000000 0.000000 0.000000
0.000000 0.000000 1.291676 0.000000 1.031212 0.000000 0.000000 0.000000 0.000000 0.000000 0.000000 0.000000 0.000000 0.000000 0.000000 0.000000 0.000000 0.000000 0.000000 0.000000 0.000000 0.000000 0.000000 0.000000 0.000000 0.000000 0.000000 0.000000 0.933388 0.000000 0.000000 0.000000 0.000000 0.000000 0.000000 0.000000 0.000000 0.000000 0.000000 0.000000
1.234763 0.000000 0.000000 1.270599 0.000000 0.183066 0.000000 0.000000 0.000000 0.000000 0.000000 0.000000 0.000000 0.000000 0.000000 0.000000 0.000000 0.000000 0.000000 0.111791 0.000000 0.000000 0.000000 0.000000 0.000000 0.000000 0.000000 0.000000 0.000000 0.000000 0.000000 0.100646 0.000000 0.206824 0.000000 0.000000 0.000000 0.275367 0.000000 0.000000
0.000000 0.000000 0.000000 0.761738 0.902620 0.000000 0.000000 0.000000 0.000000 0.000000 0.000000 0.000000 0.000000 0.000000 0.000000 0.000000 0.000000 0.000000 0.000000 0.000000 1.024774 0.000000 0.000000 0.000000 0.000000 0.000000 0.000000 1.089982 0.000000 0.000000 0.000000 0.000000 0.000000 1.084365 0.000000 0.000000 0.000000 0.000000 0.000000 0.000000
0.000000 0.000000 0.000000 0.000000 0.000000 0.976499 0.000000 0.000000 0.000000 1.043983 0.000000 0.000000 0.000000 0.000000 0.000000 0.000000 0.000000 1.412901 0.000000 0.000000 0.000000 1.089564 0.000000 0.000000 0.000000 0.000000 0.000000 0.000000 0.000000 0.000000 0.000000 0.000000 0.000000 0.293322 0.000000 0.000000 0.000000 0.000000 0.000000 0.000000
0.000000 0.000000 1.068660 1.026443 0.000000 0.000000 0.000000 0.000000 0.000000 0.000000 0.000000 0.000000 0.000000 0.000000 0.000000 0.000000 0.000000 0.000000 0.000000 0.000000 0.000000 0.000000 0.000000 0.000000 0.000000 0.000000 0.000000 0.000000 0.000000 0.000000 0.000000 0.000000 0.000000 0.000000 0.000000 0.000000 0.000000 0.000000 0.000000 0.000000
0.000000 0.000000 0.000000 0.000000 0.000000 0.000000 1.012995 0.000000 0.000000 0.000000 0.000000 0.000000 0.000000 0.000000 0.000000 0.000000 0.000000 0.000000 0.000000 0.000000 0.000000 0.000000 0.000000 0.000000 0.000000 0.000000 0.000000 0.000000 0.000000 0.000000 0.000000 0.000000 0.000000 0.000000 0.000000 0.000000 0.000000 0.000000 0.000000 0.000000
0.764163 0.000000 0.000000 0.000000 0.000000 0.000000 0.000000 0.000000 0.000000 0.000000 0.000000 0.000000 0.000000 0.000000 1.329453 0.000000 0.000000 0.000000 0.000000 0.000000 0.000000 0.000000 0.000000 0.000000 0.000000 0.000000 0.000000 0.000000 0.000000 0.000000 0.000000 0.000000 0.000000 0.000000 0.000000 1.400998 0.000000 0.000000 0.000000 0.000000
0.000000 0.000000 1.066583 0.000000 0.000000 1.057796 0.000000 0.000000 0.000000 0.000000 0.000000 0.000000 0.000000 0.000000 0.000000 0.000000 0.000000 0.000000 0.000000 0.000000 0.000000 0.000000 0.000000 0.000000 0.337069 0.292133 0.000000 0.000000 0.000000 0.000000 0.427877 0.000000 0.000000 0.000000 0.000000 0.000000 0.000000 0.000000 0.000000 0.000000
0.981253 0.000000 0.000000 0.000000 0.000000 0.000000 0.000000 0.000000 0.000000 1.078963 0.000000 0.000000 0.000000 0.000000 0.000000 0.000000 0.000000 0.000000 0.000000 0.000000 0.000000 0.000000 1.055341 0.000000 0.000000 0.000000 0.000000 0.000000 0.000000 0.000000 0.000000 1.126326 0.000000 0.000000 0.000000 0.000000 0.000000 0.000000 0.000000 0.000000
0.000000 0.000000 0.000000 0.837378 0.000000 0.000000 0.000000 0.000000 0.000000 0.000000 0.000000 0.000000 0.000000 0.862930 0.000000 0.000000 0.000000 0.000000 0.000000 0.000000 0.000000 0.000000 0.000000 1.176302 0.000000 0.743404 0.000000 0.000000 0.000000 0.000000 0.000000 0.000000 0.000000 0.000000 0.000000 0.000000 0.000000 0.000000 0.000000 0.000000
0.000000 0.000000 0.000000 1.016385 0.000000 0.000000 0.000000 0.000000 0.000000 0.176457 0.000000 0.000000 0.000000 0.152221 1.273015 0.000000 0.000000 0.000000 0.000000 0.000000 0.000000 0.000000 0.000000 0.000000 1.059566 0.000000 1.033167 0.000000 0.000000 0.000000 0.000000 0.228968 0.000000 0.000000 0.000000 0.000000 0.000000 0.000000 0.000000 0.000000
0.000000 0.000000 0.000000 1.222942 0.000000 0.000000 0.000000 0.000000 0.000000 0.000000 0.000000 0.000000 0.000000 0.211149 0.000000 0.000000 0.000000 0.000000 0.000000 1.032311 0.000000 0.000000 0.000000 0.000000 0.000000 0.000000 0.270973 0.257394 0.000000 0.000000 0.000000 0.000000 0.000000 0.000000 0.000000 0.000000 0.000000 1.112789 0.000000 1.094211
0.267015 0.000000 1.126704 0.000000 0.000000 0.000000 0.000000 0.000000 0.000000 0.000000 0.000000 0.000000 0.000000 0.000000 0.000000 0.000000 0.000000 0.000000 0.000000 0.000000 1.308919 0.000000 0.000000 0.000000 0.000000 0.177106 1.108632 0.000000 0.000000 0.000000 0.000000 0.000000 0.000000 0.000000 0.000000 0.000000 0.000000 0.000000 0.000000 0.131501
0.000000 0.000000 0.000000 0.000000 0.000000 0.000000 0.000000 1.367514 0.000000 0.163494 0.000000 0.000000 0.000000 0.000000 0.000000 0.000000 0.000000 0.000000 0.000000 0.000000 0.000000 0.975358 0.000000 0.000000 0.000000 0.000000 0.000000 0.000000 0.000000 0.000000 0.000000 0.000000 0.000000 0.000000 0.000000 0.000000 0.000000 0.000000 0.000000 0.000000
0.000000 0.000000 0.824093 0.000000 0.000000 0.000000 0.000000 0.000000 0.000000 0.000000 0.000000 0.000000 0.000000 0.000000 0.000000 0.000000 0.000000 0.000000 0.000000 0.000000 1.146726 0.000000 0.000000 0.000000 0.000000 0.000000 0.000000 0.000000 0.000000 0.000000 0.000000 0.000000 0.000000 0.000000 0.000000 0.000000 0.000000 0.000000 0.000000 0.000000
0.000000 0.000000 0.000000 0.000000 0.000000 0.000000 0.000000 0.000000 0.000000 0.000000 0.000000 0.000000 0.000000 0.000000 0.000000 0.000000 0.000000 0.000000 0.000000 0.000000 0.000000 1.128518 0.000000 1.117734 0.000000 0.000000 0.000000 0.000000 0.000000 0.000000 0.000000 0.000000 0.000000 0.000000 0.000000 0.000000 0.000000 0.000000 0.000000 0.000000
0.000000 0.000000 0.000000 0.000000 0.785569 0.000000 0.000000 0.000000 0.000000 0.000000 0.000000 0.000000 0.000000 0.846679 0.000000 0.000000 0.000000 0.000000 0.000000 0.000000 0.000000 0.000000 0.000000 0.000000 0.000000 0.000000 0.000000 0.000000 0.000000 0.000000 0.000000 0.000000 0.000000 0.000000 0.000000 0.000000 0.000000 0.000000 0.000000 0.000000
0.000000 0.000000 0.000000 0.000000 0.999388 0.000000 0.000000 0.000000 0.000000 0.000000 0.000000 0.841267 0.000000 0.000000 0.000000 0.000000 0.000000 0.000000 0.000000 0.000000 0.000000 0.000000 0.000000 0.000000 0.000000 0.000000 0.000000 0.000000 0.000000 0.000000 0.000000 0.000000 0.000000 0.000000 0.000000 0.000000 0.000000 0.000000 0.000000 0.000000
0.316835 0.000000 0.000000 1.185773 0.000000 0.000000 0.000000 0.000000 0.000000 1.136548 0.000000 0.000000 0.000000 0.000000 0.000000 0.000000 0.000000 0.000000 0.000000 0.274291 0.000000 0.000000 0.000000 0.000000 0.000000 0.000000 0.000000 0.000000 0.000000 0.000000 0.000000 0.000000 0.983087 0.000000 0.000000 0.000000 0.000000 0.000000 0.000000 0.274710
1.158130 0.000000 0.000000 0.000000 0.000000 0.142013 0.246412 0.000000 0.000000 0.959872 0.000000 0.000000 0.000000 0.000000 0.000000 0.000000 0.000000 0.000000 0.000000 0.240794 0.000000 0.000000 0.000000 0.000000 0.000000 0.000000 0.000000 0.000000 0.000000 0.000000 0.000000 0.000000 0.000000 0.000000 0.000000 0.000000 0.000000 0.000000 0.000000 0.000000
0.000000 0.000000 0.000000 0.862211 0.000000 0.000000 0.000000 0.000000 0.000000 0.000000 0.000000 0.000000 0.000000 0.000000 0.000000 0.000000 0.000000 0.000000 0.000000 1.088117 0.000000 0.000000 0.000000 0.000000 0.000000 0.000000 0.000000 0.000000 0.000000 0.000000 0.000000 0.000000 0.000000 0.000000 0.000000 0.000000 0.000000 0.000000 0.000000 0.000000
0.000000 0.000000 0.000000 0.000000 0.000000 0.193193 0.000000 0.000000 0.000000 0.861599 0.000000 0.000000 0.000000 0.000000 0.000000 0.000000 0.000000 0.000000 0.000000 0.000000 0.000000 0.000000 0.000000 0.000000 0.000000 0.000000 0.293079 0.000000 0.000000 1.359299 0.000000 0.000000 0.378021 0.000000 0.000000 0.000000 0.000000 0.000000 0.000000 0.000000
0.000000 0.000000 0.000000 0.000000 0.000000 0.000000 0.852149 0.000000 0.000000 0.000000 0.000000 0.000000 0.000000 0.870917 0.000000 0.000000 0.000000 0.000000 0.000000 0.000000 0.000000 0.000000 0.000000 0.000000 0.000000 0.000000 0.000000 0.000000 0.000000 0.000000 0.000000 0.000000 0.000000 0.000000 0.000000 0.000000 0.000000 0.000000 0.000000 0.000000
1.019837 0.000000 1.064681 0.000000 0.000000 0.000000 0.000000 0.000000 0.000000 0.000000 0.439102 0.000000 0.000000 0.000000 0.000000 0.000000 0.000000 0.000000 0.000000 0.000000 0.000000 0.000000 0.000000 0.000000 0.000000 0.000000 0.000000 0.000000 0.000000 0.000000 0.000000 0.000000 0.000000 0.000000 0.000000 0.000000 0.000000 0.000000 0.000000 0.000000
0.000000 0.000000 0.000000 0.000000 0.000000 0.000000 0.000000 0.000000 0.000000 0.000000 0.000000 0.000000 0.000000 0.000000 0.000000 0.000000 1.171302 0.964044 0.000000 0.000000 0.000000 0.000000 0.000000 0.000000 0.000000 0.000000 0.000000 0.000000 0.000000 0.000000 0.000000 0.000000 0.000000 0.000000 0.000000 0.000000 0.000000 0.000000 0.000000 0.000000
0.849695 0.000000 1.306884 0.000000 0.000000 0.054145 0.000000 0.000000 0.000000 0.000000 0.000000 0.000000 0.000000 0.000000 0.000000 0.000000 0.000000 0.000000 0.000000 0.000000 0.000000 0.000000 0.000000 0.000000 0.000000 0.000000 0.000000 0.000000 0.000000 0.000000 0.000000 0.000000 0.000000 0.000000 0.000000 0.000000 0.000000 0.000000 0.000000 0.000000
0.000000 0.000000 0.000000 0.000000 1.282385 0.000000 0.000000 0.000000 0.000000 0.000000 0.000000 0.000000 0.000000 0.000000 0.000000 0.000000 0.000000 0.000000 0.000000 0.000000 0.000000 0.000000 1.209169 0.000000 0.000000 0.000000 0.000000 0.000000 0.000000 0.000000 0.000000 0.000000 0.000000 0.000000 0.000000 0.000000 0.000000 0.220740 0.000000 0.000000
0.000000 0.000000 0.708612 0.000000 0.000000 0.971394 0.000000 0.000000 0.000000 0.000000 0.000000 0.000000 0.000000 0.000000 0.000000 0.000000 0.000000 0.000000 0.000000 0.000000 0.000000 0.000000 0.000000 0.000000 0.000000 0.000000 0.000000 0.000000 0.000000 0.000000 0.000000 0.000000 0.000000 0.000000 0.000000 0.000000 0.000000 0.000000 0.000000 0.000000
0.000000 0.000000 1.150474 0.000000 0.000000 0.000000 0.000000 0.000000 0.000000 0.000000 0.000000 0.000000 0.000000 0.000000 0.000000 0.000000 0.000000 0.000000 0.000000 0.000000 0.000000 0.000000 0.971396 0.154214 0.000000 0.000000 0.000000 0.000000 0.000000 0.000000 0.000000 0.000000 0.000000 0.000000 0.000000 0.000000 0.000000 0.000000 0.000000 0.000000
