0.000000 0.000000 1.045749 0.998542 0.000000 1.109573 1.009254 0.000000 0.000000 1.210679 0.962049 0.000000 1.150234 0.000000 0.000000 0.000000 0.000000 1.418404 0.000000 1.119729 0.000000 0.000000 0.000000 0.130244 0.000000 0.000000 0.000000 0.000000 0.000000 0.000000 1.010163 0.000000 0.000000 0.000000 1.180815 0.000000 1.277085 0.000000 0.000000 0.000000
0.182027 0.000000 1.289468 0.391051 0.000000 0.026710 0.000000 0.000000 0.000000 0.000000 0.000000 0.000000 0.000000 0.000000 0.000000 0.000000 0.000000 0.000000 0.000000 0.000000 0.000000 0.000000 0.000000 0.148231 0.000000 0.000000 0.000000 0.285122 0.000000 0.000000 0.000000 0.217355 0.469678 0.358884 0.000000 0.000000 0.000000 0.000000 0.000000 0.000000
1.149298 1.578968 0.207496 1.065794 1.606014 0.238102 0.298427 0.000000 1.299247 0.285469 0.000000 1.421612 0.000000 0.338616 0.000000 1.247931 0.000000 0.000000 1.386704 0.000000 0.000000 0.000000 0.000000 1.049198 0.000000 0.966350 0.000000 0.000000 0.429941 0.000000 0.000000 0.000000 0.000000 0.000000 1.414428 0.000000 1.223347 0.260903 1.416160 1.289702
0.964799 0.000000 1.298103 0.159898 1.157363 0.915231 1.083299 1.456563 0.000000 0.000000 0.000000 0.000000 1.322271 1.255341 0.363155 1.252381 0.000000 0.000000 0.000000 0.000000 1.260243 1.418836 1.372103 0.000000 0.000000 0.335715 0.000000 0.229141 0.000000 1.377132 0.000000 1.068853 0.000000 0.000000 0.000000 0.000000 0.000000 0.000000 0.000000 0.000000
0.000000 0.000000 0.535014 0.605219 0.000000 0.000000 0.000000 0.000000 0.000000 0.000000 0.000000 1.224831 0.000000 0.789252 0.000000 0.000000 0.000000 0.000000 0.000000 0.000000 0.000000 0.000000 0.000000 0.000000 0.000000 0.000000 0.000000 0.763647 1.070616 0.000000 0.000000 0.000000 0.000000 0.000000 0.000000 0.000000 0.000000 0.877368 0.000000 0.000000
1.230982 0.000000 0.000000 1.018181 0.000000 0.285184 0.136057 0.000000 0.000000 1.161872 0.000000 0.000000 0.000000 0.000000 1.110680 0.000000 0.000000 0.000000 1.180849 0.000000 0.000000 0.000000 0.000000 0.000000 0.185745 0.000000 0.000000 0.000000 0.000000 0.000000 0.000000 0.000000 0.000000 0.000000 0.000000 0.000000 0.000000 0.000000 1.196451 0.000000
0.990093 0.000000 0.000000 1.157593 0.000000 0.000000 0.000000 0.933292 0.000000 0.000000 1.104838 0.000000 0.000000 0.000000 0.000000 0.000000 1.264692 0.000000 0.000000 0.000000 0.000000 0.000000 0.000000 0.000000 0.000000 0.000000 0.000000 0.000000 0.000000 0.000000 0.000000 0.000000 0.000000 1.182285 0.000000 0.000000 0.000000 0.000000 0.000000 0.000000
0.000000 0.000000 0.000000 1.096058 0.000000 0.000000 1.131606 0.000000 1.321912 0.000000 0.000000 0.000000 0.000000 0.335499 0.000000 0.000000 1.342741 0.000000 0.000000 0.000000 0.000000 0.000000 0.000000 0.000000 1.264979 0.000000 0.282357 0.000000 0.000000 0.000000 0.000000 0.000000 0.000000 0.000000 0.000000 0.000000 0.000000 0.000000 0.000000 0.000000
0.000000 0.000000 1.085653 0.000000 0.000000 0.182186 0.000000 1.024371 0.000000 0.000000 0.000000 0.000000 0.000000 0.000000 0.000000 0.000000 0.000000 0.000000 0.000000 0.000000 0.000000 0.000000 0.000000 0.000000 0.000000 0.000000 0.000000 0.000000 0.000000 0.000000 0.000000 0.000000 0.000000 0.000000 0.000000 0.000000 0.000000 0.000000 0.000000 0.000000
0.810894 0.000000 0.000000 0.000000 0.000000 0.710613 0.000000 0.000000 0.000000 0.236178 0.000000 0.000000 0.000000 0.000000 0.738770 0.000000 0.000000 0.000000 0.000000 0.861084 0.000000 0.000000 0.000000 0.000000 0.000000 0.000000 0.000000 0.000000 0.000000 0.820181 1.052883 0.000000 0.847055 0.000000 0.000000 0.000000 0.000000 0.000000 0.000000 0.000000
1.020403 0.000000 0.000000 0.000000 0.000000 0.000000 1.112414 0.000000 0.000000 0.000000 0.000000 0.000000 0.000000 0.000000 0.000000 0.000000 0.000000 0.000000 0.000000 0.000000 0.000000 0.000000 0.000000 0.000000 0.000000 0.000000 0.000000 0.000000 0.000000 0.000000 0.319067 0.000000 0.000000 0.000000 0.000000 0.000000 0.000000 0.000000 0.000000 0.000000
0.000000 0.000000 1.168818 0.000000 0.725657 0.000000 0.000000 0.000000 0.000000 0.000000 0.000000 0.000000 0.000000 0.000000 0.000000 0.000000 0.000000 0.000000 0.000000 0.000000 0.000000 0.000000 0.000000 0.000000 0.000000 0.000000 0.000000 0.000000 0.864101 0.000000 0.000000 0.000000 0.000000 0.000000 0.000000 0.000000 0.000000 0.000000 0.000000 0.000000
1.121539 0.000000 0.000000 1.301798 0.000000 0.000000 0.000000 0.000000 0.000000 0.000000 0.000000 0.000000 0.000000 0.000000 0.000000 0.000000 0.000000 0.000000 0.000000 0.172836 0.000000 0.000000 0.000000 0.000000 0.000000 0.000000 0.000000 0.000000 0.000000 0.000000 0.000000 0.090932 0.000000 0.178397 0.000000 0.000000 0.000000 0.347456 0.000000 0.000000
0.000000 0.000000 0.000000 0.768190 1.245038 0.000000 0.000000 0.000000 0.000000 0.000000 0.000000 0.000000 0.000000 0.000000 0.000000 0.000000 0.000000 0.000000 0.000000 0.000000 0.986433 0.000000 0.000000 0.000000 0.000000 0.000000 0.000000 1.194078 0.000000 0.000000 0.000000 0.000000 0.000000 1.092254 0.000000 0.000000 0.000000 0.000000 0.000000 0.000000
0.000000 0.000000 0.000000 0.000000 0.000000 1.074231 0.000000 0.000000 0.000000 1.218635 0.000000 0.000000 0.000000 0.000000 0.000000 0.000000 0.000000 1.513519 0.000000 0.000000 0.000000 1.028085 0.000000 0.000000 0.000000 0.000000 0.000000 0.000000 0.000000 0.000000 0.000000 0.000000 0.000000 0.258123 0.000000 0.000000 0.000000 0.000000 0.000000 0.000000
0.000000 0.000000 1.067000 0.974191 0.000000 0.000000 0.000000 0.000000 0.000000 0.000000 0.000000 0.000000 0.000000 0.000000 0.000000 0.000000 0.000000 0.000000 0.000000 0.000000 0.000000 0.000000 0.000000 0.000000 0.000000 0.000000 0.000000 0.000000 0.000000 0.000000 0.000000 0.000000 0.000000 0.000000 0.000000 0.000000 0.000000 0.000000 0.000000 0.000000
0.000000 0.000000 0.000000 0.000000 0.000000 0.000000 0.849822 0.000000 0.000000 0.000000 0.000000 0.000000 0.000000 0.000000 0.000000 0.000000 0.000000 0.000000 0.000000 0.000000 0.000000 0.000000 0.000000 0.000000 0.000000 0.000000 0.000000 0.000000 0.000000 0.000000 0.000000 0.000000 0.000000 0.000000 0.000000 0.000000 0.000000 0.000000 0.000000 0.000000
0.863743 0.000000 0.000000 0.000000 0.000000 0.000000 0.000000 0.000000 0.000000 0.000000 0.000000 0.000000 0.000000 0.000000 1.243103 0.000000 0.000000 0.000000 0.000000 0.000000 0.000000 0.000000 0.000000 0.000000 0.000000 0.000000 0.000000 0.000000 0.000000 0.000000 0.000000 0.000000 0.000000 0.000000 0.000000 1.441395 0.000000 0.000000 0.000000 0.000000
0.000000 0.000000 1.030133 0.000000 0.000000 1.062111 0.000000 0.000000 0.000000 0.000000 0.000000 0.000000 0.000000 0.000000 0.000000 0.000000 0.000000 0.000000 0.000000 0.000000 0.000000 0.000000 0.000000 0.000000 0.310360 0.336682 0.000000 0.000000 0.000000 0.000000 0.428849 0.000000 0.000000 0.000000 0.000000 0.000000 0.000000 0.000000 0.000000 0.000000
1.077427 0.000000 0.000000 0.000000 0.000000 0.000000 0.000000 0.000000 0.000000 1.110736 0.000000 0.000000 0.000000 0.000000 0.000000 0.000000 0.000000 0.000000 0.000000 0.000000 0.000000 0.000000 1.043799 0.000000 0.000000 0.000000 0.000000 0.000000 0.000000 0.000000 0.000000 1.063859 0.000000 0.000000 0.000000 0.000000 0.000000 0.000000 0.000000 0.000000
0.000000 0.000000 0.000000 0.799902 0.000000 0.000000 0.000000 0.000000 0.000000 0.000000 0.000000 0.000000 0.000000 0.860566 0.000000 0.000000 0.000000 0.000000 0.000000 0.000000 0.000000 0.000000 0.000000 1.139077 0.000000 0.727847 0.000000 0.000000 0.000000 0.000000 0.000000 0.000000 0.000000 0.000000 0.000000 0.000000 0.000000 0.000000 0.000000 0.000000
0.000000 0.000000 0.000000 1.053047 0.000000 0.000000 0.000000 0.000000 0.000000 0.130552 0.000000 0.000000 0.000000 0.170930 1.036452 0.000000 0.000000 0.000000 0.000000 0.000000 0.000000 0.000000 0.000000 0.000000 1.065530 0.000000 1.066033 0.000000 0.000000 0.000000 0.000000 0.265073 0.000000 0.000000 0.000000 0.000000 0.000000 0.000000 0.000000 0.000000
0.000000 0.000000 0.000000 1.179496 0.000000 0.000000 0.000000 0.000000 0.000000 0.000000 0.000000 0.000000 0.000000 0.174058 0.000000 0.000000 0.000000 0.000000 0.000000 1.046018 0.000000 0.000000 0.000000 0.000000 0.000000 0.000000 0.280205 0.148431 0.000000 0.000000 0.000000 0.000000 0.000000 0.000000 0.000000 0.000000 0.000000 1.247982 0.000000 1.243306
0.000000 0.000000 1.110186 0.000000 0.000000 0.000000 0.000000 0.000000 0.000000 0.000000 0.000000 0.000000 0.000000 0.000000 0.000000 0.000000 0.000000 0.000000 0.000000 0.000000 1.236336 0.000000 0.000000 0.000000 0.000000 0.107398 1.102386 0.000000 0.000000 0.000000 0.000000 0.000000 0.000000 0.000000 0.000000 0.000000 0.000000 0.000000 0.000000 0.000000
0.000000 0.000000 0.000000 0.000000 0.000000 0.000000 0.000000 1.256239 0.000000 0.000000 0.000000 0.000000 0.000000 0.000000 0.000000 0.000000 0.000000 0.000000 0.000000 0.000000 0.000000 1.094135 0.000000 0.000000 0.000000 0.000000 0.000000 0.000000 0.000000 0.000000 0.000000 0.000000 0.000000 0.000000 0.000000 0.000000 0.000000 0.000000 0.000000 0.000000
0.000000 0.000000 0.798877 0.000000 0.000000 0.000000 0.000000 0.000000 0.000000 0.000000 0.000000 0.000000 0.000000 0.000000 0.000000 0.000000 0.000000 0.000000 0.000000 0.000000 1.127415 0.000000 0.000000 0.000000 0.000000 0.000000 0.000000 0.000000 0.000000 0.000000 0.000000 0.000000 0.000000 0.000000 0.000000 0.000000 0.000000 0.000000 0.000000 0.000000
0.000000 0.000000 0.000000 0.000000 0.000000 0.000000 0.000000 0.000000 0.000000 -0.195012 0.000000 0.000000 0.000000 0.000000 0.000000 0.000000 0.000000 0.000000 0.000000 0.000000 0.000000 1.145661 0.000000 1.015680 0.000000 0.000000 0.000000 0.000000 0.000000 0.000000 0.000000 0.000000 0.000000 0.000000 0.000000 0.000000 0.000000 0.000000 0.000000 0.000000
0.000000 0.000000 0.000000 0.000000 0.000000 0.000000 0.000000 0.000000 0.000000 0.000000 0.000000 0.000000 0.000000 0.823085 0.000000 0.000000 0.000000 0.000000 0.000000 0.000000 0.000000 0.000000 0.000000 0.000000 0.000000 0.000000 0.000000 0.000000 0.000000 0.000000 0.000000 0.000000 0.000000 0.000000 0.000000 0.000000 0.000000 0.000000 0.000000 0.000000
0.000000 0.000000 0.000000 0.000000 1.391465 0.000000 0.000000 0.000000 0.000000 0.000000 0.000000 0.797263 0.000000 0.000000 0.000000 0.000000 0.000000 0.000000 0.000000 0.000000 0.000000 0.000000 0.000000 0.000000 0.000000 0.000000 0.000000 0.000000 0.000000 0.000000 0.000000 0.000000 0.000000 0.000000 0.000000 0.000000 0.000000 0.000000 0.000000 0.000000
0.000000 0.000000 0.000000 1.160057 0.000000 0.000000 0.000000 0.000000 0.000000 1.135293 0.000000 0.000000 0.000000 0.000000 0.000000 0.000000 0.000000 0.000000 0.000000 0.269715 0.000000 0.000000 0.000000 0.000000 0.000000 0.000000 0.000000 0.000000 0.000000 0.000000 0.000000 0.000000 0.975834 0.000000 0.000000 0.000000 0.000000 0.000000 0.000000 0.000000
1.209638 0.000000 0.000000 0.000000 0.000000 0.086332 0.151655 0.000000 0.000000 0.865911 0.000000 0.000000 0.000000 0.000000 0.148231 0.000000 0.000000 0.000000 0.000000 0.281956 0.000000 0.000000 0.000000 0.000000 0.000000 0.000000 0.000000 0.000000 0.000000 0.000000 0.000000 0.000000 0.000000 0.000000 0.000000 0.000000 0.000000 0.000000 0.000000 0.000000
0.000000 0.000000 0.000000 0.847197 0.000000 0.000000 0.000000 0.000000 0.000000 0.000000 0.000000 0.000000 0.000000 0.000000 0.000000 0.000000 0.000000 0.000000 0.000000 1.114610 0.000000 0.000000 0.000000 0.000000 0.000000 0.000000 0.000000 0.000000 0.000000 0.000000 0.000000 0.000000 0.000000 0.000000 0.000000 0.000000 0.000000 0.000000 0.000000 0.000000
0.000000 0.000000 0.000000 0.000000 0.000000 0.126970 0.000000 0.000000 0.000000 0.946684 0.000000 0.000000 0.000000 0.000000 0.131743 0.000000 0.000000 0.000000 0.000000 0.000000 0.000000 0.000000 0.000000 0.000000 0.000000 0.000000 0.308915 0.000000 0.000000 1.389203 0.000000 0.000000 0.417251 0.000000 0.000000 0.000000 0.000000 0.000000 0.000000 0.000000
0.000000 0.000000 0.000000 0.000000 0.000000 0.000000 0.808869 0.000000 0.000000 0.000000 0.000000 0.000000 0.000000 0.904504 0.000000 0.000000 0.000000 0.000000 0.000000 0.000000 0.000000 0.000000 0.000000 0.000000 0.000000 0.000000 0.000000 0.000000 0.000000 0.000000 0.000000 0.000000 0.000000 0.000000 0.000000 0.000000 0.000000 0.000000 0.000000 0.000000
1.041819 0.000000 1.042386 0.000000 0.000000 0.000000 0.000000 0.000000 0.000000 0.000000 0.443311 0.000000 0.000000 0.000000 0.000000 0.000000 0.000000 0.000000 0.000000 0.000000 0.000000 0.000000 0.000000 0.000000 0.000000 0.000000 0.000000 0.000000 0.000000 0.000000 0.000000 0.000000 0.000000 0.000000 0.000000 0.000000 0.000000 0.000000 0.000000 0.000000
0.000000 0.000000 0.000000 0.000000 0.000000 0.000000 0.000000 0.000000 0.000000 0.000000 0.000000 0.000000 0.000000 0.000000 0.000000 0.000000 1.296586 1.053368 0.000000 0.000000 0.000000 0.000000 0.000000 0.000000 0.000000 0.000000 0.000000 0.000000 0.000000 0.000000 0.000000 0.000000 0.000000 0.000000 0.000000 0.000000 0.000000 0.000000 0.000000 0.000000
0.965525 0.000000 1.206218 0.000000 0.000000 0.038017 0.000000 0.000000 0.000000 0.000000 0.000000 0.000000 0.000000 0.000000 0.000000 0.000000 0.000000 0.000000 0.000000 0.000000 0.000000 0.000000 0.000000 0.000000 0.000000 0.000000 0.000000 0.000000 0.000000 0.000000 0.000000 0.000000 0.000000 0.000000 0.000000 0.000000 0.000000 0.000000 0.000000 0.000000
0.000000 0.000000 0.000000 0.000000 1.347582 0.000000 0.000000 0.000000 0.000000 0.000000 0.000000 0.000000 0.000000 0.000000 0.000000 0.000000 0.000000 0.000000 0.000000 0.000000 0.000000 0.000000 1.154535 0.000000 0.000000 0.000000 0.000000 0.000000 0.000000 0.000000 0.000000 0.000000 0.000000 0.000000 0.000000 0.000000 0.000000 0.093642 0.000000 0.000000
0.000000 0.000000 0.862996 0.000000 0.000000 0.974467 0.000000 0.000000 0.000000 0.000000 0.000000 0.000000 0.000000 0.000000 0.000000 0.000000 0.000000 0.000000 0.000000 0.000000 0.000000 0.000000 0.000000 0.000000 0.000000 0.000000 0.000000 0.000000 0.000000 0.000000 0.000000 0.000000 0.000000 0.000000 0.000000 0.000000 0.000000 0.000000 0.000000 0.000000
0.000000 0.000000 0.893399 0.000000 0.000000 0.000000 0.000000 0.000000 0.000000 0.000000 0.000000 0.000000 0.000000 0.000000 0.000000 0.000000 0.000000 0.000000 0.000000 0.000000 0.000000 0.000000 0.985844 0.213176 0.000000 0.000000 0.000000 0.000000 0.000000 0.000000 0.000000 0.000000 0.000000 0.000000 0.000000 0.000000 0.000000 0.000000 0.000000 0.000000
