0.190920 0.000000 1.097941 1.033472 0.000000 1.006996 0.994908 0.000000 0.000000 1.129438 1.008495 0.000000 1.160709 0.000000 0.000000 0.000000 0.000000 1.182374 0.000000 1.093671 0.000000 0.000000 0.000000 0.000000 0.000000 0.000000 0.000000 0.000000 0.000000 0.000000 1.183449 0.000000 0.000000 0.000000 1.217551 0.000000 1.311776 0.000000 0.000000 0.000000
0.127028 0.000000 1.081764 0.352336 0.000000 0.101853 0.000000 0.000000 0.000000 0.000000 0.000000 0.000000 0.000000 0.000000 0.000000 0.000000 0.357379 0.000000 0.000000 0.000000 0.000000 0.000000 0.000000 0.163726 0.000000 0.000000 0.000000 0.299748 0.000000 0.000000 0.000000 0.245645 0.474153 0.348792 0.000000 0.000000 0.000000 0.000000 0.000000 0.000000
1.179057 1.570902 0.394757 1.083422 1.438949 0.174214 0.312555 0.000000 1.279488 0.291763 0.000000 1.402646 0.000000 0.319920 0.000000 1.240449 0.000000 0.408873 1.392628 0.188173 0.000000 0.000000 0.000000 1.101118 0.000000 1.379260 0.000000 0.000000 0.393104 0.000000 0.000000 0.000000 0.000000 0.000000 1.405162 0.000000 1.232214 0.000000 1.412295 1.272944
0.850100 0.000000 1.395774 0.157198 1.188354 0.761886 1.026853 1.387770 0.000000 0.000000 0.000000 0.000000 1.324517 1.266916 0.000000 1.269375 0.000000 0.000000 0.000000 0.000000 1.229903 1.396213 1.361267 0.000000 0.000000 0.000000 0.000000 0.215556 0.000000 1.358854 0.000000 1.044489 0.000000 0.000000 0.000000 0.000000 0.000000 0.000000 0.000000 0.000000
0.000000 0.000000 0.000000 0.566003 0.000000 0.000000 0.000000 0.000000 0.000000 0.000000 0.000000 1.221225 0.000000 0.779336 0.000000 0.000000 0.000000 0.000000 0.000000 0.000000 0.000000 0.000000 0.000000 0.000000 0.000000 0.000000 0.000000 0.759408 1.065290 0.000000 0.000000 0.000000 0.000000 0.000000 0.000000 0.000000 0.000000 1.377627 0.000000 0.000000
1.132569 0.000000 0.000000 1.006614 0.000000 0.306093 0.000000 0.000000 0.000000 1.039032 0.000000 0.000000 0.000000 0.000000 1.315037 0.000000 0.000000 0.000000 1.212913 0.000000 0.000000 0.000000 0.000000 0.000000 0.157909 0.000000 0.000000 0.000000 0.000000 0.000000 0.000000 0.000000 0.000000 0.000000 0.000000 0.000000 0.000000 0.000000 1.207554 0.000000
0.977874 0.000000 0.000000 1.156154 0.000000 0.000000 0.000000 0.922081 0.000000 0.000000 1.117392 0.000000 0.000000 0.000000 0.000000 0.000000 1.049263 0.000000 0.000000 0.000000 0.000000 0.000000 0.000000 0.000000 0.000000 0.000000 0.000000 0.000000 0.000000 0.000000 0.000000 0.000000 0.000000 1.148521 0.000000 0.000000 0.000000 0.000000 0.000000 0.000000
0.000000 0.000000 0.000000 1.100916 0.000000 0.102845 1.154173 0.000000 1.352398 0.000000 0.000000 0.000000 0.000000 0.341574 0.000000 0.000000 1.175401 0.000000 0.000000 0.000000 0.000000 0.000000 0.000000 0.000000 1.285744 0.000000 0.324367 0.000000 0.000000 0.000000 0.000000 0.000000 0.000000 0.000000 0.000000 0.000000 0.000000 0.000000 0.000000 0.000000
0.000000 0.000000 1.058139 0.000000 0.000000 0.199237 0.000000 1.094239 0.000000 0.000000 0.000000 0.000000 0.000000 0.000000 0.000000 0.000000 0.000000 0.000000 0.000000 0.000000 0.000000 0.000000 0.000000 0.000000 0.000000 0.000000 0.000000 0.000000 0.000000 0.000000 0.000000 0.000000 0.000000 0.000000 0.000000 0.000000 0.000000 0.000000 0.000000 0.000000
0.730657 0.000000 0.000000 0.000000 0.000000 0.648700 0.000000 0.000000 0.000000 0.402242 0.000000 0.000000 0.000000 0.000000 0.992648 0.000000 0.000000 0.000000 0.000000 0.911608 0.000000 0.000000 0.000000 0.000000 0.000000 0.000000 0.000000 0.000000 0.000000 0.917483 1.075059 0.000000 0.904162 0.000000 0.000000 0.000000 0.000000 0.000000 0.000000 0.000000
0.995103 0.000000 0.000000 0.000000 0.000000 0.000000 1.134935 0.000000 0.000000 0.000000 0.000000 0.000000 0.000000 0.000000 0.000000 0.000000 0.274520 0.000000 0.000000 0.000000 0.000000 0.000000 0.000000 0.000000 0.000000 0.000000 0.000000 0.000000 0.000000 0.000000 0.000000 0.000000 0.000000 0.000000 0.000000 0.000000 0.000000 0.000000 0.000000 0.000000
0.000000 0.000000 1.302576 0.000000 1.031025 0.000000 0.000000 0.000000 0.000000 0.000000 0.000000 0.000000 0.000000 0.000000 0.000000 0.000000 0.000000 0.000000 0.000000 0.000000 0.000000 0.000000 0.000000 0.000000 0.000000 0.000000 0.000000 0.000000 0.918560 0.000000 0.000000 0.000000 0.000000 0.000000 0.000000 0.000000 0.000000 0.000000 0.000000 0.000000
1.226522 0.000000 0.000000 1.274450 0.000000 0.184732 0.000000 0.000000 0.000000 0.000000 0.000000 0.000000 0.000000 0.000000 0.000000 0.000000 0.000000 0.000000 0.000000 0.106287 0.000000 0.000000 0.000000 0.000000 0.000000 0.000000 0.000000 0.000000 0.000000 0.000000 0.000000 0.103437 0.000000 0.203887 0.000000 0.000000 0.000000 0.000000 0.000000 0.000000
0.000000 0.000000 0.000000 0.749715 0.895986 0.000000 0.000000 0.000000 0.000000 0.000000 0.000000 0.000000 0.000000 0.000000 0.000000 0.000000 0.000000 0.000000 0.000000 0.000000 1.022476 0.000000 0.000000 0.000000 0.000000 0.000000 0.000000 1.086362 0.000000 0.000000 0.000000 0.000000 0.000000 1.086759 0.000000 0.000000 0.000000 0.000000 0.000000 0.000000
0.000000 0.000000 0.000000 0.000000 0.000000 0.969890 0.000000 0.000000 0.000000 1.027142 0.000000 0.000000 0.000000 0.000000 0.000000 0.000000 0.000000 1.412120 0.000000 0.000000 0.000000 1.070503 0.000000 0.000000 0.000000 0.000000 0.000000 0.000000 0.000000 0.000000 0.000000 0.000000 0.000000 0.293630 0.000000 0.000000 0.000000 0.000000 0.000000 0.000000
0.000000 0.000000 1.069939 1.017714 0.000000 0.000000 0.000000 0.000000 0.000000 0.000000 0.000000 0.000000 0.000000 0.000000 0.000000 0.000000 0.000000 0.000000 0.000000 0.000000 0.000000 0.000000 0.000000 0.000000 0.000000 0.000000 0.000000 0.000000 0.000000 0.000000 0.000000 0.000000 0.000000 0.000000 0.000000 0.000000 0.000000 0.000000 0.000000 0.000000
0.000000 0.000000 0.000000 0.000000 0.000000 0.000000 0.937775 0.000000 0.000000 0.000000 0.000000 0.000000 0.000000 0.000000 0.000000 0.000000 0.000000 0.000000 0.000000 0.000000 0.000000 0.000000 0.000000 0.000000 0.000000 0.000000 0.000000 0.000000 0.000000 0.000000 0.000000 0.000000 0.000000 0.000000 0.000000 0.000000 0.000000 0.000000 0.000000 0.000000
0.765909 0.000000 0.000000 0.000000 0.000000 0.000000 0.000000 0.000000 0.000000 0.000000 0.000000 0.000000 0.000000 0.000000 1.330454 0.000000 0.000000 0.000000 0.000000 0.000000 0.000000 0.000000 0.000000 0.000000 0.000000 0.000000 0.000000 0.000000 0.000000 0.000000 0.000000 0.000000 0.000000 0.000000 0.000000 1.397796 0.000000 0.000000 0.000000 0.000000
0.000000 0.000000 1.084743 0.000000 0.000000 1.059327 0.000000 0.000000 0.000000 0.000000 0.000000 0.000000 0.000000 0.000000 0.000000 0.000000 0.000000 0.000000 0.000000 0.000000 0.000000 0.000000 0.000000 0.000000 0.330941 0.000000 0.000000 0.000000 0.000000 0.000000 0.435431 0.000000 0.000000 0.000000 0.000000 0.000000 0.000000 0.000000 0.000000 0.000000
0.978118 0.000000 0.000000 0.000000 0.000000 0.000000 0.000000 0.000000 0.000000 1.089671 0.000000 0.000000 0.000000 0.000000 0.000000 0.000000 0.000000 0.000000 0.000000 0.000000 0.000000 0.000000 1.054352 0.000000 0.000000 0.000000 0.000000 0.000000 0.000000 0.000000 0.000000 1.132450 0.000000 0.000000 0.000000 0.000000 0.000000 0.000000 0.000000 0.000000
0.000000 0.000000 0.000000 0.828699 0.000000 0.000000 0.000000 0.000000 0.000000 0.000000 0.000000 0.000000 0.000000 0.865096 0.000000 0.000000 0.000000 0.000000 0.000000 0.000000 0.000000 0.000000 0.000000 1.186209 0.000000 1.084189 0.000000 0.000000 0.000000 0.000000 0.000000 0.000000 0.000000 0.000000 0.000000 0.000000 0.000000 0.000000 0.000000 0.000000
0.000000 0.000000 0.000000 1.021115 0.000000 0.000000 0.000000 0.000000 0.000000 0.175376 0.000000 0.000000 0.000000 0.151041 1.266351 0.000000 0.000000 0.000000 0.000000 0.000000 0.000000 0.000000 0.000000 0.000000 1.051123 0.000000 1.033157 0.000000 0.000000 0.000000 0.000000 0.230163 0.000000 0.000000 0.000000 0.000000 0.000000 0.000000 0.000000 0.000000
0.000000 0.000000 0.000000 1.223876 0.000000 0.000000 0.000000 0.000000 0.000000 0.000000 0.000000 0.000000 0.000000 0.211192 0.000000 0.000000 0.000000 0.000000 0.000000 1.024913 0.000000 0.000000 0.000000 0.000000 0.000000 0.000000 0.267427 0.259180 0.000000 0.000000 0.000000 0.000000 0.000000 0.000000 0.000000 0.000000 0.000000 1.396060 0.000000 1.299501
0.264165 0.000000 1.128880 0.000000 0.000000 0.000000 0.000000 0.000000 0.000000 0.000000 0.000000 0.000000 0.000000 0.000000 0.000000 0.000000 0.000000 0.000000 0.000000 0.000000 1.313368 0.000000 0.000000 0.000000 0.000000 0.000000 1.116754 0.000000 0.000000 0.000000 0.000000 0.000000 0.000000 0.000000 0.000000 0.000000 0.000000 0.000000 0.000000 0.000000
0.000000 0.000000 0.000000 0.000000 0.000000 0.000000 0.000000 1.345310 0.000000 0.170793 0.000000 0.000000 0.000000 0.000000 0.000000 0.000000 0.000000 0.000000 0.000000 0.000000 0.000000 1.114020 0.000000 0.000000 0.000000 0.000000 0.000000 0.000000 0.000000 0.000000 0.000000 0.000000 0.000000 0.000000 0.000000 0.000000 0.000000 0.000000 0.000000 0.000000
0.000000 0.000000 0.827474 0.000000 0.000000 0.000000 0.000000 0.000000 0.000000 0.000000 0.000000 0.000000 0.000000 0.000000 0.000000 0.000000 0.000000 0.000000 0.000000 0.000000 1.153621 0.000000 0.000000 0.000000 0.000000 0.000000 0.000000 0.000000 0.000000 0.000000 0.000000 0.000000 0.000000 0.000000 0.000000 0.000000 0.000000 0.000000 0.000000 0.000000
0.000000 0.000000 0.000000 0.000000 0.000000 0.000000 0.000000 0.000000 0.000000 0.000000 0.000000 0.000000 0.000000 0.000000 0.000000 0.000000 0.000000 0.000000 0.000000 0.000000 0.000000 1.177450 0.000000 1.104884 0.000000 0.000000 0.000000 0.000000 0.000000 0.000000 0.000000 0.000000 0.000000 0.000000 0.000000 0.000000 0.000000 0.000000 0.000000 0.000000
0.000000 0.000000 0.000000 0.000000 0.765579 0.000000 0.000000 0.000000 0.000000 0.000000 0.000000 0.000000 0.000000 0.848117 0.000000 0.000000 0.000000 0.000000 0.000000 0.000000 0.000000 0.000000 0.000000 0.000000 0.000000 0.000000 0.000000 0.000000 0.000000 0.000000 0.000000 0.000000 0.000000 0.000000 0.000000 0.000000 0.000000 0.000000 0.000000 0.000000
0.000000 0.000000 0.000000 0.000000 1.000037 0.000000 0.000000 0.000000 0.000000 0.000000 0.000000 0.834185 0.000000 0.000000 0.000000 0.000000 0.000000 0.000000 0.000000 0.000000 0.000000 0.000000 0.000000 0.000000 0.000000 0.000000 0.000000 0.000000 0.000000 0.000000 0.000000 0.000000 0.000000 0.000000 0.000000 0.000000 0.000000 0.000000 0.000000 0.000000
0.320969 0.000000 0.000000 1.187107 0.000000 0.000000 0.000000 0.000000 0.000000 1.138741 0.000000 0.000000 0.000000 0.000000 0.000000 0.000000 0.000000 0.000000 0.000000 0.279579 0.000000 0.000000 0.000000 0.000000 0.000000 0.000000 0.000000 0.000000 0.000000 0.000000 0.000000 0.000000 0.979044 0.000000 0.000000 0.000000 0.000000 0.000000 0.000000 0.000000
1.158035 0.000000 0.000000 0.000000 0.000000 0.135752 0.198081 0.000000 0.000000 0.944572 0.000000 0.000000 0.000000 0.000000 0.000000 0.000000 0.000000 0.000000 0.000000 0.237103 0.000000 0.000000 0.000000 0.000000 0.000000 0.000000 0.000000 0.000000 0.000000 0.000000 0.000000 0.000000 0.000000 0.000000 0.000000 0.000000 0.000000 0.000000 0.000000 0.000000
0.000000 0.000000 0.000000 0.855291 0.000000 0.000000 0.208654 0.000000 0.000000 0.000000 0.000000 0.000000 0.000000 0.000000 0.000000 0.000000 0.000000 0.000000 0.000000 1.076382 0.000000 0.000000 0.000000 0.000000 0.000000 0.000000 0.000000 0.000000 0.000000 0.000000 0.000000 0.000000 0.000000 0.000000 0.000000 0.000000 0.000000 0.000000 0.000000 0.000000
0.000000 0.000000 0.000000 0.000000 0.000000 0.191704 0.000000 0.000000 0.000000 0.871503 0.000000 0.000000 0.000000 0.000000 0.000000 0.000000 0.000000 0.000000 0.000000 0.000000 0.000000 0.000000 0.000000 0.000000 0.000000 0.000000 0.285529 0.000000 0.000000 1.362307 0.000000 0.000000 0.397202 0.000000 0.000000 0.000000 0.000000 0.000000 0.000000 0.000000
0.000000 0.000000 0.000000 0.000000 0.000000 0.000000 0.873103 0.000000 0.000000 0.000000 0.000000 0.000000 0.000000 0.869559 0.000000 0.000000 0.000000 0.000000 0.000000 0.000000 0.000000 0.000000 0.000000 0.000000 0.000000 0.000000 0.000000 0.000000 0.000000 0.000000 0.000000 0.000000 0.000000 0.000000 0.000000 0.000000 0.000000 0.000000 0.000000 0.000000
1.019343 0.000000 1.046690 0.000000 0.000000 0.000000 0.000000 0.000000 0.000000 0.000000 0.436372 0.000000 0.000000 0.000000 0.000000 0.000000 0.000000 0.000000 0.000000 0.000000 0.000000 0.000000 0.000000 0.000000 0.000000 0.000000 0.000000 0.000000 0.000000 0.000000 0.000000 0.000000 0.000000 0.000000 0.000000 0.000000 0.000000 0.000000 0.000000 0.000000
0.000000 0.000000 0.000000 0.000000 0.000000 0.000000 0.000000 0.000000 0.000000 0.000000 0.000000 0.000000 0.000000 0.000000 0.000000 0.000000 1.156634 0.964710 0.000000 0.000000 0.000000 0.000000 0.000000 0.000000 0.000000 0.000000 0.000000 0.000000 0.000000 0.000000 0.000000 0.000000 0.000000 0.000000 0.000000 0.000000 0.000000 0.000000 0.000000 0.000000
0.863481 0.000000 1.325286 0.000000 0.000000 0.053247 0.000000 0.000000 0.000000 0.000000 0.000000 0.000000 0.000000 0.000000 0.000000 0.000000 0.000000 0.000000 0.000000 0.000000 0.000000 0.000000 0.000000 0.000000 0.000000 0.000000 0.000000 0.000000 0.000000 0.000000 0.000000 0.000000 0.000000 0.000000 0.000000 0.000000 0.000000 0.000000 0.000000 0.000000
0.000000 0.000000 0.000000 0.000000 1.283738 0.000000 0.000000 0.000000 0.000000 0.000000 0.000000 0.000000 0.000000 0.000000 0.000000 0.000000 0.000000 0.000000 0.000000 0.000000 0.000000 0.000000 1.202724 0.000000 0.000000 0.000000 0.000000 0.000000 0.000000 0.000000 0.000000 0.000000 0.000000 0.000000 0.000000 0.000000 0.000000 0.000000 0.000000 0.000000
0.000000 0.000000 0.694214 0.000000 0.000000 0.973898 0.000000 0.000000 0.000000 0.000000 0.000000 0.000000 0.000000 0.000000 0.000000 0.000000 0.000000 0.000000 0.000000 0.000000 0.000000 0.000000 0.000000 0.000000 0.000000 0.000000 0.000000 0.000000 0.000000 0.000000 0.000000 0.000000 0.000000 0.000000 0.000000 0.000000 0.000000 0.000000 0.000000 0.000000
0.000000 0.000000 1.142008 0.000000 0.000000 0.000000 0.000000 0.000000 0.000000 0.000000 0.000000 0.000000 0.000000 0.000000 0.000000 0.000000 0.000000 0.000000 0.000000 0.000000 0.000000 0.000000 0.976966 0.165638 0.000000 0.000000 0.000000 0.000000 0.000000 0.000000 0.000000 0.000000 0.000000 0.000000 0.000000 0.000000 0.000000 0.000000 0.000000 0.000000
