0.321753 0.842813 1.193912 0.248897 0.000000 0.298125 0.000000 0.000000 0.000000 0.000000 0.000000 0.000000 0.000000 0.000000 0.000000 0.000000 0.000000 0.000000 0.000000 0.000000 0.101725 0.000000 0.014395 0.287112 0.000000 1.370443 0.000000 0.000000 0.000000 0.000000 0.000000 0.000000 0.000000 0.000000 0.000000 0.000000 0.000000 0.239546 1.337034 1.296446
0.877300 -0.072649 0.876363 1.196585 0.000000 0.000000 0.000000 0.000000 0.000000 0.000000 0.000000 0.000000 0.000000 0.000000 0.000000 0.000000 0.000000 1.167107 0.000000 0.000000 0.190008 0.000000 1.089593 0.000000 0.000000 0.132928 0.000000 0.000000 0.000000 0.000000 0.000000 0.000000 0.000000 0.000000 0.000000 0.000000 0.138105 -0.053269 0.095094 0.945281
0.000000 0.000000 0.000000 1.300130 1.144771 0.000000 0.000000 0.000000 0.000000 0.000000 0.000000 0.000000 0.000000 0.000000 0.000000 0.000000 0.000000 0.000000 0.000000 1.174930 0.000000 0.000000 0.000000 0.000000 0.000000 0.000000 0.000000 0.000000 0.000000 0.000000 0.000000 0.148992 0.090670 0.000000 0.000000 0.000000 0.000000 0.000000 0.000000 0.000000
0.000000 1.068737 0.927529 0.000000 1.072928 0.907261 0.000000 0.000000 0.000000 0.000000 0.000000 0.000000 0.000000 0.000000 0.000000 0.000000 0.000000 0.000000 0.000000 0.000000 0.000000 0.000000 0.000000 0.000000 0.000000 0.000000 0.000000 0.000000 0.000000 0.000000 0.000000 0.000000 0.000000 0.000000 0.000000 0.000000 0.000000 0.000000 0.000000 -0.054142
0.000000 -0.026647 0.907767 1.413200 0.094714 0.809478 0.945635 -0.123728 0.000000 0.000000 0.000000 0.000000 0.000000 0.000000 0.000000 0.000000 0.000000 0.000000 0.000000 0.000000 0.717926 0.000000 0.000000 0.000000 0.000000 0.000000 0.000000 0.000000 0.000000 0.000000 0.000000 0.000000 0.000000 0.000000 0.000000 0.000000 0.000000 0.000000 0.000000 -0.045084
0.315665 0.290722 0.193301 1.004140 0.917307 0.057442 1.028715 0.954555 0.251554 0.000000 0.000000 0.000000 0.000000 0.000000 1.074027 0.000000 0.000000 0.000000 0.000000 0.000000 0.000000 0.000000 0.000000 0.000000 0.000000 0.000000 0.000000 0.000000 0.000000 0.000000 0.000000 0.000000 0.000000 0.000000 0.000000 0.000000 0.000000 0.027729 0.152771 0.849514
0.000000 0.000000 0.000000 0.000000 0.805174 0.873977 -0.063071 1.048735 0.910090 0.195391 0.000000 0.336172 0.000000 0.000000 0.000000 0.000000 0.000000 0.000000 0.000000 0.000000 0.000000 0.000000 0.000000 0.000000 0.000000 0.000000 0.000000 0.000000 0.000000 0.000000 0.000000 0.000000 0.000000 0.000000 0.000000 0.000000 0.000000 0.000000 0.000000 0.179387
0.000000 0.000000 0.000000 0.000000 0.000000 0.754598 1.265243 0.033166 1.296579 1.151402 0.258767 0.255911 0.040428 0.000000 0.272634 0.278605 0.000000 1.173723 0.000000 0.000000 0.000000 0.000000 0.000000 0.000000 0.000000 0.000000 0.000000 0.000000 0.000000 0.000000 0.093186 0.129346 0.158323 0.000000 0.000000 0.000000 0.000000 0.000000 0.000000 0.000000
0.000000 0.000000 0.000000 0.000000 0.000000 0.386841 0.744158 1.072254 0.042487 0.886795 1.380757 0.008747 0.304747 0.000000 0.000000 0.000000 0.000000 0.000000 0.000000 0.000000 0.000000 0.000000 0.000000 0.000000 0.000000 0.000000 0.000000 0.000000 0.000000 0.000000 0.000000 -0.241599 0.296429 0.000000 0.000000 0.000000 0.000000 0.000000 0.000000 0.000000
0.000000 0.000000 0.000000 0.000000 0.000000 0.000000 0.254403 1.314174 1.318288 0.178319 0.929980 0.907014 0.000000 0.000000 0.000000 0.000000 0.000000 0.000000 0.000000 0.301348 0.000000 0.000000 0.000000 0.000000 1.227626 0.000000 0.000000 0.000000 0.000000 0.000000 0.987901 0.000000 0.000000 0.000000 0.000000 0.000000 0.000000 0.000000 0.000000 0.000000
0.000000 0.000000 0.000000 0.000000 0.420343 0.128046 0.083978 0.146944 0.755434 0.940296 -0.320323 1.143808 0.899014 0.000000 0.000000 0.000000 0.000000 0.000000 0.000000 0.000000 0.000000 0.000000 0.000000 0.000000 0.000000 0.000000 0.000000 0.000000 0.000000 0.000000 0.225913 1.170429 0.971312 0.000000 0.000000 0.000000 0.000000 0.000000 0.000000 0.000000
0.000000 0.000000 0.000000 0.000000 0.000000 0.000000 0.000000 -0.235252 0.000000 1.036339 0.962161 -0.252421 1.199589 1.338188 0.000000 0.000000 0.000000 0.000000 0.000000 0.000000 0.000000 0.000000 0.000000 0.000000 0.000000 0.000000 0.908696 0.000000 0.000000 0.000000 0.003917 0.253829 0.155362 0.000000 0.000000 0.000000 0.000000 0.000000 0.000000 0.000000
0.000000 0.000000 0.000000 0.000000 0.000000 0.000000 0.000000 0.000000 0.000000 0.000000 0.984523 1.019872 0.000000 0.892683 0.786826 0.000000 0.000000 0.000000 0.000000 0.000000 0.000000 0.000000 0.000000 0.000000 0.000000 0.000000 0.000000 0.000000 0.000000 0.000000 0.000000 0.000000 0.000000 0.000000 0.000000 0.000000 0.000000 0.000000 0.000000 0.000000
0.000000 0.000000 0.000000 0.000000 0.000000 0.000000 0.000000 0.000000 0.000000 0.000000 0.000000 1.098628 1.023944 0.000000 0.826196 0.745825 0.000000 0.168311 -0.150882 0.000000 0.000000 0.000000 0.000000 0.000000 0.000000 0.000000 0.000000 0.000000 0.000000 0.000000 0.000000 0.000000 0.000000 0.000000 0.000000 0.000000 0.000000 0.000000 0.000000 0.000000
0.000000 0.328364 0.000000 0.000000 0.000000 1.186513 0.000000 0.000000 0.000000 0.000000 0.000000 0.000000 1.209937 1.478229 0.216956 1.194356 1.222957 0.044281 0.191514 0.000000 0.000000 0.000000 0.000000 1.212926 0.000000 0.000000 0.000000 0.000000 0.000000 0.000000 0.291100 0.000000 0.000000 0.000000 0.000000 0.000000 0.000000 0.070639 0.000000 0.369738
0.000000 0.000000 0.000000 0.000000 0.000000 0.000000 0.000000 0.000000 0.000000 0.000000 0.000000 0.000000 -0.227717 0.719646 0.887009 0.079639 0.980860 1.035892 0.117200 0.000000 0.000000 0.000000 0.000000 0.075585 0.000000 0.000000 0.000000 0.000000 0.000000 0.000000 0.749331 0.000000 0.000000 0.000000 0.000000 0.000000 0.000000 0.111045 0.000000 0.000000
0.000000 0.354111 0.000000 0.000000 0.000000 0.000000 0.000000 0.000000 0.000000 0.000000 0.000000 0.000000 0.165715 0.000000 1.153557 1.117671 0.000000 1.119319 0.950927 0.154189 0.000000 0.000000 0.000000 0.000000 0.000000 0.000000 0.000000 0.000000 0.000000 0.000000 0.000000 0.000000 0.000000 0.000000 0.000000 0.000000 0.000000 0.000000 0.000000 0.000000
0.000000 0.870946 0.000000 0.000000 0.000000 0.303805 0.000000 1.231139 0.000000 0.263220 0.354147 0.000000 0.260574 0.160463 0.020152 1.137720 1.347837 -0.023655 1.218295 1.092477 0.000000 0.000000 0.000000 0.000000 0.000000 0.000000 0.000000 0.000000 0.000000 0.000000 0.320785 0.000000 0.000000 0.000000 0.000000 0.000000 0.000000 1.118593 0.000000 0.000000
0.000000 0.000000 0.000000 0.000000 0.000000 0.000000 0.000000 0.000000 0.000000 0.000000 0.000000 0.000000 0.000000 0.000000 0.000000 0.000000 1.128363 1.216446 0.000000 1.068530 1.087587 1.312784 0.000000 0.000000 0.000000 0.000000 0.000000 0.000000 0.000000 0.000000 0.000000 0.000000 0.000000 0.000000 0.000000 0.000000 0.000000 0.000000 0.000000 0.000000
0.000000 0.000000 1.299217 0.000000 0.000000 0.000000 0.000000 0.000000 0.000000 0.000000 0.000000 0.000000 0.000000 0.000000 0.000000 0.000000 0.000000 1.076045 1.136644 0.000000 1.389560 1.192699 0.000000 0.000000 0.000000 0.000000 0.000000 0.000000 0.000000 0.000000 0.000000 0.000000 0.000000 0.000000 0.000000 0.000000 0.000000 0.000000 0.000000 0.000000
0.000000 0.000000 0.000000 0.000000 0.879829 0.080469 0.000000 0.000000 0.000000 0.000000 0.000000 0.000000 0.000000 0.000000 0.000000 0.000000 0.000000 0.000000 1.178914 1.013690 0.291717 1.212375 1.299467 0.000000 0.000000 0.000000 0.497858 0.000000 0.000000 0.000000 0.000000 0.000000 0.000000 0.000000 0.000000 0.000000 0.000000 0.000000 0.000000 1.277994
0.237965 0.000000 0.000000 0.000000 0.000000 0.000000 0.000000 0.000000 0.000000 0.000000 0.000000 0.108792 0.000000 0.000000 0.107633 0.000000 0.000000 0.000000 1.220831 1.083825 0.761348 0.000000 1.029090 0.989902 0.000000 0.061743 0.000000 0.000000 0.000000 0.000000 0.000000 0.000000 0.000000 0.000000 0.000000 0.000000 0.000000 0.000000 0.000000 0.000000
0.000000 0.904595 0.381186 0.000000 0.000000 0.000000 0.000000 0.000000 0.000000 0.000000 0.000000 0.000000 0.000000 0.000000 0.000000 0.000000 0.000000 0.000000 0.000000 0.000000 1.094640 0.965722 0.070467 1.304688 0.985779 0.075041 0.002806 0.000000 0.000000 0.000000 0.378288 0.000000 0.000000 0.000000 0.000000 0.000000 0.000000 0.000000 0.000000 0.000000
0.000000 0.000000 0.000000 0.000000 0.000000 0.000000 0.000000 0.000000 0.000000 0.000000 0.000000 0.000000 0.000000 0.000000 1.269044 0.000000 0.000000 0.000000 0.000000 0.000000 0.000000 1.178489 1.070088 0.061998 1.022551 0.858099 -0.193972 0.000000 0.000000 0.000000 0.000000 0.000000 0.000000 0.000000 0.000000 0.000000 0.000000 0.000000 0.000000 0.000000
0.000000 0.558028 0.000000 0.000000 0.000000 0.000000 0.000000 0.000000 0.000000 1.410352 0.000000 0.000000 0.000000 0.000000 0.000000 0.000000 0.000000 0.000000 0.000000 0.000000 0.322818 0.113472 0.946382 0.765419 -0.149128 0.844331 1.092079 0.000000 0.121908 0.000000 0.000000 0.000000 0.000000 0.000000 0.000000 0.000000 0.000000 0.000000 0.000000 0.000000
0.901071 0.203566 0.000000 0.000000 0.000000 0.000000 0.000000 0.000000 0.000000 0.000000 0.000000 0.000000 0.000000 0.000000 0.000000 0.000000 0.000000 0.000000 0.000000 0.000000 0.000000 0.136795 -0.062021 0.861805 1.358459 0.204959 1.112856 1.259673 0.134578 0.000000 0.000000 0.000000 0.000000 0.000000 1.245151 0.000000 0.000000 0.000000 0.000000 0.000000
0.270893 0.000000 0.000000 0.000000 0.000000 0.000000 0.000000 0.000000 0.000000 -0.097617 0.472258 1.256422 0.000000 0.000000 0.000000 0.000000 0.000000 0.000000 0.000000 0.000000 0.000000 0.000000 0.380231 0.417306 1.033886 1.049132 0.385940 1.051125 1.057547 0.000000 0.000000 0.000000 0.000000 0.000000 0.030940 0.000000 0.000000 0.000000 0.000000 0.000000
0.000000 0.000000 0.000000 0.000000 0.000000 0.000000 0.000000 0.000000 0.000000 0.000000 0.000000 0.000000 0.000000 0.000000 0.000000 0.000000 0.000000 0.000000 0.000000 0.000000 0.000000 0.000000 0.000000 0.000000 0.000000 1.015883 0.766029 0.000000 0.970983 1.080674 0.000000 0.000000 0.000000 0.000000 0.000000 0.000000 0.000000 0.000000 0.000000 0.000000
0.000000 0.000000 0.000000 0.000000 0.000000 0.000000 0.000000 0.000000 0.000000 0.188639 0.000000 0.000000 0.000000 0.000000 0.000000 0.000000 0.000000 0.000000 0.000000 0.000000 0.000000 0.000000 0.000000 0.000000 0.000000 0.000000 1.247175 1.185529 0.000000 1.181573 0.948255 0.000000 0.000000 0.000000 0.000000 0.000000 0.000000 0.000000 0.000000 0.000000
0.499093 0.000000 0.000000 0.000000 0.000000 0.000000 0.000000 0.000000 0.000000 0.000000 0.000000 0.000000 0.000000 0.000000 0.000000 0.000000 0.000000 0.009272 0.000000 0.000000 0.000000 0.000000 0.000000 0.000000 0.000000 0.000000 0.000000 1.329535 1.250190 0.024068 1.080927 1.206046 0.000000 0.000000 0.000000 0.000000 0.081075 0.892456 0.000000 -0.038923
0.000000 0.000000 0.000000 0.000000 0.000000 0.000000 0.000000 0.000000 0.000000 1.059334 -0.118149 0.000000 0.013523 0.000000 0.000000 1.125253 0.000000 0.000000 0.000000 0.000000 0.000000 0.000000 0.000000 0.000000 0.000000 0.000000 0.000000 0.000000 1.288316 1.202559 0.111415 1.021630 1.168223 0.000000 0.000000 0.000000 0.000000 0.000000 0.000000 0.000000
0.000000 0.000000 0.000000 0.000000 0.000000 0.000000 0.000000 0.000000 0.000000 0.000000 1.478284 0.000000 0.000000 0.000000 0.000000 0.000000 0.000000 0.000000 0.000000 0.000000 0.000000 0.000000 0.000000 0.000000 0.000000 0.000000 0.165985 0.000000 -0.071698 0.969765 1.003204 0.084490 0.985273 1.032711 0.000000 0.000000 0.000000 0.000000 0.000000 0.000000
0.000000 0.000000 0.000000 0.000000 0.000000 0.000000 0.000000 0.000000 0.000000 -0.114033 0.804310 0.000000 0.000000 0.000000 0.000000 0.000000 0.000000 0.000000 0.000000 0.000000 0.000000 0.000000 0.000000 0.000000 0.000000 0.000000 0.000000 0.000000 0.000000 0.000000 0.772646 0.995661 0.236549 1.456943 1.360481 0.000000 0.000000 0.000000 0.000000 0.000000
0.000000 0.000000 0.000000 0.000000 0.000000 0.000000 0.000000 0.000000 0.000000 -0.185711 -0.386223 0.000000 0.000000 0.000000 0.000000 0.000000 0.000000 0.000000 0.000000 0.000000 0.000000 0.000000 0.000000 0.000000 0.000000 0.000000 0.000000 0.000000 0.000000 -0.116064 -0.048082 0.877961 0.515153 -0.267418 0.482374 1.306280 1.321313 0.000000 0.000000 0.000000
0.000000 0.000000 0.000000 0.000000 0.000000 0.000000 0.000000 0.000000 0.000000 0.000000 0.000000 0.000000 0.000000 0.000000 0.000000 0.000000 0.000000 0.000000 0.000000 0.000000 0.000000 0.000000 0.000000 0.000000 0.000000 1.057609 -0.065734 0.000000 0.000000 0.000000 0.000000 0.000000 1.076226 1.157424 0.000000 1.073828 1.009610 0.000000 0.000000 0.000000
0.000000 0.000000 0.000000 0.000000 0.000000 0.000000 0.000000 0.000000 0.000000 0.000000 0.000000 0.000000 0.000000 0.000000 0.000000 0.000000 0.000000 0.000000 0.000000 0.000000 0.000000 0.000000 0.000000 0.000000 0.000000 0.000000 0.000000 0.000000 0.000000 0.000000 0.000000 0.202111 0.222727 1.231882 1.257332 0.000000 0.851554 1.257269 0.000000 0.233732
0.000000 0.000000 0.000000 0.000000 0.000000 0.000000 0.000000 0.000000 0.000000 0.000000 0.000000 0.000000 0.000000 0.000000 0.000000 0.000000 0.000000 0.000000 0.000000 0.000000 0.000000 0.000000 0.000000 0.000000 0.000000 0.000000 0.000000 0.000000 0.000000 0.000000 0.000000 0.000000 0.000000 0.000000 1.426735 0.794002 0.000000 0.000000 1.088419 0.000000
0.000000 0.000000 0.000000 0.000000 0.000000 0.000000 0.000000 0.000000 0.000000 0.000000 0.000000 0.000000 0.000000 0.204512 0.130793 0.000000 0.000000 1.088101 0.000000 0.000000 0.000000 0.000000 0.000000 0.000000 0.000000 0.000000 0.000000 0.000000 0.000000 1.343545 0.000000 0.000000 0.000000 0.000000 0.000000 1.377763 1.161464 0.390095 1.337253 1.130551
0.987449 0.141802 0.169481 0.000000 0.000000 0.006345 0.000000 0.000000 0.000000 0.000000 0.000000 0.000000 0.000000 0.000000 0.000000 0.000000 0.000000 -0.007087 0.000000 0.000000 0.000000 0.000000 0.000000 0.000000 0.000000 0.000000 0.000000 0.000000 0.000000 0.000000 0.000000 0.000000 0.000000 0.000000 0.000000 0.000000 1.067800 0.888224 -0.174585 0.749426
0.813663 1.184202 0.042427 -0.043635 0.414304 1.151451 0.225997 0.207891 0.000000 0.000000 0.000000 0.000000 0.000000 0.000000 0.000000 0.000000 0.000000 0.059005 0.000000 0.000000 1.228204 0.000000 0.271060 0.000000 0.000000 0.000000 0.000000 0.000000 0.000000 0.000000 0.000000 0.000000 0.000000 0.000000 0.000000 0.000000 0.000000 1.051307 0.992265 0.170395
