0.312551 0.833354 1.195660 0.257819 0.000000 0.297817 0.000000 0.000000 0.000000 0.000000 0.000000 0.000000 0.000000 0.000000 0.000000 0.000000 0.000000 0.000000 0.000000 0.000000 0.104116 0.000000 0.015174 0.288780 0.000000 1.372223 0.000000 0.000000 0.000000 0.000000 0.000000 0.000000 0.000000 0.000000 0.000000 0.000000 0.000000 0.239453 1.338451 1.296060
0.904267 -0.070739 0.878454 1.191146 0.000000 0.000000 0.000000 0.000000 0.000000 0.000000 0.000000 0.000000 0.000000 0.000000 0.000000 0.000000 0.000000 1.168910 0.000000 0.000000 0.189340 0.000000 1.085658 0.000000 0.000000 0.132276 0.000000 0.000000 0.000000 0.000000 0.000000 0.000000 0.000000 0.000000 0.000000 0.000000 0.137264 -0.048514 0.092247 0.942845
0.000000 0.000000 0.000000 1.277595 1.146092 0.000000 0.000000 0.000000 0.000000 0.000000 0.000000 0.000000 0.000000 0.000000 0.000000 0.000000 0.000000 0.000000 0.000000 1.173786 0.000000 0.000000 0.000000 0.000000 0.000000 0.000000 0.000000 0.000000 0.000000 0.000000 0.000000 0.146426 0.095623 0.000000 0.000000 0.000000 0.000000 0.000000 0.000000 0.000000
0.000000 1.077000 0.925490 0.000000 1.077137 0.908278 0.000000 0.000000 0.000000 0.000000 0.000000 0.000000 0.000000 0.000000 0.000000 0.000000 0.000000 0.000000 0.000000 0.000000 0.000000 0.000000 0.000000 0.000000 0.000000 0.000000 0.000000 0.000000 0.000000 0.000000 0.000000 0.000000 0.000000 0.000000 0.000000 0.000000 0.000000 0.000000 0.000000 -0.055464
0.000000 -0.012617 0.907197 1.407144 0.098302 0.810870 0.943281 -0.123234 0.000000 0.000000 0.000000 0.000000 0.000000 0.000000 0.000000 0.000000 0.000000 0.000000 0.000000 0.000000 0.714654 0.000000 0.000000 0.000000 0.000000 0.000000 0.000000 0.000000 0.000000 0.000000 0.000000 0.000000 0.000000 0.000000 0.000000 0.000000 0.000000 0.000000 0.000000 -0.041362
0.336293 0.284248 0.196027 1.005773 0.909909 0.057400 1.031805 0.954984 0.254125 0.000000 0.000000 0.000000 0.000000 0.000000 1.073412 0.000000 0.000000 0.000000 0.000000 0.000000 0.000000 0.000000 0.000000 0.000000 0.000000 0.000000 0.000000 0.000000 0.000000 0.000000 0.000000 0.000000 0.000000 0.000000 0.000000 0.000000 0.000000 0.037719 0.153235 0.847065
0.000000 0.000000 0.000000 0.000000 0.805731 0.875982 -0.065315 1.045968 0.910342 0.190137 0.000000 0.337479 0.000000 0.000000 0.000000 0.000000 0.000000 0.000000 0.000000 0.000000 0.000000 0.000000 0.000000 0.000000 0.000000 0.000000 0.000000 0.000000 0.000000 0.000000 0.000000 0.000000 0.000000 0.000000 0.000000 0.000000 0.000000 0.000000 0.000000 0.178129
0.000000 0.000000 0.000000 0.000000 0.000000 0.754416 1.262614 0.032442 1.299477 1.148594 0.261275 0.251136 0.040561 0.000000 0.272858 0.279523 0.000000 1.173709 0.000000 0.000000 0.000000 0.000000 0.000000 0.000000 0.000000 0.000000 0.000000 0.000000 0.000000 0.000000 0.089929 0.127899 0.159084 0.000000 0.000000 0.000000 0.000000 0.000000 0.000000 0.000000
0.000000 0.000000 0.000000 0.000000 0.000000 0.385132 0.748484 1.074158 0.042262 0.893041 1.383284 0.009701 0.306908 0.000000 0.000000 0.000000 0.000000 0.000000 0.000000 0.000000 0.000000 0.000000 0.000000 0.000000 0.000000 0.000000 0.000000 0.000000 0.000000 0.000000 0.000000 -0.241297 0.305201 0.000000 0.000000 0.000000 0.000000 0.000000 0.000000 0.000000
0.000000 0.000000 0.000000 0.000000 0.000000 0.000000 0.250249 1.315114 1.322794 0.174091 0.931220 0.907026 0.000000 0.000000 0.000000 0.000000 0.000000 0.000000 0.000000 0.302260 0.000000 0.000000 0.000000 0.000000 1.224693 0.000000 0.000000 0.000000 0.000000 0.000000 0.986440 0.000000 0.000000 0.000000 0.000000 0.000000 0.000000 0.000000 0.000000 0.000000
0.000000 0.000000 0.000000 0.000000 0.421687 0.126925 0.087317 0.143749 0.747157 0.945327 -0.325926 1.146862 0.899851 0.000000 0.000000 0.000000 0.000000 0.000000 0.000000 0.000000 0.000000 0.000000 0.000000 0.000000 0.000000 0.000000 0.000000 0.000000 0.000000 0.000000 0.230427 1.171122 0.968652 0.000000 0.000000 0.000000 0.000000 0.000000 0.000000 0.000000
0.000000 0.000000 0.000000 0.000000 0.000000 0.000000 0.000000 -0.236298 0.000000 1.035146 0.965852 -0.250759 1.197243 1.337736 0.000000 0.000000 0.000000 0.000000 0.000000 0.000000 0.000000 0.000000 0.000000 0.000000 0.000000 0.000000 0.904729 0.000000 0.000000 0.000000 0.006191 0.256185 0.150801 0.000000 0.000000 0.000000 0.000000 0.000000 0.000000 0.000000
0.000000 0.000000 0.000000 0.000000 0.000000 0.000000 0.000000 0.000000 0.000000 0.000000 0.986576 1.019635 0.000000 0.893544 0.785456 0.000000 0.000000 0.000000 0.000000 0.000000 0.000000 0.000000 0.000000 0.000000 0.000000 0.000000 0.000000 0.000000 0.000000 0.000000 0.000000 0.000000 0.000000 0.000000 0.000000 0.000000 0.000000 0.000000 0.000000 0.000000
0.000000 0.000000 0.000000 0.000000 0.000000 0.000000 0.000000 0.000000 0.000000 0.000000 0.000000 1.100148 1.022584 0.000000 0.824842 0.743458 0.000000 0.169436 -0.150866 0.000000 0.000000 0.000000 0.000000 0.000000 0.000000 0.000000 0.000000 0.000000 0.000000 0.000000 0.000000 0.000000 0.000000 0.000000 0.000000 0.000000 0.000000 0.000000 0.000000 0.000000
0.000000 0.326972 0.000000 0.000000 0.000000 1.186399 0.000000 0.000000 0.000000 0.000000 0.000000 0.000000 1.210507 1.482789 0.218912 1.191444 1.222926 0.045373 0.192985 0.000000 0.000000 0.000000 0.000000 1.212630 0.000000 0.000000 0.000000 0.000000 0.000000 0.000000 0.295080 0.000000 0.000000 0.000000 0.000000 0.000000 0.000000 0.063142 0.000000 0.367445
0.000000 0.000000 0.000000 0.000000 0.000000 0.000000 0.000000 0.000000 0.000000 0.000000 0.000000 0.000000 -0.227969 0.712107 0.885788 0.081902 0.980976 1.035033 0.115164 0.000000 0.000000 0.000000 0.000000 0.075445 0.000000 0.000000 0.000000 0.000000 0.000000 0.000000 0.747026 0.000000 0.000000 0.000000 0.000000 0.000000 0.000000 0.112818 0.000000 0.000000
0.000000 0.357953 0.000000 0.000000 0.000000 0.000000 0.000000 0.000000 0.000000 0.000000 0.000000 0.000000 0.163276 0.000000 1.157093 1.121338 0.000000 1.121736 0.949292 0.152465 0.000000 0.000000 0.000000 0.000000 0.000000 0.000000 0.000000 0.000000 0.000000 0.000000 0.000000 0.000000 0.000000 0.000000 0.000000 0.000000 0.000000 0.000000 0.000000 0.000000
0.000000 0.867385 0.000000 0.000000 0.000000 0.304439 0.000000 1.233815 0.000000 0.265474 0.353716 0.000000 0.262853 0.160057 0.020840 1.137002 1.349193 -0.024248 1.220660 1.089879 0.000000 0.000000 0.000000 0.000000 0.000000 0.000000 0.000000 0.000000 0.000000 0.000000 0.322193 0.000000 0.000000 0.000000 0.000000 0.000000 0.000000 1.114547 0.000000 0.000000
0.000000 0.000000 0.000000 0.000000 0.000000 0.000000 0.000000 0.000000 0.000000 0.000000 0.000000 0.000000 0.000000 0.000000 0.000000 0.000000 1.124452 1.215374 0.000000 1.064350 1.084465 1.318429 0.000000 0.000000 0.000000 0.000000 0.000000 0.000000 0.000000 0.000000 0.000000 0.000000 0.000000 0.000000 0.000000 0.000000 0.000000 0.000000 0.000000 0.000000
0.000000 0.000000 1.302804 0.000000 0.000000 0.000000 0.000000 0.000000 0.000000 0.000000 0.000000 0.000000 0.000000 0.000000 0.000000 0.000000 0.000000 1.075110 1.139911 0.000000 1.390465 1.191779 0.000000 0.000000 0.000000 0.000000 0.000000 0.000000 0.000000 0.000000 0.000000 0.000000 0.000000 0.000000 0.000000 0.000000 0.000000 0.000000 0.000000 0.000000
0.000000 0.000000 0.000000 0.000000 0.877402 0.081265 0.000000 0.000000 0.000000 0.000000 0.000000 0.000000 0.000000 0.000000 0.000000 0.000000 0.000000 0.000000 1.176063 1.016284 0.294088 1.211850 1.299157 0.000000 0.000000 0.000000 0.498968 0.000000 0.000000 0.000000 0.000000 0.000000 0.000000 0.000000 0.000000 0.000000 0.000000 0.000000 0.000000 1.280924
0.232594 0.000000 0.000000 0.000000 0.000000 0.000000 0.000000 0.000000 0.000000 0.000000 0.000000 0.110665 0.000000 0.000000 0.104813 0.000000 0.000000 0.000000 1.220739 1.086561 0.757791 0.000000 1.027223 0.983423 0.000000 0.057687 0.000000 0.000000 0.000000 0.000000 0.000000 0.000000 0.000000 0.000000 0.000000 0.000000 0.000000 0.000000 0.000000 0.000000
0.000000 0.904216 0.380117 0.000000 0.000000 0.000000 0.000000 0.000000 0.000000 0.000000 0.000000 0.000000 0.000000 0.000000 0.000000 0.000000 0.000000 0.000000 0.000000 0.000000 1.095974 0.965542 0.072434 1.306898 0.988316 0.070450 0.005013 0.000000 0.000000 0.000000 0.378237 0.000000 0.000000 0.000000 0.000000 0.000000 0.000000 0.000000 0.000000 0.000000
0.000000 0.000000 0.000000 0.000000 0.000000 0.000000 0.000000 0.000000 0.000000 0.000000 0.000000 0.000000 0.000000 0.000000 1.271874 0.000000 0.000000 0.000000 0.000000 0.000000 0.000000 1.172093 1.071436 0.064257 1.022347 0.858812 -0.197989 0.000000 0.000000 0.000000 0.000000 0.000000 0.000000 0.000000 0.000000 0.000000 0.000000 0.000000 0.000000 0.000000
0.000000 0.559161 0.000000 0.000000 0.000000 0.000000 0.000000 0.000000 0.000000 1.410344 0.000000 0.000000 0.000000 0.000000 0.000000 0.000000 0.000000 0.000000 0.000000 0.000000 0.322139 0.113508 0.944703 0.766531 -0.151872 0.835015 1.094657 0.000000 0.122348 0.000000 0.000000 0.000000 0.000000 0.000000 0.000000 0.000000 0.000000 0.000000 0.000000 0.000000
0.911364 0.206825 0.000000 0.000000 0.000000 0.000000 0.000000 0.000000 0.000000 0.000000 0.000000 0.000000 0.000000 0.000000 0.000000 0.000000 0.000000 0.000000 0.000000 0.000000 0.000000 0.140638 -0.062729 0.854591 1.361764 0.212740 1.112134 1.259974 0.134587 0.000000 0.000000 0.000000 0.000000 0.000000 1.242611 0.000000 0.000000 0.000000 0.000000 0.000000
0.266764 0.000000 0.000000 0.000000 0.000000 0.000000 0.000000 0.000000 0.000000 -0.096044 0.473747 1.253899 0.000000 0.000000 0.000000 0.000000 0.000000 0.000000 0.000000 0.000000 0.000000 0.000000 0.380688 0.422553 1.034767 1.054048 0.385681 1.052196 1.057212 0.000000 0.000000 0.000000 0.000000 0.000000 0.035194 0.000000 0.000000 0.000000 0.000000 0.000000
0.000000 0.000000 0.000000 0.000000 0.000000 0.000000 0.000000 0.000000 0.000000 0.000000 0.000000 0.000000 0.000000 0.000000 0.000000 0.000000 0.000000 0.000000 0.000000 0.000000 0.000000 0.000000 0.000000 0.000000 0.000000 1.016763 0.766849 0.000000 0.973548 1.084149 0.000000 0.000000 0.000000 0.000000 0.000000 0.000000 0.000000 0.000000 0.000000 0.000000
0.000000 0.000000 0.000000 0.000000 0.000000 0.000000 0.000000 0.000000 0.000000 0.190881 0.000000 0.000000 0.000000 0.000000 0.000000 0.000000 0.000000 0.000000 0.000000 0.000000 0.000000 0.000000 0.000000 0.000000 0.000000 0.000000 1.249551 1.180434 0.000000 1.182273 0.948131 0.000000 0.000000 0.000000 0.000000 0.000000 0.000000 0.000000 0.000000 0.000000
0.456222 0.000000 0.000000 0.000000 0.000000 0.000000 0.000000 0.000000 0.000000 0.000000 0.000000 0.000000 0.000000 0.000000 0.000000 0.000000 0.000000 0.008056 0.000000 0.000000 0.000000 0.000000 0.000000 0.000000 0.000000 0.000000 0.000000 1.332098 1.254568 0.021734 1.082009 1.208765 0.000000 0.000000 0.000000 0.000000 0.076995 0.899152 0.000000 -0.034309
0.000000 0.000000 0.000000 0.000000 0.000000 0.000000 0.000000 0.000000 0.000000 1.057772 -0.120166 0.000000 0.013122 0.000000 0.000000 1.124746 0.000000 0.000000 0.000000 0.000000 0.000000 0.000000 0.000000 0.000000 0.000000 0.000000 0.000000 0.000000 1.287286 1.202545 0.108880 1.017236 1.167002 0.000000 0.000000 0.000000 0.000000 0.000000 0.000000 0.000000
0.000000 0.000000 0.000000 0.000000 0.000000 0.000000 0.000000 0.000000 0.000000 0.000000 1.474629 0.000000 0.000000 0.000000 0.000000 0.000000 0.000000 0.000000 0.000000 0.000000 0.000000 0.000000 0.000000 0.000000 0.000000 0.000000 0.168203 0.000000 -0.076970 0.967673 1.003591 0.090734 0.989330 1.053763 0.000000 0.000000 0.000000 0.000000 0.000000 0.000000
0.000000 0.000000 0.000000 0.000000 0.000000 0.000000 0.000000 0.000000 0.000000 -0.112668 0.803270 0.000000 0.000000 0.000000 0.000000 0.000000 0.000000 0.000000 0.000000 0.000000 0.000000 0.000000 0.000000 0.000000 0.000000 0.000000 0.000000 0.000000 0.000000 0.000000 0.771555 0.994957 0.234639 1.459618 1.360754 0.000000 0.000000 0.000000 0.000000 0.000000
0.000000 0.000000 0.000000 0.000000 0.000000 0.000000 0.000000 0.000000 0.000000 -0.186957 -0.383838 0.000000 0.000000 0.000000 0.000000 0.000000 0.000000 0.000000 0.000000 0.000000 0.000000 0.000000 0.000000 0.000000 0.000000 0.000000 0.000000 0.000000 0.000000 -0.117531 -0.048261 0.875018 0.518946 -0.326983 0.480556 1.302873 1.317252 0.000000 0.000000 0.000000
0.000000 0.000000 0.000000 0.000000 0.000000 0.000000 0.000000 0.000000 0.000000 0.000000 0.000000 0.000000 0.000000 0.000000 0.000000 0.000000 0.000000 0.000000 0.000000 0.000000 0.000000 0.000000 0.000000 0.000000 0.000000 1.059153 -0.064199 0.000000 0.000000 0.000000 0.000000 0.000000 1.076050 1.161580 0.000000 1.077001 1.008315 0.000000 0.000000 0.000000
0.000000 0.000000 0.000000 0.000000 0.000000 0.000000 0.000000 0.000000 0.000000 0.000000 0.000000 0.000000 0.000000 0.000000 0.000000 0.000000 0.000000 0.000000 0.000000 0.000000 0.000000 0.000000 0.000000 0.000000 0.000000 0.000000 0.000000 0.000000 0.000000 0.000000 0.000000 0.202120 0.219755 1.249780 1.256950 0.000000 0.855317 1.259193 0.000000 0.228182
0.000000 0.000000 0.000000 0.000000 0.000000 0.000000 0.000000 0.000000 0.000000 0.000000 0.000000 0.000000 0.000000 0.000000 0.000000 0.000000 0.000000 0.000000 0.000000 0.000000 0.000000 0.000000 0.000000 0.000000 0.000000 0.000000 0.000000 0.000000 0.000000 0.000000 0.000000 0.000000 0.000000 0.000000 1.427398 0.792889 0.000000 0.000000 1.097475 0.000000
0.000000 0.000000 0.000000 0.000000 0.000000 0.000000 0.000000 0.000000 0.000000 0.000000 0.000000 0.000000 0.000000 0.207972 0.131164 0.000000 0.000000 1.089551 0.000000 0.000000 0.000000 0.000000 0.000000 0.000000 0.000000 0.000000 0.000000 0.000000 0.000000 1.344672 0.000000 0.000000 0.000000 0.000000 0.000000 1.378611 1.163891 0.383742 1.341268 1.133297
0.992426 0.148999 0.166074 0.000000 0.000000 0.005279 0.000000 0.000000 0.000000 0.000000 0.000000 0.000000 0.000000 0.000000 0.000000 0.000000 0.000000 -0.009016 0.000000 0.000000 0.000000 0.000000 0.000000 0.000000 0.000000 0.000000 0.000000 0.000000 0.000000 0.000000 0.000000 0.000000 0.000000 0.000000 0.000000 0.000000 1.066330 0.874717 -0.183556 0.754368
0.788332 1.177960 0.041119 -0.040739 0.419271 1.151151 0.226430 0.208731 0.000000 0.000000 0.000000 0.000000 0.000000 0.000000 0.000000 0.000000 0.000000 0.056904 0.000000 0.000000 1.228193 0.000000 0.274272 0.000000 0.000000 0.000000 0.000000 0.000000 0.000000 0.000000 0.000000 0.000000 0.000000 0.000000 0.000000 0.000000 0.000000 1.056623 0.993596 0.166757
