0.068443 -0.000123 0.620662 0.654987 0.000496 0.592659 0.654744 0.000952 0.000461 0.875140 0.676671 0.000016 0.487328 0.000745 -0.000225 -0.000798 0.000156 0.597598 0.000022 0.446486 -0.000736 -0.000831 0.000940 -0.000357 -0.000929 0.000013 0.000265 -0.000898 -0.000536 0.000035 0.660494 0.000169 0.000185 -0.000353 0.638323 0.001261 0.652156 0.000410 -0.000027 -0.000614
0.001065 0.001367 1.016501 0.001015 0.001610 0.001174 -0.000173 0.000709 0.000966 0.001657 -0.000102 0.000938 -0.000191 -0.000022 0.001110 0.000618 0.000470 0.000673 0.001608 0.043032 0.000906 0.000257 0.001004 -0.000348 -0.000396 0.000692 0.000987 0.000257 0.000427 0.000296 0.000828 0.000702 -0.000184 0.000985 -0.000151 -0.000328 0.001449 0.000316 0.000031 0.001644
1.031090 0.615528 0.189286 0.365334 0.621607 0.000807 0.000578 0.000682 0.572275 0.001375 0.000764 0.650630 -0.000635 -0.000165 0.000255 0.485251 -0.000776 0.000503 0.679734 0.012574 0.000579 0.000577 0.001727 0.597765 0.000534 0.543092 -0.000810 0.000115 0.000198 0.001342 0.000834 0.001126 -0.000229 -0.000401 0.700586 -0.000172 0.723354 0.000164 0.657417 0.686224
0.001611 -0.001055 0.001159 -0.000148 0.268855 0.168064 0.259368 0.018217 0.000838 -0.000733 0.000065 -0.000540 0.288663 0.379558 -0.000078 0.174157 -0.000925 0.000090 0.000492 0.000288 0.308244 0.835164 0.095598 0.000478 0.000417 -0.000563 -0.000207 0.000100 0.000659 0.234930 0.000059 0.158568 -0.000360 0.000926 -0.000509 -0.000630 -0.000685 0.000495 0.000325 -0.000762
-0.000369 -0.000471 0.966352 0.639393 0.000768 0.000059 0.000559 -0.000051 -0.000323 -0.000297 -0.001146 0.714038 0.000713 0.766983 0.000098 0.001378 0.000954 0.000978 0.000075 -0.000135 0.000424 0.012672 0.001408 -0.000481 0.000933 -0.000026 0.000680 0.721869 0.660972 0.001403 -0.000272 0.000664 0.000381 0.000576 0.000032 0.001066 -0.000794 0.706402 -0.000605 0.000454
0.717965 -0.000622 0.001410 0.681916 0.000933 -0.000336 0.001678 0.000966 0.000207 0.736119 0.000666 -0.000082 0.000640 -0.000599 0.716675 -0.000317 -0.000673 0.000308 0.588054 0.000547 0.000871 0.001307 0.001153 0.001041 -0.000104 0.000588 -0.000288 -0.000023 -0.000327 0.001305 0.000443 0.000259 0.000456 -0.000107 0.000142 0.000069 0.000209 0.000666 0.589912 0.000774
0.664781 -0.000512 0.000801 0.891493 0.001009 0.001005 0.000662 0.605220 0.001348 0.000611 0.664753 0.000985 -0.000616 0.000146 0.001213 -0.000388 0.632776 0.000715 -0.000565 0.000847 -0.000096 0.000206 0.000464 0.000157 0.000675 0.001500 -0.000282 0.000602 0.000443 -0.000236 0.000626 0.001050 0.000644 0.680683 0.000754 0.000884 -0.000220 0.001038 0.001245 -0.000292
-0.000084 0.000851 0.000709 1.073822 0.001474 0.001139 0.998179 0.000053 0.575120 0.000435 0.001065 -0.000254 0.000209 0.000434 0.000129 0.000197 0.725519 0.000913 -0.000653 0.000366 0.000067 -0.000233 0.000409 -0.000173 0.801175 0.001304 0.000940 0.001198 0.001246 0.000705 -0.000477 0.000003 0.000956 -0.000476 0.000442 -0.000200 -0.000358 0.000075 -0.000675 0.000710
0.001160 0.000725 0.819173 0.265281 -0.000633 0.000353 0.000042 0.736158 0.000636 0.000804 0.000163 0.001039 0.000464 0.000466 -0.000310 0.001134 0.000068 0.000067 0.001190 0.116541 0.000316 0.000099 0.000359 0.000995 -0.000246 0.000325 0.001488 0.000746 -0.000431 0.001388 -0.000399 -0.000701 0.001365 0.000292 0.000204 -0.000273 0.001448 0.001037 0.000438 -0.000228
0.267742 0.000388 0.000328 0.000026 0.000007 0.685431 -0.001019 0.000481 -0.000571 0.000811 -0.000135 0.000129 -0.000033 -0.001010 0.503309 -0.000306 -0.000067 -0.000472 0.001117 0.511179 -0.000334 0.000710 -0.000561 0.001053 -0.001176 0.000651 -0.000389 0.000182 0.000702 0.503429 0.584996 0.000957 0.613419 -0.000014 -0.000345 0.000249 0.000225 -0.000958 0.000503 0.000752
0.561202 -0.000519 -0.000430 0.000431 0.000570 -0.000012 0.760026 0.001113 0.000416 0.001507 0.000275 0.001098 0.001041 0.000346 0.000735 -0.000930 0.000599 0.000394 -0.000378 -0.000255 -0.001011 0.000713 0.000279 0.001121 0.000788 0.000189 -0.000052 -0.000361 -0.000036 0.000215 0.000865 0.000235 -0.001326 0.000786 0.000207 -0.000450 -0.000190 -0.000989 -0.000172 0.000392
0.000414 0.000996 0.417820 0.084288 0.686251 0.001111 -0.000198 0.000125 -0.000023 0.001713 0.000677 -0.000198 -0.000410 0.000570 0.000803 -0.000057 -0.000480 0.000922 0.001577 0.000134 0.000689 -0.000064 0.000327 0.001187 0.000503 0.000263 0.000427 -0.000681 0.657206 0.001132 -0.000291 -0.000157 -0.000102 -0.000437 0.000434 -0.000079 0.001366 -0.000735 0.000290 -0.000033
0.947807 -0.000330 0.000089 0.793565 0.000203 0.001399 0.000061 0.000222 -0.000241 0.001113 -0.000171 0.000350 0.000834 -0.000754 0.000388 0.000608 0.001343 -0.000391 0.000467 0.000444 -0.000086 -0.000028 -0.000400 -0.000486 -0.000407 0.000237 -0.000218 0.000576 -0.000626 0.000059 -0.000222 0.000676 0.000813 0.000005 0.000610 0.001098 0.000571 0.000767 0.000697 0.000348
0.000839 -0.000561 0.182616 0.688987 0.700694 0.001277 0.001602 0.000426 0.000390 -0.000401 0.000643 0.001188 0.001545 0.000169 0.000266 0.000967 0.001056 0.000525 -0.000998 0.001014 0.849450 0.000024 -0.000189 0.000461 0.001507 -0.000583 0.000072 0.608207 0.000623 -0.000333 -0.000912 0.001283 0.000923 0.628327 0.000052 0.000270 -0.000013 -0.000253 0.000691 -0.000850
-0.000416 -0.000231 0.001751 0.000462 0.001022 0.791242 0.000526 0.000665 0.000656 0.599839 -0.000484 0.001454 -0.000229 -0.000303 0.001150 0.000253 -0.000039 0.331645 0.000333 0.000405 0.000666 0.486743 0.000482 0.000879 0.000874 -0.000732 -0.000339 -0.000336 0.000428 0.001103 0.000215 0.001034 -0.000469 0.000435 0.000133 0.000427 0.000211 -0.000105 0.000059 0.000238
0.000242 0.000192 0.946927 0.886623 0.000399 0.000553 0.000675 0.001333 -0.000062 0.001064 0.000409 0.000978 0.000485 -0.000895 -0.000300 -0.000463 0.000565 0.000954 -0.000224 0.000600 0.000349 0.001508 0.000744 0.000101 0.000043 0.000394 0.000767 0.001092 0.000374 0.000325 0.000907 0.001080 -0.000524 0.000288 0.000023 0.000727 -0.000011 0.001069 -0.000528 0.001273
-0.000223 -0.000040 -0.000308 0.001255 -0.001141 -0.000883 0.615306 0.513113 -0.000595 -0.000807 0.000972 -0.000729 0.000241 -0.000121 -0.000221 -0.000679 -0.000545 0.000447 -0.000231 0.000060 -0.000983 0.000667 -0.001111 0.000880 0.000944 0.000558 -0.000247 0.000275 -0.000159 -0.000559 -0.000162 0.000617 -0.000103 0.000941 0.000342 0.581409 -0.000017 -0.001006 -0.000765 0.000624
0.927150 -0.000338 0.001196 0.000813 0.000879 0.000806 -0.000286 -0.000306 0.000001 0.000252 0.001131 0.000502 0.000955 0.000172 0.773875 -0.000961 0.000515 0.001505 -0.000341 0.001229 0.000825 -0.000003 -0.000186 -0.000033 0.000726 0.001102 0.000618 0.000179 0.000527 0.000171 -0.000146 0.000123 0.000492 -0.000335 -0.000496 0.635298 0.000028 0.001085 -0.000852 -0.000005
0.001250 0.000928 0.908433 -0.000039 0.001254 0.821436 -0.000280 0.000984 0.000968 0.001206 0.000750 0.000717 0.001101 0.000326 0.001473 0.000753 -0.000727 0.001313 0.001366 0.000997 0.001205 0.001642 0.000812 0.000848 -0.000539 0.000203 0.000400 0.000634 0.000541 0.000424 0.000593 0.000940 -0.000347 0.000299 -0.000308 0.000724 0.000534 0.000061 0.001547 0.001178
0.628681 0.000789 0.001392 0.001251 -0.000270 0.000389 -0.000463 0.000700 0.000011 0.582341 -0.000223 0.000658 0.000241 -0.000163 -0.000204 -0.000476 0.000789 -0.000498 0.000685 -0.000158 0.000229 -0.000460 0.303215 0.000064 0.000044 -0.000345 0.001055 -0.000370 0.000216 -0.000013 0.001144 0.404399 0.000480 -0.000910 0.000106 0.000917 0.001136 -0.000140 -0.000307 0.000441
0.000636 -0.000112 0.001040 0.440367 0.000202 0.000720 -0.000428 -0.000660 -0.000347 0.001099 -0.000354 -0.000876 -0.000736 0.396343 0.000084 -0.000129 0.001121 0.000857 -0.000429 -0.000741 0.000375 -0.000031 -0.000417 0.370168 0.000449 0.349414 0.000630 -0.000618 0.000620 -0.000784 0.000816 -0.000606 -0.000032 0.000895 -0.000815 -0.000532 -0.001054 -0.000017 0.000466 0.000381
0.000240 -0.000000 0.000492 1.058046 -0.000032 0.000682 0.000730 0.000970 0.000826 -0.000310 0.000119 -0.000310 0.001451 0.131411 0.410833 -0.000048 0.000973 -0.000694 0.000007 -0.000523 0.001231 0.001123 0.074015 0.001227 0.542075 -0.000771 0.405153 0.000840 -0.000063 0.000483 -0.001045 0.001694 -0.000882 0.000118 0.000356 -0.000287 -0.000327 -0.000121 0.000633 0.000511
0.000072 -0.000384 0.001609 0.990160 0.000778 0.001608 -0.000247 0.124626 -0.000511 -0.000154 0.000722 0.001559 -0.000324 0.001441 0.001330 0.031703 -0.000233 -0.000489 -0.000254 0.749486 0.000670 0.000798 0.036461 0.001359 0.000445 0.000341 -0.000665 -0.000369 0.000844 0.000333 0.000169 0.000377 0.000278 -0.000191 0.000899 0.000201 -0.000539 0.680629 0.000121 0.637489
0.000773 -0.000220 0.187919 0.000642 0.000163 0.000000 0.001071 -0.000236 0.001120 0.000216 0.000055 0.000854 -0.001085 0.000052 -0.000993 0.000876 0.000312 0.001060 0.001123 0.001063 0.558196 0.000920 0.000835 0.000347 -0.001109 0.000039 0.476835 0.000037 -0.000429 -0.000404 0.000920 -0.000342 -0.000791 0.000664 0.000337 0.000549 0.001094 0.000360 -0.000504 0.000766
0.108206 0.000315 0.000359 0.000507 0.001061 0.000601 0.048932 1.047094 0.000357 0.001473 -0.000508 -0.000439 -0.000653 -0.000021 0.001436 -0.000375 0.000417 -0.000301 0.000824 0.000427 0.000848 0.746547 0.158052 0.000803 0.001108 0.000066 0.001128 0.000660 0.000728 0.001133 -0.000139 0.057926 0.000886 0.000369 0.000008 0.001143 -0.000625 0.000630 0.000873 0.000923
0.000213 0.001473 0.965068 0.001068 0.000541 -0.000156 -0.000819 -0.000540 0.000106 -0.000624 0.001128 0.000141 0.000136 0.000582 0.001483 -0.000303 0.000476 -0.000321 -0.000066 0.002746 0.630189 -0.000057 0.000123 0.000480 -0.000936 0.000048 0.000278 -0.000701 0.000876 -0.000483 0.001362 0.000354 0.000109 -0.000843 0.000524 -0.000101 0.000153 0.000182 -0.000107 0.000411
0.000715 -0.000055 -0.000230 0.001057 0.000729 0.001476 0.000484 0.001544 0.000057 -0.000347 -0.000041 0.000347 0.000640 0.001337 0.001284 0.000093 0.000542 -0.000855 -0.000554 0.001226 0.001469 0.382572 0.000093 0.495374 -0.000258 -0.000120 0.000675 -0.000509 0.000001 0.001533 -0.001113 0.001087 0.000669 -0.000005 -0.000275 -0.000091 0.000480 0.000752 -0.000537 0.000644
0.001078 -0.000944 0.000338 0.081931 1.100390 -0.000110 0.000724 -0.000001 0.000340 -0.000727 0.000324 0.000405 0.001038 1.049300 0.000442 0.000266 -0.000795 0.000014 -0.000329 0.000008 0.001119 0.000286 0.000752 0.000880 0.000117 0.000018 0.000669 0.000468 0.001135 0.001462 -0.001316 0.001450 0.000762 0.000333 -0.000089 -0.001002 -0.001145 0.000591 -0.000970 -0.000047
-0.000175 -0.000116 0.001258 0.070556 0.881430 -0.000452 0.000746 -0.000297 0.000759 -0.000123 0.001003 0.752904 0.000655 0.001280 0.000593 0.001506 0.000933 -0.000799 -0.000618 0.000265 0.000457 0.000186 0.000062 -0.000102 0.000259 0.001505 -0.000423 0.000729 -0.000568 -0.000139 -0.000680 0.000955 0.000035 -0.000306 -0.000608 -0.000773 0.001104 -0.000470 -0.000755 0.000509
0.001022 -0.000175 0.132381 0.544516 0.000039 0.070721 0.000522 -0.000300 0.000543 0.693577 0.000534 -0.000464 0.001530 -0.000139 -0.000314 0.000375 -0.000804 0.000894 -0.000092 0.000569 0.000902 0.000460 0.001438 -0.000490 -0.000247 -0.000508 -0.000002 0.000517 -0.000519 0.001283 0.000767 0.000024 0.490669 -0.000190 0.000377 0.000221 0.000323 0.000862 0.000296 -0.000131
1.019096 -0.000210 0.001533 0.015837 0.001060 0.001127 0.000967 0.000280 -0.000450 0.825610 0.000827 0.000950 0.000304 0.000447 -0.000047 -0.000607 0.000648 0.001435 0.001149 0.000174 0.000091 -0.000624 0.000988 0.000458 -0.000278 0.000755 -0.000755 -0.000528 -0.000458 -0.000414 0.000309 0.000247 0.000969 0.000504 0.001092 -0.000242 -0.000189 0.000142 0.001276 0.001192
0.000979 -0.000556 0.001441 0.545264 -0.000163 -0.000467 -0.000402 0.000162 0.000103 0.000563 0.000323 0.000163 -0.000443 0.000891 0.000114 0.000356 0.000336 0.000287 -0.000763 0.384843 0.000355 0.000388 0.001436 0.000310 0.001491 -0.000334 -0.000154 0.000668 0.001237 0.000420 -0.001104 -0.000503 -0.000094 -0.000341 0.000238 -0.000012 0.000023 0.000545 0.000281 0.000550
0.054635 -0.000588 0.001198 0.114167 0.000864 0.001271 -0.000307 0.000223 0.000286 1.149896 0.000445 0.000056 -0.000527 0.000888 0.001569 -0.000331 0.000669 0.000266 -0.000334 0.000294 -0.000873 0.001421 0.001621 0.001626 0.000687 0.001057 0.000721 -0.000394 -0.000166 0.703431 -0.000499 0.000557 0.000458 0.001184 0.000946 0.000476 0.001222 0.001325 0.000340 0.000225
-0.000307 -0.000452 0.001113 0.001099 -0.000627 0.000889 0.488305 0.001398 -0.000733 -0.000147 -0.000336 0.000562 0.000679 0.406051 -0.000504 0.001109 -0.001032 0.000181 -0.000786 -0.000704 -0.000393 0.000411 0.000373 0.000109 -0.000436 -0.000256 0.000305 0.000391 -0.000107 -0.000522 0.001012 0.000987 0.000369 0.000646 -0.000099 -0.000856 0.000530 -0.000734 0.000535 0.000651
0.724341 0.001387 1.064249 0.100171 0.000541 0.000826 -0.000534 0.000408 0.001207 0.000754 -0.000068 0.000007 0.000152 -0.000001 -0.000305 0.000819 0.000570 0.001288 0.001260 0.001095 0.000034 -0.001242 0.000789 0.000714 0.000237 -0.000037 -0.000638 -0.000128 -0.000511 0.000992 0.001334 -0.000551 -0.000340 0.000577 0.001106 0.000557 0.000990 0.000125 0.000346 0.000682
-0.000247 -0.001192 -0.000921 -0.001064 -0.000966 0.000450 -0.000052 -0.000848 -0.000609 -0.000802 -0.000924 -0.000044 -0.000788 -0.001197 -0.000054 -0.000969 0.493830 0.346001 0.000322 0.000839 -0.001207 0.000143 -0.000320 0.000461 0.000077 -0.000940 0.000670 -0.001136 0.000161 -0.000715 -0.000379 -0.000957 0.000633 -0.001069 -0.001035 -0.000666 -0.000325 -0.000454 0.000117 -0.000928
1.080684 0.001278 0.962672 0.201685 -0.000522 0.001287 0.001414 0.001304 0.000731 0.000123 0.000911 0.001152 0.001024 -0.000918 0.000136 -0.000410 -0.000156 0.001611 0.000431 0.000513 0.000937 -0.000602 0.000607 0.000209 -0.001205 0.000076 0.000807 0.000695 0.000089 0.000140 0.000727 0.001138 0.000979 0.000009 0.001134 0.000500 0.000273 -0.000045 0.000290 0.000486
0.000452 0.000010 0.029865 0.001008 0.906650 0.001575 -0.000140 -0.000026 0.001128 0.000072 -0.000615 0.001439 0.001531 0.000998 0.000718 -0.000114 0.000875 0.000963 -0.000448 0.000086 0.014972 0.000071 0.775274 -0.000453 0.000454 -0.000398 0.001368 -0.000102 0.000182 0.000664 -0.000153 0.000760 0.000152 -0.000128 -0.000068 -0.001081 -0.000088 0.000311 -0.000410 0.001269
0.242060 -0.000148 0.626139 0.001726 0.000849 0.850419 0.000150 0.000187 0.000399 0.000890 0.000668 0.000890 0.000541 0.000419 0.001329 0.000894 0.001105 -0.000508 0.001178 0.000033 -0.000741 -0.000146 0.000010 -0.000050 -0.000703 0.001633 -0.000491 0.000961 -0.000271 -0.000202 0.001013 -0.000688 0.000498 0.001264 -0.000350 0.000888 0.000190 -0.000507 -0.000565 -0.000027
-0.000027 0.000492 1.046826 0.167437 0.124022 0.000019 0.000754 0.000494 -0.000230 -0.000540 0.001259 0.000509 -0.000460 0.000452 0.001108 0.000309 -0.000212 -0.000656 0.001274 0.000088 0.024697 0.000827 0.649362 0.000681 0.000172 0.001216 -0.000058 0.000808 0.000396 0.000268 0.000406 -0.000207 0.000958 0.001172 0.000420 0.000309 0.001333 0.000816 0.001654 -0.000037
