0.114673 0.200971 0.137981 0.100125 0.093516 0.133217 0.167986 0.124835 0.171675 0.153459 0.175758 0.108177 0.076760 0.173273 0.242660 0.243830 0.138284 0.214504 0.181655 0.096758 0.185809 0.170099 0.069812 0.123779 0.196672 0.115548 0.127998 0.143786 0.121731 0.202081 0.142420 0.066548 0.122620 0.151404 0.140314 0.086790 0.155756 0.192664 0.162757 0.090666 0.198111 0.137587 0.174539 0.148141 0.091708 0.225912 0.097269 0.162717 0.067669 0.074335 0.147002 0.245260 0.121389 0.107294 0.140619 0.127288 0.088228 0.209872 0.067126 0.136382 0.087221 0.125429
0.153269 0.315452 0.115003 0.137178 0.105240 0.154668 0.223546 0.187896 0.211120 0.215565 0.167228 0.141644 0.114226 0.217603 0.246186 0.189066 0.207554 0.312309 0.178699 0.182730 0.239674 0.185557 0.146405 0.167758 0.167816 0.209433 0.210847 0.244341 0.185652 0.202873 0.165868 0.147163 0.166576 0.218833 0.162181 0.120182 0.250969 0.244877 0.187781 0.124240 0.222138 0.222504 0.160617 0.159140 0.152610 0.250981 0.125303 0.150057 0.114929 0.124733 0.171964 0.226134 0.135506 0.146540 0.217017 0.139471 0.121339 0.250186 0.119707 0.198565 0.126893 0.148022
0.098019 0.202183 0.091217 0.081128 0.093956 0.122488 0.121402 0.113998 0.144842 0.112039 0.162451 0.083268 0.064170 0.179755 0.193709 0.160663 0.111993 0.185985 0.176834 0.100540 0.147881 0.138048 0.066551 0.119074 0.141915 0.123786 0.132201 0.139923 0.148968 0.173789 0.122268 0.081540 0.102148 0.125708 0.134263 0.085973 0.145692 0.189052 0.160251 0.085124 0.163335 0.150281 0.169456 0.102740 0.122846 0.183444 0.084589 0.142561 0.098334 0.054901 0.130326 0.203388 0.092864 0.110256 0.140961 0.088905 0.097139 0.164805 0.074833 0.141281 0.070076 0.129347
0.131614 0.195159 0.103709 0.123480 0.093602 0.116899 0.138595 0.138199 0.198482 0.153886 0.150161 0.118098 0.105058 0.183276 0.261906 0.194127 0.167097 0.202850 0.181849 0.098974 0.213006 0.189768 0.104095 0.157496 0.182809 0.148280 0.139008 0.177170 0.147165 0.201041 0.140509 0.107209 0.126734 0.213720 0.136904 0.100409 0.212067 0.231197 0.193134 0.107380 0.203364 0.136733 0.145368 0.156234 0.133153 0.228927 0.106619 0.120500 0.079733 0.110317 0.163731 0.206106 0.126249 0.108093 0.131728 0.138125 0.073869 0.211134 0.100815 0.176250 0.083978 0.114825
0.215596 0.266001 0.173339 0.172996 0.173466 0.229241 0.270147 0.160394 0.258898 0.267616 0.174889 0.167447 0.141370 0.297555 0.306290 0.299847 0.209395 0.335029 0.339095 0.164462 0.264680 0.317868 0.147425 0.203475 0.327697 0.194102 0.182886 0.210825 0.185002 0.369906 0.182975 0.155916 0.217408 0.282061 0.205959 0.160565 0.274150 0.326679 0.250200 0.148015 0.258599 0.233581 0.218495 0.228633 0.177221 0.417025 0.184268 0.201242 0.110281 0.142080 0.256505 0.481058 0.186751 0.148438 0.229896 0.207758 0.154889 0.322103 0.138852 0.222643 0.150521 0.182409
0.126962 0.218265 0.114683 0.088211 0.119503 0.191364 0.238790 0.137526 0.155199 0.254647 0.144301 0.109105 0.093208 0.298068 0.210504 0.158783 0.131644 0.247832 0.190746 0.129132 0.168171 0.176301 0.100726 0.131243 0.194061 0.113489 0.125321 0.150674 0.145585 0.229243 0.122832 0.094151 0.174856 0.164449 0.138040 0.096831 0.170968 0.228297 0.172927 0.112372 0.187503 0.196151 0.152394 0.148750 0.104884 0.243557 0.126123 0.135555 0.102073 0.089293 0.171499 0.251975 0.114454 0.106738 0.233845 0.121131 0.143478 0.325048 0.072363 0.139306 0.114171 0.137248
0.116232 0.172150 0.084064 0.077261 0.080470 0.120285 0.179206 0.104455 0.122441 0.204496 0.144641 0.067355 0.081018 0.233708 0.211861 0.145477 0.092734 0.254914 0.176537 0.077650 0.144952 0.163864 0.089830 0.121098 0.143237 0.115260 0.099277 0.153386 0.092205 0.184565 0.107734 0.114491 0.125498 0.169388 0.109000 0.105268 0.145765 0.188702 0.166323 0.104713 0.137874 0.140449 0.125885 0.118850 0.114266 0.209315 0.124744 0.115529 0.056834 0.071335 0.135851 0.224963 0.118154 0.081819 0.179279 0.102307 0.120771 0.240824 0.073018 0.122859 0.093090 0.136961
0.148401 0.220639 0.125645 0.086134 0.092867 0.168109 0.216941 0.143704 0.160296 0.197181 0.161304 0.119686 0.077187 0.227919 0.184865 0.155572 0.148637 0.225499 0.149632 0.172557 0.175133 0.126631 0.099890 0.122265 0.163823 0.127335 0.142652 0.154273 0.148587 0.179632 0.153712 0.070959 0.169608 0.145330 0.116231 0.088483 0.164286 0.193529 0.138138 0.097821 0.206779 0.180358 0.155142 0.125125 0.097718 0.174667 0.100321 0.152879 0.076702 0.080921 0.134661 0.195294 0.097801 0.124296 0.193588 0.127067 0.078146 0.223833 0.061562 0.124852 0.093070 0.101859
0.087661 0.185473 0.076909 0.104258 0.092275 0.111134 0.146120 0.126890 0.148289 0.132549 0.106841 0.098500 0.059488 0.169947 0.206484 0.150520 0.131034 0.195811 0.155136 0.127648 0.211016 0.145001 0.094976 0.155747 0.160984 0.128663 0.117490 0.114500 0.142359 0.163093 0.136529 0.099993 0.118348 0.183556 0.127238 0.116918 0.219861 0.233381 0.115876 0.098413 0.153037 0.130972 0.130818 0.125803 0.094205 0.233401 0.121208 0.126647 0.081936 0.081471 0.121904 0.219801 0.102642 0.132799 0.133947 0.112210 0.116067 0.192655 0.098996 0.178361 0.085374 0.112071
0.140182 0.227603 0.129985 0.113125 0.122480 0.191455 0.252370 0.140789 0.213386 0.247481 0.164287 0.104285 0.093459 0.313620 0.255721 0.201300 0.170782 0.277871 0.203371 0.138103 0.185126 0.215976 0.112695 0.138953 0.207255 0.139273 0.140236 0.162674 0.148318 0.231371 0.158053 0.108834 0.186703 0.214366 0.156409 0.094692 0.207871 0.247020 0.199691 0.139037 0.211091 0.217301 0.164418 0.172377 0.123828 0.268445 0.130826 0.176530 0.089684 0.124856 0.186800 0.281890 0.143677 0.116168 0.206160 0.149489 0.128701 0.301482 0.084506 0.143265 0.099263 0.135510
0.140176 0.189161 0.133018 0.110617 0.089377 0.115040 0.155662 0.101953 0.137158 0.146722 0.131897 0.087770 0.062551 0.189059 0.207938 0.169647 0.127600 0.189142 0.195195 0.064918 0.159814 0.145496 0.074900 0.104303 0.175020 0.091764 0.109584 0.126784 0.122234 0.229277 0.123656 0.071704 0.120979 0.142021 0.132357 0.082810 0.120328 0.204851 0.173268 0.071665 0.167800 0.123672 0.160972 0.135374 0.132309 0.204591 0.085696 0.161122 0.059005 0.078608 0.164918 0.223503 0.112219 0.090986 0.115482 0.119430 0.069613 0.192904 0.067519 0.126366 0.073152 0.107920
0.202089 0.253668 0.162083 0.168345 0.174742 0.226272 0.264123 0.160909 0.250020 0.267716 0.176734 0.166119 0.138799 0.294941 0.302319 0.292691 0.203298 0.335238 0.329085 0.165987 0.258210 0.315867 0.145018 0.207656 0.330568 0.193418 0.181668 0.204439 0.177814 0.361847 0.176685 0.153868 0.209460 0.279978 0.207370 0.156857 0.266405 0.317856 0.241628 0.144832 0.262666 0.238478 0.216204 0.224840 0.166354 0.411064 0.185678 0.195415 0.118843 0.134843 0.243840 0.479999 0.181833 0.144785 0.229577 0.200377 0.156608 0.319432 0.133492 0.220683 0.147399 0.188308
0.123331 0.150313 0.085830 0.060676 0.083228 0.093642 0.103745 0.094678 0.128835 0.162962 0.129496 0.076927 0.068666 0.163775 0.187657 0.160596 0.082431 0.154695 0.144647 0.068809 0.147990 0.137234 0.078939 0.088395 0.138485 0.090930 0.095999 0.109518 0.074259 0.166349 0.101361 0.067613 0.113142 0.172456 0.090313 0.083370 0.149670 0.181328 0.141494 0.082323 0.127288 0.103307 0.133093 0.111441 0.091862 0.155495 0.107654 0.110405 0.056194 0.066963 0.140811 0.187085 0.081456 0.061940 0.134551 0.095821 0.061282 0.200600 0.073304 0.098081 0.074290 0.095240
0.173882 0.249156 0.134971 0.116921 0.125678 0.203716 0.305935 0.163162 0.165415 0.296439 0.165744 0.124031 0.123132 0.262831 0.199908 0.174410 0.163774 0.307880 0.181137 0.171150 0.193936 0.173137 0.110437 0.143129 0.203831 0.159093 0.148249 0.211438 0.145692 0.240286 0.168986 0.131501 0.202608 0.190971 0.141148 0.112506 0.199016 0.241702 0.157008 0.146529 0.208812 0.245088 0.173505 0.171094 0.116486 0.256857 0.140346 0.151606 0.106769 0.099470 0.183592 0.256611 0.138437 0.117113 0.246769 0.140649 0.142714 0.304772 0.086281 0.153112 0.110412 0.155429
0.143911 0.150648 0.098136 0.120064 0.102308 0.083904 0.114859 0.071672 0.170501 0.116478 0.089201 0.086085 0.085224 0.111278 0.195854 0.175980 0.168056 0.159531 0.158063 0.049529 0.148861 0.151246 0.072655 0.121879 0.173530 0.124855 0.087847 0.120399 0.108890 0.201159 0.089173 0.099694 0.111965 0.204323 0.115021 0.087069 0.165684 0.207705 0.179356 0.045794 0.183017 0.090507 0.109551 0.109673 0.100635 0.190218 0.066521 0.124110 0.038471 0.073512 0.174992 0.213600 0.129455 0.094333 0.109184 0.121662 0.050824 0.126447 0.070036 0.124381 0.055591 0.052937
0.174860 0.183092 0.134740 0.129470 0.130360 0.167255 0.206799 0.129720 0.173908 0.190760 0.162389 0.116126 0.107430 0.203279 0.217676 0.227546 0.127765 0.254818 0.270323 0.113468 0.181578 0.215877 0.113729 0.163054 0.251852 0.131137 0.158742 0.179423 0.138300 0.274128 0.140005 0.132149 0.137243 0.158974 0.132919 0.125978 0.185949 0.213123 0.163510 0.114034 0.197588 0.162943 0.161017 0.161504 0.149440 0.307363 0.146195 0.146733 0.095238 0.090706 0.200874 0.313863 0.157513 0.115453 0.184740 0.159254 0.129722 0.232596 0.089078 0.184236 0.104394 0.171016
0.120459 0.166405 0.094562 0.066115 0.086606 0.117030 0.141137 0.091656 0.112803 0.178123 0.130686 0.072226 0.076286 0.195245 0.190936 0.158429 0.121319 0.196570 0.142127 0.080683 0.191208 0.130832 0.105425 0.091978 0.126347 0.113066 0.076832 0.147335 0.103514 0.166605 0.111265 0.092059 0.124001 0.184171 0.101239 0.087867 0.168989 0.191929 0.174998 0.092818 0.142369 0.137777 0.128580 0.115472 0.088939 0.185253 0.115077 0.101296 0.030093 0.071133 0.129456 0.189330 0.098769 0.088238 0.166211 0.084365 0.086293 0.211269 0.070353 0.119462 0.089802 0.089224
0.206298 0.307667 0.149764 0.165888 0.136469 0.199038 0.293866 0.190719 0.245652 0.272330 0.163887 0.167956 0.132061 0.265616 0.277157 0.234244 0.215109 0.365764 0.262484 0.161016 0.243759 0.252009 0.176092 0.202345 0.241897 0.212363 0.213824 0.267822 0.179557 0.288107 0.191475 0.189060 0.207612 0.224875 0.169639 0.156507 0.250344 0.287452 0.216619 0.145354 0.242089 0.212721 0.190482 0.187990 0.171153 0.337331 0.161718 0.166970 0.116478 0.147604 0.230404 0.346440 0.177468 0.148047 0.234821 0.200836 0.140908 0.307363 0.138711 0.225930 0.149327 0.163884
0.123079 0.152877 0.093570 0.118122 0.118456 0.151420 0.161077 0.083858 0.179091 0.152420 0.106017 0.131093 0.083015 0.163850 0.180280 0.238016 0.148572 0.192711 0.231879 0.116179 0.179160 0.239239 0.092039 0.119785 0.252925 0.117104 0.122254 0.117258 0.123044 0.251072 0.110007 0.083488 0.129882 0.178034 0.121605 0.107974 0.176705 0.185233 0.117655 0.082062 0.165383 0.145240 0.128617 0.154288 0.109573 0.306866 0.118254 0.113723 0.062062 0.099306 0.156580 0.320192 0.118840 0.105105 0.160239 0.110555 0.091624 0.207051 0.066887 0.147426 0.087858 0.112776
0.106448 0.259507 0.107238 0.083742 0.096947 0.147860 0.243995 0.165561 0.151034 0.220722 0.114110 0.099609 0.085974 0.240625 0.168283 0.148462 0.145287 0.228382 0.134471 0.144895 0.169030 0.127457 0.090735 0.117711 0.127921 0.108474 0.134107 0.149546 0.150308 0.162516 0.172150 0.091843 0.153764 0.152740 0.132576 0.078791 0.180385 0.202150 0.128275 0.112599 0.158972 0.212776 0.135535 0.126785 0.067564 0.179691 0.089397 0.124721 0.088035 0.064769 0.121696 0.175646 0.081339 0.101506 0.199674 0.102859 0.128503 0.267848 0.083114 0.127419 0.079028 0.124886
0.131625 0.211714 0.101003 0.097961 0.089077 0.095508 0.137253 0.097855 0.172105 0.119728 0.101124 0.062814 0.052919 0.154793 0.176431 0.108815 0.155799 0.158197 0.157581 0.064780 0.143162 0.134020 0.062384 0.116720 0.117147 0.115658 0.103667 0.124961 0.142647 0.149349 0.131685 0.086368 0.101192 0.174775 0.100877 0.082250 0.176223 0.187667 0.187659 0.070833 0.149659 0.104256 0.114311 0.113946 0.144478 0.163949 0.071507 0.136018 0.051697 0.090073 0.153734 0.170293 0.081191 0.099710 0.118935 0.106873 0.053257 0.147066 0.097402 0.125899 0.054146 0.060244
0.168924 0.176567 0.126139 0.153169 0.124120 0.160612 0.179274 0.129097 0.191869 0.186254 0.129788 0.141913 0.104849 0.211774 0.235941 0.219867 0.166930 0.246780 0.285765 0.124402 0.215483 0.236367 0.116233 0.145395 0.248475 0.136806 0.139443 0.134219 0.138573 0.298104 0.142712 0.114767 0.148518 0.244702 0.144329 0.118251 0.213763 0.255455 0.163997 0.104091 0.193611 0.180866 0.156269 0.193718 0.151936 0.334875 0.153001 0.159228 0.073131 0.118205 0.180880 0.379140 0.142252 0.110460 0.166752 0.143308 0.107838 0.229223 0.097927 0.169078 0.113495 0.155568
0.209606 0.298443 0.148718 0.156674 0.137052 0.189524 0.276125 0.185311 0.239755 0.261992 0.176941 0.150374 0.135186 0.246283 0.285137 0.250476 0.203867 0.374954 0.267362 0.157618 0.246598 0.243087 0.160556 0.196527 0.245067 0.220182 0.219172 0.271590 0.179248 0.282993 0.192921 0.185518 0.200983 0.220793 0.172309 0.162834 0.247741 0.293125 0.207906 0.142748 0.241766 0.209508 0.197081 0.184005 0.163489 0.335068 0.164688 0.173377 0.115408 0.138015 0.220676 0.359896 0.175423 0.144723 0.229896 0.195934 0.149324 0.292183 0.137828 0.218102 0.140500 0.157085
0.198678 0.284586 0.148484 0.168112 0.153646 0.210854 0.259427 0.174052 0.254936 0.262789 0.186802 0.153162 0.144261 0.274518 0.302425 0.270238 0.218144 0.342373 0.305306 0.166050 0.291752 0.281714 0.140992 0.207211 0.279615 0.208273 0.203057 0.230937 0.186449 0.320790 0.200183 0.159221 0.197096 0.294357 0.185839 0.154941 0.316914 0.335445 0.232401 0.165010 0.249567 0.212330 0.200138 0.222263 0.174284 0.388352 0.176717 0.171793 0.099075 0.143460 0.231723 0.411547 0.172550 0.160669 0.220825 0.202979 0.150047 0.321731 0.155695 0.222779 0.130105 0.158180
0.149958 0.183459 0.129199 0.129123 0.113281 0.159096 0.177423 0.111382 0.180674 0.170388 0.137562 0.120806 0.095499 0.187392 0.246384 0.270638 0.156177 0.254323 0.301191 0.110260 0.205307 0.245353 0.110297 0.149562 0.267975 0.144307 0.169896 0.166684 0.132835 0.318099 0.131022 0.121313 0.131030 0.203990 0.148687 0.139004 0.208177 0.245705 0.172985 0.108644 0.163134 0.162067 0.155431 0.164996 0.129186 0.373481 0.134187 0.128641 0.059942 0.092474 0.188481 0.407439 0.153358 0.122272 0.165485 0.145571 0.125299 0.226921 0.105847 0.183504 0.109306 0.138372
0.168856 0.269012 0.147759 0.139086 0.115599 0.183213 0.230326 0.180108 0.211181 0.227304 0.191621 0.135483 0.122183 0.225788 0.277699 0.262968 0.184503 0.348857 0.252843 0.150149 0.228913 0.237772 0.146189 0.165308 0.233344 0.196435 0.233921 0.265527 0.155741 0.276690 0.170148 0.142229 0.164104 0.197409 0.165427 0.145512 0.242436 0.267133 0.185194 0.134825 0.220720 0.190550 0.191194 0.173005 0.140789 0.322150 0.141122 0.142458 0.109195 0.122160 0.200641 0.334650 0.159281 0.133788 0.213451 0.182667 0.121115 0.277591 0.119325 0.198349 0.118641 0.149446
0.157294 0.294437 0.132780 0.124585 0.101898 0.144840 0.198195 0.162645 0.186576 0.213066 0.175036 0.123409 0.105076 0.190492 0.222562 0.188420 0.178770 0.289179 0.197115 0.152825 0.232184 0.196719 0.120176 0.153170 0.172360 0.195648 0.198149 0.256951 0.178358 0.209797 0.167868 0.123451 0.155790 0.191996 0.159081 0.126201 0.223385 0.247286 0.195516 0.124703 0.206954 0.202965 0.173027 0.169974 0.152084 0.232951 0.120785 0.139151 0.102800 0.102096 0.168321 0.238629 0.126548 0.127047 0.186280 0.148268 0.100546 0.223804 0.129606 0.199001 0.116340 0.126209
0.164307 0.297306 0.115303 0.128106 0.094534 0.151318 0.206267 0.185804 0.210405 0.186602 0.179741 0.121672 0.092703 0.210900 0.235288 0.207501 0.184839 0.328120 0.210173 0.163762 0.208283 0.195999 0.123119 0.167433 0.184609 0.218239 0.227190 0.235966 0.165798 0.209687 0.158053 0.133371 0.156618 0.190829 0.153618 0.131393 0.230866 0.231202 0.179029 0.115310 0.215323 0.189375 0.164619 0.151723 0.164646 0.257867 0.118744 0.157727 0.099838 0.128779 0.175628 0.266013 0.125383 0.126790 0.208900 0.153041 0.112242 0.221251 0.114285 0.184295 0.096266 0.127547
0.144633 0.236081 0.118400 0.104632 0.107218 0.119164 0.164359 0.166347 0.214862 0.164178 0.154500 0.117831 0.071850 0.197071 0.252248 0.170473 0.158985 0.212400 0.163656 0.129262 0.224911 0.145560 0.135609 0.129354 0.153558 0.121776 0.172509 0.156468 0.179480 0.174834 0.195384 0.112508 0.163025 0.206782 0.132933 0.097739 0.204986 0.252062 0.151069 0.114556 0.206815 0.181591 0.159247 0.161955 0.119719 0.206598 0.134195 0.191475 0.100053 0.104562 0.160243 0.209676 0.144206 0.144099 0.160069 0.123514 0.110638 0.235535 0.106806 0.172312 0.112950 0.137976
0.158208 0.230027 0.131445 0.133792 0.140629 0.193542 0.234545 0.143937 0.210759 0.237852 0.193051 0.125923 0.099892 0.269167 0.279931 0.260710 0.176227 0.295174 0.293835 0.137760 0.227940 0.271670 0.117534 0.147384 0.267030 0.154000 0.163996 0.196933 0.163818 0.305207 0.151420 0.133403 0.161628 0.229490 0.169690 0.144168 0.246282 0.276107 0.204585 0.145375 0.198921 0.220121 0.173628 0.225355 0.154636 0.362587 0.162711 0.148402 0.092234 0.113548 0.215588 0.382246 0.172499 0.132366 0.204441 0.151557 0.135478 0.311658 0.112280 0.198217 0.122844 0.173241
0.105463 0.163021 0.106154 0.049216 0.087970 0.141126 0.160989 0.131711 0.116507 0.151598 0.129937 0.068106 0.042490 0.196197 0.140656 0.135211 0.084860 0.169037 0.135822 0.121399 0.139811 0.097713 0.050913 0.075342 0.144012 0.065565 0.096455 0.099386 0.126366 0.147886 0.127676 0.038618 0.123771 0.111361 0.103166 0.056936 0.132584 0.165854 0.086519 0.082623 0.143271 0.168611 0.135010 0.127879 0.042807 0.159876 0.089458 0.126677 0.080783 0.051599 0.099002 0.181323 0.077354 0.077667 0.143132 0.081305 0.095252 0.208687 0.052932 0.093383 0.062866 0.101777
0.194180 0.294653 0.150502 0.156677 0.136903 0.187878 0.273758 0.187677 0.235390 0.255176 0.177890 0.152825 0.132323 0.245439 0.281600 0.253730 0.211378 0.369271 0.268109 0.153664 0.243407 0.243672 0.158128 0.197692 0.248282 0.219137 0.217474 0.265552 0.176597 0.285389 0.193286 0.174147 0.194717 0.212780 0.175457 0.160889 0.240037 0.284608 0.207499 0.143804 0.251757 0.208260 0.196783 0.180109 0.156133 0.334881 0.157388 0.168863 0.110896 0.130230 0.215969 0.355101 0.171264 0.144815 0.226003 0.195866 0.143480 0.286722 0.141033 0.218216 0.135654 0.161373
0.144394 0.228331 0.141132 0.087976 0.105119 0.185051 0.225111 0.144824 0.164572 0.242817 0.173500 0.102126 0.078663 0.295294 0.234335 0.184501 0.153162 0.248852 0.195169 0.125083 0.191204 0.169746 0.098801 0.127623 0.175932 0.127139 0.120165 0.153749 0.153403 0.219847 0.163420 0.078895 0.169051 0.196935 0.150084 0.083688 0.173217 0.231624 0.195938 0.126738 0.188741 0.202555 0.167458 0.161152 0.116661 0.234262 0.131609 0.162782 0.069910 0.094663 0.161461 0.252382 0.115043 0.107998 0.213842 0.115476 0.115950 0.276701 0.085188 0.136556 0.109524 0.138342
0.055278 0.087520 0.078061 0.042035 0.042225 0.057935 0.046111 0.048840 0.070993 0.101731 0.087775 0.041140 0.052910 0.107465 0.149094 0.106985 0.069031 0.114737 0.112200 0.044923 0.115626 0.118034 0.037622 0.063734 0.111013 0.071093 0.064862 0.082793 0.052028 0.142623 0.048461 0.015047 0.067714 0.089389 0.101642 0.053328 0.073943 0.138460 0.103641 0.062000 0.105982 0.089767 0.076339 0.117323 0.050799 0.123889 0.058899 0.071337 0.046261 0.035739 0.095862 0.156840 0.060042 0.040220 0.028132 0.082303 0.038905 0.114655 0.062066 0.068640 0.036700 0.064306
0.115782 0.169457 0.081221 0.115984 0.073973 0.104730 0.170728 0.097904 0.174836 0.167292 0.087837 0.075420 0.078544 0.185209 0.223939 0.131033 0.152602 0.208073 0.134178 0.073876 0.151616 0.152106 0.078670 0.116841 0.158429 0.126306 0.090549 0.115148 0.089306 0.171090 0.108843 0.118518 0.135044 0.224091 0.119846 0.087081 0.165391 0.220023 0.175450 0.095035 0.152492 0.122157 0.109809 0.120275 0.126548 0.198124 0.093149 0.135174 0.053862 0.117211 0.156205 0.190032 0.125440 0.090723 0.136310 0.115190 0.089979 0.200152 0.075777 0.120509 0.073540 0.094167
0.137410 0.222633 0.126001 0.141054 0.129318 0.170883 0.210022 0.135967 0.174618 0.231377 0.171633 0.129407 0.119276 0.230180 0.254885 0.245242 0.161511 0.288960 0.282833 0.133266 0.228157 0.263319 0.123003 0.147050 0.255319 0.161620 0.163396 0.204600 0.141815 0.306914 0.136331 0.124828 0.150458 0.221209 0.160256 0.141995 0.237744 0.254490 0.180475 0.134559 0.189441 0.211894 0.171275 0.198040 0.138002 0.362430 0.155359 0.123616 0.088552 0.099569 0.182443 0.358584 0.154245 0.110941 0.190474 0.157198 0.132213 0.288720 0.114454 0.195506 0.116086 0.171445
0.136734 0.314147 0.126664 0.133720 0.108122 0.137522 0.193000 0.169030 0.204926 0.210925 0.164551 0.126656 0.110174 0.211448 0.268513 0.175197 0.195025 0.256531 0.183890 0.158193 0.283989 0.183839 0.122462 0.177239 0.172588 0.180261 0.162156 0.208022 0.187707 0.199846 0.192689 0.117786 0.162452 0.232314 0.156045 0.127181 0.272066 0.290553 0.201406 0.149544 0.228346 0.189588 0.181537 0.182265 0.141109 0.260557 0.141902 0.159559 0.101746 0.108813 0.172344 0.215258 0.125692 0.157356 0.174314 0.151173 0.118815 0.263292 0.148745 0.211783 0.112509 0.140059
0.127007 0.216645 0.115342 0.124730 0.112227 0.168381 0.197988 0.140602 0.199665 0.205800 0.144690 0.117721 0.089384 0.251157 0.244147 0.161373 0.182167 0.240479 0.178745 0.151889 0.218443 0.193516 0.105924 0.149407 0.175721 0.136856 0.135935 0.138556 0.150210 0.215226 0.148372 0.114996 0.155977 0.245220 0.154508 0.102255 0.254503 0.242432 0.171079 0.120757 0.212316 0.215533 0.139812 0.171544 0.131860 0.260352 0.137997 0.150218 0.090068 0.115810 0.162272 0.226294 0.127646 0.144406 0.194629 0.126135 0.111227 0.266017 0.090958 0.166874 0.107794 0.158373
0.114593 0.161855 0.113257 0.069735 0.052243 0.083956 0.100966 0.092259 0.150329 0.114427 0.133227 0.060903 0.031577 0.140575 0.174800 0.157996 0.112308 0.149150 0.163820 0.047490 0.162530 0.128867 0.057110 0.094173 0.128394 0.084139 0.120762 0.116539 0.101674 0.148677 0.119052 0.043008 0.074721 0.135813 0.095621 0.046896 0.129813 0.159989 0.141335 0.089444 0.123136 0.089979 0.100461 0.157174 0.111025 0.150525 0.072133 0.121740 0.023875 0.082661 0.131525 0.140768 0.102000 0.082495 0.093401 0.097105 0.054033 0.149685 0.087140 0.124494 0.055379 0.080122
0.145082 0.271881 0.115204 0.134815 0.147324 0.168750 0.205791 0.167223 0.213397 0.246379 0.172262 0.139463 0.117983 0.259272 0.277197 0.206259 0.171964 0.256518 0.210417 0.170460 0.264709 0.210612 0.134060 0.157472 0.214282 0.161479 0.153215 0.178736 0.183523 0.227773 0.176246 0.129673 0.182529 0.257647 0.143628 0.125262 0.280442 0.298812 0.186013 0.143627 0.223046 0.221983 0.181548 0.212375 0.132457 0.295760 0.176869 0.161625 0.119391 0.119238 0.185109 0.282791 0.134704 0.144410 0.213979 0.151015 0.141040 0.320961 0.121713 0.198988 0.112552 0.158006
0.127076 0.110054 0.063801 0.084361 0.063686 0.072797 0.087093 0.112100 0.129832 0.108765 0.118503 0.067136 0.060498 0.135126 0.212580 0.144757 0.103010 0.146494 0.125498 0.065961 0.137336 0.082730 0.060977 0.097641 0.109057 0.086192 0.096747 0.094769 0.094366 0.118048 0.121792 0.094691 0.098167 0.168348 0.088520 0.086039 0.172338 0.207034 0.088391 0.101275 0.127629 0.088960 0.103561 0.093246 0.091834 0.150666 0.106823 0.096699 0.056099 0.080884 0.137605 0.119388 0.132324 0.096648 0.094674 0.065395 0.090018 0.160638 0.080581 0.114248 0.067069 0.123302
0.138650 0.223818 0.101875 0.083254 0.093852 0.176642 0.231302 0.126767 0.156407 0.247428 0.150178 0.100768 0.095646 0.302011 0.212586 0.166858 0.117746 0.253633 0.169987 0.151430 0.168253 0.165429 0.106790 0.120923 0.177055 0.116380 0.122784 0.146604 0.117216 0.202130 0.134746 0.099642 0.171773 0.184501 0.145342 0.082572 0.186494 0.203005 0.163960 0.104187 0.173179 0.203980 0.148888 0.137193 0.104064 0.233793 0.128619 0.138073 0.083903 0.105241 0.150113 0.251291 0.105910 0.091661 0.231166 0.117489 0.133844 0.318009 0.057751 0.113925 0.104994 0.135871
0.150402 0.128291 0.098689 0.060741 0.074149 0.093497 0.126806 0.102459 0.123377 0.133308 0.119956 0.062985 0.059427 0.139392 0.182895 0.170330 0.109365 0.169849 0.138928 0.074813 0.135993 0.104778 0.049812 0.100905 0.145383 0.074707 0.088657 0.090627 0.070131 0.172558 0.095763 0.072492 0.120745 0.165569 0.073922 0.080746 0.130476 0.170630 0.098531 0.054593 0.141390 0.112643 0.102844 0.117181 0.089183 0.169572 0.078162 0.128032 0.036650 0.063067 0.174678 0.194858 0.113059 0.085256 0.147719 0.077619 0.086004 0.165480 0.035715 0.081323 0.055706 0.084253
0.132830 0.230420 0.116905 0.081201 0.099446 0.145809 0.161512 0.116289 0.163401 0.198468 0.170475 0.093617 0.073164 0.220004 0.241443 0.162674 0.154085 0.225342 0.189344 0.100561 0.195608 0.168452 0.085026 0.147830 0.162968 0.153959 0.118816 0.163102 0.147541 0.211302 0.125606 0.113782 0.138359 0.226045 0.131936 0.097889 0.197072 0.239892 0.210884 0.097110 0.167080 0.172610 0.157230 0.141301 0.133811 0.226613 0.132342 0.141689 0.081970 0.077696 0.159325 0.224828 0.118353 0.130922 0.187557 0.117228 0.108640 0.225992 0.102133 0.168278 0.087432 0.114889
0.110980 0.186956 0.100698 0.087794 0.086405 0.100338 0.107474 0.089779 0.127917 0.149623 0.118993 0.061451 0.077314 0.159702 0.179847 0.166752 0.125336 0.193113 0.172600 0.067501 0.175261 0.168541 0.073553 0.104074 0.162395 0.128559 0.125579 0.157299 0.122221 0.190588 0.110374 0.057251 0.094473 0.168621 0.151021 0.079213 0.145256 0.208319 0.205205 0.077361 0.161134 0.117587 0.127317 0.141759 0.115228 0.176100 0.092702 0.113359 0.058520 0.066596 0.135691 0.229093 0.112529 0.087659 0.104179 0.105528 0.064588 0.160257 0.107258 0.133428 0.086865 0.076202
0.198413 0.225826 0.158484 0.167320 0.165634 0.184962 0.227945 0.145510 0.247204 0.206224 0.158310 0.153656 0.121988 0.226897 0.290777 0.310454 0.201663 0.278428 0.327235 0.125882 0.242084 0.288668 0.132623 0.198660 0.328589 0.168740 0.186344 0.187907 0.169684 0.347389 0.172419 0.145234 0.170913 0.247602 0.177953 0.150622 0.251137 0.302331 0.217964 0.125809 0.240778 0.177222 0.198464 0.201912 0.154762 0.392699 0.157568 0.182824 0.104396 0.119937 0.248260 0.436819 0.179841 0.145469 0.183939 0.200990 0.126615 0.265907 0.132692 0.222160 0.114565 0.152130
0.066997 0.156404 0.090712 0.082544 0.061263 0.108773 0.129447 0.083785 0.134919 0.107975 0.102309 0.040104 0.052302 0.160851 0.172189 0.154146 0.104668 0.186857 0.146685 0.057426 0.125578 0.148360 0.042575 0.085923 0.116206 0.099866 0.111568 0.125866 0.092941 0.137247 0.105067 0.054276 0.082178 0.111009 0.098497 0.066764 0.152797 0.151014 0.112273 0.090985 0.113378 0.097910 0.113902 0.122056 0.096338 0.174608 0.057664 0.100412 0.054483 0.084490 0.102550 0.163052 0.086969 0.078817 0.081855 0.097498 0.061796 0.149553 0.073295 0.095455 0.020437 0.059639
0.144058 0.181760 0.113260 0.087677 0.073184 0.096667 0.126854 0.093877 0.136397 0.128920 0.145239 0.077311 0.073403 0.171187 0.209028 0.152164 0.118442 0.162757 0.186160 0.066153 0.191136 0.119074 0.078235 0.112066 0.138923 0.100324 0.098362 0.143284 0.141911 0.175885 0.159628 0.084699 0.112779 0.148091 0.105499 0.088685 0.151934 0.197731 0.164314 0.093177 0.153463 0.103974 0.157873 0.118434 0.128382 0.186408 0.095374 0.127637 0.030215 0.072672 0.136346 0.188679 0.100727 0.099605 0.108736 0.116406 0.062345 0.181768 0.079610 0.136693 0.065186 0.090627
0.145541 0.202528 0.129480 0.105077 0.122668 0.202475 0.222621 0.111942 0.181974 0.244514 0.160520 0.126500 0.096687 0.278636 0.237022 0.223562 0.148546 0.235754 0.251727 0.137486 0.209069 0.235797 0.107693 0.123924 0.246229 0.118793 0.131381 0.135543 0.139033 0.285041 0.132127 0.084737 0.170073 0.219265 0.153906 0.100204 0.204898 0.249915 0.177671 0.138954 0.183880 0.213018 0.156696 0.207966 0.128168 0.302516 0.148849 0.147740 0.079949 0.104347 0.188648 0.330932 0.137643 0.120025 0.188834 0.130254 0.120731 0.314381 0.091205 0.151235 0.116526 0.153913
0.127385 0.185962 0.105661 0.072660 0.071739 0.123708 0.148020 0.092786 0.133586 0.167777 0.143522 0.069883 0.058731 0.233261 0.218674 0.159343 0.131276 0.203351 0.190787 0.064776 0.156719 0.148777 0.086251 0.106510 0.133819 0.123730 0.106633 0.156432 0.122014 0.200103 0.112841 0.091646 0.122700 0.169883 0.126509 0.098885 0.160778 0.209349 0.198513 0.101953 0.129166 0.133711 0.133302 0.109804 0.123454 0.204385 0.110404 0.114096 0.039908 0.087366 0.144653 0.201243 0.112342 0.098539 0.149119 0.103802 0.084898 0.219350 0.091498 0.134860 0.080519 0.091996
0.120154 0.135948 0.095527 0.112350 0.114204 0.110701 0.149804 0.094318 0.157384 0.131168 0.096013 0.098773 0.095213 0.128427 0.227723 0.220176 0.151618 0.191935 0.200643 0.072844 0.176807 0.198705 0.100668 0.128201 0.219968 0.100785 0.093488 0.119304 0.101249 0.231990 0.106553 0.096214 0.115114 0.201707 0.098178 0.108345 0.177957 0.218653 0.148976 0.080034 0.163529 0.099057 0.143164 0.120082 0.076451 0.284539 0.105318 0.107033 0.059780 0.063070 0.152817 0.302993 0.123876 0.106425 0.127593 0.132668 0.071581 0.190301 0.083243 0.147866 0.079917 0.094928
0.219362 0.272374 0.177906 0.174814 0.181398 0.233319 0.285540 0.168761 0.268782 0.275396 0.185793 0.174004 0.139556 0.316715 0.319563 0.311524 0.214609 0.340029 0.347205 0.165688 0.268033 0.317996 0.151880 0.215033 0.342968 0.192489 0.190736 0.213318 0.191547 0.378462 0.189931 0.158473 0.222648 0.281942 0.205628 0.166258 0.274337 0.334300 0.251424 0.154928 0.274834 0.236926 0.226199 0.230158 0.178921 0.420797 0.187767 0.209694 0.115184 0.142919 0.266696 0.477587 0.189575 0.157569 0.241872 0.214576 0.161105 0.342101 0.135966 0.229456 0.146082 0.190250
0.152957 0.204913 0.108652 0.111169 0.105236 0.130311 0.160694 0.100299 0.208051 0.182180 0.166722 0.085274 0.096370 0.216831 0.297083 0.227813 0.165830 0.249552 0.239086 0.078345 0.197687 0.222797 0.104217 0.145821 0.230186 0.148721 0.155894 0.169613 0.127826 0.270921 0.118277 0.118627 0.132960 0.224801 0.165557 0.121626 0.195593 0.263666 0.227764 0.102056 0.227660 0.146385 0.163228 0.171093 0.133009 0.282125 0.117736 0.151087 0.091908 0.091311 0.196031 0.308517 0.145800 0.117313 0.153496 0.155926 0.094560 0.241907 0.101866 0.158696 0.087057 0.127719
0.126189 0.183423 0.088345 0.068305 0.072940 0.117603 0.158733 0.115482 0.139200 0.168051 0.167371 0.066277 0.064482 0.170374 0.198151 0.177607 0.090300 0.209422 0.164454 0.096177 0.155122 0.123328 0.059238 0.090367 0.150350 0.106638 0.123528 0.135718 0.095682 0.153422 0.111971 0.080358 0.104750 0.144923 0.107194 0.083546 0.144492 0.185410 0.163373 0.093701 0.148527 0.127210 0.128301 0.141970 0.105071 0.163221 0.101657 0.130842 0.071530 0.059724 0.125785 0.185872 0.107760 0.084000 0.147580 0.088858 0.116578 0.213520 0.062412 0.108432 0.072240 0.140824
0.131508 0.253366 0.109218 0.111255 0.111307 0.207117 0.285217 0.168640 0.149913 0.268602 0.136255 0.139218 0.104913 0.285216 0.185554 0.148446 0.167103 0.275333 0.173945 0.184333 0.183027 0.167554 0.115371 0.140734 0.180415 0.143670 0.149885 0.161079 0.149914 0.221433 0.143572 0.106046 0.180000 0.182029 0.143811 0.102870 0.200415 0.211400 0.127686 0.120058 0.186042 0.250757 0.130009 0.151089 0.100509 0.237506 0.123353 0.138891 0.108401 0.101825 0.156518 0.240495 0.103742 0.123516 0.218876 0.121733 0.132485 0.307715 0.078404 0.143985 0.101970 0.164514
0.182192 0.229557 0.157173 0.146273 0.155787 0.208345 0.229441 0.152147 0.219805 0.235924 0.179802 0.149536 0.133734 0.251142 0.285238 0.310788 0.167074 0.308753 0.302914 0.150114 0.242078 0.279516 0.119794 0.178537 0.290484 0.169477 0.178436 0.199228 0.153727 0.318396 0.178992 0.136600 0.184460 0.232965 0.178580 0.146091 0.243802 0.276019 0.202620 0.129397 0.234397 0.201268 0.210353 0.200339 0.139910 0.371769 0.173072 0.169254 0.099755 0.110469 0.206103 0.435130 0.160362 0.132166 0.214986 0.180469 0.148636 0.288481 0.112508 0.193488 0.132336 0.174452
0.098961 0.192635 0.113021 0.101651 0.093912 0.190540 0.257239 0.127850 0.124614 0.227831 0.134977 0.095185 0.096110 0.246524 0.188064 0.148112 0.133823 0.254933 0.178022 0.130353 0.145680 0.170701 0.095883 0.109023 0.163962 0.112103 0.113188 0.157572 0.119598 0.218521 0.117660 0.095553 0.134048 0.122785 0.116287 0.094424 0.156792 0.192388 0.149426 0.124560 0.138556 0.178084 0.125595 0.127496 0.094203 0.246453 0.113883 0.102956 0.069560 0.073862 0.129669 0.231233 0.110381 0.091141 0.179061 0.106605 0.112394 0.253597 0.067471 0.113226 0.092232 0.120213
0.127738 0.192586 0.122256 0.101316 0.129612 0.197774 0.222221 0.120466 0.172444 0.238773 0.155580 0.127023 0.089846 0.277580 0.230815 0.222932 0.148847 0.233123 0.239325 0.144395 0.197541 0.229206 0.098333 0.130865 0.252133 0.116477 0.128190 0.120112 0.137184 0.277278 0.125406 0.080043 0.164976 0.215939 0.151468 0.096581 0.195499 0.239840 0.164883 0.128385 0.190291 0.221028 0.157593 0.195920 0.108283 0.297047 0.143012 0.146883 0.092024 0.089377 0.174860 0.332483 0.122838 0.118410 0.196781 0.124955 0.123427 0.305842 0.086213 0.146580 0.103440 0.155553
0.118521 0.172237 0.112295 0.072349 0.068672 0.097458 0.117648 0.102747 0.144095 0.121611 0.145305 0.062893 0.049279 0.175867 0.208143 0.178614 0.123907 0.175760 0.191263 0.068635 0.159828 0.152811 0.056913 0.106883 0.153451 0.099721 0.122881 0.144412 0.125070 0.185704 0.105882 0.069220 0.094545 0.139178 0.109856 0.088596 0.159890 0.198195 0.175033 0.089508 0.140097 0.108644 0.123370 0.139836 0.101933 0.194419 0.088910 0.112460 0.058212 0.069530 0.149658 0.187715 0.111378 0.095754 0.111074 0.120819 0.074497 0.177364 0.112200 0.142154 0.056672 0.085365
0.150989 0.216314 0.132531 0.129763 0.115494 0.161180 0.177886 0.131983 0.211598 0.179301 0.161386 0.119847 0.111886 0.179333 0.245775 0.248328 0.170383 0.264308 0.244685 0.115384 0.225060 0.229625 0.111664 0.148074 0.208395 0.157027 0.168986 0.187825 0.130191 0.257593 0.150980 0.102018 0.130531 0.212828 0.133873 0.107633 0.237613 0.234881 0.172092 0.117427 0.178454 0.147568 0.175603 0.174284 0.139492 0.310609 0.107530 0.139494 0.067846 0.111735 0.186517 0.301110 0.128227 0.115117 0.174042 0.159096 0.087946 0.222117 0.114468 0.176518 0.089677 0.119107
0.152532 0.242061 0.143233 0.094270 0.095349 0.180707 0.210690 0.128134 0.169585 0.215515 0.156992 0.098297 0.076534 0.277735 0.224924 0.170555 0.146945 0.236529 0.201781 0.130285 0.199095 0.170162 0.083904 0.127215 0.174737 0.117998 0.117225 0.148009 0.148447 0.226958 0.158431 0.082726 0.170874 0.191960 0.157462 0.091058 0.185261 0.243063 0.196906 0.120746 0.186274 0.196651 0.183913 0.162100 0.135319 0.227374 0.108325 0.163891 0.077088 0.091537 0.170900 0.238439 0.116415 0.118406 0.190174 0.118862 0.114526 0.269597 0.091310 0.142308 0.102055 0.137402
0.165999 0.238193 0.154478 0.112798 0.114683 0.174683 0.202473 0.154322 0.193101 0.196723 0.187474 0.107624 0.087270 0.257433 0.276729 0.205412 0.163462 0.242322 0.212607 0.144027 0.229383 0.177019 0.104157 0.150770 0.195749 0.136455 0.139542 0.163410 0.185776 0.227863 0.174057 0.102318 0.164997 0.227605 0.154422 0.112702 0.235599 0.281406 0.188228 0.141962 0.217327 0.191678 0.182762 0.173874 0.140381 0.266744 0.155206 0.178527 0.094413 0.108772 0.187963 0.245319 0.137506 0.156679 0.197705 0.130682 0.124649 0.265013 0.101621 0.174775 0.113598 0.159288
