0.114248 0.200232 0.137454 0.099761 0.093170 0.132735 0.167385 0.124364 0.171045 0.152915 0.175066 0.107780 0.076485 0.172650 0.241729 0.242875 0.137787 0.213722 0.180993 0.096410 0.185125 0.169502 0.069575 0.123335 0.195944 0.115123 0.127527 0.143275 0.121280 0.201344 0.141877 0.066327 0.122170 0.150878 0.139787 0.086471 0.155211 0.191958 0.162152 0.090347 0.197360 0.137097 0.173860 0.147599 0.091394 0.225088 0.096913 0.162074 0.067423 0.074084 0.146470 0.244339 0.120944 0.106893 0.140114 0.126819 0.087905 0.209108 0.066903 0.135891 0.086903 0.124958
0.152624 0.314017 0.114509 0.136572 0.104794 0.154008 0.222566 0.187053 0.210212 0.214623 0.166523 0.141015 0.113734 0.216651 0.245095 0.188272 0.206628 0.310927 0.177976 0.181905 0.238597 0.184781 0.145724 0.167017 0.167127 0.208489 0.209898 0.243237 0.184831 0.202042 0.165135 0.146500 0.165844 0.217874 0.161470 0.119651 0.249851 0.243801 0.186973 0.123690 0.221171 0.221528 0.159934 0.158453 0.151942 0.249928 0.124757 0.149426 0.114413 0.124176 0.171235 0.225216 0.134921 0.145871 0.216073 0.138867 0.120804 0.249105 0.119174 0.197680 0.126326 0.147376
0.097665 0.201415 0.090870 0.080824 0.093598 0.122037 0.120988 0.113556 0.144296 0.111666 0.161798 0.082961 0.063945 0.179090 0.192963 0.160024 0.111587 0.185298 0.176165 0.100162 0.147324 0.137551 0.066315 0.118627 0.141398 0.123320 0.131687 0.139397 0.148391 0.173145 0.121790 0.081233 0.101771 0.125265 0.133732 0.085646 0.145154 0.188321 0.159651 0.084801 0.162717 0.149701 0.168777 0.102366 0.122380 0.182776 0.084286 0.141987 0.097938 0.054723 0.129843 0.202622 0.092504 0.109821 0.140441 0.088594 0.096749 0.164211 0.074557 0.140734 0.069817 0.128821
0.131115 0.194411 0.103329 0.122974 0.093258 0.116486 0.138096 0.137625 0.197711 0.153326 0.149605 0.117623 0.104647 0.182605 0.260856 0.193405 0.166426 0.202108 0.181199 0.098584 0.212144 0.189080 0.103681 0.156852 0.182141 0.147696 0.138466 0.176503 0.146592 0.200294 0.139944 0.106786 0.126245 0.212854 0.136383 0.100025 0.211224 0.230296 0.192396 0.106987 0.202574 0.136227 0.144837 0.155629 0.132626 0.228060 0.106213 0.120037 0.079424 0.109866 0.163110 0.205366 0.125763 0.107664 0.131260 0.137592 0.073599 0.210338 0.100425 0.175538 0.083656 0.114384
0.214770 0.264996 0.172670 0.172326 0.172779 0.228340 0.269096 0.159797 0.257915 0.266582 0.174253 0.166788 0.140824 0.296425 0.305144 0.298683 0.208595 0.333756 0.337772 0.163828 0.263671 0.316617 0.146860 0.202697 0.326401 0.193354 0.182205 0.210031 0.184300 0.368446 0.182285 0.155317 0.216558 0.280981 0.205160 0.159937 0.273121 0.325424 0.249238 0.147459 0.257630 0.232670 0.217654 0.227766 0.176550 0.415376 0.183554 0.200471 0.109865 0.141537 0.255519 0.479138 0.186030 0.147875 0.229021 0.206959 0.154281 0.320877 0.138316 0.221780 0.149940 0.181712
0.126500 0.217409 0.114251 0.087902 0.119050 0.190587 0.237827 0.136983 0.154642 0.253608 0.143768 0.108696 0.092858 0.296844 0.209723 0.158193 0.131172 0.246866 0.190057 0.128631 0.167562 0.175652 0.100355 0.130762 0.193342 0.113074 0.124858 0.150108 0.145044 0.228385 0.122370 0.093797 0.174153 0.163842 0.137512 0.096469 0.170351 0.227432 0.172269 0.111951 0.186814 0.195376 0.151803 0.148207 0.104514 0.242651 0.125641 0.135051 0.101675 0.088957 0.170863 0.251027 0.114038 0.106345 0.232875 0.120700 0.142880 0.323710 0.072105 0.138799 0.113726 0.136721
0.115848 0.171527 0.083785 0.077010 0.080189 0.119837 0.178498 0.104080 0.122042 0.203680 0.144116 0.067138 0.080723 0.232785 0.211087 0.144944 0.092425 0.253916 0.175925 0.077389 0.144448 0.163258 0.089496 0.120661 0.142724 0.114825 0.098935 0.152816 0.091905 0.183896 0.107363 0.114054 0.125034 0.168755 0.108594 0.104871 0.145266 0.188025 0.165685 0.104321 0.137397 0.139911 0.125421 0.118448 0.113868 0.208570 0.124270 0.115130 0.056635 0.071092 0.135387 0.224140 0.117720 0.081532 0.178575 0.101968 0.120296 0.239901 0.072755 0.122421 0.092743 0.136445
0.147798 0.219758 0.125135 0.085817 0.092511 0.167430 0.216075 0.143097 0.159676 0.196386 0.160641 0.119197 0.076897 0.227012 0.184149 0.154972 0.148054 0.224615 0.149081 0.171826 0.174449 0.126187 0.099499 0.121800 0.163211 0.126835 0.142071 0.153657 0.147992 0.178969 0.153078 0.070697 0.168900 0.144798 0.115790 0.088137 0.163658 0.192777 0.137622 0.097452 0.205950 0.179623 0.154518 0.124642 0.097359 0.174041 0.099936 0.152250 0.076388 0.080613 0.134152 0.194544 0.097434 0.123800 0.192807 0.126561 0.077846 0.222951 0.061339 0.124379 0.092701 0.101462
0.087276 0.184570 0.076550 0.103772 0.091847 0.110626 0.145438 0.126269 0.147584 0.131947 0.106351 0.098035 0.059218 0.169151 0.205492 0.149831 0.130400 0.194896 0.154454 0.127023 0.209980 0.144346 0.094509 0.154989 0.160247 0.128039 0.116943 0.113950 0.141662 0.162362 0.135864 0.099513 0.117796 0.182650 0.126629 0.116353 0.218792 0.232242 0.115327 0.097934 0.152322 0.130354 0.130195 0.125221 0.093764 0.232314 0.120623 0.126045 0.081533 0.081086 0.121348 0.218813 0.102169 0.132127 0.133315 0.111683 0.115517 0.191748 0.098510 0.177487 0.084981 0.111543
0.139696 0.226733 0.129503 0.112709 0.122011 0.190701 0.251367 0.140250 0.212581 0.246478 0.163669 0.103909 0.093118 0.312368 0.254758 0.200547 0.170138 0.276793 0.202643 0.137568 0.184451 0.215153 0.112279 0.138453 0.206493 0.138748 0.139724 0.162070 0.147763 0.230524 0.157445 0.108423 0.185971 0.213552 0.155803 0.094347 0.207103 0.246084 0.198920 0.138511 0.210309 0.216420 0.163797 0.171731 0.123388 0.267438 0.130326 0.175845 0.089342 0.124375 0.186123 0.280812 0.143137 0.115740 0.205349 0.148944 0.128181 0.300290 0.084196 0.142741 0.098899 0.135006
0.139661 0.188491 0.132517 0.110191 0.089042 0.114646 0.155118 0.101590 0.136687 0.146209 0.131405 0.087453 0.062340 0.188384 0.207184 0.169024 0.127139 0.188478 0.194479 0.064715 0.159230 0.144993 0.074628 0.103944 0.174388 0.091447 0.109207 0.126345 0.121789 0.228400 0.123210 0.071457 0.120538 0.141516 0.131864 0.082523 0.119935 0.204095 0.172613 0.071443 0.167188 0.123233 0.160351 0.134896 0.131822 0.203843 0.085391 0.160491 0.058801 0.078331 0.164322 0.222681 0.111800 0.090664 0.115087 0.118996 0.069381 0.192226 0.067284 0.125902 0.072880 0.107533
0.201305 0.252700 0.161457 0.167691 0.174042 0.225371 0.263086 0.160297 0.249057 0.266665 0.176077 0.165460 0.138262 0.293797 0.301168 0.291545 0.202520 0.333943 0.327788 0.165340 0.257221 0.314611 0.144458 0.206849 0.329246 0.192664 0.180974 0.203663 0.177138 0.360410 0.176008 0.153264 0.208632 0.278890 0.206556 0.156233 0.265396 0.316618 0.240695 0.144278 0.261666 0.237534 0.215360 0.223978 0.165717 0.409428 0.184947 0.194654 0.118378 0.134323 0.242891 0.478060 0.181121 0.144229 0.228684 0.199601 0.155979 0.318189 0.132977 0.219822 0.146829 0.187572
0.122888 0.149809 0.085538 0.060476 0.082919 0.093334 0.103395 0.094332 0.128405 0.162361 0.129022 0.076653 0.068426 0.163198 0.186988 0.160029 0.082160 0.154178 0.144180 0.068592 0.147477 0.136788 0.078660 0.088093 0.138021 0.090626 0.095692 0.109167 0.074028 0.165772 0.101012 0.067382 0.112740 0.171815 0.090017 0.083080 0.149152 0.180695 0.140988 0.082051 0.126848 0.102948 0.132600 0.111077 0.091557 0.154991 0.107254 0.109993 0.055992 0.066740 0.140316 0.186457 0.081188 0.061741 0.134052 0.095504 0.061086 0.199873 0.073058 0.097746 0.074027 0.094900
0.173183 0.248148 0.134435 0.116470 0.125171 0.202863 0.304637 0.162494 0.164792 0.295177 0.165098 0.123534 0.122633 0.261718 0.199149 0.173736 0.163129 0.306614 0.180463 0.170436 0.193198 0.172466 0.110001 0.142576 0.203030 0.158445 0.147655 0.210572 0.145121 0.239342 0.168299 0.130959 0.201755 0.190233 0.140585 0.112052 0.198237 0.240746 0.156401 0.145930 0.207993 0.244061 0.172807 0.170419 0.116041 0.255866 0.139777 0.151024 0.106328 0.099076 0.182866 0.255607 0.137896 0.116651 0.245732 0.140101 0.142112 0.303508 0.085948 0.152524 0.109974 0.154803
0.143315 0.150060 0.097738 0.119567 0.101885 0.083599 0.114446 0.071411 0.169817 0.116044 0.088867 0.085744 0.084887 0.110883 0.195055 0.175281 0.167363 0.158933 0.157438 0.049365 0.148267 0.150655 0.072368 0.121391 0.172828 0.124355 0.087519 0.119943 0.108458 0.200351 0.088838 0.099293 0.111526 0.203483 0.114563 0.086728 0.165030 0.206859 0.178618 0.045650 0.182268 0.090185 0.109134 0.109245 0.100235 0.189469 0.066274 0.123608 0.038346 0.073234 0.174258 0.212751 0.128921 0.093956 0.108784 0.121171 0.050643 0.126007 0.069763 0.123888 0.055389 0.052759
0.174192 0.182477 0.134235 0.128984 0.129853 0.166634 0.206034 0.129247 0.173287 0.190074 0.161798 0.115697 0.107024 0.202581 0.216919 0.226669 0.127328 0.253899 0.269293 0.113063 0.180936 0.215079 0.113311 0.162441 0.250876 0.130664 0.158152 0.178761 0.137806 0.273075 0.139505 0.131650 0.136750 0.158433 0.132443 0.125502 0.185294 0.212368 0.162942 0.113630 0.196853 0.162355 0.160423 0.160926 0.148895 0.306211 0.145637 0.146197 0.094866 0.090390 0.200124 0.312677 0.156915 0.115030 0.184069 0.158658 0.129236 0.231782 0.088763 0.183547 0.104011 0.170349
0.119974 0.165671 0.094163 0.065854 0.086229 0.116528 0.140520 0.091278 0.112360 0.177330 0.130145 0.071938 0.075955 0.194379 0.190133 0.157765 0.120786 0.195696 0.141561 0.080348 0.190351 0.130289 0.104952 0.091602 0.125829 0.112565 0.076526 0.146701 0.103082 0.165917 0.110807 0.091651 0.123465 0.183362 0.100809 0.087489 0.168260 0.191109 0.174217 0.092410 0.141772 0.137170 0.128026 0.114986 0.088579 0.184500 0.114571 0.100866 0.029986 0.070833 0.128917 0.188538 0.098365 0.087850 0.165475 0.084019 0.085914 0.210353 0.070048 0.118959 0.089417 0.088852
0.205470 0.306397 0.149169 0.165216 0.135930 0.198225 0.292634 0.189937 0.244679 0.271187 0.163268 0.167252 0.131525 0.264545 0.276061 0.233336 0.214226 0.364243 0.261469 0.160349 0.242783 0.251000 0.175322 0.201516 0.240944 0.211471 0.212947 0.266701 0.178842 0.286963 0.190708 0.188267 0.206754 0.224000 0.168961 0.155874 0.249358 0.286317 0.215751 0.144781 0.241129 0.211854 0.189735 0.187247 0.170471 0.335984 0.161067 0.166326 0.115990 0.146997 0.229486 0.345057 0.176752 0.147453 0.233865 0.200021 0.140340 0.306127 0.138143 0.225007 0.148704 0.163239
0.122588 0.152268 0.093198 0.117641 0.117970 0.150793 0.160431 0.083542 0.178383 0.151812 0.105627 0.130555 0.082679 0.163214 0.179595 0.237017 0.147977 0.191932 0.230911 0.115702 0.178441 0.238218 0.091678 0.119307 0.251855 0.116619 0.121779 0.116779 0.122545 0.250027 0.109582 0.083168 0.129350 0.177331 0.121107 0.107514 0.176011 0.184490 0.117206 0.081742 0.164735 0.144655 0.128106 0.153676 0.109145 0.305575 0.117770 0.113280 0.061819 0.098903 0.155959 0.318849 0.118355 0.104684 0.159590 0.110126 0.091248 0.206225 0.066623 0.146826 0.087512 0.112333
0.106022 0.258312 0.106788 0.083398 0.096534 0.147208 0.242900 0.164810 0.150388 0.219716 0.113638 0.099173 0.085588 0.239517 0.167553 0.147827 0.144652 0.227374 0.133937 0.144226 0.168283 0.126915 0.090339 0.117191 0.127413 0.108010 0.133511 0.148881 0.149651 0.161854 0.171348 0.091431 0.153072 0.152082 0.131977 0.078447 0.179596 0.201266 0.127718 0.112107 0.158297 0.211805 0.134945 0.126242 0.067296 0.178951 0.089025 0.124195 0.087640 0.064511 0.121194 0.174908 0.081009 0.101049 0.198768 0.102425 0.127903 0.266622 0.082749 0.126864 0.078695 0.124330
0.131149 0.210916 0.100624 0.097584 0.088738 0.095186 0.136748 0.097502 0.171458 0.119307 0.100773 0.062609 0.052735 0.154276 0.175796 0.108457 0.155189 0.157651 0.157033 0.064568 0.142634 0.133547 0.062172 0.116296 0.116752 0.115238 0.103316 0.124511 0.142102 0.148839 0.131186 0.086053 0.100836 0.174122 0.100520 0.081958 0.175560 0.186977 0.186932 0.070603 0.149107 0.103892 0.113912 0.113528 0.143935 0.163376 0.071266 0.135496 0.051520 0.089740 0.153174 0.169704 0.080915 0.099348 0.118528 0.106487 0.053090 0.146575 0.097025 0.125433 0.053968 0.060067
0.168239 0.175913 0.125643 0.152538 0.123619 0.159990 0.178601 0.128587 0.191106 0.185557 0.129297 0.141320 0.104443 0.210971 0.235024 0.218992 0.166271 0.245839 0.284586 0.123909 0.214624 0.235418 0.115776 0.144828 0.247473 0.136278 0.138897 0.133722 0.138037 0.296881 0.142155 0.114316 0.147932 0.243710 0.143771 0.117777 0.212919 0.254428 0.163376 0.103703 0.192863 0.180154 0.155653 0.192947 0.151323 0.333513 0.152388 0.158581 0.072853 0.117723 0.180169 0.377603 0.141683 0.110032 0.166123 0.142743 0.107419 0.228343 0.097549 0.168401 0.113057 0.154943
0.208763 0.297219 0.148125 0.156052 0.136510 0.188760 0.274988 0.184562 0.238805 0.260911 0.176249 0.149762 0.134638 0.245310 0.284000 0.249480 0.203043 0.373393 0.266318 0.156972 0.245610 0.242123 0.159873 0.195729 0.244091 0.219249 0.218266 0.270450 0.178527 0.281878 0.192147 0.184749 0.200166 0.219946 0.171619 0.162171 0.246772 0.291970 0.207083 0.142183 0.240802 0.208664 0.196295 0.183284 0.162840 0.333730 0.164024 0.172703 0.114930 0.137456 0.219805 0.358452 0.174724 0.144143 0.228968 0.195143 0.148715 0.291031 0.137266 0.217222 0.139927 0.156474
0.197930 0.283495 0.147930 0.167462 0.153060 0.210048 0.258432 0.173389 0.253972 0.261784 0.186105 0.152577 0.143689 0.273497 0.301280 0.269209 0.217300 0.341046 0.304137 0.165402 0.290598 0.280639 0.140452 0.206399 0.278550 0.207444 0.202281 0.230045 0.185743 0.319560 0.199404 0.158601 0.196345 0.293201 0.185128 0.154343 0.315661 0.334148 0.231511 0.164379 0.248632 0.211523 0.199389 0.221416 0.173615 0.386829 0.176036 0.171155 0.098715 0.142907 0.230856 0.409941 0.171897 0.160044 0.219997 0.202200 0.149454 0.320502 0.155078 0.221914 0.129624 0.157599
0.149396 0.182767 0.128693 0.128626 0.112840 0.158469 0.176743 0.110977 0.180003 0.169746 0.137048 0.120336 0.095119 0.186697 0.245432 0.269532 0.155574 0.253316 0.299970 0.109843 0.204503 0.244366 0.109866 0.148984 0.266874 0.143721 0.169226 0.166025 0.132329 0.316789 0.130538 0.120848 0.130535 0.203202 0.148096 0.138437 0.207387 0.244752 0.172314 0.108228 0.162525 0.161436 0.154821 0.164372 0.128698 0.371946 0.133669 0.128167 0.059735 0.092136 0.187762 0.405765 0.152758 0.121788 0.164862 0.145009 0.124803 0.226073 0.105424 0.182780 0.108888 0.137840
0.168237 0.267978 0.147195 0.138559 0.115182 0.182515 0.229450 0.179405 0.210420 0.226443 0.190894 0.134971 0.121710 0.224971 0.276661 0.261956 0.183810 0.347463 0.251913 0.149566 0.228060 0.236886 0.145605 0.164687 0.232479 0.195640 0.232979 0.264457 0.155166 0.275650 0.169506 0.141690 0.163493 0.196713 0.164802 0.144941 0.241529 0.266152 0.184518 0.134327 0.219892 0.189833 0.190469 0.172384 0.140273 0.320929 0.140596 0.141946 0.108770 0.121699 0.199912 0.333372 0.158683 0.133284 0.212637 0.181969 0.120658 0.276566 0.118872 0.197595 0.118196 0.148900
0.156681 0.293210 0.132246 0.124082 0.101512 0.144270 0.197397 0.161993 0.185854 0.212220 0.174344 0.122912 0.104658 0.189753 0.221697 0.187686 0.178050 0.287996 0.196374 0.152193 0.231251 0.195946 0.119671 0.152557 0.171719 0.194827 0.197314 0.255857 0.177627 0.208999 0.167186 0.122946 0.155167 0.191263 0.158442 0.125686 0.222480 0.246315 0.194744 0.124202 0.206149 0.202149 0.172342 0.169310 0.151461 0.232061 0.120321 0.138616 0.102378 0.101686 0.167680 0.237726 0.126054 0.126529 0.185539 0.147679 0.100148 0.222946 0.129078 0.198182 0.115869 0.125737
0.163683 0.296096 0.114859 0.127599 0.094192 0.150741 0.205459 0.185037 0.209595 0.185876 0.179029 0.121196 0.092343 0.210102 0.234371 0.206676 0.184109 0.326758 0.209377 0.163086 0.207465 0.195242 0.122612 0.166772 0.183908 0.217310 0.226240 0.234977 0.165149 0.208905 0.157431 0.132844 0.156005 0.190108 0.153010 0.130861 0.229955 0.230310 0.178336 0.114865 0.214474 0.188630 0.163984 0.151144 0.163996 0.256875 0.118286 0.157117 0.099438 0.128260 0.174979 0.264974 0.124904 0.126298 0.208074 0.152443 0.111800 0.220420 0.113828 0.183567 0.095902 0.127067
0.144016 0.235023 0.117879 0.104165 0.106743 0.118675 0.163666 0.165570 0.213900 0.163477 0.153817 0.117290 0.071550 0.196221 0.251107 0.169752 0.158252 0.211493 0.162988 0.128663 0.223871 0.144963 0.134976 0.128769 0.152920 0.121233 0.171731 0.155786 0.178639 0.174109 0.194479 0.112006 0.162293 0.205845 0.132340 0.097304 0.204057 0.250928 0.150411 0.114045 0.205864 0.180773 0.158538 0.161240 0.119210 0.205719 0.133591 0.190597 0.099582 0.104103 0.159558 0.208811 0.143566 0.143420 0.159385 0.122962 0.110154 0.234509 0.106312 0.171519 0.112444 0.137342
0.157650 0.229198 0.130975 0.133295 0.140094 0.192798 0.233647 0.143421 0.210001 0.236956 0.192332 0.125465 0.099531 0.268155 0.278907 0.259714 0.175579 0.294058 0.292724 0.137249 0.227109 0.270627 0.117103 0.146862 0.266021 0.153418 0.163405 0.196204 0.163217 0.304033 0.150881 0.132904 0.161032 0.228637 0.169049 0.143615 0.245365 0.275089 0.203826 0.144829 0.198217 0.219271 0.172991 0.224503 0.154067 0.361188 0.162095 0.147872 0.091904 0.113132 0.214804 0.380769 0.171843 0.131873 0.203683 0.151023 0.134965 0.310485 0.111867 0.197477 0.122387 0.172591
0.105055 0.162397 0.105740 0.049054 0.087622 0.140568 0.160372 0.131173 0.116065 0.151016 0.129415 0.067851 0.042348 0.195403 0.140128 0.134697 0.084564 0.168412 0.135319 0.120902 0.139287 0.097384 0.050750 0.075077 0.143474 0.065347 0.096085 0.099033 0.125862 0.147340 0.127141 0.038499 0.123273 0.110961 0.102776 0.056727 0.132096 0.165216 0.086225 0.082312 0.142719 0.167929 0.134464 0.127386 0.042681 0.159285 0.089111 0.126158 0.080456 0.051416 0.098644 0.180624 0.077074 0.077369 0.142566 0.081006 0.094862 0.207843 0.052752 0.093046 0.062638 0.101377
0.193402 0.293453 0.149902 0.156058 0.136368 0.187127 0.272644 0.186917 0.234462 0.254135 0.177198 0.152215 0.131790 0.244474 0.280482 0.252717 0.210527 0.367735 0.267056 0.153045 0.242445 0.242712 0.157463 0.196901 0.247300 0.218214 0.216572 0.264448 0.175903 0.284266 0.192509 0.173432 0.193926 0.211973 0.174756 0.160230 0.239103 0.283488 0.206683 0.143233 0.250757 0.207431 0.196004 0.179409 0.155519 0.333554 0.156762 0.168203 0.110446 0.129709 0.215117 0.353677 0.170577 0.144244 0.225097 0.195080 0.142895 0.285596 0.140455 0.217347 0.135110 0.160741
0.143860 0.227445 0.140586 0.087669 0.104722 0.184314 0.224215 0.144254 0.163966 0.241827 0.172832 0.101749 0.078375 0.294088 0.233447 0.183786 0.152588 0.247886 0.194450 0.124601 0.190482 0.169109 0.098439 0.127162 0.175284 0.126662 0.119720 0.153172 0.152820 0.219022 0.162779 0.078607 0.168363 0.196183 0.149505 0.083379 0.172588 0.230730 0.195171 0.126247 0.188044 0.201740 0.166802 0.160540 0.116239 0.233396 0.131101 0.162143 0.069657 0.094306 0.160869 0.251417 0.114619 0.107598 0.212975 0.115061 0.115476 0.275592 0.084869 0.136055 0.109103 0.137811
0.055109 0.087247 0.077781 0.041903 0.042096 0.057763 0.046017 0.048693 0.070768 0.101407 0.087447 0.041022 0.052734 0.107110 0.148553 0.106616 0.068803 0.114367 0.111805 0.044788 0.115212 0.117634 0.037512 0.063526 0.110648 0.070840 0.064633 0.082520 0.051857 0.142104 0.048296 0.015034 0.067493 0.089084 0.101268 0.053147 0.073706 0.137957 0.103285 0.061787 0.105626 0.089459 0.076069 0.116901 0.050635 0.123462 0.058703 0.071078 0.046107 0.035633 0.095546 0.156281 0.059830 0.040088 0.028097 0.082012 0.038786 0.114284 0.061835 0.068405 0.036597 0.064107
0.115356 0.168761 0.080914 0.115495 0.073682 0.104311 0.170014 0.097488 0.174129 0.166583 0.087509 0.075121 0.078232 0.184434 0.222982 0.130522 0.151955 0.207194 0.133675 0.073570 0.150982 0.151482 0.078344 0.116355 0.157779 0.125757 0.090199 0.114689 0.088949 0.170411 0.108408 0.118008 0.134479 0.223110 0.119327 0.086714 0.164712 0.219078 0.174692 0.094642 0.151887 0.121647 0.109373 0.119804 0.126018 0.197298 0.092749 0.134632 0.053645 0.116700 0.155584 0.189273 0.124914 0.090345 0.135743 0.114733 0.089582 0.199323 0.075445 0.119993 0.073225 0.093788
0.136915 0.221789 0.125533 0.140504 0.128820 0.170222 0.209203 0.135464 0.173990 0.230486 0.170996 0.128915 0.118812 0.229299 0.253934 0.244287 0.160903 0.287833 0.281726 0.132765 0.227299 0.262280 0.122529 0.146507 0.254331 0.160984 0.162761 0.203805 0.141295 0.305686 0.135838 0.124348 0.149888 0.220358 0.159635 0.141426 0.236827 0.253526 0.179803 0.134042 0.188755 0.211062 0.170624 0.197293 0.137476 0.360988 0.154759 0.123175 0.088223 0.099190 0.181770 0.357175 0.153648 0.110522 0.189752 0.156604 0.131694 0.287604 0.114014 0.194751 0.115645 0.170783
0.136189 0.312782 0.126139 0.133138 0.107676 0.136976 0.192201 0.168300 0.204074 0.210057 0.163888 0.126127 0.109706 0.210571 0.267362 0.174505 0.194178 0.255464 0.183184 0.157510 0.282735 0.183113 0.121920 0.176470 0.171919 0.179479 0.161474 0.207142 0.186892 0.199060 0.191847 0.117274 0.161767 0.231305 0.155390 0.126634 0.270851 0.289293 0.200559 0.148903 0.227391 0.188806 0.180780 0.181501 0.140516 0.259483 0.141292 0.158881 0.101306 0.108343 0.171641 0.214429 0.125167 0.156651 0.173598 0.150545 0.118304 0.262186 0.148088 0.210847 0.112031 0.139486
0.126500 0.215704 0.114860 0.124186 0.111742 0.167668 0.197137 0.139970 0.198813 0.204913 0.144096 0.117216 0.089011 0.250065 0.243090 0.160704 0.181367 0.239459 0.178021 0.151216 0.217472 0.192700 0.105469 0.148761 0.175009 0.136275 0.135350 0.137964 0.149573 0.214330 0.147716 0.114480 0.155295 0.244122 0.153833 0.101801 0.253367 0.241329 0.170351 0.120229 0.211414 0.214576 0.139222 0.170812 0.131312 0.259262 0.137390 0.149578 0.089670 0.115306 0.161595 0.225375 0.127093 0.143756 0.193791 0.125603 0.110731 0.264848 0.090554 0.166131 0.107329 0.157671
0.114204 0.161319 0.112850 0.069503 0.052084 0.083703 0.100666 0.091953 0.149805 0.114062 0.132741 0.060715 0.031493 0.140124 0.174200 0.157439 0.111918 0.148671 0.163250 0.047366 0.161943 0.128446 0.056926 0.093857 0.127975 0.083851 0.120338 0.116145 0.101317 0.148166 0.118625 0.042899 0.074495 0.135351 0.095292 0.046771 0.129386 0.159442 0.140831 0.089133 0.122722 0.089694 0.100127 0.156596 0.110642 0.150034 0.071896 0.121298 0.023828 0.082373 0.131089 0.140328 0.101644 0.082212 0.093123 0.096778 0.053877 0.149212 0.086818 0.124048 0.055205 0.079874
0.144487 0.270695 0.114721 0.134229 0.146690 0.168042 0.204913 0.166481 0.212497 0.245326 0.171556 0.138862 0.117484 0.258146 0.276002 0.205429 0.171220 0.255448 0.209582 0.169708 0.263557 0.209757 0.133473 0.156788 0.213412 0.160783 0.152573 0.177993 0.182717 0.226845 0.175473 0.129112 0.181738 0.256517 0.143029 0.124723 0.279212 0.297510 0.185232 0.143006 0.222097 0.221029 0.180781 0.211468 0.131902 0.294519 0.176088 0.160927 0.118862 0.118711 0.184338 0.281639 0.134137 0.143761 0.213063 0.150375 0.140430 0.319561 0.121189 0.198120 0.112075 0.157337
0.126550 0.109644 0.063561 0.083983 0.063418 0.072534 0.086769 0.111594 0.129279 0.108348 0.118005 0.066843 0.060240 0.134604 0.211643 0.144133 0.102554 0.145908 0.125019 0.065673 0.136744 0.082437 0.060735 0.097205 0.108615 0.085818 0.096351 0.094408 0.093964 0.117583 0.121269 0.094280 0.097751 0.167601 0.088149 0.085667 0.171584 0.206129 0.088066 0.100839 0.127059 0.088587 0.103119 0.092877 0.091450 0.150045 0.106366 0.096288 0.055842 0.080530 0.137019 0.118970 0.131740 0.096209 0.094299 0.065149 0.089622 0.159996 0.080222 0.113744 0.066786 0.122737
0.138143 0.222905 0.101504 0.082961 0.093484 0.175923 0.230350 0.126258 0.155833 0.246376 0.149602 0.100372 0.095258 0.300742 0.211782 0.166221 0.117321 0.252618 0.169380 0.150804 0.167598 0.164801 0.106374 0.120463 0.176388 0.115930 0.122325 0.146028 0.116770 0.201376 0.134217 0.099253 0.171067 0.183789 0.144757 0.082269 0.185787 0.202233 0.163314 0.103793 0.172517 0.203114 0.148295 0.136681 0.103691 0.232911 0.128105 0.137549 0.083564 0.104829 0.149568 0.250316 0.105529 0.091314 0.230194 0.117052 0.133271 0.316672 0.057550 0.113505 0.104577 0.135325
0.149810 0.127867 0.098320 0.060541 0.073857 0.093165 0.126355 0.102066 0.122939 0.132822 0.119494 0.062761 0.059206 0.138905 0.182205 0.169656 0.108959 0.169249 0.138439 0.074550 0.135490 0.104432 0.049655 0.100529 0.144832 0.074451 0.088348 0.090326 0.069891 0.171911 0.095413 0.072232 0.120287 0.164923 0.073676 0.080448 0.130002 0.169990 0.098199 0.054429 0.140841 0.112232 0.102448 0.116760 0.088883 0.168972 0.077880 0.127547 0.036527 0.062862 0.173997 0.194141 0.112631 0.084930 0.147158 0.077359 0.085689 0.164894 0.035611 0.081049 0.055525 0.083955
0.132317 0.229501 0.116438 0.080904 0.099057 0.145217 0.160866 0.115844 0.162780 0.197645 0.169804 0.093262 0.072884 0.219097 0.240467 0.162043 0.153477 0.224443 0.188620 0.100179 0.194828 0.167793 0.084693 0.147239 0.162332 0.153327 0.118368 0.162452 0.146957 0.210463 0.125127 0.113306 0.137791 0.225108 0.131415 0.097505 0.196290 0.238911 0.210014 0.096733 0.166451 0.171913 0.156606 0.140745 0.133287 0.225730 0.131795 0.141131 0.081643 0.077396 0.158710 0.223945 0.117885 0.130386 0.186797 0.116779 0.108190 0.225083 0.101724 0.167601 0.087092 0.114457
0.110589 0.186218 0.100315 0.087458 0.086088 0.099972 0.107094 0.089462 0.127465 0.149062 0.118554 0.061253 0.077013 0.159094 0.179181 0.166106 0.124869 0.192357 0.171951 0.067264 0.174584 0.167887 0.073275 0.103686 0.161781 0.128039 0.125087 0.156674 0.121746 0.189862 0.109953 0.057059 0.094135 0.167984 0.150417 0.078907 0.144724 0.207524 0.204372 0.077072 0.160532 0.117166 0.126839 0.141228 0.114768 0.175438 0.092359 0.112934 0.058321 0.066356 0.135202 0.228203 0.112088 0.087324 0.103797 0.105137 0.064347 0.159679 0.106828 0.132913 0.086542 0.075958
0.197641 0.225012 0.157874 0.166668 0.164974 0.184271 0.227098 0.144971 0.246265 0.205477 0.157731 0.153060 0.121524 0.226107 0.289684 0.309239 0.200892 0.277407 0.325954 0.125423 0.241165 0.287561 0.132121 0.197886 0.327283 0.168096 0.185646 0.187219 0.169042 0.346020 0.171770 0.144681 0.170277 0.246663 0.177280 0.150039 0.250201 0.301181 0.217151 0.125358 0.239863 0.176572 0.197709 0.201159 0.154185 0.391146 0.156965 0.182112 0.103995 0.119498 0.247298 0.435090 0.179146 0.144911 0.183275 0.200214 0.126141 0.264948 0.132180 0.221295 0.114146 0.151560
0.066833 0.155810 0.090381 0.082237 0.061056 0.108363 0.128956 0.083484 0.134455 0.107569 0.101936 0.040004 0.052099 0.160250 0.171558 0.153552 0.104285 0.186095 0.146163 0.057212 0.125112 0.147780 0.042435 0.085618 0.115801 0.099452 0.111153 0.125363 0.092597 0.136762 0.104667 0.054097 0.081899 0.110632 0.098110 0.066506 0.152219 0.150466 0.111848 0.090636 0.112995 0.097537 0.113485 0.121609 0.095995 0.173929 0.057456 0.100062 0.054292 0.084176 0.102232 0.162428 0.086648 0.078526 0.081567 0.097154 0.061560 0.149009 0.072998 0.095101 0.020402 0.059476
0.143521 0.181094 0.112834 0.087365 0.072920 0.096349 0.126426 0.093542 0.135921 0.128466 0.144680 0.077038 0.073117 0.170591 0.208252 0.151607 0.118013 0.162193 0.185482 0.065927 0.190363 0.118688 0.077953 0.111652 0.138442 0.099957 0.098031 0.142753 0.141357 0.175246 0.158999 0.084394 0.112365 0.147556 0.105114 0.088372 0.151379 0.197003 0.163693 0.092855 0.152894 0.103605 0.157263 0.117998 0.127909 0.185746 0.095024 0.127143 0.030135 0.072425 0.135877 0.188001 0.100377 0.099232 0.108379 0.115975 0.062136 0.181127 0.079316 0.136179 0.064961 0.090310
0.145016 0.201785 0.129000 0.104697 0.122201 0.201668 0.221752 0.111542 0.181320 0.243550 0.159921 0.126015 0.096322 0.277540 0.236159 0.222706 0.148001 0.234878 0.250768 0.136953 0.208289 0.234886 0.107301 0.123484 0.245286 0.118356 0.130916 0.135060 0.138516 0.283926 0.131646 0.084438 0.169410 0.218424 0.153314 0.099829 0.204138 0.248972 0.177001 0.138421 0.183222 0.212164 0.156106 0.207172 0.127704 0.301343 0.148274 0.147194 0.079659 0.103960 0.187961 0.329644 0.137124 0.119569 0.188106 0.129793 0.120258 0.313138 0.090864 0.150668 0.116082 0.153325
0.126947 0.185265 0.105268 0.072416 0.071495 0.123241 0.147455 0.092459 0.133136 0.167105 0.142986 0.069651 0.058516 0.232342 0.217848 0.158740 0.130782 0.202550 0.190087 0.064562 0.156128 0.148222 0.085926 0.106131 0.133342 0.123238 0.106259 0.155828 0.121573 0.199338 0.112441 0.091302 0.122228 0.169240 0.126016 0.098510 0.160201 0.208557 0.197716 0.101566 0.128727 0.133188 0.132800 0.109417 0.123004 0.203620 0.109983 0.113683 0.039790 0.087045 0.144146 0.200488 0.111922 0.098178 0.148544 0.103438 0.084569 0.218511 0.091135 0.134355 0.080217 0.091675
0.119685 0.135446 0.095164 0.111911 0.113746 0.110288 0.149238 0.093960 0.156782 0.130695 0.095665 0.098385 0.094843 0.127993 0.226820 0.219304 0.151015 0.191213 0.199861 0.072586 0.176115 0.197937 0.100271 0.127702 0.219086 0.100408 0.093154 0.118877 0.100866 0.231075 0.106154 0.095845 0.114684 0.200896 0.097819 0.107909 0.177269 0.217799 0.148413 0.079756 0.162900 0.098708 0.142599 0.119642 0.076174 0.283388 0.104914 0.106610 0.059555 0.062849 0.152214 0.301776 0.123398 0.106001 0.127115 0.132156 0.071316 0.189586 0.082920 0.147284 0.079621 0.094572
0.218520 0.271351 0.177222 0.174142 0.180680 0.232405 0.284430 0.168125 0.267762 0.274329 0.185108 0.173324 0.139021 0.315508 0.318361 0.310310 0.213793 0.338735 0.345854 0.165053 0.267015 0.316757 0.151301 0.214207 0.341612 0.191750 0.190025 0.212519 0.190822 0.376974 0.189212 0.157863 0.221780 0.280863 0.204834 0.165608 0.273313 0.333016 0.250463 0.154347 0.273797 0.236005 0.225325 0.229290 0.178251 0.419141 0.187037 0.208884 0.114743 0.142377 0.265671 0.475684 0.188845 0.156969 0.240942 0.213756 0.160469 0.340790 0.135446 0.228570 0.145525 0.189518
0.152410 0.204201 0.108279 0.110782 0.104864 0.129878 0.160159 0.099974 0.207293 0.181543 0.166107 0.085005 0.096038 0.216080 0.295960 0.226980 0.165227 0.248661 0.238217 0.078115 0.196978 0.221999 0.103846 0.145296 0.229347 0.148172 0.155327 0.169019 0.127385 0.269912 0.117878 0.118197 0.132502 0.223962 0.164936 0.121184 0.194918 0.262697 0.226900 0.101718 0.226802 0.145876 0.162640 0.170483 0.132542 0.281099 0.117319 0.150529 0.091574 0.091009 0.195329 0.307378 0.145259 0.116886 0.152969 0.155366 0.094228 0.241054 0.101501 0.158126 0.086754 0.127262
0.125714 0.182756 0.088038 0.068070 0.072680 0.117173 0.158126 0.115036 0.138687 0.167415 0.166705 0.066044 0.064251 0.169735 0.197395 0.176924 0.089984 0.208625 0.163854 0.095808 0.154553 0.122920 0.059036 0.090048 0.149797 0.106223 0.123062 0.135227 0.095346 0.152877 0.111556 0.080059 0.104369 0.144380 0.106795 0.083231 0.143971 0.184727 0.162736 0.093344 0.147959 0.126739 0.127824 0.141441 0.104683 0.162650 0.101268 0.130348 0.071257 0.059522 0.125345 0.185193 0.107365 0.083685 0.147024 0.088552 0.116109 0.212706 0.062202 0.108053 0.071974 0.140246
0.130974 0.252259 0.108780 0.110805 0.110841 0.206205 0.283956 0.167893 0.149310 0.267407 0.135705 0.138613 0.104465 0.283949 0.184804 0.147840 0.166404 0.274152 0.173253 0.183504 0.182264 0.166860 0.114875 0.140140 0.179694 0.143060 0.149251 0.160394 0.149295 0.220520 0.142951 0.105588 0.179206 0.181258 0.143201 0.102433 0.199572 0.210512 0.127172 0.119568 0.185284 0.249644 0.129477 0.150470 0.100118 0.236540 0.122836 0.138326 0.107922 0.101401 0.155888 0.239486 0.103328 0.122986 0.217906 0.121234 0.131900 0.306348 0.078079 0.143388 0.101542 0.163801
0.181479 0.228680 0.156552 0.145717 0.155171 0.207514 0.228542 0.151560 0.218964 0.234999 0.179115 0.148952 0.133203 0.250170 0.284140 0.309534 0.166445 0.307546 0.301712 0.149524 0.241147 0.278412 0.119344 0.177845 0.289321 0.168814 0.177736 0.198454 0.153146 0.317133 0.178293 0.136070 0.183729 0.232088 0.177882 0.145504 0.242882 0.274954 0.201846 0.128895 0.233496 0.200478 0.209524 0.199570 0.139387 0.370295 0.172388 0.168605 0.099370 0.110056 0.205307 0.433374 0.159740 0.131656 0.214146 0.179759 0.148034 0.287361 0.112083 0.192743 0.131825 0.173766
0.098627 0.191890 0.112593 0.101265 0.093559 0.189752 0.256176 0.127349 0.124180 0.226899 0.134477 0.094831 0.095729 0.245529 0.187369 0.147543 0.133318 0.253900 0.177367 0.129834 0.145151 0.170035 0.095520 0.108638 0.163352 0.111671 0.112771 0.156957 0.119170 0.217683 0.117225 0.095174 0.133521 0.122347 0.115848 0.094054 0.156206 0.191668 0.148852 0.124071 0.138083 0.177368 0.125124 0.127029 0.093863 0.245499 0.113447 0.102597 0.069308 0.073583 0.129202 0.230334 0.109962 0.090809 0.178341 0.106225 0.111924 0.252579 0.067219 0.112828 0.091873 0.119757
0.127263 0.191856 0.121794 0.100945 0.129099 0.196967 0.221332 0.120003 0.171803 0.237809 0.154980 0.126527 0.089507 0.276450 0.229940 0.222053 0.148289 0.232228 0.238392 0.143820 0.196794 0.228305 0.097974 0.130378 0.251142 0.116036 0.127714 0.119680 0.136662 0.276176 0.124929 0.079747 0.164313 0.215082 0.150874 0.096203 0.194756 0.238901 0.164254 0.127882 0.189586 0.220121 0.156975 0.195164 0.107889 0.295873 0.142445 0.146315 0.091666 0.089044 0.174204 0.331149 0.122366 0.117946 0.195984 0.124501 0.122921 0.304590 0.085886 0.146023 0.103047 0.154938
0.118134 0.171680 0.111899 0.072123 0.068462 0.097168 0.117303 0.102414 0.143632 0.121254 0.144796 0.062713 0.049140 0.175306 0.207432 0.177999 0.123487 0.175208 0.190616 0.068438 0.159287 0.152330 0.056754 0.106536 0.152960 0.099395 0.122479 0.143933 0.124639 0.185073 0.105533 0.069020 0.094256 0.138732 0.109493 0.088305 0.159364 0.197527 0.174426 0.089226 0.139644 0.108311 0.122957 0.139369 0.101610 0.193779 0.088627 0.112076 0.058036 0.069319 0.149168 0.187119 0.111005 0.095429 0.110745 0.120416 0.074270 0.176812 0.111789 0.141666 0.056510 0.085118
0.150448 0.215564 0.132047 0.129274 0.115074 0.160601 0.177261 0.131516 0.210841 0.178692 0.160812 0.119411 0.111467 0.178761 0.244905 0.247403 0.169753 0.263356 0.243790 0.114980 0.224233 0.228798 0.111260 0.147550 0.207658 0.156453 0.168372 0.187145 0.129738 0.256642 0.150439 0.101672 0.130091 0.212064 0.133405 0.107248 0.236731 0.234052 0.171501 0.117019 0.177845 0.147059 0.174968 0.173657 0.138996 0.309442 0.107168 0.138998 0.067629 0.111328 0.185859 0.300010 0.127780 0.114708 0.173445 0.158522 0.087659 0.221367 0.114046 0.175865 0.089374 0.118706
0.151979 0.241124 0.142685 0.093929 0.094997 0.179995 0.209866 0.127649 0.168965 0.214661 0.156395 0.097929 0.076249 0.276623 0.224086 0.169911 0.146394 0.235627 0.201040 0.129775 0.198326 0.169523 0.083602 0.126752 0.174105 0.117564 0.116806 0.147449 0.147887 0.226100 0.157808 0.082417 0.170190 0.191232 0.156836 0.090716 0.184569 0.242116 0.196134 0.120275 0.185596 0.195851 0.183181 0.161496 0.134820 0.226529 0.107924 0.163264 0.076802 0.091203 0.170276 0.237546 0.115973 0.117951 0.189423 0.118440 0.114055 0.268525 0.090954 0.141762 0.101653 0.136873
0.165352 0.237241 0.153839 0.112337 0.114213 0.173987 0.201675 0.153677 0.192337 0.195956 0.186710 0.107194 0.086928 0.256412 0.275594 0.204572 0.162796 0.241373 0.211793 0.143422 0.228418 0.176335 0.103752 0.150158 0.194971 0.135901 0.138995 0.162759 0.184993 0.226981 0.173340 0.101904 0.164325 0.226661 0.153801 0.112232 0.234616 0.280222 0.187478 0.141374 0.216443 0.190897 0.182004 0.173178 0.139830 0.265680 0.154555 0.177790 0.094016 0.108326 0.187219 0.244386 0.136955 0.156002 0.196905 0.130170 0.124124 0.263956 0.101197 0.174037 0.113139 0.158632
