0.114397 0.200337 0.137394 0.099820 0.093328 0.132718 0.167350 0.124341 0.171065 0.152955 0.175125 0.107810 0.076527 0.172450 0.241777 0.242633 0.137709 0.213601 0.180962 0.096241 0.185239 0.169416 0.069687 0.123285 0.195986 0.115256 0.127692 0.143459 0.121448 0.201452 0.142023 0.066400 0.122298 0.150881 0.139911 0.086624 0.155215 0.192303 0.162233 0.090382 0.197324 0.137036 0.173948 0.147411 0.091449 0.224922 0.097024 0.162082 0.067490 0.074209 0.146812 0.243783 0.120975 0.107104 0.139998 0.126939 0.087892 0.208989 0.066942 0.136085 0.086921 0.124963
0.152855 0.312794 0.114601 0.136556 0.104897 0.154147 0.222047 0.186694 0.210029 0.214214 0.166666 0.140940 0.113756 0.216620 0.244550 0.188027 0.206373 0.310143 0.178210 0.181484 0.238068 0.184974 0.145529 0.167010 0.167287 0.208245 0.209603 0.242728 0.184554 0.202129 0.164989 0.146464 0.165916 0.217540 0.161549 0.119701 0.248872 0.243393 0.187000 0.123629 0.221110 0.221274 0.159915 0.158445 0.151945 0.249878 0.124793 0.149528 0.114388 0.124150 0.171237 0.225197 0.134999 0.145878 0.216068 0.138945 0.120816 0.248726 0.119207 0.197559 0.126373 0.147271
0.097867 0.201314 0.090997 0.080922 0.093765 0.121882 0.120842 0.113512 0.144511 0.111601 0.161953 0.083023 0.063986 0.179132 0.193172 0.159954 0.111641 0.185486 0.176232 0.100081 0.147466 0.137580 0.066454 0.118678 0.141525 0.123302 0.131872 0.139250 0.148586 0.173187 0.121815 0.081152 0.101913 0.125199 0.133720 0.085770 0.144922 0.188343 0.159581 0.084824 0.162669 0.149746 0.168785 0.102563 0.122302 0.182957 0.084462 0.142130 0.097924 0.054825 0.130025 0.202116 0.092572 0.109929 0.140444 0.088718 0.096708 0.164032 0.074558 0.140724 0.069918 0.128620
0.131288 0.194106 0.103391 0.122912 0.093361 0.116668 0.138179 0.137476 0.197439 0.153222 0.149612 0.117662 0.104585 0.182622 0.260198 0.193275 0.166230 0.202144 0.181402 0.098485 0.211769 0.189090 0.103707 0.156754 0.182213 0.147672 0.138571 0.176640 0.146490 0.200382 0.139782 0.106822 0.126291 0.212528 0.136406 0.100113 0.210798 0.229975 0.192247 0.107023 0.202789 0.136343 0.144827 0.155581 0.132567 0.227848 0.106269 0.120184 0.079453 0.109865 0.163065 0.204991 0.125816 0.107643 0.131377 0.137691 0.073612 0.210260 0.100429 0.175630 0.083677 0.114507
0.214691 0.265049 0.172720 0.172443 0.172732 0.228293 0.268920 0.159995 0.257855 0.266371 0.174528 0.166701 0.140883 0.296112 0.305125 0.298335 0.208604 0.333607 0.337472 0.163786 0.263769 0.316374 0.146936 0.202611 0.325964 0.193481 0.182283 0.210299 0.184408 0.367874 0.182329 0.155337 0.216579 0.280733 0.205375 0.160072 0.273195 0.325745 0.249222 0.147525 0.257534 0.232649 0.217844 0.227862 0.176546 0.414184 0.183801 0.200458 0.109960 0.141674 0.255422 0.477279 0.186039 0.148099 0.229146 0.206984 0.154391 0.320538 0.138376 0.221858 0.150049 0.181801
0.126692 0.217082 0.114205 0.088021 0.119107 0.190350 0.237715 0.137027 0.154829 0.253082 0.143927 0.108767 0.092894 0.296173 0.209809 0.158315 0.131276 0.247039 0.189937 0.128566 0.167686 0.175719 0.100414 0.130774 0.193492 0.113253 0.125094 0.150141 0.145109 0.228359 0.122452 0.093834 0.174031 0.163975 0.137560 0.096659 0.170479 0.227924 0.172494 0.111948 0.186907 0.195192 0.151942 0.148367 0.104583 0.242624 0.125878 0.135137 0.101710 0.088966 0.170984 0.250873 0.114097 0.106512 0.232612 0.120832 0.142876 0.322560 0.072241 0.138885 0.113754 0.136766
0.115915 0.171459 0.083890 0.077141 0.080194 0.120031 0.178580 0.104045 0.122067 0.203353 0.144102 0.067187 0.080687 0.232488 0.211265 0.144920 0.092486 0.253759 0.176032 0.077465 0.144374 0.163376 0.089604 0.120735 0.142834 0.114955 0.099081 0.152967 0.092028 0.183793 0.107525 0.114062 0.125146 0.168904 0.108730 0.105086 0.145451 0.188402 0.165985 0.104568 0.137352 0.139792 0.125478 0.118403 0.113808 0.208030 0.124405 0.115070 0.056632 0.071041 0.135331 0.224059 0.117658 0.081662 0.178419 0.102072 0.120421 0.239800 0.072841 0.122345 0.092707 0.136497
0.147820 0.219636 0.125125 0.085871 0.092659 0.166952 0.215731 0.142940 0.159763 0.196128 0.160770 0.119133 0.076917 0.226588 0.184068 0.154945 0.147981 0.224145 0.149255 0.171128 0.174624 0.126192 0.099408 0.121821 0.163458 0.126599 0.141811 0.153269 0.148140 0.179124 0.153155 0.070737 0.168767 0.144907 0.115917 0.088279 0.163759 0.193021 0.137666 0.097340 0.205916 0.179352 0.154668 0.124823 0.097296 0.174435 0.100012 0.152311 0.076404 0.080659 0.134274 0.194841 0.097533 0.123983 0.192644 0.126711 0.077896 0.222619 0.061483 0.124602 0.092653 0.101409
0.087355 0.183970 0.076644 0.103689 0.091875 0.110770 0.145420 0.125995 0.147324 0.131939 0.106411 0.097889 0.059312 0.169253 0.205082 0.150047 0.130204 0.194950 0.154398 0.126888 0.209211 0.144437 0.094534 0.154651 0.160033 0.128103 0.117174 0.114035 0.141497 0.162277 0.135676 0.099533 0.117909 0.182100 0.126736 0.116347 0.217717 0.231607 0.115432 0.097949 0.151960 0.130431 0.130296 0.125282 0.093717 0.231114 0.120692 0.125951 0.081547 0.080996 0.121376 0.218154 0.102205 0.132055 0.133316 0.111654 0.115517 0.191563 0.098589 0.177070 0.084977 0.111445
0.139783 0.226689 0.129598 0.112744 0.122068 0.190559 0.251087 0.140313 0.212336 0.246022 0.163886 0.103899 0.093164 0.311806 0.254642 0.200634 0.170160 0.276512 0.202886 0.137416 0.184594 0.215282 0.112401 0.138536 0.206902 0.138965 0.139897 0.162342 0.147768 0.230623 0.157487 0.108496 0.185959 0.213463 0.156018 0.094566 0.206993 0.246272 0.199045 0.138580 0.210389 0.216154 0.163971 0.171906 0.123383 0.267752 0.130521 0.175727 0.089441 0.124358 0.186021 0.281245 0.143161 0.115848 0.205222 0.149094 0.128330 0.299742 0.084272 0.142880 0.098919 0.135058
0.139412 0.188848 0.132386 0.110286 0.089134 0.114715 0.155043 0.101746 0.136816 0.145902 0.131526 0.087540 0.062388 0.187827 0.207439 0.168873 0.127195 0.188556 0.194551 0.064730 0.159291 0.144985 0.074727 0.103986 0.174334 0.091505 0.109249 0.126513 0.121983 0.228486 0.123249 0.071375 0.120707 0.141405 0.131934 0.082639 0.120083 0.204259 0.172585 0.071586 0.166998 0.122946 0.160458 0.134899 0.131688 0.204154 0.085506 0.160441 0.058897 0.078229 0.164336 0.222478 0.111945 0.090813 0.115124 0.119226 0.069471 0.191992 0.067345 0.126163 0.072974 0.107601
0.201364 0.252678 0.161545 0.167801 0.174003 0.225317 0.262876 0.160430 0.249029 0.266461 0.176332 0.165349 0.138307 0.293512 0.301119 0.291199 0.202564 0.333859 0.327457 0.165309 0.257301 0.314387 0.144527 0.206791 0.328858 0.192800 0.181107 0.203919 0.177221 0.359773 0.176018 0.153299 0.208645 0.278648 0.206790 0.156354 0.265400 0.316892 0.240611 0.144342 0.261560 0.237570 0.215510 0.224072 0.165775 0.408209 0.185209 0.194710 0.118452 0.134519 0.242856 0.476210 0.181164 0.144439 0.228690 0.199588 0.156099 0.317825 0.133019 0.219889 0.146927 0.187633
0.122760 0.149993 0.085410 0.060571 0.083035 0.093455 0.103562 0.094322 0.128469 0.162266 0.129013 0.076749 0.068412 0.162934 0.187150 0.160083 0.082115 0.154367 0.144173 0.068622 0.147558 0.136491 0.078684 0.088230 0.137960 0.090672 0.095698 0.109195 0.074157 0.165702 0.101175 0.067450 0.112754 0.172120 0.090082 0.083324 0.149292 0.181153 0.141011 0.082032 0.126866 0.102888 0.132756 0.110933 0.091456 0.154710 0.107382 0.109895 0.056009 0.066627 0.140255 0.185972 0.081229 0.061862 0.133882 0.095599 0.061186 0.199628 0.073046 0.097879 0.073977 0.095101
0.173224 0.247544 0.134450 0.116497 0.125182 0.202683 0.304010 0.162374 0.164939 0.294591 0.165199 0.123584 0.122676 0.261050 0.199301 0.173805 0.163218 0.306140 0.180504 0.170140 0.193218 0.172611 0.109945 0.142635 0.202979 0.158374 0.147484 0.210198 0.145162 0.239237 0.168365 0.130919 0.201641 0.190240 0.140822 0.112191 0.198109 0.241064 0.156567 0.145855 0.207971 0.243582 0.172872 0.170510 0.116226 0.255961 0.139896 0.151151 0.106332 0.099125 0.182843 0.255889 0.137861 0.116832 0.245387 0.140171 0.142154 0.302845 0.086111 0.152597 0.109974 0.154797
0.143146 0.150222 0.097792 0.119526 0.101922 0.083753 0.114588 0.071471 0.169524 0.116174 0.089087 0.085788 0.084913 0.111104 0.194606 0.174723 0.167213 0.158814 0.157371 0.049458 0.148255 0.150748 0.072288 0.121457 0.172766 0.124420 0.087526 0.120016 0.108441 0.199873 0.088786 0.099310 0.111705 0.203015 0.114520 0.086856 0.165052 0.206688 0.178086 0.045685 0.182154 0.090307 0.109056 0.109332 0.100176 0.189465 0.066390 0.123605 0.038381 0.073345 0.174074 0.212531 0.128775 0.094101 0.108979 0.121202 0.050744 0.126080 0.069786 0.124092 0.055530 0.052777
0.174070 0.182459 0.134324 0.129167 0.129803 0.166661 0.205829 0.129282 0.173437 0.189960 0.161923 0.115751 0.106997 0.202685 0.217105 0.226457 0.127411 0.253851 0.268837 0.113116 0.181017 0.214890 0.113408 0.162360 0.250387 0.130690 0.158225 0.178861 0.137951 0.272558 0.139680 0.131636 0.136839 0.158386 0.132598 0.125606 0.185309 0.212609 0.163146 0.113807 0.196857 0.162374 0.160476 0.160853 0.148887 0.305091 0.145813 0.146265 0.094863 0.090476 0.200098 0.311460 0.156812 0.115161 0.184023 0.158647 0.129298 0.231852 0.088838 0.183466 0.104103 0.170424
0.120137 0.165376 0.094114 0.065965 0.086175 0.116717 0.140739 0.091421 0.112354 0.177055 0.130229 0.072033 0.075971 0.193866 0.190036 0.157670 0.120717 0.195612 0.141729 0.080329 0.189594 0.130521 0.104996 0.091609 0.125898 0.112575 0.076689 0.146876 0.103041 0.165810 0.110796 0.091701 0.123440 0.183482 0.101042 0.087672 0.168007 0.191261 0.174440 0.092487 0.141641 0.136884 0.128104 0.115042 0.088687 0.184311 0.114541 0.100816 0.030071 0.070925 0.128859 0.188674 0.098402 0.087838 0.165442 0.084121 0.086036 0.209803 0.070162 0.119130 0.089413 0.088972
0.205317 0.305677 0.149266 0.165306 0.136003 0.198340 0.292229 0.189814 0.244553 0.270740 0.163417 0.167124 0.131527 0.264290 0.275994 0.233164 0.214091 0.363405 0.261435 0.160073 0.242734 0.251068 0.175066 0.201353 0.240879 0.211344 0.212614 0.266376 0.178763 0.286892 0.190751 0.188177 0.206757 0.223848 0.169159 0.155951 0.249397 0.286580 0.215737 0.144858 0.241049 0.211653 0.189773 0.187326 0.170500 0.335369 0.161161 0.166328 0.115976 0.147041 0.229577 0.344191 0.176749 0.147622 0.233796 0.199959 0.140439 0.305922 0.138212 0.224992 0.148767 0.163319
0.122681 0.152476 0.093252 0.117718 0.117821 0.150935 0.160592 0.083684 0.178512 0.151930 0.105815 0.130397 0.082833 0.163113 0.179327 0.236403 0.147872 0.191813 0.230096 0.115730 0.178610 0.237759 0.091796 0.119312 0.251039 0.116634 0.121894 0.116928 0.122559 0.249228 0.109523 0.083247 0.129236 0.177008 0.121295 0.107582 0.175829 0.184603 0.117391 0.081853 0.164714 0.144713 0.128205 0.153788 0.109310 0.304242 0.117972 0.113456 0.061922 0.099040 0.155971 0.317073 0.118283 0.104714 0.159692 0.110285 0.091348 0.206055 0.066772 0.146998 0.087625 0.112385
0.106252 0.257291 0.106796 0.083439 0.096643 0.147028 0.242410 0.164501 0.150184 0.219293 0.113834 0.099222 0.085737 0.238916 0.167601 0.147935 0.144542 0.227195 0.134090 0.143894 0.167830 0.127037 0.090319 0.117114 0.127792 0.108213 0.133587 0.148803 0.149505 0.162066 0.171051 0.091442 0.153112 0.152126 0.132135 0.078643 0.178942 0.201339 0.127958 0.112046 0.158366 0.211221 0.134995 0.126268 0.067398 0.179155 0.089129 0.124194 0.087665 0.064537 0.121289 0.175308 0.081057 0.101099 0.198690 0.102551 0.127834 0.265581 0.082847 0.126727 0.078802 0.124187
0.130858 0.210994 0.100652 0.097566 0.088830 0.095245 0.136607 0.097555 0.171247 0.119298 0.101021 0.062714 0.052837 0.154491 0.175866 0.108513 0.155057 0.157290 0.157249 0.064530 0.142605 0.133547 0.062198 0.116251 0.116845 0.115277 0.103290 0.124473 0.142147 0.149009 0.131222 0.086041 0.100991 0.173795 0.100470 0.082052 0.175402 0.186910 0.186371 0.070733 0.149082 0.103879 0.113881 0.113575 0.143662 0.163574 0.071343 0.135361 0.051570 0.089680 0.153088 0.169596 0.080868 0.099459 0.118816 0.106678 0.053131 0.146819 0.097061 0.125488 0.054054 0.060114
0.168246 0.175957 0.125733 0.152547 0.123514 0.159831 0.178579 0.128676 0.190992 0.185311 0.129512 0.141163 0.104464 0.210499 0.235100 0.218594 0.166340 0.245871 0.284023 0.123864 0.214679 0.235119 0.115837 0.144866 0.246894 0.136372 0.138908 0.133922 0.138106 0.296069 0.142054 0.114321 0.147992 0.243269 0.144017 0.117832 0.212797 0.254513 0.163398 0.103785 0.192762 0.180117 0.155793 0.193086 0.151366 0.332494 0.152592 0.158700 0.072979 0.117844 0.180082 0.375921 0.141759 0.110167 0.166038 0.142945 0.107557 0.227968 0.097633 0.168614 0.113097 0.154920
0.208603 0.296507 0.148245 0.156099 0.136597 0.188839 0.274628 0.184411 0.238679 0.260602 0.176387 0.149656 0.134622 0.245346 0.284007 0.249336 0.202926 0.372575 0.266361 0.156713 0.245584 0.242124 0.159666 0.195663 0.244023 0.219135 0.217969 0.270100 0.178469 0.281783 0.192275 0.184684 0.200245 0.219920 0.171858 0.162284 0.246776 0.292388 0.206993 0.142253 0.240685 0.208614 0.196305 0.183352 0.162842 0.332996 0.164150 0.172645 0.114885 0.137535 0.219807 0.357630 0.174742 0.144407 0.228812 0.195090 0.148825 0.290972 0.137325 0.217237 0.139984 0.156503
0.197803 0.282974 0.148040 0.167444 0.153056 0.210131 0.258326 0.173392 0.253815 0.261705 0.186303 0.152568 0.143666 0.273521 0.301274 0.269115 0.217247 0.340581 0.304080 0.165230 0.290409 0.280525 0.140517 0.206201 0.278285 0.207593 0.202276 0.230076 0.185793 0.319290 0.199486 0.158613 0.196449 0.292799 0.185333 0.154430 0.315271 0.334377 0.231395 0.164375 0.248627 0.211452 0.199578 0.221521 0.173663 0.385807 0.176230 0.171091 0.098819 0.143020 0.230738 0.408405 0.171865 0.160262 0.219981 0.202246 0.149512 0.320359 0.155171 0.221969 0.129666 0.157745
0.149363 0.182880 0.128792 0.128727 0.112776 0.158576 0.176852 0.111092 0.180144 0.169761 0.137303 0.120222 0.095236 0.186805 0.245674 0.269040 0.155518 0.253199 0.299574 0.109890 0.204535 0.244086 0.109901 0.148852 0.266145 0.143895 0.169260 0.166162 0.132465 0.315901 0.130664 0.120944 0.130738 0.203107 0.148347 0.138569 0.207468 0.245095 0.172480 0.108441 0.162329 0.161527 0.154940 0.164399 0.128748 0.369845 0.133970 0.128087 0.059874 0.092249 0.187697 0.403582 0.152666 0.122003 0.164981 0.145135 0.124922 0.226114 0.105624 0.182782 0.109018 0.137934
0.168291 0.267467 0.147232 0.138615 0.115317 0.182595 0.229300 0.179245 0.210599 0.226390 0.190943 0.134981 0.121699 0.225114 0.276727 0.261823 0.183675 0.346690 0.251911 0.149299 0.228255 0.236889 0.145478 0.164794 0.232539 0.195506 0.232611 0.264013 0.155275 0.275459 0.169730 0.141720 0.163558 0.196782 0.164989 0.145116 0.241513 0.266677 0.184535 0.134347 0.219916 0.189747 0.190537 0.172385 0.140354 0.320217 0.140844 0.141972 0.108800 0.121793 0.199951 0.332548 0.158709 0.133505 0.212421 0.182011 0.120796 0.276591 0.119001 0.197706 0.118251 0.148991
0.156755 0.292357 0.132289 0.124071 0.101660 0.144297 0.197006 0.161814 0.185880 0.211986 0.174350 0.122921 0.104718 0.189990 0.221930 0.187660 0.177964 0.287257 0.196675 0.151860 0.231308 0.195991 0.119589 0.152636 0.171713 0.194659 0.196804 0.255190 0.177591 0.209179 0.167190 0.122822 0.155242 0.191248 0.158551 0.125786 0.222153 0.246546 0.194558 0.124139 0.206145 0.202021 0.172327 0.169163 0.151436 0.232158 0.120439 0.138738 0.102323 0.101761 0.167673 0.237626 0.126164 0.126690 0.185446 0.147812 0.100168 0.222841 0.129134 0.198242 0.115866 0.125710
0.163769 0.295332 0.114997 0.127588 0.094329 0.150817 0.205191 0.184678 0.209568 0.185715 0.179144 0.121159 0.092395 0.210333 0.234225 0.206500 0.183945 0.325756 0.209557 0.162695 0.207590 0.195363 0.122563 0.166829 0.184088 0.216987 0.225880 0.234350 0.165173 0.208887 0.157499 0.132853 0.156111 0.189934 0.153124 0.130953 0.229486 0.230569 0.178347 0.114922 0.214492 0.188579 0.164039 0.151205 0.163895 0.256872 0.118473 0.157147 0.099438 0.128263 0.174965 0.264875 0.125057 0.126482 0.207926 0.152481 0.111914 0.220394 0.113915 0.183724 0.095976 0.127035
0.144018 0.234255 0.117989 0.104160 0.106755 0.118747 0.163747 0.165216 0.213376 0.163352 0.153794 0.117160 0.071560 0.195843 0.250708 0.169842 0.157982 0.211472 0.163146 0.128301 0.223369 0.144823 0.134709 0.128778 0.153063 0.121179 0.171577 0.155747 0.178323 0.174218 0.194250 0.112081 0.162233 0.205451 0.132520 0.097464 0.203465 0.250335 0.150178 0.114001 0.205731 0.180649 0.158593 0.161271 0.119203 0.205578 0.133642 0.190417 0.099634 0.103964 0.159440 0.208744 0.143616 0.143379 0.159293 0.123090 0.110184 0.234164 0.106304 0.171470 0.112411 0.137235
0.157686 0.229174 0.131059 0.133379 0.140046 0.192902 0.233423 0.143437 0.210246 0.236729 0.192483 0.125440 0.099612 0.268004 0.279320 0.259522 0.175624 0.293807 0.292422 0.137199 0.227274 0.270353 0.117237 0.146875 0.265582 0.153646 0.163553 0.196229 0.163310 0.303534 0.151034 0.132916 0.161087 0.228551 0.169247 0.143740 0.245167 0.275496 0.203908 0.144957 0.198188 0.219077 0.173178 0.224440 0.154172 0.360105 0.162412 0.147938 0.092049 0.113177 0.214775 0.379514 0.171792 0.132007 0.203591 0.151254 0.135114 0.310391 0.111957 0.197552 0.122436 0.172707
0.105180 0.162058 0.105674 0.049142 0.087705 0.140071 0.160030 0.130930 0.116210 0.150957 0.129467 0.067884 0.042393 0.194748 0.140196 0.134810 0.084618 0.168475 0.135564 0.120572 0.139461 0.097417 0.050818 0.075159 0.143777 0.065438 0.096355 0.098989 0.125871 0.147483 0.127167 0.038523 0.123146 0.111175 0.102954 0.056848 0.132022 0.165629 0.086145 0.082152 0.142818 0.167601 0.134760 0.127312 0.042744 0.159588 0.089302 0.126155 0.080500 0.051451 0.098720 0.180942 0.077183 0.077547 0.142150 0.081173 0.094908 0.207280 0.052719 0.093185 0.062577 0.101323
0.193369 0.292794 0.150004 0.156118 0.136451 0.187215 0.272320 0.186757 0.234388 0.253850 0.177332 0.152150 0.131768 0.244496 0.280466 0.252567 0.210418 0.366845 0.267043 0.152806 0.242498 0.242728 0.157269 0.196840 0.247248 0.218095 0.216312 0.264136 0.175920 0.284169 0.192623 0.173384 0.193980 0.211914 0.174990 0.160317 0.239110 0.283856 0.206585 0.143297 0.250650 0.207358 0.196000 0.179527 0.155610 0.332874 0.156890 0.168217 0.110429 0.129875 0.215206 0.352746 0.170614 0.144495 0.224976 0.195035 0.142979 0.285545 0.140524 0.217406 0.135176 0.160758
0.144084 0.227393 0.140640 0.087783 0.104758 0.184059 0.224141 0.144266 0.163820 0.241298 0.173001 0.101806 0.078461 0.293323 0.233567 0.183917 0.152690 0.247952 0.194658 0.124452 0.190588 0.169315 0.098570 0.127209 0.175628 0.126814 0.119910 0.153388 0.152908 0.219071 0.162847 0.078682 0.168325 0.196288 0.149725 0.083605 0.172732 0.231225 0.195461 0.126352 0.188122 0.201459 0.167002 0.160670 0.116251 0.233616 0.131249 0.162161 0.069727 0.094363 0.160925 0.251675 0.114737 0.107758 0.212901 0.115296 0.115575 0.274820 0.084984 0.136265 0.109051 0.137805
0.055165 0.087309 0.077706 0.041979 0.042139 0.057819 0.045846 0.048781 0.070850 0.101114 0.087342 0.041108 0.052635 0.107045 0.148669 0.106698 0.068862 0.114238 0.112129 0.044840 0.115475 0.117483 0.037566 0.063683 0.110620 0.071011 0.064737 0.082703 0.051955 0.142097 0.048355 0.015049 0.067513 0.089256 0.101267 0.053221 0.073662 0.138257 0.103206 0.061713 0.105657 0.089530 0.076306 0.116764 0.050654 0.123812 0.058831 0.071046 0.046123 0.035708 0.095207 0.156251 0.060006 0.040168 0.028043 0.082116 0.038844 0.114208 0.061742 0.068540 0.036594 0.064151
0.115254 0.168933 0.081020 0.115309 0.073719 0.104601 0.170171 0.097316 0.173499 0.166219 0.087607 0.075106 0.078305 0.184151 0.222196 0.130473 0.151881 0.207168 0.133811 0.073635 0.150749 0.151696 0.078409 0.116423 0.157995 0.125885 0.090231 0.114973 0.088820 0.170457 0.108316 0.118014 0.134663 0.222499 0.119342 0.086799 0.164391 0.218379 0.174601 0.094800 0.151739 0.121533 0.109338 0.119910 0.125859 0.197237 0.092801 0.134484 0.053708 0.116424 0.155396 0.189784 0.124955 0.090410 0.135897 0.114822 0.089678 0.199270 0.075547 0.119947 0.073261 0.093800
0.137135 0.221289 0.125650 0.140619 0.128803 0.170412 0.208939 0.135455 0.174212 0.230209 0.171093 0.128895 0.118848 0.229218 0.254282 0.244010 0.160961 0.287509 0.281403 0.132862 0.227494 0.262006 0.122639 0.146572 0.253727 0.161213 0.162769 0.203731 0.141381 0.305003 0.135955 0.124360 0.150004 0.220304 0.159904 0.141518 0.236543 0.253845 0.179968 0.134201 0.188690 0.210910 0.170788 0.197185 0.137684 0.359562 0.155037 0.123298 0.088319 0.099312 0.181772 0.355681 0.153654 0.110680 0.189613 0.156789 0.131788 0.287164 0.114129 0.194839 0.115720 0.170965
0.136178 0.311673 0.126172 0.133125 0.107816 0.137144 0.192024 0.168061 0.203912 0.209896 0.163910 0.126178 0.109707 0.210547 0.266987 0.174607 0.193982 0.254963 0.183484 0.157254 0.282220 0.183192 0.121854 0.176298 0.171925 0.179525 0.161468 0.207004 0.186793 0.199369 0.191787 0.117212 0.161828 0.230825 0.155522 0.126699 0.269917 0.288710 0.200406 0.148763 0.227185 0.188640 0.180895 0.181467 0.140550 0.259491 0.141268 0.158843 0.101303 0.108327 0.171597 0.214254 0.125136 0.156661 0.173563 0.150717 0.118247 0.261947 0.148113 0.210704 0.111978 0.139491
0.126739 0.215339 0.114887 0.124162 0.111701 0.167729 0.196974 0.139874 0.198697 0.204451 0.144342 0.117180 0.089105 0.249486 0.242571 0.160589 0.181311 0.239099 0.177976 0.151103 0.216984 0.192802 0.105512 0.148669 0.174908 0.136392 0.135570 0.138144 0.149497 0.214020 0.147455 0.114506 0.155200 0.243576 0.153852 0.101883 0.252225 0.240531 0.170572 0.120283 0.211273 0.214181 0.139334 0.170914 0.131360 0.259320 0.137489 0.149708 0.089803 0.115233 0.161495 0.225548 0.127027 0.143633 0.193905 0.125769 0.110757 0.264307 0.090677 0.166060 0.107297 0.157579
0.113964 0.161385 0.112839 0.069540 0.052083 0.083722 0.100692 0.092009 0.149488 0.114005 0.132580 0.060797 0.031491 0.140046 0.174512 0.157496 0.111809 0.148421 0.163610 0.047277 0.162146 0.128381 0.056984 0.093822 0.127979 0.084032 0.120398 0.116318 0.101334 0.148533 0.118800 0.042979 0.074617 0.135344 0.095432 0.046862 0.129544 0.159782 0.140681 0.089263 0.122889 0.089685 0.100395 0.156178 0.110569 0.150082 0.071929 0.121078 0.023860 0.082264 0.130971 0.140450 0.101668 0.082291 0.093033 0.097043 0.053878 0.149466 0.086840 0.124104 0.055152 0.079961
0.144584 0.269672 0.114814 0.134215 0.146720 0.168106 0.204813 0.166211 0.212434 0.245177 0.171602 0.138816 0.117525 0.257786 0.275716 0.205445 0.171096 0.255246 0.209463 0.169539 0.263222 0.209549 0.133379 0.156752 0.213210 0.160919 0.152736 0.177847 0.182540 0.226629 0.175449 0.129159 0.181627 0.256104 0.143295 0.124898 0.278394 0.297201 0.185135 0.142954 0.221942 0.220932 0.181044 0.211395 0.132037 0.294227 0.176219 0.160949 0.118912 0.118635 0.184264 0.281079 0.134121 0.143782 0.212760 0.150540 0.140494 0.318704 0.121243 0.198177 0.112046 0.157422
0.126265 0.109611 0.063710 0.083889 0.063444 0.072662 0.087048 0.111321 0.128886 0.108358 0.118079 0.066812 0.060209 0.134690 0.211172 0.144171 0.102522 0.146146 0.124999 0.065702 0.136482 0.082452 0.060696 0.097224 0.108518 0.085809 0.096450 0.094561 0.094039 0.117288 0.121327 0.094327 0.097832 0.167237 0.088167 0.085822 0.170995 0.205414 0.088118 0.100840 0.126917 0.088601 0.103073 0.092964 0.091304 0.149769 0.106492 0.096214 0.055836 0.080240 0.136660 0.119215 0.131418 0.096174 0.094156 0.065256 0.089697 0.160128 0.080148 0.113572 0.066641 0.122613
0.138292 0.222347 0.101571 0.083115 0.093547 0.175769 0.230309 0.126279 0.155766 0.245909 0.149826 0.100368 0.095286 0.299895 0.211654 0.166165 0.117424 0.252685 0.169510 0.150571 0.167230 0.164948 0.106498 0.120497 0.176715 0.116059 0.122426 0.146163 0.116785 0.201318 0.134227 0.099348 0.170973 0.183890 0.144902 0.082494 0.185665 0.202552 0.163595 0.103915 0.172542 0.202722 0.148464 0.136821 0.103678 0.232949 0.128292 0.137514 0.083624 0.104793 0.149600 0.250393 0.105529 0.091412 0.229831 0.117174 0.133344 0.315450 0.057689 0.113643 0.104638 0.135368
0.149588 0.128055 0.098278 0.060674 0.073815 0.093270 0.126569 0.102011 0.122997 0.132854 0.119640 0.062854 0.059215 0.138814 0.182103 0.169324 0.108829 0.169087 0.138309 0.074548 0.135466 0.104441 0.049677 0.100611 0.144642 0.074568 0.088492 0.090526 0.070019 0.171230 0.095484 0.072364 0.120356 0.164985 0.073641 0.080658 0.130062 0.170228 0.098375 0.054535 0.140912 0.112242 0.102517 0.116678 0.088866 0.168802 0.078060 0.127454 0.036563 0.062820 0.173603 0.194265 0.112372 0.085034 0.146837 0.077505 0.085875 0.164884 0.035671 0.081039 0.055519 0.083887
0.132383 0.229252 0.116511 0.081077 0.099148 0.145332 0.160936 0.115812 0.162873 0.197374 0.169894 0.093291 0.072954 0.218869 0.240633 0.161993 0.153570 0.224312 0.188743 0.100255 0.194896 0.167974 0.084707 0.147240 0.162304 0.153498 0.118646 0.162299 0.146940 0.210293 0.125337 0.113255 0.137915 0.224909 0.131565 0.097711 0.196236 0.239000 0.209903 0.096976 0.166444 0.171912 0.156757 0.140745 0.133303 0.225763 0.131909 0.141119 0.081587 0.077429 0.158687 0.224090 0.117837 0.130546 0.186693 0.116948 0.108278 0.224917 0.101858 0.167622 0.087089 0.114509
0.110536 0.186183 0.100385 0.087403 0.086119 0.100072 0.106922 0.089505 0.127360 0.149132 0.118511 0.061353 0.077062 0.159269 0.179319 0.166099 0.124891 0.192359 0.172175 0.067388 0.174627 0.167988 0.073372 0.103807 0.161906 0.128088 0.125122 0.156789 0.121827 0.189927 0.109957 0.057076 0.094254 0.167821 0.150595 0.079008 0.144797 0.207807 0.203993 0.077088 0.160391 0.117272 0.126951 0.141094 0.114647 0.175649 0.092509 0.112947 0.058316 0.066450 0.135042 0.228149 0.112300 0.087547 0.103925 0.105211 0.064406 0.159725 0.106842 0.133176 0.086536 0.076021
0.197413 0.225158 0.157912 0.166756 0.164962 0.184372 0.227026 0.145095 0.246160 0.205590 0.157975 0.152996 0.121565 0.226287 0.289671 0.308792 0.200798 0.277426 0.325473 0.125479 0.241262 0.287108 0.132162 0.197746 0.326722 0.168194 0.185733 0.187430 0.169140 0.345445 0.171883 0.144723 0.170425 0.246367 0.177468 0.150136 0.250255 0.301401 0.216957 0.125422 0.239753 0.176742 0.197812 0.201187 0.154175 0.389534 0.157195 0.182037 0.104035 0.119622 0.247236 0.432980 0.179119 0.145112 0.183360 0.200237 0.126241 0.265058 0.132223 0.221304 0.114303 0.151697
0.066608 0.155987 0.090331 0.082130 0.061112 0.108545 0.128815 0.083602 0.134444 0.107672 0.101933 0.040049 0.052184 0.160315 0.171743 0.153762 0.104290 0.185400 0.146357 0.057204 0.125271 0.147956 0.042559 0.085608 0.115940 0.099580 0.111284 0.125501 0.092759 0.136968 0.104823 0.054131 0.081974 0.110423 0.098298 0.066605 0.151913 0.150634 0.111865 0.090839 0.112917 0.097405 0.113651 0.121464 0.095962 0.174114 0.057591 0.099907 0.054365 0.084050 0.102079 0.162920 0.086588 0.078592 0.081663 0.097300 0.061676 0.149345 0.073119 0.095169 0.020408 0.059590
0.143221 0.180935 0.112882 0.087426 0.073012 0.096365 0.126694 0.093635 0.135950 0.128364 0.144779 0.077131 0.073107 0.170463 0.208642 0.151760 0.118032 0.162281 0.185781 0.065794 0.189843 0.118613 0.078080 0.111503 0.138293 0.099992 0.098067 0.142855 0.141483 0.175550 0.159018 0.084343 0.112545 0.147551 0.105333 0.088543 0.151377 0.197118 0.163640 0.093053 0.152774 0.103481 0.157234 0.118128 0.127699 0.185722 0.095034 0.127037 0.030220 0.072428 0.135820 0.187738 0.100354 0.099342 0.108441 0.116241 0.062166 0.181062 0.079466 0.136469 0.065005 0.090440
0.144975 0.201976 0.129014 0.104801 0.122124 0.201521 0.221540 0.111698 0.181406 0.243162 0.160031 0.125951 0.096392 0.276885 0.236385 0.222594 0.148118 0.234931 0.250452 0.136832 0.208502 0.234561 0.107401 0.123471 0.244911 0.118613 0.131123 0.135271 0.138574 0.283501 0.131778 0.084523 0.169361 0.218367 0.153558 0.099978 0.204109 0.249301 0.177255 0.138455 0.183243 0.211879 0.156463 0.207180 0.127806 0.300656 0.148494 0.147159 0.079801 0.103948 0.187802 0.328729 0.137157 0.119658 0.188073 0.130012 0.120342 0.312587 0.090998 0.150776 0.116067 0.153448
0.126874 0.185396 0.105328 0.072522 0.071563 0.123355 0.147618 0.092544 0.133177 0.166692 0.143129 0.069707 0.058591 0.231968 0.218128 0.158797 0.130876 0.202502 0.190376 0.064612 0.156197 0.148376 0.086051 0.106100 0.133460 0.123308 0.106396 0.155865 0.121733 0.199440 0.112650 0.091298 0.122302 0.169411 0.126179 0.098708 0.160433 0.208949 0.197864 0.101821 0.128654 0.132991 0.132985 0.109551 0.122845 0.203674 0.110088 0.113544 0.039843 0.086934 0.144108 0.200810 0.111947 0.098323 0.148662 0.103640 0.084683 0.218265 0.091320 0.134576 0.080236 0.091829
0.119677 0.135584 0.095261 0.111966 0.113814 0.110392 0.149405 0.093997 0.156667 0.130900 0.095814 0.098344 0.094839 0.128168 0.226498 0.218692 0.150797 0.191289 0.199348 0.072663 0.176138 0.197461 0.100237 0.127743 0.218851 0.100505 0.093244 0.119081 0.100936 0.230432 0.106223 0.095943 0.114854 0.200764 0.097925 0.108037 0.177443 0.217826 0.148280 0.079717 0.162783 0.098867 0.142572 0.119762 0.076251 0.281498 0.105073 0.106600 0.059597 0.063000 0.152254 0.300329 0.123308 0.106145 0.127183 0.132180 0.071458 0.189804 0.082948 0.147210 0.079694 0.094683
0.218450 0.271492 0.177254 0.174271 0.180658 0.232350 0.284305 0.168281 0.267720 0.274120 0.185382 0.173251 0.139082 0.315195 0.318336 0.309987 0.213792 0.338633 0.345507 0.165002 0.267121 0.316492 0.151386 0.214106 0.341247 0.191900 0.190166 0.212776 0.190924 0.376425 0.189269 0.157898 0.221814 0.280684 0.205046 0.165761 0.273404 0.333337 0.250450 0.154429 0.273698 0.235986 0.225501 0.229393 0.178254 0.417950 0.187289 0.208861 0.114837 0.142500 0.265625 0.473918 0.188854 0.157176 0.240988 0.213805 0.160596 0.340487 0.135531 0.228632 0.145639 0.189602
0.152312 0.204363 0.108356 0.110849 0.104988 0.130030 0.160188 0.099998 0.207288 0.181347 0.166289 0.085089 0.095978 0.216055 0.295863 0.226483 0.165246 0.248715 0.238389 0.078176 0.197117 0.221703 0.103838 0.145454 0.229466 0.148285 0.155520 0.169174 0.127485 0.269680 0.118006 0.118252 0.132654 0.223914 0.164957 0.121362 0.195007 0.262837 0.226595 0.101836 0.226651 0.145949 0.162696 0.170622 0.132474 0.280695 0.117566 0.150476 0.091583 0.091076 0.195167 0.306858 0.145247 0.117008 0.152941 0.155490 0.094349 0.241189 0.101509 0.158274 0.086872 0.127313
0.125685 0.182863 0.088032 0.068105 0.072781 0.117115 0.157759 0.114844 0.138647 0.167237 0.166649 0.066143 0.064256 0.169481 0.197524 0.176757 0.090009 0.208763 0.163895 0.095583 0.154438 0.122870 0.059111 0.090166 0.149952 0.106234 0.123244 0.135327 0.095506 0.153056 0.111722 0.080117 0.104529 0.144402 0.106889 0.083423 0.143699 0.184916 0.162832 0.093372 0.147991 0.126571 0.127981 0.141166 0.104596 0.162438 0.101387 0.130290 0.071252 0.059442 0.125429 0.185280 0.107400 0.083878 0.146864 0.088650 0.116084 0.212646 0.062188 0.108033 0.072010 0.140225
0.131181 0.251421 0.108818 0.110885 0.110901 0.205988 0.283185 0.167584 0.149499 0.266698 0.135918 0.138501 0.104497 0.283170 0.184917 0.147985 0.166471 0.273769 0.173126 0.182875 0.181941 0.167009 0.114779 0.140091 0.179645 0.143136 0.149139 0.160119 0.149250 0.220285 0.142875 0.105618 0.179193 0.181102 0.143403 0.102500 0.198973 0.210640 0.127444 0.119582 0.185333 0.249000 0.129644 0.150601 0.100269 0.236381 0.122986 0.138402 0.107981 0.101426 0.155958 0.239642 0.103381 0.123009 0.217660 0.121359 0.131939 0.305344 0.078254 0.143404 0.101614 0.163821
0.181544 0.228652 0.156615 0.145826 0.155137 0.207552 0.228491 0.151654 0.219040 0.235031 0.179327 0.148906 0.133262 0.249984 0.284179 0.309136 0.166461 0.307331 0.301281 0.149474 0.241247 0.278129 0.119448 0.177740 0.288890 0.168888 0.177892 0.198717 0.153361 0.316568 0.178400 0.136137 0.183699 0.232037 0.178161 0.145708 0.242867 0.275412 0.202084 0.129017 0.233425 0.200492 0.209702 0.199560 0.139470 0.369107 0.172590 0.168679 0.099425 0.110256 0.205366 0.431449 0.159720 0.131899 0.214202 0.179719 0.148115 0.286982 0.112153 0.192857 0.131898 0.173810
0.098782 0.192052 0.112574 0.101373 0.093631 0.189555 0.255620 0.127513 0.124279 0.226292 0.134676 0.094892 0.095765 0.245009 0.187484 0.147644 0.133395 0.253563 0.177268 0.129490 0.145183 0.170290 0.095625 0.108592 0.163608 0.111828 0.112777 0.157013 0.119329 0.217477 0.117409 0.095178 0.133585 0.122403 0.116016 0.094199 0.156231 0.191940 0.149274 0.124075 0.138102 0.176856 0.125243 0.127208 0.094019 0.245037 0.113543 0.102643 0.069397 0.073634 0.129336 0.230086 0.110035 0.090930 0.178490 0.106377 0.111995 0.252329 0.067378 0.112833 0.091918 0.119832
0.127410 0.192015 0.121772 0.101051 0.129052 0.196789 0.221136 0.120082 0.171955 0.237458 0.155144 0.126450 0.089593 0.275818 0.230100 0.221887 0.148414 0.232320 0.238028 0.143707 0.196996 0.227978 0.098076 0.130409 0.250846 0.116298 0.127997 0.119870 0.136717 0.275660 0.125006 0.079848 0.164254 0.215016 0.151103 0.096350 0.194644 0.239187 0.164486 0.127905 0.189568 0.219904 0.157269 0.195178 0.108055 0.295188 0.142704 0.146366 0.091780 0.089101 0.174144 0.330286 0.122420 0.118038 0.195834 0.124709 0.123021 0.303926 0.086006 0.146103 0.103059 0.154998
0.117933 0.171727 0.111781 0.072245 0.068565 0.097163 0.117394 0.102534 0.143764 0.121264 0.144806 0.062832 0.049106 0.175341 0.207699 0.177892 0.123431 0.175035 0.190993 0.068422 0.159517 0.152209 0.056850 0.106557 0.152954 0.099483 0.122624 0.143961 0.124828 0.185367 0.105802 0.069015 0.094280 0.138769 0.109507 0.088440 0.159647 0.197930 0.174343 0.089272 0.139733 0.108389 0.123142 0.139202 0.101494 0.193913 0.088804 0.111967 0.058018 0.069278 0.149018 0.187168 0.110897 0.095566 0.110674 0.120644 0.074302 0.177037 0.111795 0.141766 0.056542 0.085226
0.150384 0.215595 0.132088 0.129338 0.115119 0.160665 0.177111 0.131648 0.210699 0.178775 0.160829 0.119445 0.111444 0.178920 0.244904 0.247312 0.169537 0.262800 0.243783 0.115007 0.224505 0.228648 0.111289 0.147593 0.207453 0.156603 0.168400 0.187275 0.129850 0.256397 0.150605 0.101724 0.130240 0.211976 0.133549 0.107331 0.236627 0.234522 0.171610 0.117093 0.178009 0.147134 0.175193 0.173610 0.139064 0.308114 0.107334 0.139004 0.067694 0.111412 0.185785 0.298690 0.127759 0.114890 0.173562 0.158628 0.087725 0.221551 0.114103 0.175739 0.089398 0.118833
0.151899 0.241266 0.142619 0.094058 0.095087 0.179777 0.209723 0.127807 0.168969 0.214218 0.156558 0.098004 0.076363 0.275821 0.224197 0.169928 0.146512 0.235601 0.201330 0.129626 0.198353 0.169718 0.083739 0.126754 0.174282 0.117679 0.117008 0.147665 0.148086 0.226248 0.157777 0.082373 0.170173 0.191232 0.156890 0.090894 0.184520 0.242188 0.196314 0.120332 0.185542 0.195403 0.183390 0.161588 0.134726 0.226935 0.108068 0.163255 0.076880 0.091142 0.170207 0.237856 0.115988 0.118058 0.189505 0.118674 0.114074 0.267955 0.091041 0.141781 0.101648 0.136798
0.165344 0.237185 0.153894 0.112395 0.114225 0.173784 0.201742 0.153597 0.192158 0.195831 0.186882 0.107261 0.087057 0.256144 0.275299 0.204614 0.162789 0.241395 0.211835 0.143260 0.228275 0.176396 0.103876 0.150121 0.195107 0.135967 0.139214 0.162894 0.185040 0.226747 0.173457 0.101951 0.164344 0.226340 0.153932 0.112445 0.234147 0.279862 0.187696 0.141363 0.216290 0.190766 0.182179 0.173297 0.139699 0.265574 0.154665 0.177722 0.094056 0.108206 0.187018 0.244578 0.136880 0.155997 0.196922 0.130422 0.124206 0.263728 0.101306 0.173965 0.113028 0.158467
