0.000320 0.000252 -0.000358 0.000233 0.000348 -0.000487 0.000888 0.001205 0.000854 0.000064 0.001683 0.000640 0.000213 0.000076 0.271329 0.323354 0.000460 0.000808 -0.000730 -0.000133 -0.000932 0.000988 0.000334 -0.001025 -0.000275 -0.000386 -0.000609 -0.000588 0.000375 0.000067 -0.000023 -0.000516 0.001339 -0.000131 -0.000565 0.000826 0.001286 0.001096 0.000358 -0.000640 0.000078 0.000413 0.001072 0.000690 -0.000312 0.000401 0.000615 0.000968 0.000543 0.000035 0.000504 -0.000492 0.000737 -0.000302 -0.000330 -0.000895 -0.000592 0.000212 -0.001009 -0.000425 0.000214 0.000733
-0.000528 -0.000332 0.000181 -0.000460 0.000211 0.000637 -0.000512 0.000126 0.000347 0.000943 0.000564 -0.000252 0.000678 -0.000470 0.285364 0.001199 -0.000271 0.772718 0.000960 0.596567 -0.000170 0.000279 0.000807 0.000157 0.000084 0.001324 0.746717 0.767862 0.578037 -0.000420 -0.000046 0.001196 -0.000384 0.001405 0.001000 -0.000993 0.807627 0.001687 0.001022 0.000801 0.000977 0.561200 -0.000102 -0.000394 -0.000762 -0.000486 0.000449 0.000371 0.000656 0.000090 -0.000174 0.000562 0.000671 0.000790 0.756900 0.000074 0.000732 0.000121 0.000483 -0.000814 0.000897 -0.000252
-0.001201 0.000097 0.001184 0.000770 -0.000286 -0.000168 0.000396 -0.000192 0.000276 -0.001249 0.052493 0.000266 0.000748 0.000031 -0.000494 0.000699 0.001258 0.000790 0.000462 0.000547 0.000243 -0.000879 0.000404 -0.000759 -0.000176 -0.000671 -0.000790 0.000530 -0.000851 -0.000697 0.000207 -0.000620 -0.000087 0.000229 -0.000329 -0.001092 0.000673 0.000302 0.000368 -0.000952 0.000026 -0.000578 0.001521 0.000250 0.095115 -0.000356 -0.000130 0.001110 0.000246 -0.000115 0.000685 -0.000037 0.000300 0.000132 -0.000592 -0.000115 -0.000275 -0.001031 0.001163 -0.000078 0.000471 0.296674
0.000900 0.000387 0.001014 0.000750 -0.000144 0.000722 -0.000614 0.000196 0.641034 0.000572 0.000333 0.000088 0.000322 -0.000205 0.826733 0.001322 -0.000477 0.000698 0.000288 0.000199 0.000572 -0.000622 -0.000338 0.000817 -0.000290 -0.000348 0.000273 0.000375 0.000012 0.001321 -0.000513 0.000724 -0.000403 0.000538 -0.000533 0.000601 0.079969 0.000381 0.001610 0.000786 0.000588 0.000061 -0.000093 0.000251 -0.000046 -0.000360 0.000658 0.000741 0.001273 0.001116 0.000464 0.000555 0.000136 -0.000069 0.000193 -0.000325 -0.000014 0.000718 -0.000781 0.778607 0.000833 0.001025
0.000339 -0.000347 -0.000325 0.000555 0.001305 -0.000009 0.000428 -0.000266 -0.000287 0.000284 0.001251 0.000631 0.000390 -0.000995 0.000549 0.001351 0.010012 -0.001161 0.009685 -0.000019 0.001453 0.352856 -0.000088 0.001186 0.102484 0.000455 -0.000801 -0.000874 0.000930 0.132759 0.001085 -0.000361 0.000233 0.238090 0.001513 -0.000024 -0.000186 0.000777 0.101306 0.000613 0.447501 -0.000287 0.000663 0.280259 -0.000191 0.132302 -0.000492 0.000571 -0.000922 0.000486 0.272026 0.819847 0.000327 -0.000025 -0.000504 -0.000033 0.000246 -0.000125 -0.000358 0.000451 -0.000705 0.000296
0.000695 0.087595 0.000678 -0.000879 -0.000866 0.103261 0.216061 0.000675 0.000251 1.062044 0.000700 0.000623 -0.000356 1.089820 0.001001 -0.000158 -0.001221 0.155516 -0.000097 0.001221 -0.000403 0.000801 -0.000427 0.000583 0.000384 -0.000124 0.000062 0.000708 0.000277 0.001090 -0.000216 0.000148 0.090846 0.000176 0.000192 -0.000602 -0.000615 0.001146 0.000880 0.000408 0.000529 0.094201 -0.000479 -0.000916 -0.000682 0.000265 0.000248 0.001539 -0.000149 -0.000433 -0.000075 -0.000118 -0.000577 0.001082 0.001506 -0.000242 0.640482 1.056473 -0.000924 0.001146 0.000881 -0.000303
0.000342 0.212691 0.000095 0.000390 -0.000222 0.001739 0.260844 0.044318 0.000745 1.227821 -0.000965 0.000706 -0.000493 1.244222 -0.000666 0.000987 -0.000253 0.981904 0.000234 0.107082 0.000185 0.000258 0.000275 0.000184 -0.000355 0.001196 0.000628 0.106074 0.000600 -0.000933 0.000994 0.000704 0.000974 0.000482 -0.000131 -0.000936 0.001131 0.001211 -0.000266 0.001078 0.337167 0.153261 0.000018 -0.000267 -0.000976 -0.000983 0.001049 0.000765 0.000451 -0.000255 -0.000899 -0.000868 -0.000079 0.000680 1.122756 -0.000403 0.713873 1.156718 0.000463 0.001444 0.000481 0.000232
0.000240 0.314309 0.000280 -0.001056 -0.000817 -0.000417 0.001516 0.176202 0.000380 0.000329 0.000158 0.000423 -0.000155 0.001328 -0.000141 0.000839 -0.000496 0.035388 -0.001051 1.097442 -0.000173 -0.000618 0.001003 -0.000882 -0.000947 0.001549 0.000237 0.647211 0.144210 0.000104 0.732876 -0.000299 0.000689 -0.000086 0.001060 -0.000758 0.000169 0.001210 0.001121 -0.000249 0.234965 0.000003 0.000380 0.000035 -0.000611 -0.000185 0.001210 0.000719 0.000139 0.001262 -0.000239 0.000719 0.000271 -0.000312 0.827342 -0.000295 0.001307 -0.000033 0.000294 0.000838 0.001097 0.000262
0.000344 -0.000414 0.000166 0.447162 -0.000403 0.000563 0.000683 -0.000420 0.000696 -0.000547 0.000229 -0.000061 0.000238 0.000006 0.001000 0.000857 0.000451 0.000680 -0.000206 0.000540 0.482026 0.000459 0.000683 -0.000312 0.000206 -0.000642 -0.001146 -0.000237 0.400878 -0.000390 0.000396 -0.000563 -0.000944 -0.000448 -0.000150 -0.000201 -0.000180 0.514113 0.000620 0.000307 0.000297 -0.000737 0.001373 -0.000220 0.000951 0.001359 -0.000168 0.001454 0.000876 0.000412 -0.000044 -0.000754 -0.000394 0.000802 0.000039 0.000136 0.000558 -0.000367 -0.000126 0.509494 0.000210 -0.000175
0.001865 0.001075 0.000894 0.000028 0.000357 0.936481 0.914434 0.001580 0.000530 0.085429 0.000345 -0.000754 0.000651 1.025984 0.000965 0.000504 -0.000205 0.709957 0.000296 0.000844 0.000209 0.000029 0.000389 0.000540 -0.000520 0.001023 -0.000410 0.001292 0.000077 0.000502 0.000489 -0.000468 0.716498 -0.000903 0.000676 0.000358 0.000282 0.001134 -0.000109 -0.000088 0.001111 0.704759 -0.000010 0.000010 -0.001086 -0.000312 -0.000148 0.063671 0.001037 -0.000945 -0.000626 -0.001098 -0.000698 0.000291 0.001445 -0.000869 0.033435 0.933489 0.000201 -0.000184 0.000657 -0.000299
0.408961 0.001276 0.658471 -0.000550 0.000394 0.000396 -0.000324 -0.000556 0.001426 0.000843 0.000173 0.000514 0.001004 -0.000265 0.000070 -0.000248 -0.000914 0.000176 -0.000527 0.000694 0.001343 0.000212 -0.001003 -0.000313 0.000624 0.001137 -0.000088 -0.000748 0.001077 0.000469 0.000190 0.000499 0.000483 0.000216 0.000635 0.000541 -0.000060 -0.000550 0.000744 0.000309 0.000116 -0.000606 0.375909 0.000044 0.000296 0.000718 -0.000088 0.438636 -0.000602 0.001075 -0.000462 0.000490 0.000574 0.000668 -0.000701 -0.001130 -0.000610 -0.000854 0.000256 0.000885 0.001003 0.000352
0.000149 0.000398 0.000212 0.002399 0.001451 0.000550 -0.000547 -0.000091 0.000431 0.000475 0.000455 0.000677 0.000047 0.000452 0.091111 0.000413 0.000050 0.000406 0.000614 -0.000224 0.000064 0.000787 0.000386 0.008012 0.001365 -0.000772 0.000010 -0.000793 0.001001 0.439313 0.000998 -0.000110 0.000043 0.405130 0.001376 -0.000046 0.000498 0.719461 0.001661 0.000918 0.001558 -0.000946 0.001085 0.001189 -0.000589 0.217200 0.000827 -0.000325 0.000970 0.001334 0.000193 0.879229 0.087732 -0.000279 0.000904 -0.000282 -0.000620 -0.000974 0.000859 0.001293 -0.000420 0.000739
0.001122 0.000619 0.000041 0.000898 0.000814 0.000117 -0.000561 0.000787 -0.000434 0.000711 0.001051 -0.000116 0.000904 -0.000906 -0.000244 -0.000263 0.001173 0.000044 -0.000011 0.000481 -0.000002 0.001448 -0.001277 0.000852 0.000432 -0.000238 -0.000043 0.000712 0.000339 0.000555 0.001120 -0.000631 -0.000316 0.793696 0.001873 -0.000573 0.000346 0.001197 0.166210 0.000020 0.000597 -0.000642 0.001353 0.000889 0.000177 0.001272 0.000563 0.000320 0.000805 0.001456 0.000596 0.001108 0.000685 0.001193 -0.000432 0.000835 -0.000088 -0.000717 0.000588 0.000773 -0.000163 -0.000622
0.000840 -0.000024 0.000797 -0.000726 -0.000260 0.692239 0.755430 0.000904 -0.001111 0.675495 -0.000050 0.000162 -0.000919 -0.000075 0.000325 0.000016 -0.001124 0.687667 -0.000813 0.000712 -0.000421 0.000694 0.000715 0.001004 0.000369 0.001218 -0.000042 0.000900 -0.000517 0.000055 0.000861 0.001386 0.517629 -0.000349 -0.000557 -0.000986 0.000410 -0.000011 0.000090 0.000512 0.000265 0.821174 0.000401 -0.001251 -0.000532 -0.001205 -0.000976 0.001002 0.000739 0.000124 0.000686 -0.000802 0.000351 0.000818 0.870682 -0.000461 0.000962 0.721322 -0.000936 0.001022 0.000488 0.000531
0.000121 -0.000746 0.000701 0.173958 -0.000280 0.000006 -0.000142 0.000431 -0.000916 0.000657 0.001043 -0.000102 0.000134 -0.000997 0.000424 -0.000005 0.001167 0.000265 0.000452 0.000607 0.000988 0.001309 0.000554 -0.000118 0.420122 -0.000935 -0.000688 -0.000896 0.000223 -0.000026 0.000309 -0.001016 0.000160 0.000083 0.000985 0.000212 -0.000509 0.000385 0.001470 -0.000496 0.001766 -0.000342 -0.000259 -0.000312 -0.000306 0.000199 0.000285 -0.000126 0.000791 0.000469 0.000152 -0.000076 0.000529 0.000561 0.000516 0.001174 0.000287 -0.000520 -0.000509 0.001306 0.000686 0.000104
0.677475 0.000054 -0.001072 0.000388 0.000137 -0.000502 -0.000932 -0.000007 0.000572 0.000587 -0.000180 0.001054 0.000306 -0.000077 0.000324 0.001248 -0.000064 0.001012 0.530994 -0.000806 -0.001005 0.000188 0.001247 0.000971 0.790819 0.000767 0.000682 -0.000240 -0.000101 0.001377 -0.000823 0.000757 0.000144 0.000657 -0.000464 -0.000731 0.000494 -0.000435 0.000587 0.000045 0.325768 -0.000700 -0.000396 0.000156 -0.000424 0.521737 -0.000982 -0.000272 -0.000646 -0.000099 0.000878 0.001097 0.000695 0.000245 -0.000609 0.697039 0.000941 -0.000856 0.000319 0.457258 0.001057 -0.001038
-0.000191 0.001033 0.000651 0.000571 -0.000487 -0.000130 -0.000981 0.001329 0.000354 -0.000814 0.001058 -0.000797 -0.000481 -0.000819 1.080855 0.000911 0.000592 0.000323 0.000404 0.000379 0.655698 0.000139 -0.000508 0.000235 -0.000404 0.000034 -0.000657 0.000904 0.000099 0.001490 0.001264 0.000816 0.000616 0.944780 0.000470 -0.000440 0.001488 0.499396 0.578133 -0.000524 0.000267 0.000680 0.000139 -0.000355 0.000656 0.001011 0.000422 -0.000597 -0.000504 0.001077 0.187124 -0.000311 0.000521 0.000452 0.000379 0.001182 0.000607 0.000730 -0.000587 0.000674 -0.000453 0.000546
0.000894 0.448427 -0.000634 -0.000106 -0.000278 0.000622 0.656661 -0.000226 0.000714 0.721055 0.000261 0.000700 -0.001294 0.574961 0.000008 0.000969 -0.000887 0.108386 0.000280 -0.000054 -0.000310 -0.001192 0.566996 -0.000759 0.000257 0.744063 0.000676 0.577876 0.001488 0.000169 0.000098 0.558291 0.001549 -0.001665 -0.005529 -0.000955 -0.000299 -0.000626 -0.001191 0.000254 0.000832 -0.000242 0.000170 -0.011050 0.000289 -0.001231 -0.000396 0.000196 0.001414 -0.001130 -0.000434 0.000521 -0.000512 -0.000166 0.001669 0.000093 0.000026 0.606570 -0.000989 0.000249 0.000383 -0.000104
0.058521 -0.000691 -0.000884 0.000150 0.000529 -0.000016 -0.001202 0.000074 0.001213 0.000262 0.095324 0.000712 -0.000564 -0.000026 0.000622 1.011351 0.001739 -0.000392 0.170295 0.000501 0.273686 0.807038 -0.000649 0.001080 0.985398 0.001069 -0.000543 -0.000199 0.001012 0.858327 0.001336 0.000322 -0.000372 0.056022 -0.000378 0.000153 0.000711 0.000374 0.000052 0.000271 0.000406 0.000431 0.001688 0.000683 -0.000204 0.778738 0.000848 0.000896 0.000515 -0.000305 0.000457 1.008054 0.086795 0.000128 -0.000397 0.000558 -0.001017 -0.000735 -0.000191 -0.000470 0.000610 0.001044
0.000982 0.858930 0.000203 -0.000103 -0.000350 0.000449 0.000888 0.827609 0.000265 0.000536 0.000350 -0.000698 -0.000097 0.000497 0.001212 -0.000647 -0.000099 0.000751 0.000006 0.000143 0.000821 -0.000006 0.000472 -0.000843 -0.000282 0.000048 0.001383 0.000648 0.001035 0.000255 0.676543 0.000610 -0.000137 0.000393 0.001113 -0.000105 0.001388 0.000409 -0.000106 0.000159 0.000176 0.001133 0.000332 -0.000473 0.000303 -0.000101 -0.000158 0.001297 -0.000020 0.001102 -0.000030 0.000690 0.000421 0.000622 0.376802 0.000146 -0.000008 -0.000228 0.000109 0.000074 -0.000507 0.001295
0.000960 -0.000255 -0.000018 0.001213 -0.000726 0.000771 -0.000515 0.000232 0.986400 -0.000146 0.020154 -0.000507 0.000868 -0.000034 -0.000091 0.000463 0.646489 -0.000508 0.307378 0.000531 0.595137 -0.000171 -0.001078 -0.000559 -0.000744 -0.000300 -0.000572 0.000862 1.117636 0.000916 0.000141 0.000399 -0.000385 0.000555 0.000447 0.000638 0.887130 0.027852 0.485769 0.000546 -0.000318 0.000932 0.057081 0.001488 0.941293 0.001040 -0.000251 0.436713 -0.000402 0.001189 0.291204 0.000446 0.000585 0.001536 0.000428 -0.000378 0.000774 -0.000910 0.001512 0.000116 -0.000183 0.080414
0.001140 0.000860 -0.000655 -0.000072 0.000731 -0.001032 0.000628 0.000645 0.000495 -0.000491 0.000551 0.000950 0.000894 0.000288 0.000721 0.000313 0.001113 -0.000545 0.783438 0.000289 0.000960 0.001121 0.000223 0.000453 -0.000016 -0.001181 0.000470 -0.000572 0.000140 0.238025 -0.000696 -0.000710 -0.001141 0.286261 0.000765 0.000412 -0.000615 0.330350 0.000048 -0.000583 0.000508 -0.001049 0.000616 0.001455 -0.000315 0.412863 -0.000977 -0.000434 -0.000792 0.000328 0.000438 0.652012 0.000984 0.000510 -0.001070 0.000468 0.000168 0.000402 0.000558 0.000070 0.000672 -0.000272
0.000562 0.001656 -0.000671 -0.001189 0.000296 0.000155 0.001245 0.001492 -0.000052 0.046822 -0.000961 -0.000275 -0.000218 0.001807 -0.000377 0.000349 -0.001455 1.020583 -0.001063 -0.000286 0.000336 0.000562 0.000867 0.000377 -0.000997 -0.000087 0.000039 0.000927 0.000109 -0.000329 0.000742 0.001490 0.001555 0.000468 -0.000167 -0.000624 0.001222 -0.000053 0.000143 0.000300 0.000918 0.000385 0.000042 -0.000386 -0.000138 0.000535 -0.001031 0.000482 0.000935 -0.001181 -0.000492 0.000008 -0.001079 -0.000803 0.000322 -0.000152 0.000591 -0.000019 0.000051 0.000853 0.000969 0.000122
0.232141 0.001437 0.000900 0.169609 -0.000243 0.000040 -0.000284 -0.000112 0.000719 -0.000803 0.206289 0.000586 0.001266 0.000157 0.233214 0.000054 0.245070 0.000330 0.216082 -0.000366 0.529764 0.000421 0.000118 0.000253 0.000344 0.000474 0.000405 -0.000508 0.000083 0.112022 0.001015 -0.000889 0.000755 0.016505 0.000017 0.000564 0.440073 0.472626 0.574982 -0.000675 0.115646 -0.000464 0.000619 0.099750 0.000416 1.151289 0.001021 0.001009 0.000674 0.000778 0.531898 1.089671 0.374995 0.000443 -0.000295 0.001167 -0.000548 -0.000300 -0.000385 0.067927 0.000387 0.000266
0.367572 -0.000814 0.000550 0.000091 -0.000513 -0.000561 -0.001276 0.000225 -0.000024 -0.000259 0.013446 -0.000424 -0.000613 -0.001355 0.628092 0.713918 0.122753 0.000438 0.501311 -0.000262 0.000338 0.000232 0.000375 0.000158 0.001801 0.000385 0.000784 0.000140 0.001539 0.602463 -0.000149 -0.000960 0.000398 0.146307 0.050982 -0.000301 0.000635 0.000219 0.000763 -0.000692 0.175391 0.000589 0.038201 0.000141 0.000569 0.795074 -0.000522 0.000871 0.000121 0.001037 0.001175 0.761595 0.001197 0.001231 -0.000520 -0.000355 0.000598 -0.000890 -0.000828 0.000483 -0.000305 0.000980
0.000545 -0.000071 0.000846 -0.000576 -0.000319 -0.000152 0.000508 -0.000113 0.000009 0.000212 0.001311 -0.000082 0.000581 0.000473 0.000330 0.000697 0.001054 0.190334 -0.000742 0.000985 -0.000177 0.000322 -0.000194 -0.000770 0.000469 0.000170 0.589797 0.728711 0.000222 0.000062 0.000884 0.000747 0.000120 -0.000537 0.000707 0.001056 0.000813 -0.000242 0.000637 0.000096 0.000240 0.000631 0.000997 -0.000035 0.000862 -0.000128 -0.000241 -0.000560 -0.000689 0.000690 0.000566 0.000634 0.000658 -0.000611 0.000705 -0.000519 0.000804 -0.000444 0.000305 0.000675 -0.000455 -0.000243
-0.000135 0.613644 0.000123 0.000184 -0.000074 -0.000335 0.001000 0.338249 0.000748 -0.000107 0.001083 -0.000052 0.000648 -0.000228 0.000688 0.001556 0.000126 0.001358 0.000719 0.000207 0.000634 0.001300 0.000543 0.000805 -0.000872 0.565466 -0.000189 0.830374 0.254346 -0.000195 0.001513 0.000878 0.000697 0.000383 0.001272 0.000590 0.258674 0.001188 0.001154 0.000291 0.000025 0.000804 0.376487 0.000844 0.000890 -0.000308 0.000054 0.342061 0.000758 0.000511 -0.000497 -0.000322 -0.000280 -0.000015 0.000475 -0.000085 -0.000009 0.001012 -0.000720 0.000890 0.001300 0.000805
0.000097 1.022728 -0.000424 -0.001274 -0.000487 -0.000461 0.000918 0.842030 0.000154 -0.000026 0.000589 0.000462 0.000341 0.000674 0.000988 0.000647 -0.000946 0.346166 -0.000661 0.158355 0.000099 0.000454 0.000333 0.000452 -0.000530 0.607726 0.653788 0.000520 0.010785 0.000244 0.001811 -0.000009 0.001119 -0.000200 -0.000443 -0.000249 0.000998 -0.000240 -0.000802 -0.000589 0.000137 0.000149 0.000697 0.000844 -0.000078 0.000374 -0.000706 0.000831 0.000253 0.000716 -0.000001 -0.000381 -0.000888 0.000597 0.001241 -0.000727 0.000463 0.000386 -0.001081 0.000161 -0.000302 0.001073
0.001426 0.425203 -0.000027 0.000361 -0.000838 -0.000308 0.000728 0.001040 0.107399 -0.000164 0.001453 0.000793 0.001277 0.000794 0.000897 -0.000238 0.000759 -0.000794 0.000971 0.000834 0.787105 0.000570 -0.000444 0.000004 -0.000959 -0.000909 0.000629 -0.000187 0.001014 0.000799 0.819881 -0.000183 -0.000922 -0.000086 0.001330 0.000818 0.000045 0.001478 0.000967 0.000392 0.001126 -0.000350 0.001299 0.001306 0.000808 0.000298 -0.000230 0.415627 -0.000416 0.000502 0.000603 0.000137 0.000617 0.000860 -0.000414 -0.000227 -0.000067 -0.001057 0.000329 -0.000402 -0.000095 0.001019
0.000349 -0.000514 0.000634 0.000128 0.001354 0.000028 -0.000862 0.000581 0.000432 0.000024 0.232446 -0.000255 0.001098 -0.001005 0.000173 0.000579 -0.000136 -0.000811 0.617625 0.000807 -0.000138 0.671766 -0.001173 0.000652 0.844439 0.000798 0.000265 -0.000836 -0.000364 0.462562 0.000980 0.000311 -0.001258 0.000021 0.000542 0.583836 -0.000497 0.000533 0.000450 0.000448 -0.000146 0.000315 0.000173 0.725236 -0.000959 0.185026 0.001088 0.000966 -0.000623 0.017864 0.000092 0.756467 0.456088 0.000358 -0.000255 0.000578 0.000185 -0.000674 0.000783 0.000541 -0.001108 -0.000675
0.000639 0.000302 0.001259 0.000250 -0.000862 -0.000312 0.000575 0.000555 -0.000262 0.000458 0.000319 0.000602 0.000064 0.000292 0.001054 0.000371 0.000836 0.000978 0.000487 0.001044 -0.000436 -0.000403 0.000632 -0.000837 0.000272 0.000536 0.000640 0.000329 0.000142 0.000372 0.000254 -0.000708 -0.000054 -0.000482 -0.000256 -0.000906 -0.000203 0.000901 0.001343 0.000763 0.001480 0.001227 0.000879 0.000015 -0.000401 -0.000687 0.000275 0.000970 -0.000571 -0.000090 0.000627 -0.000571 -0.000484 0.000502 0.001405 0.000364 0.001238 0.000600 0.000884 0.000068 0.000241 0.000878
0.001156 0.240844 0.000371 0.000049 -0.001162 0.001202 0.156976 0.044138 -0.000423 0.059380 -0.000849 0.000007 0.000280 0.247704 0.000908 0.000282 -0.000795 1.179206 0.000414 0.000439 -0.001116 -0.000247 0.000308 -0.000193 -0.000455 0.127205 0.000735 0.152616 0.000982 0.000769 0.001367 0.000285 -0.000057 -0.000090 -0.001117 -0.000427 0.000530 -0.000362 -0.001476 0.000637 0.000553 0.001409 0.000905 -0.000980 -0.001436 -0.000200 0.000367 0.001006 0.001355 -0.000289 -0.001014 0.000093 -0.000472 0.000269 0.001664 0.000139 0.000461 0.264605 0.000569 0.000497 0.001426 -0.000805
0.000248 0.162642 0.000203 -0.001291 -0.000084 0.030052 0.034991 0.182939 0.000530 0.661399 0.000026 0.000396 0.000261 0.890201 0.000808 0.000024 0.000750 0.594202 0.000690 0.001833 -0.000883 -0.000464 0.000221 0.000625 0.000320 0.001258 0.001392 0.001662 0.001450 0.001097 0.001184 0.000685 0.001408 0.000804 0.000608 -0.001024 -0.000062 0.000326 0.000286 0.013160 0.197386 0.214993 0.001298 0.000408 0.000595 -0.000743 -0.000682 0.001477 0.001428 0.001098 0.000824 0.000447 -0.001087 -0.000798 0.289863 -0.000572 0.001285 0.001771 -0.001192 0.000278 0.534018 0.000355
0.000728 0.000234 -0.000669 -0.000092 0.000064 0.000135 -0.000023 -0.000444 0.000534 0.000708 -0.000410 -0.000137 0.475657 -0.000344 0.646639 -0.000128 0.679670 0.000364 0.000534 -0.000400 0.001163 0.698817 0.000553 0.001007 0.000961 -0.000317 0.000210 0.000036 -0.000195 0.000389 0.000673 -0.000718 0.000612 0.001702 0.774546 0.000781 0.001213 0.606614 0.253790 -0.000587 0.771568 -0.000125 0.000334 0.600057 -0.000569 0.001493 0.000549 0.000611 -0.000731 0.000949 0.503278 -0.000200 0.001027 -0.000707 0.000199 0.000118 0.000071 0.000676 -0.000043 -0.000173 0.000744 0.000801
0.000580 -0.000333 -0.000296 0.001366 0.000797 0.000534 -0.000468 0.000190 0.001178 -0.001092 0.000283 0.000670 0.001220 0.000521 0.882986 0.000672 0.162302 -0.000243 0.000674 -0.000740 0.223318 0.055967 -0.000892 0.000750 -0.000286 0.000915 0.000182 -0.000506 0.000530 -0.000363 -0.000012 -0.000748 -0.000620 0.744464 0.000497 0.001069 0.001019 1.192726 0.218404 -0.000335 0.080830 -0.000655 0.001519 0.143148 0.641124 0.243895 0.000761 0.001218 0.000171 0.598164 0.313443 0.001431 0.000425 0.000568 0.000441 0.000444 -0.001068 -0.000418 0.000754 0.000619 -0.000164 -0.000210
0.129670 0.000150 0.000572 0.001600 -0.000121 -0.001111 -0.000386 0.000269 -0.000158 -0.000994 0.037868 0.000118 0.000277 -0.000719 0.170391 0.001599 0.001004 0.000550 0.001835 -0.000147 0.015667 0.219580 -0.000907 0.000937 0.000090 -0.000386 -0.000752 0.000173 0.000756 1.149143 0.001030 -0.000731 0.000540 0.001250 0.242402 0.001237 0.000299 -0.000073 0.185249 -0.000321 0.089181 -0.000490 0.001065 0.410431 -0.001003 0.538669 0.000790 0.000158 -0.000100 0.001522 0.000807 0.113186 0.174795 -0.000119 0.000145 0.000448 -0.000540 0.000352 -0.000706 -0.000149 -0.000885 0.000247
0.001178 0.823999 0.001417 0.000344 -0.000695 0.000697 0.000757 -0.000446 0.001555 -0.000695 0.000803 -0.000586 0.000615 -0.000606 0.000081 -0.000789 0.000068 -0.000504 -0.000207 -0.000312 0.684071 0.000501 -0.000571 0.509596 -0.000258 0.001279 -0.000376 -0.000165 0.001064 0.000192 0.001538 0.000419 0.000971 -0.000222 -0.000235 -0.000843 -0.000235 0.656217 0.000696 0.567300 0.211956 -0.000256 -0.000300 0.000019 0.000356 -0.000292 0.000981 0.001758 -0.000460 0.000158 0.000040 0.000171 0.000773 -0.000067 0.000380 0.000149 0.000782 -0.000801 -0.000501 0.597695 0.001152 0.000099
-0.000466 0.000973 0.001315 -0.001032 0.000143 -0.000355 0.000759 0.001277 0.010104 0.000826 -0.000314 -0.000199 -0.000417 -0.000611 0.574343 0.000512 0.000595 0.000188 0.000727 0.000204 0.000346 0.001571 -0.000899 -0.000964 -0.000209 0.001204 -0.000111 0.000843 0.001097 -0.000311 0.000973 0.000108 0.000707 0.000729 0.001860 -0.000319 0.187076 -0.000078 0.000217 0.000642 0.000286 0.001118 0.001581 0.001649 -0.000593 0.000572 -0.000763 0.001541 -0.000950 0.000692 0.001148 0.000028 0.000068 0.001269 0.000172 -0.000902 -0.000164 0.000857 0.001069 -0.000872 0.000048 0.088947
-0.000802 -0.000294 0.000436 -0.000247 -0.000955 0.000631 -0.000256 0.000196 -0.000506 0.000361 0.000895 -0.000430 -0.000072 -0.000257 0.524112 -0.000323 0.626511 -0.001010 0.000619 -0.000425 0.232833 0.001041 0.000022 0.000172 0.000674 -0.000085 -0.000109 0.000633 0.001142 0.000337 -0.000903 0.000555 0.000646 0.297523 0.001171 -0.001010 -0.000396 -0.000102 0.001482 0.000603 0.000361 -0.000803 0.000924 0.589311 0.846059 -0.000410 -0.000496 0.000161 -0.000414 -0.000018 0.000468 -0.000338 0.217572 -0.000044 -0.000770 0.000024 -0.000792 -0.000276 0.329276 0.000166 -0.001184 0.000157
-0.000019 0.000348 0.000016 0.000738 -0.000239 -0.000076 0.000870 0.001466 0.000761 0.000064 -0.000453 0.000372 0.000034 0.000453 0.000080 0.000541 0.000560 0.001888 -0.001093 -0.000148 0.000082 0.000525 -0.000552 0.000001 0.000238 -0.000423 0.000430 -0.000366 0.000141 0.000996 0.000550 0.000238 0.000004 0.000485 0.000783 -0.000132 0.423105 -0.000056 -0.000658 0.000513 0.001616 0.000240 0.000908 0.000234 -0.000672 -0.001270 -0.000414 -0.000142 -0.000427 -0.000852 -0.000006 -0.000724 -0.001122 0.000064 -0.000090 0.000818 0.001502 0.827467 0.000169 -0.000037 0.001458 0.000227
0.195593 -0.000330 0.000037 -0.000479 0.000466 0.001011 0.000782 0.038396 0.000037 0.000668 0.000810 0.000186 -0.000139 -0.000860 0.696300 0.718569 0.000653 0.000968 -0.000533 -0.000181 0.000225 -0.000321 -0.000791 0.000882 0.000011 0.000144 0.000336 0.001307 0.001404 0.001263 0.000413 -0.000141 -0.000418 0.098564 0.000053 0.000037 0.482568 0.083078 0.000995 0.000241 -0.000577 0.000187 0.035191 0.000157 0.000620 0.000282 -0.000836 0.001034 -0.000717 -0.000720 0.001250 0.000254 0.000963 0.000038 0.001034 0.000182 0.000306 0.000801 -0.000887 0.000077 0.000845 0.000179
0.000242 0.555723 -0.000823 0.000812 0.000809 0.000696 0.001535 0.000123 -0.000487 0.664260 -0.000585 0.000838 -0.000354 0.696919 -0.000588 -0.000153 -0.000012 0.149458 -0.000448 0.000915 -0.000834 0.000184 0.000744 -0.000355 0.000114 -0.000334 -0.000255 -0.000171 0.001394 -0.001042 -0.000153 -0.000063 0.000340 -0.001355 -0.000325 0.000320 -0.000267 -0.000594 -0.000469 0.001035 0.000549 0.000991 -0.000524 -0.000542 0.000164 -0.000347 -0.000672 -0.000085 -0.000098 0.000270 0.000529 -0.000204 0.000567 0.000351 0.941252 -0.000846 0.001015 0.731303 0.000363 -0.000043 0.000673 0.000406
0.589386 0.000147 0.759651 -0.000894 -0.000960 0.000427 -0.000492 -0.000554 0.385088 0.000816 0.817088 -0.000841 0.000026 -0.000865 0.130044 -0.000613 0.000387 -0.000304 -0.000721 0.000145 0.106909 0.000566 -0.000798 0.000606 -0.000238 -0.000240 -0.000264 0.000069 0.000864 -0.000106 0.753423 -0.000879 -0.000460 0.107408 0.140889 0.000770 0.000841 0.000116 0.000652 0.000064 -0.000226 -0.000484 0.001259 0.097472 0.001672 -0.000139 -0.000109 1.125432 -0.000173 -0.000286 0.553548 0.000803 0.000113 0.000431 0.000246 0.000230 -0.000885 0.000265 0.000781 -0.000796 -0.000250 0.000474
-0.000557 0.000974 -0.000466 -0.000366 0.000637 0.000718 0.000028 0.000891 0.000422 0.000665 0.000532 -0.000584 0.000220 0.000207 0.529693 0.000713 0.000428 0.000001 -0.000404 0.000903 0.001136 -0.000277 0.000273 -0.000502 -0.000603 -0.000752 0.000286 0.000038 0.000125 0.251840 0.000668 0.000603 -0.000202 0.414036 0.000422 0.000595 -0.000274 0.537969 0.517264 -0.000691 0.000730 -0.000694 0.000171 -0.000388 0.000022 0.000797 0.568279 -0.000395 0.000650 -0.000505 0.000304 0.001070 0.000281 0.647092 0.000867 0.001040 -0.000928 -0.000615 -0.000523 0.000187 -0.000130 0.000923
-0.000807 0.000313 0.856879 -0.000071 0.000503 -0.001204 0.000247 0.000094 0.000132 0.000576 0.001119 -0.000927 -0.000146 -0.000720 0.001427 0.000327 -0.000355 0.000763 0.000466 0.001057 0.294204 -0.000067 0.000464 0.000258 -0.001430 0.000152 0.000383 0.000209 0.001167 -0.000351 -0.000483 -0.000995 -0.000931 0.001269 0.544491 -0.000454 0.000959 0.001292 0.773297 -0.000422 -0.000346 0.000554 0.001151 0.000041 0.000812 0.000910 -0.000425 0.212178 -0.000676 0.000562 0.000122 0.000708 0.001032 0.000837 0.000233 0.000061 -0.001045 -0.000087 -0.000382 0.000896 -0.000459 0.000379
0.001693 0.000028 -0.000435 0.272546 0.000509 -0.000334 0.000439 -0.000215 1.120613 0.000122 0.005219 0.000653 0.000825 0.000222 0.002455 0.852253 0.213514 -0.000299 1.499312 0.000347 0.067184 1.122463 -0.000712 0.877185 0.993124 0.000012 0.000347 -0.000415 0.001496 1.294036 0.000968 -0.000154 0.000624 0.320534 0.000735 0.000416 0.331534 1.348422 0.185835 -0.000579 0.077815 -0.000645 0.000690 0.128363 0.001023 0.968543 -0.000778 0.001472 -0.000559 0.000989 1.206301 1.142888 0.000848 0.000837 0.000439 0.001783 0.000727 0.000931 0.000872 0.971986 0.000939 -0.000308
0.000473 -0.000015 0.000614 0.000298 0.000617 -0.000618 -0.000363 0.000947 -0.000030 -0.001065 0.000905 0.000104 -0.000785 -0.000114 0.000602 0.000339 -0.000194 -0.000515 0.000794 0.000445 -0.000468 -0.000162 0.000385 -0.000620 0.000642 0.000835 -0.000392 0.000211 0.000482 0.001407 0.000288 -0.000730 -0.001140 -0.000607 0.000632 0.001235 0.001095 0.000977 0.000758 0.000580 0.000500 -0.001083 0.000741 0.566589 -0.000601 -0.000438 0.000551 0.000558 -0.000416 0.477228 -0.000250 -0.000415 -0.000319 0.001246 -0.000457 -0.000027 -0.000469 -0.000826 0.000031 -0.000810 0.000439 0.000703
0.349390 0.001020 0.000784 -0.000098 -0.000425 0.000370 0.000562 0.000640 0.000556 0.000305 -0.000163 0.000919 -0.000507 -0.000369 0.000394 0.000272 -0.000820 -0.000360 0.000061 -0.000798 0.000624 0.000171 -0.000877 0.000654 -0.000432 0.000702 -0.000622 0.000843 0.001862 -0.000505 0.157525 0.000171 -0.000416 -0.000232 -0.000739 -0.000113 -0.000364 -0.000008 -0.000542 0.000314 -0.000772 -0.000962 0.001841 0.000247 -0.000128 -0.000292 -0.000833 -0.000132 0.000248 -0.000394 -0.000855 0.000231 0.000185 0.000914 0.000507 0.000361 0.000870 0.000606 0.000326 0.000793 0.000461 0.000946
-0.000447 0.000159 -0.000301 -0.000987 0.000328 0.000604 0.069984 0.003614 0.000999 0.000856 0.000361 -0.000650 0.000123 0.000535 -0.000015 0.000514 -0.000539 0.039433 -0.000799 0.001126 -0.000926 -0.000705 0.000892 -0.000236 0.000116 0.001361 0.000287 0.000821 -0.000568 0.001399 0.000836 0.000803 0.127549 0.000748 0.000184 -0.001089 0.001506 0.000617 0.000800 0.000224 0.021987 0.295025 0.000467 -0.000543 0.000211 -0.000333 0.000551 0.000976 0.000077 -0.000692 -0.000025 0.000416 -0.000277 -0.000578 0.047939 0.000324 0.000500 0.935121 -0.000819 -0.000166 0.000472 -0.000762
0.000745 -0.000600 0.000860 -0.000146 0.000123 -0.000379 0.000594 -0.000788 0.000527 -0.000237 -0.000079 -0.000241 0.000765 0.000267 -0.000211 -0.000841 -0.000484 -0.000552 -0.000338 -0.000011 0.000433 -0.000318 -0.000808 -0.000632 0.000314 -0.000934 0.000918 0.000152 0.000764 0.000421 0.001418 0.000674 0.000731 -0.000135 0.350870 -0.000569 -0.000605 0.000692 -0.000076 0.000455 0.000554 0.000178 -0.000097 0.001232 -0.000501 0.000153 0.552479 0.001027 0.000152 0.000751 0.000030 0.000397 0.000660 0.000980 0.000831 -0.001174 -0.000055 -0.000587 0.000072 0.000118 0.000433 -0.000810
0.000054 0.000016 0.001161 0.000261 0.001068 -0.000225 0.000547 -0.000177 0.001024 -0.000532 0.000911 0.001478 0.000749 -0.000010 0.923875 0.061477 0.862185 -0.000149 0.015472 0.000923 0.731241 0.001287 -0.000339 0.000647 -0.000088 -0.000386 0.000057 0.000085 -0.000478 0.000126 -0.000096 -0.001095 0.000618 1.200699 0.001421 0.000326 0.062041 0.145086 0.000489 -0.000054 0.001551 0.000724 0.503488 0.000609 0.000219 0.787133 -0.000639 -0.000237 0.000187 0.001314 0.241052 1.011150 0.001134 0.000875 -0.000783 0.001606 -0.000512 0.000034 0.001078 0.001465 -0.000806 0.000976
0.000059 -0.000856 -0.001222 0.000933 0.409169 -0.000821 0.000696 -0.000021 0.000955 -0.000386 0.000036 0.409176 0.000315 -0.000608 -0.000211 0.000076 0.000371 -0.000991 0.547231 -0.000811 0.000953 0.258300 0.000054 0.532096 0.802550 -0.001090 -0.000608 0.000747 -0.000578 0.062546 -0.000883 0.000395 0.000131 0.001609 0.001224 0.001005 0.000177 -0.000279 0.001213 -0.000451 0.000598 0.000137 -0.000307 0.001090 -0.000351 0.478767 -0.000390 0.000068 -0.000376 -0.000254 0.313194 0.009601 0.096591 -0.000676 -0.000057 0.584239 -0.001079 0.000290 0.000607 0.001335 -0.000141 0.000663
0.000457 0.000155 0.001142 0.000542 -0.000084 -0.000226 -0.000213 0.000598 0.001240 0.000370 0.133008 -0.000177 -0.000447 0.000114 0.829733 0.000319 0.001006 -0.000030 -0.000311 0.000559 -0.000622 -0.000401 0.000641 -0.000581 -0.000412 0.001406 0.000041 0.001144 -0.000140 0.387592 0.001612 -0.000007 0.000250 0.000759 -0.000167 0.000339 -0.000114 -0.000622 0.566386 0.000963 1.399017 -0.000638 0.153923 0.000848 -0.000551 0.000099 -0.000746 0.000018 -0.000040 0.000251 0.001301 -0.000037 0.001134 -0.000309 0.001206 -0.000630 0.000359 0.001148 -0.001126 0.000810 0.000626 -0.000015
0.000239 0.000342 0.000477 0.000839 0.000222 0.000124 0.000513 -0.000280 0.001380 -0.001129 0.000738 -0.000431 0.000921 -0.000870 0.000877 -0.000822 0.000374 -0.000147 0.000250 0.000489 0.001611 -0.000341 -0.000707 0.000357 -0.000873 0.000331 0.000079 0.000308 0.001226 -0.000434 0.000014 0.000324 -0.000793 -0.000227 -0.000504 0.000208 0.000068 0.001383 -0.000692 -0.000177 -0.000953 -0.000092 0.001192 0.298653 0.000238 0.001174 0.000956 0.001296 -0.000010 0.000305 0.000246 0.000545 0.000160 0.000240 -0.000301 0.000407 0.000687 -0.000666 0.000851 -0.000371 0.000241 0.434262
-0.000294 0.145309 0.000382 -0.000246 -0.000827 0.000476 0.197630 0.213217 0.000823 0.001435 0.000527 0.000690 -0.000755 0.216828 0.000608 0.000093 -0.000178 -0.000014 -0.000396 0.377208 -0.000016 0.000773 0.001257 0.000084 0.000188 0.001292 -0.000253 0.001173 0.000038 -0.000010 0.000974 -0.000663 -0.000426 0.000914 -0.000893 0.000802 0.001225 0.000089 -0.000124 -0.000639 0.000656 0.193840 -0.000418 0.001029 -0.000234 -0.001179 -0.000521 -0.000262 0.000342 0.000960 -0.000699 -0.000506 -0.000179 0.000617 0.000476 0.000446 0.001079 0.330703 0.000749 -0.000537 0.000465 -0.000066
0.000032 -0.000090 -0.000293 -0.000364 0.000945 0.000010 -0.000239 -0.000781 -0.000139 0.000633 -0.000162 -0.000576 -0.000747 -0.000103 0.001530 0.782351 0.000848 -0.000231 0.000141 -0.000351 0.001021 0.000110 -0.000537 0.000189 0.000540 -0.000220 0.000190 0.001426 0.000671 0.000959 -0.000128 0.000904 0.000587 0.001077 0.001066 -0.000500 -0.000219 0.000004 0.000183 0.000698 0.001096 0.000058 -0.000052 -0.000278 0.000242 0.001059 -0.000354 -0.000772 0.000431 0.001167 -0.000050 0.728831 -0.000086 -0.000296 0.000326 0.000714 -0.000831 0.000116 0.000383 0.001388 -0.000939 0.001117
-0.000349 0.000133 0.000620 0.000104 -0.000386 0.749302 0.859835 -0.000375 0.000396 0.001197 -0.001288 0.000810 0.000581 0.037705 0.000925 0.000343 -0.001277 0.001921 -0.000765 0.001040 -0.070486 -0.000714 0.001200 0.000995 -0.000746 0.000960 0.000475 0.001039 0.000369 -0.000926 0.000864 -0.000599 0.001449 0.000147 0.000235 0.000549 0.000260 -0.000362 -0.000873 0.000812 -0.000125 0.000839 -0.000522 -0.001268 0.000535 -0.000567 0.000306 0.000377 0.000959 0.000942 -0.000117 -0.000013 -0.000188 0.000304 0.000348 0.000909 0.001267 0.076416 -0.000223 -0.000982 0.001509 -0.000160
0.001223 -0.000191 0.000761 0.000541 -0.000368 0.675380 0.648893 0.000610 -0.000654 0.867407 -0.000356 -0.000613 0.000569 0.755170 -0.000480 0.001125 0.000381 0.077057 0.000045 -0.000001 0.000446 -0.001101 0.000783 0.000996 -0.000158 0.000360 0.000096 0.000127 -0.000218 -0.000477 0.000893 0.001130 0.052750 0.000331 0.000179 -0.000105 0.001163 0.000789 0.000187 0.529519 0.001247 0.677456 0.001238 -0.001488 0.000360 -0.001075 -0.000718 0.000802 0.405023 -0.000284 0.000864 -0.000251 0.000390 0.000121 0.364758 -0.000139 -0.000087 0.138055 -0.000575 0.001357 0.000788 -0.000154
0.000408 0.000850 0.000982 -0.000785 -0.000426 -0.000224 -0.000129 -0.000743 0.000143 -0.000026 0.001181 -0.000137 0.000819 0.000218 0.000277 0.000276 0.001318 0.000683 -0.000436 0.000506 0.005038 0.000008 0.000456 0.000770 -0.000170 0.000578 0.000795 0.000597 0.001283 -0.000349 0.000126 0.000212 0.000314 0.328903 0.000853 -0.000466 0.000119 0.095106 0.785382 -0.000279 -0.000728 -0.000536 0.000994 0.000954 0.189399 0.000767 0.000200 0.001259 -0.000651 -0.000560 0.001455 0.000916 0.000869 -0.000245 0.000162 0.000314 -0.000928 -0.000339 0.000669 0.000175 -0.000679 0.154279
0.001233 -0.000562 0.000525 0.586276 0.000047 -0.000965 0.000204 0.000062 0.786061 -0.000114 0.001764 0.000331 0.000658 0.000785 0.001251 0.971452 0.000942 -0.000762 0.014051 -0.000500 0.035335 -0.000242 0.000086 0.000416 0.000540 0.000140 0.000689 -0.000058 0.000384 0.000909 0.001057 -0.000079 0.000223 0.001276 0.000283 -0.000152 0.718357 0.000366 0.000503 0.000249 0.000521 0.000092 0.069985 -0.000275 0.000426 0.656816 0.000677 0.000690 0.000338 -0.000272 0.001415 -0.000116 -0.000289 0.000994 -0.000086 0.000770 0.000383 -0.000883 0.000648 0.045947 -0.000280 -0.000328
0.044301 0.000339 -0.000921 -0.000605 0.000662 0.000577 0.000403 0.000583 0.000270 0.001749 0.000932 -0.000007 -0.000752 0.001046 0.000292 0.030197 0.000667 0.095135 -0.000457 -0.000244 -0.000024 -0.000731 -0.000654 0.000864 0.000182 0.000055 0.001645 0.001062 0.000427 0.000182 0.031211 -0.000412 0.727978 -0.000248 -0.000144 -0.000930 0.257188 0.000010 -0.000619 0.001206 -0.000274 0.001315 0.000538 -0.001030 -0.000228 0.000579 -0.000604 0.001119 -0.000336 0.000699 -0.000099 0.000633 -0.000257 -0.000652 0.034582 0.000127 -0.000268 0.000755 -0.000234 0.001060 -0.000134 -0.000136
-0.000971 -0.000070 0.382135 0.000969 -0.000303 0.000316 0.000495 -0.000870 -0.000318 0.000215 0.001654 0.000686 -0.000655 0.000246 0.001429 -0.000131 -0.000455 0.000712 -0.000794 -0.000402 0.000906 0.000138 -0.000967 -0.000668 0.000443 -0.000287 -0.000384 0.000073 -0.000052 -0.000610 0.000412 -0.000228 0.000873 -0.000089 0.000545 -0.000929 -0.000357 0.000077 -0.000103 -0.000244 -0.000841 0.000889 0.000139 0.000475 0.001129 -0.000388 0.000986 0.001207 -0.000040 -0.000282 0.000097 -0.000170 0.000603 0.306226 0.000629 -0.000615 0.000094 -0.000795 0.000671 0.001134 -0.000535 -0.000141
