0.236839 0.204758 0.183769 0.258042 0.156671 0.217924 0.218290 0.179504 0.297628 0.240699 0.294073 0.220492 0.179171 0.194400 0.373149 0.383979 0.259908 0.250821 0.000000 0.186901 0.316046 0.334348 0.184549 0.269101 0.369619 0.196573 0.210913 0.215361 0.224490 0.000000 0.175566 0.194792 0.256845 0.351211 0.236335 0.207528 0.264803 0.342017 0.351589 0.158822 0.323112 0.220719 0.296861 0.260968 0.206056 0.428476 0.197360 0.290110 0.134333 0.177547 0.288954 0.485277 0.205957 0.225002 0.185201 0.223938 0.205011 0.214160 0.231605 0.352390 0.132183 0.165332
0.258064 0.271934 0.225528 0.219833 0.179863 0.179688 0.172376 0.311053 0.231906 0.276801 0.201091 0.163006 0.234754 0.309316 0.384918 0.287823 0.294049 0.334680 0.000000 0.263684 0.307642 0.349042 0.149133 0.275083 0.275415 0.228798 0.252678 0.249061 0.261215 0.000000 0.160472 0.184790 0.198498 0.371398 0.292510 0.154025 0.335595 0.392770 0.346791 0.207514 0.265827 0.255859 0.293521 0.297812 0.182873 0.308477 0.189529 0.242515 0.198427 0.197258 0.301405 0.356066 0.213836 0.185898 0.321203 0.185887 0.233686 0.262616 0.164929 0.221581 0.129818 0.243910
0.184529 0.204130 0.157407 0.139905 0.127200 0.159128 0.169663 0.182905 0.207212 0.194043 0.181020 0.087739 0.170886 0.218935 0.345916 0.232858 0.174284 0.194151 0.000000 0.184115 0.249334 0.287393 0.100447 0.183166 0.273799 0.166456 0.091234 0.159124 0.151557 0.000000 0.124420 0.173864 0.179462 0.216103 0.160450 0.102268 0.209586 0.294347 0.271425 0.159117 0.195599 0.170170 0.217790 0.198861 0.189857 0.251580 0.160183 0.143080 0.155688 0.211503 0.253877 0.312497 0.184170 0.143924 0.193141 0.212314 0.144740 0.188935 0.159880 0.209138 0.113073 0.197845
0.299159 0.322220 0.288561 0.359143 0.259822 0.253031 0.267554 0.268508 0.440621 0.330959 0.296582 0.257011 0.292452 0.337826 0.530035 0.443301 0.414457 0.351033 0.000000 0.262687 0.436922 0.396970 0.265981 0.339094 0.399616 0.261233 0.272760 0.215195 0.300076 0.000000 0.261390 0.268014 0.263125 0.461109 0.312673 0.252149 0.418006 0.489848 0.416925 0.293430 0.389168 0.292776 0.361156 0.391624 0.302237 0.563055 0.286235 0.321054 0.252027 0.238607 0.405670 0.516789 0.311334 0.259814 0.288816 0.320328 0.282063 0.362493 0.268953 0.432300 0.225060 0.274593
0.389553 0.360899 0.336147 0.383625 0.291712 0.301729 0.304945 0.333439 0.471009 0.397883 0.357925 0.314996 0.329157 0.403698 0.605056 0.524782 0.465673 0.423773 2.419386 0.334987 0.526635 0.505726 0.279591 0.426115 0.494278 0.318584 0.325932 0.267704 0.333230 -0.458561 0.286079 0.295775 0.343699 0.554917 0.373799 0.287102 0.481839 0.573055 0.506925 0.307919 0.441939 0.340792 0.417801 0.454820 0.338236 0.641132 0.337455 0.385221 0.279547 0.273240 0.486358 0.660041 0.336179 0.337893 0.369939 0.361540 0.349634 0.399015 0.307950 0.424531 0.246224 0.317921
0.271110 0.322901 0.242634 0.287995 0.221957 0.257575 0.290259 0.216380 0.347504 0.340399 0.242486 0.195770 0.224771 0.416459 0.488735 0.342924 0.349499 0.372516 0.000000 0.270121 0.358761 0.331839 0.165523 0.273112 0.299254 0.227139 0.234733 0.243315 0.241775 0.000000 0.244892 0.192808 0.221001 0.444148 0.341895 0.171726 0.305037 0.432471 0.394165 0.270031 0.333025 0.309737 0.253806 0.368123 0.266319 0.374516 0.233045 0.247278 0.246479 0.272397 0.382036 0.370426 0.269854 0.197605 0.335267 0.223176 0.264879 0.424058 0.183524 0.300565 0.188422 0.273482
0.240181 0.267097 0.241109 0.267324 0.185498 0.242758 0.294555 0.226774 0.292770 0.348559 0.193754 0.178817 0.206343 0.374063 0.377761 0.350269 0.279329 0.400811 0.000000 0.238194 0.312860 0.342868 0.187152 0.227184 0.293013 0.246348 0.196305 0.218037 0.222526 0.000000 0.211766 0.227429 0.254069 0.344618 0.298959 0.160945 0.287148 0.350671 0.277620 0.258021 0.291384 0.283846 0.285496 0.320488 0.186344 0.427422 0.213325 0.236517 0.188788 0.211281 0.302420 0.369500 0.260100 0.182928 0.325758 0.213115 0.270882 0.371765 0.228100 0.266293 0.184463 0.216107
0.207573 0.246725 0.165578 0.165918 0.144555 0.178981 0.208598 0.180574 0.217247 0.231626 0.149138 0.158160 0.171315 0.327186 0.296638 0.256701 0.224272 0.270985 0.000000 0.169780 0.225063 0.241338 0.134151 0.175224 0.211395 0.177936 0.166539 0.228908 0.162693 0.000000 0.195906 0.120710 0.152716 0.212134 0.242583 0.108237 0.225418 0.255180 0.250231 0.188085 0.298950 0.215826 0.208109 0.242078 0.179034 0.249448 0.171992 0.216773 0.174212 0.186876 0.256533 0.256678 0.186724 0.102483 0.241192 0.114622 0.160069 0.336647 0.084618 0.179832 0.102745 0.191985
0.361734 0.390616 0.305654 0.400293 0.284408 0.335048 0.339914 0.326376 0.497947 0.366175 0.338150 0.299559 0.316666 0.417792 0.590606 0.530840 0.460268 0.424519 2.206750 0.337899 0.535644 0.479032 0.289867 0.409961 0.461284 0.321943 0.303709 0.273202 0.338773 0.000000 0.307225 0.298929 0.286488 0.528797 0.362303 0.276570 0.496021 0.610187 0.449951 0.346656 0.447350 0.366965 0.388913 0.404398 0.365318 0.624658 0.337141 0.333364 0.298198 0.302731 0.465945 0.600463 0.341719 0.324158 0.308306 0.330007 0.308429 0.448214 0.296164 0.478609 0.247432 0.295622
0.224633 0.263690 0.245001 0.262445 0.188455 0.286738 0.296419 0.245918 0.317335 0.290471 0.211894 0.178718 0.187937 0.420912 0.372223 0.326445 0.310751 0.434178 0.000000 0.219847 0.345938 0.342179 0.238036 0.264206 0.299168 0.242131 0.243956 0.208430 0.202881 0.000000 0.192462 0.241000 0.265710 0.360776 0.282516 0.178381 0.281161 0.380247 0.285052 0.252341 0.327118 0.303261 0.249364 0.330848 0.220379 0.455477 0.255263 0.240232 0.231065 0.206500 0.311662 0.390460 0.207869 0.210573 0.277183 0.228605 0.254518 0.386856 0.195542 0.302552 0.211005 0.220809
0.209355 0.172552 0.120862 0.207843 0.111907 0.081155 0.159891 0.156209 0.168443 0.201107 0.146895 0.099836 0.128111 0.214266 0.235909 0.273652 0.137079 0.134245 0.000000 0.109747 0.203574 0.170094 0.099078 0.145637 0.195863 0.150196 0.122656 0.163695 0.149190 0.000000 0.084272 0.108912 0.118556 0.211496 0.136738 0.106785 0.240012 0.237097 0.188089 0.135096 0.195557 0.115481 0.172176 0.213842 0.114854 0.192100 0.160996 0.193487 0.141956 0.115974 0.210591 0.269191 0.175437 0.108126 0.111041 0.128885 0.155563 0.204576 0.086633 0.192905 0.050496 0.144524
0.394905 0.364649 0.325598 0.372358 0.293581 0.302893 0.297531 0.321577 0.462719 0.383136 0.358567 0.330993 0.330939 0.387620 0.602177 0.532873 0.452827 0.403932 -0.674093 0.326864 0.529407 0.493345 0.285334 0.434519 0.489183 0.296477 0.321123 0.280749 0.321601 0.927951 0.288083 0.281828 0.328937 0.539179 0.367559 0.279622 0.476908 0.566631 0.514324 0.304099 0.433775 0.344579 0.410932 0.448604 0.341667 0.631341 0.329943 0.378784 0.270041 0.273406 0.483134 0.655003 0.324084 0.336690 0.353774 0.348359 0.339503 0.407069 0.308228 0.413431 0.236477 0.313780
0.327573 0.339330 0.311814 0.329630 0.255231 0.309013 0.312600 0.340961 0.425564 0.400084 0.280960 0.242590 0.289235 0.433630 0.578194 0.391076 0.443586 0.417806 0.000000 0.334505 0.448264 0.439371 0.239052 0.364361 0.364009 0.294903 0.277992 0.308598 0.342644 0.000000 0.281351 0.269362 0.250309 0.551671 0.399734 0.241464 0.457912 0.616487 0.447242 0.345285 0.417454 0.342807 0.318820 0.390076 0.323055 0.478234 0.292568 0.269794 0.328660 0.302534 0.436548 0.478577 0.309298 0.297492 0.386546 0.269407 0.297837 0.430222 0.253063 0.410811 0.243352 0.296918
0.152305 0.203682 0.158660 0.175828 0.102244 0.202348 0.224794 0.181590 0.209544 0.254744 0.143652 0.135646 0.120035 0.286244 0.209237 0.207570 0.187717 0.306800 0.000000 0.175693 0.244907 0.244840 0.144594 0.221687 0.202135 0.167367 0.163450 0.187204 0.185410 0.000000 0.175343 0.118672 0.169321 0.229820 0.195064 0.105389 0.202374 0.269184 0.221353 0.193799 0.231160 0.176832 0.210465 0.197668 0.104872 0.320276 0.115750 0.203788 0.128468 0.171853 0.171120 0.243660 0.166847 0.150613 0.220793 0.116750 0.152337 0.314798 0.149165 0.190723 0.116720 0.172741
0.312724 0.254909 0.226504 0.299796 0.227295 0.253311 0.263733 0.214201 0.342533 0.289536 0.270419 0.220100 0.225427 0.297841 0.521133 0.399997 0.358487 0.259095 0.000000 0.227723 0.430079 0.388930 0.182436 0.324843 0.380406 0.237034 0.225763 0.234636 0.275329 0.000000 0.197318 0.189251 0.245936 0.494832 0.301275 0.222920 0.356060 0.468319 0.478859 0.253754 0.373762 0.269197 0.296890 0.329494 0.300046 0.436540 0.259541 0.296763 0.212898 0.194662 0.423581 0.481288 0.284369 0.252352 0.293683 0.245764 0.298526 0.279043 0.264649 0.355333 0.185292 0.219204
0.367195 0.350096 0.237912 0.361024 0.226553 0.275423 0.311079 0.255162 0.435897 0.308628 0.347653 0.276546 0.245976 0.340657 0.478686 0.489186 0.368622 0.373092 0.000000 0.269415 0.425102 0.400118 0.224472 0.336930 0.441021 0.287598 0.250189 0.256259 0.299322 0.000000 0.274899 0.264017 0.250728 0.432454 0.281361 0.288022 0.392174 0.457227 0.394846 0.230794 0.401900 0.306105 0.364196 0.358596 0.288583 0.565314 0.285773 0.355940 0.233927 0.257745 0.413037 0.567992 0.297126 0.285249 0.276244 0.313999 0.262238 0.374180 0.260264 0.422631 0.209138 0.277185
0.307143 0.258636 0.249470 0.285332 0.214567 0.226199 0.228325 0.238398 0.340935 0.281367 0.240653 0.209280 0.215076 0.287557 0.564443 0.356392 0.350863 0.248631 0.000000 0.257165 0.464834 0.387738 0.211846 0.336524 0.370131 0.231063 0.219864 0.242604 0.258387 0.000000 0.211288 0.246837 0.227097 0.497040 0.290162 0.220674 0.364903 0.522656 0.453847 0.317679 0.360809 0.241791 0.293188 0.338221 0.347856 0.440688 0.280622 0.218279 0.248922 0.240550 0.422036 0.478483 0.278955 0.271265 0.301126 0.230779 0.229498 0.317051 0.233355 0.334931 0.211181 0.232328
0.311038 0.364262 0.289092 0.296574 0.225988 0.280300 0.291347 0.321448 0.354838 0.387481 0.277227 0.233868 0.226800 0.421773 0.456642 0.389211 0.317236 0.460338 0.000000 0.285222 0.368259 0.422576 0.227396 0.308626 0.365171 0.314125 0.248533 0.346547 0.266338 0.000000 0.256096 0.271442 0.285401 0.426979 0.347334 0.189701 0.359093 0.456505 0.404895 0.280737 0.360368 0.344764 0.350232 0.339460 0.234347 0.450001 0.245176 0.315394 0.262974 0.288760 0.376805 0.458080 0.290730 0.255110 0.368853 0.245536 0.283216 0.411188 0.265720 0.349970 0.180609 0.291498
0.359081 0.363556 0.279335 0.340571 0.259151 0.274635 0.269228 0.295826 0.436480 0.335088 0.349151 0.280712 0.267819 0.354464 0.595118 0.480374 0.417795 0.360090 0.000000 0.292805 0.518776 0.441841 0.246399 0.393396 0.469059 0.281333 0.262401 0.230485 0.321182 3.258838 0.283115 0.262496 0.305058 0.478807 0.281734 0.279542 0.425251 0.497896 0.443203 0.286786 0.415570 0.315490 0.370550 0.368451 0.329165 0.564628 0.314038 0.356678 0.243407 0.262803 0.441526 0.600244 0.323938 0.273861 0.318962 0.312806 0.283531 0.347693 0.276737 0.406741 0.247318 0.285817
0.216027 0.287334 0.177677 0.188172 0.145081 0.195606 0.219745 0.235372 0.224813 0.282725 0.162258 0.180523 0.167757 0.298240 0.273337 0.246434 0.189373 0.344082 0.000000 0.181585 0.248156 0.266170 0.133475 0.222374 0.234328 0.211520 0.149042 0.185771 0.177166 0.000000 0.221191 0.189934 0.217746 0.297565 0.282070 0.151935 0.290433 0.309894 0.249300 0.206617 0.249381 0.218222 0.237614 0.266225 0.179029 0.327948 0.116451 0.170158 0.209549 0.186821 0.241046 0.253635 0.194372 0.168270 0.265810 0.194364 0.193675 0.285753 0.177810 0.196838 0.140904 0.191383
0.281858 0.262933 0.205650 0.282729 0.213957 0.190497 0.186664 0.205229 0.365448 0.211731 0.238204 0.227406 0.256849 0.205717 0.492556 0.366986 0.350433 0.176649 0.000000 0.214108 0.449262 0.340685 0.189013 0.309205 0.356049 0.197458 0.199147 0.177056 0.277042 0.000000 0.225389 0.208191 0.179340 0.422633 0.264680 0.225645 0.406472 0.421350 0.402691 0.237948 0.379623 0.215395 0.282455 0.289836 0.336362 0.424797 0.255872 0.277283 0.204342 0.174240 0.379333 0.426176 0.270021 0.215129 0.208842 0.229069 0.220645 0.284669 0.192961 0.330032 0.194979 0.227872
0.308709 0.313608 0.241242 0.340035 0.188494 0.300617 0.313160 0.215763 0.405537 0.314410 0.273264 0.276241 0.211575 0.317106 0.520273 0.445011 0.394620 0.354925 0.000000 0.284778 0.461850 0.396992 0.221094 0.344661 0.398134 0.258704 0.238582 0.213273 0.289635 0.000000 0.288506 0.250772 0.274819 0.477723 0.287398 0.283915 0.359673 0.478911 0.390629 0.252689 0.373710 0.299639 0.334092 0.360270 0.309213 0.552501 0.270815 0.241821 0.220721 0.248733 0.396460 0.544276 0.276111 0.290684 0.291981 0.265144 0.249217 0.382150 0.259759 0.320073 0.233099 0.249285
0.329909 0.370849 0.270674 0.316413 0.234272 0.279306 0.318091 0.326129 0.365640 0.395303 0.295051 0.242304 0.222049 0.432621 0.460603 0.399695 0.351301 0.517385 0.000000 0.289354 0.355310 0.422951 0.236011 0.309397 0.371725 0.341925 0.271052 0.341686 0.298815 0.000000 0.268074 0.267161 0.295566 0.445985 0.363685 0.242630 0.379476 0.486392 0.392950 0.267270 0.374351 0.354795 0.365401 0.346001 0.243218 0.463420 0.264980 0.318571 0.278191 0.287323 0.404389 0.486057 0.289195 0.260969 0.375855 0.267867 0.289601 0.409432 0.257709 0.374812 0.194505 0.289511
0.375059 0.314934 0.281214 0.298484 0.256448 0.262099 0.263861 0.324816 0.427400 0.337250 0.308079 0.253968 0.269956 0.304888 0.555053 0.432642 0.384152 0.347075 0.000000 0.310541 0.484149 0.440192 0.236340 0.426571 0.424795 0.293551 0.288687 0.251237 0.344750 0.000000 0.256616 0.277852 0.257717 0.509249 0.363033 0.238720 0.474871 0.557382 0.453518 0.295487 0.407166 0.285823 0.346217 0.376836 0.319226 0.552349 0.307527 0.295370 0.264019 0.246100 0.425194 0.544378 0.300513 0.287682 0.331310 0.294919 0.307812 0.341847 0.270902 0.420131 0.251564 0.265497
0.329555 0.316281 0.260696 0.346739 0.211624 0.241918 0.234337 0.251349 0.419407 0.293989 0.301498 0.279262 0.250268 0.308757 0.537856 0.469497 0.378279 0.298708 0.000000 0.263916 0.473221 0.420829 0.213991 0.352626 0.467510 0.254125 0.253966 0.215915 0.281926 0.000000 0.249329 0.255738 0.285640 0.439345 0.284189 0.263068 0.369920 0.419684 0.401122 0.248293 0.370527 0.256196 0.373035 0.359803 0.308255 0.571476 0.294520 0.353924 0.195524 0.250351 0.419697 0.587742 0.282054 0.288206 0.268796 0.312670 0.272058 0.300435 0.243302 0.379201 0.196297 0.263490
0.248666 0.266019 0.233295 0.237117 0.154216 0.208837 0.240063 0.280306 0.258628 0.357371 0.159561 0.185272 0.203703 0.346268 0.338777 0.299992 0.269058 0.441906 0.000000 0.238521 0.276281 0.364567 0.196945 0.266225 0.258330 0.285023 0.242403 0.285415 0.238608 0.000000 0.207130 0.240509 0.229217 0.349768 0.305454 0.161639 0.334591 0.354794 0.302358 0.208837 0.261763 0.278482 0.260709 0.250341 0.165018 0.363249 0.155523 0.242903 0.225911 0.202335 0.275149 0.358508 0.181439 0.196843 0.325124 0.174890 0.230149 0.331121 0.205403 0.258124 0.149618 0.244219
0.194321 0.257451 0.173546 0.176582 0.151190 0.158215 0.168886 0.289419 0.267546 0.264202 0.193230 0.164547 0.151879 0.280894 0.331779 0.261411 0.224546 0.325751 0.000000 0.228279 0.262634 0.275728 0.195999 0.235389 0.248836 0.226692 0.191654 0.239472 0.207430 0.000000 0.198778 0.140075 0.183734 0.279232 0.234271 0.170796 0.278621 0.343758 0.274397 0.213308 0.249286 0.220200 0.296538 0.205741 0.157760 0.302404 0.197845 0.201855 0.179937 0.183537 0.261286 0.303558 0.201829 0.172562 0.263761 0.167716 0.165151 0.277125 0.144639 0.244373 0.130572 0.185512
0.220440 0.306236 0.204074 0.201045 0.175825 0.195666 0.212444 0.283223 0.274373 0.269195 0.220547 0.143248 0.216469 0.314722 0.319870 0.265461 0.259162 0.426949 0.000000 0.282407 0.239387 0.317916 0.185116 0.226317 0.285294 0.279231 0.248747 0.255530 0.231844 0.000000 0.192343 0.210411 0.200418 0.309570 0.319517 0.187072 0.321066 0.361008 0.299523 0.174513 0.250139 0.247047 0.292446 0.281472 0.140561 0.346345 0.186759 0.239169 0.212956 0.209470 0.306695 0.337735 0.191636 0.207807 0.282129 0.205499 0.218431 0.293859 0.169004 0.256200 0.144567 0.241272
0.271858 0.247141 0.161519 0.256559 0.168805 0.203917 0.211044 0.208346 0.383792 0.270589 0.249249 0.194736 0.195250 0.221220 0.366414 0.344183 0.278476 0.214915 0.000000 0.200903 0.363890 0.294912 0.124372 0.298104 0.343646 0.158098 0.193158 0.152224 0.248977 0.000000 0.236735 0.173821 0.146732 0.299091 0.183782 0.207714 0.295524 0.338136 0.302924 0.151901 0.276004 0.214249 0.276599 0.218518 0.198553 0.411562 0.183047 0.278562 0.134008 0.174027 0.249864 0.408700 0.230533 0.185691 0.199335 0.227674 0.186917 0.257858 0.158023 0.319703 0.132009 0.220906
0.296887 0.271716 0.205779 0.263959 0.186166 0.202160 0.214892 0.199966 0.344971 0.227568 0.306944 0.248459 0.192322 0.216706 0.412798 0.403469 0.282557 0.246960 0.000000 0.185213 0.386376 0.338576 0.191341 0.312996 0.406051 0.230242 0.184363 0.170150 0.217539 0.000000 0.221527 0.217985 0.246735 0.337290 0.164919 0.267072 0.304607 0.330532 0.356919 0.174926 0.326327 0.232028 0.326732 0.269357 0.264687 0.506053 0.248797 0.326160 0.159472 0.168136 0.335063 0.534305 0.248158 0.248843 0.204877 0.293216 0.213615 0.258252 0.231325 0.314338 0.181276 0.222754
0.265934 0.202605 0.144537 0.223691 0.123166 0.153802 0.211643 0.166709 0.238685 0.227971 0.159302 0.118755 0.106159 0.285394 0.279379 0.236398 0.205013 0.235178 0.000000 0.197076 0.254025 0.255012 0.104227 0.191038 0.213621 0.218452 0.135170 0.188661 0.221978 0.000000 0.149146 0.118918 0.181713 0.265890 0.169023 0.129640 0.220779 0.306736 0.244369 0.173175 0.253780 0.210309 0.218610 0.185465 0.175762 0.293526 0.183233 0.192720 0.167361 0.178111 0.249914 0.264950 0.236310 0.141914 0.221292 0.135847 0.146009 0.266944 0.153901 0.181928 0.111888 0.217665
0.312270 0.373309 0.277070 0.320022 0.242600 0.288155 0.315151 0.319599 0.371867 0.383937 0.284045 0.241738 0.233384 0.432305 0.466307 0.395081 0.364489 0.522198 0.000000 0.284953 0.360673 0.420626 0.242915 0.308741 0.372072 0.330543 0.277444 0.334305 0.292841 0.000000 0.278694 0.269090 0.288496 0.458295 0.371558 0.238626 0.369237 0.492286 0.386957 0.281291 0.370880 0.357179 0.368217 0.349426 0.244809 0.476681 0.254695 0.319099 0.278789 0.288101 0.406098 0.471189 0.291375 0.263937 0.377671 0.265019 0.300621 0.410780 0.262494 0.370013 0.198311 0.290595
0.262415 0.268807 0.220631 0.223661 0.181656 0.211066 0.243917 0.251588 0.250957 0.324218 0.183406 0.155837 0.168652 0.363530 0.330421 0.282741 0.265863 0.362675 0.000000 0.197214 0.302468 0.263482 0.199379 0.285543 0.245596 0.201531 0.185083 0.238772 0.207382 0.000000 0.175039 0.151729 0.255733 0.330645 0.254395 0.144242 0.265234 0.333440 0.313286 0.239698 0.309101 0.255160 0.226351 0.278818 0.165917 0.359731 0.210905 0.256835 0.201500 0.174934 0.261626 0.320875 0.217821 0.154698 0.311814 0.159775 0.248682 0.364663 0.192535 0.221717 0.180060 0.211985
0.322504 0.372014 0.308838 0.332487 0.267037 0.308401 0.326654 0.333491 0.432218 0.375665 0.287200 0.236809 0.301718 0.463813 0.592043 0.397451 0.462509 0.432720 0.000000 0.345395 0.438923 0.454100 0.230797 0.343404 0.393433 0.298982 0.295250 0.322072 0.353845 0.000000 0.261705 0.278466 0.276296 0.547825 0.442260 0.237732 0.465811 0.602341 0.499947 0.339074 0.434365 0.342470 0.325881 0.429624 0.332015 0.466708 0.317962 0.285678 0.318310 0.334802 0.471430 0.475764 0.327823 0.288623 0.383191 0.274453 0.305159 0.454045 0.267151 0.398775 0.254796 0.324729
0.312262 0.288069 0.276733 0.271221 0.242327 0.216029 0.217405 0.262681 0.371950 0.290219 0.266154 0.224749 0.223707 0.320739 0.523959 0.339462 0.391569 0.276044 0.000000 0.250857 0.384839 0.374852 0.188708 0.315663 0.316604 0.216100 0.240401 0.236610 0.312619 0.000000 0.240270 0.227500 0.192536 0.494169 0.327219 0.193181 0.427933 0.535455 0.392350 0.284112 0.380893 0.266499 0.253698 0.318914 0.317143 0.381036 0.275714 0.244593 0.263087 0.263009 0.370921 0.414973 0.289726 0.226147 0.281918 0.217852 0.244663 0.307087 0.225741 0.359294 0.217822 0.262746
0.306808 0.303707 0.224294 0.272762 0.197170 0.219842 0.228851 0.199973 0.340677 0.248121 0.290599 0.237848 0.224869 0.254733 0.433256 0.432110 0.304160 0.279653 0.000000 0.211110 0.388116 0.351186 0.200400 0.311528 0.389995 0.233820 0.227392 0.194442 0.226664 0.000000 0.205310 0.213008 0.246050 0.342669 0.215192 0.226613 0.327891 0.337681 0.379403 0.181364 0.336383 0.249546 0.330281 0.294598 0.246005 0.488793 0.245017 0.338650 0.170491 0.184026 0.354595 0.529229 0.227344 0.222663 0.217326 0.259756 0.246367 0.285845 0.226663 0.322419 0.182436 0.254271
0.237032 0.268474 0.227006 0.295963 0.202533 0.234676 0.214404 0.225468 0.374251 0.259502 0.230729 0.208198 0.226705 0.234494 0.451409 0.325819 0.342287 0.218104 0.000000 0.223683 0.436611 0.331368 0.176085 0.317404 0.328538 0.187062 0.172271 0.201845 0.259389 0.000000 0.242389 0.210540 0.169158 0.438573 0.309687 0.189600 0.367969 0.490257 0.378608 0.259005 0.356898 0.257346 0.277869 0.275642 0.304035 0.403198 0.249162 0.225004 0.226549 0.201071 0.332853 0.367334 0.256232 0.220785 0.204234 0.256629 0.226759 0.345753 0.201637 0.409932 0.198888 0.190388
0.335372 0.378155 0.333864 0.364561 0.266377 0.330470 0.354691 0.314172 0.465673 0.413107 0.284886 0.251713 0.299108 0.487970 0.584910 0.434914 0.485191 0.461665 0.000000 0.347727 0.473185 0.463779 0.257893 0.351605 0.401468 0.308535 0.298309 0.285048 0.337867 0.000000 0.289537 0.285928 0.286841 0.569046 0.442979 0.257870 0.474252 0.590639 0.473734 0.360016 0.455869 0.360114 0.352023 0.456556 0.347565 0.535449 0.328561 0.319297 0.322748 0.311890 0.460012 0.506346 0.354878 0.309366 0.385828 0.282795 0.309203 0.512267 0.260000 0.403850 0.268153 0.338124
0.271363 0.270977 0.233365 0.287398 0.209304 0.199387 0.268225 0.192135 0.329868 0.321342 0.200067 0.183216 0.236279 0.300540 0.497452 0.347989 0.365070 0.323766 0.000000 0.251986 0.416963 0.339108 0.189820 0.350651 0.322412 0.234722 0.238918 0.196742 0.266957 0.000000 0.208945 0.193166 0.201403 0.452994 0.308308 0.192771 0.315731 0.414708 0.391686 0.266460 0.316386 0.256541 0.239235 0.323921 0.292073 0.429888 0.236767 0.258037 0.221903 0.218007 0.356111 0.429900 0.223339 0.201878 0.296594 0.239482 0.272167 0.335847 0.200098 0.318397 0.190596 0.240832
0.258775 0.302471 0.243963 0.291913 0.232910 0.265823 0.313285 0.249916 0.376257 0.278289 0.233343 0.189563 0.253415 0.377827 0.470138 0.363996 0.371185 0.325851 0.000000 0.272492 0.382043 0.350390 0.204235 0.313950 0.339413 0.244313 0.239587 0.236306 0.283118 0.000000 0.214680 0.204385 0.182392 0.450664 0.339299 0.215808 0.375803 0.527656 0.429229 0.301590 0.381786 0.281922 0.281858 0.356129 0.327977 0.396883 0.268386 0.207420 0.252200 0.261489 0.380830 0.377052 0.295353 0.279163 0.248850 0.226981 0.247511 0.390068 0.208199 0.345599 0.209850 0.241989
0.339798 0.281285 0.236898 0.309798 0.246785 0.220943 0.276024 0.250352 0.330257 0.305998 0.279339 0.202727 0.210392 0.342874 0.524680 0.399985 0.340006 0.276894 0.000000 0.222151 0.382797 0.400103 0.186812 0.294947 0.367170 0.245605 0.216559 0.247745 0.260993 0.000000 0.188844 0.225035 0.257640 0.479777 0.277618 0.192084 0.400386 0.528469 0.433693 0.272468 0.356647 0.281381 0.288219 0.347057 0.298482 0.393579 0.292099 0.281987 0.261101 0.272207 0.431548 0.493368 0.335281 0.231920 0.276895 0.245504 0.258103 0.330353 0.245954 0.317698 0.179634 0.261891
0.183784 0.290300 0.163349 0.218125 0.142421 0.180972 0.244824 0.214427 0.273835 0.261897 0.167792 0.112866 0.149636 0.377905 0.301684 0.249657 0.249977 0.340688 0.000000 0.214583 0.253462 0.248138 0.122793 0.196803 0.232299 0.212507 0.168923 0.162824 0.193538 0.000000 0.143766 0.141376 0.172267 0.240604 0.180425 0.134670 0.225026 0.304175 0.238544 0.177352 0.228613 0.241651 0.171650 0.261804 0.168939 0.283850 0.181153 0.147544 0.198413 0.214393 0.228579 0.229001 0.200171 0.146721 0.244867 0.195983 0.141397 0.305653 0.134799 0.215307 0.175391 0.181738
0.199127 0.192161 0.213182 0.160592 0.165557 0.159304 0.120131 0.185406 0.193319 0.194271 0.222071 0.181331 0.186812 0.219555 0.392753 0.259100 0.237156 0.226183 0.000000 0.175136 0.274668 0.294127 0.145153 0.201340 0.283410 0.180088 0.184930 0.192683 0.144235 0.000000 0.183714 0.173654 0.169909 0.320710 0.204146 0.143000 0.213120 0.295743 0.317013 0.181244 0.189603 0.176283 0.273835 0.237096 0.212784 0.306289 0.160259 0.225562 0.147237 0.164814 0.312741 0.387676 0.186886 0.188604 0.247512 0.140169 0.197919 0.202405 0.192994 0.177062 0.129245 0.190483
0.288011 0.347594 0.274746 0.334761 0.255248 0.306360 0.295613 0.236269 0.383526 0.308254 0.306617 0.259434 0.226782 0.358350 0.566243 0.398550 0.394630 0.354653 0.000000 0.286551 0.458889 0.418966 0.249581 0.359040 0.387447 0.263222 0.262579 0.256808 0.297865 0.000000 0.253884 0.223418 0.278498 0.533653 0.308944 0.280399 0.350703 0.545517 0.515614 0.276821 0.400860 0.290846 0.343453 0.340722 0.355832 0.511742 0.298582 0.285741 0.251662 0.280493 0.443297 0.491430 0.313276 0.318159 0.276309 0.293761 0.281510 0.389391 0.271312 0.369211 0.224146 0.273647
0.305359 0.302247 0.234830 0.330216 0.228472 0.225820 0.238150 0.249336 0.362957 0.295486 0.222213 0.204051 0.233104 0.283605 0.543996 0.366788 0.381388 0.283395 0.000000 0.306529 0.475431 0.373654 0.203670 0.344758 0.358683 0.225502 0.240425 0.246530 0.326655 0.000000 0.211389 0.206387 0.226469 0.492170 0.327015 0.197511 0.360487 0.501168 0.432847 0.256715 0.359664 0.255601 0.279196 0.320858 0.298361 0.435938 0.285414 0.216083 0.224210 0.265871 0.388158 0.428462 0.280975 0.202977 0.292770 0.225658 0.255596 0.317452 0.234351 0.340579 0.208629 0.237414
0.412493 0.450345 0.373649 0.433305 0.330985 0.378833 0.384587 0.373758 0.543409 0.438022 0.401187 0.343077 0.362171 0.498433 0.683196 0.577480 0.533044 0.505434 4.476724 0.394492 0.581590 0.555520 0.318588 0.458253 0.539306 0.367699 0.349444 0.332807 0.379770 6.392737 0.342817 0.334976 0.356632 0.614179 0.438988 0.337203 0.526267 0.667579 0.564940 0.371632 0.527858 0.418361 0.458817 0.496391 0.406275 0.691957 0.393027 0.407994 0.335030 0.350529 0.551457 0.687099 0.394263 0.389546 0.405213 0.387738 0.366578 0.510703 0.334833 0.503340 0.295208 0.355743
0.221360 0.248332 0.219723 0.274480 0.203090 0.218080 0.212929 0.231894 0.272659 0.242367 0.240017 0.176086 0.223113 0.303670 0.480323 0.319702 0.310275 0.277130 0.000000 0.228687 0.371850 0.355867 0.165122 0.269372 0.338615 0.207781 0.212959 0.201762 0.252225 0.000000 0.154773 0.229890 0.197875 0.401787 0.252768 0.168218 0.296057 0.395367 0.353753 0.229403 0.290687 0.265758 0.234517 0.337483 0.249167 0.336403 0.229397 0.236391 0.215137 0.244214 0.354141 0.416679 0.253457 0.206649 0.226628 0.230819 0.229029 0.267248 0.215875 0.289056 0.131087 0.258415
0.264598 0.191120 0.116781 0.190645 0.123855 0.178533 0.168295 0.149683 0.284623 0.190115 0.199693 0.156278 0.134607 0.192103 0.335846 0.303282 0.220885 0.181402 0.000000 0.173249 0.351137 0.244868 0.131807 0.260937 0.276404 0.154519 0.137818 0.153214 0.183341 0.000000 0.184320 0.164182 0.148232 0.265501 0.164526 0.155090 0.212522 0.302646 0.260685 0.212402 0.250872 0.189031 0.289952 0.233066 0.186528 0.382956 0.230876 0.206429 0.132458 0.175812 0.258706 0.374982 0.209568 0.153174 0.218046 0.185673 0.168972 0.263551 0.114027 0.216502 0.133876 0.147600
0.284740 0.336979 0.265839 0.314311 0.237627 0.314714 0.321869 0.236514 0.394833 0.361470 0.258232 0.228683 0.244503 0.423193 0.495859 0.378507 0.380431 0.367274 0.000000 0.317817 0.429274 0.378249 0.209545 0.313503 0.338763 0.253108 0.224247 0.260010 0.272016 0.000000 0.271700 0.230859 0.223777 0.449600 0.352028 0.229822 0.336673 0.503972 0.375256 0.312164 0.390796 0.332065 0.291177 0.349370 0.308253 0.440986 0.273140 0.237627 0.268273 0.294498 0.374658 0.428863 0.288161 0.274293 0.317420 0.236188 0.250668 0.437591 0.206464 0.340485 0.201845 0.248466
0.258205 0.244102 0.211863 0.245990 0.199730 0.212797 0.216663 0.223435 0.323954 0.252379 0.180344 0.182634 0.187846 0.324055 0.418391 0.291547 0.295920 0.255354 0.000000 0.226086 0.359422 0.329239 0.130847 0.296180 0.290368 0.172416 0.235901 0.256177 0.287669 0.000000 0.211224 0.168101 0.167344 0.398606 0.317750 0.131650 0.304583 0.421738 0.386191 0.269163 0.313652 0.203082 0.223610 0.305420 0.230678 0.382235 0.230437 0.199017 0.204452 0.212685 0.316900 0.279396 0.233488 0.174602 0.268101 0.203346 0.252805 0.302621 0.198379 0.312023 0.162750 0.219864
0.355428 0.415729 0.328589 0.367036 0.304161 0.311914 0.296317 0.365659 0.473469 0.369324 0.349379 0.287370 0.320187 0.419585 0.597688 0.453269 0.448989 0.396475 0.000000 0.339034 0.527479 0.477514 0.273771 0.403259 0.451037 0.303032 0.284704 0.288758 0.349555 0.000000 0.294622 0.298264 0.299039 0.514508 0.372531 0.265409 0.460709 0.563319 0.508139 0.334062 0.465202 0.338988 0.428718 0.414250 0.339944 0.580571 0.360968 0.339540 0.305141 0.302747 0.474855 0.549905 0.352406 0.298099 0.363325 0.345878 0.330951 0.421974 0.279760 0.443766 0.254155 0.332107
0.390729 0.367754 0.338091 0.387454 0.300597 0.323684 0.326627 0.342667 0.477728 0.390059 0.343544 0.324157 0.336375 0.406982 0.614136 0.542658 0.467172 0.428965 1.148232 0.345183 0.533477 0.512877 0.291779 0.449487 0.490625 0.319068 0.330740 0.284623 0.341799 0.978104 0.291568 0.298060 0.336396 0.561584 0.375916 0.309040 0.486725 0.595040 0.532572 0.335952 0.462759 0.354355 0.425785 0.443561 0.356153 0.668934 0.349521 0.376787 0.279933 0.277110 0.501848 0.648493 0.339355 0.360898 0.371077 0.362015 0.356612 0.415957 0.310284 0.441725 0.263746 0.307875
0.336919 0.297164 0.255661 0.278523 0.259609 0.265697 0.298827 0.254374 0.344397 0.322349 0.332797 0.238019 0.260971 0.329243 0.542378 0.429955 0.333395 0.290726 0.000000 0.256392 0.408768 0.385625 0.217227 0.333498 0.388790 0.253118 0.227325 0.292575 0.277567 0.000000 0.214455 0.222996 0.254952 0.444827 0.319566 0.213862 0.359277 0.477261 0.469015 0.270970 0.427771 0.299937 0.338053 0.355234 0.289016 0.449366 0.284062 0.340053 0.233299 0.250903 0.427665 0.519605 0.304062 0.241052 0.305694 0.229798 0.297575 0.357031 0.243426 0.348960 0.173387 0.266168
0.206216 0.255385 0.205685 0.189436 0.191039 0.187996 0.217033 0.180421 0.255144 0.255909 0.214981 0.111442 0.182126 0.332902 0.387425 0.253322 0.273445 0.278982 0.000000 0.151717 0.334812 0.304346 0.147526 0.209636 0.284336 0.198965 0.161533 0.152617 0.181519 0.000000 0.176762 0.195902 0.185951 0.309165 0.232032 0.152282 0.259060 0.295463 0.311639 0.163391 0.267627 0.207309 0.183946 0.283971 0.234305 0.281218 0.185323 0.236269 0.217088 0.195763 0.270369 0.347223 0.210419 0.140122 0.227750 0.199707 0.189248 0.283215 0.145077 0.235957 0.135594 0.252956
0.200753 0.292734 0.186186 0.235642 0.181755 0.253521 0.280136 0.213582 0.278531 0.261755 0.215287 0.204055 0.214139 0.365600 0.240546 0.306197 0.258897 0.401622 0.000000 0.238846 0.237897 0.272709 0.186816 0.194595 0.253181 0.212927 0.218873 0.221697 0.192622 0.000000 0.223924 0.186154 0.163243 0.222577 0.277920 0.161683 0.253923 0.310101 0.186907 0.213318 0.302250 0.277226 0.254858 0.296819 0.147291 0.371001 0.197145 0.215435 0.181358 0.206472 0.247403 0.283967 0.203902 0.200043 0.231993 0.188826 0.180139 0.395733 0.148848 0.250821 0.134546 0.189696
0.370124 0.352555 0.294905 0.341327 0.240867 0.263620 0.285386 0.285237 0.428582 0.355185 0.309814 0.297453 0.296214 0.348234 0.502610 0.479421 0.397898 0.356060 0.000000 0.274153 0.419742 0.425134 0.232822 0.358727 0.424046 0.278188 0.240905 0.274874 0.274624 0.000000 0.259097 0.255054 0.285158 0.448282 0.313896 0.248377 0.435481 0.467407 0.425090 0.252337 0.401320 0.316551 0.357075 0.376320 0.305819 0.562506 0.269026 0.370324 0.239224 0.247231 0.419039 0.567005 0.296545 0.313392 0.328675 0.322444 0.288168 0.365862 0.255545 0.387906 0.219691 0.266782
0.252882 0.273140 0.231564 0.241731 0.190996 0.219787 0.280405 0.199342 0.271604 0.326241 0.215928 0.191308 0.219197 0.356149 0.401246 0.344490 0.292929 0.359938 0.000000 0.241379 0.311231 0.320473 0.186064 0.251387 0.292913 0.236600 0.199262 0.198986 0.211129 0.000000 0.185805 0.126837 0.242363 0.352518 0.254040 0.197340 0.270630 0.357864 0.337584 0.218829 0.330283 0.269932 0.298923 0.316642 0.229171 0.375801 0.198014 0.239078 0.185148 0.192343 0.313494 0.374523 0.256951 0.231869 0.292355 0.187233 0.231501 0.335317 0.181566 0.196897 0.142718 0.247965
0.270506 0.317986 0.285742 0.289356 0.237858 0.315589 0.322679 0.242943 0.353728 0.361986 0.249671 0.191525 0.268417 0.433842 0.490563 0.349171 0.389570 0.393665 0.000000 0.313699 0.391777 0.368951 0.206990 0.273508 0.317507 0.274990 0.233199 0.235743 0.274091 0.000000 0.226363 0.232375 0.235202 0.439609 0.362542 0.224324 0.364699 0.511802 0.349763 0.310304 0.397887 0.326694 0.270752 0.358616 0.292643 0.400638 0.265250 0.226512 0.281711 0.275095 0.376907 0.410174 0.280945 0.266869 0.319631 0.214451 0.254027 0.420867 0.197979 0.331784 0.205557 0.266696
0.258032 0.245264 0.255899 0.279036 0.229374 0.240374 0.259239 0.213263 0.286885 0.310161 0.209178 0.189968 0.246635 0.281000 0.474893 0.321850 0.324552 0.253766 0.000000 0.199231 0.408591 0.311976 0.183929 0.330779 0.320201 0.180639 0.195707 0.203785 0.225525 0.000000 0.184627 0.202207 0.226718 0.437154 0.307883 0.170782 0.316455 0.462771 0.391152 0.255746 0.327375 0.245646 0.231256 0.328685 0.270393 0.395339 0.212516 0.259796 0.224653 0.210579 0.354264 0.438390 0.238550 0.204225 0.245284 0.203059 0.264824 0.349598 0.210738 0.291800 0.178972 0.211790
0.364352 0.360212 0.273911 0.394644 0.249607 0.283736 0.307809 0.329395 0.492636 0.368408 0.319503 0.308371 0.282445 0.373716 0.494720 0.506975 0.400618 0.402447 0.000000 0.315402 0.468222 0.442279 0.243373 0.367434 0.446626 0.295588 0.267985 0.273443 0.321800 0.000000 0.304363 0.258627 0.288459 0.454055 0.327109 0.259870 0.432123 0.541958 0.393794 0.280022 0.410996 0.331181 0.417367 0.363587 0.302442 0.606565 0.307696 0.320870 0.236234 0.273976 0.410153 0.558922 0.331790 0.289883 0.318195 0.332881 0.285521 0.414327 0.272276 0.452361 0.231210 0.258898
0.272447 0.285365 0.230889 0.236676 0.168729 0.234302 0.229180 0.231784 0.288006 0.329060 0.175865 0.193451 0.160633 0.372976 0.335656 0.313120 0.276555 0.356574 0.000000 0.196492 0.305153 0.317221 0.217324 0.267615 0.280680 0.244934 0.216270 0.273002 0.185680 0.000000 0.208142 0.207178 0.255933 0.293686 0.265238 0.173175 0.279014 0.317541 0.317999 0.238644 0.309835 0.277965 0.281343 0.269834 0.172424 0.392621 0.242084 0.291908 0.227143 0.202332 0.316361 0.373876 0.211812 0.178028 0.317084 0.185616 0.233934 0.389509 0.176270 0.256149 0.199664 0.213976
0.196085 0.235629 0.232185 0.231199 0.202338 0.253926 0.271722 0.192190 0.271932 0.200126 0.167693 0.119033 0.237779 0.320121 0.391749 0.249338 0.303486 0.311421 0.000000 0.217604 0.290162 0.302242 0.168562 0.235355 0.266842 0.171620 0.197496 0.159283 0.197900 0.000000 0.154615 0.227002 0.168114 0.378533 0.270121 0.186912 0.283060 0.454645 0.321060 0.224177 0.285168 0.224782 0.176644 0.305730 0.259024 0.376986 0.191461 0.164197 0.231276 0.214227 0.334065 0.311291 0.202824 0.248820 0.211240 0.220378 0.196638 0.326272 0.186018 0.254492 0.227391 0.202526
