0.227275 0.196485 0.178363 0.250734 0.152114 0.209260 0.210271 0.173721 0.284313 0.229566 0.278741 0.208756 0.174546 0.187398 0.354998 0.365688 0.248527 0.234269 0.000000 0.180148 0.302787 0.322249 0.179951 0.259087 0.349655 0.190580 0.203800 0.205124 0.215724 0.364908 0.168705 0.185485 0.249378 0.332416 0.227568 0.198025 0.254723 0.322128 0.341646 0.156568 0.311479 0.213200 0.286239 0.246331 0.194727 0.409638 0.193732 0.279111 0.129937 0.171298 0.275226 0.469238 0.200827 0.216820 0.177745 0.212869 0.198844 0.204620 0.220850 0.330956 0.127958 0.159895
0.249006 0.260858 0.218173 0.212376 0.173730 0.172687 0.164250 0.301262 0.221516 0.269413 0.192510 0.156520 0.224769 0.295878 0.363002 0.273987 0.283920 0.312605 0.000000 0.254459 0.291351 0.336625 0.140953 0.262043 0.266057 0.216087 0.239871 0.236811 0.251113 0.300465 0.155836 0.178096 0.192097 0.359168 0.284609 0.150947 0.324021 0.379882 0.331222 0.203713 0.256717 0.245067 0.284655 0.284962 0.177613 0.293620 0.183038 0.235005 0.192502 0.190539 0.289844 0.341462 0.206930 0.181878 0.307747 0.180127 0.228681 0.251707 0.160385 0.212548 0.124692 0.235041
0.174722 0.199159 0.150354 0.134974 0.121931 0.151631 0.165223 0.176069 0.198638 0.188759 0.174638 0.084848 0.163659 0.207575 0.326381 0.216409 0.164318 0.185198 0.000000 0.179141 0.233674 0.278798 0.094943 0.174083 0.261656 0.157865 0.088493 0.152903 0.145905 0.243025 0.120191 0.169433 0.175251 0.207035 0.154350 0.100474 0.198172 0.284579 0.262225 0.153831 0.185179 0.161730 0.210283 0.188160 0.181061 0.242440 0.154545 0.139700 0.148502 0.207239 0.242243 0.301055 0.176841 0.137691 0.187250 0.200090 0.140179 0.180197 0.156011 0.200117 0.109547 0.188340
0.286124 0.307660 0.278112 0.345977 0.249387 0.242427 0.257408 0.258902 0.417257 0.317283 0.285015 0.244063 0.283016 0.320426 0.504861 0.419321 0.395979 0.332635 0.000000 0.252258 0.414709 0.378230 0.253933 0.324075 0.378187 0.251966 0.266337 0.208029 0.287842 0.437700 0.250974 0.258116 0.252751 0.439725 0.302534 0.240689 0.399695 0.469426 0.404124 0.284977 0.371135 0.280521 0.346754 0.374143 0.286966 0.531526 0.277544 0.308834 0.242134 0.231328 0.387754 0.487270 0.300614 0.248313 0.278221 0.308056 0.271839 0.345468 0.259080 0.407877 0.217226 0.263199
0.374172 0.346554 0.323387 0.369501 0.280685 0.290813 0.292784 0.321481 0.446706 0.382601 0.342698 0.297729 0.316939 0.387625 0.576980 0.497321 0.446175 0.401030 0.000000 0.322873 0.499748 0.486627 0.268271 0.406463 0.472474 0.304757 0.315559 0.255521 0.320803 0.561405 0.277173 0.284906 0.331730 0.525991 0.360415 0.275332 0.458728 0.547378 0.486430 0.297574 0.425212 0.327180 0.403237 0.432532 0.322975 0.609464 0.327162 0.371616 0.270974 0.264085 0.463264 0.629898 0.324033 0.323301 0.355797 0.347973 0.337415 0.382901 0.295827 0.404400 0.238441 0.306158
0.260879 0.310592 0.234876 0.278377 0.214048 0.246880 0.276158 0.208457 0.334335 0.330283 0.235891 0.188940 0.215290 0.393862 0.459364 0.324531 0.330669 0.352204 0.000000 0.262474 0.339260 0.318087 0.158342 0.261831 0.287897 0.218297 0.227024 0.234144 0.232506 0.359556 0.236316 0.187952 0.214073 0.422597 0.327100 0.166450 0.292413 0.408977 0.376585 0.259857 0.314123 0.295134 0.244851 0.351077 0.253744 0.361321 0.224555 0.238898 0.233862 0.261471 0.366031 0.351399 0.259432 0.189216 0.322201 0.215444 0.254233 0.399930 0.174694 0.289499 0.182020 0.263571
0.229829 0.254197 0.231536 0.257231 0.177391 0.234533 0.280481 0.219915 0.279043 0.334432 0.188467 0.171302 0.196811 0.354879 0.354773 0.332131 0.267078 0.373616 0.000000 0.229021 0.299420 0.327053 0.178189 0.217820 0.279204 0.236152 0.190014 0.208159 0.212808 0.323937 0.204875 0.217606 0.246971 0.328886 0.290161 0.156026 0.275436 0.334512 0.267421 0.249580 0.278391 0.272058 0.271892 0.307289 0.179016 0.408102 0.205631 0.227597 0.181970 0.205297 0.287471 0.353646 0.252382 0.177757 0.313024 0.207194 0.261343 0.353427 0.219463 0.255458 0.177120 0.207966
0.195987 0.238891 0.161397 0.160694 0.139538 0.172189 0.196417 0.173872 0.207862 0.225453 0.142019 0.152714 0.164520 0.312398 0.277655 0.240005 0.209026 0.258854 0.000000 0.163663 0.211274 0.229165 0.131639 0.164671 0.204678 0.171436 0.163612 0.217850 0.154189 0.208869 0.187338 0.116541 0.148202 0.205265 0.234393 0.103848 0.216981 0.243010 0.240351 0.184723 0.280277 0.204702 0.198955 0.233484 0.168030 0.234384 0.166784 0.208200 0.167096 0.181122 0.245167 0.239794 0.176523 0.101804 0.233499 0.110169 0.153912 0.321875 0.082461 0.170389 0.099403 0.188230
0.346711 0.376904 0.292551 0.383890 0.273312 0.320093 0.325880 0.314929 0.471845 0.352447 0.323578 0.283494 0.307153 0.396707 0.561281 0.504188 0.439725 0.399748 0.000000 0.326659 0.508504 0.457220 0.277230 0.392837 0.441110 0.307652 0.295884 0.261509 0.324749 0.524170 0.295058 0.287469 0.276265 0.504073 0.349247 0.262957 0.475201 0.579215 0.431648 0.334648 0.426837 0.349077 0.373898 0.385235 0.347671 0.592451 0.323925 0.320685 0.285556 0.291118 0.445163 0.569370 0.328363 0.310197 0.297062 0.317251 0.297925 0.424571 0.285047 0.453242 0.238484 0.284816
0.216205 0.254767 0.236657 0.252329 0.182852 0.276026 0.281854 0.238196 0.301460 0.279779 0.205126 0.170374 0.181746 0.399902 0.347901 0.312278 0.294807 0.404526 0.000000 0.213892 0.332418 0.325812 0.224545 0.256284 0.287802 0.230753 0.236903 0.199708 0.193776 0.367019 0.186836 0.231259 0.255349 0.345137 0.273846 0.172314 0.268237 0.362485 0.273718 0.243973 0.313344 0.287396 0.241736 0.316667 0.208581 0.443646 0.244604 0.232822 0.219252 0.197347 0.295127 0.373409 0.201276 0.201226 0.266442 0.222688 0.246994 0.367377 0.187711 0.289158 0.201897 0.210656
0.201860 0.167654 0.115620 0.194592 0.107435 0.078767 0.151524 0.153154 0.157901 0.194430 0.142181 0.093761 0.122670 0.210303 0.222505 0.255158 0.129280 0.126324 0.000000 0.105085 0.190464 0.161262 0.095494 0.139255 0.191251 0.141782 0.120189 0.156838 0.143710 0.215441 0.080700 0.104840 0.113120 0.203218 0.133023 0.098221 0.226879 0.230616 0.179467 0.131392 0.188615 0.109110 0.164056 0.206432 0.108616 0.181795 0.154989 0.188719 0.139624 0.114099 0.196951 0.255396 0.166957 0.101976 0.105925 0.121640 0.148696 0.192868 0.081914 0.183648 0.049550 0.141749
0.379292 0.350443 0.313027 0.358576 0.282613 0.290927 0.286199 0.309594 0.438961 0.369075 0.342267 0.312694 0.318807 0.372111 0.574662 0.506083 0.433569 0.384159 0.000000 0.314218 0.500339 0.474474 0.273713 0.414692 0.467389 0.283253 0.311724 0.267229 0.309394 0.562228 0.278871 0.271424 0.317450 0.511281 0.354961 0.266847 0.453966 0.541325 0.494360 0.293844 0.417584 0.330989 0.395148 0.426494 0.326487 0.598458 0.319607 0.366089 0.261595 0.263825 0.460374 0.624449 0.312270 0.322103 0.339954 0.334181 0.327573 0.390597 0.296622 0.393614 0.229438 0.302907
0.314849 0.324179 0.300009 0.320016 0.245650 0.295246 0.299337 0.329844 0.408423 0.387005 0.269855 0.234451 0.277881 0.412295 0.547142 0.373614 0.424078 0.389897 0.000000 0.324789 0.427420 0.421703 0.227934 0.347647 0.350113 0.281704 0.267799 0.293643 0.328874 0.441661 0.269720 0.259376 0.241800 0.524081 0.383431 0.234179 0.440934 0.586909 0.422464 0.333957 0.398604 0.326428 0.309091 0.370026 0.308050 0.454203 0.281078 0.259958 0.314199 0.290815 0.416740 0.457766 0.297681 0.284645 0.371459 0.261141 0.287010 0.404701 0.242809 0.393007 0.233257 0.285796
0.144958 0.191939 0.154893 0.169709 0.100130 0.190091 0.213995 0.174501 0.203505 0.244863 0.134433 0.130101 0.117098 0.275747 0.191910 0.198546 0.178065 0.288779 0.000000 0.169518 0.233840 0.232816 0.137910 0.213863 0.195984 0.162939 0.155393 0.171466 0.173051 0.222840 0.167853 0.112261 0.162702 0.217273 0.188152 0.101263 0.194397 0.257371 0.211230 0.190301 0.223204 0.169070 0.201834 0.190384 0.098785 0.308587 0.111150 0.197914 0.124526 0.162176 0.160353 0.232856 0.159552 0.145885 0.212019 0.115052 0.149592 0.298492 0.143425 0.178407 0.111072 0.168021
0.301927 0.244111 0.217686 0.289295 0.219815 0.244523 0.253278 0.207714 0.328437 0.276114 0.259990 0.209837 0.216301 0.285217 0.496297 0.380017 0.340887 0.246894 0.000000 0.218659 0.412698 0.373898 0.177432 0.311665 0.359167 0.228736 0.219190 0.225038 0.266196 0.426187 0.191262 0.182368 0.238474 0.464056 0.289261 0.214663 0.339847 0.444921 0.453956 0.245811 0.357544 0.258668 0.284829 0.311137 0.284447 0.420958 0.252410 0.283177 0.206037 0.187904 0.402240 0.461323 0.277710 0.242437 0.280548 0.234987 0.288364 0.267421 0.252749 0.334768 0.178866 0.211274
0.351983 0.338452 0.229518 0.345898 0.218391 0.264026 0.297650 0.246484 0.414538 0.296769 0.330341 0.261458 0.239521 0.325601 0.455999 0.463110 0.347624 0.353021 0.000000 0.260610 0.404318 0.386285 0.218058 0.321624 0.421682 0.276745 0.242784 0.245185 0.287106 0.491268 0.263775 0.253504 0.243676 0.412989 0.270549 0.271650 0.371733 0.434101 0.382695 0.224753 0.383992 0.294024 0.348936 0.342827 0.274581 0.537162 0.276900 0.341434 0.226101 0.248006 0.392950 0.539466 0.284526 0.274180 0.266650 0.299302 0.253888 0.354727 0.250339 0.397828 0.201302 0.268162
0.296502 0.248472 0.242296 0.278434 0.207868 0.216199 0.219598 0.231202 0.325497 0.269644 0.231576 0.201179 0.206714 0.272305 0.537297 0.338674 0.335971 0.239329 0.000000 0.247883 0.440714 0.374248 0.204469 0.321644 0.354705 0.222936 0.215705 0.233117 0.250082 0.391512 0.204090 0.238486 0.217744 0.473688 0.276186 0.213001 0.347787 0.497421 0.431178 0.308183 0.342432 0.233230 0.281983 0.321808 0.332391 0.418427 0.273151 0.209211 0.239621 0.233590 0.404538 0.454072 0.269300 0.258752 0.290370 0.222864 0.219967 0.302385 0.225097 0.319109 0.203699 0.222698
0.299497 0.349280 0.282354 0.287781 0.218838 0.267728 0.276391 0.309584 0.343432 0.376436 0.265015 0.225146 0.218963 0.401066 0.427855 0.369052 0.302776 0.434225 0.000000 0.275914 0.350790 0.407122 0.216776 0.295736 0.350597 0.301198 0.237295 0.328940 0.254723 0.360947 0.246912 0.259568 0.275909 0.409767 0.333786 0.184065 0.343708 0.433366 0.390457 0.273889 0.343778 0.330355 0.338525 0.325832 0.223860 0.434470 0.236776 0.305386 0.253083 0.278164 0.359804 0.440493 0.278146 0.244753 0.354317 0.236891 0.275455 0.388046 0.256267 0.335913 0.173713 0.280023
0.346323 0.350016 0.268941 0.328326 0.250621 0.265458 0.258866 0.286637 0.416024 0.321582 0.332332 0.266216 0.259072 0.340714 0.568551 0.455627 0.395708 0.342962 0.000000 0.282541 0.493676 0.424698 0.236618 0.376043 0.449106 0.269443 0.254853 0.219948 0.309378 0.530369 0.274913 0.253497 0.295007 0.456678 0.270707 0.266820 0.406558 0.476360 0.426357 0.279273 0.398852 0.299516 0.356992 0.350927 0.310438 0.535565 0.303923 0.342458 0.236628 0.252425 0.420479 0.569407 0.312312 0.262618 0.305998 0.298783 0.275697 0.334242 0.267883 0.386441 0.237772 0.274367
0.209143 0.271802 0.172179 0.183158 0.139556 0.189008 0.209141 0.226114 0.219099 0.273223 0.153733 0.174977 0.161511 0.281144 0.254011 0.237191 0.178207 0.323052 0.000000 0.175528 0.238333 0.256461 0.128500 0.212022 0.224103 0.204477 0.145857 0.179025 0.169398 0.218779 0.215730 0.182322 0.209786 0.288906 0.272173 0.148043 0.279609 0.293517 0.243941 0.199389 0.239443 0.209123 0.229851 0.255574 0.171766 0.310539 0.111880 0.163471 0.201920 0.179747 0.229032 0.241705 0.185928 0.160390 0.254444 0.187645 0.188567 0.269463 0.170508 0.187921 0.134858 0.185077
0.269930 0.255157 0.198628 0.270429 0.207712 0.183625 0.180107 0.200099 0.347336 0.202905 0.226917 0.215459 0.249109 0.196930 0.470742 0.345623 0.331707 0.172095 0.000000 0.205591 0.423433 0.324791 0.184710 0.293316 0.339392 0.189345 0.195614 0.168347 0.266333 0.388657 0.218687 0.200292 0.173223 0.403293 0.256018 0.211783 0.389212 0.401163 0.386098 0.231786 0.363509 0.206311 0.270612 0.277410 0.318088 0.402080 0.248692 0.264943 0.198630 0.169424 0.363076 0.400840 0.260989 0.206217 0.201640 0.217704 0.212260 0.274329 0.186824 0.309741 0.187634 0.220214
0.297088 0.303181 0.231084 0.326845 0.182217 0.286604 0.301967 0.208066 0.382596 0.300343 0.259142 0.261806 0.204050 0.301310 0.498492 0.423865 0.374454 0.337529 0.000000 0.273620 0.440021 0.383788 0.213526 0.329349 0.383224 0.249181 0.233462 0.204295 0.278081 0.480351 0.277421 0.241404 0.265876 0.455790 0.272128 0.270958 0.343876 0.452056 0.372841 0.243476 0.357578 0.286978 0.319453 0.341841 0.295317 0.523143 0.262394 0.231166 0.214467 0.239689 0.377597 0.513680 0.267787 0.276207 0.280091 0.254755 0.238230 0.363898 0.248415 0.304132 0.224762 0.241254
0.316847 0.355793 0.263134 0.305907 0.225651 0.269032 0.301718 0.313989 0.352810 0.383110 0.282130 0.233547 0.214343 0.412763 0.432728 0.379562 0.332588 0.481668 0.000000 0.280215 0.337658 0.407402 0.225499 0.296583 0.356398 0.327567 0.257992 0.324257 0.285809 0.396789 0.257451 0.255366 0.287279 0.428659 0.349071 0.233860 0.363739 0.463279 0.379781 0.260957 0.358748 0.342155 0.353340 0.330097 0.232390 0.445764 0.256062 0.307484 0.267435 0.276191 0.385572 0.468384 0.277316 0.253170 0.360794 0.258036 0.281103 0.387963 0.248219 0.358901 0.186911 0.279030
0.360414 0.303023 0.271367 0.288853 0.248489 0.253355 0.254108 0.314786 0.409200 0.325123 0.295797 0.242732 0.260795 0.292581 0.530423 0.411064 0.368801 0.328110 0.000000 0.300750 0.461502 0.423448 0.227576 0.404828 0.405222 0.281110 0.278573 0.239095 0.333809 0.446006 0.247729 0.268347 0.248911 0.481378 0.348490 0.230507 0.456547 0.532378 0.430354 0.287327 0.392174 0.273976 0.334817 0.358430 0.305135 0.525530 0.297820 0.282339 0.256489 0.237932 0.406322 0.513713 0.289832 0.276811 0.319778 0.284397 0.298638 0.324281 0.260431 0.400226 0.241540 0.255892
0.316984 0.306913 0.250872 0.333416 0.203751 0.233880 0.225029 0.242302 0.398866 0.279713 0.287584 0.263601 0.241484 0.296567 0.511829 0.443153 0.359271 0.286542 0.000000 0.254967 0.449479 0.406192 0.206986 0.335596 0.447617 0.245093 0.246147 0.206265 0.273112 0.493034 0.242034 0.246745 0.275503 0.419680 0.272698 0.250745 0.350552 0.398255 0.387570 0.239863 0.354869 0.246563 0.360210 0.342838 0.292621 0.541274 0.285173 0.339746 0.191224 0.241951 0.400011 0.557655 0.271524 0.276025 0.259696 0.298404 0.263196 0.289514 0.234462 0.360349 0.189994 0.252834
0.239509 0.254285 0.228499 0.230016 0.148892 0.199813 0.226904 0.269300 0.249935 0.347758 0.151988 0.179094 0.196223 0.329299 0.316030 0.288890 0.257844 0.410642 0.000000 0.230248 0.261851 0.350261 0.187706 0.254018 0.247937 0.272688 0.230610 0.269321 0.226006 0.280110 0.200727 0.227743 0.222347 0.337515 0.296823 0.156251 0.321899 0.338032 0.292703 0.204221 0.251188 0.269872 0.251123 0.240398 0.157854 0.347634 0.148627 0.235459 0.217605 0.194999 0.261337 0.346187 0.173445 0.190353 0.311293 0.170071 0.223500 0.315391 0.197537 0.244857 0.144109 0.236521
0.184543 0.245187 0.168833 0.170391 0.145920 0.152204 0.159117 0.278921 0.257904 0.256363 0.184261 0.160288 0.145452 0.270545 0.311764 0.247535 0.212439 0.303661 0.000000 0.221189 0.244701 0.264412 0.185539 0.224303 0.238561 0.214109 0.180850 0.221510 0.197429 0.233185 0.191646 0.133937 0.178137 0.267954 0.224349 0.164956 0.268198 0.332780 0.264233 0.209748 0.242375 0.211482 0.289492 0.196632 0.151328 0.287340 0.191452 0.195979 0.176079 0.177880 0.251010 0.291662 0.191872 0.167945 0.254030 0.163404 0.160199 0.259930 0.141356 0.237160 0.125853 0.177524
0.212268 0.295174 0.198800 0.193353 0.170501 0.189501 0.200713 0.272362 0.262292 0.262780 0.211409 0.138594 0.209059 0.302798 0.299092 0.252053 0.246984 0.394671 0.000000 0.275397 0.223925 0.305613 0.175272 0.215389 0.274418 0.264367 0.236481 0.240642 0.222494 0.252618 0.185770 0.202692 0.194805 0.299780 0.309236 0.180247 0.309952 0.344390 0.292182 0.170632 0.242027 0.238827 0.286406 0.269648 0.136734 0.333362 0.179751 0.233401 0.204059 0.202348 0.295861 0.325708 0.183079 0.203097 0.272366 0.196934 0.213428 0.278006 0.163884 0.247333 0.139684 0.233272
0.259615 0.237500 0.155015 0.247785 0.163589 0.193405 0.199661 0.201664 0.367619 0.259695 0.237880 0.184287 0.189670 0.210202 0.347701 0.326781 0.263785 0.204020 0.000000 0.195418 0.342247 0.282732 0.121527 0.282644 0.329349 0.153020 0.184744 0.141050 0.238799 0.389886 0.229098 0.166550 0.142824 0.279962 0.176941 0.197106 0.282490 0.323385 0.289177 0.148463 0.266169 0.204062 0.268283 0.208331 0.187785 0.389419 0.177099 0.266556 0.130753 0.167886 0.238442 0.388991 0.219900 0.177841 0.190694 0.218423 0.180870 0.241907 0.151647 0.303887 0.128150 0.212765
0.284811 0.264180 0.198656 0.252870 0.180370 0.194872 0.206917 0.192669 0.326147 0.216451 0.290292 0.232875 0.187023 0.208333 0.395063 0.379079 0.265592 0.240258 0.000000 0.177755 0.366035 0.327852 0.186649 0.298516 0.386587 0.221869 0.179574 0.162345 0.209328 0.451604 0.214838 0.209390 0.238454 0.321015 0.159084 0.250540 0.286489 0.314126 0.346593 0.170242 0.312272 0.224333 0.313856 0.257517 0.249974 0.478552 0.242363 0.312884 0.155975 0.162306 0.318691 0.507633 0.237537 0.237412 0.197491 0.279171 0.207032 0.250046 0.223698 0.296008 0.175219 0.213387
0.255697 0.195618 0.140000 0.215480 0.119555 0.145990 0.203574 0.161903 0.229489 0.217686 0.152512 0.113555 0.102145 0.269401 0.265062 0.225764 0.194615 0.224354 0.000000 0.190511 0.242058 0.246971 0.101452 0.183244 0.209758 0.212309 0.128795 0.178642 0.213855 0.240315 0.142853 0.116368 0.176580 0.254176 0.159699 0.123869 0.210570 0.291656 0.233862 0.169188 0.239698 0.202576 0.207871 0.176920 0.166460 0.278688 0.176980 0.184735 0.160859 0.172171 0.239576 0.254998 0.228027 0.139373 0.212528 0.132900 0.139908 0.257720 0.147608 0.172354 0.108289 0.211830
0.300159 0.357757 0.269848 0.309899 0.234083 0.278081 0.298675 0.307307 0.359370 0.371299 0.271110 0.233022 0.225770 0.412378 0.438250 0.373965 0.345980 0.486732 0.000000 0.276077 0.343965 0.404619 0.232167 0.295893 0.356772 0.316540 0.264711 0.317140 0.279980 0.400179 0.268098 0.257241 0.279805 0.440769 0.356754 0.230304 0.354010 0.468504 0.373426 0.274644 0.354645 0.344178 0.356796 0.333939 0.233806 0.459618 0.245871 0.308015 0.267811 0.276228 0.387376 0.452837 0.279334 0.255718 0.362792 0.255148 0.292382 0.389106 0.253296 0.354181 0.190808 0.279837
0.255177 0.253903 0.215184 0.216995 0.178428 0.202384 0.233633 0.244332 0.242241 0.311844 0.175220 0.151320 0.161523 0.352373 0.311020 0.272118 0.251107 0.342218 0.000000 0.189802 0.289068 0.249791 0.189958 0.274183 0.236660 0.193970 0.176688 0.224874 0.196965 0.290293 0.170473 0.145193 0.244019 0.313557 0.245643 0.138066 0.251492 0.319886 0.298183 0.234276 0.297616 0.242346 0.217187 0.268919 0.156673 0.344614 0.203929 0.249078 0.195532 0.167068 0.245526 0.305856 0.209968 0.149858 0.297977 0.156966 0.242566 0.349566 0.185836 0.211886 0.171917 0.204328
0.310558 0.357583 0.298137 0.321669 0.257958 0.294623 0.311878 0.322424 0.413583 0.364358 0.275948 0.229723 0.289908 0.442228 0.560109 0.378820 0.440270 0.405797 0.000000 0.335402 0.416220 0.435337 0.219842 0.327502 0.378077 0.285531 0.283631 0.306683 0.339136 0.437972 0.251941 0.268276 0.266558 0.520734 0.423879 0.229870 0.447007 0.573384 0.474739 0.327768 0.414707 0.325694 0.315869 0.409303 0.317194 0.449477 0.306146 0.276517 0.304696 0.321719 0.451549 0.454552 0.316481 0.277153 0.368355 0.264313 0.294715 0.428643 0.256773 0.381434 0.243231 0.312980
0.300420 0.276689 0.265935 0.264542 0.232441 0.208001 0.209250 0.254561 0.357659 0.280707 0.254232 0.215665 0.216629 0.305573 0.498371 0.324296 0.376229 0.258282 0.000000 0.242440 0.368077 0.359285 0.180450 0.299229 0.307714 0.206618 0.229996 0.226798 0.302573 0.400081 0.230107 0.219852 0.185759 0.472706 0.312117 0.187678 0.411130 0.511085 0.371648 0.275880 0.363818 0.252781 0.244638 0.300699 0.300632 0.360428 0.265583 0.236615 0.254293 0.251559 0.354369 0.395370 0.279694 0.216372 0.271268 0.210074 0.235847 0.293324 0.217911 0.341993 0.208357 0.253982
0.295304 0.296493 0.216693 0.260525 0.191303 0.212346 0.220251 0.192361 0.321906 0.238813 0.275511 0.222903 0.217907 0.246163 0.413345 0.408052 0.287145 0.268475 0.000000 0.203074 0.366655 0.338068 0.193587 0.296432 0.371001 0.224455 0.220282 0.186266 0.217431 0.436947 0.198836 0.205537 0.238237 0.327242 0.208664 0.212528 0.310387 0.321564 0.368861 0.176680 0.321643 0.239576 0.316209 0.282053 0.232013 0.461166 0.238456 0.326505 0.166432 0.177712 0.336279 0.499400 0.218662 0.213288 0.209506 0.245427 0.239393 0.277600 0.218746 0.303002 0.176378 0.245216
0.226563 0.260190 0.218630 0.284132 0.197615 0.222365 0.206026 0.217954 0.359161 0.251056 0.221862 0.200617 0.219965 0.223186 0.424049 0.308525 0.327416 0.205339 0.000000 0.216302 0.410225 0.314303 0.169507 0.303593 0.314884 0.178949 0.164642 0.190528 0.250730 0.363137 0.231869 0.202813 0.163827 0.416095 0.295898 0.179577 0.351840 0.465532 0.362604 0.248638 0.342451 0.245434 0.268901 0.263105 0.286488 0.385667 0.239636 0.216610 0.217951 0.195129 0.316676 0.349126 0.248223 0.209788 0.196723 0.245811 0.217890 0.324911 0.192632 0.388582 0.189664 0.181966
0.322566 0.362366 0.321391 0.352512 0.256578 0.315514 0.338528 0.304772 0.443575 0.398136 0.274095 0.241410 0.287542 0.464074 0.551795 0.416231 0.462620 0.432971 0.000000 0.336976 0.448483 0.442863 0.245517 0.336724 0.386517 0.296409 0.287059 0.271748 0.323287 0.478677 0.279420 0.274888 0.276446 0.540855 0.424984 0.248456 0.454018 0.559968 0.450197 0.346094 0.435387 0.341765 0.340079 0.435140 0.330719 0.513724 0.316480 0.308864 0.308428 0.299640 0.439296 0.485325 0.342236 0.295735 0.371051 0.274804 0.297456 0.486224 0.248817 0.385762 0.256318 0.326067
0.262072 0.261801 0.226680 0.277103 0.202087 0.192564 0.258684 0.185389 0.313444 0.308101 0.192123 0.175278 0.227154 0.290207 0.471999 0.329958 0.346673 0.307263 0.000000 0.244198 0.393539 0.322432 0.182914 0.334281 0.304813 0.227170 0.229600 0.187985 0.256458 0.385904 0.203109 0.188158 0.194596 0.428595 0.297247 0.183317 0.298919 0.393487 0.368052 0.256244 0.298710 0.247741 0.229163 0.306921 0.275762 0.409557 0.227486 0.247396 0.211615 0.208951 0.339087 0.406830 0.214257 0.195523 0.286110 0.230818 0.262111 0.324642 0.191011 0.298997 0.184110 0.233993
0.247596 0.289573 0.233918 0.280534 0.225568 0.252898 0.299087 0.242982 0.358183 0.268278 0.223947 0.181811 0.244581 0.359069 0.441242 0.348371 0.354317 0.306161 0.000000 0.263214 0.360195 0.331885 0.193732 0.299324 0.329182 0.233736 0.231295 0.226603 0.271327 0.373324 0.205389 0.197371 0.174868 0.426806 0.323364 0.207523 0.359635 0.505211 0.406590 0.290458 0.367237 0.266897 0.270609 0.338168 0.314128 0.383202 0.259089 0.201298 0.241510 0.252164 0.364376 0.359961 0.286710 0.266616 0.239035 0.218399 0.236978 0.363106 0.198868 0.327335 0.199642 0.234459
0.324713 0.270671 0.226463 0.300487 0.235920 0.214144 0.263716 0.240989 0.315973 0.294767 0.268908 0.194435 0.202492 0.326403 0.495305 0.377612 0.325212 0.260949 0.000000 0.213726 0.364135 0.385186 0.180640 0.281994 0.354039 0.234754 0.210469 0.237580 0.251829 0.430031 0.181190 0.217095 0.250620 0.455227 0.267341 0.186178 0.381261 0.504529 0.412343 0.265617 0.338873 0.270639 0.276099 0.328178 0.285295 0.376352 0.283080 0.273207 0.252186 0.262793 0.412398 0.474887 0.322890 0.225977 0.265132 0.236928 0.249415 0.317917 0.237428 0.303211 0.174820 0.253219
0.178222 0.276923 0.158055 0.209454 0.137439 0.170842 0.230141 0.208891 0.262468 0.257229 0.162051 0.110392 0.144837 0.357757 0.282749 0.241979 0.234951 0.318041 0.000000 0.210099 0.241589 0.236646 0.114604 0.188743 0.222674 0.203990 0.162158 0.155173 0.186285 0.227809 0.141507 0.137767 0.167423 0.226825 0.172389 0.130936 0.213293 0.291704 0.226973 0.169695 0.219138 0.225899 0.164836 0.250086 0.160282 0.277384 0.172508 0.142413 0.188831 0.207280 0.218513 0.218290 0.193274 0.141411 0.234251 0.190366 0.138138 0.284440 0.129140 0.203655 0.165506 0.172841
0.192681 0.186386 0.205151 0.157572 0.158298 0.156439 0.115404 0.177960 0.182232 0.185762 0.212086 0.171619 0.178787 0.212108 0.373569 0.243391 0.227290 0.217484 0.000000 0.168697 0.262767 0.286179 0.140683 0.191688 0.272960 0.169950 0.181909 0.185926 0.138049 0.318856 0.176875 0.167772 0.163914 0.306315 0.195559 0.139516 0.202497 0.282779 0.303273 0.176521 0.180802 0.170341 0.264299 0.226916 0.204556 0.287858 0.156704 0.217918 0.142128 0.159419 0.300017 0.369439 0.179627 0.178584 0.239313 0.133633 0.192285 0.195960 0.187711 0.169243 0.127405 0.181033
0.277607 0.334759 0.266399 0.323412 0.246913 0.290840 0.284489 0.226287 0.370790 0.296864 0.293827 0.247026 0.218664 0.341497 0.537046 0.380273 0.374577 0.336934 0.000000 0.277949 0.434116 0.402935 0.240094 0.345462 0.373887 0.252504 0.251610 0.243730 0.286975 0.463284 0.245850 0.216357 0.268539 0.503714 0.292790 0.268883 0.333514 0.515736 0.493138 0.265126 0.383458 0.280226 0.332592 0.320261 0.336394 0.496957 0.288409 0.276945 0.241772 0.268340 0.421231 0.472969 0.304420 0.300589 0.264460 0.280902 0.269654 0.371175 0.259870 0.349757 0.216120 0.262253
0.295935 0.291253 0.227443 0.320009 0.222428 0.217002 0.230061 0.241923 0.347858 0.285132 0.214282 0.196153 0.225469 0.272413 0.519419 0.349530 0.365068 0.269005 0.000000 0.297002 0.448650 0.357950 0.196902 0.326859 0.345778 0.216092 0.232221 0.233620 0.316013 0.367959 0.204688 0.200992 0.219656 0.467795 0.311356 0.189965 0.345790 0.476016 0.410389 0.249419 0.343802 0.245649 0.267669 0.304744 0.284169 0.412387 0.276211 0.208682 0.217460 0.257800 0.373259 0.403355 0.273742 0.197960 0.281835 0.217775 0.246868 0.303433 0.227431 0.324347 0.200905 0.230417
0.395503 0.433357 0.359562 0.417267 0.318864 0.362660 0.368142 0.361055 0.516650 0.421458 0.383535 0.325698 0.349533 0.475858 0.646986 0.548264 0.508278 0.477081 6.761402 0.381526 0.551019 0.532710 0.304856 0.437331 0.516982 0.351889 0.337645 0.317452 0.364948 0.604316 0.330443 0.322628 0.344537 0.583120 0.421251 0.322731 0.501885 0.634536 0.540437 0.358067 0.505361 0.399722 0.442788 0.473015 0.386965 0.659966 0.379421 0.393570 0.321974 0.337464 0.526926 0.656321 0.379401 0.372655 0.390033 0.372670 0.353793 0.485089 0.322025 0.479027 0.283747 0.342309
0.213601 0.239707 0.210428 0.265313 0.194563 0.209169 0.206254 0.223901 0.261519 0.233382 0.230019 0.168043 0.213725 0.287552 0.452328 0.305701 0.297519 0.263729 0.000000 0.221887 0.353403 0.343278 0.156142 0.259697 0.330759 0.196517 0.207325 0.196440 0.243180 0.379472 0.150332 0.222607 0.191255 0.389298 0.246407 0.163255 0.286610 0.378312 0.341224 0.222372 0.277134 0.251777 0.226487 0.320500 0.238187 0.322789 0.219836 0.230523 0.204541 0.234011 0.339842 0.402574 0.247055 0.199279 0.217041 0.219886 0.221905 0.251008 0.207419 0.276625 0.126335 0.248838
0.251566 0.183905 0.112208 0.184093 0.120282 0.169800 0.161343 0.144643 0.274534 0.179212 0.190622 0.149958 0.129679 0.181043 0.322524 0.289111 0.211883 0.171407 0.000000 0.166773 0.332498 0.233767 0.128118 0.250607 0.265796 0.148539 0.135699 0.146097 0.177372 0.320767 0.178085 0.158088 0.144334 0.250759 0.160777 0.147442 0.204275 0.287905 0.249164 0.209024 0.240289 0.181097 0.277577 0.220165 0.178537 0.360477 0.224355 0.195448 0.130175 0.170620 0.246690 0.354781 0.201859 0.149703 0.211280 0.181008 0.165016 0.252979 0.110392 0.207362 0.130446 0.140853
0.273281 0.322878 0.255429 0.303689 0.227757 0.298140 0.307932 0.230431 0.377377 0.346957 0.247879 0.217628 0.234305 0.400432 0.465611 0.363396 0.362282 0.345797 0.000000 0.308575 0.407647 0.360717 0.199260 0.299916 0.328023 0.243291 0.216707 0.247880 0.261668 0.411306 0.262466 0.223389 0.216494 0.426145 0.335712 0.221032 0.322943 0.474356 0.353639 0.297636 0.371980 0.315223 0.279918 0.330795 0.293401 0.420484 0.261725 0.228981 0.253850 0.282939 0.358877 0.414733 0.277016 0.260395 0.305419 0.228268 0.239036 0.411858 0.196451 0.326532 0.193883 0.240632
0.249515 0.234315 0.205669 0.238791 0.194805 0.205199 0.206781 0.217275 0.316586 0.245096 0.174066 0.178643 0.181905 0.307497 0.398325 0.278609 0.284341 0.240391 0.000000 0.219670 0.339700 0.314269 0.127394 0.281460 0.279357 0.166445 0.227893 0.242140 0.278035 0.293304 0.205347 0.162536 0.160653 0.376610 0.305969 0.126849 0.291190 0.401205 0.365474 0.262650 0.301182 0.193752 0.214783 0.289561 0.221292 0.367093 0.222706 0.191943 0.197607 0.205561 0.301129 0.263145 0.228263 0.170045 0.258464 0.196045 0.243957 0.284513 0.192448 0.298903 0.154807 0.214293
0.341508 0.400338 0.316060 0.353909 0.293572 0.299365 0.285000 0.353716 0.452000 0.356174 0.335264 0.274538 0.308662 0.401418 0.566008 0.431374 0.427059 0.374885 0.000000 0.328835 0.499523 0.455903 0.260001 0.384358 0.433959 0.289751 0.274592 0.273865 0.336503 0.492650 0.285112 0.288750 0.288111 0.489314 0.358694 0.255919 0.440008 0.539638 0.486679 0.323744 0.448125 0.322252 0.414299 0.395377 0.324165 0.549122 0.349079 0.329157 0.294453 0.292885 0.453890 0.523532 0.341034 0.285454 0.349989 0.332741 0.320603 0.402659 0.271733 0.424479 0.243374 0.317564
0.374882 0.352481 0.325855 0.373268 0.289931 0.311690 0.313013 0.330833 0.454368 0.374345 0.328833 0.306796 0.324296 0.388462 0.584120 0.515721 0.447562 0.406021 1.937590 0.332609 0.505093 0.492734 0.279893 0.428291 0.467968 0.305308 0.320295 0.271129 0.328929 0.564208 0.282482 0.286835 0.324191 0.530462 0.362465 0.296035 0.463573 0.567658 0.508248 0.324438 0.444825 0.340628 0.410486 0.422471 0.340366 0.636202 0.338130 0.362933 0.271070 0.267356 0.478655 0.618379 0.327246 0.345595 0.356270 0.348207 0.344148 0.397269 0.299307 0.420885 0.254010 0.296512
0.322002 0.285279 0.247521 0.268698 0.249750 0.255347 0.287143 0.246904 0.327920 0.308742 0.317400 0.227588 0.249784 0.317455 0.515730 0.409092 0.316845 0.279214 0.000000 0.247027 0.388468 0.370472 0.210318 0.319256 0.371399 0.242496 0.221036 0.278004 0.267499 0.443279 0.206482 0.216037 0.246283 0.419745 0.308022 0.205528 0.343910 0.457018 0.444208 0.263501 0.409709 0.287579 0.323384 0.337635 0.274742 0.427976 0.276515 0.326854 0.224445 0.242677 0.409388 0.499863 0.292511 0.232536 0.292568 0.218617 0.287217 0.341115 0.233100 0.332029 0.167747 0.258678
0.197865 0.247898 0.198303 0.181954 0.183341 0.180872 0.207115 0.174824 0.243687 0.247243 0.206680 0.105752 0.176927 0.318096 0.362112 0.238801 0.254848 0.268764 0.000000 0.147815 0.317970 0.292307 0.139947 0.200331 0.277925 0.190502 0.158361 0.147913 0.172077 0.307185 0.172281 0.188907 0.179460 0.297752 0.223770 0.145708 0.245833 0.281821 0.300534 0.157515 0.253370 0.195844 0.177235 0.271133 0.220174 0.272582 0.178930 0.230903 0.206108 0.188319 0.255156 0.333924 0.200601 0.132109 0.219729 0.190379 0.183436 0.271710 0.139372 0.223945 0.131079 0.243180
0.189375 0.281142 0.178338 0.225262 0.173980 0.241280 0.264482 0.207198 0.264436 0.252855 0.205053 0.193013 0.206378 0.347877 0.221565 0.289355 0.246892 0.371174 0.000000 0.232441 0.223718 0.256656 0.177557 0.185347 0.245102 0.204193 0.210904 0.208375 0.183132 0.272182 0.214375 0.177709 0.158786 0.214712 0.268884 0.154341 0.244613 0.295861 0.180956 0.205073 0.290110 0.263643 0.244677 0.287263 0.143104 0.352994 0.189025 0.208109 0.171310 0.196697 0.238270 0.270895 0.194528 0.194490 0.225005 0.182906 0.174324 0.371031 0.143158 0.239562 0.128283 0.185298
0.354792 0.337961 0.284681 0.329384 0.232009 0.253421 0.271917 0.274877 0.408068 0.343690 0.294884 0.282119 0.286272 0.332402 0.479142 0.453029 0.378060 0.339733 0.000000 0.263112 0.398022 0.409394 0.226189 0.341075 0.400974 0.268860 0.233302 0.260483 0.264614 0.481941 0.250808 0.244143 0.276231 0.424891 0.303991 0.235983 0.412854 0.443960 0.410153 0.243657 0.383451 0.305333 0.341964 0.358669 0.290792 0.531726 0.260985 0.355566 0.231424 0.239576 0.399644 0.539967 0.283411 0.301700 0.315689 0.308719 0.279329 0.351474 0.246634 0.367377 0.211368 0.257502
0.243053 0.258839 0.222498 0.233670 0.182574 0.210386 0.267991 0.193676 0.256562 0.312856 0.205058 0.180121 0.208615 0.342398 0.378765 0.330136 0.278140 0.340063 0.000000 0.232249 0.294255 0.307762 0.177834 0.239731 0.282704 0.228142 0.191066 0.189362 0.201808 0.336686 0.180018 0.123657 0.234344 0.334195 0.242455 0.191014 0.257589 0.343643 0.321047 0.209552 0.317971 0.258349 0.285510 0.300076 0.218056 0.354152 0.192952 0.230875 0.178352 0.186904 0.298065 0.362485 0.248757 0.222328 0.280057 0.181576 0.220221 0.320332 0.173223 0.187214 0.138220 0.240895
0.260486 0.305243 0.273411 0.279584 0.227934 0.300727 0.308865 0.238139 0.335872 0.347871 0.240327 0.181971 0.256272 0.412381 0.461527 0.334184 0.372551 0.365876 0.000000 0.305516 0.373592 0.351284 0.195467 0.261463 0.307607 0.263862 0.224099 0.227313 0.263157 0.385840 0.217602 0.225025 0.227292 0.418734 0.346398 0.217261 0.351532 0.484527 0.328176 0.296402 0.379365 0.308658 0.261442 0.340370 0.278236 0.380944 0.254907 0.217717 0.266414 0.264365 0.360585 0.396001 0.270945 0.254019 0.307301 0.207898 0.242925 0.397523 0.187770 0.318147 0.196598 0.258248
0.248678 0.235938 0.246761 0.271898 0.222075 0.230492 0.250331 0.205442 0.271786 0.296938 0.199651 0.183266 0.235543 0.273306 0.447193 0.306555 0.310766 0.243235 0.000000 0.191721 0.387187 0.295767 0.177812 0.315760 0.306989 0.174376 0.190544 0.194033 0.216861 0.399538 0.177798 0.196295 0.217721 0.412912 0.297985 0.163865 0.301673 0.438757 0.367489 0.247025 0.311340 0.236321 0.222528 0.312521 0.255432 0.374922 0.204980 0.250067 0.214927 0.202906 0.336943 0.418746 0.229423 0.197457 0.233849 0.196142 0.255453 0.337992 0.199513 0.276290 0.173403 0.206388
0.347509 0.346503 0.262630 0.378518 0.240255 0.271325 0.293045 0.318155 0.467944 0.355234 0.306421 0.292037 0.274038 0.355607 0.470766 0.477131 0.382060 0.378494 0.000000 0.304053 0.442499 0.424314 0.235048 0.349295 0.425200 0.283040 0.258957 0.257856 0.309126 0.481449 0.291640 0.248111 0.279987 0.430805 0.313028 0.247000 0.411704 0.516479 0.379592 0.271195 0.394067 0.318026 0.401400 0.348287 0.289055 0.574375 0.297371 0.307399 0.229448 0.266196 0.392064 0.528946 0.318464 0.279139 0.307293 0.320959 0.274876 0.391130 0.262514 0.429497 0.222735 0.248719
0.260204 0.273638 0.225991 0.229297 0.164839 0.225306 0.216492 0.223710 0.278862 0.317588 0.169573 0.187122 0.153956 0.356622 0.311225 0.297991 0.260870 0.336374 0.000000 0.188782 0.290531 0.301475 0.207335 0.255013 0.269229 0.236050 0.207530 0.257226 0.176187 0.309966 0.202146 0.197574 0.247674 0.277471 0.256060 0.165886 0.263746 0.302791 0.306018 0.233549 0.296602 0.267599 0.270114 0.261294 0.162283 0.376108 0.233744 0.282168 0.221518 0.195742 0.298826 0.356183 0.202764 0.172414 0.305070 0.180856 0.228086 0.375752 0.170625 0.244391 0.191592 0.205546
0.187164 0.228040 0.224125 0.224355 0.194939 0.242417 0.260498 0.185132 0.258459 0.192488 0.162443 0.114915 0.228753 0.303179 0.364927 0.237973 0.289335 0.291853 0.000000 0.213154 0.277282 0.289744 0.160546 0.222972 0.258919 0.163509 0.191832 0.153245 0.190893 0.324325 0.149553 0.220484 0.161713 0.357673 0.259229 0.181131 0.267381 0.431105 0.303127 0.212959 0.269929 0.216631 0.171651 0.292141 0.248516 0.367762 0.182486 0.160225 0.217914 0.206424 0.319372 0.297940 0.195300 0.238181 0.203923 0.211608 0.189052 0.308741 0.177837 0.240627 0.217733 0.194481
