0.549777 0.425 0.473837 0.428788 0.337237 0.378866 0.538318 0.510092 0.460725 0.388795 0.591579 0.380682 0.386555 0.467949 0.506527 0.382609 0.525773 0.507317 0.4475 0.305913 0.5 0.481343 0.467532 0.498943 0.42623 0.534934 0.521368 0.523605 0.465257 0.517751 0.488372 0.455587 0.404 0.386486 
0.502703 0.508738 0.457711 0.504348 0.558974 0.508906 0.509804 0.50823 0.372 0.451404 0.405117 0.388235 0.359223 0.449115 0.513109 0.493261 0.557292 0.375912 0.463768 0.401496 0.42236 0.483173 0.407018 0.417526 0.443686 0.451282 0.424242 0.398406 0.348993 0.338645 0.48 0.425926 0.436709 0.431452 
0.457082 0.414634 0.413395 0.454135 0.388889 0.47205 0.419847 0.360231 0.450088 0.416526 0.430088 0.327824 0.40604 0.416667 0.343832 0.4 0.382743 0.397291 0.497768 0.48722 0.329114 0.429257 0.367769 0.362573 0.424084 0.360714 0.417241 0.451613 0.390244 0.455505 0.380165 0.461404 0.366667 0.42268 
0.491379 0.378556 0.487282 0.330317 0.416905 0.329154 0.368421 0.400243 0.357616 0.453649 0.393939 0.278607 0.474627 0.476821 0.397291 0.433107 0.448473 0.304854 0.332288 0.397959 0.495868 0.500879 0.458886 0.415584 0.462659 0.37046 0.492569 0.401274 0.443478 0.438878 0.367021 0.419204 0.31203 0.388128 
0.429091 0.475149 0.412109 0.494071 0.232068 0.183223 0.32816 0.290878 0.397037 0.238663 0.208651 0.488 0.367781 0.43804 0.31811 0.298995 0.32287 0.4811 0.443103 0.484979 0.315011 0.477583 0.406522 0.364341 0.343173 0.339506 0.48951 0.422269 0.408922 0.195804 0.472454 0.35014 0.250916 0.489157 
0.439063 0.379471 0.303621 0.385057 0.188053 0.19469 0.283828 0.352442 0.366876 0.215889 0.231707 0.223684 0.4334 0.412308 0.274359 0.348485 0.434442 0.320611 0.278802 0.318862 0.475751 0.363861 0.320463 0.409664 0.247756 0.417943 0.265823 0.333333 0.400697 0.292308 0.366995 0.380435 0.368421 0.309659 
0.554562 0.317965 0.21564 0.219457 0.395062 0.414216 0.452252 0.378973 0.218232 0.414462 0.427215 0.303226 0.515873 0.579767 0.256785 0.321637 0.277523 0.338078 0.520833 0.523077 0.501129 0.408964 0.313253 0.334601 0.491166 0.509677 0.434903 0.517857 0.338384 0.450617 0.321577 0.496203 0.351464 0.534682 
0.466165 0.411058 0.521053 0.429175 0.398074 0.434859 0.397403 0.337047 0.462264 0.315098 0.354286 0.363409 0.446089 0.460285 0.426357 0.431034 0.437811 0.414508 0.394402 0.3825 0.427365 0.423295 0.285285 0.328244 0.322727 0.465116 0.480287 0.444149 0.383094 0.315385 0.452323 0.455696 0.48494 0.404082 
0.351724 0.452525 0.369863 0.39961 0.437848 0.399522 0.398734 0.347594 0.359756 0.419417 0.468983 0.413174 0.48951 0.405594 0.395939 0.387755 0.466867 0.490722 0.279874 0.309417 0.449612 0.453307 0.444717 0.391129 0.383803 0.326772 0.385075 0.332402 0.434903 0.412903 0.392727 0.367788 0.418251 0.227027 
0.43553 0.480597 0.441501 0.451389 0.388889 0.490385 0.451613 0.472222 0.42807 0.389744 0.330909 0.425532 0.45122 0.343396 0.487097 0.427586 0.372308 0.45614 0.485795 0.414791 0.273438 0.468647 0.330645 0.360759 0.371841 0.396104 0.351515 0.432373 0.367347 0.396226 0.536913 0.319149 0.477541 0.455975 
0.379085 0.424947 0.475845 0.420784 0.408451 0.317808 0.238683 0.232258 0.396893 0.279039 0.25436 0.34104 0.256623 0.23516 0.208437 0.382353 0.472727 0.418367 0.450939 0.304042 0.325714 0.22542 0.39961 0.403226 0.32872 0.416949 0.49569 0.282878 0.297907 0.205298 0.302752 0.281124 0.382046 0.309609 
0.381898 0.539007 0.552066 0.334096 0.544228 0.51586 0.459098 0.274945 0.301802 0.402827 0.311793 0.388 0.420188 0.26087 0.538961 0.347938 0.553991 0.525926 0.532313 0.516364 0.324937 0.497854 0.329545 0.326633 0.37747 0.577265 0.463636 0.346801 0.359184 0.304498 0.404332 0.513064 0.387755 0.537445 
0.392197 0.40393 0.49026 0.275789 0.471248 0.444293 0.252809 0.249406 0.357294 0.396252 0.283186 0.388278 0.418824 0.395034 0.32244 0.408654 0.393939 0.200495 0.407809 0.455526 0.260163 0.337979 0.321862 0.524138 0.415842 0.486085 0.303777 0.378713 0.389662 0.368664 0.391129 0.38189 0.427293 0.384428 
0.562874 0.473373 0.608782 0.46789 0.494915 0.566292 0.4825 0.576613 0.489614 0.449231 0.559701 0.412863 0.567568 0.4869 0.501873 0.572491 0.372414 0.459941 0.549107 0.519231 0.413386 0.457143 0.514019 0.447876 0.57971 0.449393 0.575269 0.390244 0.470852 0.47541 0.49226 0.501992 0.550847 0.424 
0.395604 0.530556 0.584388 0.619342 0.469256 0.636119 0.527027 0.574675 0.555556 0.571429 0.557471 0.52815 0.534296 0.494709 0.642276 0.633898 0.445378 0.329114 0.517426 0.472803 0.463722 0.513761 0.365854 0.449612 0.609694 0.579096 0.444915 0.525424 0.614699 0.552632 0.406844 0.51495 0.476395 0.538462 
0.567164 0.503289 0.588235 0.532915 0.654501 0.471311 0.52551 0.616114 0.640244 0.412017 0.569767 0.64094 0.48 0.552189 0.655172 0.583106 0.581325 0.390863 0.5375 0.50813 0.579755 0.377778 0.570048 0.565598 0.427083 0.342342 0.388646 0.391753 0.54067 0.659155 0.606918 0.360656 0.611486 0.563934 
0.467192 0.465546 0.478324 0.365439 0.241742 0.195067 0.200883 0.399068 0.431677 0.313146 0.268443 0.233564 0.210797 0.322388 0.493671 0.5 0.249531 0.412811 0.364026 0.36811 0.308642 0.460674 0.317829 0.260989 0.403226 0.374031 0.468966 0.288026 0.319444 0.345304 0.397412 0.25 0.505837 0.468828 
0.524887 0.4811 0.477752 0.485465 0.504367 0.42097 0.439394 0.50253 0.39851 0.552339 0.403599 0.293785 0.328321 0.487713 0.558252 0.522673 0.59292 0.503975 0.551084 0.525 0.490654 0.362963 0.35545 0.545833 0.511886 0.571721 0.525126 0.55773 0.509589 0.418994 0.295337 0.432331 0.5875 0.639053 
0.346614 0.527439 0.566449 0.555172 0.477816 0.643432 0.516484 0.501767 0.694595 0.521912 0.66205 0.457031 0.485185 0.516216 0.649402 0.654286 0.615942 0.630027 0.315068 0.39916 0.5961 0.578182 0.4 0.619048 0.433036 0.325581 0.608108 0.682864 0.399209 0.583618 0.446494 0.367347 0.540816 0.618557 
0.564846 0.495074 0.504983 0.396694 0.487941 0.557471 0.447761 0.398754 0.486381 0.471366 0.495146 0.459559 0.538603 0.488024 0.475524 0.579592 0.416438 0.320197 0.361345 0.368132 0.390476 0.461783 0.425703 0.553977 0.477124 0.268608 0.562147 0.447761 0.536278 0.492857 0.437888 0.490251 0.435835 0.388186 
0.344203 0.52439 0.498747 0.542907 0.535176 0.510324 0.468085 0.495495 0.605852 0.61295 0.636538 0.560694 0.528736 0.466049 0.590062 0.483101 0.49505 0.469697 0.490617 0.525959 0.510972 0.606436 0.589226 0.545205 0.517341 0.399371 0.556522 0.439863 0.625641 0.463415 0.576471 0.536885 0.579646 0.459877 
0.428835 0.408163 0.532225 0.508527 0.454386 0.366242 0.47027 0.317003 0.560825 0.386935 0.521379 0.462322 0.424508 0.453649 0.515351 0.400631 0.413793 0.350333 0.433234 0.313531 0.336032 0.558209 0.531915 0.304965 0.42577 0.4 0.364162 0.272997 0.493197 0.536437 0.404181 0.312644 0.444795 0.472813 
0.530744 0.618449 0.502674 0.438163 0.370892 0.48855 0.585294 0.485246 0.597015 0.532915 0.570755 0.440613 0.525896 0.362832 0.511166 0.286385 0.501718 0.333333 0.568493 0.586294 0.541353 0.563574 0.293839 0.582375 0.313636 0.594872 0.558935 0.403448 0.244681 0.462151 0.587302 0.503623 0.448598 0.346457 
0.425676 0.571429 0.503632 0.459215 0.501502 0.536013 0.590051 0.583794 0.517672 0.543599 0.548753 0.487544 0.518519 0.491639 0.562802 0.521277 0.491228 0.5 0.460111 0.526205 0.323144 0.501292 0.540793 0.3861 0.503896 0.456897 0.367257 0.516949 0.452941 0.364486 0.429412 0.517426 0.54717 0.543119 
0.388081 0.34858 0.423671 0.486405 0.450763 0.407733 0.366972 0.415225 0.381423 0.376384 0.47432 0.426768 0.437762 0.361111 0.263514 0.301961 0.421053 0.356061 0.475104 0.456876 0.477541 0.460784 0.481752 0.268595 0.392789 0.311295 0.30038 0.549223 0.420635 0.474006 0.22381 0.266968 0.326877 0.354232 
0.44519 0.43633 0.379147 0.441919 0.414201 0.416013 0.399399 0.459677 0.395147 0.472868 0.440181 0.412245 0.415335 0.386364 0.251969 0.336516 0.478648 0.522337 0.5 0.518987 0.491003 0.353261 0.401261 0.5058 0.358025 0.355649 0.458658 0.27907 0.372159 0.561265 0.350685 0.318713 0.435252 0.325 
0.593824 0.613592 0.515789 0.473214 0.43131 0.568401 0.553738 0.506083 0.532567 0.501779 0.546713 0.475694 0.437276 0.635556 0.596421 0.533333 0.354839 0.510363 0.579602 0.379205 0.563953 0.538653 0.525952 0.498141 0.416327 0.508403 0.341564 0.378505 0.564972 0.520286 0.588732 0.591549 0.458484 0.333333 
0.418367 0.538721 0.494949 0.55516 0.509375 0.491525 0.467347 0.554636 0.528265 0.552511 0.39557 0.565875 0.548611 0.492958 0.40367 0.442231 0.440613 0.538941 0.381818 0.305556 0.552941 0.52551 0.465789 0.514667 0.428894 0.402542 0.369347 0.449692 0.448753 0.507901 0.440273 0.508065 0.425876 0.411765 
0.506818 0.555294 0.527778 0.485507 0.485714 0.525268 0.587896 0.527322 0.652278 0.560144 0.618399 0.576837 0.481159 0.592715 0.447368 0.548673 0.596491 0.4 0.55643 0.619632 0.615217 0.526786 0.556136 0.505085 0.441441 0.487226 0.44898 0.429577 0.47234 0.559322 0.518302 0.42284 0.453725 0.560976 
0.528571 0.529058 0.506993 0.38676 0.528455 0.478261 0.519174 0.492823 0.519531 0.464029 0.456835 0.567265 0.422794 0.564899 0.516411 0.418919 0.37931 0.402273 0.498575 0.425466 0.497222 0.53012 0.349282 0.509025 0.540462 0.506053 0.341584 0.393162 0.2375 0.489097 0.435811 0.438819 0.576577 0.477212 
0.337748 0.448052 0.452514 0.411458 0.452514 0.43281 0.38539 0.522167 0.533225 0.434705 0.522863 0.397015 0.489837 0.493761 0.357664 0.431772 0.444785 0.459839 0.349398 0.469957 0.448 0.341463 0.466042 0.365729 0.504 0.441358 0.477327 0.28754 0.347973 0.325 0.304075 0.395349 0.267658 0.480978 
0.358974 0.476654 0.452906 0.410765 0.37766 0.438003 0.466667 0.432381 0.415225 0.495833 0.448718 0.479839 0.490625 0.484979 0.425606 0.407104 0.478992 0.52356 0.448071 0.314371 0.365957 0.381963 0.425352 0.482436 0.423221 0.371179 0.494172 0.420849 0.464744 0.403183 0.440541 0.456693 0.431472 0.38255 
0.381818 0.496259 0.522727 0.523529 0.529046 0.534328 0.476489 0.493243 0.578261 0.516291 0.572559 0.574324 0.466667 0.462295 0.522968 0.529817 0.507317 0.543424 0.562201 0.347826 0.395349 0.583893 0.409894 0.471698 0.562827 0.56778 0.457672 0.498208 0.425439 0.569307 0.427711 0.546174 0.493151 0.424528 
0.491304 0.610577 0.589532 0.494774 0.604336 0.52459 0.521866 0.577778 0.504065 0.607046 0.575843 0.576271 0.626039 0.538983 0.561224 0.449761 0.375 0.530612 0.560748 0.565574 0.572614 0.399015 0.590164 0.478927 0.578014 0.46114 0.5 0.562044 0.6 0.448276 0.393204 0.557692 0.54321 0.410628 
