0.105748 0.126556 0.208323 0.102245 0.111071 0.077600 0.192245 0.107326 0.173182 0.180758 0.117979 0.136205 0.173313 0.175355 0.117112 0.126403 0.071578 0.082073 0.117748 0.142264 0.101900 0.082201 0.130242 0.118651 0.132712 0.032800 0.165207 0.145696 0.127591 0.036753 0.094967 0.163827 0.074548 0.123342 0.080412 0.137749 0.158159 0.131716 0.142331 0.116042
0.109996 0.109927 0.147922 0.144489 0.042631 0.081702 0.125017 0.119704 0.119496 0.099399 0.109597 0.064662 0.065063 0.116535 0.038407 0.110022 0.077971 0.057453 0.057248 0.023281 0.134772 0.059979 0.084619 0.104015 0.106709 0.058960 0.107752 0.099205 0.155140 0.049870 0.053869 0.050711 0.076995 0.142177 0.078926 0.155713 0.082530 0.133222 0.129384 0.089972
0.130183 0.063915 0.227329 0.193593 0.207830 0.098755 0.229504 0.131762 0.211766 0.227230 0.200025 0.170976 0.169221 0.187067 0.170988 0.058788 0.128142 0.103066 0.103346 0.131001 0.056815 0.104547 0.185254 0.135272 0.197312 0.125677 0.159614 0.118719 0.160993 0.108192 0.162373 0.154159 0.129339 0.139440 0.080308 0.147699 0.116899 0.159514 0.098896 0.110776
0.169421 0.113973 0.244933 0.234128 0.258573 0.122231 0.239616 0.190867 0.195997 0.247564 0.252868 0.146927 0.219928 0.271568 0.214263 0.129853 0.143523 0.130232 0.151690 0.171676 0.094660 0.138376 0.188611 0.208199 0.186145 0.111275 0.168904 0.188878 0.212189 0.104416 0.191647 0.200067 0.158419 0.165181 0.128580 0.220633 0.127506 0.204727 0.171227 0.167547
0.160745 0.111588 0.289764 0.232188 0.207718 0.130907 0.264291 0.186704 0.263561 0.226974 0.220664 0.182022 0.223244 0.190639 0.184710 0.143034 0.188778 0.168907 0.188283 0.158627 0.135214 0.113250 0.179661 0.185645 0.187107 0.131253 0.200847 0.153366 0.240901 0.119270 0.231858 0.186559 0.125207 0.176052 0.148234 0.230844 0.139193 0.165711 0.155406 0.141135
0.165012 0.141331 0.220491 0.207117 0.143940 0.155769 0.233513 0.169876 0.184938 0.178152 0.240119 0.175557 0.189410 0.216450 0.133356 0.141756 0.129349 0.136933 0.088727 0.109904 0.138581 0.107185 0.186901 0.197237 0.174143 0.069116 0.119956 0.125179 0.185360 0.127497 0.129155 0.162743 0.130496 0.186618 0.136769 0.254585 0.111367 0.159864 0.163880 0.141968
0.178861 0.073401 0.215337 0.164248 0.156187 0.073832 0.213709 0.215385 0.179361 0.221714 0.207705 0.107122 0.170742 0.249125 0.153000 0.093861 0.137074 0.119089 0.200746 0.110386 0.121033 0.163668 0.155173 0.175909 0.158690 0.107557 0.151944 0.153932 0.197102 0.089317 0.147189 0.198369 0.083814 0.140419 0.136850 0.213974 0.126182 0.146497 0.176409 0.129926
0.200586 0.104268 0.210873 0.177522 0.139647 0.081515 0.205014 0.234271 0.182012 0.241537 0.119326 0.123467 0.128581 0.140603 0.112565 0.155063 0.093865 0.137729 0.192868 0.114037 0.172559 0.147128 0.144616 0.150953 0.164794 0.123615 0.164260 0.167028 0.221018 0.098871 0.191052 0.181831 0.071546 0.159808 0.154412 0.201445 0.119082 0.130045 0.226259 0.175866
0.206023 0.113648 0.240724 0.270874 0.191827 0.123583 0.250691 0.221761 0.224156 0.238124 0.188844 0.166105 0.187730 0.181869 0.160996 0.176774 0.120560 0.149211 0.182092 0.120026 0.165408 0.152026 0.173244 0.186394 0.197017 0.136351 0.141984 0.203003 0.253460 0.110177 0.222105 0.168333 0.120308 0.169081 0.149202 0.260696 0.104371 0.136489 0.189406 0.135081
0.171354 0.097691 0.242118 0.213372 0.182278 0.122207 0.242571 0.188331 0.186895 0.217751 0.188060 0.172777 0.155655 0.246714 0.217683 0.103738 0.118810 0.121799 0.147999 0.139929 0.117370 0.146452 0.146089 0.170015 0.155311 0.055019 0.143687 0.147206 0.243470 0.091848 0.129592 0.144510 0.126458 0.180720 0.085592 0.153318 0.147078 0.191761 0.124767 0.179945
0.201229 0.145467 0.251678 0.208440 0.195522 0.152995 0.278041 0.199596 0.205178 0.207834 0.300937 0.168774 0.246171 0.278352 0.161525 0.138605 0.176303 0.127398 0.158264 0.147362 0.092533 0.146512 0.223624 0.263465 0.207266 0.086685 0.203672 0.184612 0.184229 0.131548 0.146151 0.204252 0.150583 0.155850 0.154848 0.265196 0.142923 0.201526 0.171029 0.123047
0.209627 0.099132 0.298634 0.220421 0.217261 0.142677 0.271086 0.181292 0.234878 0.244252 0.242503 0.152166 0.207159 0.223403 0.165369 0.139703 0.159245 0.177983 0.174259 0.128716 0.146159 0.141567 0.165427 0.183979 0.218397 0.139720 0.159256 0.158981 0.213158 0.150900 0.221096 0.179282 0.152494 0.154191 0.114411 0.226185 0.128563 0.141084 0.166296 0.175942
0.174723 0.068284 0.209214 0.165081 0.230348 0.132983 0.204673 0.173398 0.184346 0.187215 0.243817 0.138137 0.213532 0.194381 0.158605 0.105615 0.135598 0.127978 0.106955 0.105006 0.104143 0.102987 0.226638 0.160545 0.189273 0.097187 0.140635 0.118067 0.168719 0.123311 0.164951 0.139083 0.148283 0.181193 0.050412 0.174978 0.136910 0.201530 0.139923 0.129770
0.203747 0.122996 0.247528 0.200792 0.192683 0.119563 0.261582 0.215991 0.219638 0.232015 0.279823 0.157151 0.256492 0.281252 0.178721 0.144329 0.147425 0.129030 0.139833 0.147426 0.102261 0.143843 0.197412 0.258896 0.192166 0.093578 0.189931 0.192927 0.189421 0.140286 0.138627 0.192440 0.140504 0.163377 0.129114 0.256043 0.155387 0.199594 0.160398 0.139058
0.157149 0.088128 0.191787 0.150110 0.163060 0.054040 0.160767 0.219314 0.134007 0.200989 0.111588 0.130856 0.123216 0.140654 0.095248 0.174521 0.065241 0.165111 0.167920 0.133980 0.193010 0.083846 0.121183 0.115906 0.072814 0.094043 0.142490 0.142776 0.180336 0.073172 0.221888 0.135861 0.110715 0.099643 0.127991 0.165915 0.066064 0.067149 0.173327 0.186722
0.137665 0.071231 0.186483 0.217610 0.132447 0.057861 0.128494 0.198799 0.140952 0.229756 0.071993 0.132432 0.070455 0.115387 0.149649 0.146580 0.048404 0.107770 0.187789 0.118156 0.147330 0.067641 0.120158 0.097055 0.091200 0.129627 0.136554 0.118135 0.219749 0.058689 0.169683 0.148044 0.077693 0.164330 0.148514 0.172043 0.096748 0.148248 0.235959 0.112689
0.196357 0.115135 0.216661 0.190648 0.210861 0.133626 0.201486 0.230194 0.134072 0.210264 0.215481 0.120619 0.124102 0.219911 0.127972 0.103491 0.153769 0.114621 0.135950 0.150676 0.112014 0.127123 0.175270 0.237097 0.143312 0.117676 0.183917 0.144830 0.236140 0.088122 0.152648 0.149709 0.134102 0.138665 0.193969 0.264007 0.081910 0.183866 0.166031 0.158944
0.188606 0.137778 0.298101 0.234963 0.261508 0.135469 0.214995 0.260366 0.211713 0.253549 0.183854 0.176364 0.174566 0.192181 0.199126 0.210679 0.153161 0.166916 0.210904 0.153523 0.209171 0.115613 0.209895 0.173502 0.169561 0.163887 0.179025 0.182519 0.242084 0.104626 0.258589 0.156305 0.164493 0.195255 0.149673 0.274985 0.112853 0.145720 0.142260 0.237593
0.176339 0.062023 0.181320 0.237626 0.162202 0.103451 0.197045 0.201913 0.129467 0.218762 0.148318 0.109322 0.109053 0.138046 0.193431 0.166098 0.086607 0.137911 0.153963 0.120070 0.132042 0.140873 0.135539 0.133084 0.111555 0.089786 0.100513 0.144273 0.209441 0.115840 0.143838 0.130496 0.114550 0.138880 0.141301 0.174574 0.117218 0.090833 0.191217 0.167536
0.200119 0.095986 0.178136 0.175747 0.163979 0.087737 0.162781 0.226620 0.142070 0.226215 0.091801 0.095797 0.075961 0.118339 0.121076 0.166049 0.077919 0.155750 0.161096 0.139291 0.186683 0.125942 0.090596 0.111919 0.097935 0.098949 0.143578 0.173139 0.242598 0.061658 0.195878 0.130566 0.112078 0.142956 0.159301 0.200503 0.103624 0.113590 0.238743 0.221617
0.139860 0.134057 0.199938 0.149061 0.106863 0.069105 0.149382 0.208038 0.123033 0.179316 0.122054 0.115859 0.136945 0.143073 0.120858 0.121439 0.084403 0.077985 0.121933 0.098961 0.158900 0.075157 0.128236 0.157698 0.081280 0.086088 0.139497 0.116839 0.151214 0.068862 0.141732 0.097308 0.056474 0.148577 0.181616 0.212178 0.088386 0.104344 0.144309 0.159194
0.174479 0.099180 0.223267 0.185962 0.213519 0.115439 0.261075 0.185856 0.185208 0.262092 0.140089 0.127889 0.142841 0.207034 0.172464 0.099556 0.107651 0.185089 0.147124 0.159646 0.101960 0.139357 0.165384 0.145114 0.170899 0.162864 0.186160 0.122649 0.236674 0.110116 0.172753 0.162686 0.137503 0.136397 0.165835 0.258181 0.123856 0.163552 0.173341 0.208821
0.164401 0.119995 0.200158 0.207389 0.159842 0.123119 0.238177 0.173054 0.199282 0.174220 0.239539 0.143519 0.185157 0.189862 0.143629 0.140264 0.114204 0.104950 0.125886 0.109318 0.074012 0.112285 0.182061 0.195633 0.209320 0.082344 0.153332 0.132424 0.167873 0.144697 0.174084 0.169788 0.124611 0.143629 0.112045 0.196332 0.136728 0.161013 0.114563 0.109566
0.190098 0.144179 0.212076 0.158474 0.152482 0.142870 0.175184 0.185966 0.158027 0.165139 0.236755 0.110874 0.143449 0.222347 0.109187 0.121156 0.147539 0.108679 0.123074 0.139144 0.089133 0.116021 0.167643 0.226640 0.145741 0.099374 0.203453 0.171021 0.155299 0.107402 0.114775 0.167411 0.129904 0.119218 0.189455 0.254285 0.104490 0.150359 0.177241 0.161829
0.130285 0.116503 0.220195 0.125419 0.153984 0.075950 0.141877 0.178524 0.162696 0.168685 0.138257 0.089737 0.185307 0.145936 0.113932 0.097160 0.094192 0.094521 0.105359 0.133470 0.128507 0.083299 0.107397 0.119080 0.122019 0.071706 0.154657 0.152636 0.086222 0.044547 0.166171 0.096159 0.129145 0.080911 0.117042 0.195498 0.141818 0.144462 0.134959 0.138464
0.142012 0.103428 0.284986 0.204999 0.201196 0.107660 0.241277 0.184098 0.231611 0.233301 0.191620 0.142737 0.172835 0.182096 0.156265 0.164433 0.119149 0.103213 0.166945 0.116329 0.123328 0.113882 0.155841 0.193853 0.192313 0.086376 0.147816 0.143295 0.199338 0.133334 0.169207 0.169864 0.136228 0.167426 0.089051 0.168590 0.122227 0.163532 0.149703 0.134302
0.157740 0.079375 0.190569 0.141733 0.100093 0.100905 0.142946 0.207308 0.140662 0.193830 0.098283 0.093517 0.023467 0.076514 0.094051 0.154411 0.062290 0.123757 0.135029 0.106496 0.184800 0.076090 0.060879 0.129560 0.083594 0.100655 0.131950 0.113351 0.237381 0.085213 0.150690 0.090665 0.087186 0.152797 0.124924 0.132386 0.108359 0.118928 0.217483 0.184920
0.178124 0.038214 0.109218 0.145678 0.077120 0.051385 0.136953 0.213641 0.097678 0.176655 0.115385 0.130157 0.084368 0.090787 0.104950 0.113716 0.055493 0.120148 0.136071 0.108305 0.198569 0.057727 0.146954 0.103953 0.109428 0.111371 0.122864 0.137799 0.191554 0.071350 0.187683 0.118296 0.094109 0.134147 0.123082 0.175674 0.092998 0.098535 0.187177 0.132595
0.164416 0.090472 0.192997 0.159561 0.133893 0.064820 0.114886 0.230142 0.131210 0.227537 0.113393 0.102361 0.103453 0.154989 0.091087 0.149597 0.071605 0.140296 0.128801 0.116965 0.178951 0.099371 0.115787 0.151117 0.097892 0.123116 0.193811 0.144402 0.199927 0.066963 0.175715 0.139552 0.128025 0.145854 0.171895 0.193081 0.079774 0.100535 0.222209 0.223429
0.186068 0.105301 0.184933 0.172835 0.157225 0.134851 0.233724 0.139603 0.193167 0.154001 0.243425 0.145706 0.171530 0.198735 0.124524 0.106865 0.123385 0.127498 0.122856 0.093899 0.082812 0.130626 0.180683 0.187933 0.205714 0.060133 0.135711 0.143418 0.153187 0.111648 0.140172 0.163057 0.116681 0.146009 0.106624 0.162637 0.113263 0.140519 0.106283 0.108129
0.066802 0.011220 0.111301 0.131698 0.099153 0.048701 0.077622 0.111377 0.074660 0.147221 0.089892 0.099895 0.060876 0.068462 0.092688 0.092048 0.042016 0.023818 0.065088 0.043144 0.121545 0.013203 0.093962 0.108894 0.071419 0.068884 0.070502 0.075087 0.140879 0.037629 0.085045 0.009932 0.106320 0.130679 0.028898 0.105046 0.035025 0.141373 0.082317 0.021247
0.142993 0.116197 0.214675 0.185486 0.198593 0.130967 0.227647 0.177717 0.146936 0.234238 0.228176 0.133309 0.165194 0.198786 0.212628 0.137315 0.133965 0.097360 0.140790 0.128080 0.108343 0.097261 0.163222 0.220188 0.152569 0.068813 0.125411 0.135689 0.204063 0.121613 0.168942 0.149959 0.127413 0.166949 0.139515 0.183966 0.119452 0.155968 0.115802 0.161211
0.168528 0.130083 0.223178 0.173520 0.138104 0.121097 0.208809 0.220701 0.160849 0.188616 0.192309 0.150406 0.136504 0.204798 0.135324 0.143700 0.139293 0.110340 0.106142 0.114743 0.175044 0.067180 0.197261 0.166664 0.152918 0.148679 0.176793 0.138463 0.212182 0.077832 0.131423 0.126239 0.086993 0.203655 0.174333 0.299454 0.109940 0.171048 0.214114 0.136118
0.197262 0.075127 0.247340 0.190093 0.179595 0.075465 0.189125 0.257758 0.140252 0.250785 0.168582 0.126112 0.131975 0.195586 0.118646 0.118094 0.135124 0.146089 0.157631 0.124630 0.175088 0.129674 0.127284 0.190333 0.124037 0.144818 0.207492 0.124795 0.193256 0.096227 0.175737 0.149329 0.125209 0.111216 0.155165 0.244983 0.109049 0.165026 0.171454 0.210458
0.222788 0.096948 0.223134 0.178135 0.187042 0.130375 0.179253 0.236883 0.206072 0.162809 0.243320 0.124808 0.128743 0.281989 0.108066 0.127485 0.135492 0.122629 0.159634 0.125999 0.084560 0.144814 0.097225 0.175984 0.170143 0.071168 0.185893 0.140579 0.148279 0.075496 0.169917 0.156113 0.128722 0.089785 0.091607 0.223011 0.139675 0.144447 0.168791 0.177125
0.184546 0.150010 0.251282 0.183201 0.137566 0.126729 0.231108 0.211188 0.181644 0.208609 0.235413 0.145547 0.183795 0.249076 0.119935 0.131482 0.156587 0.112003 0.101140 0.154650 0.123684 0.101934 0.186527 0.212547 0.183592 0.104472 0.198951 0.181059 0.161656 0.107482 0.116946 0.191298 0.118577 0.148789 0.190130 0.288005 0.149049 0.177946 0.207544 0.188319
0.168299 0.058788 0.164675 0.140476 0.138588 0.080681 0.164136 0.207744 0.130710 0.146190 0.107672 0.076692 0.056269 0.113428 0.092660 0.127241 0.083589 0.093193 0.182852 0.108792 0.116755 0.114185 0.094498 0.076564 0.144081 0.091742 0.086554 0.104664 0.184885 0.028202 0.196997 0.117069 0.030947 0.089234 0.091689 0.137759 0.112400 0.101362 0.222095 0.100837
0.116978 0.097071 0.149159 0.150735 0.136399 0.057891 0.117205 0.198060 0.119275 0.184001 0.141130 0.098483 0.121917 0.167552 0.103048 0.113140 0.118556 0.074914 0.097295 0.080798 0.152864 0.136352 0.145238 0.167966 0.138765 0.086099 0.131574 0.207275 0.154595 0.072629 0.147245 0.105236 0.118835 0.142943 0.055120 0.156387 0.053826 0.129456 0.131576 0.170949
0.208193 0.094834 0.180920 0.137926 0.153619 0.106074 0.151745 0.206000 0.144258 0.176427 0.097193 0.075081 0.118284 0.156053 0.124625 0.160730 0.034547 0.162583 0.189189 0.157825 0.144287 0.127240 0.094325 0.095791 0.077796 0.063830 0.147048 0.141623 0.216916 0.087165 0.166297 0.170689 0.118023 0.104497 0.168133 0.217663 0.136317 0.101462 0.190906 0.228939
0.179622 0.152359 0.243580 0.189711 0.232135 0.133857 0.192670 0.238725 0.144977 0.150289 0.168926 0.094051 0.134726 0.167057 0.121372 0.154624 0.121278 0.171236 0.134908 0.147771 0.162150 0.122244 0.183266 0.187816 0.153445 0.115238 0.147991 0.183782 0.208855 0.097705 0.193799 0.141850 0.134645 0.114322 0.182280 0.289259 0.085534 0.164530 0.099585 0.193529
