0.102719 0.122152 0.201069 0.099210 0.107030 0.074912 0.185418 0.104392 0.167186 0.174643 0.114207 0.131566 0.167467 0.169262 0.112719 0.122465 0.069129 0.079087 0.114081 0.136987 0.098867 0.079845 0.126127 0.115040 0.128016 0.031992 0.160162 0.141196 0.123805 0.035550 0.091741 0.158547 0.071751 0.119529 0.078003 0.133728 0.152598 0.127349 0.137883 0.111951
0.106765 0.106414 0.143389 0.140090 0.041807 0.079073 0.121595 0.116316 0.116107 0.096739 0.106552 0.062946 0.063565 0.113270 0.037265 0.106588 0.075897 0.055757 0.055839 0.022826 0.130650 0.058425 0.082437 0.101218 0.103707 0.057234 0.104569 0.096430 0.150261 0.048322 0.052646 0.049475 0.074667 0.137594 0.076341 0.150947 0.080029 0.128961 0.125366 0.087191
0.126587 0.062010 0.219764 0.187571 0.200926 0.095511 0.221677 0.128273 0.204894 0.219765 0.193789 0.165230 0.163414 0.180827 0.165068 0.057445 0.123883 0.099443 0.100376 0.126472 0.055366 0.101509 0.179411 0.131406 0.190706 0.121703 0.154862 0.115320 0.156292 0.104727 0.157091 0.149397 0.124957 0.135244 0.078098 0.143524 0.112978 0.154322 0.096019 0.107221
0.164594 0.110410 0.236895 0.226495 0.249917 0.118397 0.231602 0.185281 0.189844 0.239342 0.244946 0.142118 0.212784 0.262659 0.206944 0.125922 0.138779 0.125967 0.147102 0.165969 0.091941 0.134038 0.182838 0.201752 0.180103 0.107950 0.163788 0.182935 0.205656 0.101100 0.185637 0.193781 0.153199 0.160097 0.124863 0.214115 0.123346 0.198098 0.165910 0.162007
0.156126 0.107744 0.280192 0.224912 0.200721 0.126298 0.255274 0.180969 0.254762 0.219568 0.213817 0.175797 0.215657 0.184636 0.178142 0.138397 0.182338 0.163040 0.182327 0.153254 0.130830 0.109959 0.174298 0.179826 0.180824 0.127022 0.194653 0.148717 0.233497 0.115285 0.224142 0.180737 0.121040 0.170388 0.143530 0.223839 0.134691 0.160551 0.150641 0.136658
0.159942 0.136738 0.213224 0.200601 0.139497 0.150471 0.225685 0.165053 0.178950 0.172538 0.232691 0.169643 0.183207 0.209360 0.128696 0.137409 0.125241 0.132300 0.086205 0.106074 0.134388 0.104172 0.181058 0.191440 0.168510 0.067123 0.116410 0.121542 0.179621 0.123313 0.125241 0.157693 0.126159 0.180703 0.132491 0.246615 0.107514 0.154608 0.158701 0.137185
0.173391 0.071525 0.209082 0.159536 0.151801 0.071839 0.207074 0.208883 0.174275 0.214731 0.201347 0.103972 0.165601 0.241530 0.148352 0.091147 0.133022 0.115434 0.194513 0.107295 0.117347 0.158465 0.150595 0.170552 0.154053 0.104416 0.147194 0.149239 0.191316 0.086399 0.143098 0.192193 0.081461 0.136268 0.132832 0.207771 0.122248 0.142295 0.171187 0.125950
0.194112 0.100927 0.204305 0.171963 0.135635 0.079043 0.198561 0.226841 0.176508 0.233792 0.115857 0.119629 0.124764 0.136532 0.109015 0.149964 0.091303 0.133208 0.186719 0.110436 0.166825 0.142528 0.140304 0.146327 0.159990 0.119837 0.159109 0.161799 0.213752 0.095535 0.185257 0.176058 0.069459 0.154650 0.149165 0.195180 0.115189 0.126055 0.219000 0.170171
0.199695 0.110107 0.233402 0.262595 0.185881 0.119560 0.242713 0.214875 0.217385 0.230659 0.183223 0.160822 0.181741 0.176570 0.155757 0.171079 0.116949 0.144392 0.176522 0.116368 0.159950 0.147354 0.168087 0.180445 0.190970 0.131939 0.137773 0.196672 0.245589 0.106508 0.215328 0.163275 0.116762 0.163813 0.144347 0.252701 0.101315 0.132607 0.183695 0.131066
0.166032 0.094459 0.233667 0.206303 0.176202 0.118077 0.234015 0.182724 0.180703 0.210239 0.182088 0.166918 0.150307 0.238357 0.209863 0.100489 0.114704 0.117515 0.143418 0.135048 0.113755 0.141838 0.141679 0.164748 0.150095 0.053491 0.139131 0.142406 0.235597 0.088580 0.125550 0.139857 0.122108 0.174747 0.082895 0.148594 0.141958 0.185125 0.120742 0.173641
0.195320 0.141207 0.243859 0.202159 0.189462 0.148266 0.269123 0.193858 0.198940 0.201418 0.291573 0.163502 0.238404 0.269535 0.156183 0.134564 0.170705 0.123369 0.153681 0.142724 0.090099 0.142167 0.216918 0.255466 0.200738 0.084188 0.197586 0.179228 0.178963 0.127388 0.141798 0.198077 0.145898 0.151290 0.150523 0.257493 0.138344 0.195256 0.166046 0.119189
0.203180 0.096080 0.289000 0.213929 0.210226 0.137887 0.261940 0.176020 0.227359 0.236444 0.234959 0.147146 0.200186 0.216301 0.159631 0.135451 0.153956 0.171854 0.168976 0.124420 0.141557 0.137276 0.160512 0.178282 0.211219 0.135151 0.154468 0.154197 0.206757 0.145747 0.214131 0.173784 0.147537 0.149515 0.110922 0.219392 0.124249 0.136803 0.161363 0.170270
0.169779 0.066364 0.202622 0.160221 0.222951 0.128765 0.198008 0.168674 0.178615 0.181380 0.236289 0.133721 0.206413 0.188068 0.153264 0.102750 0.131266 0.123840 0.104002 0.101546 0.101348 0.100125 0.219540 0.156001 0.183134 0.094346 0.136692 0.114783 0.163959 0.119422 0.159905 0.135016 0.143466 0.175760 0.049335 0.170129 0.132473 0.195143 0.135861 0.125816
0.197376 0.119339 0.239636 0.194636 0.186632 0.115746 0.252795 0.209525 0.212823 0.224360 0.270839 0.152052 0.248039 0.272065 0.172710 0.140031 0.142608 0.124574 0.135661 0.142602 0.099234 0.139398 0.191333 0.250654 0.185998 0.090816 0.183965 0.187111 0.183793 0.135511 0.134437 0.186487 0.135833 0.158498 0.125340 0.248410 0.150153 0.193284 0.155544 0.134420
0.151869 0.085133 0.186190 0.145420 0.158080 0.052615 0.155485 0.211966 0.129594 0.194189 0.108129 0.126603 0.119233 0.136305 0.092409 0.168904 0.063262 0.159621 0.162358 0.129755 0.186780 0.081079 0.117675 0.112183 0.070990 0.091260 0.137734 0.138258 0.174458 0.070758 0.214695 0.131466 0.107149 0.096729 0.123734 0.160894 0.063958 0.065452 0.167700 0.180767
0.133486 0.068809 0.180428 0.210318 0.128316 0.056033 0.124545 0.192528 0.136642 0.222319 0.070022 0.128176 0.068400 0.112050 0.144595 0.141519 0.047138 0.104353 0.181736 0.114249 0.142507 0.065725 0.116408 0.094176 0.088578 0.125416 0.132178 0.114422 0.212475 0.056798 0.164243 0.143148 0.075272 0.158798 0.143463 0.166509 0.093606 0.143288 0.228128 0.109128
0.190439 0.111788 0.210225 0.184541 0.204725 0.129662 0.195434 0.223213 0.130274 0.203953 0.209052 0.117052 0.120740 0.213364 0.124088 0.100223 0.149059 0.111179 0.132117 0.146362 0.108828 0.123417 0.170329 0.229928 0.139161 0.114093 0.178117 0.140445 0.229003 0.085438 0.148378 0.145122 0.130136 0.134512 0.188020 0.255781 0.079472 0.178161 0.160970 0.153983
0.182982 0.133225 0.288863 0.227634 0.253080 0.131122 0.208245 0.252132 0.205102 0.245397 0.178373 0.170714 0.168939 0.186526 0.192579 0.203800 0.148207 0.161737 0.204169 0.148885 0.202446 0.112215 0.203647 0.168048 0.164442 0.158615 0.173470 0.176829 0.234465 0.101391 0.250287 0.151578 0.159436 0.188894 0.144866 0.266370 0.109623 0.141437 0.137985 0.230181
0.170341 0.059955 0.175324 0.229443 0.157056 0.099952 0.190359 0.195094 0.125527 0.211276 0.143442 0.105721 0.105457 0.133689 0.186753 0.160368 0.083988 0.133068 0.148850 0.116062 0.127380 0.136075 0.131340 0.128529 0.108170 0.086920 0.097152 0.139335 0.202241 0.111612 0.139286 0.126215 0.110776 0.134304 0.136285 0.168807 0.113169 0.087833 0.184656 0.161663
0.193472 0.092702 0.172376 0.169853 0.158765 0.085035 0.157469 0.219260 0.137639 0.218652 0.089153 0.092870 0.073723 0.114795 0.117108 0.160370 0.075585 0.150541 0.155962 0.134639 0.180389 0.121814 0.088101 0.108289 0.095119 0.095971 0.138932 0.167218 0.234147 0.059498 0.189791 0.126387 0.108391 0.138246 0.153672 0.193955 0.100189 0.109896 0.230887 0.214040
0.135472 0.129570 0.193366 0.144121 0.103710 0.066797 0.144718 0.201559 0.119287 0.173580 0.118453 0.112024 0.132937 0.138766 0.116994 0.117218 0.081974 0.075491 0.118143 0.095840 0.153615 0.073002 0.124277 0.152742 0.079041 0.083445 0.135035 0.113430 0.146169 0.066726 0.137540 0.094228 0.054884 0.143494 0.175634 0.205318 0.085559 0.100970 0.139422 0.154030
0.168706 0.095853 0.215635 0.179812 0.206391 0.111451 0.251828 0.180100 0.178979 0.253141 0.135584 0.123543 0.137839 0.199989 0.166335 0.096391 0.103938 0.178377 0.142526 0.154031 0.098620 0.134777 0.160177 0.140530 0.165163 0.157656 0.180000 0.118746 0.228832 0.106262 0.167112 0.157387 0.132464 0.131951 0.160266 0.249692 0.119241 0.158048 0.167813 0.201339
0.159711 0.116310 0.193895 0.201114 0.154735 0.119144 0.230424 0.168130 0.192985 0.168889 0.232146 0.138926 0.179140 0.183796 0.138699 0.136143 0.110650 0.101454 0.122103 0.105612 0.072109 0.109122 0.176458 0.189913 0.202599 0.079882 0.148886 0.128732 0.162965 0.139993 0.168456 0.164634 0.120528 0.139415 0.108903 0.190670 0.132205 0.155933 0.111302 0.106075
0.184460 0.139947 0.205659 0.153630 0.148540 0.138647 0.170109 0.180517 0.153646 0.160422 0.229717 0.107721 0.139592 0.215818 0.105986 0.117420 0.143154 0.105476 0.119642 0.135196 0.086686 0.112745 0.163060 0.219883 0.141555 0.096480 0.197216 0.165992 0.150728 0.104100 0.111843 0.162388 0.126324 0.115634 0.183755 0.246637 0.101351 0.145816 0.171750 0.156898
0.126755 0.112720 0.212855 0.121587 0.148648 0.073387 0.137133 0.173495 0.157256 0.163215 0.134063 0.086879 0.179425 0.141213 0.110013 0.094354 0.090931 0.091214 0.102456 0.128715 0.124829 0.080979 0.104332 0.115499 0.117722 0.069578 0.150124 0.148256 0.083968 0.043257 0.160772 0.093345 0.124573 0.078798 0.113699 0.189829 0.137060 0.139829 0.130852 0.133711
0.138024 0.100144 0.275719 0.198748 0.194576 0.104089 0.233228 0.178794 0.224127 0.225902 0.185791 0.138053 0.167155 0.176285 0.150912 0.159377 0.115381 0.099722 0.161754 0.112246 0.119679 0.110505 0.151121 0.188137 0.186136 0.083824 0.143519 0.139128 0.193337 0.129110 0.163646 0.164608 0.131768 0.162408 0.086602 0.163820 0.118087 0.158348 0.145122 0.129964
0.152487 0.076628 0.184352 0.137149 0.097349 0.097681 0.138268 0.200681 0.136304 0.187468 0.095395 0.090691 0.022967 0.074480 0.091097 0.149086 0.060522 0.119425 0.130791 0.102930 0.178628 0.073568 0.059444 0.125359 0.081211 0.097555 0.127596 0.109630 0.229284 0.082140 0.146011 0.087752 0.084477 0.147901 0.120394 0.128164 0.104622 0.115153 0.210179 0.178792
0.172404 0.037351 0.106452 0.141378 0.075233 0.050222 0.132808 0.207042 0.094983 0.171131 0.112043 0.126167 0.081861 0.088379 0.101977 0.110266 0.054099 0.116304 0.131965 0.104926 0.192297 0.056067 0.142462 0.100862 0.106295 0.108029 0.119105 0.133347 0.185638 0.068854 0.182056 0.114546 0.091249 0.130273 0.119083 0.170384 0.090143 0.095898 0.181552 0.128607
0.158981 0.087457 0.186861 0.154337 0.129947 0.062939 0.111308 0.222810 0.127247 0.220107 0.110071 0.099216 0.100301 0.150190 0.088376 0.144587 0.069614 0.135497 0.124920 0.113192 0.172954 0.096121 0.112457 0.146246 0.095140 0.119339 0.187462 0.139670 0.193082 0.064716 0.170446 0.135111 0.123925 0.141211 0.165867 0.186754 0.077187 0.097436 0.214922 0.216097
0.180760 0.102153 0.179235 0.167866 0.152403 0.130595 0.226112 0.136025 0.187123 0.149414 0.236050 0.140996 0.165998 0.192371 0.120377 0.104006 0.119575 0.123347 0.119317 0.090795 0.080677 0.126843 0.175164 0.182632 0.199133 0.058561 0.131982 0.139348 0.148909 0.108156 0.135994 0.158216 0.113014 0.141771 0.103726 0.158233 0.109595 0.136248 0.103370 0.104845
0.065052 0.011114 0.108091 0.127619 0.095981 0.047252 0.075553 0.108188 0.072665 0.142573 0.087218 0.096925 0.058988 0.066672 0.089786 0.089275 0.040781 0.023331 0.063383 0.041914 0.117867 0.013054 0.091061 0.105594 0.069320 0.066623 0.068412 0.072882 0.136746 0.036539 0.082331 0.009973 0.102770 0.126715 0.028221 0.101924 0.034241 0.136857 0.080095 0.020950
0.138890 0.112423 0.207621 0.179652 0.191966 0.126609 0.219909 0.172472 0.142185 0.226468 0.220922 0.128885 0.159866 0.192281 0.205320 0.132990 0.129461 0.094128 0.136448 0.123656 0.105206 0.094268 0.158122 0.213275 0.147503 0.066783 0.121555 0.131507 0.197955 0.117639 0.163500 0.145175 0.123138 0.161881 0.135423 0.178435 0.115307 0.150956 0.112366 0.155741
0.163259 0.125820 0.216019 0.168217 0.133927 0.116919 0.202288 0.213823 0.156016 0.182963 0.186517 0.145598 0.132212 0.198566 0.130720 0.138779 0.134849 0.106901 0.103084 0.111263 0.169313 0.065475 0.191180 0.161401 0.148083 0.143838 0.171269 0.134090 0.205443 0.075343 0.127638 0.122441 0.084473 0.196749 0.168594 0.289676 0.106583 0.165727 0.207345 0.131907
0.190667 0.072852 0.239540 0.183870 0.174133 0.073233 0.183123 0.249469 0.136104 0.242457 0.163253 0.122126 0.127781 0.189409 0.114840 0.114334 0.130898 0.141225 0.152758 0.120820 0.169564 0.125427 0.123623 0.184025 0.120388 0.140111 0.200553 0.120798 0.186967 0.092898 0.170354 0.144580 0.121132 0.107745 0.149926 0.237054 0.105465 0.159788 0.165946 0.203362
0.216017 0.093954 0.215985 0.172745 0.181113 0.126226 0.173214 0.229703 0.199503 0.157734 0.235645 0.120802 0.124560 0.272707 0.104442 0.123599 0.130817 0.118643 0.154908 0.121688 0.082425 0.140369 0.094443 0.170502 0.164486 0.069186 0.180138 0.136291 0.144114 0.073100 0.164583 0.151245 0.124458 0.087391 0.089002 0.216329 0.134940 0.139910 0.163620 0.171202
0.178847 0.145272 0.243123 0.177418 0.133281 0.122523 0.223619 0.204844 0.175921 0.202081 0.228081 0.140825 0.178163 0.241075 0.115820 0.127441 0.151401 0.108276 0.098306 0.149489 0.120060 0.099016 0.180889 0.206076 0.177621 0.101322 0.192772 0.175576 0.156806 0.104017 0.113468 0.185285 0.114549 0.144226 0.184279 0.278972 0.144016 0.172204 0.200919 0.181882
0.163294 0.056967 0.159805 0.136300 0.134351 0.078236 0.159211 0.201258 0.126815 0.141936 0.104562 0.074500 0.055000 0.110305 0.089985 0.123014 0.081229 0.090591 0.177179 0.105317 0.113327 0.110724 0.091832 0.074458 0.139783 0.089045 0.084248 0.101462 0.179242 0.027549 0.190792 0.113558 0.030320 0.086673 0.088913 0.133885 0.108990 0.098533 0.214963 0.097896
0.113716 0.094285 0.144867 0.146067 0.132217 0.056456 0.113911 0.191987 0.115976 0.178288 0.137023 0.095566 0.118396 0.162558 0.099765 0.109778 0.114931 0.072997 0.094455 0.078506 0.148310 0.132100 0.141054 0.162779 0.134681 0.083592 0.127613 0.200541 0.149888 0.070386 0.142962 0.102148 0.115224 0.138606 0.053667 0.151817 0.052501 0.125413 0.127859 0.165652
0.201423 0.091799 0.175196 0.133464 0.149013 0.102824 0.146903 0.199486 0.139830 0.170757 0.094435 0.072892 0.114898 0.151366 0.120835 0.155207 0.033771 0.157098 0.183227 0.152768 0.139430 0.123104 0.091740 0.092841 0.075717 0.062043 0.142295 0.137170 0.209566 0.084169 0.161298 0.165197 0.114276 0.101252 0.162491 0.210593 0.131858 0.098451 0.184569 0.221315
0.174417 0.147464 0.236444 0.183873 0.224676 0.129849 0.186951 0.231491 0.140747 0.145872 0.164109 0.091445 0.130643 0.162316 0.117432 0.149765 0.117473 0.166160 0.130907 0.143391 0.157181 0.118625 0.178151 0.181770 0.148882 0.111639 0.143634 0.178028 0.202345 0.094762 0.187883 0.137697 0.130700 0.110891 0.176475 0.280265 0.083206 0.159812 0.096805 0.187581
