0.099860 0.117107 0.190466 0.098269 0.104227 0.074605 0.174592 0.101226 0.159790 0.168447 0.115617 0.128335 0.156553 0.160690 0.106419 0.115118 0.066613 0.077867 0.109363 0.130443 0.095015 0.079767 0.122147 0.111159 0.122822 0.033050 0.151931 0.135522 0.119303 0.036298 0.091137 0.152395 0.069588 0.113811 0.076248 0.133109 0.143463 0.125614 0.131150 0.107299
0.106330 0.100883 0.137353 0.133083 0.042003 0.075534 0.119823 0.111696 0.112265 0.096378 0.101722 0.062838 0.059493 0.108958 0.036725 0.101861 0.073285 0.055503 0.055133 0.023739 0.123991 0.058115 0.080802 0.098691 0.101849 0.056723 0.101873 0.090351 0.139201 0.047971 0.052726 0.049911 0.073167 0.128608 0.073087 0.144864 0.077832 0.122894 0.118406 0.083612
0.123848 0.062851 0.214060 0.177294 0.191430 0.094758 0.208163 0.127317 0.195599 0.210281 0.190443 0.157116 0.156077 0.174714 0.158271 0.056804 0.117206 0.097926 0.097829 0.122072 0.053727 0.099961 0.172165 0.130259 0.182242 0.116683 0.148795 0.112694 0.153652 0.103223 0.152107 0.144317 0.119128 0.130740 0.077589 0.142756 0.107576 0.151136 0.090888 0.102358
0.161330 0.108327 0.230266 0.214589 0.236589 0.116449 0.220893 0.181369 0.182013 0.229616 0.237063 0.136622 0.200484 0.248980 0.197475 0.119721 0.132335 0.123801 0.143404 0.161308 0.089855 0.130875 0.175223 0.195272 0.174454 0.103588 0.157277 0.175781 0.199038 0.097581 0.180330 0.185187 0.147409 0.155677 0.121324 0.207811 0.118894 0.192065 0.156383 0.154076
0.152253 0.104718 0.268782 0.213948 0.192438 0.123337 0.242849 0.176555 0.243041 0.210853 0.209244 0.168540 0.203065 0.177133 0.171083 0.131942 0.170943 0.158747 0.172939 0.148503 0.124958 0.108207 0.167955 0.174318 0.173821 0.121144 0.187343 0.144606 0.223622 0.111979 0.214679 0.172904 0.115837 0.163815 0.139401 0.216310 0.128601 0.158125 0.143297 0.132476
0.158124 0.132904 0.205108 0.191473 0.137248 0.144178 0.215899 0.159332 0.172099 0.168463 0.222732 0.163405 0.173424 0.201297 0.123834 0.132279 0.118829 0.128802 0.085257 0.104243 0.126663 0.101617 0.172448 0.182425 0.164527 0.068685 0.115223 0.117193 0.174826 0.119051 0.121932 0.152021 0.122854 0.172790 0.125268 0.228892 0.104988 0.148578 0.151513 0.130659
0.167183 0.072221 0.203960 0.155143 0.147308 0.070793 0.196607 0.200398 0.165234 0.206564 0.192511 0.101485 0.155832 0.228920 0.140908 0.089394 0.128807 0.111634 0.185119 0.106196 0.113076 0.152265 0.144047 0.162915 0.150500 0.098810 0.142645 0.145113 0.184165 0.081921 0.137695 0.182693 0.081232 0.132935 0.127090 0.200085 0.121205 0.138062 0.162180 0.120940
0.187849 0.097541 0.199378 0.167258 0.131030 0.077290 0.192634 0.216909 0.170705 0.225379 0.116125 0.116773 0.118682 0.133696 0.104958 0.142025 0.088389 0.129468 0.178279 0.108628 0.161253 0.137938 0.134316 0.139692 0.154304 0.115119 0.156623 0.157226 0.207598 0.091912 0.176289 0.169502 0.070129 0.147652 0.142749 0.189718 0.113167 0.121576 0.205070 0.162837
0.193704 0.106107 0.229129 0.248195 0.178293 0.114894 0.233302 0.208261 0.207966 0.221977 0.177918 0.155291 0.172832 0.171414 0.149729 0.163659 0.111887 0.140495 0.168616 0.115128 0.153192 0.142932 0.160823 0.173679 0.184386 0.127272 0.136380 0.188209 0.238105 0.102824 0.205747 0.157238 0.113335 0.158704 0.139856 0.243806 0.099708 0.128290 0.173222 0.127272
0.162486 0.092538 0.225267 0.196583 0.168404 0.113905 0.219988 0.177163 0.173907 0.202015 0.179158 0.159748 0.144333 0.227531 0.199174 0.096791 0.108582 0.115005 0.139104 0.130787 0.108894 0.135665 0.133775 0.159848 0.144676 0.054946 0.134531 0.137298 0.222420 0.086643 0.122595 0.136202 0.118553 0.166717 0.081213 0.146690 0.136444 0.179513 0.116471 0.162812
0.188949 0.137465 0.236030 0.194503 0.183010 0.144067 0.255866 0.186660 0.188999 0.194718 0.278058 0.157285 0.224990 0.255636 0.149204 0.129521 0.161641 0.120003 0.147168 0.139811 0.085774 0.138017 0.208013 0.242387 0.194926 0.082832 0.190354 0.171088 0.175101 0.122444 0.139349 0.190130 0.139639 0.146808 0.143521 0.245038 0.133513 0.189207 0.157864 0.114853
0.196516 0.094865 0.276306 0.202875 0.199720 0.131502 0.249321 0.174074 0.217477 0.226544 0.227043 0.141733 0.188031 0.207256 0.153699 0.131429 0.147667 0.166088 0.160360 0.122581 0.135868 0.133123 0.155503 0.171530 0.202414 0.129124 0.150369 0.148333 0.201358 0.139977 0.205676 0.166473 0.141899 0.146123 0.107177 0.213678 0.120671 0.134106 0.153830 0.162650
0.164833 0.067675 0.199040 0.153559 0.213129 0.125955 0.189281 0.163824 0.171614 0.177033 0.227121 0.129017 0.194790 0.179605 0.148277 0.098937 0.123935 0.120565 0.102058 0.099856 0.097215 0.098766 0.208751 0.154073 0.177014 0.093413 0.132838 0.112248 0.162813 0.116272 0.155295 0.130395 0.137557 0.168148 0.050530 0.165984 0.126434 0.187141 0.129447 0.118852
0.189069 0.116988 0.232163 0.188224 0.179717 0.114800 0.239609 0.201137 0.201815 0.215872 0.260578 0.146305 0.234709 0.258406 0.164966 0.134467 0.136347 0.120508 0.131824 0.139558 0.094692 0.135149 0.183669 0.238032 0.180699 0.089291 0.176692 0.178089 0.179821 0.130553 0.132167 0.179035 0.131285 0.153295 0.121224 0.236412 0.145453 0.186854 0.147846 0.128937
0.145445 0.081910 0.176582 0.140873 0.150823 0.050629 0.150016 0.200311 0.126502 0.185183 0.105311 0.120752 0.112415 0.129339 0.090190 0.158369 0.060183 0.153646 0.156614 0.126035 0.176770 0.078933 0.113878 0.107081 0.068817 0.087192 0.132568 0.132981 0.166277 0.066887 0.200797 0.125717 0.104628 0.095628 0.119113 0.153710 0.063089 0.064209 0.158852 0.173480
0.131157 0.065664 0.176346 0.199671 0.121458 0.056275 0.125325 0.183963 0.132653 0.212317 0.072398 0.124017 0.066028 0.110721 0.138295 0.132414 0.046075 0.103450 0.170878 0.111483 0.138376 0.064347 0.110469 0.091769 0.087885 0.118827 0.131894 0.112898 0.200915 0.055556 0.154750 0.136307 0.073759 0.149332 0.137329 0.162331 0.092528 0.136881 0.210291 0.106695
0.185043 0.108312 0.201071 0.176137 0.194286 0.124349 0.188823 0.214200 0.126889 0.194425 0.199587 0.112379 0.116289 0.204344 0.119388 0.095845 0.142210 0.108869 0.128005 0.142735 0.104444 0.118344 0.164020 0.218149 0.135796 0.109084 0.172381 0.135452 0.215365 0.081061 0.144585 0.139487 0.125479 0.131171 0.177189 0.239267 0.079705 0.171216 0.150965 0.146074
0.178844 0.127381 0.276690 0.217112 0.239992 0.125833 0.202671 0.242830 0.197337 0.234798 0.173742 0.163098 0.161448 0.179701 0.185134 0.193294 0.140137 0.159263 0.196554 0.145893 0.192552 0.109155 0.192425 0.162667 0.158316 0.150413 0.167565 0.170264 0.226467 0.098147 0.238401 0.144468 0.154101 0.181981 0.140057 0.253860 0.106260 0.137462 0.131876 0.217914
0.163264 0.057327 0.171503 0.215355 0.149418 0.096870 0.183087 0.188468 0.120912 0.202152 0.136636 0.101825 0.102345 0.129718 0.178826 0.151745 0.081075 0.127406 0.140723 0.114775 0.122707 0.129851 0.122675 0.122298 0.108290 0.084999 0.096351 0.136345 0.195107 0.106184 0.132712 0.121298 0.108169 0.130031 0.130149 0.164173 0.111907 0.085326 0.172095 0.153251
0.186580 0.089953 0.168233 0.163038 0.150237 0.080829 0.153836 0.209926 0.134068 0.208543 0.090101 0.090827 0.070633 0.112717 0.112864 0.149996 0.073247 0.145293 0.150589 0.131859 0.174090 0.116824 0.085377 0.104266 0.094399 0.091818 0.136144 0.162574 0.222792 0.056223 0.180353 0.122467 0.107569 0.132525 0.146574 0.186069 0.098020 0.105269 0.214652 0.201619
0.132504 0.123172 0.183802 0.140307 0.101736 0.065611 0.142358 0.192409 0.115989 0.168388 0.116026 0.108163 0.124768 0.135017 0.111499 0.111673 0.077976 0.076398 0.115176 0.094053 0.146725 0.071408 0.117576 0.144174 0.080315 0.081055 0.132318 0.111092 0.141987 0.066301 0.131600 0.091530 0.055490 0.137073 0.165106 0.190420 0.085859 0.099037 0.132277 0.146483
0.163705 0.094739 0.208469 0.172074 0.194982 0.108425 0.236755 0.173919 0.172664 0.241114 0.136230 0.118310 0.131771 0.191646 0.158684 0.092098 0.100290 0.171688 0.137650 0.151079 0.095966 0.128667 0.154037 0.134600 0.158736 0.150100 0.174149 0.117707 0.219158 0.103067 0.161786 0.152037 0.128562 0.127551 0.152658 0.235719 0.117520 0.150980 0.158783 0.189276
0.157050 0.112235 0.191028 0.191852 0.148582 0.116438 0.220455 0.161985 0.183658 0.163422 0.223526 0.134367 0.169788 0.175682 0.134234 0.129586 0.104892 0.100129 0.117118 0.103276 0.069222 0.107221 0.170190 0.180795 0.194149 0.079895 0.145267 0.123426 0.161111 0.135039 0.162311 0.158846 0.114917 0.134226 0.104501 0.184525 0.125457 0.151373 0.107296 0.102009
0.177282 0.134709 0.195482 0.149145 0.143878 0.132563 0.164871 0.174989 0.146626 0.155924 0.218528 0.103745 0.133257 0.206442 0.101429 0.113542 0.137512 0.102662 0.115022 0.132718 0.083650 0.109031 0.158065 0.206483 0.140234 0.092226 0.188324 0.157466 0.144440 0.098536 0.109730 0.154777 0.122501 0.113506 0.173175 0.230689 0.098177 0.142774 0.160123 0.148091
0.122224 0.109129 0.202404 0.118322 0.140608 0.073326 0.132924 0.164841 0.148539 0.158516 0.132172 0.086177 0.166080 0.135162 0.105389 0.089202 0.087088 0.090591 0.100545 0.124181 0.118597 0.079909 0.103848 0.112685 0.113913 0.066353 0.143934 0.142523 0.083734 0.043122 0.154509 0.091111 0.119169 0.077283 0.108865 0.182117 0.129347 0.136262 0.123829 0.127804
0.137817 0.097283 0.264035 0.189329 0.186233 0.101998 0.222868 0.173476 0.214575 0.218954 0.183112 0.133638 0.157878 0.169270 0.146619 0.150877 0.110645 0.098757 0.153161 0.109141 0.115722 0.107999 0.145496 0.180980 0.178431 0.082888 0.139317 0.133818 0.186527 0.124057 0.158462 0.156701 0.126620 0.156448 0.084014 0.162725 0.115669 0.154011 0.138510 0.124891
0.147522 0.073097 0.177233 0.131963 0.095165 0.092573 0.134712 0.193074 0.135224 0.180225 0.096711 0.088945 0.022855 0.076003 0.090025 0.139769 0.059819 0.114957 0.125880 0.099797 0.172645 0.072082 0.059253 0.120168 0.080837 0.093237 0.124165 0.107972 0.214678 0.077559 0.139349 0.084524 0.084104 0.140981 0.115481 0.127467 0.102917 0.111485 0.193818 0.168177
0.166043 0.038609 0.108239 0.137512 0.074992 0.048581 0.130985 0.197654 0.094932 0.164555 0.110553 0.121010 0.078518 0.089817 0.098311 0.105334 0.052509 0.112158 0.127498 0.102988 0.183553 0.056003 0.135303 0.098420 0.103538 0.102625 0.117625 0.129549 0.177931 0.064355 0.170784 0.109219 0.090184 0.126280 0.114177 0.164712 0.087136 0.093390 0.170618 0.122813
0.154298 0.085056 0.177328 0.148751 0.125718 0.060785 0.111607 0.214166 0.126602 0.212948 0.109785 0.096386 0.094769 0.144629 0.085450 0.135999 0.067796 0.131642 0.124150 0.111150 0.167302 0.093794 0.109375 0.140498 0.094523 0.113504 0.180174 0.136522 0.184074 0.062103 0.161787 0.129839 0.122121 0.135450 0.157662 0.179191 0.076799 0.095282 0.199615 0.205947
0.175219 0.100358 0.176108 0.160871 0.148679 0.125725 0.214538 0.132562 0.178000 0.146972 0.226368 0.136186 0.157823 0.184235 0.116028 0.101139 0.112124 0.118304 0.114993 0.088905 0.076867 0.123687 0.168601 0.175435 0.190084 0.059872 0.128478 0.133085 0.147306 0.104293 0.132539 0.153702 0.108739 0.136066 0.098760 0.155209 0.103497 0.133636 0.100125 0.099572
0.065204 0.011618 0.108050 0.120511 0.090069 0.047917 0.076521 0.103523 0.071298 0.135580 0.085651 0.093393 0.056929 0.066529 0.087800 0.083792 0.039148 0.024200 0.061605 0.042039 0.111495 0.013565 0.085570 0.103858 0.068377 0.064435 0.067574 0.069348 0.128488 0.036415 0.079778 0.010672 0.097543 0.118589 0.029454 0.101698 0.034191 0.128044 0.075084 0.022046
0.138167 0.108016 0.202259 0.171881 0.184243 0.122704 0.209409 0.169021 0.137130 0.216380 0.212236 0.126116 0.150497 0.184139 0.196357 0.126745 0.124280 0.092505 0.131728 0.120035 0.101804 0.092355 0.150310 0.201988 0.144944 0.066914 0.118709 0.127758 0.190255 0.112057 0.158412 0.138780 0.118835 0.157360 0.128193 0.173653 0.113228 0.146210 0.109444 0.146443
0.159691 0.122425 0.208260 0.162650 0.131078 0.112353 0.195608 0.204055 0.151807 0.176479 0.176629 0.140526 0.126729 0.189737 0.123230 0.132547 0.128446 0.106421 0.100654 0.109583 0.161017 0.065266 0.181566 0.154424 0.146334 0.136608 0.167064 0.131429 0.195704 0.073632 0.124206 0.117622 0.083989 0.187218 0.160998 0.269336 0.105421 0.159056 0.193658 0.126706
0.182883 0.071695 0.228006 0.176166 0.163655 0.072497 0.178814 0.238194 0.132910 0.231102 0.159475 0.117091 0.121824 0.182306 0.109906 0.109860 0.126197 0.138251 0.149342 0.118597 0.160386 0.120365 0.120610 0.173905 0.116713 0.131837 0.193597 0.117888 0.178360 0.089691 0.162738 0.139125 0.118126 0.105654 0.143159 0.223839 0.104688 0.153298 0.156030 0.194125
0.207555 0.091190 0.206103 0.168236 0.173608 0.121905 0.166419 0.219791 0.187690 0.155259 0.223320 0.117050 0.119459 0.255450 0.100775 0.118237 0.126653 0.116639 0.149380 0.117914 0.079314 0.133962 0.093927 0.162403 0.157474 0.067094 0.173607 0.132054 0.139614 0.071195 0.160016 0.145954 0.120197 0.087697 0.086332 0.205653 0.129192 0.138111 0.153140 0.161463
0.173839 0.140805 0.230618 0.171598 0.130156 0.119668 0.215193 0.196475 0.169059 0.195616 0.217376 0.136468 0.168363 0.229154 0.110398 0.121892 0.145859 0.107060 0.097242 0.145328 0.114614 0.097023 0.175026 0.194093 0.173295 0.097151 0.185345 0.167814 0.151323 0.099284 0.112058 0.177395 0.112424 0.140044 0.173838 0.259832 0.138262 0.167055 0.187993 0.172910
0.158595 0.053949 0.157661 0.132690 0.128044 0.076642 0.153406 0.192148 0.121471 0.138659 0.100033 0.073015 0.052518 0.105385 0.088312 0.114725 0.078715 0.089719 0.167069 0.102025 0.110358 0.106933 0.088475 0.072717 0.132738 0.083176 0.084639 0.101480 0.172045 0.026185 0.181086 0.109080 0.031289 0.086763 0.085754 0.133917 0.106245 0.095922 0.199029 0.093807
0.114494 0.090241 0.143483 0.140442 0.126702 0.055195 0.114320 0.183248 0.112415 0.171791 0.134520 0.092801 0.112856 0.155236 0.094127 0.103719 0.109894 0.072918 0.094857 0.077586 0.141953 0.125959 0.133986 0.156047 0.132010 0.079726 0.123551 0.187894 0.146152 0.067620 0.136528 0.099120 0.112631 0.133149 0.053803 0.146617 0.051731 0.121446 0.120430 0.156552
0.192116 0.088997 0.167445 0.130543 0.142756 0.097665 0.143602 0.192979 0.135529 0.166510 0.095123 0.071945 0.106808 0.146010 0.117592 0.146469 0.034849 0.150877 0.174555 0.150240 0.135225 0.118023 0.088508 0.089781 0.076579 0.061312 0.136412 0.134439 0.199343 0.079176 0.154035 0.156456 0.112761 0.100078 0.153390 0.200063 0.126411 0.094858 0.175483 0.207473
0.168939 0.140462 0.227166 0.175591 0.211972 0.123625 0.182798 0.219754 0.135494 0.139758 0.158202 0.089752 0.125863 0.155070 0.113087 0.141187 0.110735 0.162400 0.127119 0.140693 0.147058 0.114038 0.170997 0.172065 0.142393 0.107352 0.139504 0.170365 0.194614 0.089487 0.180363 0.132329 0.126072 0.110387 0.167783 0.260393 0.079429 0.151827 0.094712 0.177389
