0.424448 0.462644 0.491468 0.530266 0.549909 0.519802 0.551613 0.523596 0.581794 0.550955 0.537549 0.57772 0.5116 0.488432 0.512987 0.436782 0.520154 0.588785 0.526316 0.411932 0.438628 0.481541 0.533333 0.473907 0.513846 0.575597 0.468031 0.492386 0.568376 0.491443 0.43633 0.469586 0.485194 0.539634 0.655963 0.655963 
0.382166 0.355752 0.344828 0.391738 0.4 0.413223 0.458268 0.452991 0.43173 0.410104 0.331288 0.387917 0.456853 0.370079 0.446125 0.386565 0.297927 0.392801 0.393881 0.422472 0.378261 0.387464 0.284173 0.447619 0.314286 0.343915 0.363839 0.418605 0.411082 0.352672 0.451765 0.451554 0.398098 0.442529 0.442529 0.355752 
0.409639 0.40118 0.484375 0.410217 0.412946 0.385086 0.444444 0.399151 0.456731 0.385507 0.4375 0.382258 0.473318 0.367159 0.320717 0.401225 0.458042 0.476471 0.434286 0.437923 0.474619 0.468992 0.405145 0.432749 0.534632 0.322709 0.455197 0.334158 0.512019 0.395393 0.341385 0.457627 0.445714 0.403131 0.271186 0.378049 
0.361963 0.372654 0.382878 0.360902 0.345266 0.412781 0.410693 0.378788 0.441459 0.371353 0.329829 0.3407 0.355972 0.41779 0.444262 0.423077 0.414449 0.425721 0.302778 0.393939 0.377419 0.298995 0.344932 0.377953 0.359455 0.242623 0.360691 0.418109 0.307692 0.380589 0.39726 0.351648 0.332008 0.457386 0.441909 0.379365 
0.420792 0.365891 0.414918 0.443623 0.356397 0.460526 0.471519 0.306905 0.368207 0.479339 0.446809 0.371369 0.403183 0.326577 0.427938 0.398551 0.522248 0.258312 0.42065 0.402715 0.320513 0.442857 0.410334 0.36478 0.398256 0.451705 0.399361 0.340807 0.479393 0.361419 0.257282 0.425824 0.413174 0.405882 0.340824 0.359621 
0.535928 0.451539 0.378873 0.404389 0.484311 0.432 0.447738 0.433286 0.410714 0.461017 0.458791 0.52439 0.40162 0.378495 0.518605 0.451128 0.31202 0.414085 0.439803 0.246094 0.438 0.489842 0.434783 0.288462 0.445652 0.489412 0.389113 0.502165 0.435185 0.390963 0.352564 0.333996 0.450727 0.468806 0.488518 0.434783 
0.409015 0.413669 0.316748 0.458468 0.331683 0.314925 0.473265 0.393846 0.389665 0.422336 0.418 0.515625 0.384615 0.493671 0.401598 0.424176 0.364679 0.493994 0.300373 0.29668 0.406196 0.419878 0.276596 0.414634 0.428315 0.498778 0.472376 0.531969 0.295575 0.417266 0.421903 0.3107 0.389892 0.431884 0.394216 0.288732 
0.431894 0.440901 0.34543 0.306343 0.354883 0.3989 0.410749 0.481808 0.379913 0.379921 0.469751 0.379397 0.387973 0.448441 0.374245 0.280255 0.413699 0.432573 0.371398 0.401015 0.335211 0.409465 0.33209 0.461095 0.416787 0.448931 0.401408 0.416331 0.378559 0.414075 0.296236 0.347238 0.347741 0.351275 0.374074 0.378378 
0.515152 0.371266 0.485772 0.464968 0.499037 0.408716 0.50763 0.503177 0.487805 0.467316 0.482866 0.459877 0.423963 0.459499 0.380478 0.511765 0.492084 0.479167 0.504472 0.512968 0.555556 0.4846 0.469231 0.38676 0.531513 0.454139 0.363128 0.418519 0.501984 0.434492 0.347188 0.329243 0.559557 0.425 0.482315 0.528947 
0.409836 0.425 0.430723 0.451477 0.382946 0.412678 0.460023 0.443649 0.457082 0.452528 0.446988 0.449612 0.389423 0.461353 0.418743 0.489699 0.45805 0.498047 0.385224 0.479245 0.463869 0.357968 0.353659 0.47379 0.44898 0.298851 0.448549 0.40118 0.47929 0.432635 0.313984 0.394009 0.517544 0.382413 0.368231 0.448485 
0.428 0.565728 0.478927 0.447028 0.510129 0.48062 0.47905 0.480114 0.416201 0.46988 0.332103 0.387464 0.543478 0.469816 0.445902 0.470852 0.40281 0.470476 0.421634 0.441748 0.486989 0.398148 0.417808 0.384075 0.371002 0.512563 0.446602 0.476852 0.516966 0.419263 0.477137 0.367647 0.480315 0.495413 0.418345 0.418345 
0.481967 0.460526 0.463783 0.421622 0.457847 0.357143 0.416851 0.465753 0.418868 0.395586 0.374545 0.345794 0.427027 0.480874 0.346072 0.403361 0.473469 0.415617 0.429719 0.404878 0.433544 0.375 0.507338 0.46558 0.441096 0.465608 0.429752 0.4811 0.368421 0.432836 0.438725 0.451562 0.4 0.422111 0.368852 0.468242 
0.473318 0.530201 0.454121 0.53286 0.56231 0.579498 0.527591 0.456456 0.376068 0.391111 0.372483 0.545293 0.504149 0.46055 0.491954 0.515845 0.49904 0.446512 0.540453 0.409471 0.437838 0.590793 0.405099 0.488304 0.508591 0.517241 0.344828 0.442478 0.466165 0.516667 0.471243 0.58642 0.315789 0.315789 0.454121 0.530201 
0.512456 0.488064 0.529231 0.491071 0.501199 0.506944 0.577815 0.593117 0.426829 0.50939 0.463203 0.521303 0.490566 0.484848 0.580247 0.508557 0.491031 0.431579 0.50495 0.488189 0.444227 0.502024 0.481865 0.483146 0.460843 0.533742 0.554924 0.474522 0.457831 0.458182 0.46 0.485531 0.571023 0.544413 0.544413 0.488064 
0.452436 0.464844 0.428205 0.441441 0.449165 0.481707 0.514286 0.49569 0.438819 0.45082 0.476852 0.541779 0.486239 0.47619 0.444969 0.519878 0.478095 0.414392 0.463415 0.498024 0.531624 0.462185 0.411411 0.504065 0.417143 0.539595 0.452088 0.415541 0.559783 0.370166 0.479846 0.441509 0.441509 0.441441 0.428205 0.464844 
0.530351 0.513966 0.536534 0.5939 0.544174 0.572072 0.48367 0.587615 0.57351 0.572296 0.605519 0.458525 0.577223 0.558511 0.579228 0.633838 0.423529 0.498134 0.567532 0.54641 0.50947 0.577938 0.533643 0.513699 0.495622 0.544994 0.594395 0.489879 0.543243 0.609929 0.554124 0.527372 0.596581 0.468085 0.427673 0.600592 
0.526786 0.505747 0.512987 0.479109 0.512035 0.462151 0.552987 0.564551 0.595294 0.580645 0.555809 0.512871 0.618462 0.604563 0.56974 0.515 0.595541 0.384937 0.573529 0.535885 0.516908 0.576642 0.469649 0.48913 0.535714 0.628981 0.461929 0.49505 0.457912 0.602713 0.516854 0.628483 0.452915 0.482759 0.597959 0.597959 
0.536489 0.540373 0.551129 0.449198 0.532787 0.519058 0.526953 0.546569 0.540268 0.477551 0.609562 0.489865 0.564394 0.532081 0.511905 0.486486 0.449367 0.47 0.438914 0.5 0.450928 0.466667 0.42807 0.573438 0.462243 0.555347 0.508434 0.556196 0.468303 0.494297 0.500773 0.500773 0.532787 0.449198 0.551129 0.540373 
0.524554 0.555985 0.578125 0.542744 0.534392 0.475789 0.472441 0.556503 0.541114 0.575182 0.565217 0.575688 0.492212 0.588737 0.567164 0.479545 0.55914 0.569892 0.513089 0.464744 0.502488 0.543689 0.577428 0.433498 0.550186 0.579602 0.601604 0.403756 0.5 0.488608 0.410138 0.484375 0.5 0.539359 0.613065 0.487288 
0.464832 0.495968 0.534043 0.504132 0.424188 0.383721 0.494845 0.492823 0.38 0.40856 0.524064 0.396465 0.488166 0.516899 0.402655 0.521104 0.423983 0.413174 0.444099 0.412587 0.497041 0.384988 0.43097 0.450276 0.369427 0.483126 0.48 0.520343 0.393836 0.501661 0.480601 0.411079 0.50152 0.386935 0.509901 0.34965 
0.547619 0.529101 0.565056 0.60274 0.57072 0.59034 0.513317 0.563611 0.545455 0.610442 0.540541 0.561404 0.532957 0.5 0.564189 0.544574 0.550388 0.452174 0.446237 0.519608 0.389091 0.477273 0.463259 0.532731 0.516556 0.578723 0.604545 0.494005 0.580986 0.560976 0.542714 0.601626 0.438799 0.512295 0.512295 0.529101 
0.448339 0.445402 0.451681 0.520581 0.504644 0.50348 0.524116 0.499208 0.495077 0.498818 0.492063 0.477477 0.486207 0.464368 0.510345 0.427746 0.439227 0.477551 0.391489 0.473846 0.474645 0.454713 0.466814 0.473684 0.44964 0.484848 0.481633 0.481172 0.475096 0.494382 0.459936 0.53913 0.474836 0.503341 0.49435 0.433333 
0.566334 0.571906 0.588745 0.557087 0.541219 0.542185 0.529412 0.523327 0.413502 0.509881 0.549419 0.508197 0.586006 0.523979 0.473973 0.52019 0.506024 0.570621 0.43454 0.368159 0.434263 0.552402 0.48 0.560372 0.545455 0.459948 0.626238 0.522427 0.493976 0.576177 0.613153 0.478947 0.530928 0.530928 0.588745 0.571906 
0.501992 0.528875 0.556064 0.52605 0.543599 0.574534 0.498896 0.478873 0.496124 0.569444 0.475248 0.480122 0.558824 0.454338 0.498584 0.489749 0.5525 0.53271 0.472222 0.436293 0.559859 0.446429 0.472222 0.544529 0.453125 0.570833 0.527316 0.391753 0.507299 0.417323 0.480769 0.418502 0.418502 0.52605 0.556064 0.528875 
0.552632 0.578164 0.522642 0.492565 0.566337 0.594937 0.539863 0.523077 0.524917 0.622074 0.562201 0.547771 0.560773 0.431734 0.561873 0.554307 0.490956 0.574359 0.551181 0.516807 0.596364 0.531343 0.501401 0.560907 0.483645 0.576389 0.560261 0.467532 0.555891 0.530172 0.626923 0.574648 0.55102 0.537954 0.421348 0.597403 
0.568306 0.570312 0.595057 0.602597 0.494949 0.588367 0.610873 0.572534 0.561514 0.575269 0.55611 0.606178 0.632035 0.600907 0.641892 0.465686 0.536885 0.591512 0.549898 0.590659 0.578723 0.563636 0.550725 0.582386 0.579505 0.603636 0.539554 0.58363 0.592689 0.587549 0.553398 0.623025 0.571429 0.515464 0.538462 0.538462 
0.444444 0.552158 0.500657 0.508137 0.38539 0.463333 0.460457 0.55814 0.456432 0.481419 0.483544 0.519757 0.366048 0.386667 0.462396 0.485294 0.411429 0.501362 0.409972 0.427711 0.590226 0.36715 0.465318 0.497006 0.485714 0.477419 0.361809 0.534483 0.404878 0.412556 0.481481 0.502551 0.388889 0.449799 0.477273 0.477273 
0.432225 0.507865 0.51506 0.545455 0.495745 0.566596 0.523139 0.435393 0.444759 0.56338 0.520906 0.426667 0.521978 0.479419 0.430518 0.374302 0.395105 0.462441 0.474227 0.423729 0.541818 0.501319 0.449405 0.376812 0.494983 0.450331 0.414035 0.551793 0.51497 0.484848 0.341317 0.505618 0.416851 0.498876 0.518987 0.5 
0.429703 0.5347 0.494888 0.447059 0.459138 0.45107 0.49348 0.466351 0.497992 0.447005 0.410678 0.469504 0.527273 0.529711 0.388889 0.534722 0.42539 0.468303 0.545324 0.379562 0.496183 0.423341 0.477215 0.424886 0.445946 0.451493 0.355401 0.495822 0.478599 0.531172 0.437269 0.391185 0.44086 0.44921 0.48249 0.479339 
0.489035 0.564232 0.512195 0.523711 0.545108 0.54507 0.480916 0.431877 0.580247 0.45993 0.51506 0.58748 0.526316 0.488851 0.491803 0.396146 0.517647 0.400998 0.573668 0.510959 0.418426 0.480687 0.555556 0.546875 0.463002 0.541367 0.464589 0.368852 0.502128 0.490028 0.541213 0.421603 0.514493 0.546196 0.492733 0.525164 
0.424342 0.5 0.513761 0.502874 0.4753 0.426829 0.445614 0.431624 0.483607 0.493548 0.521912 0.466877 0.478516 0.465753 0.483146 0.457921 0.543919 0.346437 0.525903 0.569573 0.464088 0.498371 0.518939 0.459283 0.417323 0.367284 0.483582 0.418367 0.335277 0.461794 0.454277 0.402556 0.563636 0.447154 0.534836 0.541756 
0.484685 0.347368 0.482546 0.488045 0.489535 0.546207 0.516295 0.5 0.482517 0.397233 0.366906 0.47606 0.409318 0.505593 0.473297 0.490644 0.508772 0.457143 0.439776 0.491228 0.50289 0.385321 0.55 0.503497 0.460177 0.507317 0.399504 0.482234 0.469903 0.412658 0.416452 0.417633 0.446581 0.461538 0.400685 0.50077 
0.526427 0.460345 0.516544 0.494037 0.430108 0.48169 0.499289 0.47076 0.416364 0.489146 0.470149 0.421166 0.467577 0.421212 0.535963 0.508728 0.463796 0.38191 0.398026 0.427007 0.35343 0.40099 0.417943 0.325103 0.403131 0.441341 0.508811 0.419244 0.428305 0.429435 0.395349 0.476821 0.423977 0.469816 0.465 0.465 
0.560636 0.534562 0.459384 0.54049 0.566292 0.535632 0.463068 0.412556 0.431718 0.511111 0.487395 0.535469 0.501259 0.508876 0.558366 0.515152 0.509474 0.475248 0.425532 0.445813 0.391459 0.501408 0.545723 0.530792 0.434783 0.43038 0.484848 0.473118 0.483776 0.549858 0.49537 0.421245 0.475362 0.509217 0.442708 0.389423 
0.466905 0.489422 0.478261 0.450178 0.504212 0.471642 0.457655 0.551111 0.417143 0.468908 0.453804 0.528809 0.485981 0.522455 0.530612 0.4102 0.46814 0.517045 0.489614 0.461538 0.357771 0.527559 0.428571 0.469287 0.51581 0.390625 0.451524 0.425287 0.470588 0.422449 0.473941 0.433414 0.392265 0.406732 0.52451 0.469697 
0.405204 0.437888 0.48895 0.450075 0.447884 0.45768 0.468793 0.439279 0.440559 0.445277 0.466855 0.455224 0.420402 0.464856 0.369198 0.470842 0.409611 0.487738 0.475168 0.403579 0.466667 0.461157 0.456053 0.395122 0.404082 0.387309 0.339161 0.438445 0.417867 0.427466 0.403624 0.446429 0.37 0.40648 0.451656 0.436782 
