0.50761 0.595412 0.448623 0.511708 0.46529 0.554776 0.514103 0.544508 0.524029 0.502503 0.543646 0.442033 0.445566 0.51365 0.456769 0.550257 0.450134 0.548799 0.457109 0.511465 0.444387 0.462318 0.515317 0.511206 0.517022 0.444961 0.515895 0.500556 0.507634 0.389729 0.492812 0.405607 0.440388 0.517573 0.392557 0.589571 0.543076 0.418845 0.478734 0.54986 
0.46489 0.514111 0.50819 0.529352 0.455131 0.503822 0.436984 0.411641 0.493602 0.525843 0.475618 0.496368 0.449231 0.450221 0.433384 0.455463 0.506731 0.516295 0.45905 0.484912 0.489034 0.565257 0.529243 0.499268 0.427444 0.476231 0.538695 0.502947 0.471111 0.485735 0.472511 0.461148 0.398148 0.509259 0.423866 0.479113 0.477212 0.439533 0.468663 0.504834 
0.486787 0.53519 0.511795 0.498941 0.525249 0.524678 0.522738 0.50976 0.488156 0.529619 0.492393 0.532137 0.419191 0.503343 0.497418 0.496975 0.480729 0.461221 0.446506 0.464906 0.458005 0.502158 0.541707 0.453618 0.42455 0.550098 0.527452 0.474227 0.470982 0.473086 0.54135 0.427362 0.514965 0.548656 0.571276 0.561245 0.506154 0.415239 0.460038 0.489968 
0.387497 0.44222 0.394868 0.437619 0.39914 0.446792 0.418155 0.452361 0.404872 0.345723 0.350164 0.429977 0.442853 0.403432 0.380689 0.440152 0.334972 0.433343 0.43554 0.391226 0.371432 0.391371 0.35246 0.482052 0.364629 0.374767 0.367462 0.343281 0.464485 0.436836 0.411068 0.401171 0.298514 0.346868 0.403126 0.392627 0.402952 0.446921 0.429977 0.398186 
0.378637 0.491137 0.487701 0.407262 0.550854 0.483367 0.432866 0.455001 0.489083 0.45133 0.511736 0.447055 0.478341 0.421784 0.481863 0.440531 0.477601 0.387801 0.38613 0.465709 0.517935 0.510252 0.524902 0.475732 0.511417 0.435588 0.430552 0.482399 0.386092 0.500168 0.429548 0.433662 0.498285 0.48749 0.489219 0.48683 0.415792 0.520974 0.545776 0.541858 
0.401453 0.436453 0.369779 0.485576 0.48946 0.442217 0.425492 0.429008 0.383597 0.417566 0.450476 0.41507 0.467237 0.472961 0.418649 0.348763 0.440646 0.424258 0.414637 0.420732 0.352281 0.382271 0.438577 0.420363 0.420191 0.419175 0.368438 0.409487 0.364953 0.405161 0.413279 0.47629 0.419192 0.435234 0.404682 0.429923 0.378145 0.408426 0.448802 0.389503 
0.412731 0.495081 0.512524 0.467427 0.517933 0.550871 0.521349 0.425409 0.475692 0.527549 0.530351 0.468979 0.527486 0.431157 0.571059 0.47378 0.423352 0.420823 0.413293 0.428152 0.414152 0.495023 0.516594 0.515797 0.416829 0.509883 0.524499 0.47519 0.564683 0.401727 0.507017 0.517165 0.497754 0.355968 0.385987 0.525235 0.506277 0.372025 0.470783 0.505865 
0.486499 0.549876 0.543769 0.508948 0.46523 0.522338 0.479581 0.38935 0.517509 0.474153 0.363636 0.416227 0.415026 0.422266 0.519546 0.540727 0.489947 0.502587 0.472985 0.408046 0.406043 0.489614 0.503851 0.484452 0.439731 0.465917 0.427906 0.484787 0.458891 0.482491 0.44521 0.438448 0.467623 0.510936 0.467956 0.374601 0.438115 0.457393 0.465679 0.49015 
0.45723 0.47386 0.430994 0.528973 0.390471 0.431753 0.45882 0.427207 0.468354 0.4874 0.478985 0.523051 0.430029 0.31103 0.427996 0.39341 0.427201 0.379789 0.376181 0.348269 0.425713 0.485636 0.383627 0.386928 0.419565 0.435025 0.426452 0.457751 0.444941 0.432938 0.334651 0.38535 0.364094 0.402288 0.373561 0.367236 0.427217 0.414132 0.428159 0.362494 
0.512842 0.511862 0.484162 0.509708 0.541417 0.50649 0.510735 0.55228 0.463705 0.452822 0.471463 0.450882 0.393577 0.418467 0.539587 0.489621 0.534263 0.495255 0.491954 0.52037 0.480627 0.488274 0.482507 0.451723 0.502523 0.559564 0.548693 0.577561 0.479133 0.430053 0.450371 0.54862 0.40188 0.433091 0.515991 0.395593 0.459845 0.518417 0.463482 0.478807 
0.382188 0.330336 0.360785 0.460849 0.46348 0.422393 0.405676 0.365272 0.396304 0.398758 0.379089 0.423166 0.364891 0.332684 0.395187 0.305311 0.41446 0.418462 0.391747 0.3493 0.39809 0.412077 0.385464 0.398646 0.369911 0.379277 0.351451 0.391718 0.440065 0.343815 0.419693 0.363359 0.411803 0.290179 0.298182 0.334604 0.356687 0.390935 0.397163 0.393097 
0.462753 0.424744 0.335198 0.395845 0.445465 0.459143 0.441093 0.446372 0.461057 0.396878 0.303194 0.467649 0.359795 0.456906 0.426772 0.357617 0.422927 0.462031 0.42696 0.430557 0.515031 0.455099 0.444383 0.401817 0.363787 0.457796 0.451193 0.470854 0.43433 0.381225 0.495908 0.397796 0.344722 0.347956 0.40051 0.41766 0.329614 0.389491 0.319068 0.330595 
0.441447 0.325264 0.368915 0.403849 0.435013 0.438117 0.45613 0.410994 0.409037 0.370945 0.342717 0.446626 0.400546 0.43682 0.39035 0.409425 0.392631 0.406158 0.392625 0.458764 0.359887 0.398303 0.400137 0.453862 0.394796 0.433337 0.339213 0.351658 0.453594 0.475785 0.374406 0.406834 0.406625 0.345649 0.355552 0.450338 0.432537 0.401731 0.358011 0.309825 
0.361621 0.412869 0.50065 0.483028 0.544844 0.473539 0.508558 0.474423 0.474516 0.439666 0.545466 0.4565 0.507163 0.494372 0.476298 0.502903 0.41828 0.468401 0.51186 0.465025 0.498534 0.477997 0.495503 0.418367 0.548299 0.505949 0.491967 0.468763 0.512727 0.371726 0.353808 0.434774 0.459308 0.504129 0.474158 0.469629 0.467713 0.402729 0.383074 0.507625 
0.368339 0.46518 0.438205 0.523195 0.478647 0.448196 0.476419 0.534601 0.504042 0.455108 0.532316 0.432281 0.513282 0.464064 0.465966 0.469549 0.445491 0.512683 0.435371 0.447707 0.52691 0.470523 0.456073 0.46746 0.519803 0.496391 0.520318 0.474415 0.464512 0.359066 0.508485 0.491724 0.454836 0.491607 0.463974 0.439842 0.531001 0.490432 0.44238 0.402831 
0.495872 0.465089 0.42449 0.501107 0.544173 0.540541 0.540765 0.507398 0.495138 0.505209 0.510176 0.472363 0.495322 0.521122 0.512025 0.507343 0.437277 0.51831 0.534061 0.535755 0.513442 0.426732 0.557676 0.503 0.461305 0.557531 0.53032 0.513125 0.514291 0.492911 0.437596 0.46746 0.542234 0.508109 0.399652 0.49335 0.52692 0.364504 0.441711 0.570674 
0.457977 0.48116 0.505656 0.52988 0.50612 0.545931 0.544709 0.538771 0.542826 0.542976 0.507834 0.535895 0.575246 0.452944 0.48402 0.544953 0.508475 0.581634 0.487204 0.537119 0.539201 0.494864 0.501674 0.534245 0.50562 0.499651 0.432882 0.547687 0.460964 0.56872 0.503681 0.546959 0.570306 0.457244 0.541798 0.504618 0.550145 0.571118 0.469619 0.464833 
0.435148 0.500159 0.527017 0.510689 0.565317 0.518601 0.531935 0.556312 0.512237 0.512983 0.440981 0.452567 0.533949 0.513544 0.533344 0.507295 0.452358 0.461026 0.492302 0.513531 0.486726 0.514261 0.499575 0.470612 0.50879 0.493134 0.546999 0.557837 0.513947 0.479239 0.510262 0.489342 0.548334 0.545049 0.514235 0.427197 0.395902 0.480901 0.474386 0.484116 
0.468151 0.569341 0.590361 0.569672 0.555943 0.590254 0.600913 0.571244 0.599529 0.562212 0.634881 0.550691 0.605763 0.570491 0.557793 0.534199 0.626714 0.525077 0.514958 0.504901 0.555536 0.538101 0.559016 0.588073 0.597507 0.534052 0.508005 0.542125 0.491862 0.521601 0.556467 0.525755 0.491994 0.542383 0.571429 0.557852 0.47806 0.633185 0.623287 0.598278 
0.517085 0.608157 0.515587 0.564931 0.506586 0.546976 0.533177 0.564973 0.530319 0.53371 0.532369 0.562519 0.567921 0.561975 0.520305 0.532899 0.52837 0.591032 0.485665 0.462376 0.523392 0.540422 0.561397 0.539989 0.557334 0.467219 0.530774 0.493151 0.540865 0.526963 0.531306 0.592986 0.512789 0.497365 0.487878 0.544715 0.484027 0.539128 0.581584 0.523345 
0.430572 0.371993 0.440571 0.459074 0.479375 0.467209 0.406077 0.445389 0.474809 0.44366 0.478229 0.422978 0.433165 0.410719 0.443296 0.411408 0.431475 0.425908 0.441359 0.455465 0.413522 0.42144 0.41564 0.359052 0.496659 0.46578 0.412645 0.42243 0.438196 0.464959 0.405254 0.426502 0.459625 0.434222 0.382689 0.429821 0.433584 0.475048 0.413922 0.337428 
0.417565 0.468684 0.47168 0.497522 0.510724 0.510027 0.544865 0.526178 0.549959 0.481079 0.473859 0.487684 0.493484 0.459168 0.506529 0.512418 0.441089 0.477482 0.433196 0.476508 0.428997 0.54502 0.541035 0.458291 0.548889 0.44324 0.482812 0.416302 0.403722 0.423573 0.414836 0.541289 0.454015 0.478708 0.486397 0.494032 0.428519 0.35919 0.368534 0.40122 
0.574633 0.53818 0.524867 0.531827 0.541527 0.558179 0.516224 0.563945 0.550243 0.570466 0.563142 0.530754 0.458333 0.535653 0.567381 0.53292 0.554406 0.563853 0.540889 0.488795 0.532258 0.565832 0.534311 0.495096 0.534659 0.488288 0.509518 0.411782 0.466729 0.513107 0.465225 0.521888 0.537428 0.496818 0.561993 0.505033 0.530846 0.564028 0.559883 0.561995 
0.482268 0.533887 0.460973 0.533215 0.521968 0.489047 0.496705 0.483412 0.459883 0.531502 0.500158 0.440425 0.484697 0.466234 0.460448 0.506562 0.503306 0.474312 0.460689 0.496913 0.489959 0.56 0.456492 0.497702 0.42475 0.445205 0.484079 0.529022 0.466046 0.52455 0.529767 0.48733 0.494935 0.455534 0.440326 0.490878 0.364475 0.446729 0.425747 0.407815 
0.422951 0.387617 0.364119 0.454784 0.456823 0.432314 0.48103 0.383341 0.420081 0.424955 0.444874 0.336949 0.455258 0.448071 0.456833 0.442539 0.367689 0.455064 0.395388 0.44556 0.409321 0.394183 0.326431 0.345695 0.39477 0.391552 0.382254 0.40815 0.36036 0.401967 0.390299 0.42271 0.474823 0.429812 0.381862 0.426279 0.41735 0.377778 0.396072 0.454607 
0.458286 0.433807 0.387165 0.449745 0.467548 0.457447 0.495586 0.503945 0.397344 0.490941 0.468097 0.438024 0.356381 0.381377 0.425294 0.469858 0.473611 0.468802 0.44594 0.41939 0.393991 0.407261 0.409509 0.469678 0.458683 0.467045 0.461428 0.404022 0.453125 0.442889 0.420188 0.454399 0.49664 0.403113 0.460746 0.461156 0.471024 0.412907 0.410263 0.409063 
0.323039 0.336275 0.360083 0.412419 0.389062 0.397801 0.407267 0.423173 0.426486 0.435239 0.349442 0.430224 0.362003 0.323254 0.400479 0.31736 0.424961 0.434099 0.40462 0.371686 0.365562 0.429886 0.372073 0.358324 0.384853 0.406004 0.369308 0.400932 0.440134 0.402168 0.424265 0.445703 0.3133 0.352021 0.393084 0.34926 0.403607 0.352707 0.286816 0.358408 
0.365023 0.414296 0.484968 0.490241 0.44611 0.50197 0.487061 0.389673 0.456817 0.479596 0.360461 0.386116 0.465795 0.475561 0.371632 0.445213 0.493614 0.485619 0.440328 0.386655 0.472061 0.469476 0.44265 0.397431 0.446812 0.501223 0.480755 0.405613 0.489414 0.327078 0.479085 0.509929 0.491569 0.477887 0.4435 0.384038 0.387199 0.441154 0.443438 0.433551 
0.301344 0.473727 0.436951 0.435413 0.445306 0.476785 0.408205 0.326124 0.413554 0.44321 0.311093 0.332702 0.431095 0.465511 0.414588 0.41897 0.446491 0.370748 0.397917 0.373977 0.378699 0.469827 0.322929 0.397203 0.441753 0.362138 0.418754 0.346806 0.32806 0.419748 0.319839 0.335169 0.3888 0.477827 0.427311 0.386054 0.450798 0.452038 0.363323 0.378598 
0.299958 0.431377 0.415003 0.416536 0.386392 0.397071 0.451663 0.469506 0.378718 0.431125 0.440458 0.315977 0.371358 0.402797 0.373061 0.341789 0.37636 0.368346 0.428983 0.405262 0.381478 0.450675 0.422899 0.367853 0.417837 0.411613 0.397664 0.459041 0.450301 0.445736 0.407986 0.383333 0.300264 0.364404 0.448712 0.39025 0.410881 0.317027 0.414365 0.436855 
0.398139 0.308678 0.42617 0.407451 0.413031 0.463745 0.414026 0.408836 0.413459 0.469948 0.420389 0.451362 0.472195 0.371411 0.405625 0.424939 0.413589 0.469206 0.412246 0.352279 0.379185 0.414938 0.347445 0.42514 0.393653 0.40057 0.428195 0.400205 0.411419 0.435558 0.29598 0.418182 0.335812 0.445614 0.4463 0.385771 0.35443 0.456883 0.429719 0.43275 
0.372899 0.419668 0.420398 0.364287 0.377943 0.424854 0.452307 0.411705 0.480867 0.453646 0.37011 0.395665 0.42619 0.385768 0.420049 0.376863 0.418537 0.384816 0.458796 0.359684 0.393426 0.375363 0.372553 0.374838 0.394527 0.40507 0.370218 0.449951 0.432862 0.44889 0.456754 0.432385 0.444444 0.49081 0.398632 0.437261 0.287698 0.379785 0.387527 0.379301 
0.399385 0.314348 0.379688 0.402913 0.443297 0.429381 0.466683 0.322617 0.396753 0.413478 0.396288 0.392138 0.352198 0.34199 0.332973 0.412615 0.319382 0.363614 0.333975 0.404505 0.414946 0.342343 0.383922 0.433337 0.402469 0.455895 0.348827 0.39415 0.367565 0.308286 0.339224 0.271636 0.372 0.418111 0.448356 0.280873 0.37892 0.396933 0.402737 0.350856 
0.467559 0.327515 0.342192 0.416596 0.34806 0.415304 0.425621 0.412692 0.420271 0.375308 0.414889 0.398027 0.403711 0.33917 0.307518 0.414803 0.327712 0.368896 0.345838 0.344442 0.409807 0.477337 0.485311 0.411301 0.379725 0.430174 0.378112 0.335698 0.364898 0.418917 0.306253 0.478904 0.341954 0.26408 0.44739 0.347578 0.414056 0.40974 0.377044 0.354192 
0.440521 0.322355 0.341992 0.376928 0.436542 0.373562 0.413703 0.441527 0.369767 0.370964 0.406477 0.370307 0.349046 0.360861 0.411106 0.443634 0.342387 0.429024 0.366308 0.405925 0.371344 0.392903 0.409394 0.320992 0.375582 0.344295 0.307595 0.409725 0.414742 0.350853 0.445761 0.417957 0.263008 0.292888 0.321533 0.406628 0.481326 0.38961 0.372924 0.445659 
0.432526 0.287245 0.376095 0.341964 0.414082 0.446606 0.384425 0.387205 0.378119 0.373201 0.295618 0.37541 0.34416 0.379272 0.297198 0.442966 0.448342 0.29769 0.378431 0.375878 0.373804 0.32634 0.417076 0.430164 0.297297 0.363344 0.307997 0.348582 0.373417 0.380295 0.382451 0.467255 0.381027 0.376554 0.46688 0.370317 0.420991 0.377684 0.42823 0.30818 
0.489974 0.492637 0.352584 0.410061 0.494456 0.528261 0.48187 0.397535 0.545046 0.417136 0.424532 0.527681 0.481688 0.391982 0.480186 0.43944 0.483189 0.527934 0.378251 0.447922 0.401677 0.473417 0.477033 0.440102 0.523142 0.393743 0.492293 0.441787 0.486737 0.392296 0.390237 0.494239 0.410601 0.571708 0.386694 0.449241 0.375188 0.500577 0.482383 0.440663 
0.404573 0.38217 0.422737 0.37037 0.450761 0.40632 0.402781 0.393407 0.377171 0.409634 0.38347 0.373813 0.39934 0.390812 0.38083 0.380249 0.439913 0.408609 0.443633 0.430696 0.368087 0.455903 0.420102 0.427521 0.422531 0.409491 0.444783 0.340272 0.432958 0.406313 0.385685 0.343427 0.380576 0.436344 0.300806 0.460481 0.432328 0.33124 0.33825 0.399336 
0.362896 0.370411 0.346556 0.343756 0.286424 0.436336 0.391024 0.347098 0.44619 0.41246 0.346212 0.379754 0.443339 0.310859 0.37505 0.360726 0.33408 0.340124 0.405254 0.400513 0.353869 0.336735 0.410228 0.417572 0.407951 0.4074 0.309708 0.431465 0.468323 0.418046 0.408311 0.288538 0.448151 0.412498 0.334639 0.32699 0.424499 0.321125 0.383176 0.336568 
0.453231 0.386634 0.475366 0.482694 0.449872 0.48592 0.47741 0.47019 0.462245 0.442316 0.476415 0.472677 0.437887 0.433117 0.420688 0.433784 0.454468 0.40719 0.506286 0.450282 0.41618 0.46399 0.421438 0.445818 0.426966 0.476162 0.440155 0.409421 0.474976 0.457947 0.463067 0.477024 0.444871 0.477612 0.398541 0.43652 0.395887 0.480489 0.501987 0.519388 
