0.501519 0.106627 0.603146 0.524448 0.340214 0.267965 0.283731 0.228786 0.147016 0.287706 0.132926 0.169668 0.165645 0.240447 0.186833 0.163672 0.174634 0.135664 0.139353 0.214288 0.185606 0.158831 0.215986 0.146745 0.112052 0.149877 0.102914 0.146235 0.151171 0.169050 0.143183 0.156676 0.143904 0.147154 0.152959 0.120057 0.164351 0.134611 0.162313 0.147340
0.525689 0.125947 0.652849 0.562620 0.385316 0.305232 0.315547 0.256775 0.186449 0.313689 0.147378 0.214296 0.175680 0.265393 0.206545 0.184458 0.202772 0.171411 0.181548 0.254919 0.235424 0.189191 0.247216 0.165931 0.134499 0.172213 0.126073 0.170151 0.163771 0.178043 0.162921 0.177839 0.162034 0.174177 0.184040 0.148310 0.192279 0.174416 0.184997 0.172383
0.526104 0.126374 0.651844 0.568946 0.393350 0.307247 0.319672 0.257428 0.188873 0.307412 0.149596 0.216989 0.179128 0.268649 0.206338 0.189203 0.202116 0.170014 0.181259 0.255432 0.233895 0.191434 0.242893 0.168263 0.137615 0.172801 0.125891 0.169457 0.162448 0.176266 0.163530 0.176530 0.158686 0.174414 0.188794 0.143470 0.196826 0.170358 0.185898 0.172800
0.511684 0.136859 0.638439 0.561380 0.399150 0.282657 0.323564 0.279800 0.165015 0.291804 0.168249 0.222244 0.209621 0.288932 0.218418 0.179754 0.201181 0.160170 0.179542 0.241653 0.230341 0.185141 0.254027 0.182762 0.147753 0.162081 0.115442 0.175962 0.185884 0.187314 0.146928 0.200722 0.155346 0.174995 0.178787 0.155550 0.176204 0.180711 0.185939 0.176924
0.523351 0.143639 0.644910 0.583814 0.415417 0.297173 0.330635 0.275523 0.185410 0.298187 0.163640 0.236634 0.193499 0.298426 0.216317 0.186181 0.213825 0.174224 0.192920 0.246775 0.246253 0.194501 0.244291 0.185238 0.140238 0.178698 0.124719 0.188061 0.182588 0.181578 0.159059 0.187308 0.155565 0.190633 0.179456 0.156431 0.180051 0.190981 0.189788 0.178619
0.445083 0.098441 0.478876 0.473992 0.287061 0.235290 0.193863 0.186009 0.093119 0.278755 0.089387 0.152770 0.124583 0.207304 0.172640 0.124559 0.115820 0.104696 0.130002 0.171718 0.154552 0.136490 0.184944 0.122346 0.076830 0.122935 0.086640 0.130807 0.117242 0.148175 0.097037 0.114759 0.124917 0.106574 0.110797 0.098919 0.119377 0.114622 0.131758 0.122379
0.502230 0.129820 0.580620 0.526766 0.385002 0.285868 0.311086 0.255388 0.164604 0.293129 0.148747 0.208952 0.172324 0.261758 0.205362 0.168768 0.207665 0.149143 0.158598 0.233186 0.218698 0.193197 0.229712 0.168732 0.123248 0.157128 0.118688 0.175597 0.173874 0.173585 0.143220 0.175009 0.150721 0.193464 0.160024 0.160554 0.150582 0.161942 0.158742 0.163619
0.433965 0.105062 0.532325 0.455947 0.334378 0.250456 0.280451 0.228235 0.174601 0.267187 0.131304 0.178458 0.158634 0.223149 0.184304 0.160541 0.205313 0.137214 0.133202 0.206892 0.178437 0.173242 0.197368 0.141249 0.129923 0.152804 0.117517 0.150274 0.151173 0.154063 0.138750 0.162267 0.142840 0.170921 0.147154 0.141710 0.154262 0.144162 0.160396 0.139864
0.484673 0.125834 0.593557 0.491044 0.339315 0.260437 0.287358 0.266646 0.162731 0.279821 0.134110 0.186550 0.175927 0.250986 0.207636 0.176506 0.184319 0.143155 0.162108 0.216750 0.200486 0.173729 0.219381 0.160110 0.125075 0.160669 0.107730 0.171343 0.152958 0.176257 0.146599 0.180665 0.149073 0.158229 0.158380 0.144628 0.160654 0.153953 0.181320 0.159724
0.418238 0.079365 0.460169 0.437885 0.264626 0.253749 0.222539 0.173121 0.122964 0.300953 0.101119 0.136805 0.145941 0.162957 0.194772 0.113860 0.119830 0.138067 0.107550 0.238380 0.149608 0.147109 0.208473 0.103493 0.100781 0.100599 0.096959 0.107795 0.125831 0.176725 0.136303 0.139357 0.161797 0.120834 0.110644 0.127384 0.106480 0.124637 0.127988 0.119076
0.521546 0.118399 0.605851 0.531747 0.363960 0.288317 0.310237 0.247750 0.150594 0.284234 0.134871 0.198508 0.171088 0.258018 0.196544 0.164969 0.185013 0.129567 0.154086 0.214990 0.202414 0.177495 0.233435 0.156269 0.115445 0.147901 0.105564 0.171768 0.161392 0.179687 0.139444 0.173417 0.151661 0.162703 0.151884 0.140663 0.159889 0.145330 0.163352 0.153824
0.522009 0.121514 0.642331 0.579293 0.397663 0.303691 0.321749 0.257930 0.181825 0.306171 0.148495 0.216959 0.175983 0.278018 0.205991 0.183897 0.202608 0.166373 0.177774 0.254068 0.235343 0.192007 0.244286 0.166615 0.136787 0.171419 0.125366 0.171654 0.167043 0.174570 0.157548 0.174970 0.158754 0.177089 0.179605 0.142531 0.187709 0.174890 0.181447 0.171263
0.508974 0.100662 0.596644 0.531589 0.344384 0.271894 0.282928 0.225972 0.150407 0.292419 0.119977 0.179621 0.154131 0.235192 0.175874 0.161125 0.183991 0.146366 0.141863 0.222681 0.198821 0.175442 0.216796 0.142413 0.110129 0.145281 0.114869 0.158035 0.161795 0.164219 0.132491 0.146246 0.154933 0.167501 0.151774 0.133805 0.156376 0.144981 0.154407 0.143003
0.400579 0.134382 0.500949 0.498853 0.396427 0.221471 0.289091 0.258046 0.157121 0.255304 0.131121 0.212414 0.159898 0.297966 0.186487 0.160308 0.147075 0.133696 0.156604 0.185649 0.248934 0.146669 0.190000 0.192797 0.115198 0.161137 0.110440 0.188146 0.142232 0.169486 0.132445 0.155310 0.136683 0.195750 0.165958 0.125197 0.151371 0.157370 0.153515 0.165032
0.338568 0.076883 0.367778 0.375520 0.219653 0.248451 0.162311 0.147585 0.120403 0.290493 0.084751 0.122361 0.108308 0.124023 0.152590 0.099168 0.117206 0.148051 0.118738 0.193908 0.121096 0.141222 0.159135 0.085467 0.081073 0.107409 0.086114 0.095629 0.088756 0.133672 0.106068 0.098356 0.126323 0.097335 0.096548 0.113158 0.108116 0.127559 0.110181 0.106221
0.535586 0.137492 0.657673 0.559393 0.394257 0.313189 0.324064 0.266427 0.191057 0.310395 0.157218 0.226377 0.189634 0.274615 0.216963 0.190691 0.206517 0.166778 0.191005 0.251343 0.233131 0.195179 0.246910 0.175264 0.134089 0.175368 0.123712 0.174269 0.164714 0.186702 0.164350 0.186359 0.157142 0.170561 0.192621 0.157268 0.195155 0.175865 0.192011 0.178134
0.389571 0.101455 0.476331 0.400928 0.321387 0.259589 0.285956 0.235455 0.171204 0.255584 0.117515 0.190057 0.156752 0.215285 0.188143 0.138340 0.188112 0.162121 0.144091 0.213736 0.203614 0.177849 0.190172 0.147131 0.117267 0.142347 0.130919 0.164382 0.142247 0.174923 0.140264 0.167783 0.146513 0.172076 0.137431 0.184898 0.132941 0.159696 0.159779 0.138716
0.410038 0.084806 0.423017 0.383497 0.251362 0.223095 0.206731 0.175322 0.114143 0.280082 0.090702 0.130721 0.115739 0.145797 0.169020 0.118046 0.135860 0.116930 0.107933 0.190393 0.150432 0.125593 0.172847 0.100459 0.083528 0.102697 0.098817 0.102227 0.113749 0.140760 0.107833 0.114294 0.132278 0.126206 0.127395 0.130778 0.123022 0.107118 0.113739 0.108834
0.450575 0.092921 0.542802 0.454882 0.300858 0.269658 0.223452 0.165595 0.113990 0.287116 0.097200 0.149587 0.124507 0.199121 0.170116 0.115875 0.137243 0.111011 0.103542 0.191846 0.170593 0.140674 0.202529 0.111787 0.086616 0.117276 0.101254 0.111140 0.124962 0.138208 0.128781 0.124189 0.139306 0.112171 0.103020 0.100373 0.126642 0.096138 0.111791 0.112367
0.463603 0.091347 0.479417 0.465815 0.285102 0.247249 0.241209 0.195485 0.124257 0.310412 0.117881 0.153710 0.147566 0.189455 0.185345 0.136186 0.149021 0.120078 0.121349 0.222062 0.146377 0.145898 0.232348 0.124367 0.113111 0.125912 0.103748 0.124205 0.151572 0.182332 0.140537 0.176874 0.148604 0.139838 0.129722 0.141198 0.122228 0.121394 0.139616 0.127017
0.379786 0.128400 0.465605 0.472308 0.352492 0.199442 0.264998 0.227530 0.141545 0.227364 0.138680 0.191824 0.150469 0.294941 0.165902 0.145933 0.143135 0.123404 0.158395 0.184860 0.213173 0.137045 0.173779 0.197280 0.110499 0.165398 0.088439 0.160726 0.135398 0.154547 0.120956 0.150758 0.111677 0.166401 0.160878 0.105252 0.135463 0.147069 0.135737 0.168303
0.286670 0.046934 0.315290 0.333415 0.197433 0.156497 0.120564 0.103992 0.044525 0.159381 0.058019 0.088004 0.064494 0.138638 0.102168 0.071007 0.060494 0.053905 0.055012 0.096622 0.091923 0.066878 0.111625 0.068870 0.063271 0.059666 0.057480 0.063078 0.064733 0.082196 0.063240 0.075224 0.061530 0.071609 0.059021 0.033285 0.072748 0.052746 0.066467 0.074575
0.427124 0.106208 0.470064 0.497497 0.316443 0.242444 0.260499 0.205679 0.147349 0.298129 0.138293 0.174312 0.166956 0.213173 0.201449 0.140890 0.151628 0.144069 0.151796 0.243876 0.175653 0.144186 0.228068 0.137053 0.120993 0.128554 0.099399 0.125198 0.151256 0.186833 0.144456 0.161813 0.158217 0.142203 0.145762 0.122813 0.130131 0.164831 0.153570 0.149366
0.375471 0.103805 0.485516 0.416975 0.311184 0.217218 0.232014 0.188562 0.143502 0.223570 0.107283 0.173847 0.102375 0.231440 0.151664 0.148833 0.165685 0.126869 0.168868 0.179121 0.216596 0.134330 0.181429 0.163463 0.111234 0.151033 0.123242 0.130328 0.124413 0.123383 0.131427 0.137505 0.127875 0.132300 0.155657 0.089748 0.157081 0.134989 0.146565 0.140691
0.356766 0.077265 0.404694 0.347866 0.239586 0.198398 0.244819 0.182662 0.144605 0.229270 0.107797 0.114752 0.134313 0.153488 0.155435 0.116731 0.147389 0.104253 0.088211 0.180784 0.127484 0.153404 0.152829 0.096726 0.102695 0.090082 0.072616 0.120206 0.122961 0.125342 0.105738 0.113726 0.150195 0.114248 0.113549 0.093250 0.115429 0.101764 0.122875 0.116067
0.389497 0.106523 0.489728 0.470806 0.346310 0.214119 0.241970 0.206789 0.150146 0.241274 0.125300 0.184277 0.145994 0.236749 0.156313 0.151420 0.159686 0.131460 0.154337 0.170416 0.212876 0.139294 0.177132 0.154583 0.095900 0.156609 0.098259 0.143848 0.133663 0.146370 0.119006 0.122382 0.114080 0.166727 0.157415 0.120388 0.159606 0.144979 0.148885 0.130951
0.234650 0.041178 0.277730 0.241506 0.158803 0.145281 0.132145 0.087276 0.099093 0.139569 0.066491 0.090387 0.065050 0.123336 0.087389 0.066286 0.079900 0.087850 0.073682 0.124055 0.105711 0.126675 0.074768 0.079128 0.054966 0.058886 0.062613 0.047005 0.043748 0.058803 0.070976 0.047821 0.074326 0.083257 0.066830 0.064550 0.068051 0.068601 0.060937 0.068032
0.442538 0.131639 0.545613 0.520473 0.403884 0.263654 0.316621 0.253772 0.175971 0.283197 0.149165 0.200495 0.162022 0.298368 0.194068 0.160671 0.170892 0.140959 0.159999 0.212372 0.237688 0.153875 0.212232 0.191729 0.138958 0.162860 0.114075 0.169991 0.159137 0.174165 0.153871 0.169749 0.150348 0.176903 0.174598 0.112247 0.167303 0.155843 0.158195 0.175795
0.477741 0.137187 0.587764 0.557544 0.404838 0.283812 0.301571 0.257596 0.176864 0.272650 0.155056 0.229940 0.175605 0.279340 0.194431 0.181244 0.191642 0.147989 0.190290 0.208563 0.225147 0.175284 0.223342 0.176218 0.128853 0.173141 0.109359 0.175526 0.158856 0.175006 0.142175 0.167281 0.128156 0.181731 0.177837 0.138840 0.178278 0.176408 0.177071 0.166912
0.414767 0.105319 0.461075 0.483709 0.322840 0.237460 0.271485 0.216070 0.161946 0.312603 0.130262 0.168212 0.158364 0.197660 0.199810 0.137596 0.155468 0.160284 0.134258 0.238611 0.192481 0.168676 0.205352 0.144483 0.120062 0.123813 0.109217 0.151032 0.138725 0.170367 0.124572 0.148152 0.183478 0.161445 0.144438 0.137921 0.127401 0.138748 0.147119 0.137514
0.452613 0.097603 0.484703 0.463415 0.315559 0.258953 0.256178 0.203947 0.151370 0.324354 0.114258 0.161873 0.157272 0.186019 0.196134 0.140557 0.157633 0.149710 0.129039 0.252714 0.180479 0.170250 0.217381 0.134183 0.108415 0.126104 0.113174 0.127201 0.135236 0.173573 0.145936 0.152852 0.169169 0.157330 0.151150 0.146590 0.135183 0.138087 0.148367 0.146359
0.441027 0.103680 0.486905 0.511012 0.314695 0.241068 0.249849 0.210726 0.142543 0.292197 0.130552 0.186297 0.181127 0.224479 0.183583 0.143162 0.131975 0.139022 0.122647 0.242113 0.176373 0.166026 0.221411 0.133793 0.103777 0.135668 0.091283 0.147346 0.134356 0.169473 0.134864 0.174343 0.140191 0.148129 0.135421 0.149185 0.123717 0.142307 0.142611 0.140567
0.407689 0.080203 0.433328 0.424790 0.268404 0.243856 0.229365 0.177089 0.147344 0.300792 0.107288 0.144174 0.140577 0.167372 0.187201 0.120537 0.138913 0.151327 0.133316 0.231226 0.165374 0.156433 0.185351 0.117647 0.101253 0.111628 0.099446 0.117524 0.119175 0.183766 0.130768 0.128910 0.169343 0.136411 0.136106 0.136158 0.127634 0.139140 0.140590 0.127895
0.441057 0.141390 0.543023 0.514537 0.407335 0.249292 0.330793 0.268383 0.177548 0.278348 0.157003 0.213467 0.181194 0.316442 0.212764 0.158173 0.174471 0.153068 0.157481 0.231033 0.244016 0.173713 0.206693 0.208473 0.139976 0.166922 0.122890 0.187336 0.164838 0.179127 0.151483 0.181702 0.159248 0.193449 0.172061 0.137634 0.153719 0.164997 0.167248 0.188990
0.535577 0.122647 0.654140 0.551980 0.366841 0.294009 0.312594 0.258842 0.165300 0.294616 0.140707 0.194843 0.174370 0.264373 0.199610 0.182446 0.201646 0.146594 0.168384 0.231069 0.209896 0.178949 0.244371 0.158718 0.129033 0.163561 0.109876 0.165895 0.163036 0.176122 0.157893 0.178085 0.157299 0.162478 0.160666 0.132521 0.177305 0.157003 0.180016 0.163213
0.268055 0.061074 0.329656 0.277256 0.185542 0.195080 0.158507 0.124695 0.123910 0.183688 0.066935 0.102478 0.090277 0.113826 0.101177 0.107427 0.162111 0.142202 0.110518 0.156751 0.120100 0.116394 0.128569 0.077500 0.085924 0.101024 0.085810 0.084379 0.113018 0.099363 0.104580 0.106560 0.100991 0.084980 0.108114 0.081635 0.106250 0.118092 0.104427 0.096053
0.523657 0.117901 0.638001 0.542515 0.355932 0.292395 0.291857 0.237633 0.177155 0.309030 0.132861 0.192322 0.166401 0.245980 0.187445 0.183002 0.205387 0.161993 0.171063 0.232776 0.211659 0.184913 0.229522 0.155778 0.117335 0.170817 0.121859 0.157563 0.160139 0.176531 0.161553 0.165157 0.159574 0.164494 0.166850 0.136915 0.183094 0.162398 0.179008 0.161750
0.496074 0.131234 0.557101 0.529011 0.367397 0.291911 0.282017 0.241713 0.162000 0.335721 0.133202 0.203667 0.155439 0.247420 0.218714 0.171452 0.191599 0.153388 0.190127 0.243685 0.209959 0.179724 0.255049 0.170535 0.126856 0.164178 0.130893 0.163769 0.160237 0.202266 0.162145 0.186781 0.178255 0.171984 0.165383 0.150070 0.158249 0.177165 0.177160 0.168262
0.498873 0.108173 0.593441 0.528035 0.357023 0.289711 0.290233 0.234452 0.162917 0.294800 0.124288 0.193741 0.165146 0.240928 0.195294 0.161215 0.185981 0.151143 0.160532 0.230215 0.207462 0.169018 0.247029 0.143583 0.124590 0.139936 0.101979 0.147840 0.142941 0.178622 0.145995 0.171051 0.161611 0.147013 0.171334 0.127381 0.167620 0.132193 0.165721 0.148930
0.477927 0.111603 0.569315 0.525659 0.341883 0.269355 0.283607 0.240794 0.152188 0.295776 0.138492 0.176656 0.174130 0.233362 0.218682 0.149876 0.158694 0.154194 0.152168 0.254404 0.201451 0.159665 0.244758 0.146851 0.132847 0.135427 0.109969 0.151205 0.147368 0.178565 0.143492 0.169019 0.167204 0.145027 0.155665 0.131779 0.157708 0.159992 0.175518 0.160204
