0.416991 0.081638 0.497624 0.438581 0.277578 0.220814 0.224902 0.180836 0.110832 0.234716 0.104657 0.135812 0.126966 0.197965 0.146573 0.126557 0.131102 0.105023 0.108437 0.170883 0.148695 0.123752 0.173694 0.115743 0.084766 0.114927 0.076994 0.110057 0.116067 0.133680 0.112489 0.119345 0.109113 0.112183 0.120189 0.089540 0.128012 0.102684 0.121476 0.114623
0.429084 0.093887 0.528597 0.460019 0.304217 0.242697 0.243010 0.198242 0.136485 0.251355 0.111036 0.164273 0.131116 0.211042 0.158464 0.140103 0.148790 0.129943 0.135734 0.195924 0.182096 0.143479 0.194784 0.126544 0.099019 0.129562 0.094053 0.127162 0.125419 0.139260 0.125186 0.133749 0.122401 0.130299 0.137977 0.108253 0.144182 0.129810 0.137190 0.130702
0.430096 0.095123 0.528534 0.466517 0.313204 0.245566 0.247742 0.199501 0.139639 0.246490 0.113559 0.167428 0.135409 0.214698 0.159292 0.145075 0.149331 0.129285 0.136238 0.197640 0.181534 0.145847 0.191642 0.129570 0.102300 0.130801 0.094183 0.126794 0.124428 0.138244 0.126184 0.133069 0.120183 0.131059 0.142969 0.104348 0.149289 0.127056 0.138604 0.131826
0.415792 0.100552 0.511536 0.459030 0.314491 0.225552 0.248832 0.212342 0.121671 0.232284 0.126185 0.169449 0.154415 0.229146 0.165514 0.136320 0.148493 0.119176 0.133936 0.186413 0.176674 0.140058 0.196801 0.138057 0.107951 0.121793 0.084942 0.129426 0.139301 0.143605 0.112240 0.147274 0.115575 0.130146 0.134056 0.111332 0.132917 0.133518 0.136487 0.133143
0.422970 0.104873 0.516183 0.475096 0.323980 0.233053 0.253006 0.209951 0.133673 0.236311 0.121997 0.179279 0.142049 0.236014 0.163236 0.140018 0.156004 0.129302 0.142262 0.189200 0.187809 0.145421 0.190043 0.139436 0.103038 0.133324 0.091971 0.139782 0.138380 0.138788 0.119606 0.138599 0.116459 0.141224 0.132449 0.111780 0.133583 0.141506 0.138208 0.133528
0.383522 0.078043 0.415081 0.411678 0.244561 0.202418 0.165806 0.156923 0.078716 0.237292 0.076075 0.128436 0.103726 0.176381 0.145033 0.103808 0.097350 0.090637 0.108611 0.149584 0.131483 0.114006 0.159169 0.100703 0.066229 0.100664 0.070248 0.105346 0.096993 0.124868 0.083515 0.097518 0.103667 0.089113 0.092480 0.079903 0.097527 0.096612 0.109626 0.101845
0.405555 0.094590 0.467796 0.432611 0.301998 0.224642 0.238706 0.195180 0.119153 0.232075 0.112721 0.158793 0.126959 0.209838 0.156219 0.126416 0.152741 0.110660 0.118244 0.177308 0.166914 0.143424 0.178734 0.127925 0.090752 0.117078 0.086723 0.128976 0.130681 0.132298 0.107629 0.129168 0.112468 0.141416 0.118893 0.113891 0.113849 0.120332 0.116472 0.122271
0.344126 0.075050 0.416241 0.363311 0.257342 0.192622 0.211218 0.169418 0.124047 0.204275 0.095354 0.132620 0.112721 0.174845 0.135982 0.116063 0.146152 0.097719 0.096884 0.150532 0.133827 0.126257 0.150388 0.105189 0.092986 0.108213 0.080919 0.106665 0.108618 0.114474 0.100874 0.116949 0.103332 0.120593 0.107261 0.097513 0.112222 0.101484 0.111890 0.101434
0.386461 0.090513 0.468610 0.395509 0.261460 0.203938 0.216410 0.199653 0.117770 0.221866 0.099329 0.140052 0.127984 0.194478 0.153685 0.130791 0.132734 0.107723 0.120008 0.163788 0.152490 0.130296 0.168250 0.118740 0.090105 0.118476 0.077417 0.123027 0.112433 0.133210 0.111332 0.131306 0.109598 0.114678 0.117842 0.103802 0.119066 0.111759 0.130542 0.117364
0.360758 0.065233 0.391845 0.378681 0.225058 0.214055 0.181503 0.142717 0.096930 0.252733 0.082331 0.113880 0.113663 0.143120 0.160209 0.093246 0.094444 0.112341 0.091153 0.195458 0.124571 0.119880 0.174003 0.087586 0.080492 0.082721 0.077705 0.084820 0.100598 0.146854 0.113334 0.112031 0.130857 0.096277 0.091428 0.098434 0.087256 0.100291 0.101752 0.099197
0.422238 0.088033 0.486468 0.436303 0.289324 0.228036 0.239935 0.189550 0.111481 0.227171 0.103905 0.153290 0.126321 0.207633 0.150595 0.124474 0.136475 0.097496 0.115838 0.165805 0.155680 0.133791 0.181753 0.120715 0.086237 0.111373 0.078010 0.125724 0.121773 0.137358 0.106306 0.129169 0.112628 0.121675 0.114858 0.101287 0.121081 0.108621 0.119699 0.116707
0.428357 0.091228 0.522480 0.477500 0.317920 0.242984 0.250276 0.200984 0.134196 0.246336 0.113023 0.167849 0.133076 0.224147 0.159520 0.141187 0.150419 0.126556 0.133776 0.197309 0.183284 0.146917 0.193339 0.128697 0.102100 0.130054 0.094182 0.129466 0.129265 0.136971 0.121259 0.132204 0.120901 0.133938 0.135275 0.104113 0.141889 0.131890 0.135330 0.130960
0.421092 0.077542 0.492801 0.443159 0.278187 0.219388 0.223523 0.179275 0.111170 0.235822 0.094083 0.142425 0.115895 0.195022 0.137955 0.123936 0.136979 0.111905 0.109829 0.174104 0.157068 0.133627 0.174619 0.111714 0.083969 0.111543 0.085343 0.119890 0.124549 0.128224 0.103560 0.112844 0.116867 0.125912 0.114877 0.097442 0.118865 0.110971 0.115577 0.110565
0.328401 0.096040 0.409775 0.411388 0.311569 0.179813 0.221985 0.194176 0.115542 0.204370 0.098588 0.159863 0.119289 0.233054 0.141811 0.121117 0.109892 0.102281 0.115823 0.146173 0.190668 0.113112 0.149080 0.143740 0.085948 0.120403 0.081950 0.140563 0.108503 0.129120 0.100132 0.115696 0.102066 0.145217 0.123531 0.088979 0.113873 0.116829 0.114081 0.122475
0.290810 0.062123 0.313420 0.320343 0.186471 0.203950 0.134460 0.123362 0.092801 0.242709 0.067336 0.101350 0.086617 0.108147 0.128235 0.081157 0.091718 0.121829 0.096965 0.159175 0.103068 0.114422 0.134823 0.072262 0.065907 0.085722 0.069828 0.077252 0.072105 0.112434 0.088907 0.082329 0.105510 0.079976 0.078258 0.089155 0.086264 0.100721 0.089756 0.087220
0.432661 0.101242 0.527101 0.452248 0.308018 0.246975 0.248029 0.202699 0.139158 0.245638 0.118419 0.171166 0.140778 0.215903 0.164672 0.142923 0.151427 0.123866 0.141314 0.191630 0.177403 0.146135 0.192622 0.132410 0.098152 0.129970 0.090098 0.126897 0.124007 0.144002 0.125004 0.138201 0.117337 0.125518 0.143677 0.113317 0.145935 0.128359 0.140365 0.133229
0.300449 0.069892 0.359836 0.312338 0.235635 0.188424 0.207917 0.169780 0.117614 0.191285 0.083592 0.135947 0.107194 0.162792 0.132616 0.097774 0.127655 0.113869 0.102384 0.152540 0.145435 0.126100 0.138198 0.105398 0.080819 0.100759 0.090431 0.113783 0.100324 0.124435 0.099512 0.116606 0.102497 0.119215 0.095385 0.127981 0.092913 0.110992 0.109693 0.097694
0.347588 0.066635 0.361661 0.328446 0.205699 0.189361 0.166384 0.143073 0.088151 0.231317 0.074591 0.104114 0.092952 0.127684 0.138400 0.092160 0.105963 0.094787 0.086996 0.152942 0.118426 0.101132 0.144214 0.080880 0.065651 0.081844 0.072416 0.077412 0.088793 0.116327 0.088473 0.091523 0.103217 0.094135 0.100192 0.101113 0.097452 0.083492 0.088953 0.087622
0.386602 0.074668 0.464703 0.398043 0.256331 0.228958 0.187453 0.142383 0.093078 0.240214 0.081095 0.125863 0.101406 0.170002 0.140136 0.097350 0.110870 0.092460 0.088145 0.159387 0.141401 0.113653 0.170653 0.093323 0.070589 0.095940 0.079163 0.089733 0.100474 0.118082 0.105417 0.101575 0.111961 0.092161 0.088595 0.079437 0.104155 0.080846 0.091518 0.093759
0.387026 0.072461 0.398860 0.390479 0.232209 0.201767 0.193287 0.156574 0.096737 0.254380 0.095048 0.123706 0.113649 0.160522 0.148847 0.106439 0.114573 0.097039 0.098834 0.178501 0.120042 0.117421 0.188085 0.101416 0.088164 0.098555 0.079431 0.094786 0.117258 0.145497 0.113502 0.138654 0.117499 0.108579 0.102782 0.108198 0.095960 0.096012 0.107825 0.103071
0.310139 0.092401 0.379902 0.386333 0.276947 0.160600 0.204742 0.171947 0.103958 0.183304 0.103683 0.147211 0.113572 0.229292 0.127170 0.110121 0.106181 0.094025 0.116196 0.144649 0.166429 0.104364 0.136361 0.147606 0.081000 0.124463 0.069101 0.121893 0.104029 0.119195 0.092630 0.112081 0.086091 0.126779 0.118006 0.079184 0.102124 0.110294 0.100987 0.122994
0.264601 0.043765 0.292429 0.309382 0.184899 0.147423 0.116805 0.098189 0.045727 0.148730 0.055247 0.083451 0.061650 0.128200 0.096982 0.067118 0.057245 0.052956 0.053635 0.093713 0.087115 0.064784 0.102917 0.064335 0.060008 0.055520 0.053687 0.059320 0.061587 0.077847 0.058596 0.069193 0.057991 0.067851 0.056262 0.032871 0.067749 0.053041 0.061893 0.069088
0.357851 0.081467 0.389451 0.414651 0.256089 0.200160 0.204542 0.161420 0.110706 0.244023 0.106977 0.137890 0.127108 0.177503 0.160014 0.108943 0.115099 0.112786 0.118283 0.198079 0.140360 0.115903 0.184202 0.108285 0.092366 0.099881 0.077487 0.095937 0.117432 0.150029 0.114939 0.124991 0.125047 0.109993 0.112307 0.094075 0.099966 0.127738 0.116164 0.118814
0.300033 0.076297 0.390392 0.338389 0.240224 0.172064 0.177623 0.145511 0.106697 0.178025 0.080349 0.131272 0.079732 0.177268 0.115443 0.112872 0.121320 0.096809 0.122207 0.138288 0.165191 0.101551 0.140953 0.120569 0.081089 0.113906 0.092559 0.099745 0.094889 0.096731 0.099796 0.102115 0.098287 0.100010 0.114216 0.068992 0.116202 0.101393 0.108266 0.104525
0.277134 0.053250 0.306848 0.269731 0.182048 0.148754 0.178629 0.134267 0.100077 0.170376 0.075557 0.085849 0.091709 0.117819 0.111849 0.083681 0.103966 0.072421 0.064104 0.126982 0.091706 0.110978 0.114559 0.069837 0.069560 0.062480 0.047209 0.081165 0.084455 0.091672 0.076807 0.080208 0.104702 0.080046 0.081091 0.063800 0.081727 0.068984 0.083610 0.080861
0.319226 0.077394 0.403163 0.385862 0.275784 0.174913 0.188701 0.159533 0.110875 0.194632 0.095029 0.139990 0.110522 0.190382 0.121964 0.114376 0.117735 0.099263 0.114255 0.135211 0.166840 0.107003 0.142008 0.118595 0.071967 0.117065 0.072841 0.108587 0.102085 0.115117 0.091865 0.094799 0.086938 0.124293 0.118643 0.086708 0.119574 0.107691 0.111271 0.100679
0.209137 0.034580 0.243044 0.216892 0.138263 0.124263 0.114412 0.077563 0.076790 0.121389 0.055228 0.075327 0.054791 0.104911 0.074214 0.056861 0.062924 0.065477 0.060850 0.098175 0.084284 0.096565 0.067603 0.066233 0.047147 0.048535 0.048081 0.038627 0.039013 0.053840 0.057372 0.043259 0.059318 0.064529 0.054357 0.048963 0.056796 0.054108 0.050230 0.053836
0.361475 0.095244 0.443153 0.426665 0.318631 0.210210 0.243620 0.193111 0.129374 0.224083 0.111350 0.154079 0.121984 0.234588 0.147895 0.122446 0.126731 0.106239 0.118995 0.163898 0.182987 0.118444 0.165980 0.143345 0.101372 0.121269 0.083372 0.126382 0.118754 0.134249 0.115904 0.125408 0.111924 0.133536 0.130032 0.082284 0.126186 0.115316 0.116316 0.129489
0.387539 0.100472 0.474550 0.452547 0.320586 0.224935 0.233781 0.194743 0.129935 0.218138 0.116051 0.174869 0.130490 0.221449 0.150073 0.136318 0.140356 0.110488 0.139437 0.162799 0.175495 0.132922 0.175086 0.134432 0.096652 0.128100 0.082822 0.130042 0.120622 0.134292 0.108663 0.125684 0.098493 0.136123 0.132246 0.098502 0.133730 0.129152 0.130461 0.125993
0.342942 0.079484 0.380221 0.401521 0.258877 0.193997 0.209983 0.168883 0.119735 0.253769 0.100228 0.131551 0.117107 0.163194 0.156629 0.105453 0.117445 0.123143 0.104597 0.186026 0.150401 0.131549 0.163980 0.112175 0.091280 0.095893 0.084369 0.114175 0.105522 0.132874 0.097762 0.113361 0.141988 0.121958 0.108277 0.102693 0.097397 0.105548 0.111309 0.105599
0.380296 0.076602 0.405445 0.390520 0.259316 0.213098 0.204257 0.163604 0.114985 0.265276 0.090490 0.130462 0.121827 0.157712 0.157361 0.110248 0.120052 0.117096 0.104386 0.199455 0.144122 0.133158 0.178370 0.107633 0.083929 0.098434 0.085474 0.096039 0.105141 0.140633 0.116882 0.119605 0.131310 0.119711 0.117880 0.110096 0.106556 0.106507 0.114992 0.115054
0.371216 0.081032 0.405150 0.428627 0.258721 0.196508 0.201380 0.168516 0.108456 0.240001 0.103541 0.147940 0.137332 0.188360 0.146226 0.114253 0.103591 0.110020 0.101002 0.194457 0.143429 0.131430 0.179643 0.109541 0.083228 0.106860 0.072958 0.113492 0.108799 0.135848 0.108580 0.137081 0.111078 0.116765 0.107105 0.110814 0.097732 0.112602 0.111825 0.113148
0.340139 0.062515 0.357060 0.355227 0.218872 0.198154 0.178995 0.139476 0.109682 0.246469 0.084232 0.114583 0.106371 0.140550 0.149907 0.092467 0.102054 0.116318 0.104341 0.181868 0.129910 0.120112 0.150502 0.093748 0.077337 0.086703 0.074728 0.087777 0.090709 0.148218 0.104682 0.101439 0.129348 0.103032 0.105085 0.102300 0.097841 0.105117 0.106029 0.100095
0.356940 0.100376 0.433681 0.418536 0.315430 0.195913 0.251778 0.201115 0.128501 0.216725 0.115378 0.161644 0.132823 0.244830 0.157622 0.118986 0.128596 0.112863 0.116477 0.174880 0.183377 0.130258 0.159801 0.153440 0.100567 0.123501 0.089063 0.137408 0.122566 0.135794 0.112572 0.132446 0.117032 0.142807 0.125995 0.099431 0.114098 0.121203 0.121107 0.136895
0.437788 0.091850 0.529335 0.454397 0.293377 0.235471 0.242561 0.199909 0.122947 0.237271 0.107486 0.152031 0.131301 0.212305 0.153594 0.139193 0.149260 0.112660 0.127686 0.180345 0.164124 0.137758 0.192348 0.122450 0.096032 0.123486 0.081909 0.123678 0.124645 0.136905 0.120981 0.133162 0.118636 0.122092 0.122719 0.097184 0.134557 0.117722 0.133561 0.124023
0.206372 0.046821 0.250947 0.214803 0.137456 0.140837 0.114951 0.095003 0.084630 0.135369 0.047006 0.075912 0.065319 0.089864 0.074484 0.078941 0.113896 0.104527 0.079479 0.112884 0.089622 0.083237 0.095343 0.056257 0.059458 0.073462 0.060099 0.063039 0.081812 0.071163 0.074907 0.074240 0.073905 0.061718 0.074928 0.057167 0.076266 0.085205 0.071945 0.067925
0.429288 0.088931 0.519289 0.446172 0.283993 0.233443 0.227750 0.186072 0.129799 0.246568 0.102308 0.150285 0.125719 0.198767 0.145618 0.139251 0.150542 0.122613 0.129769 0.181682 0.165515 0.140282 0.182562 0.120073 0.087882 0.128313 0.089788 0.118468 0.122294 0.137531 0.123816 0.125234 0.119463 0.123028 0.127176 0.100219 0.138271 0.121480 0.133172 0.123391
0.406593 0.099550 0.453828 0.436699 0.294183 0.234799 0.221135 0.187078 0.122481 0.272770 0.103124 0.158576 0.118870 0.199322 0.171789 0.130292 0.142708 0.120306 0.143848 0.194805 0.165411 0.139854 0.204274 0.132330 0.096281 0.124316 0.099268 0.123653 0.123462 0.159444 0.126996 0.142957 0.140137 0.131442 0.126145 0.113415 0.120041 0.133689 0.132763 0.129611
0.409250 0.084507 0.483609 0.435255 0.286763 0.233134 0.226179 0.183138 0.122901 0.242357 0.097141 0.151277 0.125227 0.193295 0.154700 0.124183 0.140649 0.115315 0.122453 0.179296 0.162342 0.130565 0.194096 0.111248 0.094685 0.107424 0.078788 0.111332 0.110485 0.139172 0.112423 0.128799 0.124236 0.112713 0.129089 0.094941 0.128996 0.101725 0.124223 0.114521
0.399413 0.085414 0.467930 0.438230 0.277277 0.221409 0.221427 0.187921 0.115036 0.243683 0.106035 0.139106 0.131630 0.190577 0.171643 0.116781 0.120321 0.120769 0.118068 0.201293 0.159135 0.126760 0.197450 0.115156 0.100225 0.105144 0.085271 0.114665 0.115549 0.144027 0.113691 0.129239 0.130623 0.111552 0.119498 0.099149 0.121125 0.122248 0.132624 0.124251
