0.499205 0.106206 0.599555 0.521662 0.338497 0.266834 0.281943 0.227378 0.146053 0.286262 0.132354 0.168987 0.164578 0.239095 0.185920 0.162820 0.173563 0.135127 0.138660 0.213060 0.184846 0.158106 0.215114 0.145937 0.111478 0.149039 0.102459 0.145526 0.150326 0.168205 0.142566 0.155785 0.142981 0.146415 0.152220 0.119218 0.163527 0.133858 0.161261 0.146628
0.523258 0.125446 0.648706 0.559434 0.383067 0.303779 0.313329 0.255083 0.185021 0.312217 0.146623 0.213007 0.174537 0.263803 0.205509 0.183551 0.201226 0.170482 0.180411 0.253277 0.234165 0.188179 0.246145 0.165014 0.133747 0.171251 0.125439 0.169340 0.162969 0.177201 0.162149 0.176866 0.161100 0.173159 0.182827 0.147280 0.191173 0.173296 0.183951 0.171552
0.523709 0.125878 0.647742 0.565787 0.391104 0.305821 0.317492 0.255751 0.187448 0.305964 0.148852 0.215716 0.177997 0.267062 0.205317 0.188289 0.200595 0.169100 0.180132 0.253823 0.232655 0.190429 0.241833 0.167361 0.136861 0.171856 0.125263 0.168665 0.161657 0.175436 0.162766 0.175569 0.157778 0.173410 0.187580 0.142464 0.195721 0.169286 0.184848 0.171985
0.509405 0.136076 0.634252 0.558206 0.396508 0.281469 0.321305 0.277709 0.163901 0.290238 0.167230 0.220842 0.207979 0.286979 0.217184 0.178862 0.199742 0.159279 0.178484 0.240056 0.229004 0.184218 0.252694 0.181572 0.146765 0.161223 0.114895 0.174988 0.184671 0.186251 0.146292 0.199252 0.154221 0.173940 0.177710 0.154312 0.175259 0.179476 0.184762 0.175994
0.520927 0.142847 0.640677 0.580683 0.412721 0.295662 0.328367 0.273594 0.183958 0.296751 0.162681 0.235111 0.192076 0.296550 0.215086 0.185250 0.212117 0.173170 0.191624 0.245209 0.244872 0.193407 0.243230 0.184095 0.139441 0.177696 0.124088 0.187080 0.181564 0.180595 0.158262 0.186189 0.154673 0.189388 0.178298 0.155258 0.178995 0.189733 0.188634 0.177720
0.443048 0.098002 0.476212 0.471881 0.285413 0.234266 0.192890 0.185174 0.092851 0.277137 0.089124 0.152115 0.124030 0.206216 0.171699 0.124112 0.115509 0.104462 0.129336 0.170988 0.153942 0.136079 0.184350 0.121593 0.076684 0.122409 0.086436 0.130004 0.116757 0.147629 0.096781 0.114317 0.124291 0.106206 0.110305 0.098425 0.118692 0.114154 0.131221 0.121935
0.499880 0.129077 0.576365 0.524123 0.382444 0.284391 0.308681 0.253453 0.163292 0.291510 0.147958 0.207728 0.171006 0.260188 0.204171 0.167877 0.205984 0.148194 0.157662 0.231630 0.217512 0.191973 0.228680 0.167696 0.122574 0.156320 0.117988 0.174518 0.172777 0.172622 0.142486 0.173938 0.149863 0.191888 0.159101 0.159325 0.149908 0.160975 0.157892 0.162758
0.431746 0.104541 0.528571 0.453632 0.332592 0.249252 0.278515 0.226688 0.173124 0.265721 0.130623 0.177510 0.157351 0.221799 0.183271 0.159552 0.203588 0.136336 0.132448 0.205418 0.177728 0.172013 0.196456 0.140504 0.129142 0.151714 0.116696 0.149530 0.150147 0.153200 0.138026 0.161167 0.141956 0.169739 0.146390 0.140441 0.153463 0.142987 0.159270 0.139119
0.482653 0.125120 0.590051 0.488588 0.337368 0.259266 0.285264 0.264706 0.161646 0.278467 0.133393 0.185519 0.174701 0.249156 0.206347 0.175570 0.183139 0.142565 0.161190 0.215439 0.199535 0.172916 0.218482 0.159109 0.124274 0.159759 0.107226 0.170302 0.152056 0.175280 0.145982 0.179446 0.148086 0.157350 0.157546 0.143546 0.159809 0.152959 0.180099 0.158802
0.416669 0.079174 0.457463 0.435464 0.263460 0.252812 0.220949 0.172106 0.122308 0.299263 0.100690 0.136272 0.144914 0.162346 0.193778 0.113467 0.119094 0.137495 0.107391 0.236816 0.149024 0.146485 0.207453 0.103205 0.100284 0.100374 0.096542 0.107303 0.125129 0.175717 0.135728 0.138600 0.160747 0.120206 0.110226 0.126490 0.106192 0.124165 0.127393 0.118685
0.519141 0.117881 0.601399 0.528871 0.361969 0.286779 0.308033 0.245922 0.149570 0.282670 0.134271 0.197438 0.169889 0.256471 0.195411 0.164123 0.183736 0.129004 0.153167 0.213691 0.201387 0.176632 0.232358 0.155440 0.114818 0.147210 0.105109 0.170742 0.160473 0.178660 0.138751 0.172366 0.150675 0.161803 0.151101 0.139621 0.159040 0.144583 0.162379 0.153129
0.519562 0.121040 0.638173 0.576076 0.395430 0.302257 0.319570 0.256266 0.180459 0.304724 0.147759 0.215698 0.174877 0.276409 0.204973 0.183019 0.201096 0.165481 0.176675 0.252476 0.234117 0.191003 0.243227 0.165727 0.136048 0.170484 0.124744 0.170865 0.166253 0.173739 0.156803 0.174021 0.157858 0.176087 0.178439 0.141545 0.186654 0.173825 0.180431 0.170458
0.506512 0.100401 0.593030 0.528701 0.342623 0.270649 0.281031 0.224657 0.149284 0.290932 0.119526 0.178800 0.152991 0.234115 0.175023 0.160319 0.182691 0.145558 0.141112 0.221294 0.197896 0.174367 0.215876 0.141690 0.109639 0.144621 0.114199 0.157261 0.160886 0.163322 0.131937 0.145447 0.153946 0.166472 0.150826 0.132756 0.155496 0.144159 0.153527 0.142392
0.398372 0.133388 0.497891 0.496415 0.393264 0.220377 0.286764 0.255894 0.155990 0.253632 0.130277 0.210787 0.158762 0.295437 0.185311 0.159376 0.146222 0.132953 0.155536 0.184469 0.247085 0.146157 0.189126 0.191088 0.114648 0.160145 0.109955 0.186892 0.141525 0.168348 0.131631 0.154275 0.135800 0.194128 0.164741 0.124256 0.150441 0.156299 0.152525 0.163787
0.337415 0.076632 0.365418 0.373779 0.218699 0.247228 0.161400 0.146850 0.119582 0.288767 0.084384 0.121890 0.107686 0.123687 0.151902 0.098905 0.116214 0.147338 0.118146 0.192834 0.120617 0.140636 0.158553 0.085185 0.080807 0.107018 0.085707 0.095104 0.088426 0.133102 0.105665 0.098000 0.125808 0.096841 0.096064 0.112478 0.107609 0.126777 0.109861 0.105890
0.533192 0.136822 0.653437 0.556182 0.391739 0.311667 0.321837 0.264584 0.189576 0.308916 0.156423 0.224868 0.188356 0.272831 0.215752 0.189682 0.204944 0.165841 0.189765 0.249684 0.231796 0.194075 0.245839 0.174241 0.133316 0.174341 0.123060 0.173298 0.163873 0.185735 0.163569 0.185239 0.156200 0.169523 0.191363 0.156110 0.194010 0.174669 0.190853 0.177226
0.387945 0.100909 0.472731 0.398921 0.319021 0.257907 0.283674 0.233388 0.169677 0.254021 0.116861 0.188785 0.155387 0.213685 0.186812 0.137660 0.186263 0.160895 0.143186 0.212166 0.202184 0.176669 0.189164 0.146292 0.116500 0.141659 0.129867 0.163240 0.141239 0.173523 0.139275 0.166469 0.145385 0.170767 0.136592 0.183226 0.132257 0.158561 0.158781 0.137934
0.408367 0.084456 0.420589 0.381571 0.249736 0.222297 0.204983 0.174242 0.113447 0.278309 0.090445 0.130090 0.115115 0.145182 0.168086 0.117456 0.134945 0.116369 0.107554 0.189216 0.149708 0.124952 0.172139 0.099870 0.083154 0.102230 0.098138 0.101558 0.113118 0.140069 0.107470 0.113699 0.131524 0.125098 0.126605 0.129793 0.122497 0.106490 0.113220 0.108327
0.448262 0.092634 0.538998 0.452580 0.299323 0.268386 0.221991 0.164918 0.113399 0.285447 0.096909 0.149127 0.123890 0.198236 0.169259 0.115558 0.136556 0.110563 0.103115 0.190745 0.169930 0.139887 0.201759 0.111354 0.086291 0.116728 0.100779 0.110649 0.124190 0.137844 0.128140 0.123698 0.138516 0.111728 0.102824 0.099861 0.126118 0.095860 0.111384 0.112103
0.461817 0.091116 0.476670 0.463443 0.283608 0.246229 0.239614 0.194290 0.123657 0.308677 0.117425 0.153036 0.146685 0.188535 0.184480 0.135574 0.148146 0.119717 0.121082 0.220806 0.145900 0.145486 0.231243 0.123849 0.112520 0.125338 0.103243 0.123574 0.150630 0.181316 0.139930 0.175832 0.147842 0.139083 0.129218 0.140269 0.121761 0.120846 0.138875 0.126644
0.377783 0.127493 0.462820 0.469802 0.349907 0.198541 0.263106 0.225812 0.140495 0.226076 0.137801 0.190461 0.149504 0.292675 0.165056 0.145164 0.142255 0.122862 0.157316 0.183546 0.211624 0.136526 0.173100 0.195617 0.109894 0.164360 0.088194 0.159805 0.134761 0.153737 0.120337 0.149796 0.111132 0.165207 0.159634 0.104811 0.134673 0.146122 0.134875 0.166994
0.285091 0.046896 0.312876 0.331844 0.196499 0.156080 0.119992 0.103473 0.044515 0.158733 0.057978 0.087844 0.064410 0.138118 0.101920 0.070891 0.060334 0.053817 0.054913 0.096295 0.091672 0.066745 0.111306 0.068603 0.063218 0.059430 0.057421 0.062945 0.064674 0.081978 0.063077 0.075007 0.061474 0.071478 0.058942 0.033320 0.072575 0.052716 0.066253 0.074396
0.425413 0.105697 0.467527 0.494645 0.314603 0.241479 0.258832 0.204381 0.146491 0.296437 0.137467 0.173276 0.165820 0.212018 0.200392 0.140159 0.150644 0.143436 0.151088 0.242354 0.174786 0.143847 0.226923 0.136279 0.120276 0.127941 0.098971 0.124623 0.150373 0.185763 0.143799 0.160849 0.157245 0.141343 0.144846 0.121997 0.129438 0.163921 0.152608 0.148731
0.373408 0.103362 0.482680 0.414804 0.309139 0.216171 0.230554 0.187525 0.142516 0.222670 0.106786 0.172689 0.102137 0.229868 0.150914 0.148155 0.164480 0.126198 0.167488 0.178056 0.215342 0.133640 0.180700 0.162359 0.110524 0.149962 0.122462 0.129855 0.123783 0.123087 0.130748 0.136713 0.127214 0.131656 0.154506 0.089428 0.156018 0.134058 0.145661 0.139975
0.355130 0.076932 0.401467 0.345167 0.238618 0.197415 0.243013 0.181701 0.143424 0.227769 0.107173 0.114324 0.133026 0.152642 0.154373 0.116118 0.146480 0.103647 0.087692 0.179212 0.126722 0.152455 0.152072 0.096253 0.101876 0.089754 0.072074 0.119439 0.121954 0.124740 0.105183 0.112861 0.148787 0.113701 0.112737 0.092458 0.114663 0.101166 0.121991 0.115439
0.387394 0.105871 0.487139 0.468377 0.344064 0.213177 0.240527 0.205453 0.149094 0.239990 0.124524 0.182970 0.144944 0.235365 0.155569 0.150509 0.158482 0.130670 0.153204 0.169401 0.211857 0.138643 0.176381 0.153476 0.095540 0.155570 0.097823 0.143138 0.132944 0.145674 0.118494 0.121812 0.113590 0.165492 0.156281 0.119399 0.158500 0.143875 0.148029 0.130331
0.233398 0.041112 0.275049 0.239954 0.157799 0.144819 0.131427 0.086988 0.098146 0.139085 0.066311 0.089935 0.064544 0.122902 0.087004 0.066066 0.079090 0.086844 0.073191 0.122991 0.104989 0.125081 0.074474 0.078855 0.054957 0.058661 0.062084 0.046919 0.043660 0.058686 0.070645 0.047767 0.073731 0.082536 0.066365 0.064061 0.067737 0.068137 0.060755 0.067677
0.440171 0.130819 0.541764 0.517408 0.400856 0.262201 0.314134 0.251844 0.174649 0.281300 0.148226 0.199271 0.161014 0.296023 0.192946 0.159936 0.169754 0.140203 0.158928 0.210881 0.235893 0.153356 0.211260 0.190156 0.138092 0.161837 0.113378 0.168962 0.158099 0.173252 0.152861 0.168620 0.149324 0.175644 0.173344 0.111661 0.166306 0.154834 0.157134 0.174559
0.475471 0.136372 0.583946 0.554569 0.402220 0.282326 0.299679 0.255594 0.175549 0.271287 0.154094 0.228338 0.174335 0.277502 0.193401 0.180238 0.190042 0.147157 0.188900 0.207368 0.223931 0.174544 0.222330 0.175058 0.128240 0.172071 0.108949 0.174529 0.158087 0.174015 0.141540 0.166336 0.127673 0.180510 0.176632 0.137770 0.177163 0.175097 0.176041 0.166081
0.412889 0.104795 0.458278 0.480791 0.320817 0.236507 0.269479 0.214793 0.160827 0.310635 0.129525 0.167223 0.157004 0.196721 0.198673 0.136855 0.154479 0.159377 0.133657 0.236792 0.191366 0.167934 0.204357 0.143609 0.119410 0.123419 0.108743 0.150180 0.137873 0.169331 0.124058 0.147287 0.182164 0.160255 0.143309 0.136913 0.126760 0.138167 0.146299 0.136807
0.450740 0.097262 0.481599 0.460848 0.313887 0.257929 0.254247 0.202681 0.150316 0.322316 0.113836 0.161164 0.156193 0.185242 0.195091 0.139915 0.156498 0.148866 0.128632 0.250802 0.179564 0.169203 0.216372 0.133503 0.107921 0.125597 0.112502 0.126478 0.134494 0.172630 0.145273 0.151974 0.168041 0.156159 0.150212 0.145526 0.134669 0.137338 0.147627 0.145619
0.439291 0.103279 0.483948 0.508333 0.312976 0.240074 0.248294 0.209486 0.141578 0.290690 0.129973 0.185107 0.179757 0.223450 0.182643 0.142524 0.131251 0.138306 0.122369 0.240467 0.175551 0.165202 0.220364 0.133306 0.103399 0.135185 0.091120 0.146562 0.133891 0.168432 0.134299 0.173331 0.139482 0.147326 0.134704 0.148094 0.123198 0.141700 0.141954 0.140046
0.405983 0.079985 0.430452 0.422161 0.267246 0.242860 0.227755 0.176006 0.146347 0.298994 0.106809 0.143476 0.139520 0.166724 0.186199 0.119960 0.137802 0.150484 0.132668 0.229545 0.164534 0.155503 0.184470 0.117128 0.100722 0.111296 0.098825 0.116935 0.118477 0.182675 0.130222 0.128165 0.168016 0.135538 0.135225 0.135082 0.126980 0.138323 0.139799 0.127330
0.438729 0.140422 0.539312 0.511614 0.404206 0.248071 0.328228 0.266387 0.176162 0.276505 0.156012 0.212099 0.179862 0.313922 0.211406 0.157453 0.173435 0.152121 0.156500 0.229218 0.242096 0.172819 0.205830 0.206787 0.139108 0.165956 0.122166 0.186138 0.163796 0.178090 0.150501 0.180390 0.158039 0.192064 0.170835 0.136790 0.152865 0.163970 0.166129 0.187583
0.533189 0.122124 0.649861 0.549186 0.364923 0.292532 0.310389 0.257027 0.164157 0.293105 0.139998 0.193940 0.173304 0.262725 0.198562 0.181519 0.200266 0.145998 0.167385 0.229741 0.208941 0.178175 0.243292 0.157829 0.128297 0.162635 0.109421 0.165056 0.162173 0.175227 0.157089 0.177073 0.156329 0.161608 0.159841 0.131631 0.176345 0.156090 0.178907 0.162383
0.267036 0.061048 0.327500 0.275772 0.184716 0.193830 0.157388 0.124110 0.122651 0.182897 0.066681 0.102002 0.089785 0.113546 0.100762 0.107050 0.160224 0.141347 0.109782 0.155704 0.119455 0.115582 0.127913 0.077287 0.085168 0.100521 0.084867 0.084182 0.112225 0.098814 0.103929 0.105734 0.100419 0.084529 0.107344 0.081104 0.105669 0.117245 0.103716 0.095654
0.521236 0.117449 0.634026 0.539757 0.354105 0.290875 0.290012 0.236228 0.175778 0.307489 0.132293 0.191427 0.165340 0.244678 0.186529 0.182037 0.203771 0.161150 0.169979 0.231425 0.210696 0.183843 0.228544 0.154911 0.116757 0.169804 0.121197 0.156838 0.159287 0.175651 0.160732 0.164252 0.158593 0.163526 0.165907 0.135908 0.182012 0.161311 0.177929 0.160971
0.493913 0.130601 0.553623 0.526409 0.365445 0.290423 0.280258 0.240005 0.161032 0.333754 0.132581 0.202526 0.154618 0.245872 0.217454 0.170558 0.190202 0.152757 0.188910 0.242322 0.208984 0.178977 0.253847 0.169512 0.126159 0.163208 0.130196 0.162852 0.159413 0.201123 0.161373 0.185618 0.177268 0.171004 0.164479 0.149079 0.157383 0.175952 0.176113 0.167477
0.496524 0.107933 0.589287 0.524776 0.354882 0.288364 0.288152 0.232907 0.161755 0.293446 0.123759 0.192548 0.164087 0.239512 0.194372 0.160401 0.184705 0.150392 0.159646 0.228677 0.206261 0.168200 0.245848 0.142848 0.123899 0.139315 0.101595 0.147231 0.142228 0.177630 0.145290 0.170100 0.160559 0.146243 0.170184 0.126622 0.166747 0.131714 0.164728 0.148293
0.475838 0.111140 0.565931 0.522571 0.340015 0.268311 0.281494 0.239148 0.151233 0.294205 0.137720 0.175677 0.172954 0.231970 0.217457 0.149241 0.157723 0.153501 0.151472 0.252603 0.200394 0.159052 0.243605 0.146063 0.132042 0.134821 0.109551 0.150448 0.146683 0.177581 0.142895 0.168004 0.166103 0.144312 0.154677 0.130939 0.156932 0.159126 0.174466 0.159360
