0.21845	2.5048	2.8383	-1.913	4.007	-2.5064	-0.0094858	-1.1366	1.6513	1.3777	-3.2422	-1.2901	0.2028	0.66967	1.6833	1.9401	-1.3738	0.58934	2.1222	-2.9783	-1.3345	0.049878	3.1344	0.79172	-0.67449	-1.6928	2.8323	-1.7946	-0.73663	-0.7208	3.1241	3.8461	-1.4801	-0.46036
-1.7193	2.9705	0.030923	1.2856	5.2789	-4.1719	-2.7825	-0.20401	2.6616	2.1288	-2.8847	0.42646	0.86373	2.0266	0.77192	0.67795	-3.6525	5.1639	1.8557	-0.58327	-2.8791	-2.023	1.3176	-0.44576	-1.2374	0.45988	2.1908	0.36732	-0.20019	0.22788	3.1387	1.7392	1.3348	-5.4462
2.8185	0.60874	-0.26991	1.3761	3.2768	-4.2456	-3.1946	0.69059	2.6855	3.2463	-3.4511	-1.1214	2.8782	2.199	0.40237	-0.22071	-4.7531	4.2832	1.0518	2.0275	-2.7736	-4.9082	4.0843	2.2935	0.84657	0.92429	3.0883	0.38762	1.2048	1.3797	3.0046	1.8302	3.6691	-6.1244
2.4519	4.801	1.5717	3.0718	2.0464	-3.609	-4.3169	0.72234	2.2572	4.2111	-4.7388	4.2659	1.334	3.5627	2.1377	0.71485	-3.9319	4.3042	2.4083	4.1801	-4.0343	-5.0132	2.5293	4.0608	0.31134	3.0249	4.1286	1.7375	3.6792	1.3194	0.62427	0.63489	2.161	-4.5244
2.1019	3.9316	2.5327	5.2986	2.7395	-5.8026	-4.8368	2.5693	1.77	3.2097	-2.8162	5.994	3.7846	3.1203	1.1404	2.0073	-2.7384	1.7107	3.3719	3.6212	-4.1606	-5.1355	1.8035	3.0616	2.304	3.0661	1.4814	1.5705	3.2172	3.0185	3.2323	0.35036	2.7031	-4.7829
2.323	2.9358	2.7163	4.4475	1.3708	-4.5721	-2.955	4.0938	3.673	5.3777	-3.655	5.9661	2.4614	3.0034	2.4698	1.6746	-3.7428	2.8243	3.0803	2.6211	-5.0494	-4.8462	2.4886	3.8834	1.8278	2.8084	1.9527	3.6578	1.9619	3.189	0.24918	2.5663	4.5053	-4.4131
-1.7045	-1.6489	1.2923	-0.50574	2.0398	-1.0623	2.4981	-1.656	-1.5879	-2.2881	0.15	-0.49483	-0.74624	3.8263	-0.011844	1.7526	3.6676	-2.0472	3.2765	2.0327	1.8847	-0.43563	-4.1093	-2.9869	0.63811	1.3543	3.9748	-1.8349	0.23027	0.10678	-4.664	-2.0386	-3.3264	1.4682
0.45762	-1.3214	5.3984	0.96347	2.7661	-1.271	2.4792	-0.10636	-0.36419	-1.7046	-1.5316	2.2162	0.20399	3.4165	1.4955	-2.7743	4.7433	-1.1645	3.2598	3.4419	-1.1694	-3.3466	-2.9566	-1.5281	1.373	3.0821	3.6309	-3.2732	3.6487	-2.1075	-2.8327	-4.6483	-1.5716	2.2834
-2.7426	-1.1911	2.7003	-0.12213	3.0203	-2.6223	2.5174	-2.5468	-3.205	-1.4671	-1.8499	2.7986	0.71561	5.0999	4.9965	-2.5611	2.5122	-2.0748	4.0695	5.2216	-0.79169	-3.3349	-0.98617	-3.8451	3.829	3.2661	4.7441	-2.0855	5.6108	-0.46471	-1.6603	-2.7861	-2.4604	3.2633
-1.0708	-0.054454	4.1365	-0.67839	4.8304	-2.3873	3.3989	0.7101	-1.6945	-1.4725	-2.8355	4.6458	0.42268	6.7557	5.2264	-1.6012	2.3324	0.038916	6.5455	7.7338	-1.0852	-3.0496	-1.5592	-2.7213	3.4628	3.7023	6.2158	-2.7826	4.3826	-2.3838	-1.4651	-1.7099	-1.5466	4.4247
-1.7856	0.17163	4.0176	1.2017	3.9965	-3.727	1.8008	-1.7849	-0.54319	0.39082	-2.5216	7.2404	0.40281	4.668	4.6812	-3.3286	4.0535	-0.85464	5.5915	5.1953	-1.6574	-1.6617	-0.66981	-2.2717	6.6272	4.9896	4.3906	-2.1305	4.0817	0.9152	-1.1783	0.52606	-0.82111	5.0189
1.2283	-0.87761	4.9043	-1.2685	5.3877	-4.1069	1.5804	-0.60006	-0.68696	-0.30203	-2.5327	7.2129	1.0372	6.1094	4.2941	-2.1834	2.1793	-0.12645	6.2046	6.2274	-1.2169	-3.1666	0.32274	-1.9374	5.3861	5.0731	4.4353	-1.7486	5.574	0.49046	0.36098	-1.7843	-1.2513	4.4936
-0.64091	0.04926	-2.7659	-0.041706	-2.5749	1.0241	1.3812	2.9934	1.7182	-0.76206	-0.96288	1.9613	-2.2397	2.3657	-0.034505	1.901	-0.44904	-0.90853	-1.1366	4.0465	-5.6354	3.2839	1.3255	4.7088	-2.8866	-0.92092	-1.4176	2.0915	-1.5621	3.8436	-1.8808	-1.3928	-2.862	-2.5544
-0.37832	1.525	-2.2512	3.2468	-0.32454	-2.1864	-2.2099	2.1019	-1.7297	-1.6932	-2.5053	6.1018	0.57072	1.1997	1.827	2.0375	-1.5047	0.83703	-2.6758	4.4281	-3.3608	-1.7031	4.8268	5.9035	-3.266	-1.2074	-1.86	3.7937	-1.1431	1.5744	-0.65393	0.33995	-1.8479	-2.4392
1.3078	1.4669	-4.7501	2.1842	-1.6326	-0.55715	-1.7068	0.59139	-3.6409	0.42781	-1.9923	6.7173	2.7656	1.5615	2.0092	1.673	-2.3593	2.8523	-1.9239	8.5836	-2.4576	1.2529	4.4342	3.7947	-1.5727	0.055937	-1.3957	1.8136	-3.298	3.2667	-1.5274	-3.4423	-2.3611	-2.5818
3.5109	4.4378	-3.9296	3.0238	-0.79606	-1.8095	-1.4213	3.489	-1.1037	-3.349	-2.7345	10.755	4.2846	3.5557	5.9102	2.2825	-2.4736	1.2636	-0.76388	9.3304	-2.5959	-2.0893	4.4824	4.8616	-3.1311	-2.5978	-1.3345	2.8143	-3.166	2.5766	-2.8482	-2.4027	-2.1134	-1.5902
5.2644	3.6368	-2.07	4.851	-1.0325	-2.0614	-1.8238	2.9825	-3.1449	-0.59576	-4.5249	10.425	4.2192	6.4347	5.1942	3.6797	-2.2822	3.6446	-2.3278	11.768	-1.1013	-5.3424	5.2199	2.8937	-3.0825	0.15923	-3.1689	3.6377	-4.1119	4.2011	-3.0192	-2.6365	-1.4495	-2.927
4.4153	5.3458	-0.62428	4.7386	-1.3338	-1.9021	-1.3108	2.9826	-0.038607	-0.49708	-4.3917	11.539	3.6749	5.5132	3.2817	3.3082	-2.3796	4.8537	-1.0251	10.926	-1.0969	-2.3938	4.9784	4.1304	-2.337	-1.3157	-1.701	4.253	-2.6774	3.2129	-0.23506	-0.71443	-0.82809	-1.2352
1.1977	0.78889	-1.5414	-2.5217	0.10165	0.65859	-1.9456	0.74437	-0.21282	-0.72774	-1.2757	-2.9943	-4.2804	-1.8772	1.4585	-2.2451	3.6975	3.348	-1.2208	1.6632	-1.5253	0.287	-1.4001	-2.734	1.0947	-1.3689	-1.8628	-1.1169	-2.2763	-2.7512	2.3601	2.9762	0.22408	-1.2632
4.8225	4.9186	0.20338	-1.4197	4.7298	-2.5417	-1.4283	-2.6914	-1.521	-0.60621	-2.2097	-0.72647	-2.4215	-3.6251	-0.8073	-1.597	2.6725	2.948	0.038097	3.7305	-2.2708	1.2858	1.0592	-0.56412	1.7617	1.0231	-3.6561	-0.84883	-0.65509	-0.23773	4.9781	4.5044	-2.4419	0.098798
6.5324	3.9339	-2.2485	-1.4113	4.2225	-2.4632	-2.3613	-3.3193	-1.9576	1.2852	-1.7659	1.2771	-1.2927	-1.0199	-2.2307	-1.9876	2.1783	5.0026	1.5054	4.6909	-0.32347	0.62616	-0.60563	0.31858	5.2679	2.4434	-2.3846	-0.42436	-0.47638	-2.7758	5.2239	4.271	-0.91256	-1.8675
4.0969	5.6175	-0.4172	-1.4513	4.6193	-1.8885	-1.4159	-0.90219	1.1585	1.7059	-2.3675	1.2331	0.55287	-0.68449	-1.5342	-1.3395	3.3536	6.8304	-0.78108	7.7194	-1.0072	-2.1496	-0.47035	-0.4641	5.2033	4.0973	-0.098699	-0.45769	-2.8524	-3.2899	4.9942	5.2614	0.15951	-0.61491
5.3882	6	0.33037	-0.23343	3.8099	-2.2627	-2.4646	0.87544	-0.073841	-0.49889	-3.5459	2.7299	-0.31912	-1.4083	-0.082715	-1.0954	1.7105	5.2831	-0.76437	5.9461	-0.31931	-1.4515	-0.63494	-0.66189	6.6846	5.6249	-1.7211	-0.61237	-1.1834	-1.8966	6.2861	3.4041	-1.4481	-1.7635
6.9355	3.9443	0.95442	-0.41296	2.6798	-2.4326	-2.0388	1.0419	-0.53151	-0.72893	-3.0182	5.2785	0.70746	0.7306	-1.4494	0.82522	3.6968	7.8999	1.634	7.3667	0.032631	-1.1544	-1.3665	1.0087	3.1472	4.5623	-0.043659	0.50332	-0.45085	-1.0462	5.3286	4.7568	0.025946	0.04209
-3.5857	0.32593	1.4997	-1.6014	-1.977	-0.57261	2.0759	-0.039834	0.23296	0.54999	-0.4213	-1.4074	1.9061	-1.5625	0.69941	-1.2303	-0.25385	1.1311	0.82182	-2.4527	2.5771	1.3565	1.1686	-0.58687	-0.61081	-3.7772	-1.7056	1.2503	1.9801	2.5355	1.8266	-2.0855	3.371	-1.466
0.51466	3.1751	0.26163	0.12514	-1.4402	-1.1278	-1.5506	0.27015	0.7655	0.43269	-0.53053	1.3596	3.385	0.52597	1.2837	-5.6095	-1.0807	1.4704	1.1312	0.54624	2.2924	0.31301	0.29345	1.5198	0.11471	0.73843	1.2435	0.88878	0.94883	0.60611	2.201	-1.4545	0.83341	-0.9462
1.3205	0.68413	0.53194	1.9206	-0.91692	-0.3214	-1.6219	1.4625	2.4372	1.525	-2.8297	1.4569	6.4029	0.19619	1.1003	-5.5131	-2.3767	1.3312	1.5	3.3112	1.5159	-1.0511	1.7104	3.2095	0.51357	-0.041957	2.0975	2.7084	0.99858	0.33677	2.9641	1.388	1.2993	0.036152
1.5335	1.7735	0.57473	1.437	-0.30001	-1.8061	-2.6255	2.2477	3.4755	1.4726	-0.60943	4.6509	7.5085	0.54567	1.9218	-5.2655	-0.30686	0.93647	2.3114	0.25108	1.4649	0.28807	1.8827	0.29585	2.8833	2.0558	2.5903	0.82205	0.65181	1.1617	2.1586	1.914	1.1027	-0.59544
2.1317	2.0904	2.1864	2.4342	1.0954	-2.0481	-2.4526	3.7593	2.2691	2.6031	-2.1883	3.8698	8.4814	1.597	1.3449	-4.7629	-1.2372	1.3014	0.95094	1.1316	0.6905	-3.0955	3.3153	1.5738	1.1464	2.435	1.343	1.8771	1.4315	0.14518	2.9778	1.2691	0.7162	2.1943
3.1833	3.566	2.9611	4.5831	-0.55881	-4.9192	-2.8781	4.5944	3.3106	3.7269	-2.6864	4.099	9.7669	1.697	2.3221	-4.4732	-3.8633	3.9502	1.5879	4.2394	2.3158	-3.793	2.4265	1.4133	1.3881	3.3692	1.2858	1.6583	1.6041	2.1007	3.5008	0.97539	1.403	2.3428
-0.84425	2.3771	2.0086	1.7835	-0.54952	2.0887	-2.5785	-0.39188	0.14076	-0.98033	1.5836	-1.8164	-0.93403	-2.5905	-1.5195	-0.89572	-2.5206	3.3744	-0.13386	-4.1429	3.4595	2.7223	-1.2023	-4.0108	-1.2014	0.072817	1.3802	-2.129	-0.039056	2.3631	-2.7556	-1.3582	-2.5076	-0.14995
0.18193	5.3276	5.3422	-0.64192	-0.77411	-3.0379	-1.0362	-2.4467	-2.3302	-0.44877	-0.56486	-0.87866	-0.6341	-0.34998	-2.9263	-1.6546	-0.2242	6.0849	-0.70273	0.25232	4.3807	1.6528	-0.95221	0.27575	-2.2869	-0.015009	0.05663	-2.2372	0.56561	-0.98062	-0.97043	0.5913	-1.2229	-0.66252
0.45649	7.9356	8.5146	1.7911	0.29707	-1.2818	-1.5594	-0.1772	0.01929	-0.76079	-1.325	-0.54547	1.2928	-2.5793	-2.1108	-1.2381	-0.82195	6.5808	-1.8528	1.5392	6.1274	-0.25164	0.088815	-0.79891	1.0776	-0.64815	-0.15987	-1.4564	-1.73	0.34139	0.20106	-0.15247	1.2054	0.114
-0.27213	5.7972	6.2401	0.99005	-2.7446	-1.9029	-1.6631	-1.1923	-0.21457	-0.14475	-2.8413	2.2284	1.4436	-1.701	-0.82019	-1.046	-1.49	8.8423	-1.4888	-0.85333	6.857	-2.3371	0.17129	-1.6325	0.88612	2.2844	1.2482	-1.5492	-0.49131	-0.82757	-0.9463	-1.2848	0.048973	-1.1181
1.9759	6.4029	7.3152	1.2268	0.6562	-2.7422	-0.43883	1.7568	0.21392	1.4066	-0.82745	3.1803	1.6724	0.44161	0.72363	1.1306	-1.2989	7.7381	-1.1049	0.93919	9.9558	-2.4926	-0.71683	-0.56743	2.6006	0.70481	2.2025	-0.18054	-0.93493	0.90076	0.34188	-0.53917	1.825	1.1149
0.43459	7.1905	6.447	3.3331	-0.83763	-1.2674	-0.39091	2.541	0.80016	-0.70711	-0.85601	5.7096	2.7612	1.0314	1.215	-2.1384	-0.86537	7.4373	1.0147	0.66188	6.2749	-2.2209	2.1572	1.8062	1.1875	1.2021	-0.13457	-0.23091	1.2361	-1.101	-0.5143	0.9409	-0.34885	0.5691
-1.2889	-0.083122	-3.1308	0.044074	3.2897	-2.6243	3.8415	-0.55502	-2.9623	-0.68131	-2.393	-1.1034	5.0484	-0.65489	-0.59839	-0.82991	-0.5009	0.88432	1.5781	0.27651	-1.0365	2.2612	-3.382	3.0656	2.8	3.1795	-3.0094	0.061577	-2.1228	1.1739	-2.5447	1.4515	-2.969	0.30759
0.28673	1.9943	-0.50853	1.3013	0.97744	-3.7714	0.03	1.188	-0.69312	-0.76322	-3.3232	0.61972	7.718	0.58912	1.4089	-0.75051	2.323	0.67105	2.1972	0.16173	-1.0293	1.2002	1.7276	5.0399	4.8372	2.5279	-0.71915	-1.2953	-2.0229	-0.37517	-0.0061296	0.14632	1.0167	0.48161
1.6434	2.8668	0.78227	1.3708	-0.0030838	-5.911	0.34798	0.33769	1.2607	0.64028	-7.6731	1.9206	6.1792	1.7112	1.3667	-2.059	0.80074	2.2955	-0.22925	1.9385	-1.6641	-0.14044	0.16626	4.3943	5.514	8.5779	0.46264	-2.5917	-1.4711	-1.7647	0.6781	-1.7913	-1.5788	0.58236
1.0549	0.10631	-0.22919	0.72615	2.9113	-5.8161	0.81791	0.45647	0.98055	1.7829	-6.6752	2.4423	8.7546	1.4325	0.4876	-0.49199	-0.73356	3.3673	-1.2521	0.59441	0.54055	0.99763	0.4919	6.1331	6.3105	5.2713	1.6574	1.2328	0.85591	-1.6412	1.4281	1.4304	-1.0554	0.12218
1.7592	0.65592	-0.98703	1.3615	1.0522	-6.3433	-1.3076	0.24258	0.64649	4.0216	-6.8118	8.3094	7.23	-0.57509	4.425	-0.61435	-0.71211	3.0141	1.6921	2.6409	1.1244	0.76332	1.2894	6.2001	5.9895	8.5203	1.3584	0.028263	2.8698	-0.28106	2.0739	0.067255	2.6611	0.99881
1.2527	2.0688	1.2195	3.54	0.14704	-5.2151	1.8452	2.6348	1.1381	1.9884	-7.1881	8.2173	6.6812	0.52864	1.122	-1.1362	1.1464	2.4123	1.3885	2.1883	0.82371	-0.63488	1.8179	8.9085	6.5965	8.8718	0.77279	-0.62476	0.51064	0.45293	1.1967	0.024396	2.0189	0.7101
2.4502	1.3717	0.91402	0.51386	1.422	0.089098	1.4814	-1.5146	-4.0282	0.46515	-0.6638	-0.77922	1.3309	-0.16385	1.7223	2.358	1.2686	-0.87899	-2.009	-2.8191	2.3823	-4.3207	0.48417	-2.7478	2.9691	0.66808	1.0053	0.34961	-1.9404	2.4996	-1.9123	-3.8663	0.37117	-3.3795
0.31193	4.3115	2.2803	1.986	2.4562	0.13636	0.26909	-3.9381	-4.4707	2.2031	0.58845	2.5751	0.96672	1.6888	1.7028	2.6458	-0.4203	1.8778	-0.41269	0.088568	1.9797	-4.7921	4.2347	1.9961	3.5414	0.65779	1.7708	1.5509	-2.3741	-0.34138	-2.7725	-3.6183	1.5104	-4.6859
1.8059	4.1462	2.2165	2.5324	1.6083	0.38761	1.7115	-3.4821	-4.4581	3.3842	-0.42678	4.6126	2.2974	1.5555	0.54232	0.52545	1.5174	3.4705	1.6715	2.7351	1.7557	-5.4315	0.38895	3.8691	3.2372	1.4859	1.7137	2.1819	-2.9814	2.5056	-4.1232	-4.8511	2.9892	-4.6195
2.493	3.4093	3.2028	3.179	-0.91497	1.9916	1.0202	-2.5797	-3.6956	4.2869	0.57433	4.9623	5.0552	1.727	4.6048	1.8565	0.61739	3.3535	4.5698	1.1318	1.5851	-3.8055	1.8137	3.9194	1.8061	2.7809	3.0098	2.6731	-2.2795	1.6988	-3.4894	-4.4892	2.9507	-4.316
3.2038	3.8251	3.776	1.6445	0.44788	-0.30935	0.566	-4.0587	-2.5078	3.1814	-0.1372	6.1556	3.5807	4.8866	2.0759	0.47476	2.3711	5.2114	2.962	4.4421	2.122	-5.6459	2.5634	3.5883	2.3303	3.4316	3.0544	1.8438	-4.114	1.754	-2.2919	-4.2063	3.4579	-3.1605
5.9745	3.7505	2.1923	4.7013	3.4135	-0.23485	-1.2711	-3.2342	-2.4771	4.0938	-1.057	6.7063	7.4376	3.3494	3.6506	1.0795	-0.73585	5.2435	4.0695	5.7425	2.3614	-4.0182	3.9932	2.1111	2.3454	3.7049	5.1095	2.9498	-1.9881	2.4581	-2.7348	-4.3531	4.6188	-3.5147
2.2174	2.7578	-0.12766	-1.4691	0.99055	-0.76158	1.2049	1.6242	1.8063	0.89571	1.5078	0.53583	-2.225	-2.4561	-0.1303	-1.924	2.7191	0.47143	-4.9315	0.028687	0.86769	-0.26824	0.60943	3.1277	-2.5549	-0.90002	-3.2936	2.9416	-2.3346	-0.33676	-1.528	-2.6042	1.2211	-1.335
2.8255	4.1982	3.2169	-3.9806	-0.38243	-0.16468	0.32191	4.3071	2.6384	2.0896	-0.2621	2.7556	-1.2257	-2.9324	-0.19934	-3.2377	1.1076	3.8636	-2.5081	1.2489	-0.69491	-2.5324	1.2149	-0.55545	-0.85844	-0.32709	-0.37225	2.5225	-3.2254	-2.6383	-1.0862	-1.9968	-1.0672	-0.10568
4.5895	4.4032	4.2899	-2.2015	0.4851	0.67414	-0.12788	5.2521	5.6047	4.4577	0.64889	5.9685	-1.6597	-3.9678	-0.76534	-3.4638	0.93207	5.2034	-1.9821	4.8021	-1.0752	-4.2442	-0.36296	1.5902	-1.5344	1.6739	-0.41122	4.2248	-2.3465	-0.87234	-2.3613	0.12277	-3.3072	-4.3467
6.1181	7.1554	3.8083	-2.1613	-0.77091	-0.46678	-0.31911	4.9035	5.3074	4.9303	-1.0625	6.06	-0.70468	-2.5421	-1.407	-3.5962	-2.1863	7.4478	-1.1449	7.6977	-2.286	-4.9241	4.8413	4.7903	0.012812	-0.65269	-2.1298	3.7155	-1.2886	-2.0595	-2.4775	-2.1911	-0.47412	-2.5304
5.0991	6.652	6.5999	1.3728	-0.096408	-0.41202	-0.57693	4.3853	6.1926	5.5241	-1.3474	7.4965	-0.47867	-0.27602	-0.63655	-2.8436	-1.0294	6.5617	-0.53946	7.3896	-3.351	-6.9155	5.5589	6.0178	-1.5384	-1.1631	-0.49774	4.67	0.68336	-2.148	0.44881	-0.64407	-2.2782	-2.4747
6.4123	6.1134	5.7923	0.4781	-1.0127	-2.2657	-2.1201	3.7156	6.265	7.4949	-3.3687	8.7269	0.91046	-0.031805	1.5058	-3.6149	-0.79165	7.1199	2.108	7.0255	-0.63244	-7.4348	6.3013	6.0123	0.16924	-0.53084	0.21649	4.9945	0.20919	-0.44332	-2.4248	-1.9661	-3.2809	1.3128
1.2712	3.0106	-2.6856	1.2429	-1.3484	0.5334	1.1288	1.8538	0.29114	2.5019	-0.22609	0.24148	-0.43833	-0.9153	0.78314	0.53894	-2.0271	-3.9115	1.3769	-1.1912	-2.3092	-1.0766	1.1682	0.25935	-2.4557	0.13381	1.3907	3.4397	-1.9055	2.3524	0.81696	0.096102	-1.5608	-0.70715
4.0704	5.1388	-2.3559	2.889	-1.8044	-2.1653	-1.3959	4.8354	0.9088	4.3991	-2.1957	4.1528	3.0887	4.2427	3.0556	-2.7292	-2.2975	-2.1626	2.5175	-0.34936	-1.1034	-2.0103	3.5352	2.6567	-1.253	-1.616	-0.20778	4.8132	-1.2143	1.4085	1.7937	-1.5005	-2.5064	-0.99764
3.4586	4.1471	-1.3538	4.7759	-3.0901	-2.8377	-2.6453	3.8341	-2.2416	3.8519	-3.1375	4.9677	4.0632	4.1806	3.819	-3.8184	-2.5623	-2.6485	4.127	-1.2511	-3.9774	-3.6216	4.6601	2.7381	-0.67518	-0.91701	2.1985	5.7871	-2.6724	3.3828	4.4579	-1.7046	-2.9293	-2.1541
4.0217	4.8385	-0.22556	6.7721	-1.0045	-1.2709	-3.6126	5.0482	-0.9098	5.8868	-2.7578	4.8533	5.845	4.775	4.3401	-3.2422	-4.9706	-0.91071	3.8892	-1.1964	-1.5115	-2.426	4.1143	4.2165	-1.9392	-2.4062	4.3702	6.4056	-3.1557	3.3937	4.5158	-1.7827	-1.7937	-1.8407
5.2276	7.6388	-1.6611	5.706	-2.486	-1.5814	-1.7935	5.3098	-0.40913	5.9191	-2.9015	7.7056	7.5739	5.0893	4.9983	-1.4446	-1.743	-1.2082	4.1186	-1.0173	-1.2507	-1.7622	6.0991	4.7069	-1.2225	-1.9897	2.4625	3.6707	-2.1692	6.4967	3.585	-3.6374	-0.16313	-2.6772
3.9676	5.0945	-2.8151	6.0775	-2.5152	-5.2874	-2.8051	3.1808	-0.77432	6.4754	-0.93651	8.2556	8.5269	4.7309	6.1744	-2.2684	-2.6689	-1.4263	6.4915	-0.28396	-0.98226	-4.5288	5.031	5.2287	-3.7245	-1.7252	3.7383	4.3011	-2.3181	4.8815	4.918	-1.6233	-0.83785	-2.2076
-1.1019	-1.4362	1.5756	-2.9199	-0.5296	0.87764	-2.5721	-0.06496	2.6473	-1.501	0.93024	2.5283	-0.30974	-2.8117	0.61616	-2.0422	3.1022	2.3797	1.5689	-1.7349	0.48195	-3.7242	-1.258	-1.5573	-2.5973	-3.8336	-2.2926	-0.60614	1.6011	0.62408	0.20275	1.8567	0.58246	-2.9998
-1.5498	0.99209	-1.0596	0.39077	-0.34028	-1.5008	-0.37915	1.8252	-0.19905	-0.32267	-1.1415	4.2785	1.8844	-0.25155	0.4638	-3.6736	2.3259	4.6521	2.3405	-0.42581	2.8883	-5.0941	1.4548	0.61859	-0.53985	1.0778	1.0195	-0.42395	0.17689	0.85583	1.4915	-2.1897	0.64464	-6.5685
-1.6504	2.4228	1.7551	1.7691	-0.51924	-0.83767	0.2743	0.59537	0.45614	1.1682	-0.33496	6.8528	1.0084	-0.97287	2.8343	-5.6349	0.18267	8.6147	1.5485	0.20286	-0.29603	-8.7162	0.33571	0.56363	0.3904	1.7278	0.1089	-0.29106	-0.70709	-0.69614	0.48652	-0.31858	-1.0447	-3.6123
0.84078	1.8078	0.35118	0.059463	0.32443	-1.2506	-1.7532	2.1033	1.376	0.4538	1.3873	8.9763	0.95865	0.85891	0.52587	-6.1694	0.89126	10.263	-0.19068	2.1825	1.2864	-9.1111	2.4681	0.52974	2.5184	0.34984	4.0847	2.1474	0.67753	2.0513	1.6983	1.7411	-0.58621	-6.492
2.5395	-0.78281	2.8187	2.9658	2.4531	0.96524	1.5818	0.74666	1.6891	1.799	-0.14596	11.002	2.5399	1.6182	1.381	-4.9697	-1.7309	8.646	2.4648	1.3978	1.8483	-8.0994	0.3082	1.2166	1.6262	1.9849	2.2408	-0.41089	0.42122	1.9151	1.5227	0.96736	0.17515	-3.6046
1.6143	1.2379	0.90731	4.6981	0.98014	0.47587	-2.4678	2.4962	1.8169	4.8242	0.6744	9.3058	2.3599	1.9987	2.1428	-3.5094	-0.73421	9.1879	1.7897	1.4114	-0.21678	-5.4585	1.4413	3.5034	1.6711	3.197	2.6016	1.057	1.3284	0.54442	1.401	2.6706	0.46172	-4.2057
-2.9419	-0.62118	-0.91877	-0.588	-1.2352	2.5648	-0.26394	5.0663	-0.28293	0.57423	-1.724	1.0421	1.802	-1.867	-4.2518	-1.9835	-1.0909	-3.3336	-1.0384	-1.2009	0.17143	3.9759	2.1478	2.851	1.3869	2.0191	-1.7883	0.16832	0.099606	1.3944	0.49009	-3.0513	0.66756	-2.0738
-2.6357	0.30975	-0.0073688	0.93215	-1.9739	2.9236	3.0452	5.0745	0.47672	0.88083	-2.5381	3.8725	4.4375	-0.37414	-1.6187	-0.80857	-3.9312	1.3518	-0.43642	-1.1591	0.94385	-0.34566	-0.89748	6.5365	1.5807	2.8865	-0.83361	0.63787	0.45709	-1.9972	-1.5295	-1.1731	-0.27616	-1.7781
1.3507	1.6552	-2.0866	5.8256	-0.59866	1.4075	0.96998	4.9354	-0.31789	0.66008	-3.4037	6.8963	5.059	-1.8455	-1.4996	-2.4014	-4.2698	-0.3342	0.228	0.78723	-0.74066	-1.7166	-0.47016	5.2825	4.5114	4.7718	0.41807	0.89924	-1.6016	0.24178	-1.1424	-1.1571	0.2778	-1.4267
-0.029316	1.6872	0.53747	7.4576	-1.3452	0.44463	-0.4581	5.3747	-0.60652	1.4177	-4.2243	8.6487	7.0253	0.24031	-2.5445	-2.6072	-7.7525	1.2677	1.2167	0.2161	-0.4668	-1.0389	0.52651	5.4212	6.3126	6.9644	1.0317	0.23335	-0.69786	-0.69897	-0.54334	0.0093171	-0.61657	-0.95711
1.7842	1.1946	0.71996	7.0624	1.9316	-0.33185	-0.29532	6.8722	2.31	1.4083	-6.6123	7.2356	6.04	1.0076	2.6547	-1.6889	-6.361	1.0981	0.60788	1.5919	-1.234	-0.26821	0.99091	7.9835	6.1382	6.8215	1.6948	1.4786	0.56543	0.65266	0.38038	-1.6402	-0.6431	-1.2076
1.1198	1.1466	0.51291	7.3442	0.31829	-0.88417	0.33505	6.9324	1.8797	2.3569	-7.0939	9.3534	7.7485	2.3622	0.19892	-0.70138	-5.8467	1.9926	-0.81255	2.5394	0.93222	-0.12836	3.9681	7.6291	4.4291	6.8269	2.0191	1.9708	0.66346	0.21596	1.2957	-1.2702	1.288	2.069
0.79094	0.6143	-1.3183	1.7682	-0.06231	-2.5901	-0.22639	-0.77381	4.1013	-1.927	-0.048605	0.75561	0.74341	-0.3542	-0.27482	-0.17357	-2.42	-3.0018	-1.2012	1.1258	0.87005	0.32505	0.402	0.071046	-1.2128	2.5988	-0.52231	3.318	-1.9614	1.9354	-1.7251	-0.84616	-2.1584	-0.3359
3.4628	4.795	-1.1634	1.5746	1.3229	-6.0723	1.6917	3.0085	4.6363	-2.3166	0.22946	2.6613	0.78227	3.4658	-0.76308	-2.5499	0.21894	-2.6881	-1.5542	3.9641	-2.0652	-3.9136	-1.1504	4.9774	-3.9192	2.2918	-0.52283	2.7789	-0.77272	-1.6415	-0.82013	-2.9895	-1.9389	-2.9044
5.0687	4.1722	-2.7203	2.3491	-0.19879	-6.8364	1.0561	3.9119	6.5259	-1.2195	-2.2101	5.4458	4.5223	3.6787	-2.0434	-2.3475	-0.99553	-3.098	0.72529	7.3552	-2.7006	-5.6082	-0.23423	4.4356	-3.3893	3.3479	-1.1393	4.9638	-3.5062	-2.3665	-1.6742	-4.2394	-3.5667	-1.7959
5.325	3.8896	-1.573	6.9501	0.22469	-7.6747	-0.84883	6.7337	6.1973	-0.69901	-1.1745	7.0929	4.3577	4.9306	-1.0144	-1.7826	-1.7044	-0.46202	-0.39245	5.2474	-1.888	-4.5199	0.57551	4.9419	-1.1323	4.9361	-2.0695	4.9447	1.0081	-1.9542	-0.12315	-2.2504	0.62232	-1.4124
7.0075	6.311	-1.7797	6.3076	-1.0071	-7.8741	-1.0373	5.6584	3.9559	-0.70757	-1.2384	9.3401	6.7671	5.0092	-0.19749	-1.3168	-0.71729	-1.3468	0.032698	6.5934	-0.80885	-8.7484	-0.53799	5.4163	-1.2759	5.79	-1.0105	4.0169	-1.3521	1.0487	-0.81506	-1.6716	0.98665	-2.3661
7.7611	6.3414	-1.2606	5.2163	-0.8339	-7.9391	-1.9928	5.9415	4.884	-0.69617	-1.8618	5.2748	6.566	6.183	-1.331	-1.2962	-0.49845	0.43866	-0.54689	6.2069	0.63224	-8.4871	-2.5061	5.7459	-1.3552	6.1849	-0.079945	5.0175	-0.16164	-0.089106	-0.51885	-1.753	-1.6924	-1.0433
1.0859	-0.27774	-1.05	1.983	1.2889	3.656	-0.0038727	3.5889	-1.2443	2.5864	-1.8733	-2.722	0.39534	-0.57175	0.9389	0.83721	1.4879	-0.75804	0.17417	0.59042	2.7094	2.9979	-1.8366	0.99607	-1.0631	-0.68825	0.93198	0.018661	-1.8487	-1.8296	3.5773	-0.33276	1.1189	1.1182
0.52984	1.6327	2.4522	-0.034803	1.3552	-1.3294	-0.08476	1.4436	1.0217	2.2197	0.64726	-0.17324	0.11966	0.21847	2.1737	0.50457	-0.096788	1.0286	0.42988	0.92284	1.1369	0.38814	-0.45176	-0.2633	-0.0033093	0.48222	2.0646	-0.64226	-0.46754	-4.4465	1.6095	0.54787	0.51856	2.1441
1.6176	0.81552	0.80013	1.5477	-0.30447	-1.3348	1.0953	1.1319	1.4082	1.1011	-0.092384	0.48846	1.3117	0.73035	1.4886	2.6687	1.6765	2.3123	0.30261	1.4026	0.52089	0.13141	2.2403	1.9979	-1.0299	1.0977	1.3826	1.367	2.2751	-2.8657	1.6228	1.1509	0.54419	0.87183
1.9742	0.58289	0.89578	2.8217	-0.82221	-0.062301	-0.18592	0.16159	3.0006	1.3553	-0.10832	2.4254	2.4664	2.2807	2.5883	2.4508	-0.34443	3.3352	1.1377	2.8799	1.7444	0.16962	1.9688	-0.66972	1.9273	1.9386	1.9032	0.66371	1.5755	-4.5735	1.4	0.40568	0.47882	2.4874
2.873	0.59372	1.5303	1.6493	0.65959	-0.44367	-0.41465	1.0424	4.0099	3.2133	-0.74165	5.2593	3.1497	2.5548	1.1161	0.74786	0.076008	1.2815	3.4998	2.593	2.573	-1.107	3.4934	2.1255	1.8754	2.2741	1.7593	2.3558	2.1439	-4.0512	2.0741	2.9115	1.421	0.30739
2.7234	2.6123	3.1862	2.6771	-0.13309	-1.5858	-1.2794	3.3185	3.1767	2.498	-1.0579	4.8279	3.3939	3.6853	3.2849	2.5821	-0.84894	1.9598	2.0974	2.4542	1.6902	-1.7317	1.8086	1.4006	1.0362	2.7285	2.1181	1.2102	2.4512	-4.9492	1.7847	1.5412	2.4451	1.925
0.99593	0.29802	-1.0401	1.4178	0.56625	3.4275	-2.9002	-1.9321	-2.3238	-3.9389	-0.70014	0.63637	-1.4839	2.0178	0.67488	1.0875	3.2257	2.349	-1.9936	-4.4347	1.4626	-4.2273	1.313	0.64772	2.0706	-0.84116	-1.9779	-0.18005	2.2114	0.10724	-1.1491	-4.1787	-0.89417	-1.3217
2.4688	1.9014	1.3696	3.4763	-1.9904	3.1342	-3.2704	-5.2784	3.0549	0.15381	-0.84679	3.1374	2.8707	0.753	2.3607	0.11133	1.7139	3.6393	1.7954	-0.37054	0.8678	-4.4754	-0.46472	-0.25269	4.7523	2.0684	-0.95918	0.82769	2.9231	-1.1629	0.83222	-5.0373	0.51243	-1.9913
1.8585	0.3682	0.019788	2.468	1.8465	-0.13521	-3.9537	-4.4406	1.5908	0.92306	0.14841	2.5318	2.354	0.37063	0.40004	0.080073	1.6861	3.2777	0.77161	1.5118	2.4089	-6.5021	2.9499	2.2046	1.6362	2.5912	-0.30731	0.20385	1.8899	1.1416	3.0601	-4.52	-0.5226	1.3027
2.0524	1.9597	1.5946	1.9314	1.5632	0.18396	-4.1298	-3.7531	1.5639	3.2397	2.1917	3.3158	2.1957	2.167	3.9002	1.0989	-0.06396	2.5687	1.6598	3.2075	3.1514	-7.3309	2.1706	1.0592	2.0463	1.6032	1.8842	2.7753	2.2855	0.45862	1.4738	-6.9023	1.3186	0.92642
0.87366	0.96715	0.24535	2.4144	0.26207	-0.77039	-4.8723	-5.1563	1.7824	5.1402	2.0541	3.5157	2.5371	1.8707	2.3546	-0.46003	0.38989	3.6947	3.007	3.4359	0.17306	-5.0197	3.6353	1.2233	3.6126	1.8197	2.4758	2.3676	3.2165	2.9336	1.8753	-2.765	0.94664	0.84668
1.0465	4.5408	2.8969	2.6099	1.115	0.57774	-5.7512	-4.7368	1.9428	1.5031	-0.45888	6.8195	3.4853	2.6633	3.1703	1.7792	1.2115	5.4111	2.9065	3.5473	3.5184	-5.6544	1.4074	2.812	2.7449	3.0306	0.57289	1.8604	3.2179	2.936	2.8578	-4.6118	3.5224	3.4919
-4.3223	1.484	-0.92244	0.94501	2.0172	-0.72025	1.1166	0.53281	1.2335	2.1189	1.3943	-3.7317	-0.13321	0.39924	0.0068276	-1.7339	3.9797	-1.5191	2.8978	0.34445	1.0406	-1.9513	2.8009	1.2376	-0.76025	-2.6104	0.70026	2.4751	-2.233	1.0093	-0.2389	1.2715	0.98586	-1.7953
-1.2381	1.3956	-1.6488	-0.2561	2.657	0.047232	0.38979	-2.0561	1.3042	3.9167	-1.7379	-0.5854	-0.0032172	-0.68911	0.72944	-4.0672	0.066568	-0.25344	2.296	0.74495	0.95753	-0.90949	2.0861	2.3648	-0.57984	0.94351	1.9643	1.056	-0.86383	1.52	1.7738	0.30079	1.7251	-5.1722
0.50087	1.5027	0.96657	0.16186	-0.30831	-1.7348	0.59787	1.0621	-0.2053	5.3775	1.9751	1.0621	2.1827	0.26792	0.8645	-6.3135	0.093914	-0.52564	2.1538	1.9352	1.3583	-0.67359	0.9274	1.4213	0.81957	-0.18923	2.7227	1.4513	-0.98922	0.17833	1.7622	-0.22898	1.9408	-5.277
-0.20428	2.6999	1.5025	1.9729	1.6229	-0.41808	0.62752	2.3953	0.52066	9.1427	-0.29828	1.6872	2.3508	1.1497	1.1233	-5.942	-1.1025	2.1888	3.7586	1.9433	1.3318	-1.4074	3.5572	2.5959	2.4122	1.5663	2.1653	3.467	1.911	2.1788	-0.27386	1.9816	1.3269	-6.1991
4.6393	1.3004	3.157	2.4285	-0.57132	-1.2993	-2.7391	0.42386	2.7848	8.0297	-1.2701	2.3109	2.4169	2.3294	1.4185	-6.9419	-0.74637	3.6954	4.3571	3.1363	2.3519	-5.0587	2.8852	1.6059	2.1543	1.2487	2.9611	2.0437	3.7654	2.4267	3.5585	2.8982	1.305	-5.415
4.2519	4.4079	2.803	4.1216	-0.78604	-0.89784	-1.881	2.8773	4.0897	7.6302	-4.2035	4.1294	3.0805	4.8823	3.8309	-5.7918	1.1284	3.3773	2.7076	3.2526	2.2423	-4.9128	2.7125	2.4478	3.5351	2.0756	1.1208	1.2285	3.9973	1.8865	3.4049	2.5612	0.5935	-2.4992
0.20559	4.5289	1.13	3.3727	0.34531	-1.8614	-2.8516	-1.7596	2.7645	0.92135	1.423	-1.125	0.39127	-3.448	-2.5742	-3.254	1.3033	1.0598	-2.7227	1.0014	-3.5651	-3.2269	2.4307	-0.21563	2.5885	1.0791	-0.13616	2.3154	3.3012	5.1744	-3.556	2.2894	0.31284	5.0827
1.0281	0.35476	2.0838	3.5734	2.3298	-5.2401	-4.9172	2.0641	5.0373	3.567	3.0399	0.44344	2.6212	-2.6425	-3.3638	-4.5736	1.1177	2.2754	-2.4933	1.1335	-3.5007	-4.4542	2.4747	2.4014	3.1607	3.4822	0.95211	2.8928	1.396	2.5984	-4.2438	0.3057	3.6909	3.2321
2.556	2.787	2.0306	3.726	1.54	-5.2281	-2.9681	2.3394	1.9953	3.9255	1.0112	3.5912	2.621	-3.7715	-2.8755	-4.2041	2.3824	3.6074	-3.4181	5.6425	-5.1769	-4.2854	1.9808	2.1898	2.214	2.507	2.9702	1.2616	1.956	3.02	-3.9586	1.6096	3.1845	2.0359
1.391	2.7632	3.0507	4.184	0.742	-5.5925	-5.4837	1.576	4.8082	4.925	1.0106	4.188	3.2867	-2.2302	-1.6923	-3.3483	2.192	4.9163	-3.4408	3.4378	-1.4543	-3.0475	1.5397	3.8349	3.9656	3.2573	2.4356	3.4806	3.2418	2.7782	-4.59	2.7601	1.9045	3.4416
3.1059	4.0128	3.2896	5.8892	2.0169	-3.6946	-6.396	4.2758	3.9054	4.7932	0.14727	4.9677	5.0894	-2.655	-2.5689	-4.9833	-0.293	4.9506	-4.3983	2.888	-3.3582	-5.2778	2.2662	3.9335	2.3027	3.489	4.358	4.7468	3.3007	3.8666	-2.7854	1.1116	4.3629	2.9082
5.6874	3.7315	4.8936	3.4095	2.66	-6.111	-4.8733	4.8434	3.8546	5.9691	-0.13599	7.0358	5.6258	-2.6883	-1.733	-3.2817	0.40071	5.2711	-3.6093	3.5407	-1.6488	-6.4709	3.8817	4.8966	3.4122	5.2337	2.2735	3.948	4.7187	2.7286	-0.88978	2.5056	3.6695	3.1548
0.0099506	0.15045	1.8363	-2.0565	-0.51811	0.91052	0.34439	1.5493	1.0723	-1.4648	-2.1692	3.3513	-2.9271	0.53183	-1.3047	2.5293	2.0059	4.4553	1.6601	0.47022	3.3571	0.32641	-2.3612	-2.1276	1.7717	-2.1092	2.2464	-2.1255	1.6428	0.71936	-4.5027	0.8699	-0.12425	-1.8406
1.1063	2.1531	0.39495	-0.40614	0.32861	0.19334	0.21849	1.7462	2.6316	1.653	-0.71875	3.0907	1.5569	2.1333	0.96867	1.4749	0.73352	2.2923	1.2199	3.095	1.4764	1.1972	-1.7069	1.5865	3.6863	1.7858	-0.3727	-5.4147	0.94467	-0.23356	-6.1699	-0.34154	1.3761	-2.9507
0.62779	2.2184	1.4264	2.9278	1.1303	1.1188	1.2474	0.38981	2.5642	2.0307	-2.1783	3.8123	1.9697	2.9127	0.88577	-1.0357	0.31644	2.4868	3.2998	1.2813	0.24231	-0.26446	1.3185	1.9954	0.70671	1.9273	0.87268	-4.7182	1.4781	-0.010969	-4.457	0.47083	-0.87881	-4.4937
1.4582	2.2325	3.1475	2.4801	1.4503	0.57902	0.88115	0.90747	0.47294	2.7063	0.78496	4.0932	2.8595	3.0034	1.6573	1.5423	-0.55503	3.3038	0.43461	3.0222	0.47906	1.1068	1.8149	3.6773	0.73467	0.68383	1.9741	-5.5005	2.9932	-0.29125	-5.4258	1.8797	0.77531	-3.4054
1.149	1.5535	1.9512	2.5935	0.27779	-0.065619	0.61627	1.414	3.7027	4.2126	-0.3954	5.4651	4.6856	1.897	1.9116	0.97724	0.34696	2.9739	1.7285	2.1915	3.1814	-1.1068	3.0729	2.3653	2.5835	2.5134	2.8042	-4.4582	2.7646	3.5013	-3.9653	2.1429	3.8244	-4.7
4.1295	3.6515	2.3634	1.939	0.25923	0.67392	-0.83769	3.2359	4.1434	2.9363	-0.067512	7.7396	3.6442	1.898	2.6781	2.9164	-0.056758	3.5232	3.5859	4.7244	2.6818	-3.8795	4.0192	2.5607	1.5333	2.8282	3.1464	-4.0832	1.0886	0.30159	-3.8784	2.5953	2.5134	-3.7847
-0.51771	-2.452	-1.383	-1.6661	-1.3493	-2.5403	-2.522	0.32485	-1.6062	0.49484	1.2213	-0.55853	-1.8181	0.056618	-2.853	0.86875	1.3743	3.0686	-0.97355	-2.3825	1.471	2.6943	-1.2663	-1.5665	1.7629	-2.6518	-4.234	-2.2953	-2.9062	3.1148	0.89462	-0.37206	2.0962	1.0972
0.087752	-1.7303	-0.8025	-0.4595	-0.95955	-2.6909	-2.9707	1.4001	-1.3979	-1.3379	-1.8263	-0.45163	-0.78083	-0.16949	-0.66444	-1.8579	3.4916	4.7928	-1.2327	-0.96528	0.39468	-0.30618	-0.86025	-1.5751	4.766	-1.1638	-0.47313	-1.1115	-2.1293	-0.62635	-0.77852	-1.3963	5.3623	0.30694
0.77244	-0.21158	-0.88944	-1.3149	-2.8086	-3.7005	-2.2813	-0.37803	-0.95536	-0.38249	-1.6631	2.526	1.032	-2.9325	1.1375	-1.2821	2.2676	6.922	-1.2405	2.3121	-3.046	-0.90259	0.67957	-1.8632	5.607	-0.76956	0.28291	-1.3306	-2.03	-3.1345	-0.13911	-1.7943	6.2316	-1.0406
0.80684	-0.051831	-0.94111	-0.82787	0.0025256	-3.6988	-1.8853	0.54625	-1.1104	1.6538	-1.9197	3.4366	0.78368	-0.092219	-1.3803	-0.79345	4.2758	6.793	-2.2214	0.71829	-1.1622	-1.4347	-0.31977	-0.67491	7.2825	0.51937	-0.92304	-0.36091	-0.4603	-0.71331	0.48661	-0.60389	5.2645	-0.22411
0.38998	0.72505	-1.3085	-0.069842	-2.3203	-3.6791	-2.443	0.9291	0.44942	-0.74323	-0.87464	7.0247	4.0641	2.3531	2.265	-3.4594	3.0681	6.9195	0.020781	2.1129	1.0152	-1.9443	-1.5801	-0.25579	6.7576	1.9831	1.2515	-1.7574	0.21577	0.62215	0.80904	0.92168	6.6446	0.70656
1.2292	2.4635	1.019	1.2694	-3.89	-3.7467	-4.6549	1.5658	0.7844	2.8617	-5.5732	7.5562	0.67609	0.84483	2.2127	-1.2394	3.1725	8.6651	1.3822	2.575	0.83939	-1.1127	1.2872	1.2117	8.2763	1.414	0.078241	1.4404	1.9916	-0.52947	1.453	2.1173	5.5495	0.16494
0.26963	-2.1656	1.9465	1.0793	1.6184	4.3083	1.2563	0.2757	-2.3366	-1.121	-3.0009	-4.1994	2.5139	-1.892	-1.1904	-1.4446	-1.2003	1.2218	-3.1025	2.3593	2.2414	3.355	-0.35724	0.19337	-1.9998	-2.1486	0.17464	-2.0538	3.2087	-1.6023	2.7739	0.93571	0.61609	2.2087
3.2159	-1.7676	3.2176	3.1184	2.45	2.2331	0.64731	4.0926	-2.29	2.7176	-5.4807	-3.3625	3.8098	-4.2326	1.3618	-3.7192	1.859	1.3684	-3.4857	4.98	1.6936	0.11603	1.1834	-0.3487	0.33046	-1.4431	3.1346	-2.4435	4.5159	-5.2017	1.2196	-2.8613	-1.3849	3.0026
4.5951	-3.1204	2.1596	4.634	2.4185	0.28888	2.7376	2.5396	-2.6228	2.9001	-5.0784	-0.77493	3.1106	-4.4678	0.086815	-5.5835	1.0721	3.9454	-1.0978	4.046	1.3661	0.8374	3.1478	-0.11454	-1.4183	1.052	4.0111	-2.043	2.9526	-3.6136	4.1322	-2.0492	-2.6997	2.7718
3.9775	-2.7003	5.4265	4.1799	2.2028	0.89755	1.5755	5.8721	-3.5755	5.5168	-5.271	1.7995	6.1545	-2.6197	-1.2412	-2.4663	1.2324	3.8185	-1.1351	5.2323	6.4964	1.4843	4.2169	-2.5167	-3.7029	-1.6738	4.4216	-1.1548	4.3935	-1.1604	3.3661	-1.7937	-0.34098	3.5221
5.7204	-0.79996	5.4327	4.8961	0.51166	-0.50049	-0.17209	5.9624	-1.6325	5.4186	-6.5129	0.97487	6.8407	-0.86321	0.2832	-3.5089	0.36392	6.1083	-1.5253	4.16	5.727	0.85027	5.1567	-1.5091	-2.1388	-0.27761	4.9199	-2.5066	6.311	-1.7043	5.5746	-1.2981	-1.0551	5.5549
6.7222	1.1993	3.9982	6.5767	-1.631	-0.91776	0.3304	4.8017	-0.95792	7.3535	-7.3191	2.1709	8.4404	-1.5101	1.5752	-1.2233	0.39912	6.0249	-0.66904	5.145	3.7921	-0.8411	7.5834	-1.1933	-1.3011	-0.043182	5.8152	-1.137	4.6433	-0.26625	4.3519	-1.3637	-2.0062	5.1432
-0.46839	0.76688	0.83625	2.7587	5.0108	-1.3304	-2.5323	0.22866	-4.4997	-0.4093	-1.5413	-1.893	-1.1403	2.7978	0.32721	-1.1563	4.3909	-2.501	1.6157	2.249	0.60949	-0.67561	0.65675	-0.56391	-2.1075	-1.1289	2.1697	-3.279	-0.94392	-2.7369	0.65804	-3.2744	0.81587	-1.0837
-3.4684	-1.8991	-2.9887	4.0885	5.2357	-2.761	-2.5161	-0.63565	-0.97803	1.4348	-3.1589	-0.47586	-4.6454	4.7579	2.3062	-1.8076	4.0199	0.20083	3.584	3.8273	2.5233	-3.2024	2.8734	-1.4149	-2.5822	-1.5683	4.2063	-3.569	-1.0358	-3.8302	-2.5668	-2.6259	2.6597	-4.2164
-1.7023	-2.2285	-1.8228	4.3603	3.4292	-2.3237	-1.5001	-0.082639	-3.9736	3.7042	-2.682	2.577	-1.7258	3.7264	5.3669	-2.5138	3.037	0.79304	5	4.4625	3.1122	-2.4112	5.6955	-2.5889	-1.5369	-2.483	4.6409	-2.3644	-3.2599	-2.1965	-2.5469	-3.1072	5.4067	-2.416
-1.5721	-2.892	-1.5601	3.6505	3.6972	-2.7644	-2.1016	-1.9609	-1.0519	7.1622	-2.0209	0.88608	-0.19043	5.1061	4.7283	-2.4191	2.1938	0.077006	4.3774	5.5597	2.6334	-3.5071	6.0113	-3.5944	-1.5566	-0.87083	2.9197	-2.1518	-1.3739	-2.2208	-1.148	-1.5978	4.8617	-3.1331
-1.7498	-0.46633	-2.3791	4.3309	4.1983	-4.1832	-3.2049	0.31541	-1.4758	5.2803	-3.4998	4.1366	-1.1	5.4257	3.7897	-3.6854	2.9981	-2.1321	6.7256	2.7882	3.9051	-4.7115	6.9704	-1.2462	0.46526	-1.4282	4.3004	-1.688	-2.4437	0.23793	1.1169	-1.9376	3.6103	-1.5509
-0.22973	-0.77062	-4.0125	6.2486	3.934	-2.5152	-3.1529	-0.71776	-1.1885	4.3542	-1.3093	5.2428	0.27767	5.1667	6.7431	-2.4865	1.9003	1.2281	4.3446	5.3982	5.4789	-2.434	6.5832	0.20281	-2.4249	-0.95772	6.1803	-2.3423	-1.6761	-2.3625	-1.839	-0.20008	6.3779	-2.3655
-2.9178	-2.3875	0.2596	-2.6152	2.5407	-2.4048	0.66446	-4.2138	-0.61937	-1.9003	0.90685	2.3558	0.75688	-0.61903	-2.7863	1.2711	2.4569	1.2872	-2.7765	0.96621	-1.5727	-1.2548	2.1054	-1.9606	-2.8283	1.0221	0.28821	-0.35055	0.77649	1.4005	3.5566	-0.58587	0.36342	0.67755
-2.2334	-1.1534	-1.2463	-0.15017	5.3938	-1.7393	-2.5347	-1.9154	-0.36331	-0.30324	-0.99503	4.5917	2.3445	-2.2897	-1.3134	-1.3878	4.5028	0.2591	-1.1484	5.7194	-0.82469	-2.9688	2.5323	-3.2608	-2.1236	3.0817	0.12248	-0.62961	-0.6151	-1.3317	0.53945	-1.4712	-0.32898	0.42008
-0.58798	-2.2499	-1.3269	0.19219	3.3877	-2.083	-2.0556	0.24209	-0.43994	-0.087751	-3.396	5.7401	5.8284	-0.41139	-0.55438	-1.5758	3.5184	2.5749	-0.62617	6.2183	-0.10437	-2.7511	0.43854	0.35782	0.11942	3.9993	-0.10159	-0.34481	-0.93568	0.87147	-1.1164	0.10891	-1.2147	-0.92626
0.17438	0.45431	0.10476	0.4746	6.6161	-1.6773	-2.0302	1.5905	-0.79356	1.1061	-4.2817	7.8965	7.291	-1.1786	-0.25908	-2.7761	4.7794	0.062161	-1.4263	5.0721	2.5531	-2.9266	0.17326	-1.019	0.098711	5.6098	0.97901	-0.76685	-1.1755	0.11457	0.78437	0.16066	-0.28436	-0.077979
0.67891	0.61894	-0.43897	1.5438	2.7466	-4.7871	-1.887	-0.72017	1.7103	1.8563	-2.7007	7.1101	8.6817	-0.36069	1.4778	-1.0935	2.8459	2.955	1.6891	7.1056	0.48358	-2.672	-0.13079	-0.95063	0.88022	7.7683	-0.97322	1.9453	-0.53384	1.1814	0.67659	0.14177	-0.59676	0.99195
2.6458	3.2809	1.7216	3.3006	2.4371	-4.6055	-3.8384	1.3504	2.3345	0.91577	-3.9824	9.3725	7.7343	1.7035	-0.14481	-0.749	2.8408	1.1293	1.0702	7.9446	1.4826	-6.3244	2.857	1.2799	0.5049	9.0595	1.4942	-0.48087	1.2174	-0.01558	0.67013	-0.51611	-0.10251	1.362
-2.1679	-4.1126	1.9104	-0.44315	1.55	1.533	-2.1155	-2.9936	0.99755	0.018138	0.75193	2.0779	0.89989	-1.7247	-2.2131	-3.4154	2.2037	2.3849	1.0268	-1.7862	0.85733	-1.8551	-0.053621	0.72959	-0.16215	0.92596	2.3645	-0.81824	3.1777	-1.2149	1.0384	4.2879	1.5618	-2.552
-0.65231	0.38386	-0.51999	0.36718	1.092	0.70078	-4.9188	1.4214	2.6569	1.737	-1.0983	5.2982	1.0837	-1.1575	-2.2085	-3.8689	-0.02725	4.4379	2.6167	-0.92092	0.76486	-3.4076	-1.9012	1.0199	2.8084	2.3859	3.1031	2.8806	0.13832	-2.9755	0.41886	1.0529	4.1257	-5.9085
-1.8753	1.6522	2.2403	1.5028	-0.72455	1.0324	-3.1585	0.29574	2.7706	1.9389	0.54219	6.8497	2.878	2.5882	-4.4595	-6.0835	-0.11552	8.3361	1.8238	0.4733	1.1148	-5.7706	-3.958	2.8968	1.1304	2.5141	1.7434	0.68794	1.3865	-4.8109	1.862	1.0329	-0.071471	-4.8509
2.3174	2.2283	2.3975	1.0112	1.8335	0.7579	-5.0197	3.263	3.0422	3.3514	1.2766	8.4803	4.2592	1.0021	-3.2799	-5.3066	1.1281	9.1136	2.2544	2.4091	2.8691	-6.5812	-4.6632	3.7579	1.2323	0.68244	1.2921	1.7568	2.3442	-3.8523	2.8277	1.7276	3.1186	-6.1663
1.3683	3.3728	3.6068	2.2738	1.2401	0.62683	-6.7726	1.8317	3.1161	3.9502	1.6205	8.3263	4.3316	2.7421	-5.0612	-4.3551	-1.0837	8.7257	3.75	3.4558	2.6096	-6.4415	-4.1854	2.9117	2.5186	2.8195	3.5338	1.2784	2.8405	-5.5894	2.9177	3.113	1.9098	-4.252
3.0018	4.4695	1.9597	3.6817	0.22794	-0.29017	-7.4211	3.8118	3.8185	2.2424	-1.0371	9.1695	5.2169	2.4117	-2.3991	-4.3878	-0.28522	8.5882	3.102	3.8531	2.8347	-6.6187	-2.9241	3.2674	2.1127	2.0623	3.3326	1.4654	3.7055	-4.1579	2.741	2.5817	3.2817	-2.6252
0.17049	-1.8925	0.2667	-0.49635	2.2209	0.84487	-3.461	-3.92	0.99864	-0.73824	-0.097032	0.9158	-1.4529	0.13403	-1.2197	-4.5838	0.79628	-5.2058	-0.78224	-0.9887	1.0548	-3.4851	-1.8809	-2.3574	-1.204	0.1946	-1.1868	-0.12328	3.0479	-0.54354	2.2881	0.48427	0.61141	1.4502
0.27608	1.6531	0.31252	0.79071	2.5192	-2.266	-0.60191	1.4633	0.48155	0.57151	-0.8096	0.63112	-0.2316	-2.5892	1.2328	-2.5801	1.1024	-0.68373	0.87591	-0.47243	2.2905	-4.1786	-1.114	-0.67458	-2.3401	2.7504	0.081762	-0.6051	-0.87006	-1.2202	-0.036915	-0.59451	-1.5424	2.3831
1.0677	-0.014302	1.2679	1.6317	4.5304	-4.1103	-5.0156	-1.2018	1.4911	0.89395	-4.0178	2.2002	2.4952	1.5779	1.1162	-1.653	1.4789	0.25314	1.6622	0.57892	1.3513	-6.3442	-0.72996	0.22973	-1.5202	7.6565	0.75142	-0.5704	0.96009	-1.7638	1.3537	-1.1631	0.94267	0.070148
0.78636	0.57736	1.9274	1.9421	1.653	-5.7008	-3.8834	1.8391	0.66359	0.095533	-6.1263	2.5062	4.2297	3.1848	0.69161	-1.2482	2.3183	2.9862	0.54589	1.2644	0.46996	-7.3692	1.6591	1.6796	0.59124	7.0379	1.149	1.3982	1.6745	0.57905	0.066921	0.096741	0.44255	1.4732
1.4958	1.2859	1.4861	2.4526	1.1825	-5.5537	-4.6859	2.2352	1.7656	1.9014	-6.4877	4.6566	3.3613	2.1395	0.10275	-1.5108	0.96488	3.715	0.81947	2.8464	1.5862	-7.5354	-0.34996	0.23001	0.36381	6.5128	2.47	0.65822	0.71889	1.0375	1.4554	-0.34882	0.14445	1.3497
2.366	2.9263	1.539	2.3945	0.84503	-4.9682	-6.9323	1.2032	1.8852	2.4896	-4.7938	7.0287	4.0186	3.2644	3.3567	0.30351	1.0541	0.83969	2.3872	2.7402	2.6673	-8.841	2.6257	2.7856	0.17165	8.7947	2.3934	2.7841	1.3495	1.8726	2.2916	1.6571	1.5575	0.71007
-3.967	1.6541	-1.3099	-1.4905	-0.056625	-1.3052	3.7119	-1.6195	-0.18452	-2.8024	-0.59378	1.3024	-1.8466	0.74888	-2.6142	-1.3243	1.1575	-0.51379	-3.2957	-1.9717	-2.4896	-2.5452	-0.059658	2.2331	1.7968	0.68769	-2.3692	0.0051087	-2.9283	-1.3281	-1.7996	-2.5929	-2.1754	-1.8763
-0.80057	5.401	0.48099	-0.78045	1.25	-0.18231	0.69958	-0.53768	-0.8148	-1.6418	-0.6452	2.3203	0.56691	-2.5215	-0.014279	-1.3383	0.28619	4.0746	-0.46938	0.060764	-0.44272	-4.3812	-2.0712	3.2157	1.5543	2.2427	-0.99756	-0.307	-2.1492	-3.6345	-1.5421	-3.9461	-1.8056	-2.6044
0.45386	6.4131	-0.23019	0.6915	-2.3693	-1.6784	1.1552	-1.6071	0.23304	0.33491	-0.76576	2.4599	0.31342	-1.7078	-1.2824	-2.5378	0.23214	7.2662	-2.3715	0.47412	-0.34523	-5.5655	-2.008	4.1877	3.7179	4.3833	0.24026	3.3968	-2.6201	-1.9685	-0.71374	-3.1072	-1.3196	-2.6232
-1.813	6.2813	-0.71989	-0.064882	-0.86085	-0.49172	-0.66449	-0.34198	0.088381	1.4009	-0.075913	3.639	1.3465	-1.3573	-2.6365	-1.6522	-2.4	8.0766	0.21788	-0.06409	-0.55631	-7.6722	-1.307	6.4154	5.7602	4.4954	-0.9563	6.0252	-0.012301	-1.5675	0.59691	-0.43813	-1.5662	-1.8007
0.22897	6.7923	-1.1091	-2.4947	-1.0628	-3.4932	-1.0665	-3.0266	0.755	1.4594	-1.7377	3.8829	2.2224	0.72189	1.3005	-2.0851	-2.178	8.4266	1.22	0.37872	-2.2439	-6.7516	-0.91545	6.1205	5.3287	4.2576	0.2775	5.1075	-1.9445	0.0062955	0.91492	-2.3319	-0.060113	-0.94671
0.55431	5.3042	0.28069	-0.10931	0.038732	-3.598	-2.3496	-2.0542	-0.012401	0.33864	-2.8376	8.1334	0.4719	-0.58583	-0.25907	-3.3692	-0.57275	6.7292	-1.2735	2.6843	-1.4633	-7.2269	0.9891	6.5526	5.2612	4.8001	-1.3556	7.022	-0.72182	0.1764	-0.5604	-0.21286	-0.097165	2.2943
-2.0284	-0.14524	-2.2578	-1.3675	-0.30363	2.9005	0.38763	-2.0265	-1.6933	-2.3187	2.9467	0.3566	1.8688	-1.0802	-1.1718	-0.704	4.7587	-2.7273	-0.33895	0.79358	-3.6843	2.6357	-0.75648	2.8825	-0.2829	0.62122	-1.0214	-0.9886	-0.80543	0.8371	2.5652	-0.76817	2.4393	-1.8216
-1.4968	-0.21731	-0.55955	0.83384	2.076	0.1447	0.6731	0.61952	-1.1407	-0.14094	-0.23569	0.8111	-0.30964	-1.9462	-1.4241	-2.0075	0.1982	-0.973	-0.062198	-0.44994	-0.092174	-0.73924	-1.0864	4.891	0.45457	-1.0504	-1.3574	-1.6424	-0.53772	-2.673	6.9468	-2.1455	0.51841	-1.5812
0.53391	0.98723	0.59908	1.8259	-0.27102	-2.3265	-1.6161	-1.5397	0.5108	-0.24562	1.4611	7.4348	1.1499	-0.21894	0.56806	-1.7816	0.43739	1.3824	0.075416	-1.3261	-0.38288	-0.53164	0.62567	5.7082	0.18793	-0.58505	-0.61503	-1.6771	-0.68786	-1.5542	6.4378	-0.55825	-0.8937	-1.0724
1.1179	-0.39383	1.1155	-0.17566	-1.3223	-2.4046	-0.46213	1.106	3.5735	0.90317	-1.4785	7.0567	1.7363	-1.3247	1.2749	-0.47188	-1.8011	1.9525	0.18795	0.46905	2.0411	-1.3783	1.5377	6.982	0.078766	0.33508	0.84688	1.0311	-0.33684	0.67411	6.7245	-1.163	-0.2563	0.072379
1.2285	0.9962	1.1476	1.8714	-0.031449	-0.93045	-0.36999	1.2674	0.97163	0.74426	-0.48807	7.3541	2.8213	-0.044047	1.8662	-1.5205	-0.12631	-0.0042291	0.65058	1.3471	0.43264	-1.7959	-0.76166	6.0381	0.42534	0.80536	0.16569	-0.95271	0.85852	0.080116	8.4915	0.9758	1.4839	1.6128
1.7632	2.1971	2.3069	1.7067	0.30664	-0.57671	-1.2511	0.5442	1.2	1.7899	1.4086	8.9384	1.7741	1.7827	1.7415	-0.93905	-0.71846	1.7387	2.1081	-0.42096	0.93109	-2.5537	2.5568	7.3081	-0.14054	-0.52491	-1.2155	0.39578	1.7505	0.27106	8.3417	1.0663	2.8232	-0.31425
-0.98978	3.1018	2.4634	-1.2426	-1.6851	0.039827	-0.075182	-0.9056	1.2245	3.1332	0.57893	-0.37464	-3.2917	-1.2769	-1.3584	-0.89012	-0.048616	2.3382	2.0897	1.0384	-1.8539	0.28602	0.59879	0.77523	1.3966	-2.1616	-0.84501	-1.01	-1.0898	-3.218	1.375	-2.158	-0.81536	-1.4122
1.535	1.3572	-0.85775	1.1456	-1.5771	0.39156	-1.6126	3.0222	0.3696	1.9429	-0.71422	-0.77432	2.2242	-4.5338	0.61936	-4.1572	0.088685	3.9071	2.3844	3.1938	-0.37737	2.004	0.74394	1.2555	2.4928	-3.3258	0.84311	0.78767	1.6439	-4.9327	2.0643	-5.3257	-4.1327	1.8086
1.2812	0.30076	0.082173	2.0918	1.4463	-0.52981	-0.99639	0.4327	3.4572	1.9888	-0.16194	1.9081	2.7119	-4.3202	2.627	-6.0164	0.56665	4.2424	5.8252	2.445	-1.3856	-1.0373	2.8545	4.1211	2.9604	-3.0419	2.9598	1.7372	0.84664	-3.9154	1.1655	-5.0566	-3.9073	3.1398
2.8738	2.0143	1.7084	3.2447	-0.1176	-1.8876	-1.1836	3.277	2.1583	4.6586	0.77118	4.4089	1.5941	-2.4835	2.1889	-5.2702	-1.365	4.7586	4.5691	2.9005	-3.1286	0.077767	4.2241	3.6528	3.3813	-2.6448	2.2105	2.5556	2.3132	-3.3116	2.5913	-4.5003	-2.1249	0.16113
2.4733	4.2179	1.4228	4.3384	-2.6072	-1.5404	-2.8994	3.9981	4.2861	4.8149	-1.1354	5.177	4.9556	-1.9432	3.9947	-5.0458	-3.0809	5.0474	4.5248	4.9724	-3.5885	-2.7812	4.7846	3.064	3.2954	-4.3605	2.8208	3.2107	1.1135	-3.0954	4.4488	-3.1021	-4.3308	3.9066
5.2997	5.15	3.5158	3.8595	-1.095	-0.92649	-2.2915	4.5263	4.4388	3.9828	-4.2164	4.3858	3.4737	-4.6988	2.8993	-3.2281	-3.9116	4.5858	4.9064	5.3536	-2.9847	-2.4521	3.679	4.9325	2.7869	-1.8971	2.5839	2.6469	4.0732	-2.9111	2.7466	-1.7114	-2.9577	4.8851
2.6518	0.56711	0.93657	-3.2205	3.2149	0.28345	0.76592	-2.9163	1.8748	0.82433	-2.2005	-0.33421	-0.30285	-1.4999	-2.5404	-0.31128	-3.2469	-2.0138	-3.0364	2.5326	0.60221	2.493	-1.4235	2.7276	0.46519	0.64363	1.5017	-1.1814	2.3165	-0.53494	-1.7153	2.4375	0.2833	1.5258
2.6039	1.2069	1.9124	2.2809	0.68196	-0.42088	-0.23385	-4.1464	1.4341	3.8198	-3.7117	2.1582	2.2301	0.63883	1.9079	0.54609	-0.5452	0.17627	-5.4056	1.8682	2.4505	0.81169	-0.11158	3.0905	2.3633	3.6408	1.0836	-3.4397	1.8311	-4.4393	-4.5523	1.0689	3.0942	-0.24078
3.4821	4.4905	2.2524	2.1123	1.8998	1.0729	1.3232	-4.4684	2.7328	2.8437	-7.2052	3.4103	2.43	1.1234	2.5393	0.095345	0.2093	3.7766	-3.9921	2.847	3.1031	1.4876	1.9602	2.7615	2.071	2.6439	1.3172	-4.4314	0.31078	-4.6221	-4.7455	-0.15682	0.65725	1.9857
1.2592	2.7465	1.6598	4.2257	-0.57282	-0.48986	1.0233	-5.4811	3.8037	3.3597	-5.5624	2.5414	2.4046	0.81135	2.9423	3.1665	-0.74578	2.275	-2.7918	4.8287	4.0717	0.63383	3.9323	2.8821	2.6031	1.8844	2.7315	-4.2738	0.2577	-5.283	-4.4205	1.2807	1.7433	2.8794
3.6473	4.0078	1.957	2.3589	0.13483	-1.7597	0.81212	-3.9084	3.7785	3.9008	-6.2133	5.4704	5.0672	2.1803	4.8621	1.593	0.70973	1.7164	-2.5358	1.954	3.8267	1.2607	3.4297	2.9285	0.39809	0.87588	1.2523	-4.9144	4.5105	-3.7526	-5.4195	2.7385	2.7006	3.5225
4.5442	3.7686	4.2805	3.5633	0.24902	-1.413	-0.16597	-2.2163	5.1858	3.3992	-7.1386	7.7353	4.1908	2.7336	4.7477	0.99384	-1.7808	3.7427	-1.1806	5.9805	2.1379	0.79104	4.5839	3.3289	3.7894	2.3105	2.7076	-2.9328	1.9447	-3.681	-2.8011	1.8497	3.4553	3.8983
1.8064	-1.6233	-1.068	3.4066	-0.73529	2.2206	2.8248	2.471	-1.3532	1.9408	2.0265	-1.9446	-3.5816	3.4034	2.6877	-2.2337	4.6085	-0.28115	2.1796	-1.1769	0.29794	-1.628	-2.4923	-1.2188	-1.6732	0.20993	-0.71514	3.7912	2.4073	-0.57383	-3.1814	2.8672	-1.8708	3.3997
2.5725	2.2502	-0.19413	3.3327	1.0909	1.1331	2.0738	2.1249	1.197	4.0561	-0.97434	2.3384	-4.0066	0.69825	1.3275	-0.81189	-0.66499	1.6176	1.591	0.89874	0.57065	-5.4703	-1.0224	2.4107	-3.9919	2.1834	2.6645	1.9527	1.0536	0.77957	-0.80511	2.4674	-0.46967	1.8452
2.5682	2.9775	1.5416	1.1867	-0.66101	-0.50989	0.91614	4.0413	0.40655	-0.29964	-0.38	4.3644	-4.3109	0.37537	2.4854	-0.75316	0.49927	2.048	1.0153	2.7552	0.52059	-5.7717	1.9976	1.3014	-4.9494	0.5066	1.5509	1.2462	1.338	1.1096	1.6166	2.7852	0.86038	0.08022
1.2112	4.1192	2.1009	2.729	2.1524	-0.09689	0.36552	0.49706	2.2907	2.823	2.5632	4.2986	-2.5925	1.594	1.4848	-1.1338	1.3093	3.0745	1.7773	3.6622	1.5711	-4.0709	1.9909	1.9248	-3.8134	0.63067	2.0977	2.2474	1.1733	3.3889	1.4873	1.6461	1.3386	2.7652
2.1397	2.0932	1.8255	4.1529	2.6749	-0.21378	0.7048	3.1389	3.0795	3.9652	0.58424	5.6621	-3.0598	1.6515	2.2768	0.28791	0.50697	3.5957	3.0013	2.0223	2.0633	-7.1667	1.3849	1.273	-3.8704	2.4964	3.0048	2.2119	2.7191	2.2639	2.0595	3.5841	0.8846	0.37029
2.6286	1.2545	3.1811	4.3809	2.6346	1.4135	2.0653	2.8319	2.0659	2.5759	-0.21372	6.9624	-1.7414	2.8573	1.141	-0.39049	0.53256	3.9014	2.4003	2.9672	2.5892	-4.9717	3.2023	2.7379	-4.4697	4.6035	3.6544	2.9408	2.324	2.6413	2.9135	2.6935	1.0881	2.5309
1.4238	0.82328	-2.3647	-0.40496	-2.5761	-2.9879	0.20367	-0.99608	2.2915	-0.63957	2.2676	-3.1892	2.5217	1.6562	1.6138	2.6488	-1.2414	0.55623	0.029351	-0.62746	-1.2708	-0.031832	-0.31112	-0.20974	1.9237	2.1851	-3.4871	0.34724	-3.6617	1.7207	3.2362	-2.0106	2.9633	-2.699
-1.0703	2.3186	-4.0807	4.974	-1.5062	-2.2041	-1.5452	-2.3324	2.7662	1.8068	-0.97467	-2.2175	3.9775	1.0171	3.7554	3.6518	0.96235	3.712	4.0314	0.29566	-2.7774	-2.6933	1.778	-4.0931	1.8222	1.7914	-2.9638	1.5623	-3.7381	1.3494	2.4001	-3.1123	3.2717	-2.8045
-0.24027	2.5297	-3.1001	4.587	-3.2477	-2.2463	-1.4926	-2.8008	4.1768	2.9502	-3.7158	-0.17629	2.9349	3.9746	2.2947	2.6523	-2.7882	4.9637	3.1678	4.9881	-3.4983	-3.4244	3.4819	-2.3098	2.3432	1.0049	-4.8223	4.4937	-3.2239	1.4723	3.0912	-3.9673	3.5197	-4.2333
-2.0998	3.4989	-2.1854	4.4833	-2.3888	-3.478	-2.1713	-1.6887	3.5963	4.9943	-2.1347	1.437	4.1852	3.4063	3.621	1.9737	-2.3559	2.1336	2.2399	3.8451	-1.4808	-2.6746	3.0875	-4.0629	5.0502	2.7978	-2.2384	3.4944	-2.9008	3.4289	3.4458	-2.9022	3.4331	-2.6145
-2.0356	3.547	-2.7533	4.3064	-2.5081	-5.4933	-3.7179	-1.6683	3.5249	5.9562	-2.2544	3.6686	5.3171	3.4711	3.5403	4.0573	-2.2012	3.9894	2.0535	4.657	-0.86802	-1.2614	6.2733	-1.6629	2.0377	4.6116	-3.4311	4.3945	-1.9524	5.0328	3.9486	-2.2178	3.1978	-1.0713
-1.2738	5.8703	-3.0058	3.9066	-3.4661	-3.22	-3.4586	-3.3553	3.9128	5.3517	-4.1381	6.983	5.0891	3.5732	3.8428	3.3786	-3.884	5.2468	4.8788	7.0903	-1.3874	-2.5012	3.1655	-0.28096	3.0617	4.2762	-2.0718	4.9079	-1.6266	4.2613	3.6351	-1.1763	2.544	-1.6363
0.62673	2.374	0.0588	2.5151	3.4253	1.4948	-2.43	-0.866	-3.4472	-2.5077	-1.9285	0.61421	4.0361	-0.12013	0.34114	0.82272	4.2469	1.6065	2.5875	2.0175	-0.95569	0.45398	-3.147	-1.1601	3.7817	0.19661	-0.34908	1.9715	-0.94092	1.4778	-0.98221	-2.0465	-0.935	-1.8657
3.4158	2.4443	-0.29861	3.2366	3.1525	0.82127	-4.6519	-2.3516	1.8712	-0.74939	-4.9326	3.3024	1.651	-0.096161	0.0076484	2.0298	2.3897	2.2528	5.2304	2.7187	1.0227	0.78329	0.89099	-1.0498	0.53248	1.1986	-1.0432	-0.33666	-0.59381	-1.1297	-0.80159	-0.9515	-0.91935	-0.29195
2.1442	3.0192	0.87184	6.2325	2.6885	1.3041	-7.1273	-1.2954	-1.3483	1.9899	-3.5861	4.1331	4.0523	-0.90487	1.3978	0.0068269	-0.022399	3.2088	6.7046	4.0146	-0.0094579	0.19858	-0.036236	2.2761	0.86216	2.1054	1.6338	0.81411	0.18741	0.23829	1.5478	1.5049	0.047975	-0.26033
0.76723	1.6709	1.5469	3.0903	1.0884	0.65231	-5.334	-4.9494	0.45505	1.7287	-6.2953	3.7735	4.6374	4.0615	1.6569	0.47238	0.72405	3.0352	7.5521	3.4015	0.66461	0.98062	0.71993	0.052933	2.2714	-0.86506	0.41103	0.92325	1.5157	0.22438	1.622	1.3385	1.1972	2.0134
2.7871	3.4286	1.4076	2.4794	0.29717	2.5809	-4.8121	-4.7255	0.11967	2.9271	-5.6478	5.2086	4.257	1.7162	2.808	0.15383	0.82834	1.9767	7.1178	1.5717	1.6349	-1.4693	1.3382	1.0236	-0.44888	1.2073	0.91117	0.94354	2.3051	0.30116	2.9368	1.4425	1.721	2.18
0.40767	2.7944	2.6285	2.3214	2.1545	0.68241	-2.8246	-5.7855	1.0196	4.0532	-4.5695	7.5629	7.6742	2.3953	0.084862	1.9271	1.4188	5.3797	8.5825	3.4988	3.0402	-0.066178	3.3469	2.5908	3.7171	1.3859	2.7206	1.7283	2.5168	2.3112	3.4981	2.1254	2.7213	3.0481
-0.46535	2.8547	-1.0271	2.3468	0.48291	2.6314	-1.7471	-0.54006	-4.5645	-2.6481	-1.2796	1.6959	3.4377	1.5718	-4.1006	0.82698	3.365	1.5055	-5.0678	-0.75659	1.1814	2.0011	-1.6129	-1.0753	2.1469	-0.8212	2.0956	-1.0508	-2.4081	1.7896	0.91256	3.9118	-2.122	-2.4494
3.51	3.1658	-2.1024	5.6968	-1.7442	0.010786	-0.17458	-1.5661	-2.01	-1.9739	-1.8985	3.0242	2.601	1.8975	-2.6723	4.8188	1.9289	5.794	-3.4139	2.1981	3.6458	1.7582	-1.5731	-2.2084	1.0615	-0.82956	2.9297	-3.5839	-1.4466	-0.59808	2.4401	1.3307	-4.4384	-3.0672
3.5435	4.2175	-2.619	4.9501	-3.0543	-1.259	-0.92172	-2.7472	-2.1636	-1.6073	-1.26	5.6462	4.4139	5.0986	-1.9541	3.8667	-1.3416	3.7248	-2.7076	5.1073	3.5197	-1.363	-3.9748	-2.3986	2.9637	2.0761	2.4941	-1.3946	-3.5844	5.0404	2.0483	3.5189	-1.9994	-1.6915
3.9375	4.0279	-1.9243	5.1227	-0.0072306	-3.2812	-2.5558	-2.0687	-2.6618	-1.51	-2.5486	5.6953	4.2052	4.8002	-0.72399	2.6218	-2.8869	5.2355	-1.6113	5.338	4.3268	-1.5825	-3.532	-1.669	4.3684	5.2877	5.1163	-0.51634	-3.6712	3.3077	4.2932	1.8472	-3.3533	-3.2717
4.8812	5.9796	-1.604	6.5396	-1.6479	-1.526	-2.6476	-1.4919	-2.5229	-2.095	-3.2736	5.6552	6.8016	5.0651	-2.0283	3.5905	-0.71815	4.5746	-1.1279	4.9551	2.6178	-2.113	-1.0599	-1.7543	3.6276	5.336	3.8284	-2.6136	-1.2819	4.4957	5.6355	4.3582	-2.2766	-1.1654
4.7192	6.9275	-2.0862	5.6804	-0.43715	-1.7975	-4.0282	-1.0688	-2.1827	0.072628	-0.67369	8.3078	5.1838	6.588	-1.5443	2.8706	-1.5071	5.312	0.3102	4.5957	6.4418	-1.2287	-2.711	-0.8623	4.3246	5.2156	3.0222	-1.7896	-0.32605	4.1155	6.8292	4.7396	-2.1154	-0.83626
-2.7405	2.4096	-2.8534	2.3885	-1.5322	-3.6909	0.2474	2.7348	-1.4595	-3.4575	-1.4488	-0.71924	-0.79444	2.7111	0.52449	-3.4331	-0.27325	-1.895	1.6904	0.2224	4.1312	2.1568	1.8102	2.1066	-2.7955	0.022647	1.69	3.0835	2.3117	0.89962	-0.90808	3.9982	-1.7383	3.0007
-2.6223	3.2631	-4.6221	2.4771	-3.387	0.2155	-2.8209	2.8681	-2.3605	-1.487	-2.4613	-0.50949	4.3387	0.96809	3.0699	-4.3753	-0.34436	-1.0174	2.5241	3.3259	1.599	-0.20546	2.4735	2.3744	-2.6588	-2.9521	3.9377	3.1063	3.028	1.6443	0.5526	1.6673	-6.027	4.0749
-4.0239	2.8014	-1.7351	2.9644	-3.2474	-2.4697	-2.5889	2.7901	3.4346	0.039602	-3.9611	0.67461	4.9473	3.0563	3.0001	-3.6959	-1.1618	-2.7677	2.0095	3.8663	0.20535	-1.9415	4.2551	2.5663	-3.5789	-2.8682	4.7596	4.1599	3.6216	2.1994	3.0937	3.1882	-3.1408	3.8668
-3.9528	4.0566	-3.1779	5.579	-3.8743	-3.321	-3.3942	4.2814	3.5141	4.9209	-5.1893	3.0307	3.8536	4.6469	4.57	-3.4209	-4.3338	-1.5663	3.9546	4.1772	4.817	-4.4427	1.7696	3.4655	-2.336	-3.1481	3.3867	3.0171	3.3347	2.2882	2.6955	3.8701	-3.9745	1.9975
-4.538	3.1192	-1.6429	5.06	-2.8814	-1.9515	-2.4967	2.5911	3.662	4.4409	-4.6365	6.1186	5.9648	5.0334	3.1525	-1.7995	-3.761	-1.9473	5.1591	4.2997	3.6876	-3.2349	4.5627	2.7683	-2.5521	-1.7362	3.732	5.0589	5.1548	2.0658	4.0057	2.5638	-3.6638	1.9269
-2.5178	3.8415	-1.8694	4.7106	-1.8187	-6.3695	-1.9496	4.8848	5.0286	5.2995	-2.3621	6.6912	4.6136	4.4318	4.7569	-3.8423	-3.4517	-0.39488	5.4566	4.606	4.9803	-2.5743	4.9448	3.472	-0.90169	-0.63759	2.2832	3.0098	5.3259	3.1222	4.2112	3.9535	-3.7418	2.6212
1.5842	1.4332	1.2205	3.2732	2.1612	-1.206	0.45006	2.8024	0.6554	-1.3278	0.33514	-1.3049	1.7169	-2.2342	0.33912	0.99997	3.0891	-1.851	2.2239	1.2913	3.4451	-3.3649	0.24626	0.90096	-2.127	-2.5671	-0.47067	0.86267	0.66155	1.3017	-4.0798	-0.90087	-1.1752	-0.90243
0.32614	0.48512	1.5108	1.5915	-1.2854	-0.53307	-0.83077	3.4707	0.28279	2.386	-0.1605	0.085131	4.0873	1.966	-1.1883	-3.2148	2.7513	3.023	0.51904	3.2175	5.1074	-5.7447	0.066381	0.70648	0.869	1.1278	1.5465	0.37011	1.0163	-0.2123	-0.3924	-0.42871	-1.256	-0.36172
1.7198	1.8116	-0.30249	1.9318	2.002	0.3727	0.7726	0.64533	1.2167	1.122	0.39614	1.6268	4.6906	1.0474	1.2867	-0.70821	0.96387	0.48916	0.082453	2.8955	7.8439	-6.5317	-0.29539	0.61176	1.1123	0.78512	0.58592	-0.45255	1.8107	1.8808	1.5237	-0.16641	-0.33741	-0.38484
1.9995	0.61104	0.96548	0.49709	0.85682	-0.93998	1.8048	1.9946	1.4556	3.1598	1.3946	3.7764	2.2014	1.6165	3.2213	0.10253	1.3048	2.6469	1.1639	1.6224	7.9018	-8.2057	0.86707	1.2932	1.7341	2.5298	0.43378	1.0412	2.6427	3.8182	2.9161	0.13115	2.2008	0.94024
2.6452	2.6924	2.5217	2.6773	0.46086	0.56854	0.27406	1.9757	1.3117	3.566	0.40446	3.6179	2.8624	3.016	0.71108	0.38676	-2.6687	1.1223	2.4225	3.0332	6.182	-7.1796	1.4908	1.0903	1.4377	2.6777	1.1049	1.1291	1.4017	0.38474	2.4124	0.017416	1.2358	1.4219
2.7612	3.0648	2.1943	0.98426	-1.1439	-2.1995	0.75058	1.0014	3.3377	2.2383	0.0099189	6.861	4.1582	2.3861	1.6494	0.082396	0.034931	2.135	1.6812	1.9617	8.9471	-6.2469	2.0731	0.57233	1.8209	1.1392	1.5378	2.6091	3.1267	0.64503	4.125	1.0456	0.71607	0.51023
0.66164	3.2743	0.89306	0.46272	-1.9009	2.222	-3.2359	1.4295	0.36163	2.3558	-0.82873	-0.18778	2.9754	-4.6445	-1.3343	1.6236	-3.1248	1.8946	-3.5206	0.3327	0.2025	1.4266	-1.0859	0.1516	0.61891	-1.104	-2.7374	3.5274	2.0438	-2.7408	-1.2997	-3.3037	-0.31882	-1.4958
2.1907	3.1559	-2.9783	4.1697	-2.2108	2.0617	-2.3179	0.41576	-0.99707	4.6182	-0.10573	1.8661	3.0024	-3.9537	0.31313	2.9603	-4.4232	4.8221	0.13043	3.2018	-0.56174	0.076891	-0.60958	3.3891	4.4464	-4.3265	-2.7307	5.3089	2.824	-3.26	-0.91669	-3.5721	-1.2344	-3.1214
4.251	5.1688	-3.7439	4.7731	-2.2739	2.1589	-3.3263	2.1747	-2.6789	7.0908	-5.1348	3.9077	4.4585	-2.9577	-1.7771	5.6528	-4.0319	4.5003	-1.7889	4.912	-1.2895	-2.6534	0.97905	5.8815	3.7564	-1.9054	-1.4377	4.9477	5.1036	-2.3425	-1.8388	-1.0218	-1.6043	-2.8108
3.9954	6.7525	-1.2375	4.182	-3.814	2.6689	-4.0167	3.4337	-2.4766	4.428	-4.6575	5.5201	4.7249	-2.8965	-0.39918	2.7007	-3.4603	5.7308	-0.18695	4.6772	-1.1203	-3.579	-1.8703	5.8399	4.9247	0.012798	-1.1723	4.5301	4.4344	-1.6357	-1.2225	-2.362	-2.2716	-0.74974
6.7263	5.4546	-2.1501	5.151	-3.5031	1.2755	-5.4156	6.5325	-0.64537	4.244	-3.0581	6.1234	3.8183	-0.99582	-2.5122	3.9096	-4.3219	4.4838	-0.45129	4.2489	-1.7314	-1.661	-1.4211	5.6988	5.7207	-2.639	-0.31972	2.9183	5.5817	-1.4961	-2.0728	-0.66372	-0.71003	-1.829
7.9446	5.9752	-0.54995	6.5614	-4.6218	1.5562	-5.4774	6.9644	-0.53882	6.6032	-4.632	6.2725	6.7153	-0.29692	-2.2992	3.1044	-4.6463	5.743	-1.7999	7.2115	-1.349	-2.2904	1.3873	6.8367	5.1782	-1.0253	-1.2644	5.1689	6.5439	-2.5555	-0.58602	-0.62347	-1.5789	-1.5273
-0.96201	-0.41149	0.12353	-2.156	4.2	-2.9226	1.6735	-1.8855	-3.6555	-1.9595	0.20503	2.5872	-0.91586	0.47637	3.4694	-1.6314	-2.8829	-2.5023	-1.8573	0.93652	0.31843	2.5161	2.9847	-2.6141	2.8202	1.4992	0.2446	-0.49443	2.6024	2.8802	1.8134	0.93137	-1.0164	1.8813
-1.2415	-3.0463	-0.6944	-2.1426	2.1651	-5.2617	2.6158	-1.0015	-0.6899	-0.6339	2.0015	3.4852	0.09	0.33082	4.726	-2.2658	-4.083	-0.67994	0.13829	2.3444	1.1805	1.0138	-0.48984	-1.4431	3.6483	4.4042	-0.69068	1.1784	3.6987	-0.10879	4.6464	-1.9096	-1.8394	-0.10468
0.61997	-0.65009	-0.26638	-1.1311	2.1696	-5.4136	2.2222	-1.0051	-1.4324	0.51432	1.3138	7.6132	3.216	-1.2083	5.9545	-2.3692	-4.5183	1.0578	-1.0662	6.3916	-0.42047	-0.22881	-1.9801	0.18693	6.4122	5.9931	0.012963	-0.94155	6.1157	-2.1101	5.4777	-1.293	-1.3233	-0.36464
-0.094239	2.9127	-0.19213	-1.0828	0.042409	-6.5906	1.4511	0.59223	0.64469	-0.66878	-0.90112	7.5594	1.3852	-0.16456	7.2787	-2.0261	-5.6149	2.2732	-0.6457	7.0879	0.24085	-1.6457	0.70459	-0.82771	4.9906	5.7734	-0.66322	-0.074425	6.2241	-0.94335	6.1484	-0.74994	0.14586	0.042067
0.62737	0.42867	0.29077	1.0185	1.4514	-7.4196	0.31518	2.8584	-0.86502	2.1795	-0.10675	8.5081	3.2777	-0.076642	6.8924	0.062041	-7.2417	0.62545	0.8506	7.4715	1.2874	-2.6074	-0.043241	-0.42184	7.7469	7.0396	1.96	0.45705	6.9698	-0.71092	6.8894	-1.3243	1.0008	-0.70015
0.40593	0.67589	0.69708	-0.31369	0.44123	-6.0867	0.06743	0.19254	-1.3585	1.9582	1.448	11.204	0.97527	0.029124	7.422	-0.27549	-7.6804	0.88759	-0.05526	8.1326	-0.45436	-2.2659	1.0319	1.3584	7.9557	9.2482	0.23142	0.39381	6.931	0.16782	8.58	2.347	-1.468	-0.04568
-1.3445	0.33737	-2.7746	1.6238	-1.1345	-2.2283	0.22121	1.085	1.6012	3.1827	0.56474	-2.0405	-1.7291	0.43042	-2.1257	2.756	3.633	-0.88393	1.2075	3.0363	-0.5223	3.3124	2.6868	-0.27298	2.9095	2.0365	-2.0495	-2.1648	0.072294	-0.50676	-1.181	1.3182	1.5662	2.9775
1.7218	1.8696	1.2691	-0.11273	0.49224	-2.409	1.0499	0.27707	0.39512	1.7678	-2.3521	-0.088691	-1.5496	-0.54975	1.1164	0.96166	4.095	0.83554	3.2035	1.4899	1.2295	0.69731	2.6347	0.40596	1.5767	3.1906	-3.8186	3.0965	1.654	0.2472	1.3227	0.6813	-0.30788	1.336
2.4911	-0.42262	2.4188	0.63855	-0.025565	-3.2102	-1.8649	0.81966	3.3706	3.2617	-1.7476	1.2388	1.7044	1.1468	0.79957	2.1937	5.3432	2.0505	1.6633	2.439	2.3777	-1.2955	0.90782	1.0045	3.0005	2.2945	-3.2313	1.7304	2.3845	1.5136	0.086543	0.81398	2.6692	1.0127
3.9726	1.8444	0.87144	4.521	-1.7003	-1.8949	-3.0835	3.0303	3.8815	1.6899	-3.9568	3.0109	3.4998	3.1316	1.463	1.3858	3.6894	2.2145	2.8108	3.4875	1.1982	-0.73276	2.7366	1.5444	1.9244	1.4662	-3.0184	1.0496	2.2724	1.3314	2.5089	1.7869	3.5186	4.0779
2.3281	3.98	1.284	5.6373	-5.3729	-2.765	-2.0827	3.8714	2.4743	3.6233	-4.1867	4.9837	4.6415	3.8	2.3755	1.5582	1.3687	2.973	2.3499	3.9371	1.8061	-3.2054	2.5488	1.3055	2.3268	3.0135	-3.8686	2.1546	2.3375	2.0906	3.0392	0.79675	1.7818	1.9463
3.6023	3.6694	3.8264	3.0169	-3.1321	-4.3123	-3.7405	3.7869	2.5296	5.0133	-3.5508	6.343	4.3548	1.4028	3.4882	2.3103	0.025997	4.7521	1.7892	2.4073	3.5868	-3.6343	1.968	2.4269	2.5555	3.8159	-3.5643	4.4612	2.9909	2.2281	2.7454	3.4658	3.7752	2.3375
-1.7838	1.2091	0.83211	2.6853	2.0242	-1.7549	0.2932	-4.155	-0.80215	0.40012	2.669	2.0008	-1.1793	2.0191	1.0819	2.8642	3.2037	3.847	-1.1763	0.86319	-1.2765	1.725	2.2623	3.1251	0.82075	1.6547	-2.7671	2.6654	-0.53956	-1.9932	2.88	1.6058	2.9192	-1.8452
2.5163	2.4497	0.33793	4.3414	2.1522	-3.1422	2.5809	-4.7751	2.137	2.8345	1.1211	2.5845	1.1951	1.6532	1.5646	0.94812	1.8251	2.4198	0.096975	1.3534	-2.059	0.093918	2.1233	4.8582	1.4257	2.812	-2.6637	2.2583	0.23792	-3.5012	2.1935	1.2827	2.5064	-6.5182
2.8815	3.491	3.2605	2.3893	2.8866	-3.2031	1.2111	-4.5281	4.2272	4.9004	0.35921	4.3674	2.6579	3.0034	3.1136	1.9875	1.979	4.426	2.803	5.0459	-2.7235	2.1426	5.9913	2.1472	2.3772	2.0261	-3.6211	1.9921	2.6668	-4.6284	2.4901	3.5193	3.3385	-3.253
4.2272	1.9638	2.2311	5.0969	4.2186	-3.9685	1.7478	-3.7411	2.8771	2.9066	0.60235	5.6096	2.9071	3.1395	3.7832	0.19548	2.1714	5.1384	2.7066	2.8618	-2.2326	0.59707	3.4528	3.6768	2.6076	1.7456	-5.06	1.1912	3.8911	-2.3525	2.0214	3.177	3.5333	-2.3631
4.4297	3.9579	4.5281	4.6179	3.4673	-5.4396	2.4339	-3.5961	4.8092	2.9713	0.42928	5.7213	3.7863	3.0551	4.8312	1.4285	1.0174	5.2674	4.6184	3.7076	-4.6844	-0.34974	3.6488	5.2189	3.0309	2.0541	-3.1719	2.3834	3.2691	-2.8043	4.4185	4.5982	3.3835	-2.5186
4.6556	2.757	2.5006	4.4171	1.1502	-5.977	2.2058	-1.8142	5.3279	5.4369	0.64129	9.7044	3.938	3.9033	4.6023	3.5378	1.2616	6.2946	1.9483	5.5722	-2.4158	-4.1642	3.9033	3.8178	1.5176	3.2624	-2.244	2.642	3.0778	-5.7822	3.0927	4.6378	2.8341	-3.8352
0.58279	1.815	-2.9831	-0.93517	-2.2413	2.1123	-2.9637	3.4997	4.5706	-0.71412	1.7474	0.8591	3.3419	1.2964	0.53302	-1.787	-0.99501	1.7014	2.8031	0.028831	-2.6548	-0.17806	-0.50392	-0.76997	-2.6405	2.4829	-1.8527	-1.5222	-0.32511	-1.4434	0.40016	-0.15831	0.83422	-1.8839
1.0634	1.4631	-2.815	3.7926	-0.059311	-1.4047	-2.7473	1.7006	2.1237	-1.1071	-0.24778	3.3661	2.6933	1.8219	-0.40884	-1.2071	0.67527	0.5012	4.1762	2.3482	-2.7225	3.1774	1.1387	-0.31834	-3.2745	5.0156	-1.0645	-1.2797	0.19573	-0.32585	1.0463	-1.739	-2.0484	0.080964
0.97314	3.2036	-3.6052	3.4209	-0.52441	-2.3537	-1.4821	2.9516	2.9454	0.82905	-1.557	4.5884	3.5438	1.5592	0.31594	-1.9593	-0.793	2.2105	6.6584	4.0569	-0.66126	-0.13331	-1.5859	-0.59199	-0.90867	5.1346	-1.1409	-1.4765	-0.53881	-0.25212	2.8667	-0.47867	-1.2211	-1.8825
4.1064	3.986	-1.5654	3.8067	-1.5031	-2.5164	-0.20235	4.8688	6.4641	4.7679	-2.221	5.1959	3.8853	2.8943	-2.4239	-1.948	-2.2942	4.5033	5.5042	5.413	-0.08952	-0.45049	-1.3555	-1.9098	-0.4572	6.2419	-0.9724	-0.89915	-1.1232	-3.0263	5.3765	-2.2056	-1.8701	-0.41533
3.489	5.5769	-1.1321	5.7433	-0.47976	-1.4721	-1.907	5.1747	4.6249	5.8599	-2.0613	6.1567	6.0378	4.5923	-0.66278	-1.7452	-2.7473	4.1947	7.1748	4.8478	-2.559	-2.8841	0.43929	-0.81096	-1.7803	4.1704	-1.7501	-1.6792	-1.0601	0.28719	3.9218	-1.6092	-0.24249	-2.3501
6.376	6.7888	-1.1059	4.9936	-2.1688	-2.3498	-2.3331	5.2775	3.9456	5.8305	-2.0261	8.0127	6.712	6.4967	0.51239	-2.4244	-0.64491	5.7007	5.4229	6.4863	-0.69826	-1.2482	0.15628	-1.2197	-0.11171	6.9962	-1.9294	-0.75666	-1.4733	-1.2356	6.9737	-1.6531	0.26977	-0.33387
0.99845	-0.99041	2.2525	1.5453	-0.9136	2.3291	-2.4522	-3.3029	-2.5242	-1.8817	-0.78518	-3.0488	-4.0027	0.59342	-2.769	-4.3445	1.3315	3.5312	2.6606	-0.53468	2.5442	-0.2581	-0.095984	-2.1605	-0.011694	0.025506	-1.1507	1.5673	-2.6018	-1.9034	2.6247	-0.24499	2.0003	1.0376
2.1723	0.48144	2.5973	4.0902	-0.43085	1.6832	-3.121	-5.2184	-3.2835	-1.3931	0.44295	1.5551	-4.0681	2.4996	-2.4477	-3.4508	1.4885	1.9048	3.1837	2.7874	3.1802	-0.58034	3.5945	1.7412	0.74037	2.0313	-2.2582	0.48143	-2.4054	-1.4057	1.4414	1.5999	3.459	1.6273
2.2628	1.1757	2.1512	3.5544	1.6333	0.48045	-5.2185	-3.881	-3.736	-2.5801	-0.4256	3.2825	-4.583	2.1823	-2.9804	-5.1733	0.92762	3.5226	4.0609	2.6105	1.6068	-0.36804	2.9379	3.6741	3.7429	2.8408	-1.3965	1.8852	-3.8935	-4.0707	1.8693	1.329	1.1574	1.9762
4.1653	4.6318	3.7303	3.1216	1.6934	-1.8942	-5.9319	-2.5598	-3.0152	-2.2532	-0.41796	4.9415	-1.0195	2.6749	-2.2212	-4.0383	0.3914	4.5341	2.2347	4.1969	2.0311	-2.9659	4.5014	3.8254	3.6302	2.3951	-3.83	3.6814	-2.5381	-1.8842	3.0432	2.1967	3.4068	4.3851
6.2312	4.8736	5.0565	5.0057	-1.1762	-0.90479	-9.7916	-2.1341	-3.3834	-2.381	-2.3564	4.8793	-2.0277	6.2291	-2.8028	-2.9288	-0.73469	6.9438	1.3042	3.936	4.9695	-2.4807	4.0724	3.7757	3.4972	2.7136	-0.54169	3.6686	-2.6773	-5.2404	3.5287	4.2798	3.6005	4.4666
6.1388	4.1988	2.1743	4.3967	-1.9203	-1.7672	-8.4321	-1.3015	0.14932	0.13993	-4.0341	5.2602	-0.47348	4.4827	-0.11978	-4.5062	-1.984	5.308	4.2843	5.5887	4.6777	-3.5419	6.3881	5.0092	4.8037	1.9487	-2.0687	4.3116	-1.4963	-3.3649	5.5344	5.5608	3.4693	4.3611
1.9771	4.2064	-0.13739	0.50321	3.4322	0.49792	0.043304	0.75468	2.2073	-1.0784	-2.4429	-2.9279	-0.36961	2.8936	1.1506	2.4832	3.0942	-0.31614	0.35561	-0.13591	-0.78722	0.94809	2.0523	0.6173	2.7616	1.3383	0.28591	-0.99767	-1.3331	2.1173	2.4899	0.51455	1.3987	4.0835
1.6441	1.8641	-5.623	-1.0254	2.6667	0.2602	0.030132	2.2125	1.3522	3.5705	-3.3237	2.5475	1.2652	1.3814	1.7643	1.2651	0.38876	0.26853	3.0232	1.321	-0.70505	-0.39222	2.447	1.26	2.9755	1.2876	1.7545	0.37211	-0.25326	1.4882	2.0505	-0.52045	0.89811	0.26232
0.61025	0.3694	-3.3852	1.414	1.8464	-0.0095561	0.78978	1.1583	2.3145	1.7976	-5.8617	4.1518	1.8346	1.7427	0.70358	0.63381	-0.27471	1.5662	1.5981	0.072076	1.2411	1.2136	1.1646	1.3782	0.19289	1.3506	1.5589	1.9648	-0.94001	-0.53023	2.8459	1.1157	0.1283	-0.27346
2.4187	1.2915	-2.7985	3.2357	4.5868	0.42706	0.1659	2.0229	3.0801	2.726	-4.586	3.5295	2.8079	1.7072	2.0378	0.39038	0.068064	3.2023	2.3023	3.06	1.9131	1.1748	1.9048	2.7682	2.6311	2.9805	2.2665	2.177	2.5841	2.8313	2.2685	1.8406	0.97247	2.2724
3.0164	1.2752	-5.4716	1.9876	1.4233	-0.37831	1.6471	2.7162	1.5496	4.0519	-4.997	7.5596	3.1139	1.324	1.1667	2.2908	1.6303	3.7459	3.2649	4.6628	0.97061	0.88278	3.1083	2.4211	2.4576	2.4083	1.7142	0.76845	2.5616	0.43737	3.8544	1.9505	1.1952	2.2745
3.3223	3.9274	-3.528	3.1046	1.7927	-0.10033	0.22096	2.3683	3.125	4.1776	-6.1773	6.9765	5.0709	3.1444	2.6858	1.8825	1.2235	3.0338	2.3383	2.6558	2.6628	-0.59166	3.3747	4.6523	1.6934	3.4564	2.8154	0.93754	3.2754	1.3248	4.0823	1.6622	1.6077	2.6241
0.25376	0.68987	1.0129	-0.0367	0.48735	-1.7418	-1.5192	-1.4234	1.6163	-3.3831	4.1975	-3.961	-0.094596	1.4411	-3.0001	0.98208	-1.2007	1.3497	-0.3886	-1.3496	-2.5799	-3.8323	-4.4433	-1.7031	0.42792	1.4981	0.98224	3.3011	-1.9553	2.216	-3.7304	-1.6491	-2.3753	-0.55276
3.7084	2.109	-3.3835	4.2571	3.0585	-3.7503	-3.4499	-4.8995	5.8449	-0.644	2.5907	-1.892	2.7686	2.5942	-1.2312	0.8521	-3.0546	2.6381	0.7138	-2.308	-1.2116	-4.6449	-1.1408	0.25664	0.86232	1.8334	0.29005	1.8212	-3.5213	1.11	-1.2384	-0.84866	-1.7024	-1.1901
2.8647	3.4618	-2.0443	3.1613	2.4612	-4.6161	-2.7239	-2.0226	4.4122	-2.5593	3.2383	-0.75062	5.4522	3.0437	-1.3793	-2.3185	-3.5555	4.9472	1.4219	-2.6664	-2.8589	-3.8666	-1.134	2.9089	3.0813	2.5089	0.51001	3.1414	-2.3149	-1.5331	-1.7025	-1.9711	-3.3489	-1.9044
3.7342	3.6222	-1.8483	4.4092	4.1981	-3.4177	-1.359	-1.5571	3.3256	0.14111	1.5731	0.79638	5.4996	4.2262	-2.1377	-1.8966	-5.746	4.2427	4.8654	-1.4661	-1.9098	-5.4533	-3.3073	4.3411	4.3679	4.7105	3.1965	4.2459	-0.30641	-2.8347	-2.1184	-1.8936	-3.8067	-3.5867
5.1552	5.6999	-0.58374	4.4691	5.1373	-2.5787	-3.5721	-1.6732	4.6417	0.17647	1.8844	1.8471	4.4293	5.5312	0.17906	-2.9703	-3.0361	5.5943	3.7332	-1.6228	-0.050381	-3.6398	-2.4896	4.5118	5.0573	4.1231	5.1141	4.1312	-0.9818	-1.4583	-0.7421	-2.642	-3.0019	-1.9529
5.3506	5.9257	-0.3407	5.2718	3.4629	-3.1546	-2.2231	-1.5759	5.599	-0.6354	3.0872	3.6696	6.7123	6.7355	0.24083	-0.83182	-4.1424	6.1491	3.575	-0.076027	-1.9844	-4.8237	0.4459	4.708	4.4385	3.4735	3.8514	4.8242	-1.7002	-2.4653	-1.631	-3.1888	-0.97685	-0.32518
-3.275	1.9771	1.2434	2.9871	2.9898	1.0791	-2.5079	-2.9403	2.1499	0.94152	2.8507	-4.142	-1.687	-1.2986	-0.65192	2.659	0.62427	1.0601	2.8338	0.11986	-0.19568	1.6629	-0.33933	1.2745	0.89959	0.13993	-2.6883	0.9637	1.8359	0.98677	-2.9986	0.23089	-0.39332	-0.71184
-3.6198	2.4038	0.82843	1.6637	2.3607	-0.31964	-0.33922	-5.9296	0.99947	2.5967	1.0573	-2.0912	2.3828	1.68	0.58062	-0.38097	0.080204	1.1386	6.111	2.5137	0.17912	1.1227	-0.69289	0.16937	1.0669	2.827	-0.47226	-1.2806	0.87446	-0.4098	0.83502	-0.88119	-1.3737	2.2326
-2.4638	2.2195	1.8552	3.2184	2.1302	-2.8446	-4.5112	-3.1063	2.2393	1.7325	3.2399	-0.60922	4.7954	1.3539	1.8448	-0.058097	-2.7615	3.1125	7.0086	2.8395	-0.10176	0.027218	0.85469	1.5162	1.6979	0.18521	0.45326	0.82762	1.3607	-1.5181	1.3313	0.40391	1.1716	0.98919
-4.5837	1.4781	1.8155	3.0725	0.60358	-3.7124	-4.2542	-3.3466	3.3179	3.0407	1.598	3.5919	3.9407	2.6219	1.104	-1.4358	-3.5417	1.4407	8.5461	2.8435	1.8366	1.012	3.1203	3.2363	2.6309	1.5851	2.1107	1.3197	1.755	0.082335	2.059	2.4439	0.96466	1.2516
-5.1134	3.259	4.7763	2.4469	2.1148	-5.5219	-4.8406	-4.7953	3.025	3.6141	2.2999	3.822	4.4591	2.5671	2.4448	1.9801	-5.3339	3.5363	9.3316	3.2698	2.2301	0.28741	2.8487	3.2966	0.054813	3.3362	3.0724	2.2565	1.1384	0.55164	3.5435	2.6404	0.98826	0.71115
-4.7028	2.2006	3.0325	3.4832	1.2701	-4.0996	-5.7781	-4.8961	2.0176	3.7078	1.5287	2.9886	3.8223	2.1307	1.6632	-0.0085081	-5.3969	4.4506	9.7333	2.8609	0.11105	2.3274	0.64307	2.1161	1.2118	0.44557	1.4191	2.601	1.9973	0.88316	2.2958	1.7758	2.6468	2.4482
1.1492	-1.6771	-0.25218	0.10785	-1.0033	-2.7049	-3.9028	-0.82863	-1.6853	-2.6919	0.62206	-2.0258	-0.4112	-0.51095	-1.3705	2.0719	-2.1331	-1.7336	-3.3266	-3.2331	-0.91603	-1.1819	-2.7964	0.76334	-1.7555	-4.1933	-1.2836	1.2755	2.4763	-1.0902	0.13289	-0.41242	-1.2447	-0.87922
4.6285	-1.633	-1.8875	0.69981	-1.6251	-1.959	-1.7209	-0.011698	-1.371	-0.71327	-2.5796	-1.5869	1.2775	-2.0076	0.32496	0.0094973	-2.8435	-0.19146	-0.84363	-0.11945	0.0097029	-2.1792	-2.4251	-0.10579	-0.47572	-1.5376	-1.7948	4.8713	5.9923	-2.6118	0.033125	-2.3524	-2.5612	0.76558
6.2574	0.60036	-1.9847	0.57782	-1.5752	-3.4777	-3.6745	0.38237	0.35588	-1.8821	-2.3778	1.8834	2.9981	-1.1698	-1.4616	-1.072	-4.1914	1.5361	-0.97118	-0.96665	0.51716	-2.6243	-0.88411	-0.35097	-1.7685	0.35183	-1.656	4.3385	6.5049	-1.0696	-1.5865	-1.937	-1.1835	-1.5558
4.1114	1.1669	0.52972	0.22906	-0.13784	-3.7419	-3.661	0.48789	1.5916	0.11772	-3.9316	1.4949	0.67533	-0.43273	-0.17737	-1.026	-3.195	2.3481	1.5174	1.506	0.58383	-1.0104	-1.7623	-1.2374	-0.68046	3.1664	-1.4999	5.4156	6.2096	-0.84734	0.070853	-0.90702	-2.7352	-0.57019
7.8674	-0.69472	0.22824	0.4757	-3.7938	-4.0825	-1.9705	1.5425	0.69757	0.19048	-3.067	2.6034	3.0751	1.7819	-1.0028	-1.9284	-0.15284	1.5177	-0.27495	0.88937	-0.17842	-7.3924	1.2401	1.9785	-0.37278	3.4559	0.092514	6.3627	5.157	-1.078	0.36956	-1.4487	-0.74349	0.21334
7.3364	1.5199	1.7442	2.0783	-3.4718	-5.8636	-4.2416	3.2852	2.4303	1.5031	-4.416	2.5499	1.958	0.7201	1.6149	-0.66255	-3.586	3.8231	-0.16101	2.8091	-0.4862	-5.3426	2.1429	0.72046	0.569	1.8026	0.28485	7.8006	7.2772	0.34428	1.6274	2.3024	-0.6974	1.0566
-1.6112	-0.14792	-2.8797	-3.4422	1.7975	-0.41988	3.2783	-0.056349	-3.7906	1.508	1.8215	1.4344	-0.10157	-1.3982	2.9413	-0.77758	-0.59587	2.2965	1.6119	1.1115	-1.6126	1.3538	3.4214	2.4553	0.12242	-0.41037	3.8223	0.10306	3.3228	-3.6343	0.4657	1.8635	-3.8039	-0.59647
-2.8345	-2.2653	-1.3831	-2.3451	2.8858	-1.3365	2.7803	4.5175	-1.5933	4.8183	0.77621	3.7233	4.03	-1.214	5.1104	-3.6857	-2.5026	3.8192	3.4196	-1.2411	-1.3658	-1.8997	5.2894	4.6687	0.65924	-0.6926	4.55	-1.5809	3.7806	-0.86572	-1.5306	-2.0796	-3.0806	-0.7127
-1.5184	-0.55829	-3.4806	-0.33142	4.6868	-2.8222	3.6864	4.7035	-1.5037	5.0421	-2.8755	5.6616	4.4152	-1.3744	3.8376	-4.0038	-4.392	5.3576	3.5914	-1.5713	0.30011	-1.2012	6.2428	5.2333	-2.56	-2.6347	4.5545	-3.0122	3.3267	-3.5981	-2.2415	-1.8026	-1.7155	-0.99336
-2.106	-0.64224	0.32412	0.68924	5.3238	-2.205	4.1928	4.4612	0.71283	5.8141	-1.8093	6.1548	6.9793	-1.0827	4.6497	-3.1303	-2.5389	4.1856	4.0683	0.50488	-2.2096	-3.2644	4.6565	7.4874	0.95342	-0.99876	3.8439	-1.2255	4.243	-1.3924	-0.081839	-0.58905	-1.6672	-1.856
-1.4948	-0.65666	-0.016195	0.24154	3.6855	-2.5766	4.0697	6.3173	-0.24441	7.2222	0.13674	8.014	4.8239	-1.3914	5.6584	-1.211	-5.79	5.5015	7.4731	0.089233	1.0468	-2.3044	5.362	6.9549	-2.1905	-0.48057	5.6444	0.15553	6.1506	-1.7788	0.8748	-1.4039	1.2224	1.4837
-0.71802	-0.66872	-0.38167	2.0785	5.1734	-1.5869	5.69	5.9705	0.59818	7.8935	-3.1223	6.0482	4.4856	0.43425	5.7411	-1.9709	-3.6544	6.0871	6.186	0.18315	-1.5004	-0.97772	4.8609	5.8751	0.50872	-0.23372	6.2095	-2.7825	5.6613	-1.1206	0.24965	-1.1108	-0.77925	-1.1016
-2.19	-0.44128	-1.7649	-1.2243	-1.3755	0.17284	-2.0383	-0.42325	-1.9542	-1.9543	3.7986	2.9016	1.8426	3.0621	-2.5635	-0.654	-3.4095	-1.754	-2.0767	1.3958	1.5903	-0.62511	-2.349	0.25449	1.1678	3.2996	2.0925	0.93979	1.9385	-0.81642	-1.5209	0.80541	-1.8563	-2.1367
-1.4264	0.52445	-0.95297	-0.34142	-2.6538	-1.9016	-2.0714	-1.5794	-0.91781	0.77283	3.1417	6.3876	4.7366	-0.023401	-2.8902	-3.1702	-2.1627	-0.22238	0.82165	0.69681	-0.062122	-0.18786	-0.94079	-0.25405	0.031302	0.57106	0.98584	-2.7782	0.3455	0.41986	-0.30354	0.94765	0.22304	1.16
0.88143	0.57583	0.082172	0.21298	-2.4435	0.085487	-1.1607	-0.98409	0.61339	-0.078401	3.1374	6.6267	7.8408	0.15589	0.9749	-1.8872	-1.1926	2.5019	-0.61692	1.726	-1.8157	-3.2946	-0.82866	-0.75585	0.35921	1.9749	-0.40215	-0.40245	0.69981	0.02415	-0.22814	0.52059	0.52998	1.55
1.0023	0.37675	1.5006	2.337	-1.3476	-1.5138	-1.2022	0.84831	-0.16811	2.6865	2.8	8.4421	7.5637	0.58806	0.48658	-1.4924	-1.9147	1.5209	2.241	0.46833	2.9327	-1.6671	0.89159	0.11273	-0.049539	1.3502	2.1459	0.59492	1.2335	1.113	0.74206	0.12351	-0.69027	-0.70032
3.8508	2.5593	-0.028644	2.117	-1.6528	-4.6365	-5.1907	0.40938	-0.037034	0.91992	3.2997	8.3556	9.3559	2.1908	1.8108	-1.6969	-3.523	2.3578	0.80895	2.8517	-0.38736	-1.3882	0.85337	0.33703	1.5588	1.7475	0.31653	-1.0802	1.2039	0.98721	-0.42964	1.0309	0.5878	0.60022
2.0265	1.3832	2.9946	2.1073	-3.7201	-3.2676	-4.4953	2.2352	1.6742	1.4501	1.9837	10.18	9.5572	1.5781	1.9146	1.2026	-5.6431	2.6827	0.86455	2.0464	0.64691	-4.1675	2.193	1.3543	1.6115	0.037403	1.3924	1.9628	1.9394	0.087118	3.4621	1.0784	0.10242	0.58284
-1.1449	-1.7511	3.85	0.12411	0.40453	-2.4516	-3.7554	-0.19917	0.21376	3.3404	3.4262	-1.2579	-2.3044	0.56443	-0.86111	4.0009	-3.3156	-1.2035	1.8382	2.628	0.9271	0.93706	0.4913	-0.86092	0.74329	-1.6166	-2.0844	3.2162	-0.98412	-0.6254	3.8329	-2.4216	-2.3086	-1.1339
-2.0622	1.2387	-1.5924	0.48224	2.3802	-3.9806	-3.7761	0.74281	-1.3113	5.0202	1.4997	1.7658	-0.99473	-0.10771	4.0682	1.7364	-4.5662	0.5605	-0.31591	1.8525	2.8255	-0.65837	4.3669	-0.58698	0.7552	-0.16463	-1.5587	5.258	-2.5028	-2.5146	3.2478	-2.2732	-2.24	-2.0445
1.2548	0.18223	0.045895	0.68968	1.4691	-5.2412	-4.7206	0.62943	-0.0010625	4.5319	-0.52209	2.2727	1.0804	-0.4178	6.1837	4.0346	-4.4087	0.73464	-0.34754	-1.7085	5.1735	-1.845	5.6312	-1.5282	-0.85423	-1.3612	-1.8703	5.7534	0.055901	-1.0115	4.5016	-1.9525	1.0145	-2.2873
1.0127	-0.14536	-0.58134	-1.1339	0.24021	-5.3188	-5.4809	0.15345	-0.27884	7.9185	-0.075529	4.0941	1.0334	1.2068	7.2053	3.3812	-6.4363	-0.095096	0.67055	0.95196	6.1778	-2.3064	4.6131	0.76943	0.83026	0.1487	1.195	5.3698	0.77133	-1.9774	6.9991	-1.4755	0.23388	0.026629
0.25943	2.8684	-1.2915	2.1473	-0.701	-6.9456	-5.1351	0.14194	-1.358	8.06	-0.23087	4.1775	1.644	-0.8712	6.4339	4.7454	-4.9612	2.1667	0.75395	2.4709	8.5462	-2.7708	4.8956	0.00098991	0.10887	0.7343	-2.6343	6.6392	0.54024	-0.54663	6.7043	-0.13894	-1.1039	0.5791
1.4408	0.87696	2.1749	-2.1842	0.71133	-6.2278	-6.0293	0.55155	0.99706	9.4127	0.28676	6.7679	4.3507	2.1445	7.7395	5.5027	-6.7904	1.6271	0.28147	1.0681	8.3424	0.018467	4.9927	1.2681	1.2677	1.2842	1.1105	6.7073	0.35234	-2.0207	7.1785	-1.3558	-0.94873	0.37083
3.5962	-0.24499	-0.73006	-2.0763	-0.62907	0.98299	-2.0012	1.9859	-0.87164	1.0147	-4.2815	0.77338	0.41535	-2.3925	-0.088455	2.1451	-4.2733	0.23869	-1.2126	-2.4011	3.0799	1.0371	1.5202	1.8764	-1.312	2.2715	-0.14623	0.98365	0.1874	-0.35477	-3.6582	-2.7007	-2.2599	1.8059
5.4634	-2.0533	-2.8385	-2.9944	-2.3403	-4.6571	-1.508	-1.6807	-1.5648	3.4347	-4.4983	4.2035	4.8536	-1.3584	1.7137	-0.61933	-2.5351	-0.61187	1.3444	0.046681	2.1932	3.1649	3.7779	2.7166	-2.523	4.0344	0.027098	3.0186	0.6191	0.014128	-1.015	-5.3451	-2.1409	0.26811
5.0935	-0.81238	-1.7973	-1.488	-2.7723	-4.0067	-2.2026	-1.6573	-2.569	3.5977	-2.3001	2.651	5.3403	-2.0711	4.4331	-3.097	-2.1377	0.44662	4.7478	0.82394	5.1697	0.64825	5.2543	4.8089	-2.524	3.8654	-0.49495	4.1213	3.8076	-1.1757	-1.2007	-3.0771	-0.33153	-4.3245
5.8079	-0.21067	-1.6714	0.64213	-2.562	-1.7983	-3.9719	-1.278	-2.1465	7.2938	-3.5331	4.554	6.4888	-0.53805	3.7097	-1.8159	-3.4513	-0.73678	5.9412	0.14054	4.4316	0.78372	4.0814	4.0467	-1.2886	5.1209	-1.7562	4.822	5.1726	-0.56586	-0.58431	-3.0018	-2.3771	-2.8352
4.8126	-0.49693	-2.4638	-0.87819	-2.8093	-3.3479	-2.533	0.8236	-0.34638	8.3315	-3.2392	8.4239	8.3418	-2.2683	7.4834	-1.4701	-2.3732	0.50809	5.6505	-0.14585	4.8431	-1.1318	5.1182	5.4724	-1.6979	5.1771	1.3902	5.0371	6.0534	-1.1621	-2.2718	-1.4001	-1.4394	-2.1029
4.7278	0.11289	-3.5155	1.8732	-2.9444	-3.2395	-4.3768	-2.1116	-0.74912	6.0115	-2.2961	10.033	7.8048	-1.5809	6.0848	-1.8209	-2.7188	1.0855	6.7862	0.5672	6.1247	-1.4145	3.7161	4.8997	0.40371	6.6367	0.94854	5.2497	5.3929	-0.80633	0.59788	-0.1335	-2.4266	-0.62286
2.3139	2.4583	1.3667	-0.9179	1.743	2.8747	0.50681	4.1799	-1.5912	-1.8193	0.08998	-2.9642	0.76041	1.9875	-0.61465	4.3145	2.6375	1.6898	-0.82119	0.21819	0.38864	-2.8315	-0.66844	-1.6168	-0.18294	2.371	1.288	-3.8678	-1.7922	1.222	1.5235	-0.8053	-0.33533	-2.3601
1.7502	0.59967	-0.21617	1.1836	0.74729	2.7743	-1.3787	0.88245	-2.3879	1.602	0.64962	-0.14253	1.2206	0.28044	0.069706	2.3472	0.54286	1.7089	-0.25222	2.3811	1.0906	-3.665	-2.7017	-2.5226	-0.35514	6.0117	3.0044	0.23023	1.0679	1.1586	3.7229	-2.4355	-1.9133	-3.1114
2.9513	2.6628	1.2928	1.437	-0.55226	-0.9174	0.14607	1.6777	-4.2976	1.4469	1.7192	3.286	3.7692	1.4356	3.5643	2.2919	0.34319	3.1413	-0.44449	3.6813	3.482	-4.4827	-1.4981	-1.7172	-2.5588	3.6928	3.0864	-2.8258	0.60074	4.5102	5.2842	-3.2298	-1.7549	-2.0771
2.5114	1.5278	2.5432	3.009	0.88692	-0.77699	0.69388	3.8674	-2.83	4.2369	1.4963	3.5078	2.7821	3.3456	4.3231	3.3987	0.19973	4.7896	-2.5476	3.8796	3.1484	-6.633	-3.4371	-2.8971	-0.5525	5.4318	5.6334	-3.1822	-0.019387	4.1297	5.1719	-3.1829	-1.8057	-2.2849
4.5008	4.8156	2.4695	5.1549	1.1847	-1.0528	-0.61082	3.5411	-0.93079	4.7016	-0.85823	4.7582	4.4386	3.5966	4.9595	1.7746	-0.52333	2.9222	-1.7068	5.6708	5.1158	-8.3989	-2.0877	-0.98942	-1.0873	4.3904	2.7202	-1.3618	-3.0609	4.2739	4.8557	-2.5091	-4.2363	-1.2493
8.2592	7.2698	4.363	3.1247	-1.4833	-1.5875	0.56775	5.606	-0.062776	6.3163	-2.0602	5.9734	6.5167	5.1779	5.8511	3.0553	-2.7299	6.0261	-0.67113	6.2324	4.4657	-7.9536	-0.18643	-1.1511	-1.8687	5.1834	3.8785	-2.2881	-2.8632	4.9229	6.1107	-2.8044	-0.53748	-1.6373
1.5017	1.4732	2.9756	-2.1417	2.3089	-1.2427	2.1136	-2.0151	0.92402	-2.6382	0.8571	0.85462	-3.3587	0.033624	-1.9381	0.53671	0.42756	-1.9327	-0.9294	-1.5778	4.0025	-0.051487	-4.145	-4.0845	1.0295	-0.64785	-1.1753	0.81981	-0.68968	-0.23483	0.17665	2.0766	-1.1456	1.0372
3.0457	0.99882	-0.52255	-0.47191	0.74844	-4.8939	0.57698	-5.1925	1.9563	1.172	1.6153	3.5397	0.95326	-0.049223	-1.3048	0.55669	-0.43343	0.73483	-0.12546	0.95691	3.6292	1.2223	0.10667	-1.7018	0.7576	0.67018	-1.1608	1.3458	0.75738	0.50829	1.4832	1.1377	-0.89173	0.51507
1.9679	0.82163	1.1726	2.0778	0.25698	-4.6971	1.1981	-5.0344	2.0553	1.6837	2.7865	3.7297	1.637	2.5488	-0.046601	0.011515	0.70081	1.2933	0.11566	0.26613	6.9267	-1.3084	-0.46675	-0.78536	1.1801	1.2288	-0.7809	0.24286	1.2669	0.95518	1.7559	0.44138	-0.13774	0.45691
0.48746	1.9413	0.73983	3.6191	-0.28213	-7.1538	-0.8929	-4.4511	3.196	0.023132	1.2179	8.3887	1.919	-0.33459	0.45036	0.2887	-0.99151	2.3665	1.163	1.7891	7.6418	0.46896	1.957	0.16941	1.4252	2.0184	1.6456	-0.31819	0.43081	0.18543	0.19173	0.091128	1.8916	1.9421
1.2801	2.7692	1.2367	1.5507	1.888	-6.1747	0.75802	-4.1061	3.1843	1.9893	0.31661	7.9372	3.3107	1.1435	1.049	0.99766	1.3249	1.7507	0.28935	-0.29342	8.0095	0.7492	2.2408	1.4629	1.988	2.3626	1.2929	2.7942	1.0669	0.26429	1.7121	1.2383	3.1003	0.63167
1.5413	2.0878	0.27026	1.2484	0.24146	-5.4308	0.46807	-4.9559	2.1936	3.1377	-0.98406	8.6249	3.658	0.91395	2.3809	1.364	0.71624	2.8944	1.4761	2.2223	7.0379	0.47607	2.0121	2.2262	1.1149	2.1854	1.2637	1.2008	1.3197	1.2096	4.7983	1.8407	2.5899	2.0863
