0.520368 0.545966 0.512048 0.516693 0.57047 0.442509 0.541114 0.571698 0.544818 0.527145 0.551887 0.5337 0.486936 0.590116 0.570439 0.512552 0.58193 0.527163 0.538682 0.482456 0.549327 0.51634 0.437923 0.40625 0.425676 0.41573 0.534447 0.506122 0.5 0.504065 0.589686 0.481395 0.459877 0.454955 0.48 0.473077 0.458 0.394397 0.434911 0.537079 
0.437838 0.41195 0.386397 0.391369 0.407063 0.387681 0.345763 0.389671 0.394247 0.390501 0.414855 0.437229 0.411273 0.395556 0.405505 0.444444 0.444162 0.413181 0.29718 0.429542 0.344371 0.34555 0.412844 0.401274 0.417867 0.390282 0.385659 0.365432 0.382353 0.37963 0.407942 0.415094 0.402344 0.437209 0.417582 0.466539 0.396296 0.373665 0.459155 0.42236 
0.523585 0.436187 0.503704 0.480974 0.398671 0.458333 0.517647 0.472371 0.423503 0.488288 0.42915 0.504386 0.449016 0.506151 0.452607 0.556064 0.423948 0.364815 0.428058 0.435115 0.290155 0.528736 0.443623 0.453125 0.412256 0.478448 0.467136 0.441489 0.493308 0.458 0.4475 0.544041 0.532803 0.395349 0.545296 0.372727 0.494 0.424028 0.537209 0.390244 
0.479239 0.496045 0.446372 0.465608 0.456929 0.475561 0.468468 0.447005 0.429958 0.504032 0.544601 0.494797 0.512085 0.445755 0.478462 0.484756 0.489749 0.414634 0.486413 0.425047 0.495268 0.345794 0.450237 0.482059 0.485106 0.379095 0.360721 0.516611 0.505155 0.545058 0.4625 0.516315 0.438306 0.452542 0.513995 0.438053 0.460396 0.543662 0.41349 0.434498 
0.526882 0.500805 0.453061 0.504505 0.480929 0.39441 0.438306 0.507128 0.513017 0.545319 0.43167 0.398678 0.424603 0.498092 0.469203 0.410584 0.477143 0.480438 0.503472 0.433663 0.438312 0.384615 0.382199 0.438078 0.457306 0.424 0.48169 0.486339 0.449627 0.526442 0.455189 0.35867 0.456471 0.44898 0.49812 0.561983 0.456929 0.475 0.428962 0.446429 
0.481481 0.472356 0.445047 0.455243 0.477419 0.467448 0.497965 0.507042 0.463991 0.466463 0.444988 0.493827 0.49697 0.475309 0.477528 0.425532 0.516129 0.457421 0.468468 0.427184 0.440397 0.401274 0.472409 0.450122 0.46875 0.446953 0.453008 0.468627 0.435398 0.433384 0.413943 0.477308 0.45 0.408428 0.436906 0.445428 0.469388 0.463884 0.401447 0.453303 
0.518041 0.424699 0.457692 0.40429 0.49 0.495413 0.460526 0.423158 0.521495 0.416185 0.375 0.494624 0.491089 0.520482 0.543158 0.541414 0.425974 0.404973 0.38601 0.417132 0.504854 0.440748 0.416842 0.505848 0.487528 0.494964 0.43956 0.518657 0.441729 0.457786 0.524845 0.531157 0.503145 0.435673 0.482639 0.348131 0.549632 0.472028 0.5 0.472441 
0.475162 0.501859 0.521127 0.480138 0.452 0.422383 0.45858 0.471642 0.551136 0.481928 0.456597 0.407855 0.439909 0.478458 0.505774 0.436538 0.482906 0.354115 0.414894 0.3125 0.438257 0.437023 0.449438 0.522417 0.408163 0.469751 0.484018 0.478814 0.425373 0.498471 0.484536 0.469388 0.408824 0.430612 0.428571 0.409449 0.476357 0.46723 0.518219 0.40708 
0.490153 0.460111 0.511327 0.535545 0.437673 0.495146 0.51462 0.510067 0.535878 0.481884 0.457471 0.490798 0.501144 0.557457 0.308989 0.28866 0.467803 0.466472 0.56 0.519726 0.521505 0.399261 0.49011 0.487298 0.51357 0.401869 0.435547 0.494118 0.458199 0.502119 0.443662 0.541237 0.524291 0.588146 0.515789 0.360656 0.494624 0.415011 0.49505 0.402878 
0.412409 0.459203 0.462171 0.405018 0.352601 0.407609 0.489437 0.463277 0.439655 0.403571 0.384354 0.421622 0.428571 0.435626 0.449799 0.447883 0.42246 0.367542 0.445283 0.314433 0.433333 0.436364 0.372685 0.414894 0.37303 0.470588 0.428008 0.420956 0.366366 0.383387 0.445 0.459048 0.363905 0.397408 0.448 0.311111 0.377143 0.458678 0.404908 0.375297 
0.427848 0.375874 0.370703 0.465152 0.375746 0.404199 0.426731 0.44113 0.379237 0.369355 0.439306 0.366826 0.348837 0.372188 0.374745 0.364764 0.360087 0.416357 0.4 0.326733 0.40625 0.419023 0.434783 0.412916 0.410058 0.354212 0.364486 0.43472 0.413105 0.391473 0.286624 0.359684 0.362683 0.377143 0.391736 0.334278 0.394081 0.349515 0.412088 0.342857 
0.392157 0.419682 0.421687 0.472292 0.397626 0.369955 0.446061 0.420741 0.414601 0.467057 0.410901 0.371669 0.415 0.379404 0.394817 0.444062 0.418455 0.377966 0.393878 0.333841 0.41225 0.462662 0.479381 0.431034 0.433286 0.338889 0.352641 0.379104 0.419458 0.400929 0.356918 0.410122 0.430813 0.395592 0.436597 0.405229 0.404864 0.431611 0.392381 0.492982 
0.443243 0.432177 0.499272 0.486737 0.471223 0.505646 0.560458 0.482328 0.456166 0.504144 0.527919 0.413743 0.455041 0.493528 0.565337 0.465574 0.547085 0.437209 0.390663 0.480892 0.387755 0.488372 0.407018 0.509434 0.438632 0.507519 0.447427 0.512409 0.512035 0.390977 0.412781 0.54382 0.474194 0.445135 0.457534 0.462719 0.565138 0.435185 0.418981 0.512337 
0.356467 0.370798 0.377845 0.412451 0.416894 0.431784 0.406948 0.422503 0.344348 0.37468 0.357639 0.428246 0.305518 0.413876 0.357016 0.506098 0.406725 0.374477 0.371517 0.407953 0.396249 0.466981 0.450886 0.371186 0.438061 0.389456 0.401656 0.390909 0.266187 0.370253 0.366337 0.308129 0.389892 0.354286 0.295739 0.276718 0.404025 0.276667 0.425532 0.371341 
0.462392 0.468484 0.419263 0.513514 0.532847 0.480176 0.493865 0.496 0.443535 0.518207 0.454237 0.477352 0.496454 0.496845 0.408046 0.471154 0.501931 0.451906 0.458574 0.442857 0.40885 0.423077 0.463277 0.483037 0.465704 0.446429 0.368545 0.416309 0.430159 0.498175 0.493333 0.484783 0.408748 0.439153 0.485294 0.437063 0.394886 0.444118 0.466 0.396552 
0.458658 0.459854 0.421935 0.444959 0.544554 0.443149 0.469342 0.429204 0.507714 0.426252 0.513986 0.486676 0.40796 0.489603 0.398148 0.400491 0.39589 0.430341 0.415027 0.484424 0.407095 0.522364 0.457143 0.45122 0.43299 0.479167 0.422636 0.465857 0.460432 0.453577 0.388991 0.445682 0.425182 0.462779 0.387097 0.469989 0.375375 0.45591 0.440262 0.386454 
0.481315 0.463303 0.441734 0.522556 0.426016 0.491611 0.530398 0.453258 0.495202 0.3821 0.474474 0.403292 0.420259 0.51462 0.521385 0.505718 0.448441 0.454365 0.474286 0.409543 0.424063 0.492784 0.473773 0.510779 0.469208 0.426326 0.423237 0.439306 0.344173 0.482897 0.513353 0.472727 0.329412 0.508841 0.437086 0.578154 0.42069 0.426724 0.487985 0.473251 
0.483619 0.477427 0.514286 0.434944 0.461059 0.454545 0.471376 0.445137 0.448161 0.432133 0.461426 0.423529 0.337456 0.442771 0.411972 0.383446 0.458824 0.48 0.493056 0.434397 0.459843 0.442197 0.384259 0.396631 0.490683 0.452922 0.473595 0.457014 0.463415 0.496711 0.417678 0.453947 0.338614 0.420538 0.412913 0.469613 0.274854 0.52 0.494692 0.472286 
0.491614 0.469534 0.44687 0.384174 0.404853 0.434783 0.446746 0.436335 0.470124 0.455034 0.421853 0.418813 0.378307 0.443149 0.374784 0.386473 0.463115 0.44026 0.33638 0.455202 0.406571 0.351931 0.436338 0.51277 0.359797 0.356473 0.429336 0.413978 0.486348 0.428312 0.375238 0.379352 0.367946 0.37797 0.474151 0.38255 0.406028 0.432285 0.409539 0.463178 
0.488203 0.5693 0.47972 0.487805 0.479076 0.405333 0.461853 0.490446 0.542345 0.528902 0.50237 0.477686 0.474849 0.45392 0.443425 0.560132 0.394977 0.386831 0.465686 0.539249 0.518219 0.453638 0.494444 0.565909 0.50571 0.446429 0.542453 0.492157 0.519713 0.381313 0.45705 0.442916 0.435385 0.459877 0.431641 0.454855 0.403704 0.462585 0.468391 0.432171 
0.535977 0.444618 0.46729 0.458955 0.438378 0.453532 0.555874 0.466411 0.47389 0.522111 0.506567 0.465596 0.477435 0.49505 0.4819 0.485839 0.512039 0.440633 0.368421 0.497382 0.447619 0.426316 0.467925 0.472549 0.526542 0.438298 0.506881 0.545035 0.508671 0.411429 0.424855 0.502336 0.454183 0.359551 0.413002 0.435845 0.460554 0.456929 0.441088 0.465278 
0.442211 0.484117 0.461295 0.415716 0.411606 0.463415 0.438451 0.443396 0.453649 0.437401 0.450249 0.427692 0.401942 0.529412 0.419223 0.452381 0.400332 0.443262 0.447932 0.45648 0.420965 0.422973 0.466552 0.482405 0.389831 0.382184 0.385841 0.440928 0.372681 0.374396 0.512019 0.398462 0.453209 0.399497 0.39115 0.420323 0.398785 0.424419 0.430052 0.374718 
0.448852 0.449168 0.407867 0.472036 0.453488 0.383399 0.496881 0.451183 0.417647 0.473258 0.421836 0.422764 0.539326 0.508621 0.452055 0.373626 0.469636 0.464396 0.465517 0.443737 0.454762 0.446108 0.458633 0.46129 0.48062 0.45625 0.483146 0.416974 0.49711 0.309278 0.455665 0.375796 0.446565 0.400568 0.477178 0.461765 0.46337 0.441935 0.502024 0.403509 
0.47234 0.532663 0.557522 0.489796 0.414062 0.521739 0.539583 0.523904 0.506796 0.454545 0.46729 0.492268 0.583548 0.492119 0.490644 0.537838 0.512346 0.463768 0.490969 0.505703 0.452716 0.462527 0.488117 0.463291 0.440476 0.517084 0.569296 0.531599 0.458506 0.441176 0.377049 0.491039 0.424354 0.465517 0.477612 0.42711 0.477912 0.480565 0.481183 0.415441 
0.522593 0.55619 0.386525 0.467192 0.546125 0.586288 0.603535 0.512035 0.590136 0.459075 0.607422 0.558333 0.595281 0.525641 0.503185 0.601707 0.479769 0.56383 0.561086 0.515759 0.472946 0.53304 0.543103 0.471326 0.515957 0.52 0.523364 0.472973 0.492308 0.572043 0.519833 0.589552 0.627572 0.545648 0.568 0.553869 0.514463 0.509259 0.491189 0.532213 
0.463122 0.517321 0.514785 0.477027 0.359882 0.401806 0.492857 0.522546 0.513158 0.492837 0.480597 0.46124 0.518911 0.555728 0.506024 0.453668 0.417722 0.516605 0.470247 0.433498 0.537226 0.503745 0.461667 0.468889 0.444681 0.479239 0.515091 0.451128 0.540397 0.494098 0.520701 0.497449 0.507592 0.462012 0.480287 0.512518 0.472028 0.506211 0.522852 0.440426 
0.519084 0.537402 0.585977 0.59436 0.4375 0.380645 0.370757 0.484674 0.481273 0.50495 0.513057 0.506891 0.513158 0.507973 0.542857 0.557229 0.413276 0.503636 0.512881 0.521505 0.521415 0.477642 0.612536 0.511873 0.51462 0.453564 0.436725 0.590164 0.461538 0.473684 0.55595 0.453901 0.486111 0.464789 0.473077 0.45203 0.381643 0.471053 0.435449 0.467532 
0.466777 0.40315 0.460472 0.499184 0.423885 0.387097 0.288889 0.377535 0.390999 0.459318 0.422397 0.482286 0.454376 0.363196 0.409006 0.452975 0.463535 0.413462 0.386591 0.456609 0.442716 0.469505 0.470305 0.355346 0.462758 0.471292 0.361656 0.359404 0.450683 0.429892 0.42 0.437984 0.418667 0.519266 0.41958 0.451554 0.412463 0.486784 0.466518 0.412979 
0.469291 0.543689 0.518797 0.509924 0.522727 0.422705 0.429752 0.558069 0.571901 0.475789 0.553763 0.470914 0.464583 0.499239 0.541012 0.434483 0.61978 0.403162 0.57596 0.517986 0.582231 0.584942 0.475059 0.511482 0.559292 0.58 0.544304 0.472406 0.597484 0.567857 0.551601 0.602459 0.546798 0.471875 0.553885 0.547046 0.532438 0.549261 0.527638 0.545455 
0.446215 0.53277 0.49556 0.484783 0.39404 0.41651 0.35446 0.45216 0.507874 0.477021 0.346939 0.385366 0.472062 0.41195 0.458484 0.403774 0.432277 0.445844 0.466667 0.511628 0.455764 0.351852 0.404339 0.460043 0.384 0.493421 0.457346 0.527859 0.504155 0.465228 0.48659 0.501312 0.484342 0.434483 0.480938 0.386076 0.448889 0.399267 0.449275 0.463362 
0.460052 0.477707 0.445636 0.47543 0.446452 0.443359 0.391626 0.427754 0.445993 0.417143 0.45339 0.490654 0.501687 0.413965 0.468661 0.402797 0.378151 0.421239 0.459459 0.422287 0.467909 0.422256 0.439592 0.436681 0.506536 0.433551 0.455338 0.463946 0.462932 0.45471 0.414545 0.423729 0.373984 0.405213 0.487002 0.451681 0.462343 0.432 0.476401 0.4 
0.549747 0.517993 0.456724 0.515646 0.553137 0.525723 0.511737 0.52218 0.48 0.517345 0.564829 0.506744 0.533487 0.497006 0.479064 0.530882 0.45173 0.515267 0.516129 0.555556 0.464912 0.453069 0.49037 0.535836 0.565041 0.50073 0.533716 0.477891 0.519231 0.573529 0.519525 0.440559 0.544529 0.445902 0.549517 0.46402 0.539773 0.505119 0.486141 0.484848 
0.401305 0.468379 0.47504 0.412541 0.44898 0.376582 0.437819 0.454746 0.422535 0.43038 0.408027 0.373656 0.428819 0.385382 0.352174 0.405567 0.476812 0.383234 0.401372 0.521739 0.369863 0.455102 0.492647 0.414508 0.434783 0.486799 0.470769 0.505423 0.475336 0.416667 0.338496 0.370763 0.38535 0.40583 0.463717 0.39966 0.438838 0.411371 0.372263 0.505455 
0.451902 0.424581 0.427723 0.369748 0.482659 0.519196 0.397313 0.429112 0.469352 0.442857 0.511936 0.4791 0.451417 0.349666 0.358491 0.473913 0.328125 0.457002 0.434146 0.480331 0.378788 0.460251 0.4775 0.463636 0.412556 0.41649 0.411058 0.470238 0.35034 0.35 0.504249 0.390558 0.440771 0.407407 0.485411 0.360248 0.421203 0.530928 0.413655 0.441253 
0.47933 0.504144 0.433333 0.5 0.453972 0.393829 0.391975 0.481633 0.472515 0.486111 0.476658 0.484258 0.435185 0.435897 0.447447 0.526523 0.51735 0.349474 0.529621 0.555324 0.495908 0.464939 0.442396 0.495114 0.490446 0.562197 0.540323 0.491228 0.473888 0.5072 0.454545 0.452525 0.350829 0.434043 0.479021 0.472868 0.53041 0.474809 0.442244 0.319783 
0.434716 0.466765 0.469841 0.412268 0.465257 0.446494 0.477839 0.43167 0.440068 0.441016 0.450512 0.400651 0.475375 0.503021 0.400881 0.433054 0.488889 0.417241 0.422449 0.426702 0.421462 0.490085 0.510978 0.397674 0.43662 0.381356 0.447301 0.516 0.385749 0.408377 0.46056 0.482546 0.407323 0.461305 0.481707 0.483871 0.517045 0.418345 0.492147 0.471624 
0.461859 0.474623 0.477302 0.516869 0.4522 0.445161 0.50817 0.485498 0.488673 0.451172 0.478632 0.450237 0.486381 0.485149 0.461409 0.419689 0.390805 0.561086 0.459098 0.514412 0.536688 0.415842 0.497504 0.508772 0.462791 0.460317 0.45975 0.44186 0.435294 0.452802 0.488599 0.409326 0.436145 0.508689 0.50495 0.467672 0.436578 0.451515 0.450382 0.431915 
0.4 0.395866 0.385113 0.415205 0.455959 0.426471 0.374408 0.459016 0.383523 0.380665 0.446602 0.400362 0.389571 0.416045 0.448529 0.38961 0.4334 0.430928 0.472917 0.466125 0.285 0.420935 0.434276 0.348404 0.396752 0.425968 0.421875 0.359606 0.373874 0.404531 0.388235 0.350877 0.441423 0.398601 0.408019 0.4 0.332604 0.355623 0.390152 0.413592 
0.505426 0.547862 0.452569 0.46822 0.528889 0.39375 0.421203 0.53303 0.475269 0.469957 0.518657 0.445333 0.558648 0.502 0.47541 0.541371 0.478927 0.419014 0.417004 0.406061 0.382263 0.504 0.514286 0.487129 0.498934 0.432796 0.356436 0.476636 0.46831 0.398058 0.529851 0.559395 0.449219 0.477273 0.399485 0.414449 0.564706 0.48073 0.563319 0.53527 
0.493528 0.419974 0.385143 0.408039 0.38565 0.396423 0.446198 0.437669 0.441451 0.46583 0.415468 0.451005 0.444698 0.444892 0.425258 0.470833 0.444251 0.475356 0.404692 0.458531 0.5 0.408451 0.3297 0.321888 0.419403 0.438569 0.415507 0.389785 0.452282 0.419753 0.411862 0.41841 0.456647 0.465 0.452055 0.317708 0.519912 0.483146 0.428354 0.453125 
