0.81831 0.671641 0.801505 0.728433 0.764839 0.815902 0.761216 0.703331 0.720967 0.713158 0.793812 0.674099 0.790543 0.785539 0.824138 0.725995 0.727018 0.733895 0.76284 0.780559 0.738329 0.84095 0.830414 0.735892 0.780499 0.860997 0.750306 0.799718 0.708415 0.819786 0.793952 0.655625 0.719227 0.8169 0.810441 0.750822 0.786618 0.830348 0.760199 0.758761 0.696375 0.731967 0.772382 0.778124 0.722823 0.774595 0.785079 0.763667 0.834448 0.798051 0.755009 0.814082 0.691765 0.79041 0.754371 0.779374 
1.10384 0.903521 1.02962 0.916291 1.05768 1.08749 0.967472 1.03188 1.0427 1.01813 1.06635 1.12166 1.15929 1.01014 0.953018 1.10539 1.01408 1.10353 0.815827 0.97254 1.09039 0.977534 0.99704 1.09598 1.09212 0.988885 0.972666 1.01637 1.08852 1.06501 1.09861 1.01886 1.0038 1.11 1.09308 1.0202 1.15784 1.02219 0.819312 1.04913 1.1892 1.03562 1.104 1.08574 1.06451 1.18333 1.08318 1.09533 1.00952 1.03427 1.18136 1.13688 1.06883 1.06709 1.03169 1.1626 
0.807671 0.766351 0.878736 0.833825 0.811903 0.709741 0.726349 0.78657 0.805038 0.79987 0.801642 0.827206 0.883304 0.696067 0.779173 0.793172 0.848352 0.799469 0.748717 0.754006 0.853347 0.81215 0.83907 0.826679 0.778475 0.873529 0.776107 0.734502 0.747314 0.724157 0.799781 0.829758 0.896797 0.705478 0.775064 0.774697 0.766461 0.789607 0.827448 0.863698 0.757629 0.856777 0.724481 0.815303 0.703177 0.719948 0.749324 0.793866 0.800069 0.802947 0.8117 0.799207 0.763765 0.785154 0.649399 0.773476 
0.201439 0.241501 0.231014 0.218793 0.237916 0.253208 0.212604 0.23713 0.245431 0.207825 0.246297 0.258813 0.246484 0.208027 0.219208 0.196592 0.230757 0.246974 0.209378 0.251402 0.234254 0.24255 0.197542 0.239007 0.181055 0.238851 0.246934 0.262887 0.200409 0.236352 0.194513 0.251065 0.261936 0.177469 0.25277 0.197897 0.240904 0.187236 0.227795 0.196868 0.243606 0.241229 0.191748 0.23916 0.200671 0.210862 0.259857 0.205938 0.205661 0.185678 0.254478 0.173962 0.262777 0.255448 0.243529 0.191131 
0.852276 0.965533 0.852439 0.838888 0.913447 0.820806 0.875469 1.01661 0.914019 0.946816 1.02891 0.884757 0.857308 0.735038 1.02573 0.889634 0.810717 0.906174 0.783902 0.920478 0.854209 0.88701 0.827283 0.820007 0.826251 0.836133 1.00259 0.839201 0.931394 0.962367 0.756617 0.977863 0.953759 0.993958 0.851278 0.992639 0.729849 1.02305 0.804787 0.847785 0.986396 0.90937 0.991259 0.870237 0.854726 0.880889 0.820066 0.865743 0.727515 0.894312 0.9646 0.951268 0.979478 0.897333 0.86408 0.954906 
0.930148 0.961082 0.93699 0.970308 0.982033 0.971084 0.987008 0.950117 0.966169 1.04982 0.947242 1.04613 0.860201 0.964609 1.00559 0.926409 0.985406 1.01427 0.900118 0.962729 0.996214 0.969973 0.90426 0.928107 0.925834 0.973248 0.959499 0.956912 0.971536 0.860614 0.895481 0.902082 0.827233 0.874521 0.970631 1.08567 0.876426 0.992917 0.983412 0.908521 0.9643 0.920243 0.951201 0.933622 0.87113 0.835839 0.906721 0.926582 1.07109 0.892206 0.946954 1.06116 0.916291 0.866209 0.860201 0.935996 
1.56941 1.61613 1.45029 1.51035 1.39249 1.47238 1.48793 1.42011 1.49062 1.47156 1.64461 1.44889 1.57786 1.60568 1.40492 1.51183 1.39642 1.59552 1.4976 1.53012 1.60571 1.49445 1.4933 1.49851 1.61043 1.57853 1.50654 1.55937 1.38757 1.52225 1.54774 1.48402 1.44379 1.51247 1.53471 1.58296 1.53504 1.53913 1.46398 1.56928 1.61996 1.48618 1.48367 1.58599 1.53242 1.48727 1.46428 1.54509 1.49698 1.50263 1.61233 1.41569 1.47092 1.43267 1.58248 1.51222 
1.35618 1.22281 1.26972 1.33166 1.29795 1.261 1.28481 1.32009 1.23455 1.23076 1.35048 1.27666 1.30529 1.35485 1.23044 1.21983 1.23625 1.35697 1.23694 1.1996 1.2208 1.2502 1.38075 1.34633 1.39321 1.21613 1.29277 1.38629 1.22183 1.07471 1.24535 1.31105 1.25716 1.21855 1.2605 1.27604 1.45835 1.14628 1.28551 1.41748 1.29491 1.24569 1.10123 1.24391 1.30008 1.12544 1.25178 1.15599 1.35599 1.20992 1.23048 1.34228 1.25427 1.26646 1.39271 1.20425 
1.24639 1.16968 1.16964 1.13528 1.23075 1.25019 1.08648 1.21048 1.17394 1.06698 1.15924 1.06805 1.24892 1.29124 1.30881 1.25422 1.11797 1.26884 1.0824 1.32274 0.943942 1.12561 1.20691 1.17519 1.13065 1.25807 1.20632 1.26136 1.24766 1.19719 1.29077 1.17985 1.23758 1.2214 1.22145 1.26203 1.12385 1.23161 1.21009 1.1308 1.15323 1.14182 1.17171 1.25903 1.15878 1.33562 1.20095 1.10078 1.11559 1.13458 1.12328 1.23608 1.25665 1.23999 1.22256 1.25231 
0.18828 0.235158 0.249925 0.227578 0.240602 0.232638 0.233783 0.195328 0.240415 0.174224 0.173189 0.167462 0.240165 0.240987 0.190706 0.24192 0.181765 0.228208 0.228175 0.203191 0.219994 0.248896 0.221166 0.238131 0.255495 0.183858 0.244805 0.166907 0.218714 0.219734 0.270588 0.233019 0.18983 0.166268 0.240777 0.233651 0.188722 0.216993 0.178836 0.217951 0.243622 0.226421 0.236729 0.187635 0.226379 0.222288 0.200492 0.190404 0.250167 0.179831 0.204838 0.168609 0.252835 0.248086 0.224683 0.225606 
0.305784 0.322582 0.257445 0.331057 0.320562 0.266456 0.314819 0.245007 0.323661 0.325355 0.254797 0.328245 0.317067 0.252488 0.336102 0.249991 0.335735 0.250878 0.340962 0.339254 0.344221 0.247528 0.301722 0.326759 0.248549 0.337093 0.335759 0.32645 0.27797 0.322648 0.348414 0.267793 0.341333 0.304746 0.340774 0.267971 0.311457 0.336145 0.316578 0.27058 0.313412 0.248044 0.323541 0.258426 0.327276 0.274779 0.270697 0.269106 0.318108 0.323879 0.279777 0.329036 0.322415 0.320307 0.319828 0.331513 
1.06576 1.12186 1.13622 1.05195 1.05561 1.15238 1.06341 0.970779 0.933576 1.09613 1.05688 1.09686 1.09009 1.07202 0.98519 1.02626 1.08555 1.11244 0.974255 1.1212 1.0588 1.04739 1.16837 1.05079 1.05107 1.04803 1.00359 1.11275 1.12828 1.09232 1.02865 1.11696 1.14929 1.03953 1.00751 0.985438 0.975832 1.09355 1.06147 1.0959 1.0793 1.08045 1.14605 1.02469 1.00392 1.06791 1.08056 1.0906 0.957066 1.08578 1.04034 0.977928 1.0194 1.07275 0.97934 1.05779 
1.87424 1.96277 1.94823 1.82009 2.01058 2.0319 1.96241 1.79622 1.90143 1.84511 1.93053 1.93958 1.95891 2.01119 2.08158 1.91365 2.04871 1.88288 1.98471 1.85255 1.99324 2.0131 1.9055 2.0723 1.83493 2.16086 1.98191 1.8048 1.8215 2.02085 1.81826 1.84055 2.08575 2.0056 2.10413 1.96268 2.00423 1.91112 1.91986 2.00976 1.94969 1.94869 2.0204 2.05439 1.88616 1.76058 2.0221 2.02178 1.83868 2.02519 1.78267 2.07433 1.85406 1.88446 1.90096 2.11123 
1.08988 1.03216 0.989299 1.01866 1.11101 1.08786 1.2209 1.10743 1.04753 1.09192 1.00986 1.01351 1.06 1.02625 1.06361 1.08657 1.116 1.08792 1.06851 1.05416 1.05172 1.10721 0.986317 1.1075 1.01188 1.20195 0.957808 0.988388 0.887303 0.952009 1.21395 1.13096 1.10151 1.07607 1.19524 1.09089 1.05677 1.15668 1.08848 1.16983 0.920057 1.03715 1.22378 1.03459 1.1384 1.11181 1.00236 1.08012 1.14148 1.09257 1.02813 1.08381 1.17736 1.09861 0.962078 1.09669 
1.18031 1.13378 1.3062 1.33568 1.20374 1.19609 1.27926 1.30177 1.25642 1.14132 1.36644 1.38816 1.30609 1.27684 1.23228 1.1559 1.31809 1.35239 1.3551 1.31568 1.36038 1.23911 1.35714 1.1746 1.39903 1.26077 1.27183 1.35217 1.25666 1.1669 1.19934 1.28932 1.27878 1.32904 1.25684 1.28514 1.36737 1.22525 1.25401 1.35353 1.16315 1.27996 1.25462 1.35232 1.16843 1.25454 1.21287 1.37103 1.30833 1.14715 1.25518 1.14022 1.35377 1.19037 1.25084 1.32128 
1.96666 2.17661 2.16001 2.12854 1.94879 2.18435 2.0198 1.77576 2.05882 2.18263 2.19359 2.04561 2.27727 1.82764 2.21612 2.23073 2.11888 2.17658 2.08677 2.2504 2.28123 1.99742 2.17201 2.09789 1.90954 2.02913 2.04953 2.16463 1.99617 2.11425 2.12026 2.03926 2.14638 2.27844 1.88608 2.16226 1.83761 1.99958 2.10984 1.82666 1.82924 2.02639 2.07107 1.95219 2.06631 1.94465 2.22462 2.22819 1.97859 2.44408 1.99015 1.88291 2.1782 2.17796 2.02791 2.33443 
0.981219 1.05387 1.03062 1.16353 1.04038 1.0403 1.00425 1.10614 1.01851 1.03226 1.06624 0.939214 0.994333 0.970971 0.953781 1.06245 0.984938 1.04385 1.10641 1.02313 1.04332 1.00715 1.04398 0.989499 0.995428 1.07123 1.06308 0.96562 1.08261 1.14223 0.988367 1.02895 1.00835 1.14093 0.938018 1.10444 1.01857 0.922899 0.848023 0.943432 0.997143 1.02694 0.988797 1.01356 0.990446 0.842588 0.964873 1.02215 1.03955 0.955265 1.02502 0.975685 1.02664 1.01143 1.05342 1.08999 
0.903486 0.898687 0.918885 0.940775 0.986086 0.938596 0.85349 0.898766 0.887007 0.86656 0.926654 0.820114 0.868648 0.924489 0.89286 0.937863 0.875469 0.858615 0.884042 0.923847 0.874382 0.915558 0.970512 0.876364 0.91106 0.876883 0.97073 0.891335 0.974971 0.973888 0.972792 0.891917 0.863795 0.891488 0.975131 0.974675 0.93943 0.946371 0.845048 0.949081 0.838066 0.873549 0.879329 0.928085 0.912811 0.947605 0.965562 0.817884 0.866945 0.946517 0.857824 0.888843 0.844008 0.960016 0.993372 0.907676 
1.5842 1.63678 1.79432 1.54553 1.70696 1.63811 1.47976 1.53148 1.48747 1.7075 1.6532 1.64149 1.70694 1.57573 1.58924 1.58542 1.6266 1.57657 1.56579 1.61806 1.73808 1.59277 1.43534 1.53339 1.6864 1.55393 1.50512 1.60615 1.57408 1.58467 1.52213 1.52243 1.58475 1.65528 1.63694 1.6644 1.54711 1.53687 1.59139 1.52229 1.59552 1.63891 1.59613 1.68099 1.63566 1.5146 1.69562 1.4803 1.60058 1.68656 1.55434 1.57971 1.46477 1.60944 1.53696 1.73762 
1.65704 1.65467 1.54912 1.51185 1.47227 1.4561 1.51787 1.46354 1.50481 1.35866 1.41929 1.41931 1.45165 1.61557 1.53859 1.53693 1.53579 1.51732 1.52293 1.63586 1.52892 1.5551 1.48513 1.39168 1.5506 1.58697 1.56104 1.54614 1.49267 1.66592 1.39299 1.55078 1.47768 1.87289 1.48469 1.62212 1.48964 1.46949 1.50408 1.45625 1.51001 1.59075 1.40965 1.45466 1.62807 1.51246 1.71627 1.57064 1.58846 1.45991 1.62943 1.61313 1.60128 1.45143 1.48828 1.50894 
0.284675 0.288121 0.223645 0.308672 0.27782 0.298013 0.305684 0.23811 0.290605 0.282651 0.244751 0.274527 0.289411 0.248105 0.224463 0.297508 0.232171 0.281662 0.277906 0.30678 0.296416 0.305259 0.235797 0.317674 0.28083 0.19315 0.288793 0.244117 0.302882 0.221546 0.299671 0.268946 0.266511 0.275043 0.286218 0.251938 0.290709 0.31611 0.29145 0.282232 0.240121 0.293088 0.24176 0.288077 0.253386 0.276025 0.241568 0.279788 0.242511 0.271351 0.213537 0.298855 0.302497 0.19205 0.290527 0.29184 
0.785034 0.781284 0.816158 0.779665 0.740988 0.749237 0.726454 0.732161 0.808645 0.812034 0.784038 0.753175 0.785042 0.735285 0.779325 0.791495 0.763399 0.733272 0.763162 0.767915 0.882709 0.713176 0.730143 0.790826 0.807314 0.698615 0.815133 0.836683 0.778573 0.754391 0.842607 0.73189 0.742374 0.786238 0.74836 0.78642 0.818448 0.889383 0.673928 0.852551 0.84861 0.776529 0.853268 0.683183 0.743693 0.712195 0.825745 0.709512 0.771907 0.839582 0.788055 0.760378 0.784041 0.800022 0.785838 0.789617 
1.4121 1.50978 1.41007 1.59946 1.37806 1.474 1.44717 1.46942 1.40856 1.39259 1.38864 1.42932 1.33843 1.46274 1.43466 1.38146 1.52158 1.44371 1.37529 1.44048 1.47064 1.4474 1.41679 1.47275 1.48989 1.68125 1.40506 1.35796 1.28121 1.41227 1.37087 1.46738 1.36728 1.56602 1.29753 1.39893 1.66165 1.39583 1.49983 1.56794 1.44305 1.39583 1.52645 1.44587 1.5797 1.52794 1.38481 1.43662 1.50771 1.40892 1.51969 1.5222 1.40342 1.46947 1.38629 1.4321 
0.535471 0.552552 0.538605 0.531535 0.562326 0.586586 0.536986 0.505576 0.535408 0.575126 0.54485 0.525266 0.526169 0.572082 0.502891 0.540011 0.5193 0.47386 0.46214 0.592702 0.546758 0.499683 0.562397 0.567746 0.56299 0.495688 0.552929 0.508901 0.550201 0.548222 0.553998 0.533261 0.581685 0.546368 0.533206 0.569236 0.558626 0.571742 0.50788 0.604244 0.56687 0.495462 0.528208 0.540426 0.543719 0.484415 0.496722 0.562146 0.501304 0.58475 0.591364 0.506889 0.536064 0.575218 0.543669 0.479478 
0.832784 0.831214 0.861897 0.847298 0.865518 0.805579 0.825165 0.811647 0.849792 0.838093 0.795619 0.785905 0.803718 0.836144 0.906808 0.837749 0.909036 0.797914 0.826214 0.825437 0.837618 0.860431 0.801923 0.750551 0.815517 0.881911 0.789653 0.847683 0.905034 0.730419 0.784487 0.814305 0.893927 0.754682 0.848388 0.806592 0.816688 0.860033 0.85349 0.914216 0.793662 0.827936 0.855666 0.905039 0.85681 0.822327 0.799657 0.897776 0.828407 0.826334 0.804866 0.88708 0.823946 0.743455 0.865954 0.867201 
2.18933 1.95836 2.09212 2.16419 1.99998 2.04387 1.98262 1.88823 1.96855 2.06491 2.0895 2.11278 2.04122 2.09654 2.33197 2.02587 2.04405 2.06686 1.87537 1.92929 1.95238 1.94591 1.9983 1.87827 1.97559 2.18191 2.09696 2.05511 2.11833 2.24258 1.86522 2.00241 2.07512 2.11742 2.04694 1.94427 2.07543 2.1916 2.06814 1.86612 2.01115 1.93706 2.04295 1.90673 1.96692 1.99546 2.01436 1.80915 1.8817 1.97471 2.18641 2.17682 2.0287 2.18122 2.13622 2.06041 
0.367383 0.339424 0.272787 0.357526 0.277265 0.330815 0.269206 0.340494 0.343688 0.262108 0.331908 0.348108 0.375941 0.327397 0.304613 0.346735 0.277991 0.33783 0.340386 0.290104 0.28417 0.271306 0.345502 0.338271 0.34393 0.330286 0.259658 0.352982 0.352683 0.297134 0.342344 0.311102 0.28282 0.345732 0.28468 0.370352 0.335332 0.369422 0.286368 0.341598 0.354934 0.338058 0.254816 0.349082 0.272348 0.386703 0.374619 0.280917 0.344963 0.366126 0.366137 0.265641 0.33996 0.288183 0.348357 0.294205 
0.267104 0.251412 0.264428 0.288794 0.290741 0.216304 0.247601 0.267695 0.261588 0.269869 0.26086 0.250076 0.227609 0.284447 0.293318 0.213134 0.274027 0.248828 0.236024 0.252971 0.280551 0.254099 0.296604 0.227004 0.312346 0.23795 0.268061 0.243272 0.245702 0.271733 0.209918 0.277063 0.219345 0.27497 0.266962 0.282203 0.213936 0.277489 0.215325 0.250679 0.237855 0.26757 0.245603 0.261725 0.228417 0.300218 0.277659 0.235351 0.256467 0.284467 0.242946 0.268682 0.215457 0.244681 0.239377 0.257639 
2.1345 1.97176 2.04022 2.04161 1.79299 2.03803 2.06369 1.99396 1.86108 2.08214 2.15049 1.90351 2.10035 2.22655 1.89785 1.9535 2.02095 2.15747 2.16151 1.93152 2.21557 1.92493 2.20035 2.18022 1.9093 1.95055 2.04034 1.85095 2.17914 1.90917 2.10704 2.03812 2.03828 2.14101 2.16483 1.99548 1.98073 1.93555 1.92652 2.07836 2.0089 2.12515 1.89048 2.21806 2.07217 2.04212 1.97271 2.08147 2.10714 2.03828 2.0208 1.91218 2.17413 2.08589 2.25129 1.97999 
0.659571 0.588216 0.623404 0.601012 0.53974 0.582059 0.582743 0.548532 0.644658 0.614186 0.634672 0.551512 0.606281 0.624705 0.538879 0.596273 0.627951 0.630333 0.573453 0.588015 0.583366 0.589427 0.663341 0.607868 0.618792 0.622071 0.589192 0.61403 0.624111 0.529154 0.66115 0.633265 0.544321 0.636693 0.662435 0.654693 0.584774 0.744253 0.625958 0.616157 0.631075 0.609191 0.563246 0.650742 0.590378 0.593487 0.567906 0.620513 0.604916 0.616774 0.653538 0.616136 0.55615 0.666414 0.58766 0.577259 
0.174585 0.172828 0.136645 0.179978 0.183037 0.167621 0.134819 0.180352 0.180219 0.173406 0.182943 0.140038 0.179005 0.12647 0.185771 0.140258 0.144459 0.138102 0.192407 0.185874 0.139975 0.170529 0.145235 0.169614 0.142523 0.179152 0.170559 0.136195 0.139709 0.180008 0.180303 0.182779 0.13484 0.174909 0.141487 0.179132 0.128662 0.175997 0.141235 0.127314 0.179189 0.182789 0.170656 0.184421 0.143268 0.172791 0.130933 0.184679 0.141864 0.167915 0.141018 0.142284 0.178799 0.143666 0.172313 0.131928 
1.20791 1.30416 1.30146 1.30608 1.44489 1.28679 1.35869 1.28285 1.21498 1.13825 1.33166 1.28362 1.28843 1.29398 1.22034 1.29859 1.24952 1.34373 1.32237 1.2303 1.21139 1.3809 1.20926 1.22545 1.37314 1.22911 1.30515 1.21227 1.26803 1.2805 1.23498 1.30723 1.27402 1.25666 1.33353 1.33683 1.23667 1.14189 1.34053 1.31388 1.21732 1.22093 1.26105 1.32199 1.31031 1.40819 1.31281 1.25238 1.19473 1.24954 1.26514 1.09941 1.31897 1.23755 1.23706 1.1347 
1.4722 1.59996 1.59555 1.51878 1.53186 1.69788 1.52554 1.53655 1.59423 1.5943 1.63496 1.50275 1.40469 1.53148 1.60102 1.48619 1.63806 1.59945 1.50548 1.65873 1.49165 1.57587 1.59295 1.56671 1.58294 1.58324 1.46201 1.67543 1.61872 1.4783 1.68808 1.64764 1.3375 1.62175 1.60944 1.47566 1.57071 1.57898 1.64402 1.60944 1.48094 1.71267 1.65797 1.52272 1.51898 1.57915 1.4639 1.59919 1.56731 1.48418 1.51037 1.59822 1.64304 1.49083 1.60227 1.4873 
1.74465 1.9804 1.81985 1.80575 1.90889 1.86515 1.76779 1.77508 1.81778 1.9197 1.84901 2.22132 1.91037 1.87356 1.83548 1.7276 1.98592 1.77307 1.87455 1.80161 1.9915 1.75321 1.86449 1.68355 1.86785 1.75759 1.93284 1.65596 1.82882 1.79176 1.93057 1.75667 1.88005 1.99405 1.83828 1.95631 1.66782 1.85443 1.78867 1.7897 1.83287 1.79665 1.86075 1.85205 1.78849 1.89389 1.74411 1.90617 1.72965 1.88962 1.95757 1.98045 1.70115 1.66608 1.82017 1.66761 
0.482771 0.515507 0.529639 0.548396 0.61862 0.506581 0.568928 0.521015 0.518614 0.566311 0.532551 0.475627 0.57313 0.424098 0.524581 0.524082 0.49052 0.483207 0.627205 0.490281 0.607569 0.528231 0.587935 0.482426 0.551025 0.526474 0.431173 0.518145 0.456109 0.586431 0.543214 0.480919 0.520901 0.59916 0.5431 0.522991 0.47953 0.556856 0.477128 0.603969 0.465394 0.595175 0.628945 0.525821 0.509154 0.560035 0.608721 0.574286 0.473784 0.520145 0.554745 0.588504 0.650526 0.524763 0.571221 0.603595 
1.16389 1.0675 1.15621 1.11738 1.10625 1.19264 1.20203 1.08372 1.20517 1.08096 0.992993 1.10352 1.1428 1.0407 1.08571 1.10404 1.14217 1.14784 1.0372 1.16661 1.20622 1.19076 1.19452 1.10109 1.16659 1.11736 1.17589 1.13544 1.11025 1.02065 1.20762 1.22443 1.05911 1.08249 1.12526 1.18874 1.20569 1.21201 0.979649 1.19058 1.11073 1.10097 1.10373 1.27495 1.198 1.20293 1.21981 1.05886 1.0923 1.06102 1.09342 1.2107 1.11886 1.18658 1.10583 1.12005 
0.929882 0.915127 0.942691 0.809204 1.01713 0.931243 0.86586 0.982387 0.834682 0.818685 0.930285 0.970988 0.915673 0.862923 0.957476 0.872625 1.02776 0.902239 0.888814 0.947724 0.761938 0.929962 0.993488 0.916816 0.926265 0.92473 0.900242 0.882783 0.92709 0.904755 0.972732 0.845846 0.949464 1.00612 0.853431 1.02362 0.820651 0.957811 0.828847 0.903037 0.996949 0.90303 0.988698 0.986694 1.01537 0.910486 0.947425 0.833323 0.868152 0.923284 0.90806 0.828848 0.923108 0.822967 0.734145 0.953021 
1.55914 1.61626 1.74827 1.56777 1.61686 1.56787 1.73633 1.49347 1.53099 1.69442 1.86126 1.74576 1.60778 1.60163 1.63289 1.68914 1.67356 1.60626 1.62425 1.62378 1.70855 1.40413 1.52969 1.78171 1.5258 1.65323 1.65653 1.74974 1.54223 1.77558 1.64731 1.56862 1.59109 1.65823 1.68176 1.62797 1.71255 1.49646 1.53019 1.76751 1.58968 1.79373 1.64423 1.48696 1.55945 1.49944 1.72232 1.63044 1.73783 1.68032 1.68104 1.54776 1.57554 1.66237 1.57594 1.65456 
1.00751 1.03884 1.09655 1.015 1.15787 1.02807 1.10822 1.02883 0.999972 1.08512 0.998391 1.11895 1.03541 1.06816 1.01592 1.05887 1.07641 1.0229 0.988363 0.99164 1.13846 1.06327 1.0507 1.05357 1.01946 0.947641 1.0688 1.09099 1.0923 1.00149 1.10689 1.04508 0.973561 1.22266 1.02518 1.0643 1.10691 1.07274 1.01887 1.08348 1.07147 1.04111 1.00529 0.972632 1.10386 0.995035 1.0672 1.06907 1.02944 1.00377 1.00461 0.960384 1.10911 1.06185 1.04004 0.971443 
0.932226 0.873465 0.946556 0.999931 0.885346 0.963558 0.922156 0.897729 0.933208 0.945835 0.890625 0.959974 0.928938 0.909217 0.935847 0.798508 0.868596 0.919052 1.00385 0.880799 0.893818 0.969535 0.927514 0.982876 0.903534 0.804939 0.904152 1.04096 1.05273 1.08711 0.90769 0.805568 0.903712 0.965081 0.8286 1.03025 0.979964 0.983039 0.859709 0.918365 0.92974 0.903429 0.951585 0.864182 0.858892 0.896797 1.00073 0.860398 0.847298 0.963038 0.955511 0.836716 0.896088 0.851704 1.03803 0.890204 
2.69554 2.52968 2.47681 2.66838 2.54579 2.51022 2.5748 2.48161 2.76047 2.68837 2.90115 2.5058 2.87524 2.58794 2.6804 2.67891 2.7865 2.46416 2.59687 2.77605 2.6097 2.63099 2.69392 2.56774 2.29157 2.45674 2.66791 2.71615 2.78331 2.85079 2.66646 2.40875 2.55833 2.7191 2.61024 2.7089 2.95689 2.50641 2.85606 2.62818 2.63067 2.78447 2.77358 2.74585 2.50014 2.66296 2.43891 2.60958 2.82138 2.85551 2.67162 2.88855 2.68599 2.67415 2.59698 2.97202 
0.214427 0.246547 0.277029 0.258992 0.311407 0.298175 0.321086 0.307776 0.23247 0.301918 0.213193 0.29694 0.280061 0.293396 0.236216 0.275678 0.336869 0.227937 0.230524 0.280101 0.225746 0.278691 0.245315 0.216319 0.297699 0.252895 0.304344 0.289606 0.289344 0.215529 0.21673 0.217214 0.313264 0.254794 0.286488 0.225358 0.272867 0.277229 0.203492 0.280302 0.284917 0.338316 0.26504 0.255644 0.308033 0.250555 0.321156 0.222148 0.213165 0.229448 0.241586 0.282232 0.280367 0.287201 0.296126 0.284967 
1.59066 1.60683 1.61357 1.61717 1.57054 1.71585 1.57718 1.66255 1.47785 1.51994 1.67292 1.59339 1.63247 1.49923 1.6187 1.52243 1.59109 1.63998 1.65248 1.53866 1.45921 1.65265 1.68808 1.48497 1.60095 1.61741 1.72332 1.68993 1.59619 1.61829 1.38182 1.69631 1.6538 1.40128 1.59224 1.42742 1.62779 1.67265 1.53597 1.53756 1.59955 1.58973 1.68658 1.52103 1.77753 1.50196 1.4604 1.44715 1.64206 1.60377 1.63705 1.50491 1.68198 1.6027 1.6018 1.58625 
0.167524 0.234331 0.175449 0.257005 0.269786 0.218187 0.173937 0.234182 0.175553 0.224757 0.235474 0.248363 0.180443 0.176279 0.220366 0.197298 0.184841 0.189349 0.230699 0.164456 0.209894 0.16625 0.193444 0.227264 0.170697 0.236978 0.194697 0.225571 0.188374 0.17805 0.178363 0.241772 0.250962 0.177047 0.247377 0.166719 0.229292 0.204905 0.155275 0.251212 0.181751 0.188218 0.236389 0.230621 0.19277 0.259122 0.172121 0.254088 0.185065 0.249655 0.197268 0.23948 0.244231 0.184253 0.185177 0.224812 
0.224641 0.20988 0.176342 0.256313 0.149757 0.266555 0.252514 0.21028 0.158955 0.221386 0.157282 0.14204 0.16569 0.195176 0.135963 0.178176 0.208449 0.1609 0.153604 0.16583 0.173741 0.157133 0.212083 0.198851 0.155515 0.171579 0.197908 0.208536 0.194613 0.225372 0.140459 0.165792 0.122651 0.16053 0.157761 0.218138 0.194377 0.169391 0.209666 0.161431 0.164456 0.207837 0.213242 0.203644 0.200425 0.211907 0.218482 0.234227 0.156076 0.163849 0.167201 0.217482 0.247392 0.173084 0.184344 0.217122 
1.93807 1.99606 1.8568 1.88124 1.74513 1.93652 1.85909 1.91172 1.87572 1.97704 2.00795 1.77336 1.9134 1.91082 1.95713 1.9971 2.14381 1.98286 2.03248 1.75532 2.02988 1.88537 1.91943 1.90498 2.05502 2.0248 1.90035 1.82534 2.08334 1.7803 1.92916 1.79315 2.11807 1.95913 1.99243 1.93935 2.09216 2.0239 1.81529 1.92518 1.94591 2.11283 2.03499 1.83733 1.79981 1.9549 2.08741 1.87007 1.83621 1.76257 2.04674 1.97849 1.98707 1.93196 1.78059 1.93924 
1.7451 1.79044 1.58686 1.74557 1.78184 1.67068 1.70772 1.57114 1.66344 1.67547 1.80049 1.61676 1.67074 1.76052 1.87692 1.91591 1.72362 1.77687 1.84583 1.75153 1.63807 1.54093 1.56398 1.74875 1.63787 1.77995 1.97562 1.79656 1.86652 1.72804 1.59663 1.78083 1.83183 1.81431 1.54156 1.7236 1.70196 1.65961 1.68957 1.89592 1.79769 1.67674 1.80372 1.82692 1.7958 1.67437 1.72242 1.79534 1.67062 1.77595 1.88137 1.79875 1.68618 1.77044 1.65931 1.64885 
0.544898 0.540726 0.570939 0.578419 0.556509 0.644845 0.649576 0.649931 0.527765 0.601899 0.588983 0.572519 0.580387 0.545511 0.524297 0.612608 0.605961 0.625283 0.627236 0.596162 0.569568 0.512536 0.590526 0.575719 0.590056 0.606239 0.598262 0.622696 0.641923 0.569711 0.585485 0.635109 0.519675 0.562007 0.510826 0.621858 0.64172 0.539682 0.542843 0.554143 0.637817 0.535748 0.574275 0.605352 0.575494 0.540889 0.568094 0.597258 0.588816 0.611059 0.603872 0.629764 0.537954 0.570298 0.520654 0.634994 
0.433335 0.33912 0.439877 0.422812 0.331809 0.542583 0.31789 0.460561 0.488656 0.354467 0.523085 0.432235 0.440197 0.350434 0.420236 0.441151 0.531249 0.448549 0.529709 0.438487 0.402244 0.430617 0.344897 0.448455 0.519415 0.421148 0.505783 0.392799 0.447258 0.426495 0.421777 0.381855 0.43493 0.44383 0.478852 0.40859 0.322535 0.395535 0.505472 0.511858 0.372411 0.444573 0.440034 0.329182 0.498665 0.508311 0.492063 0.419902 0.367155 0.348132 0.417862 0.421333 0.427818 0.423695 0.424361 0.367881 
1.66802 1.64914 1.62161 1.76547 1.70784 1.652 1.73353 1.64618 1.66268 1.65913 1.76439 1.60317 1.75235 1.68866 1.79265 1.70402 1.59867 1.72994 1.71938 1.68423 1.70757 1.64974 1.78589 1.51245 1.66528 1.55422 1.78677 1.60863 1.70684 1.61728 1.78503 1.7654 1.67456 1.65667 1.79321 1.6571 1.81645 1.7477 1.74274 1.5692 1.74664 1.59765 1.67941 1.70998 1.59832 1.64345 1.63635 1.66906 1.65602 1.79605 1.61343 1.63804 1.71896 1.67398 1.7165 1.76001 
0.365305 0.365896 0.40053 0.340488 0.326849 0.364898 0.337627 0.330958 0.334885 0.401441 0.335543 0.382265 0.371752 0.371762 0.360981 0.309677 0.385921 0.400149 0.373794 0.290034 0.296879 0.423838 0.372573 0.291934 0.350842 0.420664 0.337596 0.372628 0.33053 0.388755 0.336012 0.346444 0.389157 0.358508 0.281272 0.359308 0.345079 0.349492 0.373234 0.328866 0.353583 0.350725 0.364814 0.385868 0.355009 0.313245 0.396163 0.292813 0.319523 0.372479 0.308301 0.395664 0.35544 0.349662 0.302832 0.389588 
1.35675 1.22079 1.13232 1.22108 1.28785 1.17478 1.16414 1.22746 1.09542 1.33365 1.22817 1.16713 1.12479 1.22323 1.25013 1.12798 1.16053 1.13181 1.06885 1.21091 1.17188 1.21537 1.15241 1.20023 1.18836 1.18621 1.21767 1.13891 1.28702 1.19806 1.17171 1.20892 1.22561 1.18562 1.218 1.3301 1.24111 1.10526 1.15485 1.35543 1.29589 1.32627 1.24232 1.16441 1.12582 1.21808 1.21649 1.16143 1.09393 1.10859 1.06543 1.20595 1.20699 1.18209 1.25748 1.18174 
0.280289 0.222316 0.274704 0.235201 0.282719 0.276987 0.289429 0.219389 0.26417 0.273878 0.292417 0.22573 0.304134 0.284295 0.285791 0.283889 0.235926 0.278516 0.231151 0.313691 0.232827 0.268749 0.27853 0.290669 0.311657 0.27492 0.21686 0.28103 0.255042 0.295117 0.279009 0.226501 0.297337 0.228967 0.291499 0.277314 0.227904 0.283752 0.298618 0.296169 0.285695 0.275243 0.244302 0.249778 0.239841 0.281833 0.295448 0.229704 0.231831 0.309005 0.225247 0.229002 0.287201 0.231338 0.28832 0.232365 
1.32474 1.36087 1.34993 1.42983 1.37318 1.29331 1.31591 1.40771 1.3687 1.35443 1.42588 1.35827 1.34707 1.35675 1.44114 1.38289 1.34707 1.34445 1.41337 1.23454 1.47713 1.37113 1.25547 1.44751 1.2339 1.39448 1.36194 1.29841 1.37549 1.40376 1.38151 1.37322 1.27439 1.27789 1.32213 1.42075 1.49785 1.39913 1.2882 1.24576 1.4515 1.33218 1.39482 1.36058 1.37469 1.33058 1.40201 1.35981 1.39967 1.35674 1.23035 1.43372 1.3456 1.3794 1.24872 1.42738 
0.0883831 0.0721663 0.109883 0.10459 0.0661034 0.103037 0.0634746 0.0548275 0.0633496 0.0962415 0.0937939 0.0710681 0.0662156 0.0570554 0.0615799 0.0981829 0.0674085 0.0643674 0.0584962 0.0653601 0.0582356 0.059877 0.0654663 0.0945817 0.0665458 0.0618308 0.0598573 0.112359 0.0923406 0.0633231 0.0671122 0.0630868 0.0866022 0.0948341 0.0657613 0.0852377 0.104114 0.0709245 0.105973 0.104603 0.0649955 0.0580698 0.0664975 0.0566432 0.0635335 0.0970928 0.0955 0.0983359 0.102217 0.100471 0.0899258 0.0659443 0.106483 0.114899 0.103345 0.0868049 
0.586225 0.535674 0.596372 0.625911 0.594646 0.632987 0.540606 0.572962 0.704145 0.616276 0.60629 0.613849 0.499208 0.615486 0.623418 0.637957 0.675232 0.565586 0.60412 0.630067 0.589881 0.460342 0.702109 0.601681 0.588943 0.541568 0.59062 0.670467 0.74087 0.613491 0.705025 0.616087 0.576253 0.62188 0.667881 0.602493 0.656398 0.589705 0.573376 0.638143 0.610017 0.616062 0.645689 0.652209 0.585056 0.555526 0.631454 0.689381 0.568525 0.626343 0.582195 0.534082 0.51967 0.617098 0.51216 0.609419 
