0.977204 1.0117 0.980406 1.01311 1.0896 1.01749 1.04571 1.04926 1.08568 1.0414 1.03216 1.02366 1.06507 1.10679 1.03631 1.07348 1.06822 0.996742 1.06299 1.04345 1.01052 1.00341 1.0598 1.01017 1.01816 0.983016 1.01866 1.05079 0.980156 1.09597 1.06467 1.01506 1.08074 1.05738 1.01096 1.05255 1.15689 1.09392 1.06661 0.993131 1.09045 1.0838 1.06711 1.05805 1.05204 1.0167 1.02735 0.992866 1.01672 1.01678 1.01784 1.06037 1.04272 0.990794 1.01024 1.06276 1.06859 1.08131 1.09793 1.15814 1.00368 1.02807 
1.02339 0.94927 0.990399 1.03953 0.977942 1.08313 1.0717 0.922562 0.933787 1.0877 0.954948 1.06817 1.0501 1.02558 0.985754 1.00976 1.01508 0.984673 1.02486 0.999766 1.01339 1.0878 0.995382 1.08866 1.01025 0.96841 1.02979 1.1184 1.05724 0.997947 1.00041 1.01431 0.990347 1.02231 1.05017 1.00031 0.99859 1.05297 1.05011 0.962348 1.01972 0.915328 1.0231 0.957929 1.01408 0.975431 1.00477 1.00758 1.01052 1.11275 1.02919 1.02576 0.961665 0.994752 1.08108 1.07187 1.02533 0.974694 0.978344 1.02299 1.06567 0.995791 
0.579071 0.533108 0.591584 0.574587 0.618151 0.585784 0.615528 0.621255 0.527519 0.526465 0.593516 0.62306 0.586491 0.613294 0.641551 0.569583 0.661836 0.666945 0.673871 0.665842 0.590177 0.613636 0.618201 0.637749 0.586209 0.624178 0.612882 0.646066 0.624454 0.617355 0.62485 0.565197 0.593958 0.617532 0.654099 0.622741 0.619983 0.720036 0.677486 0.593971 0.583647 0.555999 0.618892 0.669687 0.629455 0.668868 0.690015 0.618682 0.620465 0.656214 0.586071 0.657157 0.576365 0.622146 0.62484 0.71295 0.674432 0.65485 0.61901 0.651521 0.715642 0.585877 
0.782852 0.776942 0.849285 0.748681 0.8357 0.793091 0.740129 0.829247 0.75279 0.796735 0.776802 0.829895 0.794743 0.724283 0.79815 0.786252 0.746916 0.749762 0.835719 0.792744 0.839104 0.801718 0.806625 0.733858 0.77322 0.747801 0.793937 0.787436 0.814857 0.716646 0.859421 0.799545 0.82605 0.802455 0.784012 0.853497 0.786337 0.830476 0.846448 0.738348 0.820453 0.743897 0.791203 0.794748 0.799346 0.793497 0.791031 0.853667 0.792694 0.87971 0.794651 0.795117 0.668666 0.824601 0.802975 0.793926 0.705837 0.849381 0.797378 0.754167 0.787934 0.746727 
0.163258 0.156485 0.16463 0.158562 0.154555 0.13421 0.159415 0.164616 0.154803 0.157784 0.138102 0.130811 0.163927 0.133742 0.161656 0.164872 0.130932 0.158906 0.160534 0.161304 0.125481 0.161213 0.158832 0.134066 0.156047 0.156449 0.155644 0.158093 0.157402 0.160844 0.158686 0.161763 0.130618 0.157132 0.135003 0.157051 0.161034 0.153471 0.161088 0.163198 0.161116 0.158564 0.131186 0.158019 0.158362 0.155637 0.127601 0.15593 0.136837 0.154959 0.161555 0.158169 0.156579 0.133714 0.15799 0.133616 0.158423 0.136416 0.133697 0.136175 0.158829 0.15991 
0.72589 0.800357 0.843791 0.812688 0.829814 0.79689 0.810955 0.772031 0.744337 0.795279 0.767779 0.819765 0.736435 0.748559 0.765243 0.798052 0.835281 0.804217 0.761532 0.79338 0.802439 0.887454 0.882719 0.825563 0.856097 0.842599 0.855953 0.741796 0.794865 0.881745 0.777657 0.887056 0.784439 0.83959 0.871605 0.852871 0.796379 0.873446 0.83596 0.81711 0.818049 0.842405 0.824407 0.754498 0.861634 0.757951 0.893643 0.79681 0.796095 0.845506 0.787019 0.848955 0.728059 0.865595 0.759232 0.830117 0.824325 0.850116 0.788556 0.794882 0.798444 0.731896 
1.40682 1.4189 1.39145 1.32083 1.33036 1.27244 1.32886 1.32581 1.27542 1.32562 1.31402 1.32518 1.34319 1.36458 1.28077 1.32551 1.4537 1.32329 1.37294 1.38542 1.3257 1.43185 1.16228 1.36006 1.33049 1.42796 1.41861 1.42356 1.33875 1.28392 1.3292 1.43049 1.48023 1.43238 1.29429 1.28678 1.3438 1.47389 1.33587 1.39169 1.39103 1.37479 1.29314 1.40417 1.41454 1.46368 1.36971 1.28501 1.36408 1.38999 1.32542 1.39501 1.46306 1.31871 1.50063 1.32726 1.43967 1.27267 1.35609 1.25539 1.37551 1.30397 
0.602526 0.644287 0.657732 0.642871 0.568849 0.651919 0.591207 0.604276 0.580063 0.550504 0.673625 0.635708 0.657064 0.644021 0.580689 0.602451 0.691324 0.637077 0.575186 0.647714 0.628575 0.645479 0.641065 0.639439 0.618816 0.58709 0.665466 0.606946 0.646742 0.630021 0.658956 0.628533 0.646368 0.58419 0.616942 0.651905 0.669837 0.633339 0.637498 0.696336 0.59053 0.657591 0.634747 0.648008 0.601746 0.629043 0.598087 0.635094 0.668069 0.599745 0.664059 0.676512 0.722915 0.624761 0.607516 0.605591 0.640914 0.688207 0.666189 0.608176 0.599233 0.67631 
1.47286 1.39003 1.56476 1.34453 1.47355 1.44662 1.46212 1.44016 1.42573 1.4521 1.40824 1.4655 1.43813 1.44012 1.47105 1.42338 1.57038 1.42894 1.45096 1.46438 1.48676 1.39594 1.52049 1.48194 1.39713 1.52817 1.52719 1.44879 1.47554 1.46502 1.42247 1.40153 1.38393 1.37229 1.44246 1.34241 1.39597 1.451 1.4296 1.35473 1.41793 1.43591 1.485 1.54657 1.40399 1.38928 1.3542 1.45775 1.48142 1.41755 1.43437 1.46161 1.46733 1.40781 1.38658 1.42072 1.49755 1.40718 1.47249 1.45852 1.43215 1.45526 
1.34541 1.23834 1.28892 1.31478 1.21543 1.18374 1.33423 1.18513 1.14851 1.19924 1.32528 1.28377 1.27333 1.34931 1.31395 1.30593 1.32853 1.17895 1.32616 1.16913 1.28955 1.34938 1.43916 1.40398 1.30011 1.27034 1.3318 1.27686 1.30171 1.24702 1.27967 1.30274 1.24007 1.38344 1.33451 1.25251 1.1273 1.29438 1.23162 1.26477 1.22257 1.31702 1.15074 1.22298 1.28456 1.3699 1.18603 1.20486 1.36157 1.23405 1.10525 1.26334 1.21052 1.28516 1.28691 1.26451 1.30941 1.28483 1.29096 1.25989 1.24103 1.29034 
1.10983 0.996833 1.03267 1.0066 1.04191 1.00425 1.07016 1.00951 1.04953 1.02347 0.952478 1.05234 1.02746 1.10586 1.07313 0.936035 1.13348 1.0365 1.07081 1.08446 1.08116 1.01135 1.05334 1.10308 1.0922 1.05312 1.01655 1.08332 1.01104 1.04244 0.961293 1.0786 1.13075 1.04099 1.12318 1.06183 1.07972 1.01259 1.01429 1.05646 0.994726 1.00009 1.09682 1.00179 1.04885 1.04573 0.999751 0.996216 1.08804 1.01826 1.04625 1.10472 1.06312 0.999046 0.996711 1.04884 1.05821 1.04712 1.07857 1.08681 0.990673 1.07228 
0.215724 0.217273 0.215008 0.213974 0.214146 0.206051 0.182737 0.211025 0.20924 0.178317 0.180871 0.212409 0.212922 0.215755 0.211942 0.215541 0.213928 0.215362 0.180257 0.215183 0.211857 0.181278 0.215734 0.210034 0.216325 0.218141 0.212753 0.211367 0.209493 0.212458 0.178573 0.210225 0.167821 0.216346 0.214104 0.219917 0.216641 0.211128 0.214276 0.214477 0.177508 0.211894 0.214409 0.180265 0.167069 0.214844 0.220808 0.176699 0.217113 0.213551 0.215114 0.213849 0.183133 0.212098 0.182187 0.177089 0.185787 0.215307 0.21453 0.2166 0.178137 0.179394 
0.249219 0.305564 0.253058 0.305484 0.261343 0.312219 0.319965 0.314812 0.263304 0.315551 0.313545 0.254861 0.260072 0.254734 0.315845 0.308796 0.316866 0.321678 0.308211 0.268252 0.307567 0.255074 0.316904 0.306726 0.251263 0.316831 0.244476 0.316976 0.311302 0.319315 0.311613 0.258863 0.318198 0.306164 0.258699 0.25029 0.255006 0.254817 0.309375 0.263632 0.306781 0.313965 0.255559 0.250714 0.30987 0.249908 0.315771 0.310702 0.25344 0.313939 0.260283 0.308514 0.24735 0.303467 0.257028 0.317016 0.313031 0.317365 0.256161 0.317052 0.309659 0.312481 
1.89225 1.86741 1.87211 1.90732 1.87703 1.78294 1.80811 2.0407 2.07139 2.00811 1.96737 1.94353 1.92204 1.9856 2.06445 1.83565 1.78062 2.02883 2.0379 2.03071 2.09573 2.07269 2.06564 2.09505 2.04232 2.06552 1.9591 1.97755 1.87937 1.93121 2.04634 1.77977 1.9708 1.96962 1.90131 2.06766 1.84636 2.05627 2.06743 2.00339 1.97054 1.87375 1.77335 1.89238 1.95192 2.04457 1.80093 2.13601 1.9107 1.85613 1.95613 1.83575 1.93265 1.84672 1.84499 2.04035 1.86356 2.11143 2.01726 1.83878 1.7619 1.85632 
2.05689 2.09849 2.0635 2.11963 1.99543 2.07264 2.04288 2.01047 1.9989 2.1079 1.97288 2.11465 2.04198 2.07244 2.07174 2.10381 2.07004 1.98227 1.98937 2.06256 2.03343 2.0495 2.00001 2.05037 2.03133 2.02998 1.94192 2.14559 1.96643 2.14843 2.07533 2.00932 2.10124 2.06412 2.12443 2.05203 2.06761 2.16888 1.8962 2.0125 1.97551 2.05118 2.09464 2.07276 1.99828 2.11905 2.07024 1.98344 1.97758 2.11415 2.06755 1.98425 2.08392 2.03579 2.20482 2.04189 2.14912 2.11577 2.05265 2.08455 2.01706 2.02809 
0.911791 0.960555 0.885886 0.880707 0.88824 0.855475 0.894234 0.867332 0.91525 0.876859 0.912788 0.900679 0.920472 0.86484 0.935833 0.856003 0.895045 0.92939 0.82872 0.800017 0.913364 0.868596 0.854828 0.876527 0.848278 0.900635 0.854935 0.893618 0.871802 0.905623 0.864189 0.863903 0.875769 0.880382 0.864236 0.928843 0.872241 0.881295 0.937941 0.84698 0.914568 0.956463 0.918933 0.892341 0.921599 0.885332 0.912692 0.897212 0.949112 0.894856 0.906808 0.874616 0.871942 0.877236 0.92017 0.915251 0.89724 0.908053 0.843509 0.893468 0.87521 0.850709 
0.809932 0.793211 0.805105 0.79903 0.776379 0.804184 0.83152 0.809573 0.81028 0.765934 0.733544 0.834579 0.7941 0.739597 0.800768 0.782244 0.779604 0.83051 0.816784 0.774417 0.785536 0.783164 0.795783 0.80586 0.757731 0.831465 0.72275 0.771189 0.795963 0.80987 0.79961 0.746569 0.836949 0.761731 0.849234 0.794484 0.716353 0.791105 0.816476 0.778187 0.773053 0.716218 0.771507 0.771621 0.769612 0.860148 0.788398 0.777194 0.800036 0.778229 0.81063 0.786664 0.823853 0.820112 0.731027 0.742963 0.828041 0.833609 0.782178 0.821646 0.755041 0.798994 
1.30786 1.26319 1.27546 1.23374 1.20508 1.25115 1.2543 1.21686 1.2394 1.23591 1.26982 1.18757 1.23738 1.28293 1.3095 1.22298 1.24991 1.27434 1.30282 1.15277 1.24647 1.37886 1.30718 1.26781 1.22966 1.29186 1.3475 1.2637 1.21417 1.18838 1.22173 1.21945 1.20436 1.31012 1.31823 1.28029 1.15951 1.20563 1.24349 1.32488 1.10915 1.29189 1.23243 1.2229 1.26852 1.26304 1.18982 1.21099 1.2199 1.17785 1.25028 1.25355 1.19463 1.18396 1.19478 1.31653 1.3024 1.2331 1.20799 1.35042 1.21241 1.29266 
0.984229 1.00214 1.07866 1.0774 1.06259 0.964448 1.03986 1.02204 1.07189 0.994417 1.10288 1.07276 1.09384 1.13535 1.09421 0.992035 1.0901 1.13122 0.989515 1.0649 1.07454 1.09649 1.1021 1.11966 1.08219 1.0647 1.06384 1.14091 1.04159 1.13001 1.01603 1.06305 1.12041 1.10477 1.05346 1.073 1.07743 1.13575 1.04692 1.03122 1.02397 1.06153 1.05134 1.10821 1.08022 1.04325 1.04749 1.1048 1.07466 1.06456 1.11446 1.07182 1.05948 1.03544 1.10241 1.07484 1.09873 1.08894 1.08674 1.00242 1.11187 1.08869 
0.801209 0.787375 0.834646 0.838894 0.79513 0.750762 0.830854 0.76456 0.857662 0.84985 0.78992 0.704202 0.746324 0.802166 0.861394 0.82935 0.867409 0.793569 0.788327 0.799884 0.760842 0.733889 0.809259 0.854497 0.769622 0.798192 0.784179 0.795635 0.790228 0.810805 0.812175 0.79039 0.802768 0.901565 0.738621 0.895811 0.786196 0.796647 0.815926 0.859512 0.738848 0.830562 0.800565 0.757811 0.74628 0.748473 0.845336 0.86006 0.791081 0.804765 0.834517 0.804844 0.85279 0.77937 0.89214 0.799853 0.84719 0.841475 0.755931 0.811314 0.899874 0.845725 
2.10893 2.01383 1.99076 1.89815 1.97054 1.9272 2.00474 1.92849 2.0712 2.03998 2.01379 1.79846 1.90404 1.92826 1.76674 1.92033 1.92848 1.95738 1.95952 1.92739 2.01251 2.08519 1.89092 1.95035 1.9382 1.97147 1.93049 1.93617 2.00585 1.88627 1.96392 1.90414 1.96504 1.98554 1.85087 1.93476 2.02237 1.84849 2.0784 1.96966 1.92769 1.9593 1.7848 1.92221 1.95977 1.99255 1.88975 1.92962 2.03205 1.87267 1.96321 2.02517 1.91018 1.79753 1.94083 1.99522 1.90463 1.88924 1.94063 1.95947 1.8945 2.1243 
1.31285 1.32454 1.47272 1.45293 1.38925 1.32682 1.40565 1.40942 1.34637 1.42184 1.30839 1.48641 1.4523 1.44849 1.44913 1.43985 1.30702 1.35329 1.42124 1.43189 1.39222 1.37963 1.33918 1.34023 1.29738 1.42724 1.47031 1.34919 1.51378 1.41162 1.40984 1.31041 1.4292 1.46286 1.36528 1.455 1.36009 1.41918 1.35584 1.41729 1.42628 1.34496 1.39394 1.39626 1.46249 1.38621 1.41756 1.36394 1.38779 1.40871 1.35755 1.44453 1.45956 1.38681 1.42547 1.36367 1.38736 1.38452 1.39469 1.40251 1.37111 1.36726 
0.170133 0.225864 0.175433 0.226715 0.225324 0.229997 0.176081 0.235661 0.17887 0.224014 0.18488 0.180599 0.228528 0.181755 0.240435 0.175199 0.228885 0.181537 0.233599 0.239569 0.181406 0.227511 0.228065 0.229049 0.191356 0.185385 0.182119 0.233064 0.228181 0.181067 0.228102 0.182029 0.180948 0.22603 0.226248 0.23798 0.225524 0.228212 0.17394 0.230947 0.236193 0.182018 0.225591 0.189084 0.226466 0.176079 0.230009 0.227293 0.182185 0.179378 0.231639 0.236741 0.229039 0.231183 0.223501 0.178812 0.179139 0.223107 0.185516 0.235475 0.186223 0.23222 
0.883056 0.913676 0.932 0.921621 0.780229 0.874256 0.93506 0.898284 0.843223 0.830105 0.879455 0.855307 0.893375 0.825275 0.894289 0.822718 0.890517 0.890033 0.758878 0.884068 0.825784 0.898572 0.882339 0.88508 0.943255 0.908512 0.876648 0.834184 0.867596 0.846826 0.896331 0.995493 0.96077 0.886746 0.867733 0.884873 0.90879 0.899936 0.883367 0.885301 0.828857 0.879382 0.894984 0.946752 0.837906 0.924004 0.89712 0.786887 0.845646 0.901671 0.881143 0.886658 0.82896 0.815439 0.939451 0.826192 0.892777 0.948659 0.749795 0.940794 0.897373 0.941837 
1.04869 1.09008 1.03472 1.00696 1.11606 1.04979 0.992741 1.0603 1.02691 1.1078 1.05063 1.01129 1.04464 1.00571 0.993199 1.0337 0.979564 1.12201 0.979537 1.12952 1.10481 1.13846 1.01697 1.08708 1.03697 1.16136 0.968283 1.06705 1.06572 1.09234 1.07846 1.00564 1.09782 1.0717 1.12213 1.13529 1.04064 1.02744 1.05948 1.06984 1.05941 1.05339 1.07558 1.06562 0.998774 1.06985 1.07708 1.11152 1.08048 0.868516 1.09536 1.07246 1.08213 1.09876 1.0158 1.07306 1.03663 1.06305 1.17032 1.03866 1.07029 1.01079 
0.332453 0.376444 0.356715 0.333221 0.338859 0.297953 0.344057 0.336446 0.335047 0.358155 0.292634 0.277338 0.345133 0.360183 0.344499 0.378095 0.304298 0.332775 0.334982 0.338346 0.340096 0.310061 0.344138 0.311664 0.349106 0.310581 0.364001 0.289628 0.334691 0.33581 0.342883 0.331821 0.308775 0.376708 0.332678 0.37646 0.311089 0.309286 0.316843 0.328566 0.336706 0.312951 0.314046 0.304167 0.317868 0.376869 0.375158 0.368374 0.346823 0.340473 0.363125 0.306661 0.338741 0.332198 0.379827 0.291537 0.345467 0.339065 0.270395 0.317961 0.305456 0.333135 
0.437914 0.446917 0.43817 0.473072 0.460254 0.475958 0.404846 0.491446 0.450086 0.391199 0.48677 0.412496 0.408912 0.405329 0.451824 0.502897 0.473548 0.408035 0.408491 0.44818 0.486977 0.3366 0.442194 0.488821 0.413715 0.44196 0.435161 0.407873 0.416334 0.40184 0.43379 0.402503 0.45572 0.4875 0.454096 0.4546 0.403666 0.405831 0.409604 0.40739 0.409611 0.492773 0.449608 0.400389 0.445698 0.410402 0.442064 0.451355 0.506998 0.441634 0.492927 0.467228 0.341556 0.374432 0.398068 0.479951 0.462716 0.445391 0.407273 0.368595 0.403213 0.402199 
0.662228 0.650316 0.621577 0.628406 0.653378 0.580101 0.635498 0.593796 0.585315 0.587484 0.636358 0.634806 0.578813 0.582816 0.619266 0.588399 0.594811 0.643325 0.58873 0.573837 0.599576 0.625031 0.596058 0.591917 0.664962 0.615316 0.591534 0.610139 0.633132 0.51279 0.56495 0.620981 0.633937 0.645275 0.595567 0.647435 0.58987 0.583642 0.590049 0.599591 0.589421 0.622478 0.596175 0.622794 0.63188 0.642436 0.672503 0.596813 0.641117 0.624649 0.559448 0.584763 0.626112 0.582403 0.627292 0.610773 0.578418 0.629555 0.549065 0.593373 0.623425 0.632243 
1.32869 1.36012 1.32761 1.23791 1.34603 1.36554 1.33288 1.44279 1.33668 1.28961 1.27444 1.40959 1.38284 1.38159 1.29388 1.36901 1.33615 1.3454 1.38477 1.32472 1.3189 1.37527 1.33709 1.36073 1.30961 1.32909 1.42413 1.26623 1.36541 1.30721 1.40562 1.3303 1.34606 1.27502 1.37937 1.31629 1.3491 1.33427 1.31246 1.29787 1.33272 1.2836 1.32674 1.28693 1.36268 1.30719 1.27289 1.32581 1.23021 1.2915 1.29772 1.37559 1.32755 1.4053 1.33221 1.39437 1.29154 1.29305 1.39031 1.31909 1.38642 1.37971 
1.1393 1.02277 1.06058 1.11787 1.04416 1.04459 1.07058 1.04823 0.981785 1.07149 1.12362 1.01284 1.03698 1.11613 1.0934 1.08714 1.07601 1.06222 1.07496 1.1838 1.13544 1.09221 1.07702 1.03062 1.11451 1.09584 1.13461 1.06803 1.10663 1.15067 1.03915 1.12077 1.14169 1.0495 1.12323 1.14765 1.09205 1.12236 1.08984 1.06853 1.08069 1.08855 1.06078 1.05615 1.05441 1.14761 1.10722 1.06971 1.13311 1.0977 1.09834 1.15175 1.1762 1.16346 1.06804 1.14629 1.13623 1.0978 1.07443 1.10208 1.10562 1.10994 
1.36334 1.28007 1.17916 1.19511 1.35215 1.24622 1.234 1.15673 1.24159 1.31394 1.22978 1.15029 1.2941 1.26183 1.2493 1.36444 1.31968 1.40133 1.36701 1.24897 1.28102 1.1757 1.30766 1.3404 1.31619 1.39709 1.28139 1.26365 1.16463 1.29604 1.39703 1.3564 1.34945 1.27633 1.30725 1.24149 1.27612 1.34392 1.25247 1.24982 1.35393 1.3354 1.21809 1.26938 1.19831 1.23176 1.20697 1.23118 1.36273 1.27218 1.28678 1.35012 1.31408 1.24194 1.25438 1.26755 1.35289 1.29813 1.38254 1.32472 1.2256 1.29387 
0.141387 0.147498 0.140043 0.114841 0.140767 0.112026 0.117316 0.112785 0.142508 0.114982 0.150677 0.113791 0.143001 0.113802 0.14877 0.146207 0.143419 0.140971 0.143058 0.117364 0.118454 0.111825 0.148153 0.143078 0.114498 0.149778 0.113003 0.147684 0.145794 0.150558 0.112265 0.116255 0.141181 0.14001 0.108311 0.145052 0.105181 0.146566 0.14159 0.144206 0.10816 0.14671 0.14339 0.112187 0.148566 0.116504 0.140304 0.142151 0.111534 0.145511 0.142525 0.113475 0.11084 0.151314 0.112753 0.108852 0.137357 0.117358 0.146741 0.117173 0.148648 0.118625 
0.411256 0.369801 0.376962 0.416418 0.383985 0.383562 0.381725 0.41741 0.413003 0.379231 0.353094 0.405965 0.382033 0.343023 0.342791 0.345427 0.409736 0.385774 0.37721 0.406484 0.410426 0.380451 0.379186 0.42111 0.342984 0.402915 0.40409 0.404063 0.370001 0.438913 0.34029 0.38401 0.41643 0.333314 0.415153 0.381848 0.388208 0.41263 0.339528 0.418732 0.419178 0.408974 0.412935 0.415976 0.381945 0.38243 0.379772 0.386856 0.411549 0.375733 0.423229 0.426782 0.347693 0.416118 0.384232 0.379893 0.381406 0.384178 0.353425 0.394681 0.41177 0.3458 
1.83508 1.69016 1.74446 1.72044 1.7656 1.71566 1.69953 1.59723 1.72838 1.68138 1.67445 1.64041 1.69508 1.76475 1.71197 1.85376 1.76148 1.68107 1.70599 1.69149 1.66696 1.54728 1.70329 1.6414 1.68796 1.74944 1.7309 1.70532 1.77445 1.6325 1.73651 1.71581 1.70451 1.78835 1.6216 1.67219 1.59457 1.7539 1.80368 1.69833 1.68681 1.61202 1.70155 1.63599 1.68287 1.67227 1.63591 1.67173 1.78627 1.656 1.6746 1.74108 1.54084 1.63403 1.61359 1.65383 1.77146 1.63367 1.646 1.66263 1.62722 1.78265 
1.11182 1.06175 1.11773 1.11597 1.07383 1.11189 1.0994 1.11712 1.00732 1.09143 1.09957 0.960434 1.06055 1.09952 1.10247 1.0985 1.2001 1.13796 1.16513 1.05118 1.08875 1.01917 1.11451 0.976832 1.09701 1.06125 1.0347 1.06138 1.10191 1.14129 1.13954 1.04045 1.10984 1.05102 1.19998 1.16225 0.991558 1.09659 1.08666 1.20436 1.11529 1.01956 1.05157 1.15093 1.11128 0.937183 1.09138 1.06104 1.06864 1.10122 1.02066 1.19871 1.0568 1.10761 1.10141 1.10528 0.947312 1.13681 1.11885 1.04081 1.02681 1.12151 
0.133011 0.171363 0.165929 0.136564 0.170325 0.179763 0.131408 0.167251 0.135258 0.166569 0.139318 0.13308 0.133489 0.172119 0.133674 0.133492 0.130387 0.129954 0.131374 0.12917 0.169606 0.13634 0.139089 0.134931 0.174849 0.168102 0.134937 0.176758 0.171909 0.167962 0.167157 0.137429 0.16904 0.17217 0.17185 0.17071 0.172624 0.171427 0.138059 0.168905 0.168405 0.132162 0.132065 0.172112 0.168352 0.175891 0.170796 0.134768 0.171912 0.13154 0.139028 0.168248 0.132292 0.137525 0.132247 0.169544 0.131454 0.171968 0.134197 0.133453 0.124963 0.134136 
1.95652 1.8916 2.09648 1.84739 1.9333 1.84339 1.94431 1.89519 1.695 1.91821 1.91417 1.833 1.76268 1.8426 1.85811 1.79649 1.84025 1.83282 1.91354 1.93782 1.96369 1.99033 1.79995 1.88927 1.9683 1.8801 1.9443 1.93746 1.81078 2.00112 1.86546 1.88737 1.9378 2.08962 1.87656 1.83461 1.86594 1.91834 1.85462 1.94375 2.04908 1.90172 1.89173 1.86028 1.98834 1.95447 1.88294 1.80439 1.88822 1.97973 1.90489 1.78929 1.94281 1.92977 2.02133 1.94938 1.84761 1.889 1.96174 1.86905 1.83284 1.91028 
2.72989 2.9613 2.88732 2.70715 2.85068 2.90069 2.80198 2.73404 2.79031 2.71825 2.78236 2.75645 2.91313 2.78501 2.83193 2.77076 2.77166 2.86073 2.89667 2.57772 2.80674 2.96315 2.8647 2.86468 2.79551 2.9481 2.80775 2.90277 2.79063 2.83653 2.92443 2.88977 2.81115 2.93667 2.66914 2.69161 2.81185 2.76092 2.77401 2.63612 2.89732 2.96276 2.7661 2.8699 2.88782 2.64744 2.80854 2.90659 2.84314 2.85912 2.79681 3.06062 2.8521 2.88864 2.71583 2.72651 2.86418 2.79474 2.89862 2.89231 2.75174 3.03559 
1.0524 1.01219 1.03583 1.03933 1.09861 1.0296 1.01655 1.02061 1.04203 1.02966 0.989364 1.05807 1.02104 1.00242 0.977718 1.03483 1.07379 1.04658 0.964443 0.980959 1.0171 1.06104 0.976699 1.01748 0.986906 1.06688 0.973484 1.01895 1.05994 1.06964 1.01432 1.01581 1.10161 1.08108 1.02001 1.00068 1.05132 1.03248 1.07286 1.04924 1.06517 1.09504 0.947722 1.01421 1.02951 1.00946 0.982948 1.05474 0.939259 1.00674 1.01775 0.966541 0.99721 1.0121 1.06969 0.970386 1.03417 1.12149 1.05371 1.01524 1.0572 1.0404 
0.50529 0.646041 0.629902 0.630543 0.584606 0.594176 0.584415 0.657857 0.582052 0.574806 0.579 0.591089 0.540833 0.626924 0.583621 0.582203 0.597447 0.586989 0.597939 0.548411 0.630842 0.589824 0.657085 0.632018 0.585241 0.634022 0.581065 0.570147 0.506909 0.596963 0.636888 0.593127 0.590121 0.51456 0.59411 0.645424 0.656766 0.592287 0.650646 0.525244 0.597182 0.62984 0.64885 0.524011 0.660709 0.57685 0.582009 0.65021 0.568946 0.644088 0.595947 0.577789 0.583976 0.633491 0.571816 0.577719 0.635496 0.630867 0.649665 0.592528 0.637741 0.633631 
1.72137 1.6002 1.58429 1.60322 1.55658 1.65038 1.57245 1.64209 1.56693 1.65701 1.56858 1.53301 1.6434 1.60311 1.56593 1.60578 1.57954 1.57939 1.67902 1.61471 1.5478 1.57419 1.55838 1.57495 1.55473 1.5321 1.59152 1.5312 1.593 1.47194 1.55673 1.62686 1.59424 1.46108 1.71004 1.60406 1.59505 1.70643 1.58288 1.62704 1.55744 1.72076 1.54155 1.53973 1.60996 1.71938 1.53361 1.5375 1.62165 1.61197 1.60332 1.48441 1.63033 1.54397 1.43981 1.58513 1.52914 1.60201 1.55341 1.59394 1.64901 1.64846 
1.02787 0.977351 0.894848 0.980483 1.00205 0.994586 1.03169 0.975151 0.972138 0.87089 0.939832 0.941719 0.983321 1.00083 0.993097 1.04456 0.938407 0.913461 1.03204 0.980462 1.07409 0.975486 1.00562 0.961807 0.936299 1.00571 1.07401 1.03245 1.00212 0.978686 0.929516 1.00553 1.03638 0.994415 0.984028 1.0226 0.943327 0.93393 1.02508 0.971338 0.974042 0.977606 0.911187 0.924539 1.09606 0.891135 0.984012 0.931482 0.991734 0.981954 0.987588 0.971803 0.975309 0.978454 0.934052 0.977795 0.982738 1.02862 0.946283 1.02889 0.940481 0.989123 
1.52931 1.36628 1.42168 1.42272 1.27694 1.41044 1.39716 1.46964 1.32666 1.35007 1.37407 1.30779 1.47627 1.36707 1.282 1.47121 1.32767 1.39748 1.40088 1.43643 1.48098 1.40642 1.36586 1.49587 1.44018 1.37738 1.3014 1.46625 1.40209 1.50021 1.53755 1.3578 1.39543 1.37898 1.45461 1.44837 1.4756 1.54672 1.43342 1.48479 1.44407 1.44645 1.45308 1.47989 1.44426 1.35102 1.47469 1.38107 1.40079 1.32349 1.42665 1.46639 1.34119 1.38842 1.34302 1.44218 1.44399 1.46008 1.43333 1.4196 1.38885 1.43889 
1.59919 1.66644 1.66746 1.5654 1.66509 1.61022 1.73137 1.57547 1.57359 1.74682 1.51259 1.59099 1.4782 1.58032 1.67521 1.65823 1.71921 1.73655 1.59798 1.67574 1.65507 1.59232 1.5159 1.60257 1.6141 1.70562 1.5754 1.70999 1.53516 1.59769 1.72041 1.77353 1.61663 1.7235 1.74861 1.63428 1.66446 1.54203 1.59424 1.69827 1.64348 1.4712 1.6463 1.65825 1.64342 1.72656 1.70581 1.60013 1.57419 1.72937 1.53599 1.61018 1.73361 1.72489 1.57889 1.51974 1.5895 1.56709 1.67242 1.67523 1.68042 1.70192 
0.841111 0.812434 0.857885 0.871701 0.86032 0.860882 0.917543 0.905698 0.902974 0.822537 0.911411 0.808337 0.7906 0.909665 0.92027 0.902827 0.918875 0.793556 0.871422 0.805915 0.867925 0.792084 0.87973 0.959845 0.796277 0.766712 0.899278 0.942081 0.87602 0.849744 0.859226 0.86859 0.86222 0.967134 0.800773 0.81121 0.931503 0.715291 0.855378 0.912103 0.862362 0.911722 0.823372 0.823909 0.910018 0.859715 0.972803 0.774072 0.867224 0.81471 0.872394 0.902466 0.799296 1.00644 0.726595 0.81806 0.955698 0.974373 0.880897 0.811636 0.866766 0.923803 
2.20676 2.06878 2.28949 2.187 2.18982 2.27909 2.14982 2.13388 2.13291 2.1474 2.12146 2.27313 2.11365 2.23998 2.45222 2.15851 2.07694 2.13079 2.13408 2.25271 2.17798 2.02622 2.22745 2.08789 2.16353 2.07498 2.2196 2.20571 2.17048 2.17151 2.18558 2.19091 2.12715 2.05816 2.2465 2.28473 2.38591 2.03941 2.16372 2.1829 2.15364 2.21555 2.2214 2.31802 2.27714 2.28347 2.23815 2.21466 2.3325 2.25806 2.17079 2.18971 2.23572 2.3294 2.29385 2.2628 2.17773 2.14705 2.23947 2.20232 2.21304 2.1265 
0.196332 0.219072 0.163168 0.171674 0.19246 0.19395 0.195752 0.192486 0.170249 0.201696 0.194619 0.165675 0.21664 0.220812 0.197799 0.162957 0.192833 0.198107 0.167745 0.165122 0.221422 0.198713 0.194663 0.177576 0.17692 0.168291 0.168313 0.194183 0.195971 0.161345 0.21753 0.186066 0.223244 0.194011 0.172422 0.195635 0.196947 0.197397 0.19517 0.19752 0.165043 0.190536 0.192046 0.197092 0.172779 0.167138 0.172459 0.189311 0.197125 0.197674 0.194868 0.198015 0.162372 0.175705 0.190854 0.195642 0.159286 0.166881 0.189242 0.195216 0.193746 0.175308 
1.61782 1.51217 1.6269 1.65422 1.62543 1.80315 1.70314 1.65169 1.63071 1.69114 1.58557 1.74907 1.75047 1.74809 1.55033 1.77324 1.68309 1.714 1.58677 1.72465 1.58301 1.83231 1.62821 1.70835 1.6923 1.70874 1.71002 1.6802 1.58246 1.72885 1.55947 1.74342 1.6153 1.75701 1.72544 1.69975 1.69354 1.7091 1.57291 1.70867 1.77142 1.70235 1.67827 1.59916 1.59605 1.67126 1.68474 1.83611 1.6397 1.57474 1.67596 1.66973 1.63722 1.63674 1.66391 1.68692 1.63464 1.70377 1.74016 1.62843 1.74142 1.63588 
0.162078 0.16417 0.167318 0.160154 0.16707 0.13774 0.167276 0.142325 0.141207 0.139331 0.16405 0.168074 0.165375 0.136983 0.136602 0.165049 0.142931 0.166485 0.163526 0.168682 0.167101 0.143108 0.164563 0.171858 0.177561 0.164195 0.168019 0.169846 0.131433 0.163744 0.169003 0.162552 0.132681 0.164381 0.162516 0.14352 0.163534 0.165978 0.168115 0.13508 0.169331 0.166426 0.165355 0.13239 0.163468 0.169887 0.164469 0.138133 0.136286 0.163453 0.161171 0.164255 0.168356 0.137433 0.174529 0.166427 0.139615 0.166569 0.165314 0.162205 0.138039 0.165354 
0.287364 0.240349 0.287278 0.28802 0.282899 0.245077 0.237439 0.234746 0.281337 0.28779 0.268056 0.320693 0.228684 0.223033 0.28471 0.239085 0.23262 0.294894 0.24278 0.237898 0.287794 0.246457 0.230905 0.233018 0.241192 0.234212 0.283574 0.285065 0.247956 0.280588 0.2843 0.268654 0.272506 0.241299 0.226585 0.235851 0.279465 0.287195 0.236261 0.237593 0.230551 0.286456 0.250904 0.243077 0.28089 0.239792 0.327088 0.233288 0.284043 0.236848 0.238131 0.231101 0.284692 0.287353 0.293541 0.291289 0.230461 0.285576 0.287069 0.241517 0.247196 0.284378 
0.943815 0.922955 0.924252 0.931402 0.969356 0.934585 0.938892 0.96779 0.923026 0.908183 0.972652 0.88846 0.940575 0.946461 0.980472 0.935798 0.850798 0.966694 0.883793 0.952919 0.921897 0.968712 0.903601 1.02103 0.949801 0.923056 0.884561 0.891831 0.940028 0.902568 0.924645 0.92961 0.896771 0.977241 0.909806 0.979057 0.9127 0.958363 0.938188 1.00435 0.957385 0.93635 0.937922 0.933141 0.892784 0.913378 0.909354 0.977977 0.908755 0.906742 0.989238 0.971298 0.953739 1.03163 0.926517 0.943969 0.929817 0.924393 0.900657 0.958431 0.992949 1.00862 
1.88956 1.91215 1.99653 2.00844 1.95674 1.96023 1.811 2.0506 2.03094 1.9179 1.83968 2.14479 2.03876 1.92469 2.10334 1.8699 1.95296 2.08622 2.09401 1.98014 1.87032 1.99022 1.8642 2.02038 1.94833 2.00088 2.0205 1.90567 1.83235 1.93825 2.06297 1.76467 1.85377 2.09766 2.03553 1.99442 2.00737 1.95797 1.99665 2.07691 1.98247 2.02748 2.0709 2.0377 1.95993 2.0738 2.128 1.98526 2.02799 1.87062 2.01658 2.00156 1.99187 1.90538 2.00857 2.02854 2.0075 1.90422 1.94392 2.00067 2.01987 2.08375 
0.840999 0.859228 0.771242 0.840349 0.846269 0.853681 0.876737 0.798809 0.808092 0.8677 0.815235 0.808608 0.809583 0.798046 0.809206 0.760373 0.88031 0.892767 0.881028 0.85079 0.807494 0.806062 0.812036 0.919923 0.745045 0.852449 0.807678 0.795026 0.820838 0.843528 0.840897 0.865587 0.799063 0.762543 0.796391 0.802828 0.885261 0.807233 0.81042 0.845695 0.847927 0.764393 0.805366 0.775686 0.890796 0.843299 0.807515 0.819798 0.804958 0.845668 0.900981 0.83701 0.820107 0.850499 0.841268 0.960604 0.837671 0.800366 0.851614 0.807291 0.759821 0.80516 
0.250878 0.249882 0.284121 0.282751 0.278578 0.281248 0.281057 0.243894 0.284213 0.288107 0.28679 0.281451 0.289434 0.283787 0.278879 0.283589 0.276483 0.282793 0.284752 0.278734 0.287265 0.246884 0.320689 0.318846 0.282533 0.251967 0.310018 0.292003 0.28904 0.287228 0.247891 0.285404 0.32195 0.283648 0.281416 0.275923 0.239849 0.250966 0.24668 0.287907 0.305842 0.30617 0.32336 0.254859 0.286016 0.287613 0.242625 0.253123 0.227917 0.280896 0.255622 0.319493 0.254272 0.288474 0.332364 0.280743 0.29014 0.279915 0.249221 0.284669 0.287522 0.313393 
1.62684 1.63991 1.7119 1.70662 1.549 1.58405 1.69467 1.55697 1.5804 1.5162 1.55224 1.7023 1.58642 1.70695 1.57691 1.6883 1.48344 1.56574 1.57975 1.56931 1.61971 1.69781 1.49471 1.65999 1.62524 1.62147 1.58612 1.71018 1.77166 1.4975 1.75583 1.64534 1.68263 1.66633 1.60124 1.72744 1.78908 1.68535 1.70672 1.63506 1.72945 1.64628 1.46121 1.5071 1.65944 1.62078 1.56147 1.61838 1.68593 1.73512 1.59148 1.61374 1.63801 1.701 1.72314 1.67993 1.61513 1.6734 1.71195 1.59158 1.57437 1.70322 
0.311729 0.342446 0.351716 0.340396 0.331479 0.283137 0.344577 0.345876 0.321909 0.282609 0.349461 0.284174 0.337755 0.324224 0.304249 0.30993 0.346918 0.337994 0.311837 0.344872 0.359956 0.318752 0.344962 0.283698 0.3061 0.319194 0.347054 0.308622 0.346468 0.345335 0.345385 0.313524 0.30948 0.313154 0.30867 0.347515 0.303747 0.273564 0.339218 0.27118 0.316762 0.345719 0.305646 0.308803 0.278987 0.309566 0.279384 0.342899 0.283454 0.31372 0.308328 0.342112 0.268822 0.273082 0.348752 0.301785 0.312357 0.318182 0.310297 0.306772 0.348917 0.345149 
0.369091 0.32745 0.289845 0.323119 0.362201 0.326848 0.282718 0.3273 0.294868 0.324117 0.290287 0.326671 0.320324 0.298276 0.327377 0.328176 0.321424 0.330917 0.29186 0.324433 0.328196 0.327804 0.377814 0.292672 0.375664 0.329878 0.374026 0.331021 0.386168 0.325897 0.278294 0.38137 0.323274 0.273499 0.324576 0.329379 0.324187 0.367818 0.333121 0.326525 0.330369 0.363324 0.375927 0.274499 0.379056 0.325812 0.328644 0.323317 0.370636 0.338917 0.366339 0.373704 0.373877 0.326646 0.320409 0.326218 0.325644 0.36361 0.321269 0.367799 0.287682 0.328389 
1.96638 1.81587 1.79309 1.86411 1.90192 1.87208 1.93321 1.89728 1.84289 1.77483 1.84185 1.8816 1.90945 1.91953 1.76272 1.73229 1.87423 1.86821 2.01915 1.92117 1.87644 1.84323 1.84127 1.88076 1.73256 1.9313 1.87766 1.82019 1.8008 1.87005 1.8539 1.85667 1.94395 1.89295 1.90379 1.92861 1.84933 1.73116 1.8905 1.88913 1.91287 1.7414 1.82574 1.85624 1.98893 1.8918 1.82013 1.83056 1.81256 1.80759 1.86844 1.9149 1.77599 1.96066 1.86907 1.84728 1.78999 1.81007 1.86985 1.71234 1.88542 2.05624 
0.173914 0.13991 0.138453 0.1736 0.136336 0.172564 0.171505 0.178932 0.138402 0.137494 0.169302 0.131982 0.183135 0.173793 0.129607 0.131699 0.173801 0.171468 0.143966 0.143395 0.178252 0.13309 0.138128 0.175851 0.177687 0.136555 0.178531 0.133842 0.136127 0.1731 0.1721 0.17239 0.135426 0.134861 0.131383 0.134287 0.174541 0.13525 0.17762 0.125891 0.137311 0.138309 0.17646 0.1696 0.137945 0.176083 0.177525 0.172037 0.128385 0.177324 0.170461 0.173019 0.138801 0.185743 0.173018 0.175264 0.180047 0.132113 0.174244 0.136869 0.135164 0.170851 
1.1032 1.14272 1.17595 1.19917 1.09635 1.24797 1.15977 1.17627 1.18148 1.05037 1.13737 1.16323 1.14812 1.15192 1.03737 1.13163 1.08532 1.10061 1.14406 0.948465 1.14012 1.12885 1.09472 1.20423 1.14292 1.12788 1.17641 1.09801 1.20042 1.15297 1.14875 1.12209 1.18701 1.07414 1.13482 1.09683 1.17687 1.09019 1.14463 1.17702 1.13004 1.16897 1.12231 1.11526 1.16416 1.02708 1.09237 1.04655 1.1922 1.23873 1.24345 1.12621 1.17718 1.09099 1.15012 1.08561 1.11937 1.24255 1.17269 1.14297 1.18814 1.05949 
0.127561 0.0895546 0.092221 0.0929535 0.125491 0.0980617 0.0945064 0.0977245 0.0898308 0.0905429 0.0976259 0.0922428 0.0948304 0.0961136 0.130776 0.129887 0.0901264 0.0892915 0.0959363 0.0957145 0.132763 0.093961 0.0926175 0.0949177 0.129562 0.128273 0.0980523 0.125367 0.135531 0.128463 0.0979045 0.135311 0.0942311 0.0944587 0.0950493 0.0887779 0.098189 0.0992224 0.124032 0.132843 0.0907356 0.0951547 0.0954933 0.0919716 0.0866694 0.0919059 0.0974999 0.0933776 0.0982518 0.0846673 0.126906 0.091475 0.0998544 0.127561 0.125506 0.132811 0.0903438 0.0934257 0.130831 0.128 0.131552 0.0981292 
0.321966 0.293026 0.353869 0.286898 0.28958 0.295846 0.293913 0.294777 0.3457 0.318151 0.288234 0.292854 0.340633 0.32119 0.283236 0.316718 0.262597 0.314039 0.279014 0.295106 0.29131 0.315549 0.316247 0.294267 0.327244 0.287542 0.319948 0.29029 0.314742 0.28915 0.324089 0.264034 0.325207 0.256887 0.295824 0.317207 0.352382 0.317442 0.289821 0.295473 0.258898 0.317419 0.293173 0.3136 0.310899 0.318867 0.293819 0.290275 0.295173 0.328414 0.287441 0.28264 0.289794 0.307664 0.291309 0.296838 0.316184 0.292091 0.350258 0.312357 0.29236 0.292283 
