0.065976 0.000109 0.628604 0.000068 0.000056 0.000035 0.000077 0.000104 0.000051 0.000098 0.010770 -0.056461 -0.000015 0.072976 0.000099 0.000030 -0.000007 0.154185 0.000087 0.000005 -0.000023 0.649441 0.000005 0.117998 0.000040 -0.000058 0.005230 0.000002 0.000053 0.000020 -0.012537 -0.000081 0.021363 -0.000025 0.000108 0.000030 -0.070888 0.060347 0.446468 0.021092
0.068797 -0.000035 0.791746 0.682644 -0.000096 -0.000014 0.000122 0.000012 0.056785 -0.000055 0.000128 0.000107 0.129964 0.000143 -0.000001 0.047712 -0.000016 -0.000145 0.000076 0.000059 0.000039 -0.000035 0.002043 -0.000031 -0.019047 0.000063 -0.000033 -0.000121 0.000146 -0.000000 0.000061 0.000038 0.128883 0.000004 -0.000004 0.000134 0.000028 -0.000074 0.057719 0.416647
0.655134 0.631623 0.285258 0.828807 0.000137 -0.000062 0.004047 0.097060 0.078938 0.127430 0.032568 0.057563 0.000066 0.000017 0.086106 0.000030 0.000120 0.104299 0.000009 0.000128 0.000080 -0.000035 0.000079 0.000043 0.000066 0.002819 0.000065 -0.000004 0.000249 -0.000024 0.055368 0.020080 0.581634 0.000045 0.000065 0.039447 0.008672 0.005239 0.077378 0.331880
-0.000034 0.047615 0.000082 0.000029 0.131335 0.183287 0.000102 0.000025 0.000044 -0.000005 0.000100 -0.000069 -0.000066 0.000047 0.000059 0.000037 -0.000134 0.000023 -0.000023 -0.000021 -0.000005 -0.000047 -0.000062 -0.000057 -0.000102 -0.000142 0.000046 -0.000028 0.000069 0.000015 0.000056 -0.000056 0.000009 -0.000026 0.000026 0.000085 0.000004 0.000069 -0.000094 -0.000128
-0.000100 0.000159 0.000012 0.675425 0.000019 0.636679 -0.000048 -0.000042 0.007130 0.000144 0.000076 0.003669 0.087229 -0.000070 0.001731 0.254962 0.185023 0.000012 0.016991 0.000041 0.000424 0.000047 0.018130 -0.000053 0.000087 0.000031 0.000108 -0.000008 -0.000004 0.002337 0.087933 -0.000023 -0.000011 0.000048 0.010571 0.000042 0.402269 -0.000067 0.145917 0.000006
0.000069 0.000102 0.000054 0.493733 0.466349 0.049469 0.000114 0.426120 0.348433 0.000014 0.000018 0.276230 -0.000057 0.155158 0.309430 -0.000043 0.103781 0.109657 0.000055 -0.000028 0.148825 0.124690 0.000047 0.116393 0.130935 0.035128 0.205868 0.000060 -0.000061 0.405524 0.000017 0.000027 -0.000062 0.000039 -0.000046 0.000091 0.021694 0.003714 0.000055 0.457681
-0.000073 0.043929 0.016189 0.036899 0.088667 0.000021 -0.000005 0.902811 0.770176 -0.045712 0.070212 0.019623 -0.000019 -0.000040 -0.000053 0.000057 -0.000066 -0.122705 -0.000005 -0.000038 0.000030 0.000027 -0.031446 -0.000004 -0.000082 -0.017753 -0.007284 0.000018 0.000084 0.000103 0.058542 -0.000011 0.171292 0.062213 0.000043 0.000124 -0.000143 -0.000076 0.185826 0.057136
0.000033 0.000049 0.003567 0.000054 0.442708 0.562772 0.490367 0.000168 0.307429 0.632722 0.000774 0.000001 0.061241 0.000093 0.105978 0.000105 0.013093 0.000019 -0.000033 0.000057 0.000046 0.025490 0.188950 0.000011 -0.000025 0.084855 -0.000041 0.000028 0.370789 0.276094 -0.000067 0.095289 0.120947 0.000064 -0.000065 0.349882 0.000071 0.190046 0.248363 0.046572
0.023058 0.171092 0.200080 0.000012 -0.000026 0.000016 0.809545 0.737841 0.497405 0.801292 0.775790 0.327366 0.000043 0.000026 0.003711 -0.000044 0.000095 0.000108 -0.000102 0.000057 0.000113 0.000131 0.000029 0.000032 0.000067 -0.000091 -0.000036 0.000026 0.083864 -0.000061 0.104689 0.148591 0.873089 -0.000059 -0.000058 0.000023 0.000082 0.049970 0.011550 0.000018
0.000063 0.000026 -0.000083 0.009124 0.000025 0.000025 0.000097 0.717861 0.625597 0.000067 -0.000011 0.000026 0.186088 0.000128 0.633121 0.168090 0.000046 -0.000053 0.002812 0.000075 -0.000041 -0.000079 0.026601 0.068727 0.000007 0.000018 0.000063 0.000067 0.000011 0.000083 0.000090 0.000120 0.133215 -0.000056 0.148413 0.000088 0.027660 -0.000057 0.540481 0.000047
0.000005 0.011679 -0.034813 0.067596 0.111543 0.137523 0.069368 0.346603 0.662440 0.120292 0.000142 0.571537 -0.014354 0.000019 0.001084 -0.085903 -0.000118 0.000089 -0.019610 0.000031 0.000132 -0.000005 0.000132 0.000004 0.000033 0.000018 -0.091178 0.000018 -0.000044 0.189317 0.000079 -0.000121 0.000126 0.000055 0.749540 -0.000032 0.010479 0.119585 0.000002 0.070188
-0.000003 -0.000047 0.000067 0.000012 0.000020 0.037097 0.000050 0.127037 0.134208 0.024058 0.864535 -0.000014 0.737029 -0.000099 0.029602 0.018984 0.000370 0.000055 0.008407 -0.000013 -0.041587 0.083721 0.000052 0.646239 0.000073 0.053224 0.000027 -0.000123 -0.000073 -0.004990 0.032851 -0.000005 0.780847 0.009115 -0.000037 0.000017 0.026561 0.044493 0.254017 0.000085
-0.000013 -0.000071 -0.000019 0.114309 -0.000037 -0.000029 -0.000035 0.166380 0.042445 -0.008238 -0.000001 0.667004 -0.050290 0.673486 0.931973 -0.000037 0.000027 -0.000070 0.000104 0.000079 0.115402 0.000131 0.000096 0.000118 0.042960 -0.000020 0.184234 0.081991 0.000131 0.000114 0.027369 0.037531 0.000029 0.000078 0.000088 0.000061 -0.000007 0.000042 -0.012408 -0.000002
-0.000079 -0.000049 0.000068 0.000136 0.000004 0.000029 0.000026 -0.000043 -0.000099 -0.000085 0.000130 0.000010 0.711558 -0.000027 -0.000063 0.799418 0.035680 0.000079 0.073451 0.000084 0.000062 0.000084 0.000133 -0.000001 -0.000024 0.000107 0.595487 0.000007 -0.000012 0.000001 -0.000048 0.000006 0.000012 0.010062 0.476183 0.000112 0.000077 -0.000070 0.058924 0.000048
-0.000109 -0.000018 -0.000028 0.121871 -0.000061 0.116190 0.000009 -0.000080 0.059396 0.421519 0.000074 -0.000078 0.291434 -0.021930 -0.000018 0.309714 0.000085 0.000046 -0.000088 0.000062 0.000023 0.000029 0.330913 0.000082 -0.026006 0.046481 -0.044151 -0.000004 0.000103 0.404659 -0.000025 0.080094 0.000041 -0.000051 0.000090 0.000056 0.000041 0.000054 0.092997 -0.000038
0.049771 0.076693 0.042826 0.078472 0.029487 0.040652 0.000080 0.000162 -0.000005 -0.000057 0.000044 -0.000064 -0.000022 0.644862 0.756187 -0.000113 0.570418 0.797690 0.000037 0.000033 0.233366 0.276800 0.000087 0.225771 0.164795 -0.000038 0.252848 0.000102 -0.021018 -0.021106 0.000089 0.000039 -0.000062 0.000032 0.000140 0.000097 0.000138 0.100033 0.088877 0.022476
0.039925 0.081401 -0.000078 0.029914 -0.000015 -0.000060 0.000084 0.023045 0.000141 0.000112 0.018067 -0.018513 -0.000010 0.091098 0.178739 0.431580 0.096377 0.908785 0.598280 0.000050 0.116458 -0.000133 -0.029119 0.232657 -0.000052 0.000108 0.712056 0.115125 0.000025 -0.000053 -0.000016 -0.000072 -0.000106 -0.000047 0.000046 0.000010 0.067544 0.005449 0.094584 0.000097
-0.000014 -0.000050 -0.000021 0.000144 -0.002557 0.055719 -0.000030 -0.000069 -0.000002 0.000034 0.000141 0.000053 0.211666 -0.000088 -0.007976 0.704610 0.345865 -0.000004 0.434314 0.161525 0.000070 -0.000144 0.360462 0.024880 0.000028 0.000152 -0.000021 0.000061 -0.000100 -0.000061 -0.000008 0.000050 0.000028 0.000034 0.000056 0.000003 0.000059 -0.000012 0.213602 -0.000086
0.126539 0.048679 -0.000084 0.053165 -0.000111 0.000116 0.000078 0.000163 0.000071 0.089843 0.000022 -0.024256 0.088780 0.000033 0.015617 0.437881 0.826564 0.896177 0.179427 0.035967 0.863529 -0.058109 0.009571 0.110793 -0.000043 0.674258 0.191861 0.000082 0.000090 0.141052 0.000053 0.000019 0.000056 0.000029 0.067179 -0.000016 0.000003 0.000050 0.183712 0.015542
-0.141998 -0.000008 0.232005 -0.007253 0.000181 0.109489 0.000010 0.000148 0.061337 -0.000154 -0.000001 0.108288 -0.060777 0.013127 0.134305 -0.041595 -0.000060 -0.000038 0.194347 0.058154 0.652660 0.980537 -0.000073 -0.019168 -0.000038 -0.000070 0.000067 0.045952 -0.000011 -0.000029 0.004771 0.030142 -0.141740 -0.000028 0.001161 -0.000035 -0.000031 -0.000063 -0.000062 -0.000080
0.001031 0.000058 0.083452 -0.024969 0.000089 0.106877 0.027066 0.000085 0.168981 0.042426 0.035139 -0.000013 0.036339 0.000022 -0.000032 0.129154 0.115954 0.000038 0.787791 0.859460 0.298779 0.888232 0.851979 0.036863 0.000086 -0.000042 0.017954 -0.000145 -0.000104 -0.000094 0.000042 -0.000044 -0.024254 0.000026 0.000082 -0.000062 -0.000025 0.043391 0.283685 -0.000074
0.718616 0.000003 0.000114 0.000042 -0.000092 -0.000048 -0.000098 -0.000090 -0.000002 0.000040 0.000075 -0.000049 -0.000032 -0.000014 0.067010 0.000088 0.203432 0.115983 0.182625 0.729317 0.550770 0.000040 0.685275 0.576837 -0.000008 0.007019 0.000015 0.143614 -0.000042 0.000002 0.185428 -0.012190 -0.000017 0.065831 0.000050 -0.000078 0.233020 0.077199 0.136050 0.134068
0.003279 0.000007 -0.000140 0.102102 0.139156 0.167744 -0.000037 0.027715 0.000105 0.000106 -0.000048 0.153471 -0.000109 0.333186 0.556634 -0.000031 0.182372 0.082678 0.000089 0.000054 0.267992 0.285941 -0.000033 0.208133 0.256819 0.073516 0.243979 0.000070 -0.000007 0.029100 0.050659 0.040619 0.024576 -0.000080 0.000042 -0.000038 0.135601 0.174833 -0.000066 0.075515
-0.000111 0.000046 -0.000012 -0.000031 -0.000070 -0.000018 -0.000038 0.000018 0.000045 -0.000069 0.000012 0.634559 0.000134 -0.000041 0.111877 -0.005688 -0.000075 -0.040720 0.034674 -0.000041 -0.000084 0.512415 0.681695 0.372316 0.808172 0.625644 0.101542 0.359511 0.011599 0.023941 0.088374 0.000056 0.000056 -0.000009 0.000054 -0.000049 0.000045 -0.000049 -0.015110 -0.006572
0.000076 0.000018 0.000069 0.000061 -0.044423 -0.000148 0.000107 -0.000108 0.000197 0.062185 0.000105 0.078673 0.000043 0.000008 0.000097 0.096277 0.173739 0.111887 0.348368 -0.000005 -0.000043 -0.000106 0.981753 0.883837 0.048260 1.024850 0.120221 -0.000001 0.003869 0.078777 -0.036738 0.000062 0.000049 0.000012 0.811182 0.000079 0.000040 0.000078 0.130164 0.077038
-0.000131 -0.079051 0.000136 -0.000108 0.000122 -0.078228 -0.000090 0.000049 0.000011 -0.055633 -0.000034 0.117513 -0.008457 0.149717 -0.000018 -0.000153 -0.000099 -0.000094 0.530964 0.000067 -0.000027 0.206066 0.268141 0.549482 0.877949 0.337401 0.587669 0.603834 0.043151 0.000131 0.000064 -0.000074 -0.000121 -0.000069 -0.000039 0.000047 -0.000021 -0.044588 -0.070353 -0.010029
0.000167 0.000003 0.000061 -0.000077 0.000948 -0.000080 -0.000011 0.000001 0.000015 0.000037 -0.000046 0.000072 -0.000026 0.650772 0.000117 -0.044532 0.431880 0.000045 -0.000087 -0.000049 0.000117 0.231826 0.557502 0.252902 0.299444 0.485734 0.000090 -0.000034 0.050781 0.070281 -0.000089 -0.000007 0.000105 -0.000037 -0.000079 -0.000046 0.000055 0.092975 -0.000067 0.030473
0.000029 0.115839 0.000056 0.000055 0.000123 0.279772 0.000058 -0.028430 -0.000146 0.043552 0.021321 0.000129 0.000123 -0.004743 -0.000010 -0.000019 -0.031347 -0.000032 -0.000032 0.000017 -0.000031 0.066647 0.097874 0.000021 0.053289 0.876970 0.000133 0.159157 0.723253 0.675449 0.024640 -0.054448 0.000011 0.000003 -0.000050 0.000088 -0.000093 0.043969 -0.000026 -0.000045
0.026356 0.112777 -0.010769 -0.000037 0.000089 0.078157 -0.000038 0.058184 0.000042 -0.011992 0.000094 -0.000029 -0.000061 0.000003 0.109300 -0.000045 0.000036 -0.000047 0.008758 0.000135 0.097723 0.000095 0.000005 0.020140 0.093816 -0.000020 0.075109 0.561268 0.000056 0.000109 0.530169 0.000001 0.000010 0.000031 0.000008 0.000036 0.431593 0.000051 0.058574 -0.000062
0.087727 -0.000048 0.000109 -0.000002 0.038048 0.744086 0.000071 -0.000067 0.000066 0.057452 0.000010 0.107389 0.000016 0.000040 0.687030 -0.000017 -0.000064 0.000031 0.000087 0.043246 0.135150 0.105891 0.094060 0.109489 0.063130 0.176197 -0.000071 0.627212 0.181665 0.202378 0.763608 0.000127 0.000089 0.000092 0.000029 -0.000001 0.073921 0.000055 -0.056237 -0.000010
-0.000120 -0.000020 0.000009 -0.000042 0.000002 -0.000108 0.000091 0.000029 0.089686 0.000033 -0.000040 -0.000002 0.000065 -0.000044 0.035945 -0.000012 0.000089 -0.000077 -0.000013 -0.000005 0.000034 0.000123 0.038767 0.000058 0.000105 0.000042 -0.000042 0.000043 0.380724 0.432444 -0.000056 0.520253 0.092557 -0.000033 -0.000107 0.000077 -0.000103 -0.000112 0.000016 0.000001
-0.000051 -0.000062 0.043292 0.043624 -0.069374 -0.000002 -0.000039 -0.000026 0.000041 0.000027 0.000637 0.000022 0.048010 0.000133 0.000004 -0.000081 -0.000016 -0.000004 -0.000094 -0.000004 -0.000085 0.000029 -0.000059 0.029560 -0.000061 -0.000007 -0.000096 -0.000100 -0.064609 0.000042 0.745722 0.000004 0.701979 0.804036 0.000140 -0.000001 -0.000001 -0.000009 -0.000026 0.000142
0.117765 0.000031 0.563038 0.269171 0.000108 0.000024 0.125130 0.151713 0.464273 0.161485 0.103098 0.608382 -0.000012 0.007837 -0.000006 0.000034 0.004217 0.000061 0.000038 0.000015 0.054360 0.073785 0.113791 0.040746 0.000069 0.013306 0.000005 -0.000068 0.000005 0.070427 0.841875 0.765845 0.403698 -0.000056 -0.000048 0.000156 0.062531 -0.000061 -0.000032 0.156209
-0.021424 0.000089 -0.000074 0.000066 0.000077 0.000008 0.040900 -0.000006 0.050740 -0.000066 0.089199 0.000015 0.011758 0.017520 0.000190 0.000088 -0.000048 -0.000071 -0.067530 -0.085853 -0.000036 0.000022 -0.060355 -0.085484 0.083954 -0.029609 0.000025 0.000112 0.000117 0.000048 -0.000025 0.880785 0.116861 0.111989 0.822800 0.926224 0.175019 -0.000090 0.030233 -0.028073
0.000080 -0.035462 0.000079 -0.006193 -0.000076 -0.005715 0.000063 0.000080 -0.000051 -0.000027 0.899801 -0.000012 0.017249 0.893707 0.000049 0.022798 0.087329 0.017806 0.094591 0.041203 0.041346 -0.000111 0.000014 0.085563 0.884218 0.083011 0.214202 0.015214 -0.000018 -0.062468 -0.000020 -0.000075 0.000050 0.912268 0.304904 0.934371 0.036297 0.000085 -0.000023 -0.000049
0.000134 0.000033 -0.000014 -0.000008 0.000024 0.000018 0.000084 0.000027 -0.000014 0.000057 0.029169 0.000062 -0.000039 0.096782 0.080992 0.000099 -0.013474 0.000114 -0.028558 0.058926 0.000111 0.000005 0.037225 0.086928 -0.000018 -0.009328 -0.000108 0.000122 -0.017223 -0.032257 -0.000021 0.000053 0.000041 0.930712 0.967519 0.113101 0.766266 0.783630 -0.000083 0.100937
0.022422 0.058243 0.098211 0.096983 0.615979 0.224532 0.361047 0.075363 0.208588 0.330847 -0.000025 -0.012348 0.000111 0.000114 -0.000011 -0.000003 0.000144 0.000081 0.000084 0.000135 0.000031 0.000108 0.000096 0.000078 0.000032 0.000035 0.000072 0.000066 0.539228 0.071167 -0.004467 0.013651 0.019724 0.000038 -0.007248 0.712755 0.004773 0.337664 0.517481 0.247788
0.001072 0.090194 0.000132 0.000007 0.082637 0.164013 -0.000021 0.000062 0.180374 0.027898 0.000052 -0.000073 0.042747 -0.000007 0.000041 0.048102 -0.000009 -0.000069 -0.000138 0.000115 0.000078 -0.000022 0.098245 0.000143 0.000080 0.000098 -0.000038 -0.000034 0.131120 0.000134 0.036779 0.056888 0.000029 0.000099 0.150938 0.898474 0.910066 0.387508 0.914537 0.728286
0.228991 0.000050 0.000012 -0.000011 0.000075 -0.000038 -0.000072 0.000048 0.000085 0.058248 -0.000010 -0.000075 0.000031 -0.000030 -0.000059 -0.000067 -0.000055 0.140588 0.000023 0.000080 -0.000042 0.000001 -0.000017 0.000009 0.000020 0.000124 -0.000038 0.000031 -0.000023 -0.000022 -0.000042 -0.000118 0.000071 0.000055 0.000067 -0.000102 0.000077 0.172466 -0.000002 0.000070
0.063931 0.552338 -0.000076 0.013383 0.000054 0.483659 -0.000013 0.026418 0.000039 0.000027 0.000114 0.000052 -0.000088 -0.000019 0.000148 -0.000057 0.099605 0.069510 -0.000018 0.027732 0.219175 0.171219 0.079823 0.070974 -0.000035 0.169977 0.000048 -0.000069 -0.000061 0.000136 0.003131 -0.004974 0.000077 -0.000008 0.032122 -0.000056 0.418056 0.554122 0.746317 -0.000014
