0.065649 0.000159 0.628056 -0.000035 0.000055 0.000093 -0.000030 0.000111 -0.000025 0.000003 0.010823 -0.056190 -0.000024 0.073092 -0.000033 -0.000041 0.000002 0.154443 -0.000032 0.000142 -0.000033 0.648897 -0.000008 0.118127 0.000092 0.000084 0.005288 -0.000056 0.000052 -0.000133 -0.012271 -0.000164 0.021007 0.000129 -0.000063 -0.000102 -0.070434 0.060164 0.445609 0.020908
0.069450 0.000051 0.791141 0.681964 -0.000045 0.000047 0.000056 0.000086 0.056926 0.000118 0.000079 0.000024 0.129861 0.000156 -0.000007 0.047734 0.000107 0.000023 -0.000074 0.000096 -0.000068 -0.000018 0.001792 0.000030 -0.019130 0.000071 -0.000175 0.000014 0.000031 -0.000032 0.000018 0.000010 0.129162 0.000014 -0.000068 0.000079 0.000097 -0.000105 0.057592 0.416087
0.653947 0.630751 0.285418 0.828342 0.000085 0.000067 0.004254 0.097265 0.079181 0.127367 0.032776 0.057429 0.000098 0.000079 0.086204 -0.000022 -0.000023 0.104264 -0.000072 0.000101 -0.000001 0.000034 -0.000098 0.000072 -0.000062 0.002690 0.000044 -0.000054 0.000241 0.000034 0.055396 0.020290 0.581330 0.000001 0.000059 0.039478 0.008419 0.005044 0.077378 0.331742
-0.000085 0.046271 0.000103 -0.000021 0.130127 0.181767 0.000066 -0.000077 0.000056 -0.000005 -0.000009 -0.000133 -0.000054 -0.000032 -0.000008 0.000042 -0.000099 -0.000059 -0.000028 -0.000014 -0.000063 0.000032 -0.000075 -0.000100 0.000056 -0.000110 -0.000033 0.000048 -0.000088 -0.000105 -0.000091 0.000030 0.000010 -0.000091 -0.000068 -0.000021 -0.000089 -0.000021 -0.000006 -0.000134
-0.000040 -0.000007 -0.000015 0.674132 -0.000071 0.635592 0.000046 0.000024 0.007119 0.000006 0.000041 0.003568 0.087068 -0.000021 0.001634 0.254413 0.184967 -0.000090 0.016549 -0.000040 0.000606 0.000110 0.018187 0.000077 0.000131 0.000004 0.000085 -0.000082 0.000015 0.002380 0.087996 -0.000110 -0.000153 0.000067 0.010475 0.000082 0.401478 0.000027 0.146138 -0.000038
0.000000 0.000137 -0.000013 0.492715 0.465548 0.049878 0.000022 0.425075 0.348005 0.000108 -0.000067 0.276131 -0.000041 0.155802 0.309765 -0.000141 0.103968 0.109558 -0.000027 0.000042 0.148649 0.124755 0.000053 0.116285 0.130934 0.035023 0.205371 0.000040 -0.000090 0.404362 0.000150 -0.000015 0.000046 0.000090 0.000069 0.000045 0.021661 0.004067 0.000011 0.456378
-0.000028 0.044122 0.016144 0.036932 0.088365 0.000038 -0.000041 0.902361 0.769776 -0.045256 0.070499 0.019813 0.000024 0.000036 -0.000140 -0.000032 -0.000085 -0.122708 -0.000008 0.000116 -0.000044 -0.000027 -0.030981 0.000072 -0.000126 -0.017414 -0.007200 0.000019 0.000044 0.000110 0.058788 -0.000073 0.171768 0.062635 0.000054 0.000042 -0.000098 -0.000096 0.186090 0.057569
0.000160 0.000149 0.003261 0.000104 0.442574 0.561923 0.489552 0.000074 0.306960 0.631717 0.000841 -0.000081 0.060889 0.000137 0.106049 0.000117 0.013158 0.000081 0.000051 0.000086 0.000097 0.025473 0.188732 0.000019 0.000032 0.084969 0.000078 0.000080 0.370672 0.275985 0.000062 0.095432 0.120643 -0.000070 -0.000018 0.350403 -0.000031 0.189895 0.248512 0.046964
0.023073 0.171331 0.200310 -0.000056 0.000135 -0.000003 0.808837 0.737608 0.497920 0.800634 0.774994 0.327739 0.000018 -0.000001 0.003741 -0.000089 -0.000040 0.000118 -0.000108 0.000010 0.000004 0.000118 -0.000019 0.000047 -0.000057 -0.000017 -0.000099 0.000055 0.083882 0.000031 0.105126 0.149120 0.872644 0.000138 0.000088 0.000113 -0.000009 0.050093 0.011664 -0.000102
0.000077 0.000111 -0.000016 0.009227 -0.000050 0.000018 0.000059 0.716940 0.624531 0.000133 0.000151 -0.000047 0.186256 0.000090 0.632325 0.168415 -0.000074 0.000023 0.002964 0.000024 -0.000047 0.000005 0.026428 0.068764 0.000003 0.000059 0.000145 0.000121 0.000024 0.000021 0.000094 -0.000056 0.133034 -0.000012 0.148424 -0.000059 0.028042 0.000034 0.539654 0.000046
0.000053 0.011703 -0.034657 0.067425 0.111703 0.137793 0.069649 0.347078 0.662113 0.120377 -0.000001 0.570874 -0.014248 -0.000044 0.001394 -0.085974 -0.000119 0.000118 -0.019461 0.000024 0.000110 0.000093 0.000081 -0.000050 -0.000048 -0.000122 -0.090939 0.000016 -0.000025 0.189221 -0.000050 -0.000066 -0.000039 0.000068 0.748795 0.000013 0.010852 0.120089 0.000077 0.070041
0.000057 -0.000028 0.000015 0.000095 -0.000097 0.037168 0.000018 0.127355 0.134442 0.023961 0.863822 -0.000066 0.736541 -0.000049 0.029445 0.018955 0.000280 0.000067 0.008248 0.000117 -0.041304 0.083670 0.000080 0.645872 -0.000004 0.053150 0.000142 0.000036 -0.000092 -0.004651 0.032950 -0.000133 0.780624 0.009237 -0.000073 -0.000013 0.026349 0.044626 0.254454 0.000054
0.000028 -0.000026 0.000006 0.114351 0.000111 -0.000041 0.000057 0.166419 0.042522 -0.007814 0.000003 0.666001 -0.049766 0.672467 0.931111 0.000002 -0.000005 -0.000045 0.000021 -0.000071 0.115295 0.000124 0.000078 0.000071 0.042780 -0.000088 0.184157 0.081906 0.000085 0.000109 0.027402 0.037441 0.000071 -0.000081 0.000110 0.000070 0.000014 -0.000058 -0.012058 0.000071
-0.000068 0.000051 0.000034 0.000033 -0.000053 -0.000091 0.000003 0.000111 -0.000132 0.000040 -0.000030 -0.000085 0.710867 0.000125 -0.000101 0.798918 0.035707 -0.000075 0.073358 0.000084 -0.000055 -0.000019 0.000127 -0.000049 0.000073 0.000048 0.594777 -0.000025 -0.000169 -0.000157 0.000029 -0.000093 -0.000133 0.010339 0.475016 0.000066 0.000083 -0.000040 0.058805 0.000119
-0.000120 0.000007 0.000070 0.121779 -0.000095 0.116239 0.000011 0.000022 0.058855 0.420416 -0.000049 -0.000007 0.290536 -0.021965 -0.000007 0.309126 -0.000009 -0.000124 0.000042 0.000035 0.000092 0.000005 0.330053 0.000043 -0.025933 0.046326 -0.043733 -0.000101 0.000076 0.403488 0.000076 0.079791 0.000076 -0.000048 -0.000037 -0.000033 0.000128 -0.000010 0.092759 0.000146
0.049459 0.076329 0.043063 0.078464 0.029182 0.040176 0.000074 0.000156 0.000081 -0.000086 -0.000085 0.000055 -0.000070 0.644372 0.755653 -0.000129 0.569836 0.797153 -0.000038 0.000004 0.233320 0.277149 0.000024 0.225890 0.165028 -0.000022 0.253254 -0.000031 -0.020694 -0.020607 0.000065 -0.000092 0.000038 0.000095 0.000013 -0.000090 0.000094 0.099788 0.088983 0.022297
0.040072 0.081508 -0.000019 0.029777 0.000029 0.000089 0.000087 0.023149 0.000009 0.000048 0.018148 -0.018052 -0.000071 0.091368 0.179141 0.430803 0.096911 0.908268 0.597209 0.000008 0.117145 -0.000131 -0.028496 0.232711 0.000109 -0.000055 0.711118 0.115144 0.000018 -0.000097 0.000038 -0.000038 -0.000091 0.000046 0.000047 0.000007 0.067256 0.005352 0.095016 0.000057
-0.000033 -0.000007 -0.000017 -0.000002 -0.002271 0.055557 0.000075 0.000077 0.000053 0.000093 0.000088 0.000097 0.211811 -0.000084 -0.007703 0.703939 0.344979 -0.000000 0.433233 0.161697 0.000073 -0.000077 0.360321 0.024804 -0.000029 0.000092 0.000009 -0.000092 -0.000020 -0.000091 0.000049 0.000027 -0.000072 -0.000054 0.000103 0.000020 0.000046 -0.000125 0.213321 0.000014
0.126858 0.048815 -0.000085 0.053454 -0.000072 -0.000040 0.000138 0.000083 0.000121 0.089789 0.000144 -0.024126 0.089022 0.000089 0.015703 0.438538 0.826017 0.896098 0.180231 0.036131 0.862958 -0.057904 0.009876 0.110957 0.000071 0.673790 0.192320 0.000101 -0.000009 0.140775 0.000030 0.000086 0.000081 -0.000069 0.067417 0.000071 0.000041 -0.000027 0.183995 0.015837
-0.141400 0.000151 0.231875 -0.006882 0.000046 0.109492 -0.000066 0.000018 0.061498 -0.000085 0.000041 0.108299 -0.060681 0.013174 0.134584 -0.041242 -0.000031 -0.000120 0.194545 0.058379 0.652230 0.980333 0.000042 -0.018903 -0.000030 -0.000153 0.000044 0.045881 -0.000010 -0.000100 0.004594 0.030300 -0.141466 0.000012 0.001108 0.000063 -0.000139 -0.000151 0.000063 -0.000126
0.000785 0.000066 0.083537 -0.024934 0.000064 0.107169 0.027117 0.000013 0.169181 0.042448 0.035145 -0.000044 0.036284 0.000049 -0.000022 0.129086 0.116104 0.000113 0.787261 0.858971 0.299255 0.887965 0.851728 0.036987 0.000082 0.000018 0.017777 -0.000143 -0.000053 -0.000118 -0.000117 0.000054 -0.024048 -0.000053 0.000014 -0.000017 -0.000095 0.043850 0.283983 0.000026
0.717607 0.000024 0.000121 0.000079 0.000021 0.000087 -0.000022 -0.000025 0.000013 0.000151 -0.000046 0.000132 0.000016 0.000133 0.067083 -0.000015 0.203392 0.115899 0.182999 0.728575 0.550098 0.000050 0.684520 0.576193 0.000043 0.007235 -0.000005 0.143822 -0.000028 0.000003 0.185559 -0.012249 0.000056 0.065989 0.000020 0.000050 0.233022 0.077035 0.135897 0.133894
0.003111 -0.000010 -0.000037 0.102306 0.139398 0.167799 0.000065 0.027692 0.000047 0.000039 0.000063 0.153468 -0.000006 0.333157 0.556068 -0.000112 0.182221 0.082751 0.000026 0.000074 0.267280 0.285432 -0.000050 0.207537 0.256199 0.073401 0.243296 0.000160 -0.000011 0.029086 0.050482 0.040350 0.024375 -0.000017 -0.000043 -0.000061 0.135334 0.174715 0.000080 0.075556
0.000025 0.000020 -0.000099 -0.000055 0.000053 -0.000066 0.000005 -0.000052 -0.000122 -0.000138 -0.000042 0.634018 0.000088 -0.000025 0.111987 -0.005622 -0.000105 -0.040744 0.034713 -0.000010 -0.000089 0.511476 0.681243 0.372481 0.807576 0.625281 0.101446 0.359613 0.011782 0.023683 0.088307 0.000031 0.000016 -0.000046 0.000069 0.000061 0.000064 -0.000126 -0.015325 -0.006325
0.000094 -0.000035 0.000145 -0.000046 -0.044253 0.000022 0.000088 0.000024 0.000107 0.061885 -0.000074 0.078488 0.000013 0.000082 0.000107 0.096320 0.173839 0.112176 0.349008 -0.000002 -0.000140 -0.000110 0.981438 0.883655 0.048715 1.024681 0.120523 0.000048 0.004020 0.078900 -0.036591 0.000098 -0.000073 -0.000051 0.810657 -0.000030 0.000105 -0.000032 0.130327 0.076740
-0.000008 -0.078687 0.000075 0.000016 0.000059 -0.077826 0.000006 -0.000068 0.000035 -0.055247 -0.000008 0.117761 -0.008477 0.149804 0.000033 -0.000096 0.000011 -0.000013 0.530178 -0.000041 0.000069 0.206364 0.268473 0.549177 0.877471 0.337997 0.587142 0.603261 0.042800 -0.000037 -0.000057 -0.000081 -0.000132 0.000072 -0.000004 -0.000032 -0.000063 -0.044155 -0.070354 -0.009781
0.000148 -0.000117 0.000092 0.000080 0.001314 -0.000023 0.000045 0.000025 -0.000051 -0.000036 0.000137 -0.000030 0.000010 0.649909 0.000055 -0.044413 0.430680 0.000015 -0.000082 0.000076 0.000092 0.231766 0.556311 0.252594 0.299074 0.484684 0.000015 -0.000029 0.050814 0.070029 -0.000006 0.000077 0.000024 -0.000001 -0.000014 -0.000031 -0.000056 0.092789 0.000084 0.030398
0.000093 0.115505 -0.000013 -0.000042 0.000009 0.279770 0.000050 -0.028397 -0.000028 0.043455 0.021432 -0.000017 0.000062 -0.004493 0.000021 -0.000105 -0.031081 -0.000034 0.000004 0.000019 -0.000011 0.067053 0.098200 -0.000029 0.053688 0.876640 0.000095 0.159733 0.722682 0.675046 0.024864 -0.054507 0.000081 0.000075 -0.000030 0.000041 0.000064 0.043518 -0.000120 -0.000043
0.026540 0.112405 -0.010402 0.000134 -0.000030 0.077668 -0.000090 0.058079 0.000044 -0.011612 0.000023 0.000057 -0.000145 -0.000049 0.109348 0.000036 -0.000098 -0.000062 0.008612 -0.000034 0.097611 -0.000025 -0.000095 0.019964 0.093521 0.000062 0.075179 0.560109 -0.000021 0.000117 0.529050 -0.000023 -0.000048 -0.000006 0.000050 0.000016 0.430850 -0.000061 0.058302 -0.000004
0.087593 0.000104 0.000099 0.000063 0.038020 0.743510 0.000137 -0.000050 -0.000039 0.057336 0.000035 0.107569 0.000009 -0.000072 0.686268 -0.000030 -0.000141 -0.000017 -0.000017 0.043308 0.135037 0.105922 0.094227 0.109448 0.063189 0.176534 -0.000064 0.626342 0.182137 0.202821 0.762848 -0.000058 0.000096 -0.000072 -0.000053 -0.000069 0.073967 0.000129 -0.055715 0.000128
-0.000019 -0.000017 -0.000014 -0.000063 -0.000097 0.000021 0.000039 0.000124 0.089138 -0.000034 0.000081 -0.000023 0.000047 0.000027 0.035744 -0.000007 0.000043 -0.000080 -0.000096 0.000098 0.000011 -0.000051 0.038186 0.000019 0.000126 -0.000008 0.000021 0.000066 0.379297 0.430838 0.000075 0.518511 0.091214 0.000006 0.000031 0.000072 -0.000149 -0.000072 0.000031 0.000018
-0.000022 0.000071 0.043304 0.043882 -0.068959 0.000029 -0.000013 0.000046 0.000125 0.000003 0.000752 0.000115 0.048092 0.000125 -0.000062 -0.000092 0.000097 -0.000137 -0.000016 0.000045 -0.000010 -0.000076 0.000018 0.029485 -0.000040 -0.000001 0.000041 0.000023 -0.064604 0.000008 0.744844 -0.000048 0.701401 0.803086 0.000071 -0.000054 0.000021 -0.000104 0.000039 0.000167
0.117751 0.000033 0.563146 0.269735 0.000127 -0.000054 0.125746 0.151920 0.463806 0.161963 0.103429 0.607887 -0.000000 0.007834 0.000063 -0.000047 0.004321 -0.000059 -0.000027 0.000131 0.054357 0.073966 0.113874 0.040624 0.000127 0.013385 0.000042 0.000021 -0.000003 0.070585 0.841309 0.765059 0.403984 0.000026 -0.000051 0.000136 0.062675 -0.000053 0.000019 0.156454
-0.021289 0.000005 0.000025 0.000033 0.000043 0.000072 0.041032 0.000049 0.050793 0.000080 0.089472 0.000080 0.011567 0.017726 0.000107 0.000033 -0.000118 -0.000059 -0.067451 -0.085886 -0.000004 -0.000065 -0.060244 -0.085370 0.084107 -0.029380 0.000043 0.000038 0.000004 0.000156 0.000147 0.880405 0.117035 0.112585 0.822390 0.925967 0.175147 -0.000044 0.030220 -0.027481
0.000027 -0.035361 0.000035 -0.006174 -0.000013 -0.005613 0.000044 0.000081 -0.000097 0.000047 0.899340 0.000001 0.017472 0.893296 -0.000060 0.022876 0.087331 0.017843 0.094306 0.041272 0.041369 -0.000032 0.000018 0.085691 0.883995 0.082966 0.214457 0.015258 -0.000121 -0.062183 -0.000001 0.000011 -0.000070 0.911906 0.305795 0.934069 0.036505 0.000018 0.000015 -0.000075
0.000001 0.000042 0.000056 0.000021 -0.000080 0.000007 0.000009 0.000049 0.000053 0.000169 0.029466 0.000154 0.000047 0.097038 0.080985 0.000030 -0.013153 0.000150 -0.028151 0.058922 0.000106 -0.000053 0.037102 0.086796 -0.000027 -0.009181 -0.000137 -0.000048 -0.017003 -0.032185 0.000130 -0.000066 -0.000072 0.930270 0.967295 0.113798 0.765782 0.783015 0.000015 0.100785
0.022254 0.058175 0.097938 0.097314 0.615530 0.224702 0.360903 0.075291 0.208674 0.331004 0.000080 -0.011644 -0.000028 0.000048 -0.000005 0.000064 0.000170 0.000021 0.000001 0.000029 0.000039 0.000074 0.000056 0.000107 0.000080 -0.000002 0.000127 0.000007 0.538791 0.071705 -0.004051 0.014039 0.019907 -0.000094 -0.006813 0.712390 0.004907 0.337032 0.516942 0.247911
0.001290 0.090292 0.000090 0.000010 0.082915 0.164610 0.000075 -0.000035 0.180711 0.028482 -0.000026 -0.000024 0.043111 -0.000082 -0.000021 0.048241 0.000095 0.000057 0.000002 -0.000034 0.000081 0.000035 0.098822 0.000076 -0.000047 -0.000035 0.000076 -0.000027 0.131205 -0.000030 0.036712 0.056998 0.000015 0.000090 0.151268 0.897924 0.909686 0.387866 0.914175 0.727730
0.227649 0.000021 0.000062 0.000017 0.000070 0.000025 -0.000010 -0.000035 0.000045 0.057483 0.000092 -0.000085 0.000015 -0.000013 0.000083 0.000009 0.000003 0.139596 0.000016 0.000050 -0.000045 -0.000022 0.000030 0.000084 0.000010 0.000131 0.000056 0.000076 -0.000047 -0.000044 -0.000114 -0.000061 -0.000010 0.000061 0.000013 -0.000047 0.000132 0.171150 0.000069 0.000122
0.064008 0.551767 -0.000051 0.013518 -0.000019 0.483182 0.000110 0.026763 0.000036 -0.000004 -0.000045 0.000085 -0.000035 0.000065 0.000102 -0.000062 0.099852 0.069688 -0.000002 0.027965 0.219191 0.171205 0.079679 0.071239 0.000078 0.170001 0.000094 -0.000031 0.000040 0.000001 0.003286 -0.004721 -0.000080 -0.000024 0.032332 -0.000013 0.418103 0.553415 0.745500 0.000042
