0.064472 0.000170 0.626774 0.000013 -0.000086 -0.000019 -0.000033 -0.000019 0.000027 0.000126 0.010809 -0.055946 -0.000056 0.073080 0.000055 -0.000134 0.000032 0.154217 0.000065 0.000161 0.000057 0.648164 0.000030 0.118199 -0.000024 -0.000073 0.005454 -0.000046 0.000052 -0.000145 -0.012545 0.000006 0.020628 0.000037 0.000112 0.000012 -0.069463 0.059773 0.443918 0.020578
0.071883 -0.000062 0.790558 0.681357 -0.000134 -0.000126 0.000069 0.000043 0.057006 0.000085 0.000097 0.000007 0.129563 0.000121 -0.000003 0.047178 -0.000003 -0.000115 0.000060 -0.000060 -0.000028 -0.000004 0.001013 -0.000082 -0.019115 0.000079 -0.000182 -0.000116 0.000138 0.000062 0.000093 0.000139 0.128810 0.000130 -0.000017 0.000096 0.000023 0.000000 0.057666 0.415756
0.651821 0.630115 0.285374 0.827660 0.000057 -0.000088 0.004258 0.097350 0.079252 0.127236 0.032870 0.056788 -0.000030 0.000119 0.086236 -0.000022 0.000074 0.103706 0.000019 -0.000064 -0.000108 0.000092 -0.000018 0.000000 -0.000060 0.002291 -0.000079 -0.000097 0.000042 -0.000033 0.054980 0.020648 0.580949 -0.000024 -0.000116 0.039107 0.008242 0.004491 0.077649 0.331439
0.000020 0.042966 0.000119 -0.000041 0.127203 0.177908 0.000079 -0.000107 0.000020 0.000095 -0.000028 -0.000001 0.000004 -0.000056 0.000008 -0.000037 0.000037 -0.000050 -0.000076 0.000057 0.000079 0.000045 -0.000047 -0.000092 -0.000113 0.000055 -0.000089 -0.000036 -0.000091 -0.000152 0.000045 -0.000015 -0.000024 -0.000052 -0.000061 -0.000024 0.000077 -0.000085 -0.000024 0.000010
-0.000009 0.000075 0.000064 0.673109 -0.000046 0.634829 -0.000028 0.000126 0.007610 0.000065 -0.000003 0.003623 0.086399 -0.000067 0.001339 0.252929 0.185055 -0.000065 0.015153 0.000086 0.000779 0.000090 0.018004 0.000044 0.000145 0.000007 0.000143 0.000040 -0.000121 0.003672 0.087735 -0.000080 -0.000121 0.000068 0.010656 0.000025 0.400864 0.000083 0.146720 0.000059
0.000081 0.000002 0.000026 0.490714 0.464944 0.050350 -0.000043 0.423369 0.347743 -0.000072 0.000069 0.276562 0.000007 0.156777 0.310553 -0.000052 0.104089 0.109172 0.000088 0.000067 0.148457 0.124749 0.000035 0.116117 0.130852 0.035285 0.205011 0.000093 0.000105 0.402323 0.000078 -0.000017 0.000082 0.000044 0.000013 0.000045 0.021016 0.003575 0.000015 0.453848
-0.000099 0.044071 0.015639 0.036350 0.087677 -0.000017 0.000062 0.901697 0.769559 -0.044467 0.070617 0.019957 0.000031 0.000065 -0.000005 0.000015 -0.000042 -0.122147 0.000022 -0.000043 -0.000092 0.000013 -0.030478 0.000053 0.000010 -0.017330 -0.007229 0.000069 0.000119 -0.000003 0.059129 -0.000131 0.171909 0.062575 0.000119 0.000003 -0.000138 -0.000091 0.186010 0.057785
0.000053 0.000012 0.002572 0.000004 0.441909 0.559724 0.489314 0.000049 0.306547 0.630071 0.000926 -0.000065 0.060530 0.000128 0.106681 0.000052 0.013696 -0.000035 -0.000032 0.000099 0.000083 0.024972 0.189410 0.000078 0.000124 0.085891 0.000014 -0.000065 0.370255 0.275379 -0.000076 0.095048 0.119979 0.000081 0.000023 0.351647 -0.000021 0.189452 0.248753 0.047064
0.022825 0.171755 0.200393 0.000066 0.000116 0.000165 0.808843 0.737305 0.498647 0.800561 0.774612 0.328304 -0.000058 -0.000043 0.003728 -0.000110 0.000090 -0.000058 -0.000096 -0.000024 -0.000004 0.000107 -0.000029 -0.000013 -0.000020 -0.000047 -0.000120 0.000028 0.083867 -0.000011 0.105494 0.149425 0.872555 -0.000020 -0.000078 -0.000027 0.000027 0.050469 0.011922 -0.000068
-0.000078 0.000077 -0.000081 0.009150 0.000015 -0.000026 0.000089 0.716517 0.623550 0.000120 0.000044 -0.000046 0.186802 0.000063 0.631203 0.168248 -0.000018 -0.000087 0.003199 0.000037 0.000074 -0.000082 0.025471 0.068768 0.000061 -0.000040 -0.000020 -0.000051 0.000062 0.000086 0.000031 0.000110 0.132550 -0.000021 0.149144 0.000076 0.027872 -0.000007 0.538437 0.000052
0.000093 0.011389 -0.034028 0.066695 0.111580 0.137587 0.069590 0.347886 0.661722 0.119957 0.000167 0.570071 -0.013912 0.000043 0.001552 -0.085583 -0.000149 0.000038 -0.018976 0.000036 0.000066 0.000005 -0.000035 -0.000054 0.000034 0.000025 -0.090950 -0.000042 -0.000013 0.188793 0.000092 -0.000136 -0.000035 -0.000005 0.748565 0.000075 0.011307 0.120882 -0.000027 0.069530
0.000076 0.000016 -0.000063 0.000065 -0.000086 0.037349 0.000154 0.127613 0.134420 0.023364 0.863704 -0.000099 0.735692 0.000058 0.029193 0.018737 0.000391 0.000045 0.007586 0.000066 -0.040994 0.083610 0.000028 0.645493 0.000074 0.053435 0.000059 -0.000045 -0.000162 -0.004329 0.033526 -0.000071 0.780221 0.009239 -0.000089 -0.000074 0.025994 0.044600 0.255346 0.000112
-0.000010 -0.000050 0.000033 0.114489 0.000121 -0.000034 -0.000043 0.166876 0.043150 -0.007820 -0.000023 0.665041 -0.049679 0.670485 0.930465 0.000051 0.000003 0.000087 0.000048 0.000046 0.115143 0.000013 -0.000062 -0.000025 0.042743 0.000067 0.184339 0.082411 0.000063 0.000060 0.027899 0.037129 0.000067 0.000091 0.000092 -0.000010 -0.000039 -0.000081 -0.011190 0.000042
0.000091 -0.000081 -0.000091 0.000140 -0.000041 0.000066 -0.000057 0.000023 0.000012 -0.000059 0.000124 0.000044 0.709878 0.000060 0.000051 0.798370 0.035611 0.000057 0.073146 0.000031 -0.000039 -0.000098 0.000048 -0.000045 0.000012 -0.000012 0.593767 -0.000092 -0.000088 -0.000037 -0.000025 -0.000001 -0.000067 0.010039 0.473233 0.000087 -0.000056 0.000028 0.058633 0.000026
0.000039 -0.000083 0.000047 0.121265 -0.000092 0.116831 0.000030 0.000030 0.058252 0.419254 0.000048 -0.000070 0.289482 -0.022266 0.000113 0.307338 -0.000052 -0.000103 0.000003 -0.000076 -0.000071 -0.000062 0.329038 -0.000106 -0.025969 0.046007 -0.043275 -0.000011 0.000093 0.401471 0.000079 0.079243 0.000118 -0.000085 0.000117 0.000037 0.000044 -0.000004 0.092443 -0.000019
0.048596 0.075687 0.043877 0.078692 0.028884 0.039744 0.000097 0.000117 0.000106 -0.000084 0.000092 0.000012 -0.000125 0.643675 0.755107 -0.000156 0.568303 0.797069 0.000032 0.000074 0.233842 0.277827 -0.000005 0.226037 0.165304 -0.000032 0.253572 -0.000015 -0.020386 -0.019902 -0.000098 0.000034 0.000079 0.000072 0.000010 0.000003 -0.000006 0.099240 0.089233 0.022123
0.039368 0.081449 -0.000087 0.029437 -0.000018 0.000070 -0.000075 0.022937 0.000034 0.000109 0.018185 -0.017677 0.000066 0.091740 0.179562 0.428852 0.098296 0.908437 0.594781 0.000100 0.117704 -0.000022 -0.027366 0.232638 0.000114 0.000089 0.710367 0.115761 -0.000021 -0.000136 -0.000078 -0.000124 0.000011 -0.000007 0.000046 0.000093 0.066907 0.004738 0.095453 0.000103
0.000066 -0.000012 -0.000085 0.000089 -0.001749 0.055289 0.000055 0.000061 0.000111 0.000072 0.000040 -0.000015 0.211662 0.000035 -0.007560 0.703145 0.343220 -0.000043 0.431012 0.161790 0.000060 -0.000025 0.360066 0.024613 -0.000002 0.000006 -0.000050 0.000011 -0.000174 0.000019 0.000071 -0.000099 -0.000120 0.000063 0.000020 0.000019 -0.000044 0.000033 0.212623 0.000082
0.127117 0.048777 -0.000007 0.053466 -0.000076 0.000138 -0.000012 0.000103 0.000050 0.089405 0.000012 -0.023701 0.089574 0.000026 0.015764 0.440435 0.825519 0.896475 0.182170 0.036151 0.862720 -0.057573 0.010398 0.111386 -0.000019 0.673515 0.192705 0.000088 0.000061 0.139975 -0.000001 0.000052 0.000081 0.000013 0.067866 -0.000004 0.000118 0.000061 0.184837 0.015858
-0.139467 0.000034 0.231777 -0.006515 0.000148 0.109005 -0.000041 0.000015 0.061453 -0.000166 -0.000101 0.108301 -0.060542 0.013240 0.134585 -0.040210 -0.000047 -0.000075 0.195320 0.058335 0.651645 0.980125 0.000081 -0.018777 0.000072 -0.000026 -0.000044 0.046013 -0.000085 0.000013 0.004675 0.030463 -0.141350 -0.000086 0.001019 0.000080 -0.000040 -0.000046 -0.000051 -0.000062
0.000478 0.000179 0.083592 -0.024761 0.000015 0.107378 0.027078 -0.000036 0.169177 0.042383 0.035386 -0.000058 0.036263 -0.000003 -0.000077 0.128192 0.115771 0.000003 0.786195 0.859062 0.299711 0.887860 0.851908 0.037114 0.000004 0.000125 0.017645 -0.000078 0.000039 -0.000105 -0.000143 -0.000102 -0.023398 0.000031 0.000067 0.000035 -0.000071 0.044549 0.284601 0.000089
0.716014 -0.000053 -0.000016 0.000034 -0.000082 0.000016 0.000012 0.000039 -0.000003 0.000145 0.000045 0.000077 0.000045 0.000127 0.067336 0.000097 0.203600 0.115131 0.183531 0.728109 0.549493 -0.000095 0.683848 0.575558 0.000038 0.007761 0.000045 0.143394 -0.000017 -0.000060 0.185186 -0.012332 0.000032 0.066077 -0.000061 0.000049 0.233130 0.076002 0.135600 0.133473
0.002204 0.000069 -0.000034 0.102756 0.140645 0.168339 -0.000050 0.027940 -0.000027 0.000029 0.000076 0.153532 0.000046 0.334357 0.555572 -0.000158 0.182428 0.082350 -0.000078 -0.000005 0.266749 0.285116 0.000011 0.207275 0.255848 0.074014 0.242861 0.000161 0.000108 0.029853 0.050583 0.040232 0.024810 -0.000057 0.000035 -0.000092 0.135125 0.174269 0.000034 0.076173
-0.000116 -0.000024 -0.000122 0.000024 0.000049 0.000031 -0.000020 -0.000008 -0.000062 -0.000117 0.000101 0.633473 0.000009 -0.000087 0.111785 -0.005758 -0.000025 -0.040474 0.034733 0.000043 0.000018 0.510163 0.680192 0.372414 0.807307 0.624109 0.101148 0.359555 0.011826 0.023110 0.087780 0.000068 0.000029 0.000011 0.000096 -0.000064 -0.000032 -0.000096 -0.015800 -0.006004
-0.000073 -0.000048 0.000017 0.000034 -0.043932 -0.000129 0.000018 -0.000091 0.000117 0.061362 -0.000068 0.077897 0.000111 -0.000019 0.000031 0.096423 0.173866 0.111823 0.349943 -0.000017 -0.000113 0.000063 0.981051 0.883665 0.048749 1.024556 0.120957 0.000014 0.003605 0.078741 -0.035992 0.000081 -0.000104 -0.000007 0.809878 0.000012 0.000028 0.000112 0.130417 0.076304
-0.000018 -0.078182 0.000002 -0.000072 0.000032 -0.077227 -0.000093 0.000079 0.000007 -0.054622 -0.000106 0.118507 -0.008420 0.149820 -0.000032 -0.000138 0.000024 0.000011 0.529232 -0.000019 -0.000001 0.206554 0.269297 0.548696 0.877121 0.338877 0.586357 0.602169 0.042743 -0.000023 -0.000036 -0.000057 -0.000028 -0.000070 0.000049 0.000023 0.000043 -0.042760 -0.070004 -0.009632
0.000167 -0.000088 -0.000045 0.000094 0.002260 0.000029 -0.000040 0.000053 0.000015 0.000056 0.000017 -0.000030 -0.000034 0.648644 0.000027 -0.044062 0.428906 0.000020 -0.000054 0.000066 0.000023 0.231862 0.553423 0.252509 0.299178 0.481797 0.000139 0.000077 0.051226 0.069885 -0.000043 0.000107 0.000141 -0.000006 -0.000009 0.000088 0.000110 0.091732 0.000096 0.030494
0.000022 0.114716 0.000139 -0.000126 0.000082 0.279436 0.000074 -0.028530 -0.000094 0.043325 0.021498 0.000081 -0.000048 -0.004402 -0.000048 0.000045 -0.030821 0.000096 0.000016 -0.000009 0.000081 0.067710 0.098194 0.000028 0.053954 0.875671 0.000001 0.160315 0.722221 0.674940 0.024709 -0.054373 0.000077 0.000030 0.000012 -0.000093 0.000051 0.042320 0.000004 -0.000021
0.028721 0.111817 -0.010169 0.000044 -0.000093 0.077161 -0.000077 0.058173 0.000009 -0.011124 -0.000082 0.000031 0.000019 0.000020 0.109594 0.000106 0.000014 -0.000038 0.008788 0.000142 0.097356 -0.000064 -0.000085 0.019588 0.093207 -0.000104 0.075400 0.557854 -0.000077 -0.000007 0.526547 0.000028 -0.000022 -0.000022 -0.000069 0.000039 0.430240 0.000088 0.057900 -0.000125
0.086445 0.000048 0.000119 -0.000108 0.037604 0.742865 -0.000019 -0.000088 -0.000039 0.056860 0.000140 0.107865 0.000055 -0.000028 0.685626 0.000032 0.000022 0.000065 -0.000026 0.043271 0.134995 0.106000 0.094881 0.109618 0.063051 0.177517 0.000060 0.625152 0.183010 0.203986 0.762234 -0.000049 0.000061 -0.000012 -0.000015 -0.000080 0.073662 0.000039 -0.055566 0.000140
0.000027 -0.000119 -0.000119 0.000041 -0.000116 0.000003 -0.000033 0.000147 0.088490 0.000005 0.000061 0.000084 0.000053 0.000019 0.035910 0.000028 -0.000075 -0.000115 -0.000027 0.000014 0.000122 -0.000021 0.038076 0.000083 0.000115 -0.000006 -0.000033 -0.000009 0.376686 0.427821 0.000057 0.515730 0.088958 -0.000090 -0.000097 -0.000018 -0.000146 0.000021 -0.000035 0.000114
-0.000053 0.000078 0.043366 0.044274 -0.068272 -0.000035 0.000094 -0.000008 -0.000070 0.000013 0.000631 0.000184 0.048938 -0.000013 0.000060 -0.000120 0.000128 -0.000140 0.000054 0.000011 0.000032 0.000074 0.000013 0.029366 -0.000044 -0.000042 -0.000142 0.000028 -0.064638 -0.000049 0.743917 -0.000072 0.700816 0.802821 -0.000040 0.000003 -0.000042 -0.000002 -0.000082 0.000167
0.117363 0.000105 0.563228 0.271177 -0.000063 -0.000048 0.125922 0.152195 0.463060 0.162179 0.103581 0.607290 0.000160 0.007669 0.000031 0.000041 0.004664 -0.000065 0.000034 0.000044 0.054468 0.074192 0.114194 0.040388 0.000105 0.013434 -0.000063 0.000010 0.000093 0.070668 0.840969 0.764571 0.404275 0.000101 -0.000023 -0.000002 0.062433 0.000058 -0.000129 0.157000
-0.020338 -0.000068 -0.000033 -0.000053 -0.000018 0.000076 0.040902 0.000061 0.050901 0.000064 0.089447 0.000073 0.011051 0.018236 0.000117 0.000144 -0.000142 0.000021 -0.067302 -0.085956 0.000025 -0.000053 -0.060194 -0.085524 0.083988 -0.028894 -0.000099 0.000096 0.000046 0.000010 0.000031 0.880341 0.116980 0.112381 0.821474 0.926246 0.175420 -0.000038 0.030075 -0.026687
0.000083 -0.035177 0.000044 -0.006020 0.000019 -0.005515 -0.000019 0.000058 -0.000029 0.000060 0.899309 -0.000126 0.017357 0.892782 -0.000063 0.022591 0.086662 0.017734 0.094159 0.041196 0.041255 -0.000027 0.000141 0.085856 0.884031 0.081805 0.214957 0.015092 0.000041 -0.061460 -0.000018 0.000074 0.000016 0.912019 0.307089 0.934102 0.036590 0.000158 -0.000016 -0.000072
0.000107 -0.000054 0.000080 -0.000033 0.000005 -0.000047 -0.000064 0.000005 0.000051 0.000037 0.029386 0.000043 -0.000051 0.097108 0.080885 0.000129 -0.012026 -0.000027 -0.027819 0.059038 0.000012 -0.000064 0.037110 0.086855 0.000040 -0.008542 -0.000060 0.000090 -0.016758 -0.032209 0.000109 -0.000051 -0.000046 0.930416 0.966464 0.113773 0.765262 0.782131 0.000091 0.100741
0.021668 0.058009 0.098140 0.097496 0.615004 0.225123 0.361249 0.075592 0.208638 0.331782 0.000148 -0.011328 -0.000036 -0.000041 0.000100 0.000034 0.000179 0.000015 -0.000105 0.000057 -0.000071 0.000129 -0.000001 0.000083 0.000053 0.000020 0.000062 -0.000068 0.538416 0.071915 -0.004091 0.013833 0.019888 -0.000116 -0.006967 0.711585 0.005057 0.336128 0.515941 0.248221
0.001287 0.090356 0.000154 0.000043 0.082995 0.165688 0.000059 0.000090 0.181564 0.029365 0.000146 0.000077 0.043698 0.000017 0.000068 0.048462 -0.000038 0.000030 -0.000039 0.000159 0.000022 0.000041 0.099291 0.000140 0.000055 -0.000020 0.000065 0.000068 0.131084 0.000086 0.036471 0.057114 -0.000033 -0.000028 0.152037 0.897415 0.909622 0.388888 0.913859 0.727488
0.223224 0.000029 0.000069 0.000070 0.000115 -0.000061 0.000041 -0.000103 -0.000076 0.056013 0.000066 -0.000046 0.000075 -0.000062 0.000037 0.000023 -0.000004 0.137428 -0.000001 0.000019 -0.000022 -0.000015 -0.000030 0.000042 0.000020 0.000020 0.000076 -0.000082 0.000036 0.000030 0.000070 0.000025 0.000092 0.000080 -0.000006 -0.000062 0.000051 0.166761 -0.000008 0.000181
0.063666 0.552163 -0.000055 0.014223 -0.000025 0.482929 0.000120 0.027090 0.000136 0.000006 0.000104 -0.000013 0.000038 -0.000046 0.000036 -0.000034 0.100387 0.069472 0.000075 0.028072 0.219072 0.170980 0.079100 0.071534 0.000050 0.170166 0.000141 0.000031 -0.000124 0.000066 0.004080 -0.004507 -0.000078 0.000103 0.032210 -0.000021 0.419069 0.553268 0.744203 0.000045
