0.580195 0.424564 0.176951 0.366740 0.435478 0.418510 0.449737 0.481649 -0.000000 0.000570 0.411598 0.288916 0.468020 0.001329 -0.000581 0.000398 0.000904 0.450701 0.000443 0.001209 -0.000562 0.440627 -0.000553 0.000516 -0.000955 -0.000525 0.000387 0.000415 -0.001184 0.000616 -0.000841 0.000711 0.000559 -0.000236
0.629990 0.090094 0.706350 0.903917 0.001517 0.000578 -0.000061 0.846959 -0.000434 0.000128 -0.000496 0.001305 0.000905 0.564883 -0.001370 -0.001200 0.000435 0.736710 -0.000283 0.517576 -0.000467 0.727212 0.000289 0.000261 -0.000076 -0.001649 -0.000139 -0.000237 -0.000213 0.000140 0.376861 -0.000970 -0.001061 0.000104
1.197418 0.984879 0.126148 0.841960 0.000740 0.001084 -0.000248 0.745331 0.744946 0.580548 0.000907 0.000259 -0.000195 0.781550 0.000952 -0.000655 0.000263 0.000718 -0.000128 0.000438 -0.000031 0.001505 0.000506 -0.000436 0.000569 -0.000913 0.000410 0.382851 0.556640 0.000347 0.001011 -0.000717 0.550825 0.246555
0.719802 1.030897 1.017641 0.000569 0.001361 -0.000208 0.000572 1.012178 0.001327 0.000648 0.000487 0.000708 0.786944 1.027968 0.000095 -0.000361 0.000512 0.001601 -0.000926 0.000135 -0.000463 0.001667 -0.001089 -0.000142 0.000439 -0.000564 -0.000381 0.000940 -0.000059 0.000219 0.000466 -0.000413 -0.000775 -0.000210
0.817038 0.001469 -0.000072 0.000540 0.000818 0.000989 0.720731 0.000401 0.001577 0.000205 0.751771 0.001107 0.000822 -0.000265 -0.000360 0.000489 -0.000233 0.000753 0.000779 0.000208 -0.000120 -0.000585 0.000849 0.001114 0.001254 0.000148 -0.000158 0.000891 0.000622 0.001410 0.000530 0.000584 0.001251 0.001024
0.637655 0.001213 0.000163 0.000879 -0.000051 0.000242 0.961868 -0.000415 0.000383 -0.000302 0.862260 0.001437 0.001350 -0.000681 -0.000725 0.000819 0.746489 -0.000103 0.000482 -0.000028 -0.000866 0.000081 0.000630 -0.000582 0.000632 0.000076 0.000576 -0.000761 0.000119 -0.000196 0.000063 -0.000523 -0.000008 0.000566
1.141594 0.001375 -0.000172 0.000627 0.808435 0.836594 -0.000078 0.000729 0.000464 -0.000060 0.000963 0.000463 -0.000031 0.000208 0.000782 0.000410 0.769444 0.001337 0.000815 0.000717 0.000544 0.000666 0.000034 0.001016 0.000567 0.000607 0.000839 0.000686 0.000849 -0.000114 0.000561 0.001189 0.000836 0.000130
1.153577 1.023031 0.749574 0.890908 0.001601 0.001152 -0.000074 0.001341 -0.000270 0.001245 0.000765 0.000957 0.001020 0.001559 -0.000792 -0.000901 0.000470 0.000046 0.000691 0.000853 -0.000607 0.001508 -0.000438 -0.000600 0.000268 0.000319 0.000467 0.000738 0.000879 -0.001226 -0.000250 -0.001055 -0.000698 0.001347
0.694675 0.001264 0.924346 0.000657 -0.000038 0.000632 0.000468 -0.000201 -0.000281 0.000990 0.001068 -0.000347 0.001120 0.000502 0.000289 0.000003 -0.000777 0.000429 -0.000432 0.001280 -0.000408 -0.000499 0.001123 0.001137 -0.000447 -0.000538 0.000119 0.001077 0.000313 0.000394 0.788996 0.000826 0.779933 0.729900
-0.000343 0.000563 0.575945 -0.001194 -0.001275 0.000589 0.000274 -0.000153 -0.000241 0.001350 -0.000303 -0.001360 0.000374 0.000972 -0.000308 -0.000154 0.000194 -0.000018 0.001253 0.000767 0.001383 -0.001287 0.000568 -0.000285 0.000028 -0.000600 -0.000303 0.001803 0.000761 -0.000097 0.000112 0.000258 0.000538 0.998783
0.704234 -0.000199 -0.000194 0.001246 0.912948 0.919551 0.001299 0.000986 -0.000049 0.000352 0.000445 0.000917 0.000818 -0.000258 -0.000777 0.000661 0.001537 -0.000402 0.000827 -0.000119 0.000094 0.000695 -0.000725 -0.000300 0.000161 -0.000738 -0.000807 0.000152 0.000348 -0.000261 -0.000731 0.000208 -0.000510 -0.000242
0.628311 0.121889 0.032495 0.126313 0.085045 0.116952 0.085731 0.000728 0.000659 0.000347 0.098317 0.000163 0.000496 0.000031 -0.000854 0.000824 -0.000623 0.000267 -0.000616 0.001139 -0.000295 0.000245 -0.001016 0.000673 -0.001151 0.000387 0.000446 -0.000003 -0.000015 -0.000721 -0.000966 -0.000058 -0.001251 -0.000482
1.117450 0.000396 0.001198 1.016327 -0.000171 0.001120 0.001379 0.013022 0.000005 0.000395 0.001691 0.001184 0.000459 0.001014 -0.000991 0.000671 0.000542 0.000091 -0.000388 -0.000051 -0.000841 0.001667 -0.000668 -0.001128 -0.000385 -0.000330 0.000425 0.000735 -0.000073 -0.001102 0.001101 -0.000615 0.000463 -0.000284
0.783280 0.657302 0.828257 0.765513 -0.000142 -0.000254 0.000883 -0.000063 0.000432 0.000879 -0.000223 -0.000008 0.000414 0.000605 -0.000041 0.000604 0.000579 0.001179 0.000275 -0.000298 0.000493 0.001032 -0.000574 -0.000372 0.000587 -0.000714 -0.000493 0.000695 -0.000443 -0.000327 -0.000055 -0.000803 -0.000820 0.533194
0.001255 -0.000097 0.000148 -0.000147 0.000626 0.000864 0.000896 0.000817 0.000843 -0.000102 -0.000212 0.000974 0.000003 0.001098 -0.000024 0.001213 0.000837 -0.000788 0.001245 -0.000040 0.000018 0.000332 0.000571 0.001179 0.001172 0.000462 0.000019 0.064143 -0.000271 0.143693 0.001050 0.159553 0.587238 0.882498
0.001614 0.001202 0.000489 0.000884 -0.000054 0.000459 0.000553 -0.000544 0.001777 0.000023 0.000969 0.000181 -0.000701 -0.000258 0.000880 0.000108 -0.000840 0.000557 0.001789 0.000523 0.001547 -0.000220 0.000962 0.000034 0.000803 0.001748 0.001227 0.000371 0.087974 0.000697 0.001712 0.000621 1.241420 1.278494
0.000399 0.000051 -0.000373 0.001376 0.001781 0.869125 0.861975 -0.000077 0.000783 0.000738 0.000500 0.000801 0.000839 0.000402 -0.001134 -0.000826 0.000895 0.000750 0.000828 0.000952 -0.000946 -0.000292 -0.000625 -0.000005 0.000665 -0.000121 -0.001082 0.001205 0.000485 0.000818 -0.000266 -0.000527 0.000695 0.000235
0.856313 0.838162 0.213458 0.043713 -0.000020 0.000252 0.000076 0.018048 -0.000205 -0.000677 0.001386 0.000338 0.001163 0.036102 -0.000873 -0.000154 0.000218 0.000911 -0.000756 0.000770 0.000278 0.051447 -0.000476 0.000662 -0.000794 -0.000526 -0.000347 -0.000218 0.000431 -0.000916 0.001307 0.000604 0.000003 0.000654
-0.000438 0.001208 -0.000298 0.000649 0.000335 0.000434 -0.000009 0.000510 0.001451 0.001842 -0.000915 0.000218 -0.001232 0.000085 0.000078 0.000006 -0.000950 0.000200 0.000591 0.000729 0.001204 -0.000169 0.000392 0.000395 0.001117 0.000280 0.000768 0.210742 0.003244 0.040748 0.000903 0.001242 1.124363 1.076492
0.555289 0.696767 0.001041 0.001011 0.000221 -0.000635 -0.000251 0.001242 0.000027 -0.000365 0.000409 0.000400 0.000894 0.001234 0.000284 0.000985 0.000193 0.001015 -0.000885 -0.000080 -0.000950 0.000605 0.000969 -0.000169 -0.000954 -0.000131 -0.000732 -0.000833 0.000878 -0.000870 -0.000194 0.000427 -0.000781 0.301626
0.000620 0.000273 0.000072 0.000192 -0.000994 0.000466 -0.000263 0.000512 0.001497 0.001719 -0.000037 -0.001179 0.000232 0.000702 0.001153 0.000541 -0.000704 -0.000197 -0.000073 -0.000201 0.001275 0.000346 0.001781 0.000139 0.000309 -0.000082 0.000467 0.049205 0.000139 0.000667 0.001459 0.000712 1.373430 1.091340
0.876910 0.908357 0.087352 0.041097 0.000256 0.000729 0.000208 0.001676 -0.000160 -0.000311 0.001282 0.000646 0.001626 0.000445 -0.001159 -0.001024 0.000925 0.017636 -0.000539 0.001781 -0.001131 0.000065 -0.000319 -0.000929 0.000509 -0.000865 -0.000881 0.000001 -0.000699 0.000390 -0.000390 -0.000616 -0.000789 0.000019
0.001391 0.000449 0.143583 0.000404 -0.000876 -0.000077 0.000672 0.000362 0.042450 0.000131 -0.000528 0.000289 -0.000283 0.000518 0.001320 0.001632 0.000936 0.000763 0.000018 0.000981 0.001154 -0.000476 0.000006 0.000199 -0.000275 -0.000299 0.001289 0.000201 0.001532 0.001006 0.017865 0.046006 0.853529 1.018794
-0.000454 0.000476 -0.000291 -0.000160 -0.000028 -0.001020 0.000193 0.000125 -0.000229 0.000986 -0.000780 -0.000132 -0.000335 -0.000107 0.000819 0.001357 -0.000925 -0.001070 0.000493 -0.000653 0.000777 -0.001497 0.000041 0.000057 0.000072 0.745227 0.000725 0.661806 0.000283 0.793959 -0.001077 0.000931 0.584388 0.466070
0.001037 0.000795 0.001601 0.000855 -0.000584 0.000199 0.000967 -0.000852 0.001090 0.000467 -0.000441 -0.000563 -0.000515 -0.000396 0.000805 0.001282 0.000398 0.000823 0.001343 0.001240 0.000969 0.000310 0.000872 0.001068 0.001340 0.807463 0.000838 0.542869 0.001258 0.000661 -0.000854 0.885135 0.000066 0.000309
0.000266 -0.000783 0.000870 -0.000719 -0.000383 0.000178 0.001005 -0.000215 0.000486 0.000066 0.000714 -0.000141 0.000222 -0.000699 0.001068 -0.000088 -0.000527 0.000307 0.000969 0.000687 0.000905 -0.000886 -0.000386 0.740013 0.760654 0.001193 0.000970 0.000591 -0.000337 -0.000252 -0.000414 0.766067 0.001444 0.001050
-0.000319 -0.001147 0.001103 0.000228 -0.000249 0.000196 -0.001020 -0.000874 -0.000177 0.001605 0.000060 -0.001378 -0.000797 -0.000192 0.001118 0.000771 -0.000343 -0.000986 -0.000148 0.000718 0.000667 0.000304 0.001019 0.000398 0.000473 0.000193 0.000261 0.088902 0.000418 0.818245 0.000455 -0.000094 0.106557 0.851401
0.000279 0.001036 0.665195 -0.000421 -0.001323 -0.000517 0.000316 -0.000453 0.000722 0.000451 -0.000662 -0.000163 0.000224 0.001196 0.000559 0.000985 0.000732 -0.000306 -0.000470 0.001294 0.000058 -0.000324 0.000513 0.813663 0.693945 0.000550 -0.000061 0.000774 0.001019 0.001357 0.000867 0.001524 0.000624 0.882252
-0.000221 -0.000128 0.653314 0.000633 -0.001093 0.000022 -0.000111 -0.000408 0.001571 0.001080 -0.000516 -0.000160 0.000042 -0.000070 -0.000205 -0.000077 -0.000702 -0.000037 0.000562 0.000560 0.001560 -0.000331 0.000078 0.000691 -0.000071 -0.000055 0.000511 0.001732 0.001169 0.000295 0.001387 0.802804 0.132918 0.656090
-0.000357 -0.000632 0.001229 0.000350 -0.000269 -0.000180 -0.000433 -0.000952 0.001327 0.000320 0.000603 -0.000451 -0.000412 -0.000266 -0.000198 0.001546 0.000405 -0.001040 0.000102 -0.000684 0.000047 -0.001006 -0.000332 0.944265 0.001505 -0.000115 0.755775 0.000517 0.000846 0.000264 -0.000255 0.000992 0.809576 0.947416
-0.000039 0.568076 0.000704 -0.000627 -0.000394 -0.000008 0.000977 -0.000664 0.864324 0.000103 0.000452 0.000984 0.000927 0.000964 0.000620 0.001055 0.000767 -0.000355 0.000970 0.001525 0.000085 0.000884 0.000037 0.000624 0.000863 0.000954 0.000714 -0.000236 0.001064 0.001141 0.001842 0.000120 0.752221 0.583329
0.514793 -0.000129 -0.000173 0.000515 0.000938 -0.000028 0.000110 -0.000703 0.001606 0.001068 0.000573 0.000680 -0.000186 -0.000077 0.000345 -0.000248 0.000170 0.000753 0.000150 -0.000824 -0.000374 0.000513 0.000630 0.000769 0.751262 0.804288 -0.000273 0.073819 0.718436 0.001440 -0.000364 0.001110 0.656017 0.691681
0.120090 0.137170 1.055990 0.000799 -0.000253 0.000882 0.001197 -0.000073 1.486083 0.000398 0.001636 0.001110 0.001216 0.509601 0.675677 0.682629 0.000659 0.000872 0.684159 0.476196 0.687720 0.000981 0.684222 0.811206 0.000493 0.000118 0.000358 0.104173 0.001731 0.640405 0.938608 1.389792 0.182188 1.197558
-0.000949 0.000786 0.000656 -0.001657 -0.000981 -0.000858 -0.000387 -0.001454 0.052699 0.558389 0.000294 -0.000444 0.000160 -0.000082 0.825493 0.819023 -0.001260 0.000008 0.817307 0.001214 0.812912 -0.000261 0.828544 0.926273 0.000439 0.001555 0.788952 0.390467 0.576838 0.955895 0.367446 0.004047 0.715750 0.194793
