0.588227 0.415712 0.170162 0.351819 0.419694 0.404199 0.435177 0.461546 0.000462 0.000207 0.396141 0.262172 0.447431 0.001389 -0.000583 -0.001127 0.001273 0.429705 0.000713 0.000226 -0.000180 0.419880 0.000053 -0.000845 0.000660 -0.000198 -0.000421 -0.000523 0.000064 -0.001064 -0.000705 0.000617 -0.000642 -0.000351
0.622314 0.093137 0.695104 0.897834 -0.000259 0.000411 -0.000466 0.842843 -0.000581 -0.000718 0.000647 0.000889 0.001389 0.554245 -0.001220 -0.001025 0.000262 0.725959 -0.000259 0.499732 -0.000463 0.716573 -0.000899 0.000541 -0.001166 -0.000875 -0.000425 0.000090 -0.000343 -0.000684 0.357662 -0.000838 0.000217 -0.000152
1.197747 0.980557 0.128127 0.835552 -0.000370 -0.000031 0.001108 0.737086 0.733588 0.564840 0.000980 0.000261 0.001278 0.774607 0.000732 0.000407 -0.000006 -0.000248 0.000711 0.000690 -0.000717 0.000164 -0.000873 -0.000108 0.000502 -0.001061 -0.000582 0.362079 0.539846 0.000893 0.001186 0.000757 0.535156 0.247653
0.710051 1.029203 1.014007 0.000687 0.000177 0.001138 -0.000602 1.010194 0.000239 0.000949 0.000805 0.000415 0.777667 1.025009 0.000399 0.000059 -0.000809 -0.000044 -0.000673 -0.000141 -0.000352 0.000490 -0.000233 -0.000354 -0.000814 -0.000581 -0.000413 0.000990 0.001065 -0.000077 0.001778 0.000550 -0.000818 0.000171
0.808168 0.001181 0.000741 0.001362 0.000433 0.000999 0.710528 0.001031 0.001387 -0.000904 0.742752 -0.000021 0.000468 0.001189 0.000263 0.000481 -0.000333 -0.000270 0.000798 -0.000102 0.000551 -0.000166 0.000391 -0.000054 0.000414 0.001293 -0.000660 0.001061 0.000942 0.001211 0.000340 0.000222 -0.000057 -0.000068
0.627493 -0.000348 0.000421 0.001451 0.000180 0.000148 0.959051 0.001371 -0.000532 -0.000259 0.855381 -0.000150 0.001243 -0.000348 -0.001127 0.000625 0.737142 0.000418 0.000221 0.000450 -0.000978 -0.000195 -0.000720 0.000445 0.000942 -0.000511 -0.000154 -0.000481 0.000242 0.000748 -0.000862 -0.000545 0.000423 -0.000154
1.143515 0.000855 0.000631 0.000119 0.801438 0.830348 0.001349 0.001051 0.000874 0.000426 0.000205 0.001374 -0.000418 0.000061 0.000760 -0.000530 0.760894 0.001366 -0.000198 -0.000667 0.000516 0.000610 0.000690 0.000859 -0.000727 0.000480 0.000304 -0.000297 0.000678 -0.000401 -0.000449 0.000322 0.000204 0.000680
1.154557 1.023050 0.742531 0.886657 0.000568 0.000264 -0.000273 0.000059 -0.000132 0.001054 0.001356 0.001356 0.000021 0.000770 -0.000732 0.000457 -0.000965 0.000204 -0.000206 0.000151 -0.000584 0.000050 0.000552 -0.001009 -0.001214 -0.000927 -0.001094 0.000041 -0.000324 0.000017 0.000308 0.000849 -0.001095 0.001257
0.688527 0.000234 0.920989 0.001168 0.001062 0.000900 0.001048 -0.000436 0.000321 0.001324 -0.000280 -0.000619 0.000548 0.000603 0.000806 0.001131 -0.000463 -0.000047 0.000659 0.000183 0.000403 -0.000274 0.000967 -0.000120 -0.000785 -0.000450 0.000184 0.000570 0.000244 0.000385 0.782142 0.001495 0.773767 0.722893
0.001417 -0.000360 0.567844 -0.000868 -0.000698 -0.000919 0.000036 -0.000157 0.001075 0.001593 -0.000591 -0.000631 0.000337 0.000782 0.000908 0.000581 0.000214 -0.001346 0.000018 0.000327 0.000475 -0.000603 0.001341 -0.000052 0.000976 0.000504 -0.000374 0.001919 -0.000040 -0.000023 -0.000041 0.000872 0.000113 0.993125
0.696526 0.000801 0.001434 -0.000213 0.909245 0.917045 0.001191 -0.000114 0.000181 -0.000787 0.001229 0.000857 0.000067 0.001217 -0.000978 0.000065 0.000101 0.000501 0.000077 0.000775 0.000061 -0.000266 -0.001063 -0.000961 -0.000147 0.000999 -0.000425 -0.000439 0.000436 -0.000019 0.000093 0.001166 -0.000238 0.000584
0.631060 0.119979 0.029282 0.120975 0.080548 0.111589 0.080349 0.001439 0.001411 -0.000912 0.092781 0.001666 0.000050 0.000365 -0.001015 0.000675 0.000190 0.001335 -0.001000 0.001167 0.000071 0.001340 -0.000484 -0.000518 -0.000564 -0.000286 -0.000887 0.000270 -0.000095 0.000056 -0.000989 0.000962 -0.001089 -0.000616
1.117575 0.001059 0.001040 1.015214 0.000409 0.001015 -0.000269 0.011636 0.000120 0.000188 0.001165 0.001417 0.000165 0.001464 -0.000989 0.000448 0.001081 0.000045 -0.000840 -0.000217 -0.000566 0.001246 -0.000319 -0.000919 -0.000167 0.000366 -0.001371 0.000990 -0.000877 -0.001087 0.001206 -0.000718 -0.000952 0.000470
0.777838 0.648157 0.822174 0.758505 -0.000715 0.000594 0.000266 0.000477 0.001471 0.000331 -0.000381 -0.000047 -0.000314 0.000682 -0.000696 -0.000027 -0.000060 0.001295 -0.000522 0.000831 -0.000547 0.000130 -0.000934 0.000543 0.000627 -0.000885 -0.000686 0.000231 0.000545 0.000703 0.000098 0.000546 0.000784 0.522504
0.000721 -0.000221 0.000797 -0.000953 -0.000329 -0.000762 0.000572 -0.000136 0.001800 0.000006 0.001308 0.000873 0.000492 0.000414 0.001809 0.001147 0.000380 0.000252 0.001266 0.001212 -0.000065 0.000582 0.000548 0.000641 0.001269 0.000524 0.000526 0.067237 0.000591 0.149786 0.000426 0.166257 0.582171 0.885542
0.000884 0.000928 0.000239 -0.000122 -0.000528 0.000589 0.000076 0.000401 0.000690 0.001530 0.000661 -0.000248 0.000334 0.001614 0.000337 0.001496 0.000370 -0.000796 0.001099 0.001059 0.000725 -0.000931 0.000498 0.000073 -0.000332 0.000882 0.000271 0.000279 0.089861 0.000514 0.000382 0.001522 1.242852 1.277020
0.000056 0.000746 0.000611 -0.000118 0.001643 0.862981 0.856951 0.000762 0.000470 -0.000158 0.001352 0.001178 0.001448 -0.000327 -0.000360 0.000295 -0.000079 -0.000257 -0.000246 0.000613 0.000106 0.000587 -0.000403 0.000902 0.000417 -0.000684 0.000133 0.000781 -0.000138 -0.000217 0.000479 0.000636 0.000391 -0.000275
0.847294 0.830531 0.215899 0.045722 0.000998 0.000547 -0.000004 0.017298 0.000198 -0.000047 0.000708 0.001712 0.000824 0.034240 -0.000834 -0.000378 -0.000584 0.001037 -0.001196 0.001556 0.000445 0.051494 -0.000975 0.000412 -0.001042 -0.000249 -0.001111 -0.000798 -0.000757 -0.001116 0.000065 0.000794 -0.001327 0.000552
-0.000280 0.000292 0.000473 0.000677 -0.000041 -0.000917 0.000731 -0.000553 0.001492 -0.000100 -0.000872 0.000649 -0.000111 0.000207 0.001420 0.001506 -0.000733 -0.000995 0.000157 -0.000303 0.000470 -0.000800 0.001680 0.000663 -0.000262 0.001596 0.001734 0.214154 0.004868 0.044453 0.000033 0.001070 1.132607 1.079480
0.547861 0.692129 0.000188 0.000638 -0.000010 0.000623 0.000641 0.001300 0.000916 0.001115 -0.000484 -0.000026 0.000839 -0.000106 -0.000417 -0.000485 -0.000291 0.000773 -0.000496 -0.000532 -0.000019 0.000137 -0.000166 -0.000062 -0.000875 -0.001150 0.000002 -0.000538 -0.000301 0.000321 -0.000116 0.000065 0.000112 0.289328
0.000126 -0.000086 -0.000024 0.000523 0.000635 -0.000222 0.000099 -0.001364 0.000362 0.000814 -0.000756 -0.000833 -0.000763 0.000817 0.000697 0.001782 0.000374 -0.000611 0.001193 0.001264 0.000647 -0.001169 0.001098 0.001666 0.000614 0.001010 0.000910 0.053706 0.001139 0.000593 0.000355 0.000409 1.378322 1.096721
0.871903 0.902077 0.088024 0.043851 0.001424 0.001408 0.000997 0.000171 0.000749 -0.000038 0.000461 0.001429 0.000002 -0.000130 0.000317 0.000650 0.000423 0.017168 -0.001040 0.001762 0.000504 0.001390 -0.000611 -0.000452 0.000391 -0.000409 -0.000423 0.000197 0.000337 0.000201 0.000353 0.001083 0.000155 0.000176
0.001081 0.000319 0.148582 0.000216 -0.000272 0.001142 0.000009 -0.000040 0.045877 -0.000092 0.001079 -0.000116 0.000311 0.001422 0.001809 0.000086 -0.000562 0.000919 0.000377 0.000927 0.001455 -0.000664 0.001172 0.000508 0.000168 0.001070 -0.000042 0.001161 0.001070 -0.000142 0.019963 0.048467 0.848447 1.017729
-0.001034 0.000175 -0.000203 -0.000948 0.000610 0.000243 -0.000012 -0.001259 0.000186 0.000227 0.000598 0.000245 -0.001428 -0.000847 0.000772 -0.000425 0.000707 -0.001541 0.000799 -0.000181 0.000863 -0.001497 0.000535 0.001255 0.001143 0.736563 0.001248 0.651151 -0.000298 0.787686 0.000007 0.000551 0.571223 0.453510
0.000489 0.001099 0.000337 0.000238 -0.000848 -0.000669 0.001125 -0.000486 0.000652 -0.000954 0.000628 -0.000237 0.000907 0.000657 0.000174 0.000054 0.000671 0.000591 -0.000026 -0.000500 0.001252 -0.000737 0.000974 0.000751 0.000275 0.799946 -0.000318 0.528987 0.001350 -0.000265 0.000284 0.881789 0.000126 0.000690
0.000957 -0.000887 0.000270 -0.000107 0.000977 0.001279 0.001058 0.000551 -0.000311 -0.000539 0.000052 0.000075 0.000382 0.000643 0.000223 0.000387 0.000018 0.000423 -0.000632 -0.000306 0.000509 -0.000530 0.000973 0.731423 0.750677 0.000254 -0.000348 0.000617 0.000113 0.000715 0.000362 0.758343 0.001304 0.001323
0.000280 0.000192 -0.000438 -0.001327 -0.000242 -0.000557 -0.000303 0.000361 0.000394 0.001306 0.000185 -0.000342 -0.000313 0.001165 0.000455 0.000241 0.000181 -0.001386 0.001331 -0.000224 0.000190 -0.000491 0.000378 0.000101 0.000717 0.000981 0.001265 0.086743 0.000503 0.808785 -0.000257 0.001470 0.107168 0.843559
0.000027 0.000085 0.660803 0.000814 -0.001163 -0.001282 -0.001063 0.000641 -0.000295 0.000549 -0.000206 -0.000393 0.000177 -0.000422 0.001183 -0.000391 -0.000357 -0.000993 0.000162 -0.000115 0.000045 -0.000118 0.000650 0.806310 0.681927 -0.000022 0.000529 0.001516 0.001252 0.000231 0.001359 -0.000027 0.000688 0.875720
-0.000147 -0.000356 0.642485 0.000642 0.000818 0.000553 0.001097 0.000703 0.000695 0.001306 -0.000698 0.000286 -0.000058 0.001339 0.001503 0.001421 -0.000527 -0.000042 0.000264 -0.000487 0.000792 0.000179 0.001094 -0.000058 0.000283 0.000105 0.001414 0.000191 0.001345 0.000884 -0.000129 0.794180 0.136074 0.652356
-0.000771 0.000813 0.000409 -0.000403 -0.001217 0.000317 -0.000234 -0.001001 0.001548 0.001063 0.000433 -0.001044 -0.000687 -0.000336 0.000512 0.000507 -0.000346 -0.001366 0.001291 0.000432 0.000306 -0.000124 -0.000314 0.939988 0.000310 0.001497 0.746808 0.000288 0.000447 0.000195 0.001100 0.000450 0.802673 0.938998
0.000780 0.556736 0.001555 0.000949 0.000483 -0.000944 -0.000572 0.000842 0.858776 0.000732 0.000756 -0.000975 -0.000354 0.000990 0.000104 0.000477 0.000922 0.000636 0.000379 0.001064 0.001125 -0.000309 0.000924 -0.000310 -0.000087 -0.000249 0.000417 0.000140 -0.000171 0.001256 0.001834 0.000634 0.746574 0.577341
0.501471 -0.000077 0.001346 0.000771 0.000168 0.000512 0.000405 -0.000825 -0.000283 0.000366 -0.000033 0.000662 0.000246 0.000495 0.000130 -0.000155 -0.000488 0.000168 -0.000013 0.000734 0.001465 0.000143 0.001001 0.000794 0.743150 0.798709 0.001181 0.076209 0.708534 0.000606 0.000575 0.000089 0.648979 0.686371
0.115547 0.133623 1.043821 0.000730 0.000892 -0.000040 0.000882 0.000261 1.466371 0.000008 0.000755 0.000346 -0.000454 0.490557 0.663584 0.670866 -0.000738 0.000378 0.672330 0.455941 0.675993 0.000603 0.672572 0.801531 0.000299 0.000240 0.000944 0.101602 0.000412 0.627625 0.925881 1.367329 0.180100 1.185312
-0.000409 0.000643 0.000777 -0.000839 -0.000460 -0.000717 -0.000430 -0.001626 0.051785 0.541519 -0.001174 -0.000609 0.000268 0.000775 0.820037 0.813243 -0.000810 -0.000253 0.811514 0.000560 0.806843 -0.000897 0.823305 0.927067 0.000889 0.000104 0.781686 0.376413 0.561110 0.952946 0.353066 0.007265 0.711135 0.214071
