0.597393 0.396538 0.163017 0.335966 0.404320 0.388690 0.420520 0.442063 0.001593 -0.000302 0.382347 0.241194 0.428123 0.000177 0.000750 0.000132 0.001326 0.408440 0.000141 0.000602 0.000638 0.400027 0.000368 0.000679 -0.001050 0.000088 0.000201 0.000760 0.000046 -0.001003 0.000723 0.001126 -0.000692 0.001075
0.604311 0.094644 0.671538 0.896872 0.001484 0.000498 -0.000518 0.843795 0.001253 0.000466 -0.000301 0.000814 0.001445 0.545373 0.000507 0.000522 0.000314 0.726037 0.000007 0.488352 -0.001367 0.716342 -0.001320 -0.001333 -0.000720 -0.000775 -0.000705 0.000139 0.000386 -0.000638 0.314635 -0.000896 -0.000873 0.000751
1.206573 0.981829 0.136075 0.833342 0.000235 0.000773 0.001231 0.734287 0.727318 0.552641 0.001305 -0.000563 0.000868 0.769401 -0.000625 -0.000803 -0.000845 -0.000183 0.000144 0.000557 -0.000519 0.000101 0.000381 0.000958 -0.000080 -0.000129 0.000132 0.331079 0.522830 0.000717 0.000674 -0.000540 0.509151 0.260290
0.695956 1.033516 1.001310 0.001056 -0.000284 0.001136 -0.000551 1.010114 0.000012 0.001201 -0.000614 0.001435 0.777350 1.025234 -0.000607 -0.001089 0.000182 0.001602 0.000772 0.000317 0.000190 0.000861 -0.001115 0.000656 -0.001134 -0.000988 -0.000881 0.000712 0.000667 -0.000630 0.000359 -0.000296 0.000154 0.001482
0.796947 0.000665 0.000769 0.000690 0.000451 0.000951 0.706718 0.000627 0.000768 -0.000288 0.740650 0.000627 0.000057 0.000440 0.000579 0.001352 0.000203 0.000626 0.001234 0.000451 0.001017 -0.000275 0.001455 0.001040 0.000246 0.001520 0.000689 0.001340 0.000885 0.000618 -0.000297 0.000289 -0.000442 -0.000437
0.604257 -0.000310 0.001396 0.001093 0.000651 0.000201 0.957028 0.001052 0.000759 -0.000842 0.852404 0.001075 0.000369 -0.000506 -0.000200 -0.000106 0.737097 0.001549 -0.000893 -0.000408 0.000302 -0.000418 0.000429 0.000322 0.000202 -0.000171 -0.000770 0.000324 -0.000788 0.000594 -0.000083 0.001016 0.000306 0.000227
1.150842 -0.000151 0.000600 0.000288 0.798388 0.828678 0.000779 0.000360 0.000550 -0.000748 0.001018 0.000136 0.000598 0.001280 -0.000427 0.001046 0.760838 -0.000172 -0.000754 0.000126 -0.000220 0.000848 0.000704 -0.000562 0.000857 -0.000509 -0.000238 -0.000206 -0.000565 0.000930 -0.000279 0.000461 -0.000453 0.000484
1.159646 1.020793 0.722134 0.883424 0.001640 0.000507 0.001058 0.001508 0.000288 0.000828 0.001216 0.001141 0.000413 0.000517 0.000545 -0.000103 0.000470 -0.000229 -0.000038 -0.000284 0.000268 -0.000091 0.000693 -0.000286 -0.001283 -0.000031 -0.001019 0.000640 0.000399 -0.000065 -0.000137 -0.000182 0.000486 0.000656
0.673505 0.000567 0.913515 -0.000087 0.000001 0.000545 0.001095 0.000231 -0.000599 0.000836 -0.000308 -0.000095 0.000025 0.001093 0.000829 0.001154 0.000102 -0.000549 -0.000504 0.000185 -0.000250 -0.000592 -0.000689 0.000567 0.000202 0.000588 -0.000627 -0.000544 0.000844 -0.000246 0.776572 0.001299 0.758614 0.708521
0.000142 -0.000175 0.553317 -0.000652 -0.001312 -0.000593 0.000294 0.000266 0.001560 0.000495 -0.000030 -0.001084 -0.000009 0.000846 0.000677 0.000207 -0.000301 -0.001045 0.001379 -0.000471 -0.000520 0.000103 0.000458 -0.000247 0.000815 0.001138 0.001282 0.000983 0.001129 0.001202 0.000117 -0.000419 0.000510 0.976946
0.675730 -0.000134 0.000067 0.001480 0.907576 0.914237 0.000437 0.000909 0.001043 -0.000327 0.000475 0.001589 0.000132 -0.000442 -0.000406 -0.000777 0.000379 0.000498 -0.000722 0.000704 -0.001086 0.000908 -0.000419 -0.000069 0.000083 -0.000065 0.000144 0.001052 -0.000320 0.000157 -0.000833 0.000541 -0.000277 0.000766
0.632248 0.105810 0.022088 0.111468 0.076178 0.104779 0.071463 0.001833 -0.000301 0.000211 0.084131 0.000025 0.000285 0.001517 0.000861 0.000545 0.000392 0.001659 -0.000909 0.000860 -0.000539 0.000365 0.000480 -0.000457 -0.001180 -0.001021 -0.000005 0.000755 -0.001095 -0.000573 -0.000199 0.000588 -0.000900 -0.000529
1.122183 0.001336 0.000562 1.018170 0.001531 -0.000000 0.001280 0.009268 0.001076 0.000806 -0.000150 0.000028 -0.000198 0.000847 -0.000318 -0.000860 0.001015 0.001631 0.000190 0.000533 -0.000362 0.000229 -0.000570 0.000589 -0.000184 0.000233 -0.000452 0.000747 0.000986 -0.001070 0.000234 -0.000149 0.000606 0.000660
0.757452 0.632447 0.808924 0.751238 -0.000073 -0.000834 -0.000435 0.001357 0.001524 0.000612 -0.000476 0.000242 0.000851 0.000778 -0.000355 -0.000575 0.000322 -0.000512 -0.000700 -0.000267 0.000848 -0.000031 0.001061 0.001082 0.000540 -0.000457 -0.000707 0.000118 0.000099 -0.000819 0.001402 0.000901 0.000127 0.501134
-0.000007 0.000259 0.000398 -0.000243 0.000266 -0.000385 0.000021 0.000162 0.001127 0.000325 0.000626 0.000094 0.000780 -0.000063 0.000282 0.001086 0.000541 -0.000462 0.001122 0.000770 0.001705 -0.000613 0.001785 0.001658 0.001168 0.000956 -0.000194 0.066093 0.001228 0.150118 0.000836 0.168421 0.573040 0.892029
-0.000040 0.000734 0.000434 -0.000572 -0.000550 -0.000660 0.001146 -0.000762 0.006291 0.000993 0.000825 -0.000870 -0.000103 0.000942 0.001428 0.001632 0.000398 0.000328 0.000178 0.000583 0.000683 0.000285 0.000626 0.000695 0.000567 0.001416 0.001510 0.000016 0.095287 0.001908 -0.000016 0.000984 1.248777 1.276869
0.000161 0.000307 0.000294 0.000091 0.000835 0.861340 0.855536 0.000296 -0.000244 0.000477 0.001339 -0.000250 0.001373 -0.000036 -0.000975 -0.000181 0.001033 0.001015 -0.000967 -0.000026 -0.000372 0.000653 -0.000984 0.000943 0.000949 0.000523 0.000358 -0.000457 -0.000488 -0.000920 -0.000282 0.001340 0.000923 0.000325
0.836353 0.824900 0.226782 0.044859 -0.000019 0.001591 0.000319 0.012306 0.000722 0.000153 0.001401 0.000295 0.000392 0.034958 0.000240 0.000541 0.000747 0.001303 0.000591 0.000120 0.000772 0.047548 0.000047 -0.000168 0.000233 -0.000234 -0.001418 0.000438 0.000489 -0.000073 0.000052 0.000416 -0.000940 0.001307
0.000304 -0.000252 0.000111 -0.000455 -0.000086 -0.000238 -0.000397 -0.001139 0.001798 0.001847 0.000024 -0.000052 0.000629 0.000469 0.000420 0.000231 -0.000546 0.000446 0.001571 0.000404 0.001268 0.000018 0.000405 0.000223 0.001603 0.000846 0.000987 0.221449 0.004166 0.041288 0.000921 0.001177 1.144312 1.075395
0.527306 0.680288 0.000621 0.001073 0.000508 0.000961 -0.000556 0.000113 0.001273 0.000250 0.000502 -0.000045 -0.000624 -0.000377 0.000080 -0.000042 0.000869 0.000735 -0.000418 0.000075 0.000317 -0.000380 0.000785 0.000093 0.000320 0.000203 0.000168 -0.000178 -0.000313 -0.000223 0.001120 0.000775 -0.000086 0.257353
0.000558 0.000543 -0.000109 -0.001180 -0.000740 -0.000903 0.000759 0.000367 0.001134 0.001037 0.000209 0.000390 -0.000553 0.001391 0.000648 0.001094 -0.000389 -0.001453 0.001477 0.000555 -0.000146 -0.001020 0.000672 0.001057 0.000354 -0.000124 0.000692 0.054450 0.000726 0.001370 0.001297 0.001012 1.386653 1.111420
0.860901 0.899713 0.090324 0.043783 0.000726 0.001221 0.000790 0.000396 0.000406 0.000229 0.000641 -0.000125 0.000029 -0.000184 -0.000770 -0.000636 0.000651 0.013915 0.000074 0.000119 -0.001195 0.001364 -0.000922 -0.000357 0.000518 -0.000632 -0.000317 -0.000923 -0.000323 -0.001257 0.000690 0.000242 -0.001239 -0.000394
0.000335 0.000233 0.158986 0.000371 -0.000775 0.001124 0.001193 -0.000597 0.059355 0.000636 -0.000331 0.000873 0.000505 0.001317 0.000609 0.000519 -0.000097 -0.000736 0.001180 -0.000201 0.000450 0.000597 0.000787 0.001246 -0.000287 0.000915 0.000965 0.000297 0.000647 0.001558 0.012372 0.051142 0.844559 1.014185
0.000428 -0.000482 0.000805 -0.000926 0.000377 -0.000929 0.000263 -0.001503 0.001172 0.000686 0.000037 0.000041 0.000483 -0.000434 0.001493 0.000986 0.000122 -0.001276 0.001324 -0.000215 0.000073 -0.000023 0.000760 0.001212 0.001474 0.732956 -0.000182 0.636776 0.000103 0.785312 -0.000416 -0.000069 0.543900 0.427281
0.001339 -0.000616 0.001065 0.000772 -0.000017 0.000854 0.001475 -0.000212 -0.000084 -0.000159 0.000192 0.001151 -0.000327 -0.000740 0.000101 0.000851 -0.000319 -0.000335 0.000218 0.000472 0.000162 -0.000625 0.000820 0.001386 -0.000098 0.798767 -0.000404 0.512378 0.001286 0.001407 -0.000875 0.882551 -0.000354 0.001017
-0.000133 0.000482 -0.000022 -0.000479 -0.000251 0.000933 0.001084 -0.000098 -0.000795 0.000849 0.000023 -0.000099 0.000281 -0.000889 -0.000318 0.000556 -0.000257 -0.000265 0.000412 -0.000571 0.000729 -0.000544 0.001066 0.726010 0.747258 0.000042 0.000139 0.000094 -0.000377 -0.000365 0.000171 0.749960 0.001560 0.000853
-0.000372 0.000570 0.000798 0.000539 -0.000282 0.000039 -0.000748 -0.000726 0.000841 0.000787 -0.000669 -0.000503 0.000213 0.000173 0.000515 0.000263 0.000418 -0.000866 0.001117 -0.000438 0.000340 -0.000289 0.000575 0.000617 0.001233 0.001707 0.000549 0.085669 0.000304 0.809558 0.000677 0.000663 0.111870 0.831937
0.000043 0.000758 0.649329 -0.000689 -0.000183 -0.000968 -0.000950 -0.000288 0.001189 0.001579 0.000555 0.000136 0.000502 0.000547 0.001205 0.001485 0.000652 -0.001069 0.000091 0.000462 -0.000146 -0.000258 -0.000319 0.803983 0.675347 0.000294 0.001474 0.000128 0.000110 0.001285 0.000136 0.000227 -0.000004 0.869727
-0.000195 -0.000535 0.613090 0.000296 -0.000138 -0.000042 0.000087 0.000320 -0.000232 0.000439 0.000866 -0.001149 -0.000729 0.000257 0.000993 0.000562 0.000934 0.000312 0.000994 -0.000058 0.000644 0.000466 0.001183 0.001503 0.000028 0.000050 -0.000349 0.003040 0.000013 -0.000229 -0.000329 0.790946 0.139267 0.656273
0.000785 0.001105 0.000502 -0.001036 0.000264 0.000622 0.000173 -0.000827 0.001508 0.000852 -0.000682 -0.000539 -0.001412 -0.000594 0.000509 0.001523 -0.000397 0.000033 -0.000319 -0.000433 -0.000282 0.000221 0.001411 0.939990 0.001497 -0.000210 0.746765 0.001542 0.000650 0.000369 0.001199 0.001795 0.797265 0.919938
0.001420 0.533106 0.000465 0.000917 -0.000328 0.000094 -0.000456 0.001119 0.852789 0.001461 0.000717 -0.000656 0.001018 0.000076 0.000133 0.000148 0.000552 0.000003 0.000370 0.000866 0.000770 -0.000755 -0.000398 0.000568 -0.000169 -0.000606 0.000636 0.000326 0.001071 0.001013 0.000822 -0.000283 0.738145 0.570077
0.468653 -0.000534 -0.000119 -0.000514 -0.000275 -0.000818 0.001087 0.000047 0.000262 0.000002 -0.000408 0.000437 0.000162 0.000622 -0.000116 0.000336 0.000039 -0.000572 0.000736 -0.000565 0.000137 -0.001069 0.001027 0.000826 0.735345 0.794494 0.001174 0.070669 0.697755 0.000344 0.000229 0.001720 0.633641 0.672989
0.116075 0.146146 1.021974 0.000969 -0.000053 -0.000375 0.000652 0.000231 1.451251 0.000951 0.000310 0.000629 0.001105 0.478619 0.661566 0.668894 0.000026 -0.000522 0.670332 0.444195 0.673826 -0.000503 0.670566 0.798535 0.001281 0.000219 0.001197 0.106478 0.000069 0.624250 0.925252 1.356250 0.182415 1.176598
-0.000904 0.000207 0.001047 -0.000125 -0.001462 -0.001014 -0.001007 -0.001041 0.039350 0.529157 -0.000661 -0.000042 -0.001713 0.001157 0.820305 0.813651 -0.000251 -0.000285 0.811956 0.000757 0.807360 -0.001634 0.823614 0.924532 0.001437 0.001180 0.782251 0.358296 0.546380 0.955654 0.313074 0.005551 0.700093 0.236240
