0.45182 0.403727 0.46748 0.43287 0.412791 0.435096 0.378601 0.459941 0.468563 0.448437 0.420398 0.393235 0.441558 0.357968 0.465385 0.455357 0.37 0.390625 0.424312 0.402703 0.440426 0.393678 0.428571 0.395137 0.421446 0.384615 0.377224 0.396996 0.383598 0.440397 0.458667 0.437346 0.464516 0.448 0.420925 0.374486 
0.379965 0.574113 0.321185 0.480707 0.506734 0.54201 0.306306 0.537572 0.35284 0.560976 0.5 0.538462 0.345259 0.565657 0.554745 0.231579 0.581579 0.395115 0.502415 0.427621 0.54023 0.558632 0.346939 0.558233 0.377295 0.328947 0.490486 0.300268 0.432119 0.408551 0.516014 0.313008 0.489879 0.523364 0.301802 0.39661 
0.461538 0.449814 0.46648 0.511041 0.514981 0.537855 0.39172 0.36715 0.459052 0.470443 0.461255 0.39413 0.53719 0.479695 0.470085 0.266917 0.365566 0.442478 0.454545 0.477647 0.463138 0.473988 0.37907 0.370572 0.433255 0.397778 0.430272 0.397849 0.551282 0.425 0.491358 0.351744 0.436782 0.52093 0.473354 0.503876 
0.496788 0.462057 0.402198 0.485075 0.468454 0.427252 0.43018 0.455863 0.491189 0.49434 0.491208 0.460821 0.414692 0.443325 0.346154 0.471983 0.443478 0.485407 0.456763 0.48637 0.462025 0.505232 0.482059 0.420408 0.348416 0.463087 0.464789 0.486922 0.448718 0.480412 0.498476 0.41994 0.447796 0.446115 0.463054 0.438596 
0.431034 0.357143 0.351111 0.372449 0.53753 0.500782 0.34106 0.305677 0.44168 0.45509 0.402128 0.471396 0.477477 0.284615 0.462825 0.479005 0.409877 0.379798 0.333333 0.239382 0.45045 0.441397 0.375691 0.424194 0.419483 0.45929 0.523288 0.447811 0.397333 0.417219 0.438031 0.496021 0.445221 0.448795 0.487879 0.432099 
0.441026 0.496957 0.480106 0.421875 0.439227 0.452116 0.477658 0.521277 0.450575 0.484043 0.449679 0.432243 0.460076 0.440367 0.487129 0.354167 0.421277 0.40146 0.445255 0.337121 0.439856 0.498896 0.526055 0.416309 0.307692 0.405063 0.46473 0.405229 0.4825 0.401222 0.429306 0.422222 0.39759 0.416667 0.46129 0.449893 
0.502451 0.502475 0.48057 0.413203 0.52187 0.441358 0.43364 0.38126 0.403738 0.426689 0.436567 0.493569 0.519231 0.446097 0.416667 0.405941 0.307393 0.443946 0.469173 0.518182 0.499055 0.478261 0.387464 0.432099 0.392344 0.428246 0.48433 0.520921 0.519108 0.462478 0.459615 0.37386 0.383178 0.528239 0.334365 0.454015 
0.476695 0.346512 0.471326 0.465185 0.475375 0.451613 0.414853 0.37223 0.387409 0.447602 0.431111 0.351955 0.389414 0.43379 0.34902 0.301158 0.498943 0.344227 0.429787 0.384434 0.434243 0.372549 0.334004 0.451883 0.404221 0.418455 0.364548 0.354486 0.34949 0.466334 0.421166 0.393536 0.197425 0.381538 0.36631 0.39557 
0.434188 0.344828 0.459048 0.341253 0.48419 0.484277 0.377384 0.333333 0.436486 0.381395 0.454545 0.495935 0.387153 0.496032 0.245487 0.49941 0.519451 0.510539 0.404977 0.360406 0.465596 0.373041 0.432258 0.509677 0.416667 0.4 0.420561 0.472332 0.395644 0.31992 0.489407 0.393189 0.332143 0.392857 0.471933 0.491111 
0.473039 0.516049 0.522911 0.45776 0.456364 0.473926 0.38488 0.479358 0.509728 0.472347 0.486702 0.478405 0.458937 0.413613 0.417969 0.462121 0.390476 0.427397 0.43299 0.487437 0.469799 0.507246 0.454023 0.437888 0.457093 0.452308 0.439636 0.357143 0.461988 0.436202 0.481356 0.353116 0.51269 0.460733 0.386905 0.504399 
0.489362 0.53139 0.397906 0.511494 0.509709 0.424324 0.405676 0.45156 0.346988 0.312668 0.376238 0.491758 0.270023 0.263158 0.498753 0.416667 0.316017 0.426065 0.41387 0.40625 0.328358 0.315789 0.51259 0.363636 0.445946 0.392713 0.493827 0.429648 0.296482 0.407202 0.385802 0.497076 0.411765 0.488479 0.427039 0.416446 
0.482702 0.368973 0.361323 0.36853 0.355357 0.374847 0.416 0.462036 0.34767 0.46729 0.405093 0.407407 0.412892 0.389432 0.358752 0.34625 0.218579 0.343066 0.496172 0.33543 0.36414 0.442438 0.451866 0.441365 0.378132 0.433692 0.467416 0.476852 0.31477 0.356343 0.250712 0.473529 0.423445 0.435449 0.35461 0.440816 
0.56 0.433684 0.525799 0.491139 0.325893 0.478102 0.518519 0.451178 0.481297 0.572289 0.514925 0.525926 0.449664 0.55914 0.453488 0.51715 0.316279 0.455307 0.498195 0.435789 0.559633 0.541284 0.495798 0.481848 0.504132 0.583144 0.418317 0.479705 0.375465 0.565068 0.462733 0.459547 0.465909 0.486922 0.516447 0.57732 
0.481625 0.377724 0.377567 0.371622 0.434286 0.374332 0.276029 0.440613 0.439268 0.388412 0.430528 0.443396 0.414508 0.407249 0.352304 0.260638 0.445902 0.484064 0.324873 0.335249 0.282869 0.414 0.428571 0.382716 0.475703 0.475645 0.39961 0.318182 0.365385 0.451724 0.373626 0.402116 0.447284 0.371758 0.434889 0.409736 
0.432024 0.501938 0.384 0.4 0.470494 0.443425 0.463178 0.434122 0.408521 0.51487 0.383117 0.351724 0.469194 0.411565 0.394472 0.435986 0.335165 0.456597 0.482574 0.468519 0.450237 0.461988 0.357955 0.450847 0.403448 0.379845 0.423664 0.451542 0.478571 0.376384 0.399568 0.473077 0.4875 0.505181 0.390244 0.411371 
0.448328 0.52164 0.454545 0.418014 0.457547 0.357771 0.532213 0.421053 0.371614 0.39219 0.443223 0.404481 0.390099 0.425926 0.379421 0.433168 0.311005 0.310023 0.319838 0.390625 0.439474 0.415225 0.439592 0.471212 0.276276 0.29697 0.486622 0.397849 0.449655 0.351254 0.459355 0.29386 0.443433 0.490476 0.452247 0.504488 
0.513514 0.515957 0.454936 0.515464 0.482051 0.537464 0.555354 0.467197 0.417582 0.457594 0.486258 0.411609 0.482979 0.451827 0.431151 0.488789 0.439359 0.509434 0.479371 0.301948 0.491057 0.571429 0.551929 0.534454 0.503968 0.493724 0.516484 0.593897 0.463351 0.462366 0.334365 0.556106 0.393531 0.492063 0.388759 0.406814 
0.369565 0.444234 0.473016 0.49284 0.490566 0.44 0.523438 0.402516 0.487931 0.493347 0.404218 0.514218 0.426554 0.452083 0.344828 0.421233 0.440476 0.5 0.418333 0.476879 0.362069 0.402852 0.436893 0.379747 0.432271 0.336449 0.433409 0.517084 0.54792 0.446927 0.34308 0.468835 0.40305 0.358416 0.450575 0.464396 
0.545198 0.478495 0.504087 0.497797 0.386973 0.509494 0.507187 0.44802 0.463215 0.546713 0.557377 0.332579 0.393536 0.348718 0.565141 0.545608 0.430493 0.510504 0.515298 0.515775 0.457237 0.512195 0.503158 0.479167 0.432526 0.437037 0.425693 0.449909 0.550832 0.418803 0.541203 0.417808 0.54251 0.424883 0.535885 0.474474 
0.327411 0.381238 0.34748 0.449057 0.409938 0.506217 0.389333 0.444656 0.369955 0.434053 0.333333 0.394299 0.329897 0.258772 0.434174 0.414566 0.451943 0.458525 0.412429 0.430894 0.484848 0.392079 0.289037 0.404762 0.377419 0.35782 0.457256 0.508009 0.417647 0.503778 0.315254 0.532213 0.436559 0.356322 0.393082 0.393082 
0.538462 0.435115 0.495822 0.50495 0.561966 0.543544 0.560662 0.514541 0.527778 0.534247 0.556797 0.465721 0.501109 0.441441 0.522026 0.52349 0.579805 0.444976 0.473318 0.57619 0.352041 0.502762 0.562874 0.547445 0.6 0.490854 0.440191 0.492806 0.413374 0.571856 0.46402 0.503043 0.577963 0.583174 0.461783 0.455587 
0.430952 0.407876 0.424528 0.427609 0.372263 0.340426 0.427861 0.406204 0.471304 0.502203 0.484962 0.517598 0.477308 0.436911 0.381974 0.384615 0.338947 0.320988 0.406977 0.453039 0.35098 0.353261 0.449726 0.36699 0.436782 0.415094 0.406872 0.378667 0.395062 0.372159 0.384988 0.459135 0.383598 0.41189 0.398026 0.346774 
0.501852 0.554795 0.461538 0.572539 0.56239 0.452555 0.39819 0.589474 0.556675 0.51049 0.570588 0.502809 0.545287 0.607287 0.497449 0.478673 0.619048 0.354978 0.525568 0.593705 0.603774 0.572508 0.518732 0.545455 0.524496 0.538462 0.583893 0.466258 0.5 0.541922 0.374582 0.614618 0.47929 0.514344 0.537946 0.526946 
0.49522 0.441315 0.346354 0.559356 0.576241 0.568571 0.581749 0.4 0.521866 0.563353 0.465875 0.569282 0.40121 0.296804 0.438095 0.519669 0.457995 0.391403 0.578154 0.578378 0.453634 0.586716 0.396419 0.498929 0.368421 0.481375 0.367647 0.600639 0.561372 0.490798 0.339286 0.451327 0.62341 0.41433 0.449405 0.618123 
0.304136 0.346327 0.322917 0.418519 0.401099 0.495446 0.304651 0.500703 0.427907 0.523316 0.519737 0.494624 0.379501 0.46402 0.463987 0.462712 0.548694 0.310536 0.239837 0.4 0.509066 0.436364 0.464646 0.325416 0.387755 0.40636 0.353846 0.418824 0.272237 0.278638 0.543062 0.337838 0.470874 0.319892 0.524324 0.422319 
0.452033 0.240901 0.27193 0.260372 0.37037 0.451575 0.256065 0.218437 0.435673 0.335984 0.481183 0.375 0.42029 0.464552 0.352697 0.266332 0.358462 0.235443 0.36692 0.338515 0.387566 0.369969 0.378168 0.351724 0.365733 0.425676 0.361272 0.301013 0.346535 0.393414 0.259901 0.41931 0.378168 0.355811 0.295597 0.301948 
0.34456 0.515385 0.508734 0.549206 0.529304 0.42807 0.478405 0.485477 0.501279 0.413374 0.458065 0.479042 0.531792 0.480769 0.44586 0.5 0.427632 0.435331 0.513736 0.448229 0.468354 0.363445 0.447826 0.548544 0.449024 0.438503 0.478548 0.448916 0.48847 0.442238 0.400517 0.409483 0.440828 0.342679 0.437939 0.407767 
0.4 0.469767 0.340034 0.430348 0.496224 0.324627 0.452323 0.466216 0.467925 0.419831 0.471264 0.365256 0.453297 0.532389 0.53886 0.432 0.411523 0.405745 0.450368 0.530892 0.343173 0.427165 0.420259 0.39515 0.505282 0.416667 0.431444 0.538462 0.320588 0.417031 0.424779 0.466761 0.463277 0.56705 0.368687 0.435388 
0.356031 0.520194 0.528536 0.508043 0.507024 0.453545 0.448642 0.520196 0.513302 0.408451 0.527054 0.464229 0.473301 0.446957 0.429907 0.43586 0.371429 0.437908 0.556541 0.5152 0.540755 0.373178 0.423684 0.389175 0.56962 0.328947 0.443299 0.564388 0.433824 0.546547 0.540984 0.369231 0.440124 0.415771 0.327869 0.342657 
0.361244 0.31407 0.457198 0.523277 0.333333 0.564961 0.357143 0.405229 0.445312 0.438967 0.425447 0.335681 0.463918 0.515152 0.345455 0.443478 0.439703 0.368794 0.28821 0.389632 0.465696 0.534323 0.415778 0.536481 0.35396 0.511962 0.55 0.329466 0.458824 0.507599 0.316384 0.376068 0.452158 0.553822 0.506702 0.442623 
0.427574 0.568493 0.430052 0.534247 0.444444 0.319749 0.470383 0.511111 0.553719 0.362173 0.441734 0.535714 0.525046 0.370874 0.373832 0.226721 0.459966 0.482206 0.418079 0.481855 0.424354 0.490741 0.557545 0.400871 0.486175 0.557836 0.330097 0.427273 0.424837 0.432203 0.364611 0.544944 0.534545 0.38477 0.340686 0.517815 
0.545126 0.512521 0.345161 0.391414 0.482912 0.412888 0.429238 0.344406 0.387654 0.409396 0.42562 0.398721 0.34902 0.372439 0.235577 0.408318 0.383178 0.419469 0.504202 0.424337 0.432836 0.403561 0.347626 0.336471 0.454225 0.487805 0.509398 0.383871 0.447284 0.309375 0.432584 0.394794 0.36532 0.41133 0.541436 0.319372 
0.474124 0.526055 0.414921 0.452381 0.447368 0.306397 0.39801 0.49195 0.491473 0.35867 0.510604 0.341637 0.397695 0.433775 0.431373 0.237736 0.529158 0.520067 0.438 0.518581 0.500785 0.422222 0.520833 0.355899 0.454098 0.357143 0.522831 0.439024 0.419134 0.523346 0.451613 0.486441 0.329939 0.555012 0.443396 0.284264 
0.4375 0.440678 0.451613 0.536313 0.455645 0.451282 0.570588 0.453189 0.490265 0.557178 0.550336 0.512019 0.538961 0.335423 0.396199 0.295775 0.547325 0.465116 0.456422 0.291892 0.444444 0.467967 0.322314 0.493644 0.381783 0.531008 0.480226 0.454167 0.335121 0.428198 0.437288 0.300613 0.44586 0.522124 0.380753 0.581818 
0.524671 0.578606 0.520885 0.561551 0.637895 0.339695 0.57875 0.638205 0.558608 0.479079 0.431373 0.512931 0.47191 0.597772 0.503704 0.653226 0.416268 0.613312 0.510638 0.631808 0.545624 0.610503 0.423858 0.498715 0.62013 0.501002 0.465296 0.472296 0.437923 0.510067 0.627706 0.62585 0.423377 0.441955 0.435484 0.517928 
0.53915 0.518395 0.577922 0.443414 0.492997 0.465421 0.575621 0.43295 0.438163 0.547945 0.492021 0.482026 0.486547 0.6 0.409259 0.474438 0.29368 0.300813 0.345277 0.463855 0.440415 0.464169 0.476471 0.477801 0.566553 0.378049 0.417808 0.47992 0.367619 0.517665 0.357542 0.333333 0.444248 0.377451 0.50677 0.456067 
