1.32881 1.39946 1.34373 1.33255 1.51369 1.37964 1.42594 1.38928 1.37135 1.3622 1.41369 1.36949 1.40061 1.41838 1.56398 1.4196 1.3622 1.45804 1.51259 1.53008 1.53485 1.25608 1.52715 1.3622 1.31909 1.45343 1.15134 1.53882 1.46011 1.41861 1.40819 1.47825 1.5879 1.39398 1.44477 1.43508 
0.304539 0.360751 0.345679 0.379226 0.432133 0.349428 0.393012 0.341232 0.295256 0.355802 0.373016 0.325664 0.345886 0.367456 0.35774 0.468727 0.303341 0.37151 0.38824 0.297202 0.330035 0.288983 0.296941 0.35948 0.317096 0.348036 0.369649 0.384348 0.356675 0.36529 0.44237 0.299803 0.343063 0.348393 0.339444 0.327687 
1.17729 1.08739 1.07658 1.20865 1.26234 1.10892 1.19755 1.35795 1.24384 1.2209 1.25403 1.00669 1.02501 0.927044 1.00857 0.944462 1.05063 0.882954 0.984643 1.0618 1.0438 1.1629 0.998529 1.05333 1.01397 1.05452 1.08296 1.208 0.928339 1.18416 1.30395 1.24265 1.15023 1.16907 1.09115 1.12192 
1.07725 1.27095 1.01428 0.947027 1.20273 1.05275 1.36045 1.06651 1.18167 1.09982 0.972986 1.09264 1.00823 0.937493 1.09318 0.963558 1.02396 1.06758 1.15142 1.25496 1.25791 1.16028 1.17977 1.1635 1.03465 1.05699 1.25127 1.22589 1.31817 1.22617 1.23997 0.985672 1.04145 1.00472 1.17317 1.09307 
0.44 0.450306 0.393245 0.416229 0.441136 0.503104 0.424765 0.499248 0.424379 0.377438 0.402612 0.325422 0.369747 0.37992 0.381775 0.404052 0.433594 0.352821 0.422272 0.48399 0.451402 0.446835 0.437035 0.464603 0.423295 0.401441 0.456683 0.406404 0.545612 0.473288 0.391056 0.534009 0.463734 0.425359 0.41715 0.431721 
0.247696 0.300275 0.260669 0.314552 0.267451 0.306654 0.268924 0.281528 0.299322 0.222254 0.252649 0.283277 0.262474 0.343824 0.263081 0.258299 0.202375 0.313658 0.195061 0.312956 0.193725 0.274738 0.273989 0.225419 0.278616 0.18982 0.245351 0.279132 0.302367 0.190069 0.251158 0.206319 0.325291 0.224902 0.237555 0.313231 
0.759173 0.703419 0.828031 0.748167 0.700509 0.767255 0.684394 0.646793 0.78032 0.65984 0.696601 0.768439 0.689218 0.641068 0.800996 0.708436 0.733091 0.654532 0.867902 0.808458 0.734074 0.874957 0.839751 0.667429 0.731263 0.6663 0.882255 0.721989 0.727316 0.735044 0.763554 0.761584 0.757451 0.684802 0.822309 0.867864 
0.756986 0.864435 0.828693 0.79577 0.81277 0.807776 0.845277 0.779 0.813546 0.758359 1.00892 0.859321 0.774714 0.833294 0.830986 0.844547 0.914891 0.743409 0.760779 0.679371 0.729469 0.912474 0.924202 1.08852 0.734852 0.81575 0.755518 0.885721 0.983573 0.808217 0.864834 0.817476 0.895318 0.81771 0.79422 0.823278 
0.331103 0.253761 0.268451 0.291379 0.344408 0.246305 0.285742 0.336188 0.25562 0.343252 0.314969 0.271718 0.290016 0.348929 0.277983 0.288759 0.36179 0.357359 0.351111 0.399507 0.384532 0.270474 0.333773 0.347983 0.343218 0.247647 0.243852 0.330624 0.243246 0.34499 0.267506 0.250675 0.259441 0.235747 0.354955 0.382178 
0.990132 0.931656 1.01385 1.0077 0.943341 1.16124 0.977282 0.961814 1.09753 1.02782 1.06456 1.00193 0.872616 0.917028 0.791229 0.903934 0.904148 0.947832 0.905394 0.93793 0.912392 1.02803 1.12475 1.0443 1.15375 1.03652 1.12932 1.07525 1.24554 0.998347 0.935012 0.994831 1.12059 1.06415 1.04708 1.0116 
1.18394 1.18609 1.2276 1.09861 1.25194 1.19805 1.26586 1.3309 1.28033 1.15304 1.21159 1.21013 1.16482 1.03073 1.07808 1.25276 1.1746 1.15759 1.195 1.38787 1.25645 1.12134 1.13718 1.30952 1.59968 1.30093 1.45951 1.40054 1.29496 1.16807 1.2304 1.3147 1.2977 1.28485 1.32335 1.3525 
0.0653828 0.069064 0.0574692 0.0651023 0.101415 0.107789 0.11826 0.0742238 0.0731726 0.0687017 0.0571584 0.0706939 0.0672522 0.0530707 0.0708261 0.0644197 0.0592892 0.0672135 0.0545391 0.0672792 0.062787 0.0904872 0.0543162 0.0461703 0.0496526 0.109652 0.0552512 0.0615781 0.0618754 0.0575238 0.057104 0.0540272 0.114978 0.105139 0.0736783 0.0702207 
0.483246 0.420601 0.472233 0.440359 0.498844 0.617095 0.493331 0.454485 0.525622 0.49497 0.414 0.492335 0.357818 0.417688 0.346276 0.393087 0.373346 0.443289 0.425021 0.508052 0.382813 0.45094 0.438587 0.378834 0.493856 0.39809 0.496181 0.427205 0.566203 0.522902 0.456648 0.48523 0.44442 0.518794 0.4379 0.556483 
1.21098 1.09861 1.11841 1.05873 1.11975 1.03843 1.10633 1.00602 1.05741 1.16315 1.17865 1.06138 1.10389 1.14361 1.01369 0.860201 0.990516 1.09612 0.96488 1.1259 1.00828 1.09313 1.18771 1.16734 1.1005 1.15902 1.10262 1.11266 1.24488 1.20605 1.12692 1.18211 1.21034 1.17705 1.13733 1.03815 
0.35345 0.393453 0.445336 0.497484 0.518746 0.364147 0.499361 0.479236 0.541296 0.45541 0.477821 0.517456 0.540345 0.496594 0.483014 0.465363 0.559869 0.452231 0.487098 0.530338 0.52501 0.405465 0.460108 0.49569 0.583027 0.502928 0.591113 0.615958 0.489617 0.563094 0.527355 0.574013 0.493658 0.463539 0.537531 0.610909 
0.409766 0.44515 0.426343 0.395345 0.401282 0.416383 0.349814 0.387766 0.428793 0.325672 0.381303 0.36826 0.476359 0.384212 0.45026 0.382084 0.379898 0.44153 0.401026 0.359656 0.462228 0.318648 0.431389 0.436293 0.465495 0.410724 0.36508 0.380772 0.437214 0.38725 0.361836 0.310155 0.387502 0.494019 0.29267 0.378732 
0.691379 0.5949 0.674099 0.701515 0.672035 0.640961 0.628124 0.76563 0.780589 0.763765 0.703786 0.619324 0.553819 0.621688 0.695992 0.648927 0.670746 0.790836 0.784179 0.714404 0.789665 0.725646 0.835938 0.787079 0.805625 0.762811 0.816865 0.710582 0.717272 0.660246 0.818809 0.744315 0.717768 0.694301 0.670323 0.610536 
0.519409 0.45026 0.525822 0.577059 0.558214 0.552194 0.562807 0.595721 0.570719 0.59879 0.604253 0.602094 0.50665 0.511197 0.566198 0.51808 0.546994 0.531879 0.478669 0.653697 0.578737 0.587273 0.69499 0.603883 0.599621 0.541388 0.558786 0.524886 0.649121 0.486811 0.603377 0.594014 0.58468 0.55024 0.531935 0.547295 
0.842614 0.930432 0.762645 0.869937 0.906156 0.947978 0.796331 1.01637 1.01724 0.889217 0.99999 0.893818 0.817556 0.983508 0.93763 0.746731 0.728612 0.853712 0.824527 0.853592 0.923164 1.06613 0.932551 0.886542 0.835094 0.954809 0.871477 1.01473 0.97414 0.956112 0.926762 0.963044 0.838911 1.00976 0.841277 0.923295 
0.0997267 0.0852164 0.0828682 0.167615 0.1416 0.0827602 0.0848389 0.0893031 0.0889035 0.0904156 0.0942478 0.087342 0.078711 0.0899331 0.0975885 0.0745025 0.134531 0.14573 0.0775712 0.0707122 0.0912197 0.0847188 0.0918717 0.149117 0.147263 0.0866804 0.0900963 0.080884 0.0880961 0.0773655 0.0653051 0.0704576 0.0875739 0.151125 0.164268 0.0886458 
0.524899 0.560393 0.434189 0.477042 0.531291 0.42408 0.533222 0.429458 0.46172 0.580864 0.508731 0.519378 0.609309 0.453457 0.460838 0.385835 0.409254 0.427362 0.500775 0.517699 0.395268 0.462956 0.446922 0.393328 0.457669 0.568138 0.481303 0.47458 0.506991 0.576887 0.492102 0.458424 0.520304 0.48078 0.490623 0.504391 
0.963995 1.01003 0.868476 1.01264 1.16054 0.941188 1.05775 0.99683 1.09101 1.12154 0.810055 1.15647 1.00786 1.00509 1.08037 1.02653 1.06621 0.991147 1.03265 1.02722 1.05684 1.1002 1.08446 1.06037 1.06218 0.974859 1.34445 1.23102 0.993598 1.01722 1.18668 0.970962 0.930215 1.15864 1.02116 1.22278 
0.565899 0.653435 0.58215 0.635509 0.727833 0.589769 0.657478 0.590966 0.652897 0.590523 0.710626 0.595819 0.632715 0.629932 0.641279 0.544855 0.583851 0.55729 0.547193 0.55878 0.492778 0.551804 0.572384 0.643801 0.670645 0.609917 0.631228 0.751196 0.554789 0.684732 0.612663 0.748467 0.607711 0.629483 0.658128 0.615485 
0.278883 0.300047 0.268512 0.3314 0.213841 0.27965 0.312296 0.268432 0.256207 0.263859 0.293574 0.195807 0.272676 0.271236 0.277632 0.271514 0.273454 0.268446 0.343317 0.266659 0.244346 0.257906 0.257758 0.293419 0.237841 0.266757 0.307343 0.222855 0.251992 0.234493 0.204032 0.226511 0.214643 0.259466 0.336472 0.346004 
0.774581 0.628159 0.672402 0.655995 0.632092 0.690389 0.565119 0.694094 0.624485 0.742438 0.64403 0.729475 0.650209 0.714828 0.718407 0.740597 0.838113 0.73128 0.67615 0.630822 0.737164 0.72808 0.591883 0.638489 0.622354 0.704076 0.520678 0.665914 0.628916 0.710169 0.659373 0.710566 0.728942 0.634353 0.571411 0.705493 
0.77319 0.830179 0.883914 0.81093 0.96333 0.779889 0.941696 0.792186 0.954809 0.725056 0.939699 0.912437 0.75896 0.722561 0.794519 1.00931 0.843764 0.63504 0.916291 0.834092 1.02405 0.89267 0.945238 0.907402 0.91336 0.823397 0.774791 0.722135 0.665559 0.751116 0.880858 0.768215 0.987655 0.760993 0.714312 0.831409 
0.14962 0.270129 0.194788 0.163077 0.261533 0.240916 0.284662 0.268156 0.264534 0.187659 0.264983 0.259728 0.270253 0.179447 0.201406 0.283851 0.256513 0.173462 0.263045 0.178879 0.176931 0.181545 0.27029 0.197971 0.288325 0.195417 0.270875 0.277143 0.168181 0.193742 0.189879 0.274932 0.305382 0.265108 0.19593 0.193387 
0.384126 0.470646 0.369291 0.441243 0.522264 0.414844 0.429427 0.350005 0.541341 0.429716 0.513979 0.508696 0.37403 0.327065 0.306575 0.341981 0.433245 0.365326 0.332939 0.347357 0.426252 0.411888 0.566073 0.569694 0.492888 0.433026 0.644445 0.456531 0.537143 0.506338 0.451705 0.513679 0.508829 0.52784 0.407677 0.405465 
0.309454 0.371997 0.328559 0.380351 0.392644 0.404252 0.396004 0.383813 0.40881 0.331447 0.405936 0.403218 0.377745 0.317148 0.384017 0.394947 0.470801 0.325992 0.402092 0.306121 0.308408 0.366879 0.417811 0.371135 0.409722 0.495616 0.429914 0.479989 0.329276 0.512123 0.392707 0.308964 0.391331 0.419946 0.339235 0.404197 
0.592504 0.562785 0.573029 0.611469 0.616045 0.622725 0.640225 0.636134 0.651762 0.637499 0.529402 0.625706 0.508705 0.610525 0.551358 0.561184 0.494817 0.601625 0.586087 0.663809 0.746392 0.694512 0.76214 0.664655 0.614366 0.653142 0.676427 0.788742 0.63559 0.582525 0.75857 0.716314 0.79387 0.720618 0.691222 0.608678 
0.313161 0.464942 0.394687 0.453337 0.400994 0.362758 0.374693 0.33854 0.399116 0.480569 0.315539 0.446396 0.457495 0.392714 0.396852 0.432302 0.441833 0.387306 0.382331 0.4379 0.538171 0.435231 0.398348 0.432378 0.425333 0.337197 0.366428 0.420911 0.47774 0.486165 0.520582 0.487098 0.481838 0.42085 0.436237 0.53919 
0.361431 0.302635 0.401664 0.358259 0.388735 0.311499 0.301787 0.423975 0.290243 0.364919 0.37376 0.38226 0.359214 0.269844 0.282623 0.371235 0.436951 0.304611 0.282938 0.365307 0.352543 0.279048 0.351287 0.498283 0.364695 0.375594 0.340438 0.262687 0.445451 0.328884 0.459429 0.439298 0.33902 0.366154 0.362848 0.270086 
1.43272 1.24741 1.23906 1.28884 1.39371 1.4025 1.28038 1.30852 1.27146 1.49306 1.24171 1.23724 1.33811 1.25633 1.24053 1.3165 1.28829 1.24412 1.277 1.12828 1.32014 1.15715 1.24792 1.46634 1.51413 1.47491 1.22336 1.5524 1.27203 1.48595 1.50249 1.17974 1.26795 1.08362 1.41187 1.37809 
0.405465 0.542809 0.524933 0.354294 0.343611 0.432864 0.317321 0.442746 0.316823 0.438215 0.354527 0.409322 0.49152 0.496591 0.482444 0.359605 0.553148 0.436765 0.47736 0.424404 0.440484 0.420257 0.329479 0.409506 0.437025 0.532767 0.469194 0.509972 0.333384 0.528067 0.360692 0.50882 0.336472 0.379726 0.435656 0.45177 
0.518167 0.49497 0.47849 0.461879 0.54529 0.531205 0.473009 0.473465 0.554527 0.467901 0.559918 0.377784 0.567923 0.481043 0.534895 0.595983 0.394814 0.46843 0.467092 0.544148 0.481331 0.539827 0.487865 0.472382 0.403736 0.408826 0.49862 0.411869 0.41967 0.547837 0.568555 0.524326 0.531304 0.520936 0.453474 0.55229 
1.03674 1.20302 1.16693 1.00195 1.12427 1.0332 1.12411 1.02962 1.28158 1.12981 1.23081 1.23239 1.1987 1.20594 1.10253 1.07785 1.02566 1.10439 1.1262 1.1511 0.966188 0.941647 1.25919 1.07827 1.23863 1.24071 1.05939 1.13553 1.25392 1.14579 0.975714 1.00268 1.20078 1.06941 1.13635 1.22081 
