-0.000408 -0.000552 -0.677547 -0.210208 -0.195701 -0.000901 -0.004718 0.000504 -0.302264 0.000983 -0.000483 -0.000935 -0.555053 -0.004363 -0.001128 0.000354 -0.390370 -0.060282 -0.000489 -0.177841 -0.001380 0.000701 -0.000553 -0.115359 -0.000110 -0.000153 -0.286570 0.579420 -0.000028 -0.000166 -0.001211 0.000057 -0.187309 0.000157 -0.001301 -0.000535 0.000479 0.000105 0.195984 -0.000219
0.001022 0.000470 0.000574 -0.000609 0.001822 0.139453 0.000461 0.129387 0.001255 -0.001198 0.001060 0.000260 -0.000260 0.000601 0.000581 0.000510 0.001179 -0.000054 0.000649 -0.000677 -0.000539 0.268277 -0.000462 -0.000653 -0.000681 -0.000445 -0.000454 0.714317 0.001327 -0.000544 0.261493 0.000485 0.000277 0.000669 0.082958 0.813826 0.759062 0.867428 0.791336 -0.000624
-0.372262 -0.000968 0.000557 0.000332 0.436769 0.000017 0.000095 -0.000003 -0.001093 0.000357 0.000276 -1.155931 -0.000561 -0.000474 0.000333 -0.418772 -0.000560 0.000985 0.000225 -0.000052 -0.000092 -0.000458 0.001107 0.000735 0.000617 -0.000707 0.000444 -0.000726 -0.452438 -0.001109 -0.000447 0.000563 -0.390956 -0.000891 -0.282006 0.000322 -0.000001 -0.064189 -0.000887 -0.101349
-0.000462 0.000171 -0.478665 0.000390 -0.573349 -0.379901 -1.589413 -0.001054 -0.001041 -0.000935 0.000283 -0.000077 -0.765627 0.001861 -0.000196 -0.169303 -0.001672 -1.258125 -0.000438 -0.620984 -0.348034 -0.000202 -0.000313 -0.000656 -0.001543 -0.889999 -0.833190 -0.445954 -0.357816 -1.022208 -0.000229 -0.743137 -0.000605 -0.000409 -0.001385 -0.357610 -0.104313 -0.000794 -0.001106 -0.343890
-0.159528 -0.199215 0.001338 0.000164 -0.000652 -0.056224 -0.000274 -0.184432 -0.048482 -0.000075 0.369848 -0.081292 -0.373327 -0.001712 0.000080 -0.130966 -0.000752 -0.000099 0.001037 0.000374 -0.000976 -0.348733 0.000979 0.022034 -0.001005 -0.000046 0.000660 0.001135 -0.064965 -0.001137 0.000102 0.170250 -0.314217 0.150794 -0.000923 -0.000903 -0.000246 -0.001373 -0.001379 -0.000666
0.619379 0.856140 0.801696 0.538834 0.760203 0.792869 0.285787 -0.000301 0.049591 -0.000619 3.186790 0.000259 0.457827 0.577564 0.001490 1.209010 -0.000513 0.130852 0.257165 0.000629 0.143625 0.082447 0.976648 0.000075 0.794441 0.000095 0.887663 -0.000037 0.205243 0.144411 1.413877 0.795028 1.036659 0.000323 0.644767 0.007523 0.007391 0.359437 -0.000634 0.016798
-1.253760 0.000523 -0.000376 -0.312425 -0.001389 -0.578158 0.000272 -0.000571 0.001385 0.000268 -0.567756 -0.001422 0.052866 0.947834 0.055394 -0.824746 -0.007715 -0.504903 -0.071929 -0.059698 -0.223798 0.093113 -0.582135 -0.000212 -0.000080 -0.036474 0.000656 -0.551174 0.000159 -0.000223 -0.289824 0.000218 -0.000878 -0.000702 -0.001821 1.074820 0.000065 -0.001239 -0.000274 -0.953634
-0.000075 0.000121 0.001205 -0.000579 -0.456205 0.000306 1.010063 0.000037 0.138453 -0.000039 0.000925 0.266433 -0.000675 -0.001181 -0.000647 0.000353 0.000592 -0.000434 0.082290 -0.000083 0.315539 -0.716956 0.000872 0.000072 -0.000258 0.001472 2.132045 0.116837 0.422968 0.000430 -0.948150 0.000010 0.001291 0.457371 -0.000063 -0.000510 -0.144017 -0.000889 0.001235 0.000643
-0.000341 -1.412235 -0.004827 -0.316697 -0.951125 0.000241 -0.000302 -0.000046 -0.000051 -0.000551 -0.000809 -0.000014 -0.000017 -0.000941 -0.000337 -0.669575 -0.194281 -0.591394 -0.000430 -0.000494 -0.000983 -0.001746 -0.000170 -1.418650 -0.255316 -0.000898 -0.157056 -0.517780 -0.242258 -0.000836 -0.351251 0.000366 -0.000989 -0.001103 -0.000174 -0.925110 -0.429498 -0.000118 -0.155548 -0.000365
0.000740 -0.651401 -0.666576 -0.538782 -1.264655 -1.432032 -0.878814 -1.338640 -1.386340 -0.462927 -1.898599 -1.532628 -1.108871 0.001078 -0.055880 -0.818059 -1.019328 -1.073222 -0.693522 -1.401110 -1.530061 -1.534375 -1.126645 -0.816883 -0.437855 -1.583557 -0.368642 -1.763970 -1.218302 -0.898849 -1.912509 -0.594951 -1.215278 -1.079741 -1.853403 -1.977684 -2.266202 -0.000374 -0.001109 -0.001218
0.101738 -0.086267 0.158905 0.357743 0.254977 1.474479 0.000602 0.039973 0.000297 0.504430 0.000653 0.000893 1.190106 -0.000281 -0.248907 0.001594 -0.000146 0.055395 -0.000456 0.000987 0.272534 0.001392 0.228779 0.001263 0.000437 0.232557 0.000215 0.000306 0.000142 0.001519 0.000798 0.000530 0.364344 -0.000760 0.984186 -0.547860 0.407191 0.000566 0.001568 0.000489
-0.000084 -0.001129 0.001021 -0.000348 0.000650 0.001057 -0.000480 1.062585 1.802503 0.000603 0.000333 0.362730 0.001234 0.077326 -0.000612 -0.001808 0.000163 -0.000273 0.255058 0.085570 0.000160 0.799006 0.033561 -0.000043 0.000598 0.000930 -0.000488 -0.000114 -0.000532 0.000924 0.000812 0.157969 -0.000320 0.000633 0.000111 -0.000196 0.000914 -0.000080 -0.000493 -0.000599
0.001324 0.000269 0.750462 1.097695 0.474076 0.000264 0.116591 -0.000025 0.001210 0.001112 0.681987 1.540766 1.809861 -0.000920 0.284245 0.000232 0.303098 0.200486 0.342470 -0.000153 0.525675 0.592921 1.217405 0.594627 1.544453 0.289250 0.015188 0.001311 0.000761 0.000196 0.592361 0.743716 0.001145 0.553086 -0.000196 0.118482 0.070910 -0.000305 0.004627 0.000637
0.103937 0.898536 1.497639 1.784676 0.173007 1.441699 1.645483 1.384101 1.315325 0.879621 0.000215 0.274705 0.807596 0.433265 0.139409 -0.000379 0.000367 0.000348 2.311996 -0.000348 1.087449 1.392505 0.402845 0.595925 0.781868 -0.000510 0.504581 -0.000541 1.456151 0.545275 -0.000084 0.000683 0.160033 0.001021 0.000212 0.412123 0.001337 0.711425 0.285329 1.155261
-0.000094 -0.000950 0.001484 0.000869 0.000405 0.000656 -0.000246 0.000454 0.000489 0.000529 0.079867 -0.001371 0.000500 0.000149 -0.001094 -0.001116 0.000281 0.837372 0.707475 0.000501 -0.000482 -0.000202 0.000303 0.001627 0.000520 0.000976 -0.000424 -0.001317 0.000228 -0.000725 0.073756 0.827232 0.000073 0.000823 0.000119 -0.000957 0.000754 -0.000985 -0.000249 -0.000230
-0.492315 -1.042455 -0.757086 -0.662439 -1.441392 -0.431045 -1.239520 -0.000025 -0.001526 -0.473398 -0.368032 -1.306740 -0.693934 -0.450729 -1.744760 -1.314190 -0.000996 -0.230018 -1.217056 -0.734037 -0.001450 -1.005950 -1.546935 -0.677995 -0.927277 -0.000118 -1.335319 0.000099 0.000144 -1.140559 -0.964631 -0.460954 -0.000019 -1.233988 -1.406370 -0.001665 -0.070953 -0.830305 -0.000154 -0.610292
0.000000 0.000000 0.000000 0.000000 0.000000 0.000000 0.000000 0.000000 0.000000 0.000000 0.000000 0.000000 0.000000 0.000000 0.000000 0.000000 0.000000 0.000000 0.000000 0.000000 0.000000 0.000000 0.000000 0.000000 0.000000 0.000000 0.000000 0.000000 0.000000 0.000000 0.000000 0.000000 0.000000 0.000000 0.000000 0.000000 0.000000 0.000000 0.000000 0.000000
0.000397 -0.000691 0.000352 0.000389 0.868875 -0.000415 0.405377 0.001310 0.060788 0.001408 0.000623 0.103015 -0.000612 0.000464 1.050489 0.330516 -0.000390 0.054746 0.001046 0.000144 -0.000207 0.001116 0.015308 0.001231 -1.072850 0.391695 0.434556 0.089403 -0.001086 0.865857 0.237662 0.000934 0.001268 0.813856 0.485848 0.000519 0.895884 0.165214 -0.000657 0.526631
0.001307 -0.034057 0.001352 0.452350 0.000100 0.232460 0.481088 0.181749 0.174049 0.404738 0.768744 0.037663 0.030677 -0.000065 0.425256 -0.000510 0.375770 -0.000444 -0.001246 0.930792 0.000213 0.126916 0.678253 0.001173 0.001663 1.176670 0.705771 0.000749 -0.000496 -0.000606 0.447490 1.686231 -0.119474 0.872568 0.001027 1.218820 0.078553 1.487964 0.543321 -0.000323
1.325343 0.329936 -0.000935 0.000491 0.001398 0.402752 -0.000427 0.931942 0.176581 0.061544 0.175860 0.293248 0.002980 0.000244 0.778062 1.090833 0.424692 0.000281 0.837495 1.174449 0.828919 0.936350 0.983702 0.306476 0.158316 -0.000553 0.000886 0.000255 0.209782 0.001077 0.942710 0.029722 0.559714 0.010647 0.052969 1.515431 0.816512 0.681020 2.157769 1.533263
0.000205 -0.273021 -0.000674 -1.254896 0.000330 -0.102218 -0.000637 -0.000328 -0.000610 -0.597917 -0.001405 -0.968702 -0.060153 -0.524223 -1.154226 -0.084965 -0.554580 -0.232929 -0.285533 0.000670 -1.829556 0.000000 -0.860575 -0.000158 -1.391685 -0.084065 -0.863432 -0.000976 -0.156390 -2.111534 -0.653864 -1.126950 -0.105258 0.000002 -1.797533 -0.306072 0.000573 -0.931016 -0.000423 -0.155625
-0.000285 -0.127323 -0.000047 0.001209 -0.000656 -0.000399 -0.000183 0.000668 -0.001516 -0.001173 -0.000227 0.000850 0.000798 -1.795982 -0.001232 -0.897730 -0.001179 0.061520 0.000672 0.261326 0.001480 0.000572 0.001541 0.001201 -0.387825 -0.001340 -0.228320 -0.001260 0.000495 -0.001340 0.000186 0.000091 -0.000716 -0.959062 0.000111 -0.000354 0.000416 -0.124619 -0.000534 -0.000050
-0.000624 0.000784 0.920890 0.000450 0.000704 0.000623 0.693195 0.000201 0.000869 -0.000220 0.466114 -0.148013 -0.436507 0.001153 -0.046968 0.000100 -0.078328 0.000970 0.001331 0.000123 0.000300 -0.243277 0.000060 -0.403725 -0.000934 0.001204 -0.000837 1.438673 -0.000635 1.294133 -1.360571 0.000675 0.000640 0.000069 0.428331 -0.423821 -0.000767 -0.001646 -0.000358 0.000256
-0.000406 1.105540 1.857687 0.199527 1.088306 0.000357 1.490050 1.985381 0.000006 1.048636 2.382513 0.972391 1.488021 1.047567 1.023610 0.001693 0.984135 1.269330 1.146190 1.620685 0.402633 1.321581 0.085106 -0.000263 0.163996 0.510870 0.760133 0.000713 0.676097 1.324256 0.449746 0.001432 -0.000160 0.129742 0.941096 1.430538 0.000879 1.894684 0.236949 1.702336
-0.000394 -0.000429 0.290403 -0.000819 1.200361 0.000573 0.000679 -0.000536 0.001058 -0.000148 -0.000285 0.000340 0.001566 0.397248 0.000505 -0.164052 0.000953 0.488849 -0.561496 0.000169 -0.402331 0.014428 0.001034 -0.000258 -0.146113 -0.001103 0.000024 0.000389 -0.001013 0.001104 0.001162 -0.001535 -1.132501 0.108037 -0.000210 2.032936 0.000194 0.001050 0.001443 -0.462539
-0.000982 0.001357 0.059177 -0.047024 0.106642 0.000717 0.000210 0.001337 0.524213 0.130888 0.001314 0.000067 -0.073007 -0.001224 -0.000030 -0.001122 -0.001076 -0.000014 0.200638 0.000947 -0.000246 -0.000897 0.000853 0.000759 0.001364 0.000984 0.000628 -0.000036 0.000599 -0.207950 -0.204946 -0.000913 0.001146 0.000471 -0.000216 0.147914 -0.000827 -0.000142 -0.000921 0.000474
-0.180737 0.000611 -0.000343 -0.193486 -0.000518 -0.001462 -1.083300 0.137518 0.000496 -0.000258 -0.642666 -0.000917 -0.061241 0.000102 -1.112496 -0.594736 -0.338453 -0.100992 -0.000617 -1.631632 -0.474903 -0.000091 -0.294740 -0.001632 -0.322870 -0.001331 -0.000652 -0.001489 -1.227314 -0.142673 -0.000236 -0.001102 -0.710402 -0.535168 -0.121990 -0.000967 -0.001016 -0.000166 -0.000184 -0.832176
1.055046 0.021114 -0.001188 0.000249 0.000232 0.363452 0.000624 1.037741 0.000640 0.500033 0.531971 0.499758 -0.000064 0.103128 0.589054 0.000343 0.879204 0.000753 0.219003 0.074047 0.001186 0.000287 1.833845 -0.000678 0.388278 -0.000067 0.589593 0.221937 -0.017424 -0.000696 0.001067 -0.000267 0.534052 0.933886 1.105013 -0.000024 0.000043 0.148043 0.822364 0.028733
-0.000923 -0.501584 -1.009455 -0.001071 -0.249260 -1.537451 -0.012772 -0.581849 -2.314302 -0.052935 -1.355097 0.000047 -0.101265 -0.152232 -0.228284 -0.452729 -0.016184 -0.209703 -0.632692 -0.000708 -1.339680 -1.312256 -1.214830 -0.000825 -0.594269 -0.001239 -0.000986 -0.000395 -0.000352 -0.684355 -0.268835 -0.957203 -0.368267 -0.000043 -0.267540 -0.000826 -0.584539 -1.189734 -0.168582 -0.655265
-0.023084 -0.001315 1.601272 0.000132 1.166203 0.577080 -0.000641 0.000841 -0.000130 -0.000506 0.341995 -1.043788 -0.004382 0.000761 -0.082477 -0.277589 0.000282 0.106442 0.000298 0.000409 -0.159768 0.497027 0.115310 -0.000955 0.000899 0.000677 -0.431340 0.000227 -0.000408 -0.772058 0.738956 -0.000254 -0.458843 -0.005744 -0.000137 0.558360 0.000839 0.064298 0.000595 -0.000567
0.974578 -0.000313 -0.000898 1.032849 0.297978 -0.000703 0.000985 -0.000281 -0.000067 0.374051 0.000977 1.108539 0.190893 0.068131 2.318675 -0.001139 0.001178 0.597101 0.096490 1.527223 1.164914 0.380251 0.723789 0.001434 1.584371 -0.001203 -0.479339 0.000277 0.440176 1.176545 0.696211 0.904095 0.914158 -0.001093 0.515353 0.237090 -0.135379 -0.000917 -0.000055 0.000345
0.000577 -0.000604 0.000438 0.000305 0.000046 0.001361 -0.084702 -0.018298 -0.275406 -1.113794 0.901777 -0.000474 -0.001186 -0.001089 -0.000799 -0.000252 0.000727 1.036660 0.000166 -0.001033 -0.622530 0.000119 -0.542020 -0.000981 0.000102 -0.000329 -0.130636 -0.000214 -0.001039 -0.552539 0.000473 -0.000343 -0.373483 0.000147 0.000767 -0.000735 0.000048 0.762990 -0.000714 -0.001229
0.128206 0.841342 -0.000020 -0.001162 0.000931 0.000495 0.042447 -0.000498 -0.000600 0.000296 -0.000886 0.824955 0.313010 0.000826 0.215805 -0.000334 -0.000087 -0.000629 0.000085 0.001188 -0.000389 0.000232 -0.000411 0.000307 0.000490 -0.000035 0.039227 0.461185 0.720870 0.017027 -0.000695 0.000215 0.244189 0.423257 0.279657 0.000261 0.000051 -0.036413 0.000070 -0.000579
1.137351 0.001659 1.243040 0.001046 0.867562 0.001128 0.606512 1.505776 0.053353 0.582543 1.369597 0.745300 0.000167 2.104434 1.217802 0.921106 0.000679 1.836777 1.166554 1.167353 1.756183 1.003080 0.825217 0.826506 1.459570 1.039740 0.701796 0.551456 1.964317 1.660019 2.145373 1.052311 0.243366 1.623716 1.796261 2.723418 0.551723 1.044192 0.526230 0.842731
0.000151 0.000462 -0.295145 -0.273281 0.305465 0.000500 -0.000799 0.001021 0.100091 0.000573 0.020257 0.025395 0.000282 0.000038 -0.000144 0.217536 0.000442 0.001501 -0.000308 -0.140791 0.000625 0.001718 -0.001065 0.453321 0.614649 0.000813 0.612372 0.001179 -0.000173 -0.293342 -0.000006 0.000910 0.000984 0.399912 0.000473 0.000067 0.041101 0.402309 0.006946 0.001734
-0.000245 -0.001067 -0.001014 -0.001594 -0.125055 -0.001460 0.000844 -1.380845 -0.490125 -0.940031 -0.366738 -0.552110 0.000275 0.000109 -0.769434 -0.407316 -0.477818 -0.000366 -0.000094 0.000226 -0.453876 -0.370109 -0.708818 -0.000932 -0.029896 -0.310871 -0.854371 -1.061745 -0.000417 -0.336540 -0.001055 -0.215100 -0.000575 -0.000636 -0.200855 -0.368977 -0.001101 -0.074505 0.000137 -0.000419
0.669638 0.888921 1.373649 0.394636 0.000547 0.291712 0.427715 0.307881 0.846373 1.447183 0.000292 0.000611 0.418408 1.810296 0.044334 0.601493 0.901719 0.000515 0.567049 -0.000286 1.037030 0.000670 0.910141 0.929368 1.896918 1.080638 1.395331 1.287065 0.197769 0.477335 0.001189 -0.000256 1.406522 0.573943 0.422886 0.180064 1.251456 -0.001214 0.436841 0.000811
0.459751 0.202979 0.001417 1.464268 -0.000018 0.255716 0.905676 0.813064 1.599653 1.385487 0.923934 0.836981 2.602096 0.647081 -0.000218 0.000275 1.054137 -0.000384 0.634714 1.403027 1.233195 0.540725 0.070257 2.246338 0.736459 1.483356 1.552494 0.734048 1.176143 0.988853 0.404347 0.530069 0.663903 1.201106 0.595938 0.800525 1.689246 0.041812 0.000991 0.279492
-0.000021 0.000527 -0.001105 0.000185 0.000769 0.694998 0.000883 1.363779 0.000896 0.181042 0.001174 -0.000786 0.000290 0.000507 0.000945 1.637804 0.001430 0.001368 0.000831 0.000428 0.000847 0.160790 0.000591 0.000230 0.000195 -0.000575 0.001478 0.142434 0.000388 0.000103 0.000080 0.000082 -0.000130 0.081836 -0.000621 0.532614 0.001257 0.000643 0.000473 0.001177
-0.001055 -0.000411 -0.000921 -0.063237 -0.001036 -0.274499 -0.000361 -0.278356 0.000205 -0.000285 -0.549148 -0.000080 0.000209 -0.233067 -0.193183 -0.095701 -0.000219 0.001011 -0.000163 0.508081 -0.001787 -0.233352 -0.994691 -0.001125 -0.000219 0.000131 -0.001552 -0.523433 0.000532 0.000451 -0.511643 -0.370103 -0.000453 0.000033 -0.606081 0.000049 0.000648 -0.000334 -0.001309 -0.000126
