0.000525 -0.000119 0.000716 0.000169 -0.001769 0.000209 -0.000384 0.000223 -0.000905 0.000601 -0.001094 -0.000579 -0.001292 0.000094 -0.042940 -0.000014 0.000308 -0.001254 0.000022 0.000137 -0.000999 -0.000050 -0.000473 -0.001283 -0.000382 -0.001104 -0.000856 0.001671 0.001151 0.000645 -0.000901 -0.028250 0.000823 -0.000483 0.000615 0.000414 0.000933 0.000601 0.001005 0.000512
0.278382 -0.000136 0.000812 0.001041 -0.000560 0.000874 -0.000281 -0.000403 -0.000960 -0.000904 -0.000110 0.000966 -0.000990 0.001161 -0.001035 0.000016 0.000044 0.001040 0.000525 0.000125 -0.000690 -0.000445 -0.000411 -0.001349 -0.000669 -0.000964 0.000370 0.000125 0.368022 -0.001628 -0.001085 -0.000500 0.001180 0.001074 -0.001403 0.000924 0.000961 0.001053 0.000981 0.000338
-0.000050 0.001631 -0.000102 -0.000477 -0.000322 0.000496 0.163894 0.000537 0.000998 -0.000534 0.000437 0.000543 0.174864 0.000599 0.001242 -0.000367 -0.000167 0.000781 0.001640 0.000110 -0.000232 0.000913 0.000863 -0.000100 0.000767 0.001273 -0.000523 0.000910 0.000378 0.001756 0.000168 0.000698 -0.000091 0.000941 0.000773 0.000384 -0.000518 -0.000674 0.000503 0.000098
0.000261 -0.000526 0.000030 -0.000217 0.000200 -0.000864 0.000970 -0.000172 -0.001493 0.001197 0.001400 0.000031 0.000716 -0.000660 0.000359 -0.000441 0.000634 0.000371 0.000186 0.001051 0.000582 0.000119 0.000230 -0.000063 -0.000313 -0.000268 0.000161 -0.000274 0.000663 -0.001059 0.000317 -0.000536 -0.000311 -0.000585 0.000415 -0.000803 -0.000070 0.000239 0.000635 -0.000164
-0.001322 -0.000528 0.000671 0.000618 0.000309 0.000989 -0.000434 -0.001069 0.000440 -0.000334 0.398396 0.000271 0.001589 -0.000112 -0.000279 -0.000376 0.000058 0.000252 0.000065 0.000329 0.000517 0.000597 0.000640 0.000867 0.001047 0.000261 -0.000086 -0.000107 0.000941 0.000450 0.000129 0.000855 0.000848 -0.000399 0.000072 -0.000400 0.001006 0.032417 0.000539 0.001282
0.000408 0.188139 0.000514 0.000963 0.000704 0.000940 0.000375 -0.000349 0.001375 0.001330 0.001152 0.000309 0.001463 0.001027 0.001453 -0.000256 0.000181 0.001573 0.000504 0.001256 0.000641 0.081034 0.000335 0.000279 0.000517 0.000513 0.000821 -0.000284 0.000248 -0.000040 0.000728 -0.000523 -0.000701 0.000098 0.001251 0.000678 0.000754 0.000860 -0.000443 0.051371
0.000721 0.001385 0.001204 -0.000435 0.000559 -0.000153 0.000088 0.157858 0.000548 -0.000482 -0.000049 -0.000327 -0.000637 0.001028 -0.000065 0.000799 0.000189 -0.000799 0.000261 -0.000593 0.000562 0.000246 0.001095 0.000704 0.000730 0.001013 -0.000387 -0.000692 -0.001068 -0.000218 0.000177 0.000514 -0.001245 0.000936 -0.000328 0.045017 0.000605 -0.000386 0.000622 0.000551
-0.000207 0.000460 -0.000725 -0.004819 -0.000972 -0.001053 0.000861 0.000275 0.000968 -0.001072 -0.001806 0.000357 -0.000001 -0.000184 -0.001165 -0.000225 -0.000390 -0.000429 0.000620 0.000406 0.000348 -0.001141 -0.000680 -0.000482 0.000434 -0.000937 -0.000259 0.000282 0.000146 0.000420 -0.000859 -0.001443 0.001042 -0.000656 -0.000804 -0.001011 0.000738 0.000504 -0.001065 -0.008928
0.000739 -0.000427 -0.000576 -0.038422 0.000130 -0.000825 0.000759 -0.000114 0.000701 -0.001543 -0.132776 0.000142 -0.000965 0.000716 -0.001001 0.000136 -0.001541 -0.000353 -0.000314 0.000529 0.000178 0.000386 -0.001144 -0.000970 -0.000394 -0.000479 -0.000105 0.000731 0.000208 0.000012 -0.000658 -0.109292 0.000946 0.001576 -0.001094 -0.001128 -0.000694 -0.000915 -0.000039 -0.000473
0.000334 -0.001353 -0.000401 -0.000028 -0.000391 0.000597 -0.000784 -0.000611 -0.051764 -0.001231 0.000301 -0.334966 -0.000581 0.000474 -0.000798 0.000246 -0.001415 -0.000222 -0.122465 0.000925 0.000217 -0.038597 0.000401 -0.000470 -0.001545 -0.001548 -0.494208 -0.000600 0.000951 -0.000813 -0.000584 0.000278 -0.000482 -0.000605 0.000154 -0.000709 -0.000312 0.001154 -0.000173 -0.000924
0.000229 0.000979 0.206303 0.441393 0.557073 0.000351 0.015371 0.000141 0.000474 -0.000120 0.818604 0.000008 0.405001 0.001311 0.453433 0.000389 0.001482 0.666208 0.000421 0.000258 -0.000277 0.001328 0.001416 0.034924 0.517254 0.001161 -0.000148 -0.000560 -0.000460 0.000270 0.000731 0.275973 -0.000084 -0.000528 0.001046 0.000097 0.000038 0.000997 0.000601 -0.000005
0.000362 0.001315 -0.000869 -0.000750 -0.000600 0.000040 0.000525 0.000193 0.001517 0.000319 -0.001132 -0.000001 -0.000622 -0.001353 -0.000466 -0.000329 0.000515 0.000311 0.000234 -0.001174 0.001047 -0.000979 0.000504 -0.000539 -0.000948 0.000750 0.000604 -0.000430 -0.000049 -0.000791 -0.001003 -0.000915 0.001022 0.000531 0.000588 0.000512 -0.000308 -0.000572 0.000581 -0.082474
0.000205 0.001348 0.977439 0.451087 0.000881 0.000419 0.059647 0.000669 0.001527 0.170728 0.067686 -0.000257 -0.000020 0.001182 0.264885 -0.000917 0.000034 0.000440 0.001788 0.000632 0.000581 1.142070 0.072336 0.564127 0.045331 0.001286 0.001323 0.000663 -0.000430 0.000957 0.000835 0.001646 0.000350 0.001466 -0.000574 0.000558 -0.000493 0.000099 0.001274 0.180614
-0.000727 0.001145 0.000616 0.001410 -0.000003 -0.000426 -0.000277 0.001248 -0.000562 0.000305 0.000401 0.000556 0.001536 0.000301 -0.000033 0.000609 0.000353 0.000409 0.000307 0.000216 -0.000231 0.000776 -0.000183 0.011532 -0.000315 0.000899 0.000189 0.000248 -0.000067 -0.000242 -0.000342 0.001254 0.000959 0.001582 0.000232 0.000206 0.000320 0.001240 0.000535 0.001012
0.000551 0.001467 0.000028 0.083494 0.024426 -0.000090 -0.000172 0.000228 0.000917 0.000958 0.109893 0.001215 0.000941 0.000792 0.001678 -0.000178 0.001176 0.087061 0.276023 0.000045 0.000435 0.000573 0.001143 0.000763 -0.000678 -0.000691 -0.000267 0.000174 0.000822 0.000895 0.255446 0.250841 -0.000012 0.000933 -0.000868 0.000537 0.000422 0.001530 -0.000420 0.001079
-0.000165 -0.000894 -0.000324 0.000148 -0.001022 -0.000361 -0.000502 0.001125 -0.001480 -0.000808 -0.000115 -0.001244 -0.000070 -0.000306 -0.000928 -0.000357 -0.001005 -0.001094 0.000311 -0.000069 -0.000383 -0.000018 -0.001035 -0.000032 -0.000632 -0.006546 0.000665 0.000623 0.000359 -0.000118 -0.000212 0.000361 -0.000455 0.000244 0.000076 -0.000623 -0.000639 0.000896 0.001229 -0.000580
0.000000 0.000000 0.000000 0.000000 0.000000 0.000000 0.000000 0.000000 0.000000 0.000000 0.000000 0.000000 0.000000 0.000000 0.000000 0.000000 0.000000 0.000000 0.000000 0.000000 0.000000 0.000000 0.000000 0.000000 0.000000 0.000000 0.000000 0.000000 0.000000 0.000000 0.000000 0.000000 0.000000 0.000000 0.000000 0.000000 0.000000 0.000000 0.000000 0.000000
0.000443 -0.000446 0.033639 0.000859 0.344481 0.000666 0.000014 -0.000742 -0.000979 0.000573 0.000301 0.001084 0.001558 0.000004 0.001913 0.000037 -0.000824 0.000146 0.132773 0.000555 0.001720 -0.000081 0.001094 -0.000161 -0.000402 0.000350 0.000139 -0.000263 0.001035 0.000112 0.001346 0.001268 -0.000007 0.008236 -0.000817 0.000365 0.000813 0.001276 0.000624 0.001584
0.000198 0.001428 -0.000087 0.665598 0.001810 0.000128 0.000756 0.000534 0.000272 0.000188 0.000684 -0.000543 0.001424 0.001175 0.000245 -0.000265 0.000972 0.000735 0.000896 0.001439 0.000358 0.000209 0.000194 -0.000160 0.001034 0.000766 0.000439 -0.000299 0.000634 0.001023 -0.000849 0.000357 -0.000193 0.000814 0.000782 0.000442 0.000899 0.000991 0.000366 -0.000069
0.604061 0.000663 0.000081 0.000169 0.000762 -0.000370 0.001566 0.000810 -0.000402 0.000527 0.000247 0.000479 0.000496 0.000551 0.000965 0.421863 -0.000452 0.000322 0.000914 0.430218 0.000163 0.001316 -0.000100 0.000125 0.001208 0.000097 -0.001166 -0.000011 0.000889 -0.001018 -0.000709 0.001271 0.037780 0.001114 -0.000816 0.001250 -0.000209 0.000224 0.599188 0.335364
0.000496 -0.000272 0.000678 -0.001187 -0.000198 -0.000350 0.000058 -0.000374 -0.000999 -0.001321 0.000514 0.000822 0.000211 0.001202 0.000204 -0.000390 -0.001012 -0.001061 0.000010 -0.000578 -0.000742 -0.001050 -0.001244 -0.170275 0.000903 0.000590 0.000051 -0.000118 -0.000163 0.000618 -0.000402 0.000211 -0.000219 0.000055 0.000525 0.001073 -0.000575 0.000052 -0.000062 -0.000736
-0.000291 0.001411 0.790954 0.000120 -0.000101 -0.000057 0.000924 0.000537 0.000667 -0.000751 0.000055 0.001045 0.000207 0.001388 0.000522 0.001164 0.000362 0.001541 0.001056 0.001337 -0.000745 0.001383 -0.000444 0.000265 0.000853 -0.000278 -0.000124 -0.000703 -0.000945 0.000994 -0.000850 0.001744 -0.000394 0.000926 0.001090 -0.000443 0.001583 0.000142 -0.000364 0.000948
0.000266 0.000235 0.122346 0.000339 0.000138 0.001029 0.001149 0.000224 -0.000452 0.000776 -0.000250 -0.000635 0.141595 -0.000240 0.000108 -0.000837 0.000254 -0.000165 -0.000296 0.056031 0.000437 0.000349 -0.000162 -0.000058 0.000076 0.000775 0.001007 0.001374 0.001429 0.000606 0.000456 -0.000699 -0.000748 -0.000026 -0.000745 -0.000691 -0.000669 0.001333 0.000316 0.000904
0.000583 -0.000256 -0.000176 0.000701 0.001059 -0.000472 0.001084 0.000781 -0.000387 -0.000538 0.148043 0.000759 0.001401 0.233881 0.000515 0.001097 0.000670 -0.000184 -0.000109 -0.000056 0.001665 0.001104 0.451138 -0.000073 -0.000384 0.000880 0.001022 0.000191 0.001349 0.001026 0.000253 0.000206 -0.000488 0.044533 0.000229 0.000027 0.001009 0.001289 0.001414 0.000965
-0.000353 0.432226 0.447067 0.000939 0.000431 0.001318 0.001087 0.000353 -0.000193 0.001245 0.000580 0.001317 0.001516 0.291298 0.001001 -0.000014 -0.000150 0.018975 0.000456 0.000622 -0.000301 0.000513 -0.000871 0.000141 0.000676 0.000096 0.001237 -0.000432 0.001034 -0.000255 -0.000563 -0.000129 0.000900 -0.000055 0.000283 0.000327 0.226270 0.046078 0.000337 0.000718
0.000006 0.001202 0.000207 -0.000145 0.450793 -0.000790 0.000508 0.001136 0.402966 -0.001358 -0.000855 0.000751 0.000902 0.000226 -0.000064 -0.000136 -0.000394 -0.000665 0.018532 -0.000010 -0.000515 0.000850 0.000112 -0.000403 0.000355 0.001236 0.001058 0.001069 0.000338 -0.000402 -0.001131 0.000844 -0.000530 0.000573 0.000773 -0.000929 0.000767 0.000292 -0.000313 -0.000039
-0.000626 0.001036 -0.000588 -0.001730 -0.000840 -0.000861 -0.000137 0.001059 0.000669 -0.000336 -0.000017 0.000046 -0.000737 -0.000222 0.000054 -0.000440 -0.000933 0.000687 0.000157 -0.000552 0.000782 -0.000228 0.000950 -0.000182 -0.000710 -0.000705 -0.000766 -0.000294 -0.000302 -0.001082 -0.000797 0.000014 -0.000430 0.000547 -0.001010 0.000061 -0.001172 -0.000662 -0.001204 -0.000228
0.481559 0.000298 -0.000164 -0.000655 -0.000184 -0.000757 0.001441 0.000759 -0.001404 0.000337 -0.000126 -0.000027 -0.000245 0.000010 0.000641 0.000319 -0.000254 0.000066 -0.000133 0.001446 0.000922 -0.000043 -0.000162 -0.001478 -0.000338 -0.000456 0.000199 -0.000929 -0.000758 -0.000468 -0.000986 -0.000428 0.000558 0.000818 -0.001004 0.000919 -0.000199 0.000214 0.937523 -0.001075
-0.000721 -0.000146 -0.001248 -0.000921 -0.294997 0.000332 0.000392 -0.000503 0.000065 -0.000327 -0.074236 -0.000706 -0.784917 -0.000707 -0.001462 0.000131 -0.230376 -0.000041 -0.289087 -0.001355 -0.089687 -0.037592 -0.435217 -0.296396 -0.051610 -0.324756 -0.017985 -0.000268 -0.001255 -0.064762 -0.001765 -0.104354 0.276606 0.000575 -0.000703 -0.000968 -0.000491 -0.001110 0.000874 -0.050504
-0.000022 0.000023 0.001436 -0.000274 -0.000279 -0.000815 0.000192 0.000784 0.001344 -0.000630 0.000344 0.001199 0.000622 0.000499 -0.000258 0.000537 0.001232 -0.000150 -0.000134 -0.000184 0.001587 0.000425 1.085331 -0.000274 -0.000105 0.000994 0.000900 0.001395 0.001150 0.000226 0.000106 -0.000494 -0.000051 0.000885 -0.000461 0.000410 -0.000021 -0.000188 0.000296 -0.000320
0.000916 0.000440 0.000417 0.430338 0.627277 0.000221 0.141788 0.355056 -0.000592 1.473227 0.293525 0.001370 0.282927 -0.000353 1.105989 0.062821 0.001331 0.001557 0.054619 0.597645 -0.000965 0.000300 0.068443 0.932793 0.000265 0.001528 -0.000047 0.263765 0.000983 0.001275 0.001179 0.055298 0.535366 0.001419 0.000752 0.318102 0.149366 0.026790 0.000658 0.067798
-0.001083 0.000310 0.000293 0.000309 0.000947 0.000546 0.000453 0.000949 -0.000208 0.001630 0.815333 -0.000850 0.154923 0.000096 0.113740 -0.001122 0.001430 0.000485 0.000353 0.000000 0.000210 0.001109 0.000660 0.000649 0.001013 0.001326 0.000885 0.000366 -0.000131 0.000173 0.001159 0.000267 0.000327 -0.000364 0.000222 -0.000778 -0.000446 0.001367 0.000082 0.026692
0.501260 0.000467 -0.000877 -0.000053 -0.001069 0.000793 -0.000255 0.000068 -0.001193 0.000872 0.000653 0.001446 0.000053 0.001012 0.000440 0.000796 -0.001223 0.000329 0.000998 -0.000210 -0.001141 0.000635 -0.000445 0.000473 0.000252 0.000159 0.000898 0.000348 0.000787 -0.000823 0.000515 0.000490 0.000576 0.000338 -0.001286 0.228752 -0.000113 0.000534 0.000802 0.144201
0.001209 0.495885 0.000733 0.000628 0.000725 0.000697 0.013504 0.131056 0.001387 -0.000553 0.001434 0.084698 -0.000470 0.408807 0.001437 0.001309 0.001315 0.765639 0.311878 0.000362 0.765572 0.052796 -0.000299 -0.000069 0.557395 0.000849 0.000020 0.000649 0.001520 0.000861 0.001073 0.000444 -0.000013 0.405346 -0.000507 0.000566 0.000365 0.207699 0.001107 0.000226
0.000659 0.000163 0.000961 0.000017 0.203416 -0.000699 0.001266 0.005438 0.238079 0.000242 0.247213 -0.000420 0.001148 -0.000729 -0.000571 0.000670 0.000545 0.000564 0.000469 0.001401 0.000537 -0.000373 0.000858 0.000460 0.000239 0.143775 0.119748 -0.000183 0.001204 0.001127 0.000184 0.000639 -0.000140 -0.000067 -0.000407 -0.000885 -0.000226 -0.000448 0.000180 -0.000152
0.001198 0.000831 -0.001062 -0.000233 -0.000984 0.000403 0.001278 0.000791 0.000089 0.000488 -0.199958 -0.000921 -0.001204 0.054335 0.000378 -0.000048 -0.000512 0.000417 -0.001257 0.000130 -0.089369 -0.001013 -0.000870 -0.006771 0.000040 0.000128 0.000181 -0.000461 -0.000037 -0.000310 -0.001382 -0.001119 0.000072 -0.000163 -0.000993 0.000251 0.000639 0.000252 -0.000055 0.000503
0.000144 0.655462 0.587395 0.279025 -0.000172 -0.000291 0.516764 0.000777 -0.000106 0.001404 0.001378 0.223536 0.152104 0.304054 0.161925 -0.000262 0.000819 -0.000012 1.074948 1.113996 0.000355 0.000122 -0.000239 0.001172 0.234360 0.000110 0.000527 0.679287 -0.000466 0.000874 0.000698 0.577090 0.000616 0.000180 -0.000179 1.435571 0.003605 0.407707 0.696590 0.000376
0.001327 0.092009 0.001239 0.001459 -0.000412 0.000755 -0.000745 0.000391 0.000713 0.001391 0.001220 0.098868 0.000475 0.000125 0.000355 0.000670 0.001093 0.093245 -0.000757 0.000614 0.000918 0.000111 0.000752 0.001048 0.001093 -0.000104 0.000863 0.000024 0.001238 -0.000263 0.000971 0.001169 0.000450 0.001296 0.001209 -0.000569 -0.000349 0.000473 0.000544 -0.000432
0.001300 0.001310 0.000190 -0.000389 -0.000467 0.000533 -0.000019 0.047002 -0.000782 -0.000488 -0.000828 0.000043 0.000401 0.000941 0.000587 0.001538 -0.000995 0.000635 -0.000765 0.275036 -0.000736 -0.000717 -0.001393 -0.001038 0.000507 0.000608 -0.001126 -0.000505 -0.000363 -0.000147 0.000782 0.000142 0.001607 0.000988 -0.000016 0.348185 0.000610 0.000555 -0.000262 0.000229
0.000070 0.001450 0.000268 -0.000411 -0.000747 0.000883 0.107705 0.001552 -0.000210 -0.000750 -0.000107 0.000579 0.000164 0.170918 0.001204 0.001570 0.000936 0.000255 0.000161 0.000555 0.000337 -0.000101 0.000136 0.000117 0.000896 -0.000144 0.000217 0.000737 0.000214 -0.000778 -0.001067 -0.000941 -0.000308 0.000650 -0.074763 0.000479 -0.000346 0.000778 0.406325 0.001023
