0.438549 0.461273 0.424593 0.421129 0.356439 0.413602 0.43119 0.484487 0.406254 0.412521 0.403046 0.370683 0.411306 0.432585 0.422132 0.363762 0.44231 0.454358 0.386063 0.342225 0.34127 0.441955 0.453934 0.433038 0.396426 0.388659 0.473358 0.429858 0.353071 0.444617 0.356226 0.41357 0.371763 0.361677 0.420229 0.42428 0.420617 0.454757 0.374081 0.410765 
0.411032 0.391137 0.353269 0.310471 0.441603 0.43274 0.368776 0.442661 0.340766 0.400059 0.356118 0.337645 0.392811 0.365494 0.404946 0.354511 0.340875 0.285014 0.442894 0.346039 0.306957 0.393481 0.360613 0.410566 0.357709 0.311009 0.282928 0.351615 0.402203 0.399963 0.349762 0.317155 0.393668 0.35652 0.299756 0.271359 0.399823 0.346827 0.350888 0.324088 
0.519581 0.477417 0.533709 0.505232 0.483681 0.484703 0.508189 0.509791 0.503073 0.513271 0.507434 0.484218 0.511742 0.515281 0.460144 0.45213 0.461279 0.494967 0.468128 0.467527 0.544432 0.52493 0.544332 0.511208 0.510836 0.495741 0.55622 0.530403 0.45192 0.50089 0.482969 0.497904 0.441485 0.532099 0.486883 0.484874 0.486548 0.476961 0.448668 0.543729 
0.577834 0.554459 0.520737 0.543428 0.521465 0.488733 0.521015 0.399622 0.550009 0.5145 0.464231 0.5086 0.518145 0.480214 0.516313 0.493889 0.449519 0.430663 0.559598 0.543222 0.48975 0.525073 0.493744 0.523039 0.526506 0.568688 0.558189 0.521418 0.431068 0.47597 0.493132 0.496942 0.542226 0.427037 0.452695 0.443238 0.512763 0.519395 0.524739 0.47585 
0.434327 0.457693 0.432435 0.377982 0.386976 0.443949 0.443351 0.406368 0.372442 0.388567 0.3771 0.480955 0.409084 0.374803 0.440179 0.41085 0.493571 0.429941 0.482175 0.40227 0.372885 0.376612 0.426675 0.402499 0.422985 0.459656 0.333053 0.438515 0.338012 0.363617 0.394545 0.456568 0.412189 0.422042 0.423316 0.454413 0.407417 0.477116 0.399328 0.407035 
0.459646 0.408686 0.443853 0.393374 0.385126 0.386103 0.391485 0.391734 0.400153 0.328934 0.391126 0.387132 0.3099 0.396838 0.308938 0.453707 0.326414 0.297437 0.402838 0.362738 0.400424 0.311919 0.315066 0.390961 0.47568 0.31375 0.360896 0.307523 0.405252 0.411962 0.40208 0.364183 0.30431 0.385351 0.470837 0.395978 0.331389 0.325899 0.265478 0.391608 
0.410038 0.461476 0.457008 0.490237 0.423943 0.410441 0.447966 0.444011 0.464868 0.423546 0.44144 0.419879 0.406695 0.475735 0.440112 0.422806 0.409633 0.403178 0.404339 0.393098 0.463979 0.463984 0.480344 0.422645 0.412387 0.362588 0.420991 0.413136 0.454208 0.427314 0.411155 0.46323 0.332934 0.446195 0.355709 0.426897 0.446295 0.434826 0.409483 0.422601 
0.492861 0.445266 0.4659 0.485996 0.480994 0.475407 0.438427 0.421794 0.478195 0.420622 0.414474 0.493953 0.46668 0.473585 0.439405 0.513078 0.518918 0.505177 0.43803 0.42438 0.487844 0.420199 0.441428 0.481388 0.450805 0.477901 0.505099 0.417599 0.43136 0.382585 0.423322 0.465688 0.478992 0.377202 0.489317 0.458781 0.495918 0.382774 0.416789 0.4141 
0.513519 0.524262 0.561409 0.520858 0.452718 0.450347 0.448459 0.518632 0.578918 0.559751 0.50799 0.526919 0.52895 0.559497 0.512704 0.443329 0.516681 0.474224 0.500439 0.586477 0.520423 0.4399 0.518438 0.428666 0.526142 0.511204 0.569368 0.474969 0.520824 0.454029 0.577228 0.361686 0.490074 0.498594 0.511366 0.456756 0.42782 0.402657 0.57399 0.374245 
0.505963 0.470922 0.488421 0.512189 0.48161 0.50137 0.485443 0.535453 0.510526 0.40816 0.510939 0.524431 0.518158 0.564415 0.472538 0.444797 0.48859 0.497739 0.462236 0.428959 0.466949 0.462833 0.475713 0.516614 0.417549 0.487915 0.477151 0.504396 0.530796 0.485051 0.545918 0.504858 0.474935 0.351495 0.467603 0.44738 0.516141 0.440691 0.525647 0.519549 
0.500113 0.485844 0.441071 0.486307 0.476358 0.480446 0.419688 0.483475 0.447098 0.460569 0.488768 0.450733 0.470218 0.453357 0.472815 0.447066 0.470398 0.446094 0.389106 0.500198 0.467488 0.447365 0.392184 0.479563 0.448233 0.469982 0.438645 0.381623 0.44864 0.462699 0.503222 0.525921 0.465955 0.471358 0.429566 0.535523 0.378853 0.488425 0.478062 0.4375 
0.478514 0.473641 0.477063 0.323475 0.323388 0.318195 0.314281 0.463475 0.49388 0.476112 0.450231 0.504234 0.312453 0.463203 0.483156 0.462255 0.469895 0.357676 0.315572 0.319676 0.309147 0.480902 0.350377 0.352342 0.336261 0.277105 0.322136 0.295998 0.342597 0.309732 0.481572 0.494612 0.279991 0.309167 0.464397 0.310644 0.30824 0.495581 0.329774 0.497781 
0.517359 0.516853 0.485143 0.475015 0.515214 0.467266 0.505304 0.562621 0.514459 0.569284 0.582693 0.508788 0.460672 0.414772 0.471823 0.533254 0.557799 0.41837 0.443961 0.51921 0.537626 0.534052 0.567747 0.52934 0.564013 0.521233 0.497671 0.50567 0.515087 0.51815 0.486886 0.512401 0.428524 0.56527 0.476904 0.478067 0.527089 0.574872 0.449506 0.513174 
0.504441 0.504662 0.522406 0.511242 0.492529 0.502305 0.481863 0.430168 0.516039 0.504643 0.551652 0.478495 0.507622 0.473152 0.492706 0.524807 0.530201 0.506571 0.412947 0.498224 0.49518 0.528281 0.476232 0.468067 0.539042 0.462451 0.540389 0.506842 0.489914 0.461459 0.506488 0.485549 0.395825 0.46253 0.496759 0.48145 0.479036 0.504255 0.463176 0.41901 
0.390824 0.454277 0.462449 0.4632 0.492261 0.425801 0.435802 0.390887 0.480887 0.43311 0.450408 0.391607 0.466084 0.50138 0.426885 0.388052 0.506166 0.425825 0.40504 0.425823 0.330374 0.513542 0.4637 0.381213 0.48835 0.470854 0.365172 0.389518 0.458935 0.415735 0.364751 0.467202 0.438969 0.352029 0.461976 0.354278 0.435337 0.427698 0.426744 0.431349 
0.467516 0.423149 0.369834 0.475387 0.466575 0.470513 0.379909 0.484419 0.404232 0.312385 0.394942 0.324427 0.381906 0.393625 0.497285 0.40722 0.397518 0.299291 0.413309 0.407933 0.345756 0.322598 0.393511 0.319389 0.409368 0.393516 0.420913 0.407407 0.413047 0.286855 0.31299 0.393003 0.320336 0.409859 0.490453 0.274595 0.305139 0.382515 0.316206 0.486712 
0.463369 0.4574 0.452758 0.459201 0.460189 0.332765 0.327182 0.455281 0.461692 0.470391 0.458604 0.297835 0.300082 0.317387 0.318754 0.464742 0.459659 0.306187 0.445322 0.287081 0.317269 0.447886 0.351008 0.333965 0.469358 0.483154 0.458381 0.322766 0.330215 0.445883 0.312353 0.311123 0.453677 0.341489 0.289295 0.290929 0.292719 0.25629 0.475938 0.327964 
0.432588 0.425213 0.423168 0.413287 0.322926 0.405732 0.423434 0.424793 0.344715 0.469087 0.428787 0.395109 0.387814 0.349947 0.318578 0.42973 0.297318 0.400976 0.431988 0.43269 0.432429 0.432409 0.425243 0.342226 0.39913 0.469464 0.437075 0.396738 0.435776 0.414478 0.385207 0.422705 0.387421 0.359012 0.37205 0.370227 0.432316 0.376504 0.4612 0.397797 
0.559776 0.560502 0.558215 0.536811 0.516178 0.555966 0.553284 0.525924 0.522498 0.513309 0.523256 0.476047 0.544134 0.533826 0.511557 0.560022 0.535747 0.465413 0.502006 0.564856 0.478813 0.557682 0.475832 0.45687 0.588408 0.550892 0.576363 0.521324 0.595238 0.419533 0.440689 0.503346 0.563581 0.515949 0.467793 0.567542 0.481975 0.524529 0.475589 0.558687 
0.469024 0.475971 0.429286 0.400751 0.412983 0.384861 0.413101 0.417294 0.363823 0.37998 0.407094 0.441319 0.419565 0.358471 0.375666 0.371303 0.393634 0.370665 0.351678 0.428992 0.424947 0.401816 0.441416 0.408363 0.387803 0.41011 0.394154 0.405832 0.383206 0.374401 0.409433 0.473844 0.329474 0.453011 0.415663 0.453665 0.377958 0.413076 0.320742 0.390922 
0.504584 0.501188 0.362895 0.36792 0.506004 0.528534 0.536079 0.52821 0.503595 0.505762 0.367465 0.362768 0.364405 0.524365 0.347621 0.365416 0.360676 0.350405 0.361979 0.511771 0.52972 0.540738 0.517371 0.350299 0.509833 0.530306 0.324198 0.515926 0.322753 0.373548 0.352702 0.34203 0.334028 0.334362 0.347698 0.346926 0.512079 0.547342 0.507018 0.506661 
0.617598 0.616285 0.580897 0.576007 0.584596 0.483153 0.535162 0.576672 0.575038 0.574298 0.610813 0.516117 0.507603 0.57618 0.531315 0.505986 0.532571 0.572488 0.508252 0.616219 0.582683 0.53339 0.580274 0.514681 0.545263 0.58394 0.44059 0.575137 0.552909 0.516096 0.564522 0.574934 0.581719 0.504279 0.467066 0.563733 0.576828 0.565352 0.514017 0.569108 
0.451496 0.475881 0.531225 0.44782 0.472948 0.474778 0.452091 0.465736 0.430674 0.505237 0.388974 0.432698 0.501507 0.433368 0.463728 0.406413 0.425618 0.441223 0.461442 0.538644 0.438375 0.394001 0.502881 0.479038 0.444783 0.496852 0.482516 0.43617 0.370342 0.339905 0.38887 0.360919 0.500212 0.448528 0.37928 0.512366 0.474853 0.479666 0.423476 0.350042 
0.497656 0.531653 0.501174 0.464026 0.456173 0.499153 0.465711 0.492501 0.46337 0.489561 0.539365 0.435023 0.468645 0.409333 0.458378 0.427635 0.40735 0.479952 0.495865 0.460397 0.435191 0.453315 0.500749 0.443985 0.487206 0.425828 0.499465 0.450067 0.442283 0.50412 0.498697 0.424039 0.413345 0.4622 0.506054 0.457877 0.45547 0.464007 0.453218 0.548874 
0.518548 0.544637 0.577975 0.532625 0.582171 0.512866 0.563802 0.526157 0.55971 0.519411 0.587308 0.510384 0.525247 0.555342 0.556982 0.48616 0.504862 0.577588 0.566618 0.513306 0.588648 0.604157 0.52624 0.540984 0.472449 0.56067 0.523628 0.548698 0.428481 0.489434 0.551213 0.548505 0.455863 0.498406 0.549912 0.535768 0.472079 0.505702 0.512397 0.515142 
0.509938 0.567797 0.420137 0.55669 0.553743 0.476064 0.411765 0.482161 0.579697 0.428776 0.582706 0.41626 0.573236 0.585384 0.394713 0.485808 0.500077 0.4913 0.495675 0.43955 0.500127 0.403571 0.42798 0.581376 0.388397 0.408915 0.501677 0.509064 0.48258 0.591136 0.462048 0.37912 0.583598 0.569006 0.38565 0.454262 0.471987 0.475331 0.589097 0.527473 
0.496166 0.563296 0.5572 0.553246 0.487317 0.400879 0.362887 0.481989 0.559953 0.555967 0.559951 0.493648 0.409869 0.442136 0.504825 0.481118 0.481233 0.464942 0.480609 0.486169 0.389935 0.385364 0.469819 0.567643 0.567869 0.57293 0.364112 0.368778 0.557084 0.590657 0.471183 0.456145 0.452727 0.499478 0.471228 0.471144 0.54981 0.444937 0.485298 0.468681 
0.441954 0.442489 0.443786 0.470977 0.468938 0.402548 0.481185 0.402921 0.406999 0.478803 0.509436 0.436524 0.507612 0.39071 0.428672 0.444971 0.434006 0.438284 0.421038 0.473428 0.440476 0.417166 0.370585 0.478908 0.483342 0.479971 0.467594 0.439359 0.524551 0.330053 0.509619 0.442404 0.51486 0.396278 0.364619 0.405598 0.359068 0.392384 0.471482 0.402028 
0.41784 0.429464 0.424928 0.44641 0.396332 0.43018 0.431638 0.478102 0.45474 0.399112 0.418322 0.390295 0.472271 0.406061 0.40258 0.410966 0.443909 0.427029 0.429562 0.373628 0.421426 0.397437 0.431546 0.448415 0.378731 0.449924 0.424824 0.442053 0.446359 0.294728 0.426971 0.425381 0.348073 0.407821 0.408612 0.328162 0.371291 0.406017 0.426014 0.398402 
0.35915 0.359967 0.35572 0.353281 0.345049 0.47237 0.47791 0.368234 0.484529 0.482815 0.350363 0.473482 0.354117 0.472635 0.495692 0.485469 0.505846 0.335566 0.319352 0.328858 0.473458 0.480827 0.324361 0.485479 0.487233 0.4844 0.313963 0.482348 0.483807 0.496456 0.368533 0.503245 0.495179 0.325176 0.493541 0.320352 0.272254 0.480343 0.489759 0.503285 
0.5247 0.439192 0.375221 0.384395 0.441199 0.487237 0.418468 0.48955 0.418857 0.518747 0.423184 0.536681 0.469946 0.418735 0.47584 0.524559 0.492785 0.346748 0.468643 0.488922 0.420017 0.559032 0.524963 0.421319 0.438184 0.37519 0.549404 0.480188 0.400669 0.461975 0.42613 0.417257 0.477848 0.462658 0.388271 0.483908 0.481682 0.518086 0.423406 0.490262 
0.471727 0.551604 0.550224 0.482078 0.556956 0.392978 0.550665 0.47107 0.474479 0.40295 0.46717 0.568887 0.53381 0.377673 0.468113 0.464043 0.541983 0.389892 0.404893 0.366781 0.47255 0.449407 0.413283 0.483766 0.548564 0.481476 0.483886 0.564585 0.558829 0.490055 0.468352 0.407386 0.480371 0.584419 0.544858 0.363306 0.505436 0.480919 0.46355 0.410409 
0.394316 0.393754 0.422226 0.334765 0.409343 0.458575 0.449325 0.463605 0.410959 0.37606 0.415122 0.44923 0.374603 0.416192 0.454069 0.405088 0.470619 0.379491 0.377291 0.390389 0.382663 0.415061 0.389608 0.370442 0.294319 0.403202 0.365389 0.463191 0.299242 0.359432 0.344779 0.368115 0.329998 0.308763 0.408511 0.358652 0.367104 0.411874 0.375699 0.401697 
0.460994 0.501812 0.537452 0.456832 0.431739 0.440571 0.402241 0.461665 0.501515 0.506047 0.545557 0.433556 0.452999 0.423154 0.457399 0.457312 0.451399 0.466761 0.501355 0.463172 0.465624 0.457535 0.526887 0.416161 0.504514 0.543961 0.452179 0.532641 0.477675 0.4741 0.470588 0.394236 0.462494 0.504228 0.495972 0.400127 0.358939 0.450211 0.404168 0.462879 
0.433775 0.487009 0.435069 0.488962 0.448896 0.36663 0.341191 0.430001 0.431896 0.494521 0.445403 0.433201 0.413658 0.422535 0.447718 0.444021 0.500241 0.496558 0.436124 0.419447 0.500608 0.369022 0.352489 0.427253 0.429545 0.432235 0.501727 0.335436 0.350713 0.439672 0.501554 0.43444 0.432599 0.493869 0.519754 0.425163 0.413232 0.509913 0.325048 0.431847 
0.457004 0.478476 0.483776 0.489534 0.367087 0.431739 0.405188 0.479876 0.478418 0.468695 0.428927 0.39786 0.451844 0.46019 0.411639 0.44339 0.495614 0.417547 0.446425 0.427462 0.466545 0.451641 0.484378 0.449338 0.378758 0.409706 0.41604 0.380545 0.427323 0.333164 0.481698 0.43831 0.445415 0.436614 0.42619 0.435535 0.472553 0.447278 0.413629 0.403231 
0.53183 0.522769 0.59573 0.521136 0.588533 0.601242 0.611253 0.581464 0.421944 0.511529 0.595127 0.506191 0.592649 0.509878 0.520342 0.489617 0.519635 0.521821 0.53463 0.525553 0.521374 0.512749 0.442015 0.514843 0.538937 0.468806 0.529177 0.608394 0.596853 0.496354 0.445475 0.605212 0.597749 0.602286 0.50517 0.481775 0.500567 0.397452 0.432397 0.610462 
0.488307 0.514503 0.436685 0.503035 0.466169 0.519515 0.429897 0.490536 0.443914 0.456994 0.522081 0.496589 0.483933 0.44572 0.449974 0.412356 0.476241 0.461119 0.347944 0.412171 0.472378 0.47588 0.449764 0.398518 0.518849 0.502539 0.436539 0.485863 0.434804 0.445116 0.523883 0.397197 0.401343 0.523448 0.481481 0.399487 0.484622 0.385159 0.443388 0.450585 
0.479436 0.469273 0.428539 0.477141 0.432823 0.485684 0.454293 0.497511 0.409846 0.450995 0.42834 0.504792 0.411698 0.422084 0.449308 0.379706 0.477003 0.413292 0.47321 0.48187 0.46076 0.469257 0.455472 0.494435 0.449862 0.478122 0.408836 0.390647 0.430283 0.446763 0.458559 0.480075 0.472746 0.467189 0.383503 0.506479 0.440615 0.43483 0.513929 0.412041 
0.447426 0.512768 0.417998 0.47312 0.483867 0.418571 0.464665 0.514278 0.474747 0.387112 0.435172 0.465256 0.467646 0.461364 0.485509 0.370229 0.473649 0.420226 0.467093 0.452131 0.478018 0.422632 0.472079 0.346334 0.516835 0.482886 0.504483 0.414927 0.419782 0.501904 0.42657 0.471197 0.469772 0.517931 0.516079 0.524586 0.407482 0.354111 0.414902 0.47463 
