 1  7  4 0.697917
 2  4  1 0.657778
 3  5  1 0.737500
 4  5  2 0.797619
 5  6  3 0.741935
 6  6  3 0.729167
 7 10  3 0.758333
 8  7  4 0.866667
 9 10  1 0.827586
10  4  2 0.703125
11  4  2 0.655914
12  8  1 1.000000
13  4  2 0.968750
14  7  1 0.744828
15  5  2 0.890625
16  7  4 0.968750
17  7  3 0.781250
18 10  2 0.625000
19  4  3 0.875000
20  4  1 0.763441
21 10  4 0.906250
22  6  4 0.718750
23  9  2 0.968750
24  5  3 0.724138
25  8  4 0.784946
26  7  2 0.838710
27  5  4 1.000000
28  5  4 0.866667
29  5  1 0.741935
30  7  2 0.941667
31  7  2 0.791667
32  9  1 0.833333
33  6  2 0.706439
34  4  4 0.633218
