 1  5  2 0.875000
 2  5  2 0.982222
 3  5  1 0.929167
 4  5  1 0.970238
 5  4  1 1.000000
 6  4  2 1.000000
 7  4  2 1.000000
 8  4  2 1.000000
 9  5  1 1.000000
10  4  1 1.000000
11  4  1 1.000000
12  4  1 1.000000
13  4  2 1.000000
14  7  1 0.972414
15  4  1 1.000000
16  4  2 1.000000
17  4  1 1.000000
18  4  2 1.000000
19  4  2 1.000000
20  4  2 1.000000
21  4  2 1.000000
22  4  2 1.000000
23  4  2 1.000000
24  5  2 1.000000
25  4  3 0.967742
26  4  2 1.000000
27  4  2 1.000000
28  5  2 0.966667
29  4  2 1.000000
30  4  2 1.000000
31  4  3 1.000000
32  6  1 0.976190
33  8  1 0.901515
34  7  4 0.854671
