 1  8  4 0.708333
 2  8  2 0.835556
 3  5  1 0.787500
 4  9  2 0.958333
 5  9  1 0.849462
 6  7  2 0.745833
 7  6  3 0.950000
 8  9  2 0.925000
 9  7  4 0.813793
10  4  1 0.937500
11 10  2 0.892473
12  8  1 0.969697
13 10  2 0.953125
14 10  2 0.858621
15  7  2 1.000000
16  9  2 0.984375
17  6  1 0.984375
18  9  2 0.968750
19  6  3 0.984375
20  6  3 0.956989
21  5  1 0.921875
22  4  4 0.984375
23  9  3 1.000000
24  9  2 0.903448
25  8  1 0.967742
26  6  3 0.935484
27  8  1 0.875000
28  7  2 0.850000
29  5  1 0.870968
30  5  1 0.941667
31  7  2 0.950000
32  4  2 0.869048
33 10  2 0.909091
34  5  2 0.823529
