-1.8569	0.72603	-0.82615	2.7965	1.6576	2.4284	1.4357	1.0249	-1.2844	-1.4868	-2.9303	-2.2584	3.0334	-2.8299	2.6102	0.21214	1.9941	-1.1453	0.23821	2.155	-1.0814	0.5116	2.4462	2.2995	-2.0329
-2.8891	0.78629	-1.0992	1.1632	3.9122	2.7945	-0.09523	-0.58947	-0.42735	-3.3863	-1.6401	-2.7947	4.7447	-4.7873	2.7066	-2.3252	0.72744	-1.4443	-1.4761	-0.10783	-1.7278	-2.2557	1.0241	0.70901	-0.17581
-3.1307	1.5887	-2.1323	0.5091	4.5727	3.3824	0.062499	-2.7179	-2.3759	-4.8295	-1.3119	-3.022	5.2191	-4.2657	2.0605	-3.7166	-1.6061	-2.8343	-3.7033	-2.1563	-1.2069	-3.4476	-0.3765	-1.94	2.1565
-3.3958	2.6081	-2.5446	-1.3065	5.9213	3.5914	-0.94653	-4.3232	-2.1392	-5.972	-1.7825	-3.3491	6.2981	-4.4332	1.2832	-5.0131	-4.4734	-4.1916	-4.4387	-4.0556	-1.0103	-5.0931	-0.77161	-1.2712	3.5078
-6.0352	2.4889	-3.3955	-3.5652	7.2269	3.7334	-1.4566	-4.9133	-2.7099	-7.5446	-0.11362	-5.057	6.7224	-5.9301	-0.25439	-6.638	-6.1264	-5.5029	-4.3598	-5.2828	-2.6817	-7.073	-3.7989	-3.3127	5.2662
-7.7426	3.1613	-4.4178	-4.569	8.3844	3.7447	-1.8938	-5.9873	-2.7441	-7.6411	0.3508	-6.3049	9.8339	-7.9035	0.24478	-8.881	-6.5632	-6.6666	-6.4762	-6.7921	-3.5427	-8.1007	-5.178	-5.5382	7.6508
-1.5672	1.2139	-1.3842	1.6114	1.7699	-0.12965	0.19417	2.4748	2.5532	1.8251	-1.2441	-0.71214	-1.7433	1.005	-2.2118	-2.1612	0.51898	0.18051	-2.6605	0.23239	0.44817	2.8733	1.0583	-1.4445	-3.0882
-2.0418	2.9291	-2.3364	-0.44566	4.2291	0.20252	-0.096305	0.91496	2.7764	0.072525	0.1418	-0.40796	-0.30993	-1.1375	-2.4314	-3.7887	-1.2975	-0.75041	-3.8936	-0.77427	-1.01	0.7084	-0.75502	-3.154	-1.3961
-2.6528	2.5882	-2.5595	-1.7336	6.3743	0.89202	-0.7062	-0.37564	2.8754	-1.0083	0.077001	-1.8312	0.23339	-1.6484	-3.8642	-4.9437	-2.4422	-2.4895	-3.9446	-3.7225	-1.4848	-1.1004	-3.4511	-5.221	0.35074
-4.3932	3.3818	-3.5169	-3.531	7.4008	1.0452	-0.94725	-1.8129	1.9725	-1.4726	0.20534	-2.6693	1.4356	-1.9474	-4.379	-6.6079	-6.0209	-4.2744	-5.0772	-4.4935	-1.2336	-2.9015	-4.7987	-6.0794	1.7819
-5.7165	4.0538	-4.6318	-6.9143	8.9504	0.91061	-3.6132	-2.5363	2.0382	-4.8964	1.5308	-3.0264	2.4765	-2.0245	-4.305	-7.8277	-6.5814	-5.2901	-5.3049	-6.3987	-2.2064	-4.9204	-6.7909	-7.4628	2.9629
-6.9201	3.9035	-6.829	-7.5334	9.5872	1.2618	-3.7059	-3.5358	1.4703	-5.9541	1.5062	-4.2488	3.2044	-3.2354	-5.573	-9.4964	-8.5506	-7.2386	-5.7935	-7.1721	-2.7952	-7.482	-8.0853	-9.3906	4.5891
-2.0261	1.4053	1.5651	-1.4705	-0.33288	-0.57808	-1.9291	-2.851	-2.6792	1.5437	-2.0754	-1.9932	-2.7427	2.9544	0.91305	0.60248	1.1582	1.8012	0.21548	-2.4442	-2.1632	2.2007	0.98849	-3.1236	-0.99724
-5.1396	1.1198	0.32295	-2.6716	0.79541	-0.58877	-2.8364	-3.5671	-3.0045	-0.49567	-1.6662	-3.0516	-1.1026	-0.25292	-0.17155	-1.0974	0.11684	1.2796	-1.3735	-2.2916	-2.3208	-1.1253	-0.56384	-4.1869	-0.33929
-5.7045	1.5963	-0.99152	-4.0333	2.0505	-0.10389	-3.8549	-4.5673	-4.1512	-3.2293	-1.4378	-3.8759	-1.4339	-0.56943	-1.1503	-2.6329	-1.9113	-0.12798	-1.0541	-5.4937	-2.7694	-1.9003	-2.7123	-5.8957	2.2241
-7.1139	2.5424	-1.8783	-5.8968	4.4987	0.38945	-4.3407	-5.3051	-4.565	-3.1752	-0.48297	-4.0633	1.6225	-1.5516	-0.60535	-4.8012	-3.2939	-1.7191	-2.4236	-7.4073	-2.9304	-3.1333	-3.3799	-7.8777	3.6464
-8.398	3.0926	-2.3982	-8.0073	5.4314	0.15844	-4.7733	-6.6208	-5.8759	-5.887	-0.18336	-5.5402	2.8707	-3.0422	-0.37322	-5.654	-5.1952	-2.9984	-4.8312	-7.3483	-3.1525	-4.926	-5.3848	-10.412	6.0153
-10.805	2.9534	-3.7162	-8.5445	5.5487	0.43265	-7.0227	-8.6806	-6.2659	-7.4157	0.81481	-7.1234	3.1788	-3.7167	-0.53525	-7.397	-7.2232	-3.7635	-4.7315	-10.13	-3.9639	-6.8307	-6.541	-10.457	7.1521
-0.70957	1.1942	-1.4182	-0.49646	-1.7192	0.87262	-0.46136	-1.2676	-2.1099	-2.9542	2.6237	-1.8576	3.357	-0.16345	3.3669	-1.351	-3.1703	1.6425	0.5935	2.4232	-2.6502	0.75085	-0.94414	3.1596	2.3617
-1.0762	3.0149	-1.8801	-2.0467	-1.4018	2.242	-2.4555	-3.6258	-3.8364	-4.2276	4.0758	-2.9793	3.0711	-1.0447	2.8651	-2.6786	-5.2635	0.79736	-0.99331	1.1944	-1.9587	0.35933	-2.725	1.6878	3.4283
-3.1319	2.3759	-4.1067	-2.6437	0.4373	3.0353	-2.5963	-4.7635	-3.601	-6.2317	3.8957	-4.2681	4.1724	-2.5853	2.5171	-4.0373	-5.8825	-1.6193	-0.83474	-0.68377	-4.2349	-1.9205	-4.3769	-0.078172	4.4308
-5.1484	1.5993	-4.9701	-4.0824	1.7977	3.5593	-3.524	-6.3268	-4.1003	-7.1171	3.4968	-5.5356	5.1721	-3.2056	2.708	-6.469	-7.7697	-3.4596	-2.1026	-2.4122	-5.0406	-3.4295	-5.6205	-1.0024	6.5534
-6.4208	1.9572	-5.6591	-5.4076	3.0567	3.0028	-4.0432	-7.0446	-4.0568	-8.7275	4.6656	-5.9485	6.9414	-4.3401	0.54541	-7.1786	-8.3234	-3.899	-3.6642	-3.6881	-4.3026	-4.8234	-6.9319	-2.9895	7.8679
-8.991	3.4966	-6.9164	-6.8182	4.4085	3.0898	-5.8386	-9.6387	-4.5453	-9.9463	5.4079	-6.5798	8.0307	-4.9589	1.4194	-8.963	-11.391	-5.0929	-5.2941	-4.8644	-6.0625	-7.5941	-8.7029	-5.3954	9.6945
1.252	-0.75817	-2.3489	-1.3825	0.19822	-2.3485	2.495	2.8684	-0.38803	-0.02333	-2.6438	-1.7276	-0.10267	-1.004	0.4305	1.7149	0.63368	-0.18433	2.1521	-2.1597	-0.15877	3.2377	0.6468	2.3999	-0.8523
-0.30449	-1.1215	-3.8331	-3.3834	1.9817	-2.6019	1.6751	0.93572	-1.9963	-1.2776	-2.6886	-2.1123	0.90376	-1.6209	1.0573	-0.20346	-0.62371	-2.1181	2.7567	-3.8826	0.087798	0.865	-0.60812	1.9686	-0.070464
-0.99764	-0.72204	-3.8302	-4.0112	3.1783	-1.6145	-0.24424	-0.38558	-2.7599	-1.9903	-2.6151	-2.5115	1.4079	-2.0971	0.81763	-0.36933	-3.3104	-4.6139	1.0231	-5.9923	0.45498	0.72697	-3.7374	-0.59262	1.5334
-1.8156	-1.3955	-5.8099	-5.5361	4.6842	-1.1063	-0.69643	-1.8374	-3.2203	-3.6793	-1.0345	-4.1069	1.9746	-2.9069	-1.7814	-2.691	-4.5251	-6.2356	0.095128	-7.5717	-0.74633	-1.5204	-5.0628	-2.348	3.3243
-4.1893	-1.0464	-6.1137	-7.8076	6.4496	-1.5024	-2.0731	-2.7109	-3.084	-6.5147	-1.0076	-4.5864	3.9754	-2.9319	-1.5633	-3.6086	-6.43	-7.0153	-1.5838	-8.3313	-1.7909	-4.6555	-6.1811	-3.6142	4.6336
-4.3638	0.82936	-6.8035	-8.865	7.8738	-0.97162	-3.095	-3.9305	-4.6761	-6.9808	-1.2172	-5.0081	4.5909	-5.086	-2.5718	-5.4446	-7.387	-8.5065	-3.0313	-10.645	-3.4183	-5.6845	-8.8415	-6.43	6.3922
0.19776	2.4571	-2.2764	2.6085	-1.4706	-0.1591	2.1071	0.80757	-0.55593	1.2485	-1.7129	-1.3726	-2.9438	3.2193	-2.6297	0.040272	-2.2603	1.2185	1.3644	2.0385	-1.5986	3.7532	1.4872	-2.637	-0.54619
-0.56278	2.7852	-2.1104	0.53918	1.1071	0.54858	1.158	0.14911	-0.37608	-0.52082	-1.9216	-2.6837	-1.4421	1.7391	-3.2299	-0.98627	-3.3484	-0.87642	-0.97371	-0.37212	-1.4965	-0.55184	-0.98627	-4.4394	0.7414
-2.2548	3.4769	-2.8548	-2.297	0.19305	0.53059	0.066059	-2.4043	-0.82612	-2.0481	-1.0787	-4.3025	-1.0644	1.0623	-4.1562	-2.834	-5.8558	-2.0604	-1.0564	-1.7996	-1.8779	-1.1427	-2.2882	-6.5012	1.5296
-4.8129	3.8129	-3.305	-3.4126	1.4048	1.8134	-0.16966	-4.6983	-1.9855	-5.1043	-1.4689	-5.1524	0.65436	-0.65551	-3.5557	-4.6784	-8.3468	-4.082	-2.5266	-4.7643	-2.5254	-3.3358	-4.5138	-7.0443	4.0871
-5.0096	4.4238	-4.7305	-5.4835	2.9194	1.1087	-1.1741	-5.3008	-1.9863	-5.5026	0.70811	-6.6912	1.0363	-1.5054	-3.5783	-5.7751	-9.2174	-5.0526	-2.9458	-6.2496	-3.4609	-4.486	-5.3764	-9.0649	5.2941
-8.3548	4.3432	-5.4518	-7.307	4.4297	1.7225	-1.5172	-7.2984	-3.1844	-7.515	0.25882	-7.4722	2.3087	-1.25	-4.3908	-7.9405	-10.5	-7.8521	-3.439	-8.2395	-5.0431	-6.454	-7.5556	-10.238	6.3094
2.6668	-2.3376	2.3193	-1.8961	1.6265	0.93407	2.4994	2.8809	-2.4479	-2.6574	1.8292	-1.3105	-2.6332	-2.3419	-2.711	-1.7143	3.3459	-0.97988	1.0893	1.9296	-1.6957	1.5245	-0.45023	-1.6076	1.5038
1.8581	-1.8942	1.2485	-4.4624	3.2096	1.2487	0.94921	1.1756	-2.4305	-4.9724	2.8054	-0.77219	-1.9546	-3.0822	-2.0782	-4.6442	0.8035	-2.9129	-0.050089	1.7041	-2.2585	-0.34147	-2.2017	-3.3467	1.9794
-1.1229	-1.0589	-0.42348	-6.0029	4.442	0.56151	1.0364	0.48529	-4.2181	-6.8094	2.779	-2.7119	-0.93341	-4.1424	-2.8768	-5.3813	-0.76757	-3.2882	-0.68465	-0.74229	-3.1439	-1.8361	-3.7273	-4.3107	4.1193
-1.9203	-0.93501	-0.15741	-7.3591	5.515	1.3175	0.010888	-1.5015	-5.4724	-8.6598	4.464	-2.8898	-0.74191	-4.8308	-2.1187	-8.9024	-2.9441	-4.466	-2.8622	-2.4085	-4.4682	-4.1209	-6.2009	-6.8834	6.4788
-3.3473	0.41944	-1.1052	-9.8144	8.2812	1.5904	-0.41553	-2.8545	-5.4617	-10.435	4.9878	-2.6319	1.6022	-5.6147	-2.1828	-10.196	-3.9955	-4.8741	-3.5661	-3.2483	-5.5591	-5.8486	-6.5774	-7.8428	6.5919
-4.5174	-0.58272	-0.28064	-12.32	9.2466	1.9668	-1.8315	-3.8518	-6.5362	-12.683	5.1145	-3.5168	1.3174	-6.8492	-2.8992	-11.862	-6.6172	-6.5799	-2.8529	-5.4086	-6.1226	-6.8834	-8.588	-9.5817	8.5868
-0.38702	-2.1215	3.0439	0.4448	-0.44547	-1.2814	-1.951	2.0283	-1.2398	-0.3781	1.5662	3.6927	-0.63925	-2.1563	-0.48958	0.12931	-0.59848	-1.9591	1.285	-1.3367	2.6633	-0.2859	0.19807	0.69227	0.1106
-2.3126	-2.6064	2.7139	-1.9007	1.4846	-0.60235	-2.6836	1.6056	-2.1548	-2.0666	0.72224	1.5342	-0.63607	-2.0237	-2.0812	-1.7405	-3.4493	-3.5405	0.69746	-2.8404	3.0837	-1.101	-1.9078	-1.1062	2.7443
-3.7689	-1.5804	1.9582	-3.5085	2.9807	0.14674	-4.0781	0.83649	-3.7676	-3.1124	1.2393	1.0155	0.74768	-3.1402	-2.2547	-4.0882	-4.5282	-4.7807	-0.64496	-5.6418	2.2941	-3.6225	-4.6318	-3.92	3.0125
-4.8237	-2.1916	0.41759	-5.6661	4.5543	0.97467	-3.0829	-1.7397	-4.7642	-5.6306	1.1506	0.42023	1.6924	-3.952	-2.2459	-6.7574	-5.6673	-6.5154	-0.62252	-7.0932	1.6228	-6.7791	-5.1617	-6.0575	5.3998
-7.0764	-0.65468	-1.903	-7.8302	5.9914	-0.041907	-5.5575	-2.3999	-4.9215	-5.9528	1.806	-0.7899	3.8585	-5.7119	-2.5791	-8.1377	-8.1214	-8.0898	-2.1184	-7.5597	0.66493	-7.9636	-7.3577	-6.8291	6.415
-8.8491	-0.77052	-1.3757	-8.7063	7.0677	0.51296	-5.6307	-4.4435	-5.9063	-7.8444	3.3922	-1.9285	5.0743	-5.9385	-2.5013	-10.106	-9.7876	-8.7879	-2.9771	-10.336	0.42848	-9.5299	-9.3756	-8.908	8.8235
2.2021	2.8649	-1.9554	-2.1123	-1.0826	-0.15125	-0.94519	3.2557	-3.0532	2.3549	0.84186	1.1249	-2.6272	-2.8577	-0.39761	-2.93	1.1922	-1.1476	-2.3093	3.3394	-2.3033	1.9717	-3.1022	-1.1245	2.9263
0.34027	3.4722	-3.7529	-4.4371	0.59038	1.4038	-1.3112	2.1206	-2.4986	1.3242	1.9607	-0.30477	-2.7435	-2.8236	0.73802	-4.4007	-1.1219	-3.3227	-3.3787	1.5782	-2.07	-0.1631	-4.4361	-2.4252	4.5626
-0.49029	2.882	-4.2642	-6.4685	2.0047	1.9499	-2.6051	-0.46782	-4.6504	-0.57875	2.0081	-1.1281	-1.3615	-4.97	0.28407	-6.6957	-1.2849	-3.0549	-3.8143	-0.33011	-3.8441	-1.0076	-5.2683	-4.5538	6.3714
-1.748	2.8852	-3.791	-7.9118	2.884	1.7049	-1.8635	-1.159	-5.5417	-2.0269	2.1565	-2.448	0.50427	-5.3948	0.15418	-8.9168	-2.9407	-4.5588	-4.4329	-2.0563	-4.2515	-1.6867	-7.9219	-6.2769	6.8026
-3.0767	3.3398	-5.188	-9.6519	4.6971	1.9018	-2.9035	-2.7999	-6.1433	-3.0789	2.6073	-3.6057	1.9671	-6.3835	0.86964	-10.03	-5.6673	-4.9815	-5.0731	-3.3247	-6.7716	-5.1743	-9.6624	-7.1577	9.2602
-4.8686	4.1552	-6.202	-12.366	6.4318	1.4576	-3.7254	-4.4817	-7.57	-5.9271	2.776	-4.6781	3.5554	-7.0954	0.24058	-11.859	-7.3414	-7.2477	-5.3306	-6.2781	-6.0906	-6.8612	-10.527	-8.9352	11.349
-1.7646	-2.5914	0.50507	1.0457	2.0235	2.3592	-2.0935	2.0753	2.5161	-0.40174	-2.5632	-2.3418	-1.5372	1.3414	-0.26991	1.6574	-2.0472	1.21	-1.1966	2.7372	0.10631	3.7066	-2.4445	3.0519	-0.87922
-3.1691	-2.7555	-1.0056	-0.23385	4.1917	2.4801	-2.9068	0.38348	1.7287	-2.4017	-1.9713	-3.4634	-0.39631	0.54628	-1.1863	1.0829	-4.9375	0.48419	-3.3931	-0.71132	-0.23928	0.47554	-3.5592	0.52601	1.5268
-4.2998	-1.4119	-1.7147	-2.6662	5.325	3.9047	-2.8979	-1.4363	0.37542	-3.5014	-1.0828	-4.6465	-0.29477	-0.55109	-0.99173	-2.1664	-6.0633	-0.98046	-3.6811	-2.3676	-1.5143	-1.825	-4.8521	-0.94178	1.4515
-4.9834	-0.87825	-2.8443	-4.7258	4.9903	3.3773	-3.5569	-3.4297	-1.3784	-4.9264	-2.8891	-5.8261	0.62394	-1.6106	-1.0791	-3.7847	-7.734	-2.0705	-4.8211	-3.5626	-1.6975	-3.1445	-7.1033	-2.8318	4.7473
-5.4682	-1.0431	-3.1699	-5.7732	7.7303	3.8822	-4.8937	-3.7484	-1.8333	-6.5173	0.19672	-7.6407	1.3512	-2.4847	-1.2348	-4.8005	-10.418	-3.7488	-6.2742	-4.8347	-3.1773	-5.9871	-7.2021	-3.6889	5.4285
-6.025	-0.41327	-3.7885	-7.5066	10.079	3.9477	-5.5209	-6.3708	-1.0049	-7.954	-0.63384	-6.6067	3.7504	-2.3955	-1.4803	-8.0665	-10.738	-4.7929	-7.358	-7.3674	-4.045	-7.0795	-9.5501	-4.8668	5.8899
-2.7671	2.6219	0.84725	-0.27058	1.0746	-0.60021	-1.1482	-2.9556	-2.4965	-0.42814	2.7816	-0.6481	0.20294	-1.5057	2.6162	1.0068	-2.7873	-2.7181	0.063272	-0.37469	-2.9426	0.32413	0.96357	1.9239	0.63059
-3.6279	3.4036	0.19511	-2.3014	1.7238	-0.035096	-2.569	-4.2044	-2.3437	-1.5453	2.3262	-0.80457	0.46388	-0.82177	2.2377	0.15096	-4.4269	-3.8374	0.92455	-2.6417	-3.7808	-0.99051	-0.079633	0.76304	1.7342
-5.9866	3.0934	-1.0722	-4.1715	4.7545	-0.86713	-3.1787	-4.6072	-4.0274	-3.6495	3.6905	-3.6197	3.4593	-1.4512	1.1693	-0.42394	-6.7929	-4.3953	0.0050847	-5.0605	-3.5034	-3.5806	-1.3685	-0.62415	3.7305
-5.954	2.9119	-1.261	-6.4158	5.3303	0.35837	-3.9291	-5.6029	-3.731	-4.9628	3.5341	-2.1054	3.6387	-2.6262	0.16754	-1.9883	-8.1276	-5.876	0.048926	-6.6688	-3.7266	-5.4093	-2.8589	-2.7044	5.9469
-7.8659	4.6745	-2.1437	-7.7544	6.0758	0.062649	-4.1967	-6.8104	-5.1213	-7.0921	6.1202	-5.1677	4.8236	-3.6437	0.70247	-4.5427	-9.0681	-7.4494	-1.5564	-8.3323	-4.8361	-6.9181	-4.5042	-4.7175	7.0745
-8.6136	4.3046	-2.9066	-8.8184	8.0853	-0.29172	-4.8769	-8.0299	-5.7836	-9.2499	5.3892	-6.3442	5.2985	-3.8077	0.53829	-5.8166	-12.072	-8.5276	-2.3792	-9.7398	-6.15	-9.0107	-6.4077	-7.4139	6.8667
0.22727	0.75339	2.8805	0.088539	-1.2756	2.5364	2.7846	1.7748	1.1776	1.2065	1.5155	-0.57168	-0.73776	-1.9402	1.1265	2.9667	3.0335	-2.8484	-2.5093	-2.1759	-0.39892	-2.0863	-3.4826	-2.7159	0.97213
-1.4458	0.34072	2.6035	-0.80042	1.4435	2.794	1.529	1.2751	1.7446	-0.73138	1.8487	-0.71272	0.49333	-2.7441	1.4952	1.3918	0.71851	-4.1424	-4.1394	-4.1431	-0.82528	-4.6855	-5.2031	-3.957	1.7939
-2.564	2.0128	1.157	-2.7746	1.1536	3.1003	1.1845	-0.36873	0.6799	-1.1562	2.7682	-1.9966	2.2465	-3.9749	0.9974	0.35299	-0.86178	-4.4981	-4.7284	-6.4483	0.25031	-6.763	-6.6351	-4.9641	3.531
-4.2386	0.95308	0.0061874	-3.9113	3.1567	4.5283	0.57088	-2.1921	-0.64468	-2.9665	3.6041	-2.0191	2.7299	-4.4423	0.37621	-2.5754	-3.2245	-5.5658	-7.0221	-8.2511	-1.012	-7.7789	-8.1048	-7.3606	5.1851
-4.2773	2.1442	-1.4179	-5.9164	5.3339	5.0165	-0.6746	-3.2241	-1.0391	-4.0477	4.1002	-4.4591	3.2046	-5.5023	-1.5885	-4.3456	-4.045	-7.5798	-6.7973	-10.361	-2.2642	-9.8357	-8.4328	-10.177	6.912
-5.5491	2.8345	-2.0319	-8.0422	6.6724	4.6707	-2.3769	-4.759	-2.6903	-4.2044	4.5645	-4.7583	4.646	-6.0056	-1.3511	-6.9086	-5.5532	-7.9423	-8.529	-11.448	-2.9076	-11.56	-10.446	-11.077	8.6265
-2.9858	0.9887	0.76325	-3.8969	-2.4373	-0.4201	-2.3784	0.88211	-1.2009	-3.0706	0.47277	2.4446	-2.8232	1.9033	-1.1414	-3.4824	0.22412	1.728	1.6185	0.18654	0.99747	-0.41774	-0.032952	3.2931	0.36515
-3.4575	1.3931	-0.39922	-4.1358	0.60321	-0.48658	-2.742	-0.31876	-0.39466	-4.704	1.2094	1.059	-0.22435	2.2797	-2.0579	-4.979	-2.8439	1.5926	0.86189	-1.6169	0.77277	-2.4968	-0.8921	1.0582	2.199
-5.0865	1.5115	-2.258	-6.5944	0.19106	0.31502	-3.5219	-1.9433	-1.0561	-8.2664	2.6377	-0.61596	0.16774	0.25465	-1.4232	-6.5825	-3.5024	0.17255	-0.18619	-3.9285	0.93221	-3.279	-2.3303	-1.3043	4.1968
-5.9398	2.5815	-3.1171	-8.3811	2.0478	0.32656	-4.2349	-3.4052	-1.9012	-8.7496	3.4166	-0.62218	2.0998	0.12511	-2.4804	-8.6368	-4.5643	-1.494	-0.34915	-5.1731	-0.93742	-5.2298	-4.4468	-2.8293	5.13
-7.1756	3.3644	-2.5411	-10.151	3.9174	-0.6796	-5.3462	-4.4435	-3.4132	-10	3.5515	-2.0938	2.6422	0.072442	-2.3053	-9.4058	-7.2525	-2.5259	-2.8743	-6.8382	-2.3321	-7.2792	-6.085	-3.7082	7.1914
-8.7519	2.8043	-3.5468	-13.241	6.0645	1.1214	-4.6856	-5.7125	-3.5637	-12.86	5.4225	-1.9444	3.474	-2.1493	-2.9922	-10.716	-9.662	-4.2537	-3.1006	-8.8965	-3.0048	-9.5954	-6.4302	-4.696	8.6766
1.3372	1.0634	-2.3276	1.2633	-0.39187	-2.1532	1.4169	-0.5089	-2.4883	0.035769	-1.1525	2.1098	-3.6288	-1.8324	2.798	-1.5688	-1.1956	-1.2181	1.8141	0.28751	1.4753	-2.4211	-1.1306	0.77413	-2.9978
0.67133	1.6284	-3.0759	0.51291	1.0636	-2.2225	0.67909	-2.3479	-3.6316	-1.8108	0.12262	1.5397	-2.5591	-2.3829	1.4982	-2.6823	-4.6842	-2.023	0.83204	-0.92904	2.0421	-4.3435	-4.1432	-0.57726	-1.3989
-0.89258	2.4352	-4.5421	-2.2884	3.2865	-1.0796	-0.53039	-3.6547	-3.4452	-4.1341	-0.50708	0.16414	-0.15374	-3.3424	0.76333	-5.487	-5.0641	-2.5387	0.084291	-3.3912	1.8744	-6.1823	-5.6112	-1.5577	0.53857
-2.2914	1.8883	-5.6208	-4.7958	3.5344	-1.1216	-1.4386	-4.2398	-3.498	-5.7265	1.3058	-0.96875	0.86195	-3.4052	-0.532	-7.6459	-7.2364	-4.2305	-0.87114	-4.8144	0.83896	-7.8583	-7.595	-3.2072	1.6863
-2.0354	2.4573	-6.6369	-7.0155	6.3979	-1.1496	-1.1049	-5.4524	-5.045	-7.3529	0.599	-2.0034	1.393	-4.3361	-1.4332	-9.5643	-9.0884	-5.9165	-2.3978	-6.6864	-0.75011	-10.486	-8.7458	-5.1075	3.971
-2.3969	3.5865	-8.6422	-8.8294	6.9743	-0.60665	-2.6935	-7.9085	-4.8845	-9.2355	1.2718	-3.2667	3.3261	-4.4639	-1.8389	-10.489	-10.638	-6.7859	-3.2941	-9.1896	-0.54027	-10.357	-10.536	-7.3109	4.6741
1.1254	0.5166	1.8816	-2.0021	0.57124	1.5611	2.2745	-0.27	-1.9266	-0.8906	-1.765	-0.014278	-0.73504	0.68039	2.7971	-1.5116	-2.2984	2.6198	2.8947	-1.9568	-2.6773	2.1455	-1.482	-0.50248	-0.38794
0.58347	1.6617	1.1404	-3.8859	2.4082	1.8552	2.1482	-1.9495	-2.4476	-2.7692	-0.47278	-1.9096	-0.35554	-0.84259	2.0318	-2.8079	-4.3062	1.3901	1.3536	-2.779	-3.2211	-0.17486	-4.4746	-1.5342	1.0426
0.22278	2.1269	0.56061	-6.1609	3.9039	2.2259	1.1842	-3.0909	-3.5719	-4.4907	1.4201	-2.5458	1.0503	-0.28154	1.3902	-4.855	-5.3239	1.0721	0.50548	-4.8028	-4.3565	-0.75688	-6.4648	-3.0154	2.9782
-2.61	1.4013	-0.44502	-7.4085	5.3401	1.6466	-0.30758	-3.2725	-3.5953	-5.8579	0.8196	-3.5837	1.9721	-1.379	0.21195	-7.2642	-7.8045	-0.45383	-0.34461	-7.1151	-4.7916	-2.9367	-7.1955	-4.7081	4.4655
-3.8825	1.4349	-2.2243	-9.0207	7.8851	2.589	-1.0451	-5.017	-3.7422	-8.9193	1.5853	-4.3434	3.0851	-1.6597	-0.72349	-9.2519	-9.7429	-2.6269	-1.8521	-7.8497	-5.6875	-5.2575	-8.551	-7.0279	5.5783
-4.8139	2.0106	-2.1082	-10.314	8.3601	3.2419	-2.3091	-6.1136	-3.4615	-10.598	2.5024	-5.2587	4.5616	-2.1051	-0.75199	-12.312	-11.142	-4.2519	-3.3473	-10.256	-5.757	-7.1714	-11.601	-8.3797	7.8789
1.1845	-2.9429	0.12107	-1.8001	-2.4158	-0.95408	-1.8305	2.5951	-0.30162	-0.090152	-0.84883	-0.46965	1.8468	-3.052	-2.9659	1.0476	0.50054	-0.90879	2.563	-0.34966	2.2986	-0.56005	2.3182	0.59508	0.92051
1.0703	-2.405	-0.092439	-3.3481	-1.1757	0.069619	-2.551	0.12895	-0.55114	-1.2663	-0.64554	-0.97015	2.1567	-3.0907	-3.9551	-1.0773	-1.0328	-1.4352	2.7636	-1.9103	1.7061	-2.6061	0.90319	0.061631	2.8748
-0.26322	-1.2241	-0.26274	-5.4886	0.062958	0.25226	-4.2594	-0.55222	-0.99149	-3.0652	0.35549	-2.0524	3.5783	-3.5177	-3.8263	-2.4369	-2.9841	-3.1093	1.8375	-3.2513	0.69699	-3.5888	-0.41867	-2.5925	4.6766
-2.6085	-0.98184	-0.55988	-6.4277	1.7073	0.77544	-3.5742	-2.1941	-1.161	-4.8332	1.0694	-3.6774	4.163	-6.0953	-3.6464	-4.9592	-5.0471	-4.7081	1.1911	-5.1765	1.2939	-5.5182	-1.8551	-3.5822	6.4709
-4	0.22873	-1.7179	-7.6722	2.975	0.68695	-5.4422	-3.7523	-1.4954	-7.0011	0.79651	-6.671	5.9889	-6.7635	-5.7544	-7.8457	-6.8411	-6.4294	0.22385	-5.0357	-0.59878	-6.6701	-3.2743	-6.7578	7.3605
-5.7407	0.029224	-2.9169	-9.5228	5.7388	0.90431	-7.0298	-4.6288	-1.4386	-7.9131	0.74609	-7.315	5.5552	-7.6598	-7.2252	-7.9002	-9.0704	-7.7033	-0.94726	-9.0115	-0.85465	-9.8283	-4.5794	-8.3229	9.3216
-4.0045	0.23952	-1.2598	0.1496	-0.4834	-2.1952	0.32371	2.295	-2.7527	-2.2504	2.2985	-2.8144	-2.3227	-1.3711	2.6385	0.96512	-2.7293	-0.50762	-2.3147	-1.2717	-3.2806	2.2267	1.7632	1.1656	2.1943
-4.8304	-0.022777	-0.85847	-0.9678	2.1265	-1.1041	0.29207	0.61498	-3.7222	-3.8297	2.673	-4.6318	-0.69176	-1.4515	2.4068	-0.96107	-4.4759	-2.2287	-1.9226	-3.0615	-4.0048	0.72519	0.19182	1.0396	3.4791
-6.3072	1.2258	-1.1084	-1.8062	3.3532	-0.38383	-1.0045	0.17852	-2.3528	-5.2138	2.9944	-5.0812	-0.029957	-3.2232	2.8124	-2.7256	-6.4369	-4.4496	-4.4297	-5.4113	-4.9559	-1.412	-1.0803	-1.3676	5.4076
-7.9447	1.9955	-3.9487	-3.7255	4.5486	-0.60045	-1.8916	-2.692	-4.1944	-6.9852	4.0588	-5.3825	1.6966	-3.5995	2.3895	-3.6431	-8.4129	-5.9073	-5.3018	-6.1697	-4.9022	-3.7727	-1.9146	-4.1087	6.6233
-8.7567	2.2941	-4.1076	-4.9641	5.5983	0.25221	-1.9354	-4.5803	-4.5119	-9.9554	3.5151	-6.9101	1.3299	-4.4811	1.0157	-6.4263	-10.967	-6.9209	-6.8883	-7.3615	-5.1081	-4.4978	-4.1851	-6.1085	8.7991
-11.278	2.0931	-7.1901	-6.7368	7.742	0.020342	-2.0764	-5.2999	-4.9412	-10.064	5.6594	-7.2853	2.39	-6.0199	1.0273	-6.625	-13.631	-8.633	-6.3192	-8.5162	-5.5724	-5.9313	-5.4987	-6.7121	9.3064
2.4641	-2.8849	-0.87919	-2.5877	-3.0235	-3.2937	-1.6509	-1.8891	0.87916	-0.77937	0.67473	-0.94052	0.3577	0.56651	-2.5454	-2.7376	-3.1955	-1.5199	0.4385	2.2009	-0.94144	-1.4963	-2.6914	2.9332	-1.7606
0.88668	-1.1813	-1.3555	-3.8917	-1.0801	-2.462	-3.0069	-4.4852	-0.70733	-2.4564	1.6117	-2.6168	1.8256	0.48457	-3.2558	-5.0709	-4.1814	-3.1978	-0.44449	0.77216	-2.3312	-3.1128	-5.1464	1.653	-0.57859
-0.48391	-2.005	-2.8757	-5.5356	0.11529	-2.917	-3.7032	-5.7217	-0.73111	-4.0895	2.4729	-2.9004	3.4007	0.46669	-3.9797	-7.2077	-6.6195	-3.983	-0.58435	-0.1405	-2.4671	-5.5406	-5.4317	-0.9768	1.8183
-3.1538	-1.4685	-2.1966	-7.1529	0.4707	-1.3567	-4.6003	-7.8477	-1.7872	-6.452	2.1103	-4.2817	3.994	-1.1055	-3.6971	-8.8532	-9.3778	-5.9427	-0.88648	-2.8411	-2.638	-6.2539	-7.462	-2.2076	3.3364
-3.6603	-0.77112	-3.2524	-9	2.2654	-1.831	-5.2045	-9.1434	-2.4039	-6.4209	4.1398	-5.6643	3.5508	-1.4789	-3.1928	-10.469	-11.445	-6.9716	-1.6753	-4.8133	-3.6117	-7.6456	-8.7627	-3.5337	4.7498
-5.2038	-0.32759	-4.0036	-11.105	3.599	-2.9338	-5.8959	-10.785	-3.2705	-8.9427	3.4615	-5.7079	5.5074	-2.5695	-4.3452	-12.662	-13.035	-6.786	-3.8649	-6.655	-4.9169	-9.9264	-10.792	-6.419	6.0072
0.43723	-2.2268	-1.3779	1.9935	-1.8999	1.3716	-2.9433	4.0636	0.32433	-1.0054	1.1676	-2.8556	1.8943	2.2467	0.41937	1.0295	-0.68028	0.83648	-3.1491	-1.4951	-2.4473	-2.0105	3.3077	2.1989	-1.4722
0.084572	-0.88135	-2.8188	0.52075	-0.74046	2.8532	-3.746	1.7073	0.71917	-3.4304	1.8764	-4.6026	2.6688	1.1019	0.26291	-0.34788	-1.8495	0.050351	-4.0579	-4.4657	-2.9115	-4.4067	0.69851	0.65034	0.15853
-0.90659	-2.5772	-3.0079	-1.1973	0.85464	2.5748	-3.8907	-0.75078	-0.095608	-5.2409	3.7102	-5.2039	3.4613	0.43763	0.26962	-2.9687	-3.6125	-0.43813	-4.9559	-5.4021	-4.0458	-5.9159	-1.1859	-1.6159	1.0647
-2.1667	-0.27272	-3.8039	-3.0931	1.6032	2.6087	-5.5328	-2.4004	-1.3388	-7.3704	3.5503	-6.1477	5.3279	-1.2054	0.58446	-4.0694	-5.4904	-1.407	-6.61	-7.9804	-4.5636	-8.4603	-2.7364	-2.5862	2.3142
-3.7882	0.85265	-5.6192	-4.8323	3.5225	1.9197	-5.477	-3.6672	-2.2762	-9.1665	3.4278	-7.5634	6.8555	-2.4097	-0.40516	-6.1921	-7.3755	-4.1076	-7.3849	-10.281	-4.9562	-10.495	-4.4336	-3.2544	4.4511
-5.2903	0.51973	-5.6965	-6.6227	5.4208	3.2035	-7.078	-4.8233	-2.6959	-10.278	4.2782	-7.6289	7.7312	-2.0516	-0.98246	-7.4353	-8.8317	-4.4249	-8.0382	-12.366	-5.0074	-12.632	-5.835	-4.306	5.556
1.0498	-2.955	-2.0402	-1.9648	1.3221	2.3296	2.0847	0.89768	0.65303	-1.448	2.446	3.1928	-1.3671	-0.85066	-1.3721	-2.5653	1.7831	-0.44405	-2.2603	-2.3644	2.7212	2.6516	-0.024134	-3.5491	0.12523
-0.25495	-3.0951	-3.1139	-3.5723	3.1596	2.8566	1.2658	-2.0168	0.71747	-4.0953	3.1304	1.8578	-1.2776	-1.7919	-2.4771	-2.9237	-0.32369	-1.4023	-2.9074	-4.6457	1.783	0.79093	-2.3948	-4.5579	0.73922
-1.9463	-1.0163	-4.3857	-5.1638	3.9243	1.7112	1.2704	-3.6014	0.14251	-4.9188	2.6918	0.59384	-0.2126	-3.3299	-4.1137	-5.2428	-3.0066	-2.6204	-4.4654	-5.2453	0.76806	0.26438	-2.6234	-6.2286	2.6308
-2.6813	-0.52809	-5.3992	-7.2046	5.5272	2.7559	1.2238	-6.128	-0.035063	-7.0277	3.8695	-0.43744	1.0435	-4.0534	-3.0351	-6.4637	-4.9885	-3.6486	-5.2409	-7.1371	0.91884	-1.9323	-5.0163	-8.3484	5.0644
-4.5718	-0.73011	-7.5113	-8.8179	6.3726	1.913	-0.92408	-6.3579	-0.52987	-8.3065	5.1844	-2.2387	2.0447	-4.1036	-4.3215	-7.0935	-5.7724	-4.9605	-6.9589	-8.2986	0.29624	-3.0192	-6.4961	-9.0606	7.0093
-4.8946	-0.71477	-6.17	-9.4764	7.4174	3.3102	-1.1462	-8.1716	-1.4244	-9.8588	5.0941	-3.0933	3.1667	-5.1924	-4.6396	-8.0215	-7.9681	-4.9137	-6.6711	-10.876	0.14677	-6.3252	-8.2019	-11.643	7.8034
-2.9824	2.4273	-1.9066	3.33	2.9802	2.4888	2.192	-2.5967	3.177	-2.1082	-0.64563	0.090067	2.8182	0.33089	-1.6438	-2.5404	-2.7271	-1.0817	-0.84249	-0.47953	0.24494	0.40438	-0.13784	-2.7545	-2.6964
-3.3142	3.8645	-2.3691	2.1151	3.9254	3.1216	1.79	-3.8321	2.0385	-4.1335	-0.18727	-0.98954	2.8738	-0.72339	-1.3646	-4.239	-3.2342	-3.107	-1.6319	-2.9392	-1.0052	-2.0094	-2.2692	-4.9602	-1.5111
-5.2106	2.6654	-2.6462	-0.82626	5.5689	3.1768	1.3172	-6.5393	1.3583	-6.1427	-0.026533	-1.358	4.7403	-1.5565	-2.0741	-6.6197	-5.6057	-3.3525	-3.1588	-4.9295	-2.4756	-3.1134	-4.3598	-5.75	-0.52529
-6.4306	3.5041	-4.4115	-2.3566	7.0371	3.6555	0.13329	-6.2498	-0.099484	-7.1526	0.53297	-2.3224	4.8015	-2.3758	-2.6545	-8.5548	-7.5532	-5.2775	-3.5214	-6.2622	-1.6644	-5.0074	-5.8158	-7.3645	1.18
-8.3466	4.3187	-5.3616	-3.3007	8.302	2.4077	0.017127	-8.0953	-0.65472	-8.4303	1.8466	-3.4378	6.8087	-3.2868	-3.1307	-8.9369	-9.8587	-6.5237	-3.247	-7.5481	-3.8319	-5.4086	-5.9141	-9.7283	3.3673
-9.9107	4.667	-4.9123	-4.7364	10.177	3.1432	0.26668	-9.5713	-0.75931	-10.996	1.4969	-4.0669	7.9202	-4.7556	-3.4745	-10.809	-11.494	-6.9465	-4.4666	-9.2437	-4.8584	-7.4299	-8.8468	-11.83	4.5113
-0.47711	2.3991	0.14131	2.9331	-0.62321	-0.85765	2.4521	1.5205	-0.64774	2.1573	-0.53189	-0.51699	-0.55783	-0.78036	1.4263	-2.5571	2.518	-2.2983	-0.50086	-0.88607	0.85345	-0.97219	2.6409	-2.4738	-1.9818
-1.4554	4.0787	-0.80052	0.72469	-0.25178	-1.344	1.0778	1.0484	-0.4818	-1.0062	0.27617	-2.35	1.2837	-0.98066	1.3525	-4.4948	-1.1718	-2.8489	-0.27644	-3.1016	-0.9988	-3.4806	1.1793	-4.4504	0.04803
-2.6675	4.4164	-0.14041	-1.2988	0.58276	-0.85931	0.22084	0.16957	-1.8021	-2.4343	0.54569	-2.0365	1.825	-1.4413	0.07897	-6.195	-2.3401	-4.6428	-1.6424	-4.7686	-0.90583	-6.0859	0.30165	-6.3473	1.5451
-4.0663	4.4158	-2.1416	-3.165	2.894	0.32121	-0.66555	-1.5792	-1.9087	-3.2754	0.52144	-2.6073	3.3187	-2.0361	-0.9065	-7.3793	-4.1963	-5.5874	-3.1804	-4.5012	-1.6557	-5.9468	-1.8491	-7.4064	2.1166
-4.5965	4.3546	-3.4648	-5.5747	4.4731	-0.62349	-3.0838	-2.532	-3.1735	-5.4804	1.7471	-3.0807	3.3329	-3.0785	-1.2275	-7.9261	-5.8474	-6.5451	-3.1936	-7.9542	-1.6788	-8.2296	-2.8973	-9.3143	4.0333
-5.9561	4.6298	-4.9218	-6.7789	6.2864	0.10834	-3.3514	-5.0531	-3.9936	-6.0868	2.3941	-4.6799	3.2655	-4.5216	-2.9741	-10.148	-8.043	-8.5294	-2.7147	-10.018	-3.0296	-10.667	-4.4683	-11.08	5.6052
1.3917	-1.7855	-2.4418	-1.9198	3.3635	-0.97302	-0.65465	0.23932	-3.532	-2.9065	-1.7755	-1.7402	1.8763	1.1714	1.8579	0.65636	1.3455	0.046152	2.3618	-0.097137	-0.53404	1.4476	-1.31	-2.9898	-0.12896
-0.085867	-1.251	-2.2679	-4.0422	3.3371	-1.5888	-2.004	-0.69207	-3.2868	-5.0269	-1.4857	-2.5687	2.746	0.94668	1.481	-1.7764	-0.88846	-1.4114	0.44795	-2.8829	-1.5125	-2.6912	-3.1191	-3.9135	1.3192
-3.2874	-1.1202	-3.6461	-5.1523	6.1337	-1.5618	-2.5315	-2.5495	-5.4677	-6.7971	-0.74394	-3.6773	3.5755	0.67979	1.3188	-4.2106	-4.1258	-2.9655	0.98885	-4.2558	-1.04	-3.569	-3.4831	-5.9548	1.9566
-4.8964	0.37041	-5.4482	-7.1742	5.4082	-0.2158	-2.8778	-4.3054	-4.8656	-7.2428	0.35058	-4.3237	3.6976	-0.73013	1.1483	-6.1936	-5.2886	-4.8235	0.82961	-6.3507	-2.1253	-6.5088	-4.8986	-7.5681	3.3751
-5.3301	0.85857	-6.004	-8.8208	7.7044	-0.54037	-5.2287	-5.8621	-3.8966	-9.6573	0.54392	-6.128	5.1375	-1.5818	0.78238	-6.6695	-6.9668	-6.1802	-0.90021	-7.4974	-2.8189	-8.0948	-6.9491	-9.2116	5.1984
-7.7728	0.6448	-6.0401	-10.123	9.6398	-0.64265	-5.3662	-8.3045	-4.779	-9.5494	1.6234	-6.3868	5.6656	-2.3416	-0.52446	-8.6826	-8.8309	-7.1722	-1.6099	-9.641	-4.0844	-9.0825	-8.8952	-10.457	6.9074
-1.5057	1.0654	2.5183	0.59043	0.78242	-1.4569	-0.29188	-1.6191	2.0892	1.378	-1.7924	-3.0022	0.10591	1.5862	2.8726	2.8128	2.5289	-2.4438	-1.5724	2.5949	-1.3869	-1.4633	2.2781	2.9124	2.3413
-2.0423	0.65306	0.87734	-2.202	2.1238	-0.73475	-0.59325	-2.2826	0.61262	-0.0035983	-1.3161	-4.0033	0.53176	0.36731	2.3536	-0.20258	1.2347	-3.0068	-3.0354	0.8803	-0.43596	-4.0282	0.44935	0.28372	2.8812
-4.1802	0.91695	-0.3732	-2.0713	3.8162	0.51133	-1.1099	-3.1772	-0.30485	-0.86501	-1.0369	-4.0474	1.7465	-0.54511	2.0907	-1.2165	-1.1022	-5.3626	-3.3046	-1.7229	-0.80693	-6.607	-1.0946	-1.3767	4.5227
-5.3988	1.643	-0.962	-3.8047	5.9496	-0.78005	-2.0521	-4.642	-1.5521	-2.3625	-0.57834	-5.4614	4.0577	-1.8621	1.4461	-2.9954	-1.8611	-6.1271	-3.2092	-3.3998	-1.8994	-7.3516	-3.0259	-2.3048	6.5504
-5.9487	2.867	-2.6958	-5.8814	6.5784	-0.1837	-2.6648	-5.5139	-2.0645	-3.0805	0.60617	-5.1905	5.1175	-2.1963	0.91126	-5.2624	-4.8675	-7.3389	-5.8673	-5.2903	-2.3288	-9.6367	-3.8776	-3.5936	8.2895
-7.1478	3.144	-2.3987	-9.2151	8.5809	1.5947	-2.6866	-6.7741	-2.2479	-7.4308	0.44365	-6.6101	4.8825	-2.4622	1.0451	-7.29	-6.7983	-7.4337	-6.3693	-6.8327	-3.0181	-11.08	-5.3656	-5.8623	8.1882
2.4159	-0.77747	-2.297	-0.091931	2.1178	-2.3075	1.2994	2.0963	-0.24838	0.14723	3.2923	0.51661	1.6601	-0.19705	-1.1106	-1.2653	1.243	-1.2039	0.14671	-2.7121	-2.9562	3.3647	0.95024	0.41434	1.1907
1.0048	0.25512	-2.8591	-2.7232	3.6011	-1.6273	0.85084	1.553	-1.1584	-1.7207	3.3472	0.068123	3.3305	-1.9985	-1.3973	-1.9681	-0.42576	-3.4538	-1.205	-4.0971	-3.4965	1.9341	-0.54722	-1.7486	4.5225
-1.2808	1.0811	-4.3995	-3.8809	4.3261	-2.1236	0.57152	-0.27248	-2.0096	-3.5489	2.6668	-1.9087	4.0963	-3.2528	-1.4214	-4.6129	-2.5907	-3.9532	-2.1574	-6.2424	-3.0134	0.91076	-2.1233	-3.1731	4.8535
-1.941	1.7694	-4.8044	-6.1679	7.0189	-1.22	-0.2622	-0.54297	-1.8754	-5.2455	4.2395	-2.4375	4.2252	-3.3642	-2.9982	-6.584	-3.8579	-5.8083	-3.5197	-7.1985	-4.0128	-1.8226	-3.6868	-4.4958	5.6891
-3.2722	1.9514	-5.0964	-7.6987	7.9678	-1.0391	-1.8157	-1.003	-3.1142	-6.5346	4.9592	-2.889	5.8605	-4.8643	-1.8075	-7.7218	-5.4349	-6.2672	-4.2675	-9.2159	-5.0171	-3.8865	-5.9175	-6.6359	7.694
-5.7577	2.9259	-5.6074	-8.4397	9.8215	0.13908	-3.3939	-2.0558	-3.4069	-10.052	5.1648	-4.0764	6.9125	-5.3072	-3.3835	-9.6793	-7.2414	-6.7888	-4.3675	-11.646	-6.0957	-5.9357	-5.8916	-9.3091	10.107
-0.47292	1.6067	2.3028	0.12556	0.0098447	0.11452	-2.2347	2.3529	-0.92593	-0.061911	-2.9795	0.38182	3.1441	-2.2153	0.66624	-2.4634	2.0421	1.4917	-0.7148	-1.9805	2.8308	-1.5334	-2.626	1.2684	0.4951
-0.29911	1.9876	0.33706	-2.2835	0.85164	0.59479	-2.4668	1.2565	-0.86229	-1.5247	-3.1944	-0.39473	4.2142	-2.0117	1.0517	-4.726	-0.012798	-0.30444	-0.71914	-3.8632	2.1982	-3.6368	-4.6896	-1.487	2.4883
-2.1856	2.0295	0.20315	-3.4006	3.168	-0.38085	-4.2607	-1.0044	-2.9472	-2.4023	-1.9749	-2.662	4.3706	-2.4395	0.50846	-5.9177	-2.1802	-2.0076	-0.3762	-5.6441	0.58194	-5.5844	-7.3767	-2.1203	3.7083
-2.6018	2.6589	-0.65708	-4.8439	3.6651	0.37279	-4.4157	-1.7433	-3.251	-4.3174	-1.2758	-3.5357	5.9783	-3.708	0.21427	-6.57	-5.1863	-2.4463	-2.6838	-8.2165	1.3447	-7.3273	-7.5265	-4.5772	5.5445
-4.9393	3.0194	-1.5604	-6.0366	6.3771	0.34091	-4.9948	-4.3099	-4.8942	-5.6327	-0.21284	-6.2357	6.0777	-3.922	-0.083118	-8.2095	-6.7605	-4.2031	-2.9471	-9.2442	-0.037486	-10.525	-10.124	-7.1017	6.878
-5.5245	3.3067	-1.8286	-7.7057	8.0878	0.84568	-6.4867	-5.8574	-3.6045	-7.2773	0.49311	-6.9143	7.2808	-4.4413	0.58102	-9.6431	-8.7768	-5.6542	-3.2923	-11.623	-0.58344	-10.7	-11.734	-8.5819	8.2682
0.24622	1.605	1.4936	-0.75366	1.5254	-0.0097419	-2.2092	-1.4038	0.41869	-3.08	-2.3443	-1.7518	1.751	-0.15317	-0.37836	-1.8463	-1.7328	-1.135	-0.82499	4.1063	0.91842	1.271	2.9591	-0.2025	-0.82715
-0.94373	0.73127	0.11163	-2.3148	2.2544	0.52889	-2.8337	-3.0153	-1.2681	-2.7779	-1.3385	-2.9606	1.7654	-1.4015	-0.35709	-3.7545	-4.1739	-2.9026	-2.3347	1.3152	1.541	-0.81706	1.0086	-2.0552	0.89253
-3.0584	1.3602	-0.61923	-4.799	4.1257	0.16035	-3.8325	-2.9271	-2.2355	-6.08	-0.51905	-3.3372	2.1721	-2.1312	0.087532	-6.2113	-5.817	-4.2456	-3.93	-0.52261	0.52227	-2.4253	-0.07135	-3.5095	2.4978
-4.6188	1.5742	-1.6087	-6.1784	5.3701	-0.35603	-4.5194	-4.1965	-2.6393	-6.9148	-0.73879	-5.2462	3.3849	-2.8914	-0.92485	-8.1866	-8.3795	-5.6996	-4.5315	-2.2787	-0.80193	-4.8246	-2.8543	-5.993	3.4256
-5.0584	1.9552	-2.4161	-7.5468	6.0936	0.8878	-5.421	-4.7753	-4.1838	-8.9095	0.62948	-6.6753	3.4961	-3.8057	0.12506	-9.6413	-9.4539	-7.199	-5.7258	-3.7993	-1.1227	-6.6654	-4.772	-6.5735	5.3829
-6.8653	2.1221	-2.4445	-9.7418	8.0371	1.738	-6.0898	-6.144	-5.7896	-9.4883	0.5395	-7.1601	5.516	-3.3005	-1.7372	-9.8391	-10.469	-7.9908	-6.8715	-5.5968	-2.2719	-7.6021	-5.3599	-8.3881	6.7944
2.4388	-1.9783	-2.7158	1.5903	-1.3246	-1.7977	-0.49934	-0.9382	-2.6994	-1.6668	0.57299	2.5253	-1.9105	1.1373	2.7683	-0.11477	-1.7893	0.46817	0.58481	-1.7884	0.53657	-1.6256	-1.3886	-0.015976	1.5366
1.9877	-2.1093	-3.1582	-0.58571	-0.59574	-2.397	-2.3719	-3.3613	-3.4112	-4.6893	1.171	1.2982	-0.18709	0.23104	2.8203	-1.8184	-2.6103	0.208	-0.52673	-4.4087	-0.17907	-3.8909	-3.4323	-2.1621	4.3207
1.0922	-1.1238	-4.3857	-1.607	1.34	-1.8338	-2.776	-3.8904	-4.34	-4.3587	1.9301	1.2924	0.44835	-0.3644	3.1982	-3.415	-6.1214	-1.8365	-1.7052	-6.176	-1.1592	-6.2156	-4.376	-2.9168	4.5403
-1.6477	-0.65415	-4.1492	-4.2723	2.3915	-0.97022	-4.8961	-5.6441	-3.9949	-6.8921	2.6236	-0.44159	1.4992	-1.0699	2.4594	-4.1669	-7.9922	-2.3131	-2.2492	-6.3585	-1.584	-8.5782	-5.6164	-4.448	6.4691
-2.88	1.1102	-5.6933	-4.9763	4.5538	-1.2656	-5.6819	-7.273	-5.6297	-8.8395	4.519	-0.5531	1.6951	-1.8416	1.8327	-6.6651	-8.9534	-4.3565	-2.3016	-8.4435	-1.9433	-8.9509	-6.6927	-6.0913	8.7638
-3.9319	0.80234	-6.6202	-6.3629	6.0393	-0.32053	-5.1798	-7.7337	-7.1833	-10.152	4.1766	-2.5609	2.8967	-2.8156	0.60072	-7.953	-11.699	-4.1048	-3.0328	-10.855	-3.3727	-10.847	-8.9016	-8.5721	9.5135
1.7088	-0.96428	1.8275	2.3052	-0.067949	-1.826	1.9965	0.35074	3.1981	-1.4981	-1.9141	-2.7446	0.24816	-0.010509	0.13888	0.70268	-1.5177	1.3781	2.3787	1.9878	-2.5325	3.611	2.3007	0.47745	-3.0784
0.55824	1.3876	1.475	0.47612	1.4943	0.0025155	1.7319	-1.1323	2.5072	-3.7198	-2.0619	-3.5794	0.73829	-0.97594	-0.91624	-1.3196	-1.7919	0.27399	1.1714	1.3426	-3.6008	1.2282	0.56664	-0.67085	-1.2802
-1.4807	0.9715	0.82671	-0.95105	3.2073	-0.29717	3.104	-2.1266	0.98255	-6.8953	-0.36757	-4.4714	2.3708	-1.3661	-0.88852	-2.148	-4.2917	-1.2632	0.41989	-2.1922	-3.4392	-1.2157	-0.97249	-2.2813	0.0087448
-3.8592	0.79542	-1.9172	-2.3359	4.183	-0.29738	1.9718	-3.8258	1.2911	-6.8505	-0.38036	-5.4799	3.5545	-3.7078	-1.1735	-4.2038	-5.9106	-2.551	0.21368	-3.3464	-4.8034	-2.7662	-3.3294	-4.7334	1.2784
-4.9412	1.9439	-2.2584	-3.029	6.39	-0.27947	0.97677	-5.5713	0.79801	-9.4431	-0.17591	-7.1661	3.7992	-4.2865	-0.33186	-5.5974	-7.7997	-3.8954	-0.96376	-6.2098	-4.228	-4.7332	-5.2667	-6.1093	3.5325
-6.7923	2.5252	-2.3151	-6.0874	7.8325	1.4203	-0.010812	-6.5932	-0.8454	-10.161	1.051	-7.9302	5.2167	-3.7296	-1.8556	-7.8451	-8.4385	-4.8863	-1.7569	-7.1877	-4.8592	-7.3986	-7.0998	-8.3692	6.0452
2.916	-0.57269	-0.020738	0.58796	0.2456	2.7134	2.791	-0.2823	2.5762	-0.14819	-2.5286	-1.1223	-0.59089	0.32468	-0.79168	1.5271	-0.75667	3.4194	-0.95808	1.696	2.9662	0.33357	1.8203	-2.7358	-0.87065
1.7188	0.085949	-0.50417	-1.6732	1.871	3.1894	1.9107	-1.5132	1.6984	-2.3154	-3.0796	-2.4062	0.83761	-0.89021	-0.70554	-0.026918	-2.4438	1.8643	-2.197	-0.094478	1.9359	-2.0082	1.141	-4.1498	2.3186
0.13968	0.12549	-2.666	-3.8367	3.8013	3.2441	1.5253	-2.341	0.88138	-3.9262	-2.6143	-1.3719	1.0045	-2.5674	0.00058295	-0.84034	-4.2744	0.70312	-2.9234	-1.4328	1.9952	-3.7445	-0.73371	-5.9948	3.8892
-0.26178	0.76036	-2.6143	-5.6644	4.5722	3.0122	1.4754	-3.941	-0.30153	-4.5408	-1.3178	-3.4102	1.5535	-3.036	-1.4073	-3.0661	-7.4402	-0.68375	-3.4994	-3.7064	0.57003	-5.1875	-1.7104	-7.6282	5.8017
-2.4159	0.83682	-3.6554	-6.2935	5.6953	3.3389	0.51802	-4.9843	0.33113	-7.4044	-0.94226	-4.2769	2.5592	-2.8234	-1.4814	-4.5554	-8.9408	-2.1089	-4.1194	-4.795	0.39828	-6.9406	-3.1242	-8.7911	6.6187
-2.7127	0.9634	-4.9287	-9.5324	7.4977	3.8934	-0.83287	-5.1738	-0.54724	-8.419	-0.35571	-5.8321	5.3982	-3.3179	-1.095	-5.9661	-10.321	-1.3986	-3.7423	-6.6833	0.0082039	-7.7572	-3.923	-10.463	7.9898
-2.5268	-1.8107	-0.75947	-0.91519	-0.10072	-0.095826	0.63395	-0.59192	-1.6582	-3.3825	-2.7359	-2.8866	-0.98148	1.0861	-2.2559	-2.2674	-1.3565	-2.6611	-1.0655	-1.5057	1.0763	-1.5941	0.65237	-2.5462	-2.0943
-4.3172	-2.0345	-1.1444	-3.6402	1.2342	-1.2918	1.2016	-1.1629	-2.0656	-4.2158	-2.3427	-3.6387	1.2842	-0.45129	-2.8276	-4.3872	-3.7094	-3.9104	-1.2264	-2.8976	0.79225	-3.7114	-0.62889	-3.3925	-1.9825
-4.7615	-1.5627	-0.86912	-5.6422	4.1022	-0.68904	-0.94063	-2.764	-1.7657	-5.8117	-1.2662	-4.7162	2.1223	-0.11083	-2.3898	-5.0363	-5.0645	-5.751	-1.8382	-4.2853	-0.47607	-5.3962	-1.2572	-5.7395	-1.4212
-5.8905	-1.5451	-2.0408	-6.8833	3.9131	-1.5777	-2.5061	-2.3621	-2.9725	-5.4357	-0.91858	-5.8824	3.6825	-2.2244	-3.5389	-7.1996	-8.2236	-6.3366	-3.4353	-5.3513	-1.186	-6.0988	-2.6809	-6.5157	1.9894
-6.8881	-1.0525	-3.2304	-8.8572	5.9324	-0.56565	-2.1804	-4.7159	-3.7529	-7.087	-0.3048	-7.7324	3.4654	-2.3737	-3.9311	-9.6651	-10.126	-8.5573	-4.3178	-7.0893	-2.2097	-8.349	-5.5625	-9.1687	3.1875
-9.8091	0.087609	-4.04	-10.48	7.7638	0.23012	-3.5038	-4.9839	-4.0918	-8.1372	-0.69399	-8.5779	4.2811	-3.8752	-5.768	-10.559	-11.114	-9.2268	-4.2632	-8.9226	-3.8753	-11.472	-5.1697	-11.051	5.0482
2.2232	1.2561	-0.7751	-2.2048	0.43463	-2.0825	-1.9527	-2.1798	-0.62473	-0.66296	2.7634	2.8431	2.6151	-2.2921	-0.46318	-0.025102	-1.4374	1.7936	-2.007	-2.4442	2.6134	-2.5547	3.6807	2.3643	2.0154
1.1572	1.8948	-1.3612	-4.3385	2.1506	-1.8581	-2.7389	-3.6587	-2.2169	-2.1873	2.8947	1.3104	1.9446	-3.5292	-0.71713	-2.6167	-2.9128	1.6849	-2.7808	-5.0985	1.7809	-5.0203	0.93022	0.36308	4.0183
-1.6066	0.9067	-1.4725	-4.5777	2.7459	-2.5975	-3.0177	-5.4851	-3.6537	-5.0717	3.7591	-0.1114	4.7679	-4.4723	-2.0368	-4.2902	-4.4223	0.032324	-4.4041	-7.0852	1.3088	-6.9302	-0.88708	-1.2394	5.7558
-2.6507	1.47	-2.6285	-7.4322	4.7514	-1.2831	-4.4802	-6.6091	-4.9089	-6.9872	3.9793	-0.28923	5.3648	-4.5105	-2.1381	-5.728	-5.771	-1.2316	-4.9354	-7.7993	0.31152	-8.984	-2.0149	-3.7577	7.8553
-4.2684	2.9609	-2.7478	-8.6946	6.0074	-0.49915	-5.4909	-7.325	-5.6377	-8.6866	5.2236	-0.78604	6.4402	-4.9214	-1.5378	-7.0712	-7.2825	-3.1115	-5.5432	-8.9497	-0.85652	-11.241	-4.3678	-5.3466	9.6521
-4.5174	2.4251	-4.5406	-10.164	8.0416	-1.2906	-5.7603	-8.8431	-5.2853	-9.5766	5.3427	-2.7887	7.5165	-6.5007	-2.2437	-8.8897	-9.0884	-5.5653	-7.3509	-11.424	-1.0579	-11.675	-5.1839	-5.8521	11.159
1.353	0.40265	2.4747	-0.074955	-0.22293	-1.7609	-2.7408	0.99057	1.8204	3.1489	-1.5456	-1.1548	-1.4343	-2.4104	0.52192	-0.81697	2.835	-0.94397	2.8424	-1.7662	2.078	1.2826	-1.1202	0.16552	-2.1106
1.9969	1.8773	2.1092	-0.68243	1.7095	-0.16724	-3.3902	-2.4752	0.19971	1.2408	0.63632	-2.7693	0.22114	-3.4555	0.88514	-2.2094	0.026398	-0.85471	0.3812	-2.6949	0.75463	0.73347	-1.9735	-0.91786	-0.68261
-0.072404	0.5369	1.0329	-2.4137	3.0728	-0.26767	-3.907	-3.0838	0.56073	-0.36203	-0.53087	-3.9308	0.57757	-2.8736	0.92842	-4.5097	-1.1431	-3.302	0.38403	-5.55	0.46246	-0.44265	-2.9321	-2.6525	0.88797
-1.0415	1.0793	0.60112	-4.7671	4.2912	0.64717	-5.1279	-5.4367	0.52724	-1.9467	-0.85565	-5.1693	1.4665	-3.8585	0.6732	-6.3126	-2.6833	-5.7938	-0.70516	-6.8124	-0.53015	-2.7384	-4.8535	-5.9515	2.2685
-2.6016	0.81048	0.4464	-6.2525	5.9057	-0.19454	-4.4729	-7.5033	-0.68706	-3.8979	0.22562	-5.6246	2.7254	-5.1861	-1.0891	-7.3459	-4.4126	-6.4789	-1.4557	-9.2287	-0.62565	-2.9298	-8.0857	-6.4396	3.6774
-3.8513	2.4139	-0.78305	-8.569	6.5524	0.55121	-6.3141	-9.459	-1.1046	-4.1293	0.38757	-7.4725	3.629	-6.3586	-1.2695	-9.3114	-5.6214	-8.0421	-1.5929	-9.4424	-1.5743	-4.8568	-8.6435	-8.2192	4.2705
-1.158	1.5696	-0.24367	3.2169	0.62494	0.077908	1.3418	-2.9725	-3.2431	2.3839	-0.20037	-2.7863	2.6424	-3.6417	-3.6565	0.25345	-0.43135	-4.2047	-3.6168	-1.6272	-2.1432	0.72765	-0.45818	-2.6892	0.57083
-2.9205	1.3123	-0.96724	0.63263	2.1493	0.62646	0.17	-4.0247	-4.3665	-0.59261	-0.095005	-4.0148	4.5963	-3.1581	-2.9331	-2.0701	-2.1997	-4.5805	-4.1291	-3.3515	-4.3925	-1.078	-1.7514	-3.9738	2.006
-4.4507	2.1061	-1.6813	-0.70624	3.8104	0.12595	-0.37796	-5.4765	-5.4344	-1.1274	0.44603	-4.9635	4.4924	-3.7787	-3.4535	-2.4717	-4.7453	-6.7782	-5.0035	-5.5449	-3.6953	-2.5159	-2.9621	-6.4971	3.1756
-5.9638	2.3721	-3.0892	-2.7251	5.8673	0.38547	-0.024628	-5.1625	-5.8998	-2.7503	0.59143	-7.1658	5.9647	-5.1116	-3.3231	-3.7962	-6.2186	-6.5395	-4.7373	-7.9044	-5.2041	-3.6612	-4.9723	-6.7326	4.315
-7.4939	2.4141	-4.6762	-4.506	7.2163	1.537	-0.90198	-7.4831	-7.4837	-5.711	1.2796	-8.1604	7.1868	-6.1633	-3.8597	-6.0982	-9.2247	-8.0898	-5.7511	-7.8301	-5.6986	-6.6275	-6.4469	-9.09	6.3552
-9.3873	2.4289	-5.2945	-6.739	8.6814	1.2155	-1.8667	-8.8838	-8.2523	-7.2761	0.71224	-7.8323	6.7673	-6.2977	-3.7198	-6.698	-10.953	-9.1156	-6.9991	-10.107	-5.541	-7.0522	-8.0049	-11.662	8.3978
2.5107	0.86847	0.73717	2.7903	0.57811	-0.8949	-0.70008	0.67597	1.6413	0.76334	1.0683	-0.44319	1.2172	-2.0034	3.0343	-1.5724	-1.0579	-0.21055	2.14	-1.842	-2.5199	0.49929	-2.7478	-2.5924	1.238
0.86005	0.91006	1.9883	1.3429	2.3986	0.35733	0.67823	-0.28517	0.49337	-0.2638	2.5774	-1.7756	1.5949	-2.7634	2.8445	-2.7992	-2.3445	-2.4474	1.9099	-3.4642	-2.9166	-0.5136	-3.8323	-4.0104	2.8125
-0.24717	0.24084	-0.33359	0.89709	3.1091	0.69546	0.10402	-1.9141	-0.072521	-1.5129	1.487	-2.0929	2.2891	-3.1396	0.44269	-5.4503	-3.9219	-3.9639	1.6597	-5.5397	-4.8205	-1.6516	-6.0695	-5.1213	2.9666
-1.6057	0.71616	-0.90975	-1.375	4.8565	0.44677	-2.2797	-2.464	-0.40632	-3.2259	2.3456	-3.5741	3.381	-5.3903	0.62037	-7.194	-6.2348	-4.3742	0.75902	-8.0066	-5.0883	-3.4425	-7.8746	-7.3816	5.775
-4.0825	2.4129	-2.4757	-3.0314	6.83	0.32999	-1.7612	-3.2203	-1.3434	-4.6355	3.7151	-4.033	5.9837	-6.2958	-0.486	-8.9114	-8.4421	-5.3981	-0.56846	-9.7429	-6.3179	-6.0772	-9.1571	-8.4447	6.3341
-5.1356	1.8711	-3.4822	-5.0263	8.0001	1.6526	-3.1309	-3.9926	-2.984	-6.8112	4.2688	-4.7863	5.824	-7.7269	0.36977	-11.346	-10.727	-6.5607	-0.24753	-11.347	-7.4047	-7.1633	-10.386	-9.4844	8.0016
1.1127	2.6148	1.2129	3.4782	1.1744	1.958	-0.080259	-3.288	-1.7776	-0.28967	0.75882	-0.78632	0.9142	0.17609	1.3684	-2.0109	-0.79344	-0.82745	2.7013	3.2374	2.3239	-0.99522	1.9138	2.2638	-1.7146
0.1083	2.6855	-0.11792	1.1157	2.1383	1.6314	-0.99482	-3.8177	-2.6206	-2.4321	1.4827	-1.4389	1.6294	0.38534	1.2128	-3.5087	-1.3143	-2.3719	2.418	1.2485	1.5556	-2.0449	0.37914	0.36169	1.3994
-1.4901	4.048	-0.83359	0.03299	3.88	2.9908	-1.2115	-6.2927	-2.6728	-2.45	0.96721	-2.1924	2.4814	-1.0024	0.93782	-5.4313	-4.6798	-2.9559	2.401	-1.67	-0.14194	-2.8463	-1.2966	-0.38921	3.0895
-2.9367	3.6816	-1.6792	-1.863	4.7953	2.4813	-1.6042	-6.9067	-3.0217	-2.9793	3.1146	-3.465	3.6123	-2.2849	0.20359	-6.8201	-5.2829	-4.8034	1.4271	-3.2837	-0.83984	-5.7886	-3.5669	-3.1207	3.0326
-4.9098	3.6211	-2.0957	-3.335	6.7318	2.4497	-3.0981	-7.9579	-3.2434	-5.4632	2.5531	-4.7855	4.9984	-1.7173	-0.070008	-8.5543	-6.9009	-5.0429	-0.40526	-4.5744	-0.71836	-5.3644	-4.3488	-4.4247	5.1928
-6.3195	4.355	-2.1286	-5.3251	8.6693	3.754	-2.9512	-10.644	-4.1373	-8.7709	3.6001	-5.7147	4.5827	-2.3453	0.38518	-9.5672	-8.4434	-6.1492	-0.92463	-6.2004	-1.7005	-7.5771	-7.5931	-6.2583	8.2837
-3.0585	-0.28634	-0.66426	2.4678	-1.1711	-1.4213	-0.5789	-2.4981	-1.0538	1.4962	-2.5101	0.53093	2.2739	0.2012	-0.79062	2.1803	2.3167	1.252	0.76985	-0.28688	-1.6851	-1.0223	-0.26204	2.4146	1.1244
-3.6044	1.2348	-1.678	0.24016	-1.0248	-2.6158	-0.86429	-3.7877	-2.5602	-2.2238	-1.8313	-0.44946	2.5021	-0.9111	-1.2737	-1.7988	1.52	-0.018399	-1.8506	-3.0499	-2.7676	-1.4944	-1.56	0.23635	3.8106
-4.7826	1.6917	-2.6528	-0.61815	0.18382	-0.84172	-2.4835	-4.9461	-2.4993	-2.8902	-2.3786	-1.0205	4.3766	-2.7148	-2.1224	-3.1284	-0.060572	-1.6066	-2.1174	-4.9797	-3.1128	-3.8479	-2.7638	-2.0791	4.3066
-7.1819	1.8761	-4.0331	-2.7579	2.4789	-1.6571	-2.3623	-4.8838	-3.8944	-5.3006	-0.98295	-1.8847	5.6183	-3.1331	-4.6008	-3.2132	-1.65	-2.7856	-2.7731	-5.9418	-4.4594	-5.3819	-5.1277	-4.2284	6.4911
-8.1232	1.924	-6.1481	-4.933	3.4485	-1.1968	-4.3952	-6.5486	-4.5766	-7.6348	-0.71934	-4.8256	6.802	-4.373	-4.5527	-5.7907	-4.4067	-4.7062	-4.2294	-7.0531	-5.2491	-7.2772	-6.5955	-4.6556	7.4167
-9.094	1.0234	-6.7137	-7.0188	5.289	-0.11969	-5.2649	-8.368	-5.4937	-8.8581	-0.83815	-5.8976	7.0499	-4.998	-5.0013	-7.03	-5.1756	-6.338	-5.1415	-8.7697	-5.4846	-9.0174	-7.7587	-6.947	9.0951
1.0279	-2.5815	-3.2527	-0.21415	-0.18686	0.015033	-2.687	0.31336	-0.2655	-0.01323	-1.9922	1.8144	2.1005	-1.749	0.25411	-1.0549	-1.3936	2.6382	-2.7206	-1.9695	2.4438	1.0549	1.3245	2.2344	-3.0553
-0.59957	-1.3496	-2.6854	-0.89652	-0.10066	1.5755	-3.3556	-1.4398	0.21189	-1.2607	-2.7391	1.5685	2.6797	-1.6393	0.48351	-2.6763	-3.1814	-0.30956	-4.1426	-3.8007	2.2573	-1.7831	-1.2213	1.6579	-1.2303
-1.6792	-2.0199	-2.7434	-2.5305	3.1461	2.2129	-3.92	-2.5849	-0.72762	-4.1558	-0.52948	-0.22483	3.7974	-2.462	-0.034232	-5.0122	-5.1468	-1.2595	-4.652	-5.663	0.80313	-4.0062	-2.5783	-0.57569	1.0974
-4.3024	-1.9692	-4.0904	-4.9689	4.1558	1.6952	-5.3564	-2.8347	-0.064987	-6.3796	0.61268	-1.3572	5.4503	-2.0361	0.15794	-6.5834	-7.5806	-2.1378	-4.6684	-6.3225	0.85371	-5.0539	-3.9133	-3.0468	1.8923
-5.6485	-0.71744	-5.8342	-5.7055	5.2503	1.3609	-5.4834	-4.0423	-0.76228	-7.8137	0.15282	-2.1935	5.3442	-3.8003	-0.7447	-8.9268	-8.3775	-2.6705	-6.6706	-7.697	-0.20427	-6.7576	-5.518	-5.0481	3.9332
-7.6769	-0.35417	-8.2201	-8.2857	6.633	1.0528	-5.7872	-6.2138	-1.5054	-8.5189	1.3104	-4.0028	6.4878	-4.3771	-0.24823	-10.506	-10.005	-4.7227	-7.3329	-9.4986	-0.21446	-9.154	-7.4357	-5.5043	5.7365
2.4234	1.7953	-2.1653	-1.7898	0.57178	-2.3902	-2.1982	-1.2151	-0.90369	-2.1277	1.3133	0.41756	2.8281	-1.5735	3.3293	0.85193	1.956	-0.78544	-0.67861	-2.2775	2.4149	-0.23104	1.4039	1.5765	-0.3744
0.66969	3.1936	-2.5327	-3.8177	1.9927	-1.6421	-3.8789	-2.0732	-1.6338	-4.0828	1.6145	-0.94086	4.1644	-2.9216	2.9643	-1.4049	-0.18532	-1.7584	-1.699	-4.1696	1.9363	-2.1483	-0.91154	-0.31475	-0.21297
0.21756	3.7844	-3.8219	-4.98	4.0149	-2.3693	-3.8716	-3.8637	-2.4191	-4.7037	2.0963	-2.6209	5.1024	-3.1507	2.2544	-2.4461	-1.8291	-3.0986	-2.3856	-5.4789	0.90171	-3.9411	-1.8015	-3.1752	1.3736
-2.1979	3.3173	-4.4662	-7.5082	6.2762	-1.4553	-5.2525	-5.3362	-3.2779	-6.9563	2.1889	-3.6464	6.6496	-4.522	2.1602	-4.2953	-4.5081	-3.66	-1.6713	-6.4754	0.25224	-5.4798	-3.7178	-3.9693	2.7816
-2.4612	3.791	-5.1132	-8.7272	6.2167	-0.40027	-5.6602	-5.8567	-5.3904	-8.2027	4.034	-4.9381	7.4068	-5.2468	0.76092	-6.354	-6.8252	-4.69	-3.4216	-9.7851	-0.50471	-7.8677	-4.6615	-5.7638	5.6235
-4.7675	4.2203	-6.7082	-10.596	7.3691	-0.93074	-7.0244	-6.7197	-6.4825	-10.452	4.5598	-6.4988	9.9652	-7.1077	1.6388	-8.274	-8.3224	-5.1529	-2.312	-10.447	-0.079913	-9.6162	-6.7626	-7.0884	5.8489
0.1327	-0.77792	1.8206	-3.2953	3.0823	1.3469	-4.2565	2.5807	2.1377	1.3818	2.4031	-0.52813	-0.64602	-3.024	3.5098	1.5937	-2.3982	0.424	1.5568	-0.59435	0.1538	-0.77224	-0.9434	-2.8353	-0.41712
-1.2346	-0.63723	2.077	-5.4216	3.4416	1.8803	-4.7594	1.3194	2.09	-0.27377	2.7621	-0.43898	-0.47444	-3.5888	2.5278	-0.10516	-4.935	-0.68727	0.12974	-2.8448	-0.47672	-2.6633	-1.5946	-5.0661	1.8788
-2.561	0.11814	1.0557	-5.4005	5.9706	2.0425	-4.3486	-1.0106	0.24352	-2.0742	4.5512	-1.2409	0.83845	-4.5611	2.9711	-2.2526	-7.4979	-1.1596	-0.55899	-4.0453	-1.2703	-4.5144	-3.1477	-6.6511	3.9555
-4.0952	0.084319	-1.1108	-8.7611	6.9505	2.6848	-5.8198	-2.1693	-1.0524	-3.6144	3.4458	-3.0113	0.75428	-5.4124	2.4549	-3.9388	-8.5497	-3.0037	-2.3186	-4.8584	-1.8077	-5.9652	-4.3677	-8.6877	4.476
-6.6243	0.24989	-1.9024	-8.5338	9.1949	4.3016	-6.7734	-3.3985	-0.49297	-4.561	5.4601	-4.0865	3.526	-5.7982	2.3231	-4.8586	-10.297	-4.0967	-4.5621	-7.3153	-1.2859	-8.3386	-6.6161	-9.0294	5.7247
-7.0166	0.91962	-2.8776	-11.201	10.287	3.7287	-6.909	-3.6307	-0.9216	-5.7353	5.4827	-4.3322	3.3396	-6.6535	1.2493	-7.2249	-12.419	-5.6652	-5.0902	-9.9399	-2.113	-10.06	-8.3939	-11.988	7.7158
-2.0749	-3.0804	-0.31209	-0.36095	1.5609	-1.8671	1.7088	1.1149	-0.2373	1.88	2.3193	0.28666	1.9417	0.99476	3.1253	-2.6068	3.1082	1.0111	-2.7253	2.4408	1.5847	-3.4623	-1.0519	-0.96989	0.8974
-4.3933	-2.0287	-0.35892	-1.3012	3.3319	-0.91663	0.078895	-0.02102	-1.0096	0.29583	2.8431	-1.4195	1.4624	-0.039375	2.1747	-4.0845	0.6584	-0.64965	-2.7413	1.0552	2.1587	-4.9079	-3.1075	-2.7941	3.5474
-5.0864	-2.256	-0.75046	-2.3388	5.0129	0.0057064	-0.20906	-1.0178	-0.60791	-0.5808	1.7359	-2.6777	3.0819	-0.19579	1.3247	-5.6851	-1.541	-2.1548	-4.0035	-1.1115	-0.19692	-5.6889	-5.0276	-3.1156	3.1827
-7.4385	-0.7174	-0.80183	-4.5175	6.224	0.50731	-1.9905	-2.7313	-2.0264	-2.5532	3.9405	-3.257	3.9019	-0.74395	1.5064	-7.1228	-3.3249	-3.7997	-4.7005	-2.0999	0.23588	-9.0541	-7.3253	-4.7854	6.3774
-9.1312	-1.8145	-1.7978	-5.4117	7.1207	0.23184	-2.3447	-4.2045	-2.4427	-3.7896	4.4342	-4.0278	5.5331	-0.88063	1.454	-8.9886	-4.9593	-6.1713	-5.7791	-4.4277	-0.57138	-11.791	-8.9154	-7.2528	8.1189
-10.27	-1.5563	-2.2528	-7.9495	7.759	-0.21306	-2.9327	-5.1385	-2.5521	-6.6891	5.1741	-4.9303	6.0085	-2.3796	1.829	-10.592	-6.5692	-5.4518	-6.9266	-5.4557	-1.6873	-12.381	-9.4448	-7.9426	9.425
2.9612	-0.44771	0.95048	3.0063	-0.27883	1.1938	2.6163	1.974	-2.2272	-1.9687	0.39625	2.4793	-1.8129	-0.5782	-1.5347	-0.19174	-3.0916	1.1423	-2.3842	2.1509	-3.108	1.1548	2.2004	-0.60302	0.82862
0.96204	0.68434	0.6043	1.9015	0.74706	1.5599	2.6835	0.30691	-3.233	-3.6739	0.45107	1.565	0.28925	-1.3567	-0.99306	-1.6038	-3.5525	0.47195	-3.7358	0.70863	-2.8446	-0.5615	0.25735	-2.3176	3.1633
-0.94112	0.3805	0.067301	-0.26546	2.9185	1.7699	1.5945	-0.70085	-3.6008	-5.2232	1.1774	-0.14959	0.31315	-2.0358	-1.9462	-2.5305	-5.9861	-0.29919	-3.9084	-2.1478	-3.5519	-1.8344	-1.829	-3.8331	3.0644
-2.6871	1.3273	-2.248	-1.2877	3.1575	1.8494	0.51905	-2.8592	-3.9158	-6.2964	2.4893	-0.48037	2.3137	-3.642	-0.7832	-4.5465	-6.9055	-2.4316	-5.8205	-2.4525	-4.2203	-3.1108	-2.5521	-5.5947	5.2399
-5.1268	1.1623	-2.5304	-3.6729	6.0532	2.1596	-0.69673	-3.9914	-5.9686	-8.2787	2.4083	-1.3075	1.9701	-5.0674	-1.1456	-6.8607	-8.9169	-3.7949	-7.1095	-5.4109	-5.2134	-4.8695	-5.5909	-7.1926	7.5003
-6.3719	1.147	-2.695	-5.8111	6.7029	2.6028	-1.0929	-6.7013	-5.9897	-8.3578	2.9661	-2.0901	3.0076	-5.3065	-1.5086	-7.3653	-11.981	-4.7973	-7.7789	-6.9961	-5.2748	-7.9348	-6.544	-8.5621	9.2393
-0.60206	1.6089	0.040548	0.95805	1.8264	-0.57025	3.1527	-0.089192	0.69225	1.0649	1.7838	0.60969	2.4228	-0.73324	1.9838	-3.0682	3.415	1.2575	0.90908	-2.9602	1.869	2.2944	-0.84865	-1.6101	-1.6484
-3.0702	1.6725	-0.4364	-1.265	4.3488	0.26061	2.0087	-2.0384	-0.39644	-2.5467	1.3966	-0.42311	2.6834	-1.0628	1.3296	-4.6124	0.78916	-0.63037	-0.82528	-3.9964	0.89325	-1.661	-1.9367	-2.9903	1.0277
-3.9576	2.0219	-2.5025	-1.8552	6.6306	-0.05888	0.36716	-2.8172	-0.88716	-3.415	2.2948	-1.3747	3.1366	-2.5315	1.0535	-6.7018	-1.2629	-2.7843	-1.5321	-5.7292	1.503	-1.7742	-3.8988	-4.3404	1.6212
-4.8138	2.0649	-3.4195	-4.9694	6.3043	1.1198	0.99733	-4.7682	-0.46528	-4.6333	3.258	-2.4034	4.3407	-2.5586	1.5202	-8.7601	-2.4412	-3.1194	-2.9858	-7.6674	0.96809	-4.5986	-6.2191	-5.6523	2.8897
-7.0754	2.9551	-4.1351	-6.4286	9.1051	1.3793	-0.76406	-5.2809	-1.3987	-6.6462	3.5649	-2.8818	4.3067	-2.8744	0.74608	-9.9532	-4.4194	-3.9549	-2.7829	-8.3758	0.26574	-5.6719	-7.4986	-7.5091	6.2112
-8.631	3.8497	-4.2513	-8.8433	10.025	1.5672	-1.0339	-6.1839	-2.3799	-7.734	5.3437	-3.52	5.6317	-2.7053	-0.061279	-12.332	-6.1167	-4.2734	-3.6531	-9.0711	-1.6849	-5.4988	-9.2122	-10.06	6.7944
0.38429	1.5373	2.1303	-1.0004	-0.40513	0.19664	-1.9864	1.4031	1.0903	-0.76201	-0.70236	0.2111	-1.1923	-1.6568	-0.21037	-1.3475	-1.5392	1.2429	2.6445	-1.371	2.7932	0.74429	-0.63394	1.7057	1.3705
0.041683	1.4956	1.3825	-2.7448	1.9878	0.70877	-2.3258	0.56302	1.7043	-2.3088	-0.66696	-1.8881	0.050963	-2.331	-1.2222	-2.8936	-3.7063	0.17103	2.4995	-3.7564	1.7371	-0.36471	-2.9658	-0.33164	1.6793
-2.0206	2.746	0.82631	-3.9569	2.9824	1.0348	-3.4855	-0.2382	0.66247	-4.7276	0.46935	-2.8592	1.7797	-3.5002	-0.71044	-5.4563	-5.6255	-1.7961	1.967	-5.3902	2.2539	-3.0077	-5.4876	-2.6817	4.4126
-2.0507	1.2755	0.36564	-6.5583	4.3183	0.39152	-4.0872	-1.4957	0.65443	-5.7501	0.98381	-3.6299	1.132	-4.4207	-1.2348	-5.7563	-6.1595	-2.2978	1.1948	-7.3571	1.7028	-3.7546	-5.6077	-3.3998	7.0749
-3.1971	1.3685	-0.22562	-7.677	5.9985	1.4844	-4.7671	-2.9584	0.73171	-8.2654	0.80332	-5.1901	2.541	-6.0907	-0.94764	-7.996	-8.1331	-3.8382	1.7049	-8.8116	1.0264	-6.6848	-6.6728	-5.0594	7.1152
-4.6352	3.4164	-3.143	-8.7369	6.362	1.0311	-4.1964	-4.9815	-1.2075	-9.3578	0.67883	-6.4129	3.315	-5.5894	-1.9267	-9.4981	-9.9058	-5.9168	-0.25439	-11.867	0.52755	-8.7625	-9.1098	-7.193	9.5197
-1.382	-0.32936	-3.1208	-3.1471	1.7941	-2.6392	0.18038	1.5023	2.0454	0.057421	3.0195	-1.385	2.3386	-0.5824	0.56569	2.9329	-1.4648	3.0714	-1.2216	2.314	2.1546	-3.1107	-3.1885	-2.0225	-0.036815
-2.5689	0.58791	-4.1875	-4.5898	3.5706	-2.6599	0.54768	-0.38528	0.11422	-0.12845	2.9092	-2.8831	4.4054	0.21649	0.87525	1.5981	-3.5188	0.77442	-1.7049	0.77501	2.5998	-3.3295	-5.8383	-2.6683	2.1251
-2.5932	0.32201	-5.5672	-7.4366	5.0964	-1.9511	-1.0659	-0.91652	-1.3423	-1.8347	2.8987	-3.3559	5.3642	-1.359	0.14985	-0.97801	-4.5905	-0.35778	-3.0748	-0.3854	2.7579	-5.821	-6.4029	-4.1044	3.0305
-4.0553	0.62876	-6.7596	-8.9744	5.6119	-1.9751	-1.6425	-1.7006	-0.8873	-3.2616	4.7396	-5.0066	6.1241	-1.6507	-0.1258	-2.9629	-6.4897	-1.2692	-3.7485	-2.3814	1.3277	-8.2714	-7.9378	-5.7673	5.3556
-5.4491	1.4765	-8.3258	-10.62	8.092	-2.3296	-2.2572	-3.3364	-2.6404	-5.1717	4.7144	-6.2129	7.4748	-2.6906	-0.5917	-4.1178	-9.5565	-3.1305	-5.117	-4.2383	0.62635	-9.1255	-8.1654	-8.2038	6.1064
-6.6193	2.3351	-9.9311	-12.555	8.9219	-1.5491	-4.3202	-3.8128	-3.5545	-6.9765	5.2597	-6.2695	7.1254	-2.9147	-0.54892	-5.9824	-9.8713	-3.8858	-5.6428	-6.9881	-0.25738	-10.984	-11.043	-8.4676	8.0239
1.9326	0.42721	-0.82024	-1.2089	2.4613	0.38805	-1.0572	-0.005404	1.9354	-2.1273	2.2955	-2.4892	-3.1423	-2.2426	-2.7104	2.3268	1.602	-2.2113	0.92566	2.2763	-1.2008	-3.1085	-0.42584	1.0363	0.94705
0.81445	1.8982	-1.912	-1.6574	2.8082	1.0515	-2.3824	-1.0466	2.0531	-3.5204	2.5861	-2.5788	-1.1866	-4.1152	-2.9983	1.2578	-0.49374	-4.5364	0.61454	2.0786	-2.6204	-4.6912	-3.334	-0.041311	1.7386
0.20566	1.7559	-3.7799	-3.0577	4.9597	0.90866	-4.019	-2.8732	1.0011	-5.7275	2.7231	-3.8057	-0.89059	-4.296	-3.0468	-0.63725	-1.5588	-5.4419	0.32698	0.16555	-2.9115	-6.8903	-4.5073	-1.6549	3.6652
-1.09	2.6226	-4.8077	-4.8507	7.0267	2.0772	-4.5176	-4.886	1.131	-7.4653	2.5085	-4.063	2.1324	-6.2982	-3.2475	-2.3609	-3.0993	-7.139	-0.5062	-1.1897	-4.9242	-7.2807	-6.1598	-3.0797	4.8721
-2.509	1.363	-5.9724	-6.5352	8.1193	1.7579	-5.7101	-5.8299	-0.24958	-8.5543	3.8744	-6.3449	1.3767	-6.7116	-4.2536	-5.5827	-4.6945	-7.4822	-2.132	-2.9966	-5.7437	-9.3576	-7.4477	-4.8454	7.5302
-3.3019	1.2877	-6.3639	-9.3582	9.3557	1.7819	-6.4751	-7.457	-0.57191	-10.526	4.9018	-6.9441	2.4139	-6.2985	-5.3916	-7.1795	-6.4774	-8.7437	-2.7064	-2.7516	-6.2083	-10.6	-9.2831	-7.0243	8.1669
0.64519	2.7402	-3.5887	0.19475	-2.0608	-0.26212	0.63069	0.43069	-0.47605	-1.9204	-1.5771	0.8434	0.20938	1.4531	-2.7601	1.7366	1.3311	-1.4075	0.21975	0.86223	-1.5503	2.5929	-3.1954	0.56517	-2.7385
-1.5418	3.823	-3.3735	-2.0154	-0.13516	1.1237	-0.48139	-0.76011	-1.6686	-3.8731	-1.2155	-1.1045	1.8346	0.44624	-2.6254	-1.0366	0.31338	-2.3708	-2.2581	-0.72314	-2.6642	1.2191	-4.0617	-1.756	-1.1027
-2.5821	3.3936	-5.3225	-3.4066	1.3677	0.52755	-1.0864	-1.877	-2.9284	-4.5091	0.59259	-2.1899	3.3623	-1.1168	-3.4153	-3.1163	-2.0372	-3.4874	-3.8526	-2.1594	-2.9307	-1.1588	-5.0372	-3.2723	0.068506
-5.0139	4.3393	-5.8463	-5.4967	1.7863	1.6431	-2.2297	-1.5256	-3.5126	-6.0601	1.1349	-3.1893	4.5217	-0.38141	-4.0674	-5.3508	-5.4231	-5.9323	-4.6153	-3.4288	-4.0672	-3.0064	-7.0822	-4.8942	1.8381
-5.2631	3.8296	-6.0935	-7.9202	3.7288	1.365	-2.9919	-3.9739	-4.6977	-7.4474	1.5298	-5.3605	5.6846	-0.52371	-3.4822	-7.7239	-6.1784	-6.5747	-5.2747	-6.0051	-3.8688	-4.476	-8.2281	-5.7145	3.2672
-7.449	4.3051	-7.6426	-9.9536	5.8982	0.93563	-3.8992	-4.8964	-4.4706	-7.203	0.57465	-5.2585	5.7494	-1.5826	-4.9685	-8.7108	-7.4123	-7.6419	-6.4465	-6.9348	-4.8875	-7.4573	-8.6112	-7.5852	4.0188
-1.3469	-1.74	2.6341	-2.2448	0.01676	-0.32736	1.7691	-3.3929	2.342	0.48201	-3.1305	0.76795	-0.43146	-0.13983	1.3392	-0.099553	1.0085	3.0635	1.6647	0.10939	-2.4409	1.587	-0.50501	1.0867	2.9415
-2.5342	0.20113	1.848	-2.7087	1.0983	-0.20121	0.85376	-4.3835	1.3322	-0.64879	-1.797	-0.65071	0.79043	-1.257	-0.30583	-0.41512	-0.72303	1.695	0.36388	-2.3312	-3.2059	1.6006	-2.0752	-0.21808	4.3017
-4.8157	-0.45431	1.4739	-4.8855	3.1614	1.0051	0.47835	-5.0503	-0.48619	-2.2343	-1.974	-2.9693	2.8477	-1.608	-0.31001	-3.9401	-1.4509	0.38241	-0.007395	-5.0521	-3.9665	-0.44455	-4.7175	-2.0375	6.4029
-7.4731	0.20015	0.79359	-6.8389	4.7197	1.23	-0.17573	-7.4542	-0.83016	-4.113	-2.2343	-3.4152	3.4822	-1.7892	-0.84463	-5.5438	-2.237	-0.46462	-1.1924	-5.8443	-4.9818	-2.3375	-7.3762	-4.1289	5.7804
-9.1349	0.39174	-0.29056	-8.6302	5.1356	1.2658	-1.4639	-9.4799	-1.7998	-3.7993	-0.26919	-3.8324	3.5342	-3.0225	-1.8206	-8.0368	-5.1428	-1.2315	-2.9096	-8.202	-3.3602	-4.0593	-8.1175	-6.0625	8.3296
-10.662	1.1021	-0.47092	-10.247	7.348	1.2142	-3.3128	-9.7928	-3.0076	-5.076	0.25436	-6.2673	5.2177	-3.7827	-2.0093	-8.5264	-6.5682	-3.1814	-3.8347	-9.2471	-4.4821	-5.6332	-9.8717	-6.9327	9.7772
2.1844	0.4594	-1.6047	1.7918	-0.71113	-0.16265	-0.018926	0.022212	-2.3882	-1.1516	2.8993	2.8629	-0.62938	0.95017	1.2002	-1.9064	0.78689	-2.5763	-3.6199	-3.1606	3.507	0.73799	-2.031	0.81551	0.14597
0.65109	1.3168	-1.8341	0.45166	0.85819	0.23911	-0.079998	-3.4174	-2.675	-4.2292	1.8199	1.047	0.69484	-0.82294	1.6973	-4.5218	-1.4085	-1.5575	-2.9423	-4.6666	2.0492	-1.6006	-3.4583	-0.77574	2.8502
-0.39384	2.0597	-3.3754	-0.95238	2.9695	1.3385	-2.1641	-3.2568	-2.8527	-4.736	3.8413	0.23638	2.2202	-1.5017	0.46936	-5.6131	-3.4531	-4.2696	-4.7832	-6.4449	0.55595	-3.5419	-5.4659	-2.3185	3.9044
-2.0214	2.0195	-2.8203	-2.4368	3.3302	1.9779	-2.4409	-4.1987	-3.8083	-6.5179	4.0585	0.058227	2.5522	-2.5567	-0.26611	-8.0313	-5.568	-4.9469	-6.1761	-8.7955	0.18523	-4.0429	-6.7247	-3.8095	4.3347
-1.874	2.9091	-3.3014	-3.6051	5.88	1.8826	-3.1415	-5.7729	-4.6121	-7.0781	5.0352	-1.0409	4.7454	-3.1516	0.3727	-9.3166	-7.5171	-5.7582	-7.2068	-9.9752	-0.34756	-6.478	-8.8858	-5.9365	7.4009
-4.3153	3.2044	-4.3959	-5.8356	6.9785	1.7778	-2.5785	-7.8724	-4.8053	-9.6894	4.7836	-1.3753	5.452	-2.9936	1.0934	-9.327	-7.1818	-7.5899	-9.2166	-11.877	-1.7182	-8.4585	-10.549	-7.3094	7.7232
-1.5828	1.0108	-1.4917	-1.7696	-1.9772	-1.6573	-3.5563	-0.95255	0.68488	0.020338	-2.4547	0.35104	0.009362	1.4556	2.4675	-1.7771	3.105	0.16359	2.1384	1.7652	-1.8327	-2.3646	-2.7526	-2.1247	0.94348
-2.636	1.5171	-2.4258	-3.5031	-0.52758	-0.77842	-4.0202	-2.1519	-0.035558	-2.0018	-3.3509	-0.83557	2.1831	0.13374	2.0022	-4.1654	1.2457	-2.0457	1.784	-0.36251	-3.0912	-3.7243	-4.0627	-3.5343	1.1151
-4.9633	1.5954	-1.0591	-4.1232	-0.29101	0.09629	-4.8012	-3.2865	-0.21712	-3.3529	-1.6375	-0.94994	1.8772	0.072019	1.2364	-5.2021	-0.78066	-2.9921	0.67066	-2.1492	-3.1163	-6.2022	-5.9857	-5.7046	3.2222
-5.7611	2.8773	-3.1145	-6.0184	1.9659	-0.1409	-5.6279	-4.5062	-0.31434	-5.33	-0.96346	-2.447	3.1616	-1.56	0.97261	-7.0272	-2.8305	-3.7596	-1.083	-4.1345	-3.776	-7.5135	-6.5762	-7.0783	5.0594
-6.7526	3.9952	-2.8828	-8.1375	3.3407	0.93268	-7.2282	-5.548	-2.1517	-6.6122	-0.1668	-2.0754	4.1458	-2.0866	-0.059216	-8.6216	-3.5749	-4.5166	-1.4555	-5.4848	-4.4813	-9.8141	-8.6448	-7.6568	6.0188
-7.0002	3.7877	-4.5283	-8.9476	4.1087	2.1589	-8.5002	-6.2065	-2.5553	-7.7896	0.81974	-3.7588	4.458	-3.1549	-1.8539	-10.275	-4.9014	-4.8142	-2.0776	-6.9179	-3.8363	-10.612	-10.165	-10.504	8.3258
