-1.7493	1.2922	0.60766	0.54194	2.9421	0.51335	-2.5133	-2.0937	-2.4989	-2.2216	1.0774	0.87828	-0.80111	-2.1172	-0.69382	1.8839	-0.6293	1.6021	-1.2861	0.87924	2.4185	-1.8234	-0.12336	-2.4304	-2.3087
-0.72241	2.3908	-1.4707	-0.10139	3.0248	0.22682	-2.7363	-4.0087	-1.505	-2.895	1.9602	1.5497	-2.7659	-3.2152	1.2724	3.6269	-0.77921	1.6962	-1.1867	2.1931	4.0095	-3.3794	1.7415	-1.7084	-3.4668
0.34207	3.1016	-3.4332	-0.88338	2.6544	0.18741	-3.6626	-5.6689	-0.25819	-3.7159	2.6784	2.1635	-4.3633	-4.4892	3.2889	5.3494	-1.0362	2.2323	-0.51563	3.3452	5.9559	-5.2095	3.2504	-0.97909	-4.6211
1.4153	3.7236	-5.3711	-1.8891	2.0556	0.10518	-4.326	-7.2851	0.85267	-4.0445	3.5519	2.1932	-6.3879	-5.8085	5.4718	7.0045	-1.329	2.9435	0.18534	4.6082	7.7035	-6.7494	4.9769	-0.21223	-6.0337
2.2842	5.0822	-7.3233	-3.1672	2.0386	-0.18082	-5.0006	-8.807	1.9634	-4.1236	4.4638	2.0738	-8.348	-6.9226	7.4996	8.6256	-1.9293	3.6761	0.63332	6.1154	9.5892	-8.3796	6.7946	0.44603	-7.1394
2.8873	6.7713	-8.8931	-4.5047	2.1146	-0.57719	-5.5831	-10.907	2.7061	-4.4049	5.1134	2.3307	-10.319	-7.2234	9.0706	10.463	-2.6468	4.3724	0.71672	7.8879	11.559	-10.083	8.0842	0.81925	-8.2049
-2.7381	-2.642	0.79727	-0.55682	0.87034	2.2392	1.6553	2.9903	1.7681	2.7355	1.5019	-1.5473	1.3769	1.2153	1.7164	1.5525	-1.1406	0.065506	1.7149	0.45728	2.8502	-2.0625	2.5574	1.5839	-1.3428
-1.7912	-1.1462	-0.81748	-1.6495	0.57725	1.5254	1.0894	1.276	2.9076	2.0986	2.2276	-1.2107	-0.54467	0.78131	3.2711	2.9928	-1.4935	0.77262	1.5464	1.7369	4.6385	-3.8845	4.0043	2.0573	-2.2515
-1.072	0.20027	-2.5552	-2.5691	0.64355	0.65735	0.60495	-0.31055	4.1234	1.1732	2.9125	-1.4676	-2.731	0.13593	5.1165	5.0134	-2.2329	1.406	1.4495	2.9745	6.574	-5.3407	5.6686	2.5977	-3.6914
-0.33074	1.3475	-4.5454	-3.1782	0.66849	0.0034042	-0.20674	-2.0482	4.9537	0.22438	3.5045	-1.2435	-4.4499	-1.1597	6.4668	6.6282	-2.7631	2.1203	1.0748	4.2438	8.4618	-6.9735	7.2617	3.0536	-4.9158
0.44111	2.7529	-6.5364	-4.3394	0.16346	-0.23153	-1.071	-3.487	5.814	-0.16713	4.2238	-0.92151	-6.3034	-2.2377	8.1678	8.2919	-3.1835	3.0682	0.96172	5.5681	10.409	-8.9081	9.1682	3.4382	-6.4892
1.263	4.2972	-8.5986	-5.3784	-0.48753	-0.58352	-1.9254	-5.0542	6.3513	-0.095187	4.4645	-1.0331	-8.1919	-3.424	10.143	10.188	-3.7529	3.9627	1.4416	6.9306	12.141	-10.405	10.683	3.8396	-7.8906
0.80014	-0.23344	-2.3271	0.31014	2.9485	-0.36336	0.57125	-2.4431	-1.8849	-2.1166	-2.9084	-1.4273	-1.6948	-0.88834	-2.2963	3.1312	0.084911	-0.70433	-1.5709	-0.84935	-0.63392	2.6772	-0.02843	0.68569	-3.1098
2.0702	1.2039	-3.9405	-0.80841	2.5296	-0.93293	-0.21716	-4.2393	-1.0495	-2.296	-2.1557	-1.5368	-3.6446	-1.6976	-0.39341	5.1304	0.03193	-0.68404	-1.1513	0.24886	0.9839	1.0434	1.1206	1.0252	-4.0054
3.2561	2.7751	-5.9201	-2.0544	1.8125	-1.1431	-1.3651	-6.0418	-0.34144	-2.4697	-1.0523	-1.0115	-5.7706	-1.9859	1.3225	6.5212	-0.53393	-0.64292	-0.6894	1.6064	2.498	-0.71078	2.4835	1.7078	-4.7878
4.0858	4.1537	-7.9738	-3.4675	1.7596	-1.4923	-1.9897	-8.0516	-0.057849	-2.8659	-0.04156	-0.82243	-8.1519	-2.6188	3.4948	8.5525	-1.0269	-0.41702	-0.69916	3.4325	4.2148	-2.4029	3.8499	2.483	-6.0997
4.8524	5.5754	-9.9498	-4.4619	1.9544	-1.9259	-2.5051	-10.134	0.95889	-3.3878	0.69545	-0.74801	-10.064	-3.5936	5.1112	10.256	-1.5305	-0.12307	-0.72402	4.9569	5.741	-3.9374	5.1557	3.2367	-7.3553
5.8728	6.8053	-11.74	-5.6926	1.6957	-2.0119	-2.8382	-11.85	2.134	-3.9276	1.555	-0.45921	-12.057	-5.0573	6.9428	11.815	-2.0009	0.22189	-0.28453	6.1997	7.2388	-5.6585	6.6307	3.9851	-8.482
0.55094	1.7425	0.98711	0.17782	2.0459	2.9041	-1.1697	1.8657	-1.3491	-3.0465	-2.5487	-1.0756	-1.221	-3.0268	-2.1213	-0.35175	1.6753	1.1383	1.3473	-0.25258	2.633	3.0706	2.7167	-0.24163	2.5429
1.5554	2.8086	-1.17	-0.56091	1.8079	1.9323	-2.0153	0.23512	-0.81111	-4.137	-1.6333	-1.2457	-2.697	-3.8948	-0.24683	1.6625	0.97903	1.6219	1.8459	1.1183	4.4845	1.7244	4.3979	-0.0045837	1.4983
2.4195	4.0577	-3.0026	-1.3824	1.6192	1.1968	-2.3405	-1.3826	0.099358	-4.9145	-0.70686	-0.9673	-4.1338	-4.7754	1.5003	3.3683	0.29611	1.9267	2.1759	2.325	6.4769	-0.048432	5.6858	0.093006	0.15436
3.2268	5.7079	-4.9184	-2.4944	1.3675	0.82847	-2.7111	-2.959	0.83968	-5.2209	-0.41674	-0.57693	-6.1133	-5.4801	3.3748	5.1093	-0.57986	2.2761	2.407	3.3744	8.1235	-1.8577	6.889	-0.1216	-1.0128
4.1819	6.9571	-6.8731	-3.3106	1.3301	0.3537	-2.9673	-4.4888	1.9614	-5.6417	-0.14304	-0.35788	-7.9246	-5.8414	4.9095	7.0514	-1.2398	2.8482	2.8343	4.4887	10.134	-3.1831	8.4297	-0.27406	-1.8695
5.2179	7.9591	-8.8161	-4.9	1.646	0.022714	-3.0548	-6.4715	3.2526	-5.9566	0.55124	-0.033625	-9.8431	-6.4921	6.7837	8.8549	-1.6509	3.5183	2.8189	5.7098	11.872	-4.63	10.311	-0.33777	-2.9055
-0.71308	0.64694	0.3788	2.1719	-1.3514	1.0256	0.64218	0.98259	-1.1936	-1.0573	-1.9581	-2.5077	-1.3404	-0.91169	0.22458	3.0824	-2.963	1.3159	2.5444	2.2974	-2.3916	2.8591	-0.37114	2.3598	2.2919
0.0086177	2.2313	-1.3801	1.0592	-1.5295	0.53215	0.035032	-0.65395	-0.22984	-1.1639	-1.1529	-2.3607	-3.1272	-1.3822	1.5602	5.0618	-3.4202	1.9654	2.8825	3.8393	-0.36554	1.3111	1.3795	2.8602	1.2336
0.72328	3.6391	-3.4357	-0.26843	-1.5389	0.38823	-0.7353	-2.4982	1.0549	-1.5549	-0.27116	-1.8255	-4.9247	-2.0557	3.7046	6.6338	-3.4649	2.7406	3.0636	5.5297	1.2717	-0.21501	3.0943	3.348	-0.35382
1.3687	4.6713	-5.1957	-1.9583	-1.3891	0.08261	-1.5007	-4.0101	2.275	-2.4509	0.51288	-1.1039	-6.5094	-2.975	5.745	8.2721	-3.8367	3.5975	3.6365	7.0545	3.1119	-2.1599	4.4322	3.9783	-1.5349
1.7975	5.5291	-6.8899	-3.5308	-1.5293	-0.78496	-1.8373	-5.4316	3.5675	-3.2337	1.605	-1.0625	-7.9544	-4.072	7.7685	10.144	-4.5654	4.2839	4.0594	8.2712	4.7424	-3.6397	5.2543	4.6523	-2.9072
2.4816	6.6518	-9.1925	-4.7667	-1.9199	-1.6725	-2.4246	-7.1278	4.4668	-3.8816	2.5745	-1.3694	-9.794	-4.9756	9.5775	11.732	-4.9778	4.6313	4.0592	9.3148	6.6817	-5.0736	6.012	5.1862	-4.2153
-0.90965	0.8236	2.2894	-3.0082	-2.6576	-0.77423	-2.2031	-2.9259	1.7725	-1.0849	1.9938	-2.0497	1.106	2.3588	1.6149	-1.698	-0.88583	-0.85933	-1.4605	-1.0217	-2.5939	-0.30421	-0.28471	-2.9577	0.861
0.25718	2.5645	0.6613	-3.9822	-2.3934	-1.2572	-2.9924	-4.2452	3.1052	-1.5843	2.6868	-1.7829	-0.71925	1.6693	3.3918	-0.47619	-1.211	-0.42369	-1.3587	0.13615	-0.38482	-2.1013	1.7336	-2.8013	-0.36797
1.4095	4.0432	-1.1098	-4.9404	-2.3313	-2.1022	-3.5613	-5.7291	4.0526	-2.2259	3.4417	-1.7132	-2.7387	1.0788	5.2265	1.4108	-1.6095	0.26688	-1.5314	1.2475	1.553	-3.9808	3.3849	-2.7531	-2.0324
2.3925	4.9618	-3.3624	-5.7569	-2.9257	-2.5899	-3.8984	-7.3072	4.7558	-2.4151	3.7791	-1.6051	-4.3917	0.10462	7.1779	2.9002	-2.418	1.2144	-1.5725	2.3446	3.3468	-5.2361	4.4397	-2.6818	-3.4339
3.1363	6.2091	-5.1064	-7.0153	-3.5162	-3.3154	-4.3435	-9.263	5.7466	-2.4117	4.1409	-1.6434	-6.1702	-0.81919	9.2009	4.4929	-3.26	2.1033	-1.045	3.3617	5.0991	-6.7036	5.4914	-2.6659	-4.337
3.9859	7.9043	-7.0473	-8.5069	-3.5202	-4.112	-4.6146	-10.631	6.6062	-2.5269	4.8836	-1.3408	-7.9711	-1.7485	10.839	6.3624	-3.8681	2.7946	-0.5293	4.3256	6.97	-8.754	6.9745	-2.4453	-5.3969
-2.7666	-2.0774	1.1598	0.34268	-3.1021	-1.3308	-0.77488	-2.22	-2.6719	-0.24653	-0.81392	2.0382	0.23572	1.994	-0.24881	-3.0519	-3.1087	-2.0961	-0.8419	1.3704	-2.1388	-1.3893	0.91021	-1.3364	-1.1183
-1.7761	-0.86866	-1.0477	-1.3046	-2.949	-2.1768	-1.5184	-3.9659	-1.7037	-1.0468	-0.74203	2.6812	-1.5572	1.4795	2.0028	-1.4997	-3.4779	-1.826	-1.1376	3.1639	-0.76733	-3.0557	2.7906	-1.3728	-2.535
-1.141	0.51849	-3.0759	-2.3748	-3.2048	-2.8935	-2.4906	-5.4731	-0.83171	-1.3405	-0.36035	3.2133	-3.6854	0.90807	4.0127	0.19973	-3.8951	-1.7983	-1.2892	4.5909	1.0164	-4.5609	4.2716	-1.2658	-3.5248
-0.57077	2.2287	-4.6899	-3.2839	-3.7408	-3.4923	-3.2749	-7.1608	0.64336	-1.4749	0.38155	3.391	-5.7523	-0.32596	5.8472	2.0383	-4.5719	-1.3157	-0.72005	5.6185	2.7452	-6.2085	5.6592	-0.96754	-4.5171
0.26981	3.5211	-6.7853	-4.3164	-3.7039	-4.0421	-4.0633	-9.1473	1.7196	-1.8255	1.0846	3.5457	-7.4948	-1.3689	7.5499	3.5887	-5.2566	-0.5248	-0.089148	6.5525	4.7244	-7.924	7.3275	-0.47064	-5.8074
1.202	4.476	-8.4497	-4.9863	-3.5425	-4.4821	-4.9505	-10.648	2.7742	-2.5169	1.8485	3.6982	-9.3227	-2.3337	8.9692	5.4205	-5.8364	0.27185	0.5472	7.4617	6.6736	-9.6747	9.0336	0.10412	-6.7017
-2.164	-0.70548	2.4852	2.4352	-0.66811	1.1019	-1.5561	2.8259	0.783	-1.8404	-2.4514	0.41354	-1.4172	-2.6931	-2.1449	-2.829	1.1359	1.7694	1.9303	-1.4755	2.4862	0.67815	-3.0496	-0.9795	0.21141
-1.37	0.536	0.67874	1.6026	-1.0897	0.4615	-2.1569	1.2921	1.6615	-2.1814	-1.669	0.97509	-2.6095	-3.3839	-0.43988	-1.2088	0.78862	2.1577	2.6679	-0.34058	4.7546	-1.2135	-1.5133	-1.1314	-0.96896
-0.43707	1.954	-1.2418	0.55239	-1.3594	-0.078489	-2.4023	-0.32408	2.4207	-2.9391	-1.0808	1.2129	-4.2081	-4.2045	1.3222	0.24667	0.043073	2.686	2.8666	0.89983	6.7032	-2.7448	-0.25646	-1.0444	-2.2574
0.54122	3.1154	-3.3916	-0.19161	-1.4723	-0.368	-2.7659	-1.6306	3.4103	-3.9685	-0.29155	1.1765	-5.7483	-4.7477	3.3833	2.0291	-0.60587	3.0692	2.9087	2.3391	8.659	-4.2539	1.2242	-0.67028	-3.6428
1.5932	4.4152	-5.0949	-1.0469	-1.2739	-1.0637	-3.1095	-3.2288	4.6588	-4.6649	0.52517	1.6305	-7.564	-5.3292	5.0023	3.7072	-0.88077	3.5526	3.2043	3.7453	10.183	-6.2532	2.7603	-0.21117	-4.7817
2.6631	5.7602	-7.0436	-2.1913	-1.3731	-1.9256	-3.7124	-5.0214	5.6729	-4.9394	1.0447	2.3726	-9.0975	-6.4127	7.0005	5.1981	-1.2375	4.1968	3.3529	5.023	11.814	-7.743	4.2962	0.15353	-6.0318
0.80235	-0.33449	1.9537	-2.2305	2.9819	2.096	-1.0042	0.72998	-1.2324	-2.5797	0.13518	2.0428	1.6575	2.8112	-1.0453	-0.69244	-2.1954	-1.0443	0.3371	0.31585	-2.1326	-2.4047	-0.6371	2.0811	-1.9782
1.1004	1.2025	-0.092289	-3.5866	2.8861	1.7596	-1.2431	-0.72876	-0.13218	-3.1344	0.7377	2.5055	-0.15404	2.3672	0.44896	0.98947	-2.5362	-0.41988	0.31485	1.0368	-0.27775	-4.3109	0.95152	1.7942	-3.1988
1.3955	2.588	-1.9095	-5.1604	2.7921	1.1045	-1.4507	-2.1826	1.0422	-3.74	1.431	2.8498	-2.0567	1.2629	2.0863	2.4401	-3.1072	0.24356	0.62543	1.585	1.4508	-6.0695	2.292	1.4992	-4.7287
1.9989	3.4465	-3.7502	-6.1727	2.447	0.68335	-1.8007	-4.2099	2.2913	-4.2067	1.9505	2.5357	-4.1605	0.50288	3.5422	4.3158	-3.8768	0.85008	1.3405	2.1286	2.7226	-7.3029	3.331	1.5906	-6.014
2.6718	4.8433	-5.7485	-7.5512	1.9155	0.42298	-2.4483	-5.7349	2.8792	-4.6205	2.7224	2.5719	-5.8895	-0.045383	5.4497	5.7187	-4.4061	1.3661	1.7469	2.7463	4.2559	-8.9449	4.5761	1.8915	-6.9003
3.3928	6.6163	-7.273	-8.4047	2.0592	-0.095592	-3.2489	-7.1969	3.6372	-5.0184	3.5574	3.0776	-7.4968	-0.68139	7.5607	7.4829	-4.78	2.0308	2.1771	3.4448	5.9394	-10.851	6.2904	2.3488	-7.9478
0.0049346	-2.3467	2.2899	1.6745	0.40414	-0.6935	-0.061935	2.4298	2.5437	-0.010117	0.18355	2.5729	0.4936	1.7319	1.0136	-0.19055	-1.7599	0.64426	-1.9829	-1.8996	2.2733	-2.3509	0.91424	-0.39364	0.70716
0.85006	-0.75132	0.43882	0.32098	-0.11387	-1.0954	-0.69847	0.64176	3.6294	-0.29348	0.43683	2.8258	-0.99688	1.002	2.7164	1.5117	-1.8121	0.94386	-1.6042	-0.23104	4.1912	-4.0797	2.5918	-0.14857	-0.74996
1.6063	0.4484	-1.8196	-1.0159	-0.52774	-1.4612	-1.4096	-0.98259	4.265	-0.79876	0.8381	3.1269	-2.8912	0.21792	4.7673	3.5056	-2.1886	1.15	-1.4463	1.0717	5.7648	-5.8623	4.2416	0.16904	-2.1545
2.3744	1.7729	-3.5301	-2.1433	-0.30552	-1.6038	-2.1372	-2.8494	4.7607	-1.3597	1.4206	3.3755	-4.3347	-1.1065	6.4242	5.1509	-2.8392	1.5777	-1.2585	2.0023	7.8323	-7.4562	5.8168	0.66836	-3.1727
2.9004	3.1897	-5.3952	-3.3255	-0.059826	-1.692	-2.8627	-4.3164	5.8623	-2.1223	1.9732	3.5968	-5.8793	-2.0685	8.5629	6.7532	-3.7491	2.1124	-0.88748	2.8105	9.4383	-9.0935	7.632	1.2478	-4.2192
3.4621	4.2514	-7.31	-4.5628	-0.32392	-2.3307	-3.723	-5.8247	7.0919	-2.8203	2.2206	3.9554	-7.5769	-2.858	10.293	8.709	-4.9016	2.5668	-0.6065	3.5935	11.115	-11.073	9.0612	1.7836	-5.3789
1.4914	-1.2354	-2.8702	2.107	-0.82074	1.0132	2.4851	-1.4187	3.1268	2.0997	1.8296	0.98353	0.27427	-0.71164	2.0236	0.5987	1.7687	3.0626	1.8102	2.2163	-0.090351	2.3472	-1.0434	-1.8506	-0.035438
2.412	0.21427	-4.9017	0.56771	-0.86604	0.51883	1.3806	-2.6651	4.5198	1.5053	2.687	0.93567	-1.1354	-1.6278	3.6337	1.816	1.2516	3.1051	2.1623	3.0086	1.7472	0.4578	0.45361	-1.0801	-0.99675
3.3518	1.484	-6.9418	-0.62287	-1.2752	-0.00029867	0.60962	-4.5294	5.7062	1.0299	3.4504	1.5462	-2.5846	-2.474	5.4329	3.5333	1.1369	3.4515	2.2292	3.7091	3.7969	-1.1249	1.7751	-0.30048	-2.1493
4.2597	2.6243	-8.5985	-1.8631	-1.8746	-0.49697	-0.11931	-6.1773	6.9578	1.0314	4.0644	2.0127	-4.0373	-2.8309	7.1868	5.2493	0.88552	3.9296	2.3747	4.4057	5.4544	-2.8116	3.3472	0.48151	-3.1061
5.1175	3.926	-10.525	-3.126	-2.0733	-1.1865	-0.88837	-7.647	7.6762	1.011	4.7546	1.7989	-6.0233	-3.8201	9.0807	6.7394	0.28783	4.4621	2.7943	5.1248	7.5211	-4.6486	5.2907	1.2297	-4.2917
5.7467	5.2512	-12.38	-4.3586	-1.8591	-2.1837	-1.7906	-8.9215	8.6373	0.66501	5.5716	1.7314	-7.526	-4.7649	10.998	8.5511	-0.19575	4.9025	3.4414	5.8623	9.1921	-6.4356	7.0771	1.7921	-5.5686
-2.944	2.0572	-1.4805	1.1147	1.8455	1.142	0.94677	-1.6495	-0.14191	2.7407	-1.6259	-1.8268	-1.4289	1.7321	-1.0587	0.64731	-1.9844	-2.5908	-1.2	-1.6901	2.5697	2.7436	-2.9398	0.5881	-2.8648
-1.7127	3.1984	-3.0331	0.22566	2.0093	0.84455	0.20039	-3.5428	1.0998	2.0006	-0.58393	-1.8092	-3.3939	0.84652	0.85351	2.0262	-2.7049	-1.7769	-0.62346	-0.94814	4.3238	1.2716	-1.3737	1.3181	-4.1452
-0.51469	4.6165	-5.0471	-0.7311	1.6094	0.62188	-0.56866	-5.4369	2.2662	1.4456	0.44114	-1.4013	-5.4202	0.041735	2.6376	4.0233	-3.3083	-0.96588	-0.31165	-0.15768	6.2811	-0.58681	-0.11889	1.9325	-5.7467
0.57586	5.9225	-7.0567	-2.0406	0.91501	-0.080047	-1.2633	-7.4473	3.5576	1.198	1.0509	-1.0828	-7.1573	-0.95459	4.6067	5.6935	-3.3512	-0.23078	-0.60075	0.69654	7.7921	-2.1407	1.3391	2.3599	-6.8315
1.4269	6.9587	-9.1001	-2.9742	0.91822	-0.69564	-1.7619	-9.1232	4.4264	0.85231	1.5675	-1.0324	-9.5039	-2.3887	6.2151	7.4122	-3.6293	0.28061	-0.67533	1.5644	9.8152	-3.92	2.9534	2.4267	-8.0417
2.0355	7.8319	-10.974	-4.5202	0.99216	-0.83914	-2.0775	-11.035	5.4012	0.35776	2.0452	-1.0281	-11.506	-3.2745	8.2675	9.3482	-4.4071	0.79946	-0.31625	2.429	11.623	-5.5019	4.4355	2.1412	-9.0265
-0.47161	0.13553	2.1373	0.78519	-1.5373	2.5415	1.6786	0.39354	2.4941	-0.82846	-1.019	0.74641	-2.5943	-0.78188	-1.9632	1.9501	1.402	1.097	2.5998	2.0156	0.30599	-3.0424	-2.5454	0.092682	2.8416
0.22181	1.349	0.081569	-0.48451	-1.3668	1.9775	0.88429	-1.2212	3.289	-0.95229	-0.071727	1.0962	-4.9078	-1.3925	0.011388	3.1034	0.91939	1.7645	2.5866	3.3512	2.1268	-4.5232	-0.54611	-0.090046	1.6693
1.0499	2.6134	-1.7577	-1.6949	-1.2904	1.3893	0.099245	-2.8014	4.8494	-1.1388	0.61531	1.4977	-7.0597	-2.2629	1.7755	4.957	0.42659	2.2418	2.7925	4.873	3.8797	-6.5947	0.84013	0.17692	0.45447
1.9175	3.7791	-3.5151	-2.8931	-1.6005	1.276	-0.23913	-4.3498	5.9371	-1.7922	0.97463	2.2508	-9.0553	-3.1868	3.5376	6.3819	-0.34235	2.8513	3.2368	6.4109	5.6539	-7.8973	2.1069	0.62066	-0.99701
2.7205	4.7106	-5.5292	-3.8978	-1.6444	1.2998	-0.62701	-5.9082	6.9706	-2.8434	1.5473	2.4795	-10.876	-3.7565	5.7007	7.851	-0.82599	3.6675	3.5792	7.7295	7.2861	-9.5938	3.693	1.1141	-2.0975
3.4689	5.9128	-7.4585	-5.0489	-1.8122	1.0785	-0.85833	-7.1624	7.9626	-3.5211	2.1987	2.1394	-13.075	-4.8588	7.483	9.2896	-1.115	4.571	4.1534	8.8754	8.9527	-11.563	5.6324	1.5448	-3.3728
2.1544	2.7319	2.973	-0.80053	-1.1247	1.7788	-1.8072	2.8835	2.7019	-0.84322	-0.97395	1.21	1.3603	1.8862	0.58825	-2.5297	0.37372	-2.8694	1.6179	1.0026	0.6246	-1.7145	1.3421	1.4099	-0.97831
2.84	4.212	0.90379	-2.4473	-1.0887	1.5675	-2.0012	1.3181	4.0313	-1.1741	-0.45672	1.3338	-0.29107	1.2325	2.5659	-0.90371	-0.31862	-2.5201	2.16	2.6132	2.662	-3.0948	2.3055	1.6755	-2.1969
3.7223	5.3487	-0.79681	-3.5174	-1.4223	1.5867	-2.41	-0.44783	5.0615	-1.3338	0.20877	1.8589	-2.0663	0.53484	4.3251	1.1346	-0.79666	-2.148	2.8683	3.9019	4.2694	-5.0869	3.4176	1.9678	-3.2145
4.7446	6.4183	-2.8539	-4.5483	-2.0139	1.5419	-2.8846	-2.0636	6.1488	-1.5624	0.94684	2.349	-3.4442	-0.78914	5.6851	2.8302	-1.0836	-1.5652	3.234	4.9338	5.9028	-6.6672	4.9265	2.1533	-4.3732
5.812	8.0959	-4.9865	-5.5027	-1.9653	1.0875	-3.7615	-3.8895	7.4667	-2.0655	1.4867	2.4416	-5.1644	-1.6002	7.4763	4.6213	-1.497	-0.87148	3.195	5.9108	7.3568	-7.9993	6.8902	2.0842	-5.8075
6.8801	9.4957	-6.6301	-6.3155	-1.7227	0.72842	-4.8978	-5.4282	8.4198	-3.0151	2.1597	2.3076	-6.9492	-2.279	8.9183	6.5863	-1.6315	-0.144	3.1555	6.8854	8.872	-9.8237	8.3104	1.9726	-6.7317
-2.9343	2.1579	1.6975	0.060581	1.2997	1.8286	-1.0634	2.5979	0.48171	-1.3319	-1.4641	2.4503	-0.84088	-2.1979	2.8029	0.94725	3.0283	-1.9227	2.0645	-0.038923	0.57009	-2.8581	0.4048	0.83866	-0.011933
-1.9015	3.3917	-0.26719	-0.99511	1.2902	1.398	-1.6067	0.90103	1.8307	-1.5888	-0.5311	2.3248	-2.2386	-3.2861	4.6597	2.4573	2.4687	-1.0866	2.4088	1.4631	2.0092	-4.7422	1.7952	1.4788	-1.3309
-0.74571	4.8187	-2.0434	-2.4847	1.5524	0.91013	-1.9124	-0.67538	2.6129	-1.9539	0.38219	2.311	-4.1785	-4.0018	6.2643	4.1332	2.241	-0.22476	2.7074	3.1107	3.5077	-6.4083	2.8783	1.9586	-2.4349
0.42546	6.314	-4.2931	-3.3507	1.3144	0.095409	-2.1826	-2.6142	3.1374	-2.3159	1.2321	2.4863	-5.7047	-4.5335	8.1024	5.5081	1.9348	0.45291	3.0473	4.7045	4.84	-7.7346	4.0112	2.102	-3.6599
1.4542	7.6725	-5.9438	-4.3595	0.78825	-0.22817	-2.8833	-4.3095	3.9631	-2.8865	1.5879	3.1162	-7.1258	-4.9238	9.8438	7.0235	1.2284	0.7166	3.5598	6.3534	6.7657	-9.486	5.6726	1.7322	-4.8278
2.2591	8.8465	-7.6538	-5.5353	0.59357	-0.54493	-3.5736	-5.8969	4.5939	-3.6905	1.7738	3.4214	-8.783	-5.5619	11.743	8.6034	0.48655	0.99402	3.5478	7.7081	8.3548	-11.468	7.5868	1.6721	-5.9568
-2.7656	0.095225	-2.8059	2.158	0.59455	1.1996	0.92458	0.7752	2.8502	-2.0288	-0.1576	2.1503	-0.01907	1.6479	-2.0104	1.2034	2.6026	-2.1185	-0.45156	-2.8772	-1.7223	1.0434	2.332	-0.97511	-2.9689
-1.9868	1.5881	-4.4605	0.76518	0.57717	0.53175	0.061238	-0.86812	3.7177	-1.94	0.52063	2.5575	-1.3435	0.52164	-0.27934	2.6969	1.9901	-1.8935	-0.26256	-1.9452	0.27525	-0.68828	3.9617	-0.5274	-4.1092
-1.1578	2.9859	-6.6909	-0.12265	0.58291	0.033504	-0.44044	-2.9271	4.5996	-2.1883	1.2211	2.7868	-2.9738	-0.40444	1.6924	4.7419	1.3645	-1.5631	-0.066064	-1.177	2.3233	-2.2722	5.7648	-0.11923	-5.3395
-0.30437	4.1818	-8.5435	-1.3443	0.30269	-0.48927	-0.79527	-4.589	5.8988	-2.7627	1.8436	2.9572	-4.5831	-0.9702	3.8062	6.367	0.60968	-1.0551	0.09837	-0.40898	4.409	-4.0625	7.2052	0.23467	-6.6913
0.34863	5.3487	-10.047	-2.619	-0.022636	-1.3041	-1.4916	-6.2473	6.8615	-2.8076	2.6484	3.5996	-6.5936	-1.4934	5.8676	7.9664	-0.042412	-0.53794	-0.13619	0.41439	6.0197	-5.8238	8.8864	0.50992	-7.9191
1.0246	6.625	-12.129	-3.6933	-0.25866	-1.5314	-2.4204	-8.0061	8.1184	-2.7546	3.4182	4.0841	-8.0458	-1.8871	7.5556	10.003	-0.41053	0.07529	-0.43766	1.2564	7.6556	-7.3164	10.64	0.72596	-9.3059
2.5452	-0.18173	2.5777	-1.0803	1.2001	-3.0304	0.077538	-1.0562	-1.0292	2.847	1.5732	-1.043	0.83419	-0.53037	0.48042	2.8857	0.72753	-2.1944	2.1243	1.4203	-2.4564	-2.1267	-1.2748	-0.4799	0.17844
3.0545	1.209	0.63932	-2.4302	0.83677	-3.297	-0.44626	-3.1641	-0.3605	2.3576	2.3801	-1.1325	-0.9507	-1.5256	2.4949	4.4781	0.30316	-1.5799	2.4108	2.828	-0.42026	-3.6108	-0.2726	-0.13489	-0.8938
3.6098	2.5394	-1.4214	-4.0629	0.86026	-3.8474	-0.96513	-5.0555	0.0084009	1.6886	3.2158	-1.0759	-2.3483	-2.0768	4.2946	6.3514	-0.27224	-1.024	2.6713	3.9445	1.3189	-5.1994	0.62255	0.3781	-1.8332
4.4205	4.0956	-3.2022	-5.5759	1.1931	-4.2362	-1.7183	-7.0499	0.79219	1.3912	3.9067	-0.51349	-3.7276	-2.3742	5.95	8.1203	-0.64701	-0.62306	2.9196	4.9246	3.3629	-7.0034	2.0473	1.0055	-3.0077
5.2859	5.7277	-5.2686	-6.7126	1.1298	-4.8402	-2.225	-8.7737	1.7599	1.4728	4.5989	-0.071384	-5.5395	-2.8536	7.8747	9.9502	-1.2277	-0.32689	3.2741	5.7967	5.3507	-8.7107	3.7661	1.6483	-4.6075
6.1994	6.8057	-6.8272	-7.7873	0.40173	-5.8252	-2.6334	-10.535	3.1409	1.2699	5.414	-0.083625	-7.2855	-4.1252	9.6947	11.567	-1.8405	-0.05366	3.7874	6.55	7.0441	-10.215	5.5354	2.2929	-5.9308
-1.4124	2.0596	1.8387	-1.4209	0.72656	-2.5023	1.0674	-0.95835	1.0644	-1.2855	1.1331	-0.66711	-0.67938	-1.8403	1.41	2.0052	2.6782	0.088674	-1.9271	0.64622	-1.8954	-0.56273	2.2173	-0.44537	2.6731
-0.071136	3.7312	-0.30447	-2.8617	0.49892	-2.8994	0.49999	-2.8553	2.1881	-2.1674	1.9132	-0.65042	-2.1327	-2.6498	3.2884	3.9149	1.867	0.79733	-1.5682	1.5534	0.41463	-2.1744	4.232	-0.39323	1.3474
1.223	5.2019	-2.2673	-3.9108	0.36496	-3.1125	-0.045391	-4.3403	3.3031	-2.9744	2.825	-0.19917	-4.1212	-3.8943	5.2074	5.6626	1.2935	1.5308	-1.4075	2.346	2.2452	-3.6931	5.9197	-0.23099	0.49645
2.3174	6.6437	-3.873	-5.2066	0.28227	-3.4135	-0.5525	-6.1921	4.7582	-3.4963	3.9881	0.25145	-5.8921	-5.0297	7.1373	7.4831	0.41237	2.2626	-0.9454	3.1458	4.1457	-5.4055	6.9435	0.035126	-0.31517
3.2135	7.7553	-5.7452	-6.4617	-0.047531	-4.0773	-1.1076	-7.7108	5.6866	-3.5527	4.9571	0.026174	-7.7792	-6.3611	9.2425	9.3753	-0.43661	2.8817	-0.84352	4.0135	5.7325	-7.3109	8.1107	0.29188	-1.569
4.1772	9.1917	-7.9694	-7.5478	-0.1603	-4.4702	-1.7025	-9.5836	6.3092	-3.7078	5.5923	0.012383	-9.2802	-7.5922	10.901	11.116	-1.4582	3.5326	-0.83935	4.9174	7.4827	-8.849	10.102	0.39252	-2.6856
-0.79707	1.245	0.55657	-2.5066	-0.55016	2.6672	-2.7911	-0.72818	-1.6288	-1.7094	-0.89728	2.6634	0.01569	1.9043	-0.94029	-0.25947	2.8329	-2.3049	-2.6985	1.2942	2.7111	-2.4561	0.95266	-2.2227	1.2181
-0.22954	2.8758	-1.3456	-3.9283	-0.95441	2.3723	-3.5769	-2.656	-0.46808	-2.4223	-0.089077	3.1183	-1.7422	1.5194	0.49678	1.8613	2.5697	-1.711	-2.7015	3.1854	4.5506	-4.2034	2.7937	-1.8606	0.060142
0.57109	4.0286	-3.4428	-5.1121	-1.2683	2.1126	-4.4331	-4.6507	1.0281	-2.9302	0.71505	3.3706	-3.6225	0.5011	1.9866	3.2288	2.0692	-1.2141	-2.9061	4.879	6.2078	-5.7245	4.1535	-1.7142	-1.0118
1.4059	4.9926	-5.3846	-6.1833	-1.1961	2.0454	-5.136	-6.278	1.8605	-3.0852	1.8864	3.7426	-5.7944	-0.34021	3.4548	5.2644	1.5286	-0.5381	-2.4973	6.272	8.063	-7.4173	5.4881	-1.4872	-1.9344
2.2589	6.1633	-7.3264	-7.555	-1.2424	2.0199	-5.4345	-8.2752	2.8614	-3.2058	2.9383	3.8566	-7.4711	-1.49	5.5795	7.196	1.1685	0.27944	-1.8343	7.5576	9.7686	-9.3025	7.0711	-1.1242	-3.5687
3.0587	7.6616	-9.2608	-8.5558	-1.5838	1.324	-5.8225	-10.482	3.9185	-3.647	3.6726	3.7223	-9.4893	-2.6005	7.719	8.6766	0.89533	1.1161	-1.5041	8.8164	11.584	-10.893	8.9027	-0.64804	-4.8499
0.78885	-2.8654	1.871	3.0534	-0.39724	-0.97498	-2.8335	-1.7257	0.50876	0.63664	-1.5542	0.96927	-2.7626	2.7664	-2.5589	-1.0426	0.94859	0.02456	0.19421	-0.7591	1.6887	-1.3658	0.93743	2.6513	-1.0634
1.7143	-1.1223	-0.033275	2.2004	-0.3676	-1.5966	-3.1597	-3.1823	1.4083	0.38164	-1.1029	1.1081	-4.5931	2.1907	-0.6094	0.75833	0.61216	0.026841	0.70172	0.40869	3.7903	-2.973	2.4125	2.9554	-2.1783
2.3454	0.12952	-1.6417	0.77519	-0.47191	-1.757	-3.547	-5.2276	1.9003	-0.004614	-0.28502	1.191	-6.6485	1.0971	1.5078	2.6864	0.27698	0.36787	0.61997	1.4558	5.8106	-4.7733	3.7144	3.239	-3.1595
2.8083	0.99126	-3.7953	-0.67427	-0.56454	-1.8867	-4.311	-7.0878	2.8085	-0.38354	0.70267	1.3939	-8.3235	0.059205	3.0596	4.4856	-0.18894	0.92053	0.63773	2.455	7.8283	-6.5083	5.2827	3.6131	-4.3046
3.4804	2.1001	-5.754	-1.8678	-0.32105	-2.1201	-5.077	-8.7247	3.666	-0.94506	1.4115	1.8454	-10.083	-1.1095	4.465	6.1916	-0.81903	1.5676	0.87977	3.4681	9.32	-8.0321	7.2149	3.9104	-5.3947
4.3878	3.2902	-7.615	-3.2188	-0.4147	-2.547	-5.5312	-10.521	5.0394	-1.5133	1.9586	2.0033	-11.406	-2.4914	6.0224	8.1266	-0.95481	2.1997	0.93396	4.647	10.98	-9.8474	8.7412	3.9853	-6.4489
1.9684	1.8064	-2.3593	-2.1516	-0.53381	1.1764	0.99038	1.1303	-3.0811	-2.3323	1.6573	2.1472	1.5508	2.7916	2.6358	-1.7391	0.061338	1.807	0.141	0.73722	0.36575	1.4506	-2.7418	-0.045301	-1.6961
2.6425	2.9911	-4.0157	-3.374	-0.41979	0.7385	0.49536	-0.56451	-1.7895	-2.5768	2.4471	2.2107	-0.30368	2.0962	4.4107	0.22019	-0.45089	1.8331	0.22867	2.0619	2.374	-0.20593	-0.73259	0.64523	-3.0762
3.3852	4.0171	-6.3014	-4.3836	-0.4621	0.18073	-0.085334	-2.2816	-0.6909	-2.8876	2.975	2.6112	-2.1348	1.9662	6.1066	1.611	-0.74562	2.3144	0.19694	3.0278	3.8464	-1.5513	0.98936	1.3352	-4.1755
4.1585	5.2518	-8.0791	-5.1628	-0.54263	-0.46843	-0.51859	-4.2736	0.36539	-3.1743	3.4245	2.9532	-3.5655	1.2623	7.9376	3.6204	-0.81344	3.0307	0.07539	3.8725	5.6182	-3.5515	2.4992	2.01	-5.348
4.8029	6.8035	-9.9071	-6.2794	-0.62956	-0.99798	-1.1922	-5.7789	1.5063	-3.4604	4.2304	3.3303	-5.3387	0.43233	9.853	5.4763	-1.3721	3.7022	-0.25649	4.6938	7.2041	-5.1226	3.781	2.6236	-6.5933
5.2985	8.4369	-11.739	-7.1858	-0.9429	-1.7032	-2.2634	-7.3798	2.8255	-3.5493	5.0758	3.5845	-6.9784	-0.54672	11.709	7.06	-1.8578	4.2466	-0.27864	5.4825	8.9945	-6.4783	4.9542	3.0347	-7.8978
-1.0212	0.32429	1.5303	-0.55072	0.047843	-2.3301	-1.7908	-1.301	-0.31421	-1.631	-1.4867	2.4591	0.54096	2.7549	0.74154	-1.5655	-2.4961	0.29117	-0.36019	1.2027	1.6293	-0.63163	0.42336	-1.8489	2.7854
-0.11917	1.5581	-0.45534	-2.0882	-0.36616	-2.374	-2.6412	-3.15	0.89079	-1.9227	-0.86172	2.7548	-1.3001	2.1601	2.7888	-0.10594	-3.0515	0.75523	-0.26055	2.5521	3.0278	-2.4168	2.3516	-1.4514	1.8506
0.89056	2.9393	-2.4217	-3.6129	-0.60415	-2.7911	-3.4201	-4.9032	2.2517	-2.3072	-0.111	2.8458	-3.3904	1.3534	4.6854	2.0489	-3.702	1.3697	0.19442	4.2653	4.7443	-4.1388	3.7391	-0.88055	0.73253
1.7026	4.0746	-4.3903	-4.8385	-0.42557	-3.2441	-3.9991	-6.3037	2.7011	-2.4442	0.50347	2.7396	-5.3961	0.31677	6.8609	3.5558	-4.2469	2.0054	0.66584	6.0921	6.5457	-5.8202	5.3639	-0.26908	-0.22757
2.1479	5.3169	-6.4766	-5.7771	-0.61026	-3.7982	-4.8595	-8.1614	3.3913	-2.4249	1.1013	2.9599	-7.079	-0.74104	8.6816	5.4553	-4.5086	2.2287	0.80268	7.6136	8.334	-7.4298	7.0164	0.20655	-1.1682
2.7496	6.7872	-8.2331	-7.1481	-1.1371	-4.2072	-5.3816	-10.002	4.2418	-2.5562	1.5417	3.1578	-9.0289	-2.1464	10.202	7.3793	-5.0033	2.1891	0.7681	8.6589	10.166	-8.9679	8.3357	0.58291	-2.5993
0.080426	-1.4052	-1.701	2.8444	1.1896	1.3054	0.98547	1.7519	0.50535	0.020285	2.3784	-0.67228	-1.6162	-1.3714	2.542	1.2728	2.2172	-0.76187	0.83538	-2.9418	2.6378	-0.18999	0.12499	1.6724	-1.0286
1.2702	-0.20782	-3.3294	2.0168	1.2549	0.61274	0.29705	-0.27912	1.4188	-0.85937	2.9183	-0.24763	-3.4158	-1.9784	4.791	2.9173	1.6251	-0.060187	0.80125	-1.2727	4.6732	-1.6767	1.5427	1.9426	-1.9313
2.2711	0.70255	-5.5491	1.0754	1.0947	-0.20536	-0.5173	-2.3334	2.1727	-1.4016	3.5503	-0.042533	-5.5897	-2.812	6.7511	4.8487	1.5698	0.25716	0.49238	0.35676	6.5354	-3.455	3.1401	2.0861	-3.1119
2.8982	1.6434	-7.4422	-0.18123	0.77102	-0.45204	-1.193	-3.9159	3.5145	-1.3853	4.3021	0.048187	-7.2919	-4.1687	8.8096	6.5017	1.3372	0.74775	0.29737	1.7244	8.2522	-5.0643	4.9746	2.2809	-4.1779
3.6154	2.8563	-9.414	-1.3609	0.97728	-0.56698	-1.8934	-5.9449	4.6532	-1.3333	5.4281	0.54596	-9.2216	-5.127	10.5	8.1874	0.70613	1.5178	0.70734	3.064	9.6012	-6.9298	6.7212	2.6132	-4.9721
4.5358	4.4193	-11.324	-2.8082	0.95015	-0.94786	-2.2241	-7.9862	5.834	-1.768	6.4761	1.1001	-10.984	-5.9467	11.841	10.218	-0.063061	2.4729	1.2692	4.4067	11.247	-8.3757	8.3732	3.1753	-6.3714
0.79119	-1.0871	-1.1862	0.91737	-0.41642	-2.4939	-1.657	2.9628	1.2491	1.0013	-1.0921	-3.0155	0.44257	-2.9118	-1.4774	-1.9427	-0.3184	1.6872	0.80344	-1.1637	-1.306	-2.6487	-2.0602	1.3896	-2.5783
1.5927	0.3326	-2.9787	-0.42782	-0.59892	-2.7506	-2.5817	1.2517	2.605	0.53576	-0.46327	-2.5515	-1.3922	-4.2041	0.6645	-0.48423	-0.88305	2.357	0.83878	0.33271	0.49403	-4.2776	-0.55552	1.6223	-3.7783
2.1965	1.6145	-5.1568	-1.2769	-0.47992	-3.3121	-3.306	-0.56584	3.5816	0.1359	0.40823	-2.4675	-3.2141	-5.4523	2.4956	1.4431	-1.0666	2.8157	1.1143	1.704	2.0121	-6.0326	1.3301	1.6069	-4.9529
2.9742	3.1521	-6.8391	-2.2061	-0.33685	-3.9052	-4.0974	-2.3013	4.196	-0.35956	1.1379	-2.8344	-4.5759	-6.2802	4.0187	3.0347	-1.3903	2.9085	1.4901	2.8408	3.5172	-7.4284	2.654	1.711	-6.2127
3.8853	4.3233	-8.4834	-3.4006	-0.56804	-4.0723	-4.7989	-3.9661	5.1551	-0.90122	1.9623	-2.5496	-5.7698	-7.2908	5.5962	4.5697	-1.9588	3.0391	1.5718	3.773	4.9439	-9.2546	3.8758	1.9896	-7.5299
4.8469	5.2938	-10.556	-4.3233	-0.97335	-4.2188	-5.3207	-5.4412	5.9791	-1.2756	2.8085	-1.9854	-7.4581	-7.7118	7.3843	6.5089	-2.4022	3.2825	1.7921	4.7411	6.0542	-11.005	5.4362	2.4399	-8.6272
2.6239	-0.44163	-2.6393	0.45307	2.0835	-0.95853	1.7577	1.3084	0.57112	-0.77248	-0.66678	-0.45022	-0.4834	-1.7652	-0.020318	-2.8896	0.40705	-2.8314	2.3379	2.261	-1.0157	2.9769	2.856	3.0685	-2.1495
3.6943	0.69824	-4.8644	-1.0087	2.1542	-1.275	1.12	-0.60765	1.265	-0.93572	0.1174	-0.53737	-1.7592	-2.0678	1.6922	-0.99999	-0.15292	-2.3172	2.3537	3.625	0.96254	1.579	4.3937	3.5376	-2.9873
4.606	2.1856	-6.6388	-1.9526	2.1425	-1.6921	0.2583	-2.2446	2.4875	-1.0684	0.89351	-0.14216	-3.1161	-2.6834	3.5452	0.62837	-0.70464	-1.8458	2.2062	4.7557	2.5452	-0.33285	5.9383	4.0866	-4.1403
5.3097	3.6713	-8.6329	-3.1261	1.9815	-2.3852	-0.39185	-3.722	3.7468	-1.4214	1.6413	0.56675	-4.5217	-3.5565	5.1697	2.5209	-0.80825	-1.5468	2.323	5.6765	4.0143	-1.943	7.3806	4.5241	-5.1821
6.0479	5.0871	-10.464	-4.0728	1.5818	-2.7347	-0.85107	-5.3295	5.162	-2.1027	2.5108	0.99303	-5.9601	-4.2883	6.6898	4.2332	-0.95867	-1.1979	2.6303	6.5144	5.6188	-3.5768	9.1032	4.9547	-6.0453
6.8976	6.3968	-12.184	-5.1015	1.1973	-2.8827	-1.2887	-6.9662	5.8555	-2.4717	3.606	0.84813	-7.8932	-5.4332	8.1787	5.928	-1.4796	-0.63306	3.2577	7.4149	6.79	-5.3179	11.035	5.44	-7.2775
-3.1217	-1.5814	-0.9653	-1.6746	1.607	-1.7212	-0.32378	-1.5107	-0.96841	2.5306	-3.0602	-2.3096	-0.70297	2.1391	-1.8007	2.7333	2.9503	-0.78338	3.0449	-2.3733	1.6388	0.49839	0.76086	-0.063401	-1.7556
-2.1916	-0.21967	-2.8065	-2.9126	1.8919	-1.9728	-1.362	-3.4359	-0.175	2.274	-2.3455	-2.338	-2.7	1.8388	-0.20839	4.4981	2.5601	-0.84954	3.542	-1.439	3.8113	-1.1069	2.3296	0.55428	-3.1127
-1.2625	1.3033	-4.6926	-4.1767	1.7957	-2.0608	-2.404	-4.989	1.2831	1.8692	-1.4682	-2.0723	-4.8304	0.94479	1.6857	5.5413	2.0232	-0.90398	3.7977	-0.69962	5.8016	-3.0273	4.0863	1.1577	-4.3756
-0.32295	2.5483	-6.4162	-5.5726	1.1809	-2.3076	-3.0339	-6.6591	2.3346	1.3934	-0.40445	-1.3812	-6.61	0.25317	3.5065	7.4855	1.1462	-0.68473	3.9794	-0.061938	7.5547	-4.5132	5.5867	1.7782	-5.5814
0.4796	4.1672	-8.2154	-6.5185	0.75455	-2.6954	-3.3783	-8.2135	3.6003	0.88688	0.4898	-0.9747	-8.3594	-0.59052	5.2369	9.1324	0.28244	-0.073702	3.8459	0.65034	9.4258	-6.3769	7.2908	2.2974	-6.6109
1.103	5.6744	-10.475	-7.934	0.71012	-2.6901	-3.8417	-9.7628	4.5265	0.60083	1.4128	-1.143	-10.177	-1.761	7.3013	10.582	-0.17575	0.65252	3.8245	1.3927	11.258	-7.9899	9.0139	2.6153	-7.8333
-2.2348	0.8489	1.8992	1.0654	-0.17833	2.7913	0.5745	-1.716	1.1545	-1.1264	1.5632	3.1283	-1.4461	2.7121	1.2333	-2.5418	-1.5959	2.7296	-0.12696	2.4023	1.754	-3.0252	1.7004	1.1668	2.3089
-0.91985	2.3748	-0.31391	-0.098019	-0.30099	2.0821	0.30537	-3.6894	2.4276	-1.0721	1.899	2.9991	-3.1067	1.5927	3.0403	-0.5955	-2.0791	2.4945	0.064493	3.2466	2.8772	-5.0547	2.8332	1.5288	1.0137
0.3439	3.6137	-1.9621	-1.3768	-0.50995	1.7915	0.06048	-5.5036	3.2362	-1.1363	2.3438	2.8705	-4.6967	0.69042	4.9428	1.0413	-2.1914	2.5511	0.21866	4.2091	4.2771	-6.4004	4.093	1.8472	-0.014701
1.3409	4.7749	-3.846	-2.6407	-0.5455	1.5699	-0.29638	-7.4012	4.1438	-1.5822	2.8645	3.107	-6.0264	-0.60706	6.784	2.8127	-2.5747	2.8527	0.087095	5.6759	5.5267	-7.8377	5.7546	2.0017	-1.2183
2.1589	5.9495	-5.7901	-3.6509	-0.73374	1.2151	-0.49166	-9.5902	4.9282	-2.1396	3.4824	3.6367	-7.6998	-1.9155	8.7484	4.7177	-3.2603	3.4063	-0.49715	7.4332	6.9732	-9.8172	7.2843	2.2641	-2.641
3.0559	7.5228	-7.8795	-4.8915	-0.8666	0.76498	-1.0785	-11.286	5.6716	-2.4062	4.0895	3.9434	-9.4421	-2.7705	10.43	6.5662	-3.8552	3.8848	-0.65043	9.0642	8.8133	-11.417	8.8402	2.5782	-3.6913
0.5056	0.79194	-2.442	-1.798	-2.9116	-0.34826	-1.0891	-1.3358	-0.022282	-1.9989	2.7242	2.7643	0.57439	-3.1349	2.5309	1.1486	-2.6762	3.1173	-1.1652	1.9419	-0.24209	0.54725	-0.1407	0.32941	-2.039
1.5174	2.46	-4.0626	-2.9932	-3.0334	-0.38559	-1.7675	-3.2366	1.0875	-2.2722	3.2431	3.2139	-0.99178	-3.5887	4.6309	2.9781	-3.4852	3.3719	-1.034	3.1176	1.6348	-0.89117	1.2439	0.83281	-3.2045
2.5265	3.4839	-6.0136	-4.0942	-3.3889	-0.5602	-2.7033	-4.7213	2.4364	-2.8176	3.6301	3.1035	-2.5409	-4.4898	6.8189	4.5471	-4.208	3.541	-1.0865	3.879	3.0764	-2.7152	2.6001	1.4556	-4.3911
3.2402	4.0822	-7.7651	-4.9697	-3.7651	-0.7738	-3.4481	-6.2008	2.9889	-3.3793	4.3773	2.9948	-4.6177	-5.4269	8.7541	6.2069	-4.9269	3.7514	-0.70029	4.382	4.5423	-4.5903	3.6406	2.0789	-5.3309
3.8841	5.118	-9.8902	-6.1176	-3.8701	-1.4494	-3.8843	-7.596	3.7818	-3.4859	5.1808	3.3526	-6.2797	-6.1926	10.367	7.8798	-5.8144	4.0843	-0.29193	4.8843	6.0648	-5.9397	4.9424	2.661	-6.3961
4.6807	6.751	-11.72	-7.3123	-3.8086	-2.1165	-4.0934	-9.5686	4.6456	-3.297	5.9344	3.7075	-8.073	-7.4146	11.728	9.6289	-6.4982	4.4118	-0.13756	5.3651	7.7073	-7.6954	6.9125	3.2628	-7.9251
0.5479	-2.1678	-0.34256	0.23626	-0.23927	2.0982	3.116	2.9657	1.5444	-1.8843	-2.9119	-1.9556	0.487	0.80555	-0.84921	0.85758	2.4573	-1.5479	-1.3417	-2.3524	0.17944	2.0144	-1.2574	1.8066	-0.39556
1.5132	-1.2025	-2.1093	-0.99319	-0.78997	2.0109	2.4252	1.1226	2.7001	-2.0603	-2.1032	-1.3006	-1.2488	0.13174	1.2548	2.2586	1.8706	-1.2412	-1.2303	-1.0702	2.3035	0.53196	0.43049	2.1765	-1.575
2.5224	-0.53324	-4.3025	-2.417	-1.0144	1.9222	1.7927	-0.73288	3.6393	-2.1613	-1.5514	-1.2781	-3.3277	-0.67449	2.8574	3.6851	1.5803	-0.86663	-1.0828	0.11422	4.0824	-1.3143	2.2071	2.5789	-3.0767
3.6071	0.32014	-6.0935	-3.4409	-0.73193	1.8496	1.4537	-2.9471	4.8659	-2.5246	-0.83458	-1.4211	-5.3896	-2.2264	4.394	5.4925	1.5206	-0.5233	-0.66177	1.6264	5.8311	-3.1669	3.6263	3.0925	-4.244
4.6513	1.6997	-8.0784	-4.7793	-1.0241	1.4303	0.82336	-4.6834	5.7577	-3.087	0.093624	-1.111	-7.4824	-3.3281	6.0783	7.3397	0.79744	-0.15401	-0.41106	3.5006	7.5699	-4.5195	5.0729	3.6988	-5.4109
5.6058	3.2892	-9.7996	-5.9165	-1.5172	0.79286	-0.12395	-6.4771	6.4039	-3.6015	0.9214	-0.79442	-9.219	-4.0269	7.4598	8.5916	-0.023566	0.13136	-0.21071	5.1564	9.5409	-6.3118	6.4393	4.1868	-6.7388
0.31739	3.0528	1.1918	2.9525	-2.5373	2.5	-2.773	-2.3656	0.82096	-0.81574	-1.1331	1.857	-1.2453	0.67486	-0.23881	-1.3025	2.0876	0.4429	-2.6972	-1.4676	-2.0669	0.37873	-1.8709	-0.047924	1.4404
0.86234	4.4024	-0.68069	2.2248	-2.38	2.0686	-3.6458	-3.9136	2.0023	-1.3294	-0.45638	2.2143	-2.5596	-0.20736	1.6317	0.36799	1.6292	0.69751	-2.8865	-0.024937	-0.13925	-1.4016	-0.21712	0.083184	0.17138
1.5735	5.6468	-2.4474	1.3414	-2.4961	1.5607	-4.6061	-5.5261	2.4704	-2.1736	-0.078574	2.0225	-4.4476	-0.6799	2.8847	1.9949	0.77497	0.8445	-2.9622	1.0322	1.4766	-2.7954	1.1328	0.12166	-1.0148
2.3961	7.2683	-4.4243	0.33358	-2.6265	0.94181	-5.5024	-6.8102	3.1428	-2.8027	0.423	1.9532	-6.1623	-1.13	4.7138	3.2223	0.082555	1.0567	-2.4367	1.9373	3.2089	-4.6675	2.2773	0.26051	-2.2178
3.3482	8.5858	-6.4983	-0.56555	-2.8347	0.49282	-6.2877	-8.5403	4.3629	-3.0188	1.1805	2.5567	-7.8614	-2.0479	6.6442	5.1671	-0.38593	1.3327	-1.9819	2.9752	4.5759	-6.4187	3.831	0.70482	-3.4626
4.351	9.5266	-8.4942	-1.7508	-3.099	0.35589	-6.6493	-10.317	5.3056	-3.3433	1.729	3.15	-9.4031	-2.8926	8.7858	6.4556	-0.65365	1.7637	-2.066	4.3293	6.373	-7.8951	5.5858	1.263	-4.6832
2.8574	1.6477	-2.6372	2.7522	2.9797	0.67265	2.8731	-1.0635	2.5196	-3.1377	-0.105	-2.2139	-1.1618	-2.0638	0.58346	0.98978	-0.94851	-2.8028	-2.8438	-2.7892	-2.6909	-3.0416	2.9747	1.4745	1.585
3.6476	2.9902	-4.8476	1.3339	2.7316	0.57708	2.3363	-3.0227	3.5182	-3.9426	0.76377	-2.4109	-3.2061	-3.2695	2.7058	2.5924	-1.2833	-2.419	-3.2936	-2.0958	-1.0848	-4.7608	4.3396	1.7505	0.28271
4.2956	3.9394	-6.4914	0.32821	2.5792	0.60476	1.4939	-4.9451	4.3053	-4.4995	1.5518	-2.4013	-4.9551	-4.2293	4.3088	4.5175	-1.5916	-1.9453	-3.6963	-1.4405	0.70629	-6.348	6.0729	2.0144	-0.73918
5.1198	5.0817	-8.2073	-1.1433	2.7746	0.34926	0.81495	-6.7769	5.126	-4.7047	2.4788	-1.9665	-7.0041	-4.7204	5.8825	6.3831	-1.935	-1.4042	-3.5655	-0.77184	3.0572	-7.917	7.8854	2.3844	-1.8424
5.9802	6.3478	-10.235	-2.1903	2.8062	-0.40929	0.076087	-8.6091	5.7092	-4.9812	3.1599	-1.9554	-9.4474	-5.2388	7.2064	8.0265	-2.6207	-0.90652	-3.0897	-0.082907	4.9769	-9.9325	9.4864	2.9008	-2.9158
6.8787	7.7115	-12.075	-3.2434	2.3321	-0.7567	-0.63936	-10.544	6.7908	-5.5242	3.4664	-1.5181	-11.652	-5.9705	8.9789	9.9861	-3.6954	-0.43541	-2.7651	0.67313	6.8593	-11.294	10.877	3.3651	-3.9454
-2.9308	-2.4014	-1.499	2.4703	2.9645	3.1028	-0.96218	-1.3043	-1.9641	1.527	1.3692	-1.9537	-0.41487	-2.8537	0.97637	1.7649	2.279	1.792	-0.41767	-0.95568	-2.7922	2.0061	-2.4741	-3.1019	-1.4127
-1.948	-1.117	-3.489	0.96023	2.9942	2.3065	-1.4843	-2.9464	-1.2987	1.1215	2.3532	-2.0649	-2.3874	-3.6096	3.2331	3.4961	1.8269	2.2816	-0.7335	0.5732	-1.2134	0.61914	-1.5055	-2.9417	-2.5969
-1.1809	0.40274	-5.0775	-0.62259	2.5545	1.8658	-2.3856	-4.4086	-0.48324	0.30072	3.1528	-1.9042	-4.3589	-4.1231	4.9867	5.2861	1.6012	2.4154	-0.61634	2.2696	0.44085	-0.95035	-0.34834	-2.7707	-3.9047
-0.22199	1.8494	-6.9585	-1.7834	2.3233	1.2709	-3.0321	-6.1699	0.56013	-0.1934	3.91	-1.2505	-6.5413	-5.0077	6.6655	7.1964	0.88613	2.7662	-0.018958	3.6024	1.9156	-2.9212	1.5456	-2.4784	-5.3135
0.86522	3.2606	-8.9716	-3.0782	2.5173	0.95388	-3.4778	-7.8399	1.6087	-0.31464	4.5728	-0.86261	-8.2979	-5.9424	8.16	8.7998	0.18417	3.4392	0.55347	4.8414	3.6785	-4.4042	3.2603	-2.209	-6.6878
2.0573	4.5573	-11.027	-4.1983	2.2521	0.91928	-4.0216	-9.4006	2.8221	-0.52687	4.7696	-0.65179	-10.352	-6.2857	9.5478	10.451	-0.47164	4.1015	1.2693	6.1828	5.4165	-5.7447	4.6758	-1.9339	-7.8696
2.7806	1.0943	-0.71807	2.2416	1.0979	0.67885	-0.38041	2.8969	2.0279	-3.0741	-2.2506	-0.10795	0.50628	-1.3	-0.38392	-0.63889	-2.2777	2.8433	-0.87892	2.1162	-2.8804	-0.47834	-2.665	-1.1692	2.8008
3.5237	2.3117	-2.6713	1.0938	1.0841	0.28918	-1.1084	1.357	3.4751	-3.2419	-1.295	0.010631	-1.5028	-1.9974	1.702	0.81716	-2.8377	3.0892	-0.70231	3.2064	-1.2462	-2.3476	-1.148	-0.98632	1.6029
4.0931	3.5795	-4.2443	0.31575	1.1451	0.22155	-1.6133	-0.28876	4.3873	-3.6323	-0.44987	0.2883	-3.9547	-3.088	3.7497	2.6671	-3.0878	3.6607	-0.50878	4.1061	0.88171	-3.5894	-0.088982	-0.89176	0.41982
4.8139	4.9947	-6.0219	-0.54437	0.85543	-0.084028	-2.0274	-1.7298	5.5517	-4.0877	0.0017476	0.65912	-5.8397	-3.79	5.2105	4.3896	-3.2614	4.3296	-0.37934	4.9376	3.1102	-5.3212	1.2549	-0.95447	-0.97382
5.671	6.4011	-8.2549	-1.6554	0.49604	-0.89406	-2.2567	-3.2439	6.58	-4.2661	0.12402	0.63635	-7.9048	-4.1229	6.6809	5.7269	-3.388	4.9948	-0.49875	5.7639	5.1204	-7.2249	3.0461	-0.83154	-1.9264
6.5426	7.423	-9.9472	-2.5233	0.56654	-1.2546	-2.4564	-5.1229	7.708	-4.6857	0.52716	0.54353	-10.039	-5.0847	8.2827	7.2181	-3.7779	5.5232	-0.10275	6.5659	6.9389	-8.7356	4.8482	-0.45571	-2.8106
2.2263	-2.0502	0.22535	-1.2881	2.53	-2.6289	1.8053	-2.0447	1.3815	-1.683	-1.8392	-1.7827	2.9935	-0.74199	0.84961	-2.8476	-1.6826	2.354	-0.2503	-3.1208	-0.22017	2.0352	2.3354	-1.2493	-1.6579
2.8355	-0.92642	-1.7609	-2.598	2.2688	-3.5754	1.4797	-3.7008	2.3995	-1.834	-1.5932	-1.3067	1.1959	-1.0584	2.558	-0.90588	-2.7036	2.731	0.17278	-2.3874	1.9814	0.82387	4.1238	-1.4917	-3.1376
3.5475	0.31924	-3.5684	-3.3182	2.1073	-4.2106	1.1958	-5.2419	3.5422	-1.9394	-0.89647	-0.76717	-0.25022	-1.5816	3.9394	0.99811	-3.3482	3.0721	0.22839	-1.6294	3.673	-1.2547	5.5111	-1.4719	-4.3977
4.4792	1.8705	-5.4745	-4.5256	1.9167	-4.7792	0.4614	-6.9226	4.71	-2.3888	-0.13321	-1.0102	-2.0209	-2.5841	5.5053	2.6585	-3.977	3.7146	0.4084	-0.85304	5.447	-2.7695	6.5044	-1.3686	-5.4245
5.4535	3.2234	-7.7105	-5.3406	1.9678	-5.1611	-0.49221	-8.9662	5.6641	-3.1929	0.58369	-1.001	-3.8678	-3.3389	6.8036	4.5236	-4.2914	4.5886	0.6712	-0.12672	6.8152	-4.1276	7.7724	-1.2189	-6.6926
6.4007	4.5459	-9.3525	-6.3291	1.905	-5.4416	-1.0111	-10.74	6.4201	-3.885	1.404	-0.64488	-5.7935	-4.4548	8.586	6.3722	-4.6903	5.4279	1.0053	0.55276	8.4595	-5.8597	9.6185	-1.0477	-7.6602
2.0823	-0.39091	0.044508	-1.9752	-2.1886	2.5547	3.0945	-0.69029	2.0524	2.8515	2.4733	2.1415	1.151	-2.0611	-1.6482	-0.41269	-2.9826	-1.4529	3.0154	-1.1763	0.4506	0.70125	2.5217	-0.65287	1.2106
3.0443	1.1442	-1.7071	-3.0495	-2.09	2.449	2.0987	-2.0979	2.769	2.6815	3.563	1.9519	-0.77893	-2.6681	0.47583	1.3895	-3.3088	-0.65351	3.2884	0.31806	1.8883	-0.79816	3.9896	0.080764	0.33574
3.8138	2.4717	-3.7351	-4.5678	-2.5351	1.9049	1.3848	-4.1446	3.3306	2.2842	4.5333	2.2148	-3.1313	-3.7046	2.4969	2.9024	-3.8111	0.19681	3.326	1.8236	3.5039	-2.4782	5.9982	0.86408	-0.49831
4.2388	3.4481	-5.7815	-5.4341	-2.7058	1.4443	0.98241	-5.6686	4.0248	1.8619	5.1422	2.4942	-5.242	-4.6095	4.2587	4.5894	-4.1454	1.0122	3.2158	3.4113	4.855	-4.3128	7.7071	1.6099	-1.6791
4.8635	4.6169	-7.5373	-6.5178	-2.6133	1.1391	0.335	-7.2414	5.3348	1.2443	5.6373	3.1465	-7.2383	-5.5704	5.7492	6.4325	-4.2004	1.754	3.6573	4.8475	5.9598	-5.9138	9.0476	2.3223	-2.669
5.715	6.0983	-9.5387	-7.7176	-2.8797	0.71561	-0.4026	-8.7946	6.4504	0.66341	6.4114	3.7648	-9.0787	-6.9476	7.0308	7.5627	-4.5966	2.5114	3.974	6.0263	7.402	-7.4976	10.351	3.0566	-3.504
-1.8558	-2.7453	0.76858	1.1808	-1.2762	0.44941	-1.1541	1.9436	-0.84468	1.2484	0.83791	2.9176	-1.879	0.61656	-2.6143	0.27892	2.1738	-2.8844	-1.0716	1.3147	2.2628	0.0056433	3.1071	-0.44814	-1.4611
-0.88056	-1.6546	-1.5785	-0.16577	-1.8437	0.26591	-1.6774	0.037341	0.40276	0.88911	1.5334	3.1262	-3.2789	-0.62884	-0.75682	1.94	1.3141	-2.0963	-1.5892	2.8382	4.1229	-1.5588	4.3953	-0.15274	-2.2738
0.18467	-0.53706	-3.3389	-1.4547	-2.1859	-0.48469	-2.2214	-1.5315	1.5856	0.86748	2.494	3.2109	-5.1948	-1.5168	0.76832	3.8648	1.0461	-1.5622	-1.7317	4.3783	5.7147	-3.3913	5.7087	-0.0032554	-3.2291
1.2931	0.91955	-5.2036	-2.3338	-2.0689	-1.2534	-3.1447	-3.3533	2.5833	0.65638	3.3853	3.6456	-6.6898	-2.2183	2.4953	5.5534	0.95019	-1.1232	-1.7157	5.8048	7.5326	-5.0602	7.2165	0.42204	-4.5942
2.3787	2.4366	-7.0368	-3.0693	-1.9016	-1.9268	-3.6829	-5.1736	3.6488	0.27835	4.4862	3.7421	-8.2091	-3.2502	3.7906	7.3597	0.41809	-0.8415	-1.512	7.2958	9.039	-6.549	8.5671	1.117	-5.6685
3.375	3.918	-8.9958	-4.1358	-2.3625	-2.6224	-3.9547	-7.0204	4.2131	-0.21338	5.4348	3.474	-9.8005	-3.5815	5.5261	9.2537	-0.36426	-0.57511	-1.5333	9.0521	10.707	-8.3533	9.7606	1.8572	-6.9354
-0.16986	-2.1299	-2.1421	-1.4548	1.6147	0.68561	2.9323	1.7165	0.45759	-0.3126	-1.3373	1.585	-2.5474	-2.4694	1.4751	-0.91316	0.50638	-1.2632	1.3419	-0.87615	1.3719	3.1106	-2.6144	-0.19967	-2.5509
0.52252	-0.58741	-4.1019	-2.4585	1.5802	0.19462	2.1707	-0.17951	1.4698	-0.46825	-0.76013	1.5309	-4.5197	-3.3746	3.0999	1.0607	-0.10047	-0.80511	1.7368	-0.017159	3.2717	1.4742	-0.75172	-0.34871	-3.3879
1.2663	0.51725	-6.2131	-3.2552	0.97537	-0.53685	1.5258	-1.6782	2.0427	-0.62985	-0.03972	1.5567	-6.7087	-4.1137	5.2308	2.6605	-0.64615	-0.3506	1.4519	0.8274	5.3925	-0.52727	0.73172	-0.21214	-4.5079
1.7959	1.5318	-7.9222	-4.2359	0.79325	-0.88128	0.56462	-3.3473	2.9701	-0.98151	0.58644	1.8667	-8.6251	-4.6288	7.3232	4.6804	-1.0755	0.090687	1.1518	1.7276	7.3998	-1.8539	1.7233	0.18165	-5.7926
2.3357	2.665	-9.6029	-5.1685	0.82982	-0.94902	-0.14395	-4.9308	3.8443	-1.1712	0.94048	2.0914	-10.381	-5.1747	8.9931	6.3147	-1.3718	0.63273	1.0783	2.7476	9.138	-3.4214	2.8738	0.62249	-7.2379
3.227	4.0951	-11.649	-6.2828	0.84223	-1.2681	-0.76408	-6.6666	5.1111	-1.2145	1.4861	2.2103	-11.959	-5.9036	10.813	7.9738	-1.7135	1.323	1.1098	4.021	10.618	-5.4189	4.4631	1.0798	-8.5568
1.4141	2.5876	-2.5973	0.12529	0.33052	1.1627	-1.2582	0.63979	-1.8934	0.98444	1.2457	-0.25321	-2.1499	-0.49119	0.60322	-1.1158	2.077	-2.3695	-1.5626	2.7482	0.97471	1.5883	1.9522	-2.8359	-0.53563
2.1593	4.2634	-4.3055	-0.95777	0.4418	0.69105	-1.4674	-1.1949	-0.81681	0.5692	2.2239	-0.056417	-4.1949	-1.2849	2.5452	0.53389	1.7002	-1.9447	-1.62	3.9813	3.2189	-0.12895	3.5652	-2.6531	-1.6601
3.13	5.6624	-5.9403	-2.0574	0.42953	0.16738	-1.9999	-2.6193	0.14579	-0.087533	2.9888	0.052466	-6.311	-2.2836	4.2728	2.3713	1.3751	-1.4763	-1.5289	5.213	4.9753	-1.8302	4.7652	-2.7053	-2.639
4.1178	6.487	-7.997	-3.2202	0.20438	-0.75773	-2.6517	-4.1607	0.89747	-0.56959	3.4981	-0.11343	-8.0466	-3.3029	5.9909	4.1423	1.2609	-0.91496	-1.4636	6.5005	6.7128	-3.5574	6.1608	-2.6489	-3.5932
5.1438	7.1323	-10.083	-4.3098	0.40698	-1.1249	-3.067	-5.9531	1.8323	-0.87869	4.1798	0.24325	-9.9962	-4.8038	7.9839	5.8906	0.90728	-0.43405	-1.3131	7.9788	8.0546	-5.1517	7.7262	-2.307	-4.6906
6.2431	8.0555	-11.773	-5.8655	0.20067	-1.2992	-3.4955	-7.8111	2.6466	-1.1704	5.019	0.57146	-12.319	-5.8383	9.8641	7.6633	0.16011	0.024973	-0.65618	9.588	9.2146	-6.88	9.2625	-1.7836	-5.6518
1.4161	-2.2668	0.83246	-1.5899	2.135	2.1143	-0.29471	-0.66092	2.8988	-3.0886	-0.63781	-0.07679	0.7419	-2.7003	-2.2439	0.96854	-1.769	-2.3919	-2.8691	-2.1003	0.069745	2.3064	1.6721	-2.2925	-2.7323
2.7414	-0.92863	-1.1566	-2.9058	1.9664	1.8072	-0.99204	-2.0535	4.32	-3.636	0.10481	0.21595	-1.1388	-3.4191	-0.49642	2.396	-2.1937	-1.9902	-2.3654	-0.994	2.355	0.54763	3.4376	-1.7897	-4.1707
4.1038	0.53913	-3.1951	-4.0979	1.9528	1.2854	-1.2602	-3.8618	5.1363	-3.7611	0.77299	0.82391	-3.2971	-3.8924	1.612	4.2012	-2.805	-1.328	-2.0031	0.098455	4.4599	-1.3167	4.8932	-1.4198	-5.4396
5.2932	1.7634	-4.7196	-5.2573	1.7377	0.79012	-1.5098	-5.5665	6.3625	-4.2045	1.3815	1.0101	-5.0123	-4.7025	3.73	5.6824	-2.9984	-0.60574	-1.5067	1.2043	6.3318	-2.6905	5.9752	-1.048	-6.7201
6.2198	2.7207	-6.7772	-6.2483	1.4042	0.21643	-1.8472	-7.1368	7.2389	-4.6335	2.1651	0.56441	-6.8029	-5.689	5.663	7.4287	-3.2129	0.10716	-1.1906	2.382	7.9623	-4.3102	7.1616	-0.52835	-7.5827
7.1684	4.3391	-8.7825	-7.0654	1.4793	-0.20725	-2.2253	-8.4471	8.2566	-5.1574	2.931	0.95225	-8.5448	-6.5714	7.4321	9.1814	-3.8176	0.7091	-1.4013	3.7891	9.6835	-6.2516	8.5667	0.028383	-8.4312
1.083	-0.11174	-0.028776	-1.1713	-1.1084	2.5692	-0.31189	1.5614	-1.9766	-2.6067	-1.8399	0.36999	1.0155	2.7583	-2.8873	-2.1122	-0.38859	-1.0948	-2.5752	1.9488	-0.63077	0.97537	0.41978	-3.1204	0.95049
2.43	0.99635	-2.2	-2.4241	-1.1735	2.494	-1.0625	-0.4632	-0.87761	-2.9124	-1.167	0.074209	-1.4584	2.3287	-0.80421	-0.29667	-1.0682	-0.7392	-1.924	3.3507	1.0015	-0.83802	1.6688	-2.5376	-0.078576
3.7445	2.5042	-3.946	-3.7751	-1.561	2.191	-1.5052	-2.295	-0.20605	-3.3873	-0.49306	0.21177	-3.3965	2.0847	0.86522	1.5511	-1.652	-0.54828	-1.7775	4.6574	2.9911	-2.5774	3.3352	-2.2525	-1.3217
4.9749	3.9761	-5.5814	-4.8998	-1.714	1.9283	-1.7367	-4.3628	0.79501	-3.9646	0.43573	0.54793	-5.3835	1.2736	2.874	3.2315	-2.3194	-0.32224	-1.8714	5.758	4.786	-3.9834	4.6809	-2.0321	-2.2583
5.9692	5.432	-7.6212	-5.8908	-1.7931	1.8097	-2.0928	-6.2164	1.6115	-4.5249	1.6098	0.4254	-7.2056	0.32856	4.965	5.0156	-2.8697	0.17074	-1.9339	6.6819	6.5361	-5.8829	5.8018	-1.5174	-3.5271
6.8246	6.7823	-9.6781	-7.3189	-2.0624	1.258	-2.4062	-7.9314	2.8125	-4.7265	2.4854	0.6152	-9.4009	-0.92274	6.7611	6.7543	-3.4332	0.77087	-2.0656	7.561	8.0653	-7.594	7.1465	-0.83967	-5.1885
-1.1486	-1.4699	-0.24839	0.77345	1.8956	0.38411	-2.9842	1.8434	-1.425	2.0279	1.1841	0.65251	-0.70995	-2.7284	3.1312	1.0114	-1.7008	-2.5606	-1.6267	2.5281	-1.7751	-0.1286	2.57	-1.923	-0.32664
-0.36885	0.14232	-2.4843	-0.56487	2.2338	0.028056	-3.5022	-0.017689	-0.54556	2.1163	2.092	0.91257	-2.7433	-3.1471	5.124	2.8975	-1.8343	-2.0886	-1.4875	4.0135	-0.32249	-1.749	4.3022	-1.2847	-1.445
0.28808	1.5421	-4.278	-1.6327	2.1624	-0.47534	-4.1432	-1.6286	0.77984	1.9106	2.9875	0.87485	-4.4913	-3.5046	6.7844	4.5991	-2.5812	-1.5736	-0.776	5.3417	1.3065	-3.3117	5.9729	-0.61403	-2.4093
1.0939	2.486	-6.4417	-2.5277	1.6164	-0.86566	-4.9006	-3.1494	1.427	1.3921	3.6351	0.83524	-6.3602	-4.6895	8.313	6.5546	-3.2916	-1.0206	-0.1117	6.6568	2.8913	-5.1196	7.2745	0.0347	-3.6666
1.9295	3.9387	-8.1131	-3.5908	1.5115	-1.2121	-5.4501	-5.1983	2.128	0.47939	4.3951	1.115	-8.0155	-5.6519	9.5813	8.1241	-4.2312	-0.57764	0.28896	8.0181	4.6162	-6.8506	8.2284	0.63355	-5.0258
2.8232	5.6327	-9.7906	-4.4593	1.4605	-1.6981	-5.9208	-7.0594	2.748	-0.317	5.165	1.5648	-10.089	-6.5924	11.61	10.182	-4.8777	-0.14351	0.52143	9.2986	6.6165	-8.3991	9.5998	1.1575	-6.2592
0.73978	0.59166	1.0417	-1.459	-0.47811	1.8798	2.7149	-0.19016	-1.2164	-0.38074	-1.2129	-1.4129	-2.2687	-2.0941	-0.03801	-2.5963	2.6805	-2.2076	-2.1322	1.3673	1.0983	-0.8885	-2.5719	-3.0882	-0.79895
1.4954	2.1569	-0.72223	-2.627	-0.57316	1.348	2.0812	-2.3704	-0.18729	-1.141	-0.78192	-1.2474	-3.8634	-2.7135	1.6845	-0.73694	2.6338	-1.4097	-1.8058	2.8518	2.9342	-2.8283	-1.3053	-2.421	-1.9759
2.4558	3.8858	-2.7251	-3.9472	-0.60861	1.0751	1.396	-4.0538	0.86695	-1.6979	0.020076	-0.90293	-5.5209	-3.9263	3.1613	1.2817	2.3521	-0.88351	-1.2737	4.4389	4.4382	-4.1081	-0.030833	-2.0799	-2.8178
3.578	5.1732	-4.5465	-5.0995	-0.45999	0.50706	0.44303	-5.8255	1.6319	-1.908	1.0673	-0.71233	-6.9232	-5.297	5.0638	2.6601	1.4887	-0.44283	-1.0973	5.9575	6.0973	-5.8576	1.4794	-1.8656	-3.9097
4.8223	6.0643	-6.5145	-6.4061	-0.76771	-0.62385	-0.55525	-7.9359	2.9457	-2.0229	1.9505	-0.5142	-8.3153	-6.6263	6.8458	4.8162	0.96611	0.069249	-1.074	7.3001	7.7086	-7.6632	3.3496	-1.5557	-5.2096
6.0946	7.0233	-8.7142	-7.9986	-1.0602	-1.0934	-1.1443	-9.6398	4.1545	-2.3793	2.9157	-0.10061	-9.974	-7.4992	9.0629	6.2556	0.39138	0.74765	-1.0142	8.6872	9.332	-9.3551	5.0571	-1.07	-6.1863
1.8106	-0.33104	-2.5144	1.9206	1.0014	-0.29915	0.20952	0.16745	0.8144	0.92042	-1.9353	1.8949	-1.9055	-0.55708	-1.6598	-1.4305	-3.0856	2.6896	0.12698	-0.22529	0.14777	-1.0248	-1.0527	3.0664	-0.16506
2.7569	1.0499	-4.4023	0.42224	1.121	-0.63072	-0.74737	-1.659	1.928	0.2512	-1.2035	1.8141	-4.1446	-1.6355	0.30065	0.062699	-3.1388	3.4727	0.12944	1.4408	1.5104	-2.7397	0.73567	3.0812	-1.403
3.3701	2.0493	-6.2878	-0.64755	0.9209	-0.84048	-1.3456	-3.3128	2.6349	-0.0027157	-0.37883	1.6105	-6.0106	-2.7121	2.4263	1.8481	-3.4118	3.868	0.28568	2.9111	2.9543	-4.6461	2.325	3.073	-2.4262
3.8694	3.3176	-8.237	-1.5408	0.82353	-1.2631	-1.8357	-5.3625	3.5484	-0.20992	0.75621	2.0926	-7.7711	-3.8234	4.0217	3.778	-4.1117	4.0308	0.48979	3.9471	3.9738	-6.2773	3.5337	3.1103	-3.5202
4.6024	4.7115	-10.298	-2.7328	1.1064	-2.0678	-2.4565	-7.4218	4.2446	-0.68455	1.7898	2.6407	-9.9297	-4.0999	5.3465	5.1006	-4.6985	4.2562	1.1469	4.7312	5.2187	-7.6868	4.5866	3.1691	-4.5511
5.4371	5.9769	-12.088	-3.5338	0.84614	-2.3405	-3.3726	-9.3386	5.4681	-1.0844	2.6075	3.1134	-11.982	-4.4039	6.8434	6.697	-5.2546	4.539	1.4041	5.4884	6.507	-9.6909	6.2953	3.1439	-5.4592
1.5503	1.0673	1.8563	-1.4284	-1.357	1.3644	-1.9805	2.0957	-2.0745	2.8465	1.3976	-2.2969	2.2174	2.711	0.40308	-0.63539	-0.36674	1.2666	-1.5069	-2.9608	2.8132	3.1159	1.7552	3.0734	-0.078167
2.2364	2.464	0.30268	-2.3126	-1.144	0.8423	-2.4427	0.46774	-1.3035	2.0316	1.9918	-2.1201	0.3194	1.5178	2.3224	1.3319	-0.82671	1.7506	-1.3537	-1.3354	4.7024	1.342	3.3898	2.8328	-1.1851
3.1096	3.7005	-1.6791	-3.7203	-1.4818	0.65931	-3.1974	-1.0842	-0.83045	1.416	2.5926	-1.7728	-1.9042	0.40927	4.0823	3.0222	-1.3057	2.2975	-1.4209	0.27974	6.123	0.026336	4.5849	2.6543	-2.1488
4.0407	4.9312	-3.8084	-4.8144	-2.3403	0.54807	-3.7394	-2.8292	0.084911	1.3107	3.2162	-1.6519	-3.6319	-0.97634	5.6918	4.8899	-2.41	2.7073	-1.6948	1.8599	7.9404	-1.7985	6.2164	2.9361	-3.1849
4.9702	6.2089	-5.626	-6.0838	-2.5055	0.13381	-4.1803	-4.4885	1.3348	1.3964	3.7735	-1.0624	-5.6194	-1.6235	7.7272	6.8562	-3.3285	3.0618	-1.3369	3.2055	9.5658	-3.6549	8.1303	3.3777	-4.5336
5.9389	7.6512	-7.4529	-6.9845	-2.2438	-0.010164	-4.6223	-6.3424	2.4443	1.0653	4.6155	-0.84701	-7.2692	-1.8684	9.377	8.424	-4.0043	3.5111	-0.8883	4.3096	11.542	-5.027	9.8152	3.9324	-5.9248
-2.3363	-0.22377	1.5235	1.0889	2.3486	1.6218	0.73586	-1.4141	-1.0275	2.1083	-0.71663	-2.6354	2.2959	-0.40585	-2.0593	-3.113	0.95768	-0.81835	-0.7781	-0.36837	0.10126	-1.2553	-0.13614	-3.1008	-2.0634
-1.2532	1.2947	-0.54198	0.059517	2.1527	1.1051	0.019045	-3.4607	0.1674	2.0578	0.13335	-2.1174	0.051745	-1.7499	-0.44983	-1.1512	0.7267	-0.45041	-0.28063	0.22666	1.5047	-3.0827	1.539	-2.5707	-3.0558
-0.13416	2.5794	-2.4872	-0.79147	2.3387	0.41646	-0.67341	-5.2858	0.95684	1.6618	0.94804	-1.6507	-1.7915	-2.1987	1.0173	0.63307	0.15855	0.041678	-0.21137	0.74612	2.9873	-4.6887	3.2581	-2.0608	-4.4204
0.92065	3.9118	-4.2059	-1.626	2.1516	0.071784	-1.2478	-6.9789	2.3382	1.0461	1.6237	-1.5956	-3.6575	-2.4881	2.5617	2.2347	-0.26133	0.4947	0.09519	1.3528	4.9768	-6.1409	4.6059	-1.732	-5.9956
1.9322	5.4334	-5.9773	-2.7151	1.5433	-0.30208	-1.8799	-8.7653	3.577	0.47268	2.6451	-1.2539	-5.5544	-3.317	4.3021	4.3172	-0.85261	1.0045	0.4114	2.1267	6.8225	-8.1326	5.504	-1.3872	-7.0531
2.9622	6.6657	-8.1687	-3.5141	1.5345	-0.76365	-2.5769	-10.211	4.6188	0.074213	3.6979	-1.2115	-7.8286	-3.937	6.0111	5.8633	-1.6762	1.7958	0.48613	3.0463	8.9203	-9.7337	6.604	-1.1144	-8.3956
-1.2337	1.5352	0.50801	1.2636	1.9133	2.2105	-2.4007	0.98762	1.5885	1.2694	0.66014	-2.8997	-1.9145	-1.0633	0.89699	-1.7747	-2.657	3.0181	-1.8416	3.0348	0.69313	-1.5827	0.11278	1.3366	-1.508
0.039005	2.61	-1.2286	0.20262	2.1001	1.5205	-3.1724	-0.54689	2.7966	1.3416	1.4657	-3.0054	-3.8271	-1.7771	2.8289	0.036183	-2.8068	3.1079	-1.839	4.2027	2.678	-3.2838	1.809	1.4493	-2.3537
1.2762	3.5146	-3.2556	-0.57555	1.7871	1.2865	-4.2145	-1.9157	3.2823	1.2612	1.9473	-3.1987	-5.3658	-2.7683	4.6383	1.8129	-3.4203	3.3921	-1.4665	5.7073	4.0154	-5.2456	3.01	1.495	-3.8379
2.2059	4.696	-5.3372	-1.6339	1.277	0.96994	-5.0299	-3.6782	4.1184	0.905	2.3139	-2.944	-6.8645	-3.3904	6.711	3.331	-4.3731	3.9081	-1.1145	7.5368	5.6708	-6.5648	4.4107	1.7553	-5.3442
2.7303	6.0357	-7.2855	-2.6129	1.0507	0.48998	-5.6613	-5.2559	4.9701	0.4323	3.0504	-2.4694	-8.6011	-4.2401	8.5611	5.3521	-4.9667	4.4203	-0.96176	9.0142	7.3203	-8.2136	6.2353	2.1768	-6.5891
3.4676	7.3908	-9.0938	-3.4813	1.2583	0.050464	-6.083	-7.0005	6.0392	-0.018709	3.9022	-2.325	-10.167	-4.8093	10.489	7.0634	-5.6765	4.6007	-0.43648	10.141	9.4404	-10.159	7.9879	2.5881	-7.8538
-2.4198	0.31192	-1.7653	-1.1795	2.9713	-1.1983	2.8024	-0.56167	-3.0751	-1.1928	-2.1653	3.1028	-0.3125	0.28397	-1.4926	2.4024	-2.4928	2.032	-0.45734	2.6398	0.17592	2.3288	-0.92435	-0.62704	0.61496
-1.852	1.9651	-3.6748	-2.2129	3.0637	-1.453	2.4577	-2.3577	-2.5057	-1.2222	-1.3253	3.2618	-2.3421	-0.55119	0.26701	3.958	-2.9309	2.7893	0.067518	3.7119	2.0075	0.86466	0.68711	-0.47702	-0.75879
-1.2161	3.2436	-5.5876	-3.3226	2.797	-2.0506	2.0263	-3.9124	-2.1857	-1.4211	-0.84467	3.1466	-4.3395	-1.2061	2.4452	5.683	-3.3044	3.4918	0.78283	4.5909	3.8278	-0.91993	2.4023	-0.48446	-2.413
-0.70532	4.0796	-7.6195	-4.2131	2.7671	-3.102	1.7188	-5.3827	-1.1115	-2.1382	-0.15478	3.6307	-5.9388	-2.243	4.3574	7.5986	-3.8058	4.0237	1.1857	5.3993	5.1182	-2.7408	3.9464	-0.53545	-3.4983
-0.26181	4.7914	-9.2111	-5.0786	2.8044	-3.5385	1.1597	-6.6753	-0.05928	-2.8453	0.56144	4.1292	-7.7298	-2.9519	6.1848	9.1625	-4.554	4.6708	1.5096	6.2047	6.6372	-4.1233	5.4397	-0.60993	-4.5067
0.47857	5.9387	-11.179	-6.1032	2.6812	-3.8771	0.49963	-8.5151	1.18	-3.443	1.178	4.3424	-9.1689	-3.4634	7.5429	11.001	-5.2032	5.5488	1.7786	7.0122	7.836	-5.8591	6.7627	-0.56888	-5.8442
2.5843	-2.3048	-2.8752	-0.62148	0.60104	2.6356	-1.2951	0.28285	1.769	-1.0839	-2.5417	-0.36623	-2.9574	1.1015	-2.4392	-1.8863	0.18941	0.7998	-0.79381	0.66853	2.1753	1.2682	-0.67275	0.45134	-1.5714
3.3952	-0.79279	-4.7181	-2.0654	0.82756	2.1294	-2.0712	-1.717	2.9969	-1.4864	-1.8045	0.13777	-4.8724	0.013821	-0.66819	-0.13318	-0.57706	1.4227	-0.89992	2.0252	3.7338	-0.68524	0.72837	0.8373	-2.9826
4.2198	0.48658	-6.6537	-2.9546	0.56639	1.1928	-2.3819	-3.211	4.3579	-1.8853	-0.82223	0.40558	-6.8555	-1.0262	1.6111	1.8361	-1.0631	2.0491	-0.73219	3.2957	5.2807	-2.1832	1.9988	0.95246	-4.2084
4.9442	1.6029	-8.6522	-4.2075	0.56636	0.54457	-2.7022	-4.8854	5.1637	-2.3612	0.19049	0.49892	-9.0481	-1.9736	3.598	3.6252	-1.2	2.8185	-0.43747	4.59	7.1759	-3.5819	3.7776	0.80053	-5.394
5.5498	2.9075	-10.351	-5.2863	0.45744	0.18795	-2.8512	-6.5196	6.3286	-2.7706	0.79555	0.76551	-10.827	-2.4524	5.4953	5.4238	-1.586	3.8054	0.24663	5.7698	9.1649	-5.6013	5.6452	0.65724	-6.8033
6.404	4.3284	-12.565	-6.4899	-0.02282	-0.38739	-3.0033	-8.1791	7.2612	-2.9716	1.2811	0.66496	-12.933	-2.6945	7.0859	7.1145	-1.8968	4.7654	0.64921	6.8602	11.163	-7.266	7.2465	0.56244	-7.8384
1.4277	-0.98389	-2.6462	-1.242	-1.2535	-2.9942	-2.034	2.2666	0.97935	2.2391	-1.4385	2.4866	-1.8288	2.915	-0.53782	-1.6983	1.9994	-0.87641	0.0095711	1.5554	2.084	-0.66272	-2.5331	-1.4733	1.8334
2.1136	0.29463	-4.3897	-2.3777	-1.2297	-3.042	-2.8699	0.72136	2.135	2.085	-0.86588	2.4641	-3.9582	1.8399	1.4886	-0.062123	1.3225	-0.24716	0.1665	2.715	3.463	-2.5191	-1.2016	-1.0432	0.70906
2.8504	1.5546	-6.3786	-3.8327	-0.97655	-3.3258	-3.7838	-0.68925	2.7618	1.3218	-0.22066	2.4234	-6.1475	1.0715	3.1014	2.0641	0.18105	0.4423	0.45398	3.845	5.3718	-4.1342	0.22127	-0.48872	-0.33034
3.7488	2.7341	-8.1491	-5.5441	-1.382	-3.8364	-4.4056	-2.1278	3.6118	0.4981	0.3309	2.7957	-8.1199	0.54065	4.4717	3.4913	-0.67442	1.073	0.7969	5.0185	7.2881	-6.0375	1.4742	0.067378	-1.2682
4.713	4.0418	-9.8978	-7.022	-2.1573	-4.2977	-5.1288	-3.7816	4.3306	-0.17403	1.1285	2.8669	-9.9832	-0.35466	6.0055	5.4667	-1.4624	1.4813	1.3135	6.3243	9.5576	-7.4357	2.7098	0.62296	-2.449
5.725	5.2691	-12.166	-8.4723	-2.2658	-4.835	-5.7525	-5.3232	5.4697	-0.91699	1.7329	3.1845	-11.64	-1.3629	7.7697	7.2661	-1.755	1.561	1.4554	7.6681	11.325	-9.1242	4.2653	1.0678	-3.5817
2.7435	0.42866	2.7508	0.61072	3.0643	1.6475	-1.9743	0.10532	0.88016	2.317	0.62874	3.1379	-2.3288	-1.2976	-0.1452	-2.3262	-1.7074	-2.0029	1.0803	-1.0941	1.8249	0.28897	-1.6921	1.1729	-2.8318
3.924	2.0203	0.57968	-0.69105	2.5425	1.1631	-2.4135	-1.6073	2.2619	1.8083	1.3075	2.9091	-4.2159	-1.759	1.894	-0.62263	-2.1521	-1.0599	1.4811	0.32382	3.3098	-1.1933	0.1246	1.2963	-4.4961
4.9728	3.0478	-0.98834	-1.7656	2.2995	0.825	-3.2254	-3.3853	3.1066	1.5213	1.6255	2.9949	-5.8252	-3.0367	3.6458	1.2814	-2.3895	-0.13821	1.7467	1.7862	5.2627	-2.6951	1.9202	1.6622	-5.839
5.9199	4.1695	-2.8655	-3.1779	2.5863	0.41425	-4.0362	-5.3513	3.8018	1.2675	2.1767	3.2979	-7.4535	-4.2149	5.3881	2.8016	-2.8516	0.64433	2.1064	3.2274	7.3425	-4.7589	3.1264	2.05	-6.7892
6.9279	5.6849	-5.0815	-4.4425	2.5889	-0.10311	-4.6728	-6.8812	4.2587	0.72827	2.9398	3.2574	-9.5198	-5.3977	7.1351	4.5929	-3.3369	1.3547	2.2818	4.6588	9.6135	-6.0718	4.1057	2.4228	-7.963
8.0556	7.2266	-6.7882	-6.1638	2.2348	-0.31717	-5.2434	-8.6197	5.3165	-0.066732	3.6318	3.469	-11.084	-6.4533	8.8662	6.1843	-3.5772	2.2672	2.0269	6.1131	11.36	-7.5363	5.5362	2.5918	-9.1535
