-0.27596	-2.5015	3.111	-1.0545	-1.2727	-2.7504	-1.267	-2.8489	0.034089	1.6418	0.82312	-2.5755	-2.6322	1.7411	2.5442	0.21209	-2.4545	2.0461	-1.0167	-1.2938	1.5468	-3.0751	-2.8358	1.0545	0.64978
-1.7718	-3.257	4.5949	-0.34486	-1.4818	-0.91006	-2.8496	-2.0704	0.61778	2.0954	-0.28359	-2.2157	-3.6765	0.36173	2.0188	1.8254	-4.3055	0.8677	-3.0256	-1.6813	-0.38556	-1.388	-3.9208	-0.56771	-0.07567
-2.7716	-4.1415	6.1104	0.10064	-1.6223	0.44059	-4.0875	-1.0312	0.98908	2.5305	-1.3399	-1.3682	-4.4548	-0.98032	0.95193	3.3643	-6.4579	-0.36812	-4.6649	-1.9157	-2.4565	0.075253	-5.2175	-1.9422	-0.8942
-4.2978	-5.3296	7.9138	0.4785	-1.743	2.1833	-5.497	0.051261	1.511	2.6369	-2.443	-1.0605	-5.0452	-2.094	-0.035156	5.0861	-8.237	-1.4325	-6.5653	-1.7574	-4.1595	1.4397	-6.8383	-3.0929	-1.697
-5.3582	-6.4488	9.5866	1.1249	-1.968	3.8648	-7.0333	0.99236	2.4598	2.7968	-3.8284	-1.2677	-5.6185	-3.5149	-0.93562	6.5468	-10.269	-2.7664	-8.4487	-1.8128	-6.263	3.1891	-8.1425	-4.2475	-2.9423
-6.8416	-7.8827	10.993	2.231	-2.1048	5.5074	-8.1941	1.8408	3.688	2.8737	-5.219	-0.80218	-6.5776	-4.739	-1.9018	8.1871	-11.747	-3.9139	-10.156	-2.406	-8.1978	4.7071	-9.3773	-5.5886	-3.8588
0.16392	1.4426	1.3016	1.767	-1.3315	1.2091	0.35589	-0.64985	-2.7532	1.7595	-1.02	0.6774	1.5151	-2.4818	-2.3369	0.31111	-0.092759	2.4522	1.8775	1.4717	-2.8176	-2.6823	-2.584	1.8736	2.7821
-0.91435	0.17712	2.7224	2.6471	-1.2877	2.6152	-0.77312	0.59266	-2.1857	1.6933	-2.5563	1.1961	0.98898	-4.299	-3.6999	1.8899	-1.9193	1.3205	0.28029	0.92935	-5.1823	-1.0137	-3.3667	0.47575	1.9901
-2.4156	-1.363	4.2654	3.5125	-1.5772	4.3279	-2.3412	1.5617	-1.5097	1.713	-4.1679	1.7295	0.26558	-6.0688	-4.7297	3.3578	-3.5079	0.27141	-0.93164	0.34455	-6.707	0.50801	-4.5112	-0.93912	1.1178
-3.4567	-2.3411	5.8233	4.4725	-1.6407	5.9292	-3.8029	2.1292	-0.64515	2.021	-5.7243	2.0888	-0.55923	-7.3647	-5.9863	5.1333	-5.232	-0.89526	-2.5847	-0.21382	-8.1497	1.9948	-5.7075	-2.252	-0.17312
-4.9857	-3.168	7.5786	5.3674	-1.3489	7.6086	-5.1968	3.2893	0.39434	2.4331	-7.4294	2.4001	-1.4338	-8.828	-7.212	6.4846	-7.0543	-1.8357	-4.5066	-0.58172	-9.7948	3.8237	-7.1564	-3.3236	-1.0905
-6.1167	-4.106	9.3591	6.0179	-1.3278	8.9773	-6.3801	4.3686	1.5045	2.7694	-8.7406	2.8811	-2.6201	-9.909	-8.7127	7.6913	-8.9389	-3.0136	-6.4181	-0.82675	-11.42	5.4731	-8.457	-4.4055	-2.1863
1.1537	-2.3105	1.3987	-2.447	-2.4021	0.88371	-1.075	0.96594	1.5645	0.52241	1.5074	-1.6653	1.4755	2.9554	2.3043	-2.5984	-0.83878	-0.82143	1.162	0.61507	1.8172	-0.83114	-1.8461	-2.5957	1.7077
-0.078774	-3.7136	2.7079	-2.003	-2.641	2.3087	-2.5916	1.8479	2.6468	0.80074	0.41762	-1.496	0.64952	0.96496	1.4271	-1.081	-2.8324	-1.7963	-0.40866	0.63659	-0.12846	0.52616	-3.3738	-4.5651	1.3077
-1.3561	-4.5608	4.2533	-1.5908	-2.8023	3.8539	-3.9801	2.4048	3.8426	0.9371	-0.8302	-1.1611	-0.32332	-0.44661	0.71249	0.65453	-4.5954	-2.9048	-1.8596	0.54087	-1.6238	2.0709	-4.6532	-6.2061	0.57956
-2.6785	-5.767	6.0082	-1.0525	-2.7873	5.6519	-5.6765	3.5178	5.0338	1.2384	-1.9131	-0.71529	-1.2945	-1.9715	-0.39574	2.0222	-6.8071	-3.6372	-3.9774	0.43992	-2.9337	3.6629	-5.8583	-7.7856	-0.66028
-3.9428	-7.0833	7.6682	-0.57045	-2.7835	7.2071	-7.3597	4.6764	6.0822	1.1728	-2.9741	-0.64546	-1.9486	-3.1037	-1.4547	3.9912	-8.5881	-4.5041	-6.0653	0.10121	-4.7243	4.9802	-7.5623	-9.1658	-1.5909
-5.259	-8.6942	9.2931	-0.035583	-2.9121	8.8709	-8.7564	5.4403	6.9391	0.66277	-3.9852	-0.22125	-2.406	-4.0751	-2.8257	5.1816	-10.507	-5.2043	-7.7906	-0.47812	-6.9472	6.1681	-9.0386	-10.306	-2.7441
-1.8484	-0.70165	0.32517	-1.7022	0.89139	-0.097463	-2.1864	1.7705	-2.5082	-1.2933	-1.6493	0.19388	-2.5654	-0.59462	-2.4816	-2.4349	1.7862	-1.3089	0.65019	2.9166	-0.42399	1.223	1.6209	-0.42301	0.97653
-3.2197	-1.5907	1.4991	-0.68509	1.0174	1.6531	-3.3994	2.9527	-1.3252	-1.1096	-2.638	0.44419	-2.8941	-1.91	-3.6315	-0.78074	-0.15995	-2.1587	-0.98016	2.4544	-2.5326	2.829	0.64344	-1.9696	-0.16476
-4.4354	-3.1545	3.468	0.19077	1.4751	3.2398	-5.0463	3.7664	-0.27332	-1.1021	-3.7536	0.8733	-3.5679	-3.2	-4.3328	0.77394	-2.21	-3.2543	-2.7648	2.4162	-4.5053	4.2673	-0.19967	-3.6976	-1.2667
-5.6508	-4.3939	4.836	0.99874	1.4719	4.7865	-6.0893	4.5598	0.59549	-0.9897	-4.9967	1.6988	-4.7555	-4.4427	-4.9118	2.5131	-4.1806	-4.1958	-4.331	2.2214	-5.8522	5.9471	-1.139	-5.2648	-2.2037
-6.9722	-5.7896	6.7558	1.7333	1.041	6.4677	-7.3099	5.7728	1.4279	-0.39577	-5.9972	1.5863	-5.7854	-5.9133	-6.025	3.8404	-6.1603	-5.4484	-6.2886	1.5557	-7.0459	7.6815	-1.9875	-6.6693	-2.9505
-8.0931	-6.6345	7.741	2.2129	0.7189	8.073	-8.6081	6.6256	2.1941	0.13907	-7.154	1.4511	-6.4911	-7.2946	-6.9786	5.6066	-7.6225	-6.5161	-7.8522	0.91032	-8.4778	9.1228	-2.8283	-8.0878	-3.8187
-2.4507	2.724	-1.9627	-1.4684	1.8704	-0.077848	1.6891	-0.65308	-1.4259	-2.9062	1.0883	-0.44234	-0.30308	0.6899	-2.7669	-1.1567	1.7127	1.2336	-2.3529	-2.3226	-2.56	-3.0909	-0.48287	0.977	1.4
-3.5632	1.2426	-0.49547	-0.44548	1.5576	1.6795	0.15356	0.37123	-0.52754	-2.3246	-0.55282	0.23444	-1.3008	-0.90569	-4.0905	0.59718	-0.37956	0.074534	-3.74	-2.5575	-4.2491	-1.4195	-1.4338	-0.30441	0.19858
-5.0824	0.12853	1.0132	0.44815	1.1491	3.2523	-0.82573	1.2171	0.48796	-2.1453	-1.7629	0.24398	-1.8036	-2.1236	-5.6894	1.9001	-1.7786	-1.0997	-5.1669	-3.3015	-6.3698	0.31703	-2.5287	-1.5824	-0.73637
-6.1169	-1.005	2.6607	1.0876	1.2387	5.0303	-1.9768	2.0004	1.4811	-2.0133	-3.1091	0.33608	-2.3584	-3.3606	-7.0606	3.6749	-3.5713	-2.2435	-6.6834	-4.2389	-8.5261	2.0786	-3.9248	-2.9321	-1.7208
-7.6781	-2.2849	4.4364	1.8651	1.6083	6.5242	-3.1416	3.3062	2.5132	-2.0856	-4.2996	1.022	-3.3292	-4.2703	-8.5802	4.9528	-4.9365	-3.2665	-8.6796	-4.3715	-10.697	3.6081	-4.9517	-4.334	-2.9668
-8.7515	-3.835	5.7535	2.5428	1.6044	8.4542	-4.5934	3.9218	3.5152	-2.4758	-5.343	1.3581	-4.1753	-5.1321	-9.8159	6.7069	-6.4407	-4.4803	-10.505	-4.1702	-12.146	5.0545	-5.7569	-5.5098	-3.9515
0.19599	-2.4566	0.82749	-2.3456	-2.2966	-2.5208	-2.2481	-2.0834	-1.9076	-1.1462	-1.1528	-1.7737	-1.5635	2.4676	1.2762	0.35003	-1.9818	-1.8084	-2.6543	2.5987	1.2982	0.36291	-1.1717	-2.0962	0.76928
-0.84154	-3.3302	2.7315	-1.5357	-2.6678	-0.80589	-3.6287	-0.80358	-1.0455	-1.3896	-2.503	-1.7407	-2.0519	1.0499	0.39432	1.9095	-3.5336	-2.7437	-3.9857	2.9238	-0.76849	2.1476	-2.4039	-3.6433	0.19264
-2.3655	-4.1752	4.2345	-0.89729	-3.0915	0.81312	-4.8504	-0.02558	-0.56918	-1.0621	-3.5917	-1.1493	-2.3798	-0.3355	-0.62627	3.6323	-5.0263	-3.8363	-5.5879	2.683	-2.8317	3.6238	-3.5158	-5.325	-0.47274
-3.418	-5.0316	6.0074	-0.28775	-3.4586	2.5399	-6.4454	0.75818	-0.039556	-0.49135	-4.6026	-0.44035	-2.9009	-1.8619	-1.6267	5.1664	-6.8345	-4.9915	-7.1751	2.2008	-4.5051	5.2016	-4.6486	-7.117	-1.1435
-4.8431	-5.8739	7.5374	0.39707	-3.9341	4.1748	-7.7053	1.7961	0.70861	0.035754	-5.8483	-0.60578	-3.9149	-3.0588	-2.6102	6.5125	-8.169	-6.0512	-8.7968	1.8994	-6.2291	6.6061	-5.6198	-8.8272	-1.8535
-6.0363	-6.8453	8.6667	1.2606	-4.1602	5.7882	-8.819	2.9078	1.6037	0.87457	-6.587	-0.55728	-5.1432	-4.5601	-3.9666	8.3679	-10.166	-7.2225	-10.952	1.8786	-7.9316	8.4388	-6.4957	-10.396	-3.1
3.0642	-2.0697	-1.5211	-0.6481	-2.6753	1.1561	-0.613	3.0322	-0.61428	0.75782	-2.1706	-0.74515	-2.1281	1.6209	2.3306	-0.93712	1.1652	-1.2927	0.19235	2.0876	0.61224	-1.0342	-1.2609	-0.29772	-0.48579
1.5853	-3.2455	-0.034597	-0.14687	-2.6672	2.8557	-2.2039	4.1563	0.15672	0.89774	-3.2099	-0.16552	-2.4783	-0.33709	1.2313	0.31931	-0.91932	-2.2685	-1.6222	2.1308	-1.3138	0.45244	-2.8558	-2.1171	-1.1027
0.41815	-4.2183	1.9178	0.44449	-3.2147	4.4127	-4.0978	5.0644	1.0586	1.127	-4.4112	-0.29137	-3.2715	-2.1557	0.25957	1.9672	-2.808	-3.1868	-3.6843	2.298	-3.2727	2.1232	-4.029	-3.7037	-1.8329
-0.9007	-5.1645	2.9449	1.3859	-3.8434	6.1247	-5.9018	6.067	2.0535	1.3178	-5.2839	0.17795	-4.474	-3.8929	-0.29237	3.5274	-4.8336	-4.18	-5.5208	1.9527	-5.1467	3.6171	-5.3125	-5.1988	-3.0848
-2.3235	-6.0689	4.3678	2.2606	-4.185	7.7865	-7.5326	7.133	3.0676	1.3909	-6.1172	0.73	-5.3557	-5.3945	-0.98009	4.7949	-6.4232	-5.3523	-6.8137	1.4896	-6.5396	5.0488	-6.4038	-6.592	-4.0501
-3.4346	-7.0582	6.2484	2.7916	-4.4527	9.5024	-8.9108	7.8596	4.143	1.6702	-7.1233	0.84379	-6.1503	-6.8468	-1.6431	6.6352	-8.1378	-6.2888	-8.208	1.326	-7.7516	6.7038	-7.4159	-8.0636	-4.9897
-0.88167	0.36624	1.5232	-0.47518	-0.44365	-2.3558	-2.9866	-1.3176	-1.146	0.96517	2.8696	2.7364	-0.26447	-1.6298	1.6573	1.6286	1.5113	1.5304	-2.4748	1.1402	-0.23072	-1.8076	-2.5213	2.032	-2.0409
-2.2767	-0.77238	2.9242	0.001769	-0.20166	-0.83229	-4.398	-0.36651	-0.20593	0.91976	1.7114	3.0962	-1.0357	-2.9502	0.2352	3.1705	0.055841	0.38679	-4.5027	0.5468	-2.1316	-0.33768	-3.8509	0.48035	-2.912
-3.4521	-1.5778	4.527	0.6769	0.002664	0.92701	-5.6701	0.41398	0.73008	0.78221	0.47801	3.6647	-1.8359	-4.4963	-1.3202	4.9364	-1.4115	-0.75903	-6.325	0.2153	-3.9467	1.3004	-5.5952	-1.024	-3.6928
-4.9119	-2.3003	6.2831	1.3616	-0.21764	2.4814	-7.4679	1.5525	1.587	0.82479	-0.6274	4.0093	-2.7865	-5.8281	-2.4463	6.3601	-2.7826	-2.0132	-7.5238	0.068238	-5.8773	2.4544	-6.9005	-2.5262	-4.5968
-5.9882	-3.1888	7.7783	1.9925	-0.47408	3.9759	-9.1255	2.6169	2.5041	1.2147	-1.7367	4.0504	-3.6765	-7.3878	-3.762	8.0852	-4.5425	-3.3627	-9.061	-0.11527	-7.9747	4.1358	-8.1	-4.1913	-5.3424
-7.438	-4.0958	9.4449	2.8004	-0.71342	5.8689	-10.564	3.3475	3.5016	1.8055	-3.2785	4.546	-4.1943	-9.0734	-4.8162	9.3616	-5.8486	-4.623	-10.825	-0.40942	-9.8224	5.6003	-9.3546	-5.8838	-5.8715
-2.1128	1.0424	2.4768	0.10399	1.273	-2.1755	2.8477	0.25675	1.1287	-2.9104	1.9418	1.5613	-2.3852	0.15728	-1.0938	0.2917	-0.63503	-0.53321	-2.005	-1.5362	-3.011	2.6607	0.96524	2.7168	-2.1131
-3.4029	0.082959	3.9543	1.2881	1.3376	-0.85572	1.1926	1.3842	2.3042	-2.6316	0.5638	1.9524	-3.564	-1.9323	-2.309	2.0487	-2.4695	-1.8715	-3.6502	-1.7969	-4.7147	4.0088	-0.03349	1.2082	-3.0731
-4.5369	-0.79384	5.715	2.2245	0.90843	0.91413	0.013685	2.513	3.3396	-2.8796	-0.39904	2.2989	-4.3085	-3.7418	-3.424	3.4256	-4.257	-3.031	-5.1873	-2.5454	-6.1875	5.4881	-0.94054	-0.18166	-3.7759
-5.9227	-1.5503	6.9889	2.8318	0.38306	2.5475	-1.5379	3.234	4.1403	-2.8767	-1.6474	2.3308	-4.7918	-5.4417	-4.9516	4.7339	-6.349	-4.2622	-7.1109	-2.9119	-8.0942	7.1389	-2.0601	-1.6039	-4.6575
-7.0459	-2.7025	8.9496	3.4951	0.16129	4.2211	-2.9659	3.9326	4.6734	-2.6366	-2.8839	2.9775	-5.1803	-6.5635	-6.2365	6.6558	-8.4503	-5.1215	-9.3024	-2.8372	-10.329	8.3386	-3.1757	-3.2197	-5.4556
-8.4894	-3.8217	10.338	4.46	0.19654	5.784	-4.3188	5.208	4.9783	-2.4158	-4.1706	3.5213	-5.9285	-7.7646	-7.6317	8.0559	-10.188	-6.1283	-10.65	-2.86	-12.16	9.7694	-4.3912	-5.1738	-6.3104
2.6445	1.8505	0.48604	-0.37658	-1.5222	1.5822	-1.704	-2.7369	1.6788	1.0751	1.3515	0.89214	-0.50838	-0.68601	1.9854	-1.1466	1.9753	1.8154	2.2122	0.035398	0.85195	2.8316	-0.35191	-2.7631	2.3032
1.3595	0.57598	1.9011	0.57044	-1.4213	3.1177	-3.6281	-1.6665	2.3065	1.006	-0.36989	1.5048	-0.83809	-2.0407	0.65401	0.46689	0.47306	1.0086	0.11514	-0.28601	-1.1095	4.7648	-1.4761	-4.7087	1.5959
0.098445	-0.97126	3.3596	1.4839	-1.4327	4.6958	-5.5839	-0.59385	2.9481	0.71943	-1.6802	1.8582	-1.6909	-3.0701	-0.66547	1.778	-1.1196	-0.051714	-1.6106	-0.85092	-2.8437	6.256	-2.2037	-6.5676	1.0753
-1.1838	-2.1779	4.998	2.3807	-1.5337	6.4654	-7.2428	0.31108	3.6861	0.79839	-3.3167	2.4106	-2.8727	-4.438	-2.1745	3.5519	-2.8744	-1.1559	-3.1115	-1.3228	-4.5259	7.9299	-2.9746	-8.232	0.29702
-2.4406	-3.2707	6.7446	3.452	-1.7016	7.7851	-9.0966	1.3805	4.4156	1.2567	-4.5205	2.6379	-3.8798	-5.5728	-3.4544	5.0548	-4.3348	-2.2382	-4.9645	-1.6295	-6.1346	9.6946	-4.0671	-9.7537	-0.56103
-3.75	-4.4757	8.3729	4.4082	-1.9672	9.6585	-10.653	2.2895	5.0971	1.5914	-5.8986	2.6196	-4.6826	-6.9971	-4.8424	6.6537	-5.9535	-3.5372	-6.4763	-1.7898	-8.1196	11.48	-5.2137	-11.462	-1.1247
0.82387	-0.91014	3.1212	-1.7322	0.95739	0.65934	-0.7081	-2.2471	-2.9822	-0.49542	-1.9839	1.4179	-0.81412	2.145	1.471	0.44604	-2.0294	2.8724	-1.4738	2.6664	-1.7347	-0.79402	-2.5905	0.87993	-2.0057
-0.29099	-2.1172	4.8972	-1.1569	0.89939	2.3098	-1.9599	-1.337	-1.8984	-0.82073	-3.1603	1.8092	-1.8059	0.72985	0.12104	2.0394	-3.5008	1.8074	-3.2888	2.7599	-3.8494	1.0541	-3.8741	-0.73719	-2.7405
-1.7081	-3.4998	6.3753	-0.4155	1.0683	4.0593	-3.5771	-0.49497	-0.76768	-0.62491	-4.3257	2.3141	-2.5289	-0.59207	-1.2921	3.6577	-5.0423	1.0863	-5.0997	2.3974	-5.5053	2.5529	-5.261	-2.5018	-3.0766
-2.9282	-4.977	7.9302	0.57421	1.2099	5.3377	-4.7427	0.31373	0.45823	-0.016513	-5.6433	2.8344	-3.1915	-2.3431	-2.5171	5.0212	-6.5055	0.24172	-6.7847	1.4932	-7.3859	4.149	-6.3605	-4.2736	-3.8354
-4.2125	-6.1077	9.0399	1.5295	1.0139	7.2939	-6.1086	1.649	1.6911	0.52373	-6.7364	3.2209	-4.0569	-3.7674	-3.8589	6.7849	-7.7336	-0.44172	-8.0119	1.0102	-9.8223	5.8632	-7.1856	-5.7461	-4.6497
-5.4629	-7.1108	10.876	2.1991	0.59539	8.6493	-7.4414	2.4018	2.8328	1.2645	-7.6855	3.4615	-4.7964	-5.2239	-4.867	8.4118	-9.313	-1.0776	-9.8961	1.1675	-11.682	7.6447	-8.1932	-6.9796	-5.3509
-2.8571	1.4015	-0.95809	1.0087	-0.72931	0.79974	-3.004	2.5784	1.8875	1.5439	1.9663	-0.73284	0.73651	0.47411	0.18872	-1.4126	-1.5786	-0.30371	-1.71	1.9119	3.0527	-2.9517	0.22397	-2.5932	1.8971
-4.1452	0.1307	1.0057	1.555	-0.51941	2.604	-4.7081	3.2125	2.5573	2.051	0.33897	-0.36937	0.31876	-0.90738	-0.76355	0.35783	-3.6343	-1.0558	-3.7811	1.9984	0.70076	-1.0165	-0.88284	-4.5719	1.0988
-5.4447	-0.95172	2.3979	1.985	-0.21491	3.8068	-6.3587	4.504	3.0804	2.2896	-0.83598	0.13633	-0.33848	-1.8497	-1.4768	1.6437	-5.508	-1.8561	-5.3352	1.8726	-1.1029	0.56254	-1.8002	-6.5632	0.3996
-6.5683	-1.9917	4.1751	2.5402	-0.48102	5.769	-7.677	5.4622	3.7547	2.3309	-2.2893	0.054566	-1.3421	-2.9109	-2.3029	2.9551	-7.6214	-2.4045	-7.014	1.2759	-2.7781	2.0808	-2.5283	-8.0785	-0.72025
-7.9992	-2.8433	5.3075	3.6578	-0.87899	7.1148	-8.9789	6.0782	4.7036	2.6121	-3.4809	0.27815	-2.3757	-3.7897	-3.033	4.8042	-9.3377	-3.1226	-8.8652	0.43776	-4.7904	3.912	-3.4218	-9.4303	-1.8996
-9.0293	-4.0607	7.0568	4.7676	-0.89914	8.9552	-10.42	7.1078	5.7856	2.831	-4.4823	1.2614	-3.2033	-4.6762	-4.1431	6.0364	-11.06	-4.0606	-10.895	0.029528	-6.6095	5.4988	-4.6465	-10.758	-2.8019
3.0718	-2.7196	2.7594	-3.0258	1.1545	1.7819	0.21438	2.4201	2.5058	0.79089	-2.2742	-1.7722	-1.9962	-2.8774	-2.4684	0.73127	2.7611	-0.91402	-0.56125	3.0417	2.7982	1.1093	3.0665	1.6757	-1.0255
1.7959	-3.9876	4.1907	-2.3632	1.2918	3.5154	-1.4641	3.5055	3.6809	1.5262	-3.6103	-1.7788	-3.0641	-3.9467	-3.7484	2.432	1.3492	-2.0572	-2.6985	2.8394	1.4852	2.6376	1.9489	0.18383	-2.063
0.85818	-5.0596	5.5252	-1.7142	1.5323	4.9083	-3.2733	4.2227	4.742	2.3844	-4.5928	-1.2404	-3.8467	-4.7881	-5.0071	3.8795	-0.55137	-2.9478	-4.5581	2.6946	-0.098065	3.9023	1.0123	-1.3792	-2.6601
-0.74483	-6.1064	7.4746	-0.96021	1.4527	6.5725	-5.1098	5.1852	5.7835	2.8114	-5.872	-0.84678	-4.5764	-6.005	-6.2515	5.223	-2.1208	-3.8274	-6.1095	2.2966	-2.0091	5.501	0.00079014	-3.2372	-3.3376
-1.6071	-6.8038	8.8753	0.069669	1.1567	8.2075	-7.0698	6.257	6.8009	3.1401	-7.0174	-0.3026	-5.3364	-7.1928	-7.1759	7.1151	-4.0646	-4.9146	-7.839	1.5853	-4.2117	7.1241	-0.94091	-5.1019	-4.3749
-3.2453	-7.9491	10.751	0.98569	0.90093	9.8362	-8.5629	7.2602	7.7218	3.0764	-7.9954	0.24401	-5.9931	-8.6066	-8.1289	8.4242	-5.9955	-5.8728	-9.6875	1.2038	-6.3525	8.617	-1.8437	-6.7359	-5.2854
1.0198	-1.6066	-1.2842	1.1315	0.17488	-0.55519	0.64457	1.5733	0.52459	0.32526	0.52482	0.074229	-2.6213	1.3789	3.1159	-0.91352	2.9595	-0.9643	2.4275	-0.28452	-0.54368	-1.7726	-2.3509	-1.2	1.4199
-0.41329	-2.1393	0.46159	1.3483	-0.087893	1.0172	-0.90904	2.6858	1.1194	0.89742	-0.45947	0.58117	-3.451	0.066999	2.1333	0.81442	0.99041	-1.969	0.59351	0.011973	-2.2549	0.17535	-3.7154	-2.6004	0.43121
-1.0994	-3.128	1.8813	1.5827	-0.34251	2.2536	-2.3237	3.3728	1.8079	1.1075	-1.4428	0.97622	-4.5493	-0.98259	0.99463	2.1222	-0.50992	-3.3241	-0.84155	-0.13359	-4.4889	1.4515	-5.1237	-4.4011	-0.11348
-2.8176	-4.0255	3.554	2.0048	-0.73428	4.0942	-3.979	4.3965	2.6594	1.3364	-2.8406	1.3079	-5.3467	-2.316	0.058374	3.6412	-2.3636	-4.6023	-2.3049	-0.72793	-6.5083	3.2136	-6.633	-6.458	-0.81464
-3.5036	-5.033	4.6616	2.8583	-1.0221	5.6134	-5.291	5.595	3.6209	1.7337	-4.1068	1.946	-5.9731	-3.6	-1.0519	5.3838	-3.8356	-6.0138	-3.7958	-1.2842	-8.2509	4.8432	-7.8827	-8.1554	-1.9028
-5.1005	-6.3791	6.6544	3.8617	-0.88365	7.2167	-6.4967	6.2694	4.6559	2.0076	-5.4182	2.2173	-6.6931	-5.228	-1.7394	6.8536	-5.3856	-7.2086	-5.5993	-1.3006	-10.25	6.5733	-8.7574	-9.5619	-2.73
1.7764	1.217	-3.0784	2.1554	2.6522	1.7016	-2.8721	-0.76499	1.2833	1.4413	-1.7315	-1.4503	1.0866	-0.14135	0.77694	-1.6551	-2.0277	2.0702	1.6763	2.7285	-2.4625	-1.9956	-2.5177	-0.064283	-1.9264
0.4556	0.41019	-1.6061	2.9921	2.7622	3.3233	-4.6547	0.29317	2.5756	1.7058	-2.8138	-1.2878	0.59918	-1.4389	-0.24296	-0.20666	-3.5498	1.0545	0.2379	2.175	-4.4679	-0.489	-3.6817	-1.9805	-2.4919
-0.83456	-0.82398	0.15365	3.685	2.4501	4.9848	-6.6838	1.1143	3.8511	1.8763	-3.9493	-1.3399	-0.053355	-2.5592	-1.0679	1.5625	-4.8631	0.011033	-0.97834	1.8169	-6.543	1.1511	-4.8021	-3.6494	-3.0735
-2.0514	-1.9513	1.9243	4.2666	2.1023	6.5107	-8.3455	2.0124	4.8129	2.2744	-4.9334	-0.74731	-1.106	-3.8889	-1.7865	3.0585	-6.2807	-0.93715	-2.9379	1.7863	-8.4061	2.9324	-5.6978	-5.0301	-3.9535
-3.45	-3.5265	3.4017	5.0573	2.0455	8.4664	-9.7657	3.2191	5.5085	2.607	-6.2172	-0.015658	-2.0159	-5.037	-2.8332	4.6005	-7.7476	-1.7755	-4.8745	1.8337	-10.355	4.1926	-6.6122	-6.2832	-4.8303
-4.4128	-4.6113	4.8925	6.1354	1.9121	9.7235	-11.441	3.9973	6.1761	2.7639	-7.4902	0.20496	-2.8111	-6.569	-3.6797	6.0631	-8.9354	-2.7873	-6.4701	1.5809	-12.339	5.9203	-7.9624	-7.6734	-5.9749
2.4862	-2.5177	-2.8626	0.35981	1.7113	-1.181	-2.016	-1.0114	-1.8203	0.063758	2.552	0.80964	-2.5024	-0.68543	-2.797	0.0080567	-0.42879	3.1247	1.9569	-0.090108	2.4771	-2.2762	-0.69077	2.6838	2.6219
1.1	-3.9568	-1.3684	1.1952	1.7231	0.61413	-4.0353	-0.080151	-0.79106	0.29381	1.3268	0.92848	-3.3658	-2.3172	-3.5497	1.8656	-2.2888	2.0259	-0.30473	-0.19991	0.42686	-0.69981	-1.979	1.2698	2.0895
-0.043443	-5.3494	0.58878	1.6652	1.1863	2.0277	-5.6538	1.1516	0.49277	0.49754	0.6074	1.5582	-4.5824	-3.9582	-4.6989	3.2076	-4.1851	0.98536	-1.8107	-0.2061	-1.259	1.1969	-3.6632	0.15339	1.1245
-1.2676	-6.259	1.885	1.9217	0.68144	3.4698	-7.1485	1.9748	1.7513	1.0137	-0.15944	1.7974	-5.3643	-5.3788	-5.8658	4.6164	-6.134	0.054996	-3.8401	0.029432	-3.3221	2.6192	-5.3475	-0.85209	0.4215
-2.64	-7.3283	3.2008	2.2761	0.31758	5.3239	-8.6408	2.5008	2.7696	1.4552	-0.99689	2.0355	-5.6511	-6.6142	-7.0315	6.5517	-7.9108	-1.022	-5.8454	0.3682	-5.6792	4.35	-6.6068	-1.8195	-0.30745
-3.8099	-8.181	5.0086	2.9807	-0.035657	6.9021	-10.284	3.6313	3.7703	1.762	-2.0271	2.6933	-6.2275	-7.7621	-8.3412	7.8386	-9.4689	-1.8538	-7.4632	0.094327	-7.3635	6.1377	-7.8744	-2.8566	-1.4709
1.3412	0.74316	-0.98415	2.7383	-2.3564	1.4481	0.91988	2.0922	-0.63879	1.5689	2.1052	-1.1149	0.3282	3.0089	0.30966	-1.0649	0.75028	-0.8752	1.6109	-0.5407	-0.048073	1.223	2.9688	-1.0817	2.1214
0.19478	-0.2583	1.0219	3.6547	-2.186	2.7235	-0.67244	2.8639	0.32162	1.9069	0.83335	-0.66008	-0.53755	1.1393	-0.67182	0.54397	-0.92593	-1.904	0.08695	-0.69384	-1.7065	2.7866	1.7449	-2.7556	1.2638
-1.032	-1.511	2.3944	4.5715	-1.9661	4.6133	-1.7921	4.1047	1.3017	2.5317	-0.56883	-0.52032	-1.2898	-0.5999	-1.7707	1.9165	-2.5665	-3.0173	-1.6164	-1.1646	-2.913	4.5061	0.32907	-4.4515	0.65877
-2.3349	-2.492	4.245	5.3838	-2.0849	6.0969	-3.0972	4.9526	2.3066	3.5071	-2.003	-0.19529	-2.3632	-2.0964	-3.0094	3.6724	-4.3595	-4.1115	-3.0908	-1.765	-4.337	5.7198	-1.4675	-6.3323	-0.049074
-3.3357	-3.3612	5.241	5.875	-2.3357	7.706	-4.3569	5.9031	3.4487	4.1252	-3.1426	0.29517	-3.2765	-3.5284	-4.0099	5.2057	-6.065	-5.3323	-4.2624	-2.1939	-6.2211	7.0551	-2.8053	-8.2533	-1.1767
-4.8213	-4.3335	6.8884	6.1583	-2.5755	9.4473	-5.8375	6.8524	4.7666	4.7312	-4.5471	0.85067	-3.7612	-4.9457	-5.1362	6.4849	-8.0345	-6.2092	-5.9078	-2.3693	-8.2781	8.6733	-4.0945	-9.9035	-2.1301
1.5014	2.8522	-2.9395	-0.89886	1.0215	-1.3722	-1.6932	1.3259	0.78232	0.56902	1.0076	-2.8414	-0.94963	-0.30558	-1.6271	1.3505	2.2368	-1.3721	1.451	-2.2748	2.1146	-2.2696	0.55395	-0.84054	1.9264
0.091311	1.3476	-1.2788	0.23916	0.93937	0.37419	-3.6235	2.2929	1.675	0.82408	-0.6054	-2.1422	-1.4866	-1.5666	-2.9782	2.6957	0.34933	-2.1822	-0.27759	-2.8867	0.13753	-0.61821	-0.4349	-2.314	1.0788
-1.0348	0.054229	0.44253	1.1131	0.82166	1.9515	-5.2948	3.3647	2.2818	1.2559	-2.0614	-1.7196	-2.2553	-2.6423	-4.1496	4.3659	-1.4609	-3.3166	-2.1653	-3.2932	-2.3167	1.0071	-1.6664	-4.1127	0.37526
-2.4131	-0.92053	2.1708	1.7577	0.85759	3.6555	-7.4175	4.1543	2.9111	1.9812	-3.5029	-1.7542	-3.302	-4.1342	-5.239	5.9885	-3.529	-4.4462	-3.9649	-3.5196	-4.0157	2.4929	-3.0913	-5.8306	0.03824
-3.6758	-2.1757	3.584	2.4468	1.1639	5.1704	-9.0137	5.2657	3.7472	2.3309	-4.8748	-1.3294	-4.0874	-5.4097	-6.0835	7.7465	-5.0899	-5.6668	-5.3326	-3.8619	-5.5644	3.7745	-4.6393	-7.0817	-0.61303
-4.8602	-3.4808	5.0541	3.3223	1.3	6.9118	-10.611	6.3194	4.732	2.4117	-5.9107	-0.62841	-4.8965	-6.9378	-7.2779	9.0945	-7.0713	-6.8931	-6.7227	-4.483	-7.221	5.347	-6.0399	-8.3032	-1.4932
0.023743	-0.065348	2.3679	-0.92227	-0.31749	2.911	-2.8744	2.9702	-1.9518	1.0495	0.54284	1.0997	-0.87278	0.75535	1.954	-3.0191	-2.6133	2.9818	0.95048	-1.6878	-0.60608	-2.3737	-1.4542	-1.5207	-1.0571
-1.635	-1.2601	3.9019	-0.32868	-0.60364	4.7591	-4.4177	4.2097	-1.0741	0.96059	-0.98578	1.7498	-1.5771	-1.1194	0.91709	-1.2188	-3.9809	2.4657	-1.0662	-1.6833	-2.3675	-0.66762	-2.3663	-2.7586	-1.9204
-2.3477	-2.0709	5.5363	0.13858	-0.90771	6.0999	-6.063	5.0399	-0.078447	0.70866	-2.13	2.2054	-2.4174	-2.5628	-0.47644	0.087541	-5.6711	1.7749	-2.7992	-1.6752	-3.9365	0.65602	-3.0349	-4.0039	-2.5806
-3.8781	-2.9684	7.1388	0.80207	-1.1209	7.6721	-7.782	5.8585	1.0127	0.70072	-3.5961	2.2767	-3.6464	-4.0933	-1.6955	1.6434	-7.1793	0.942	-4.484	-1.6705	-5.354	2.1368	-3.7844	-5.3812	-3.6063
-4.8493	-4.2016	8.6883	1.6813	-1.4651	9.3571	-9.9596	7.0063	2.1755	0.79909	-4.9803	2.5785	-4.7962	-5.3554	-3.1643	3.2433	-8.8354	0.24456	-6.3193	-1.4812	-6.9786	3.6942	-4.9458	-6.8668	-4.7225
-5.9714	-5.2856	9.8819	2.6278	-1.6518	10.865	-11.473	8.0577	3.2385	1.0312	-6.1431	3.1654	-5.3928	-6.7922	-4.4781	4.7066	-10.543	-0.77574	-7.758	-1.6202	-8.876	5.3407	-6.1052	-8.3439	-5.481
-2.184	-0.95451	-2.376	2.4125	-2.5479	2.7007	-0.63415	-2.8423	-0.98989	1.4819	1.8506	0.28201	1.1695	2.472	-2.7959	-1.233	-2.8499	-1.9124	1.3826	1.3926	2.3726	0.51768	-2.6961	2.6548	1.8863
-3.403	-2.3458	-0.66955	3.0671	-2.6192	4.2295	-2.2334	-2.1951	0.011046	1.9131	0.6338	1.1155	0.41207	0.7076	-3.787	0.535	-4.7581	-3.2829	0.033092	1.221	0.30339	2.0869	-3.8598	1.1439	1.0696
-4.7846	-3.2907	0.99702	3.5763	-2.8122	5.955	-4.2209	-0.86667	1.113	2.2507	-0.54916	1.0222	-0.12554	-0.72573	-5.212	1.8804	-6.5951	-4.6562	-1.4759	0.70377	-1.0387	3.6282	-5.0181	-0.34796	0.13388
-5.9326	-4.3409	2.8559	4.0489	-3.1313	7.6044	-5.6825	0.065954	2.2052	2.6234	-1.9335	0.90085	-0.76402	-2.067	-6.365	3.5237	-8.2586	-6.121	-3.2068	0.42807	-2.4367	5.0206	-6.4377	-1.8127	-0.72009
-7.3781	-4.9579	4.1163	4.3737	-3.1481	8.9245	-7.1162	0.73088	3.3475	2.6769	-2.9382	1.7309	-1.9038	-3.1898	-7.7748	5.0542	-9.8954	-7.4195	-5.2264	0.56852	-4.3756	6.2709	-7.8707	-3.1511	-2.0304
-8.5266	-5.7664	5.6375	4.5275	-3.0802	10.776	-8.6203	1.8784	4.4031	2.6437	-3.9486	2.3849	-3.0341	-4.5729	-9.1059	6.2803	-11.171	-8.8538	-6.8069	0.50501	-6.0297	7.9336	-9.413	-4.2538	-3.0054
-1.3443	0.27421	3.0444	1.3545	2.1287	-0.41912	-0.18448	0.38128	-1.4501	1.5638	0.024415	0.92196	-1.2074	-2.2688	-0.1534	-0.86376	1.8094	1.7603	1.0583	-2.3016	-3.0046	0.3758	-1.2509	2.7595	3.0201
-2.3896	-0.82983	4.8456	2.0756	2.2536	1.0108	-1.5713	1.4144	-0.4128	1.6867	-1.3994	1.3402	-2.0093	-3.7407	-1.225	0.77613	-0.037059	0.81797	-0.74264	-2.5391	-4.6484	2.0278	-2.2415	1.1699	2.3811
-3.8858	-2.2364	6.205	2.4585	2.6006	2.9225	-3.3825	2.4493	0.7111	2.2811	-3.0984	1.608	-3.0051	-4.7905	-2.1321	2.5522	-1.5934	0.024708	-2.9705	-2.9957	-6.2332	3.3958	-3.4805	-0.29753	1.2689
-4.7686	-3.7171	8.2897	2.7013	2.347	4.1548	-4.7699	3.4488	1.8877	2.6988	-4.4498	2.2283	-4.0108	-5.8546	-3.4375	3.9146	-3.396	-1.0965	-4.5788	-3.5775	-8.2389	4.6008	-4.3985	-2.0069	0.4273
-6.2578	-4.8828	9.5158	3.0575	2.0199	6.0565	-6.0891	4.1184	2.9772	2.9153	-5.6681	2.6549	-4.4202	-6.9986	-4.6329	5.3942	-4.9159	-2.1761	-5.8412	-3.89	-10.548	6.3007	-5.2917	-4.0396	-0.22886
-7.2785	-6.0238	11.208	3.5618	1.7918	7.4402	-7.4453	5.2714	3.8615	3.3418	-6.9886	2.648	-4.8286	-8.0172	-5.8423	7.2156	-6.607	-3.3499	-7.581	-4.0036	-12.076	7.7007	-6.3846	-5.9764	-1.1297
-1.34	1.8892	2.4876	0.61247	2.4116	2.7866	0.30871	1.4343	0.48204	-2.9776	-0.33579	0.91878	0.13315	-0.80188	2.7452	2.0695	2.1923	-0.80048	0.5852	2.3396	2.7224	1.058	-1.8414	0.96618	-2.6875
-2.9886	0.97689	4.0994	1.6326	2.2867	4.4024	-1.1307	2.3692	1.7257	-3.2628	-1.5011	1.2282	-0.22626	-2.0789	1.2913	3.5039	0.27922	-1.7965	-1.0987	1.8728	0.55426	2.7628	-3.3461	-0.4597	-3.4243
-3.7164	-0.32253	5.5259	2.4261	2.5173	5.7085	-2.8232	3.2288	2.7478	-3.2965	-2.8339	1.3641	-0.84809	-3.4152	-0.36186	5.0509	-1.7716	-2.5833	-3.4312	2.1026	-1.1592	4.3044	-4.4523	-2.2907	-3.8697
-5.2988	-1.4705	7.1921	2.967	2.3339	7.7521	-4.6394	4.339	3.5736	-3.2457	-4.0628	1.9651	-2.092	-4.7678	-1.6588	6.5256	-3.6924	-3.665	-5.003	2.2465	-3.334	5.7481	-5.2883	-4.0873	-4.4913
-6.1812	-3.1487	8.9573	3.3386	1.912	9.0137	-6.0742	5.0469	4.0587	-3.0169	-5.2004	2.0729	-3.2311	-6.1416	-3.1424	8.3647	-5.3142	-4.7286	-6.6113	2.0733	-5.1045	7.6343	-6.2464	-5.4951	-5.22
-7.5675	-4.4539	10.511	3.7819	1.6342	10.693	-7.5058	6.2529	4.4767	-2.6084	-6.4029	2.2103	-3.9413	-7.4929	-4.3305	9.6528	-7.1077	-5.7371	-8.3854	1.7969	-6.5305	9.1016	-7.1099	-6.6915	-6.2354
-0.58575	1.0483	2.7238	1.9528	-0.097037	1.6124	-0.52094	2.9628	3.0645	2.2868	-0.69781	-0.28422	-1.5908	1.7862	2.4042	2.5981	0.36603	0.62089	-2.2051	2.5102	-0.31153	-1.8484	2.5098	1.649	2.402
-2.1427	-0.3529	4.2989	2.5833	-0.57847	3.3522	-1.9165	3.9047	4.0166	2.7184	-2.1007	0.34281	-2.4473	0.54059	1.0558	4.2789	-1.5133	-0.16753	-4.2277	2.5935	-2.2906	-0.17695	1.2307	0.089543	1.59
-3.0567	-1.7712	5.6672	3.4811	-1.2005	4.7635	-3.152	4.7713	5.1465	2.9978	-3.2712	0.32673	-3.2732	-0.55857	-0.61719	5.7414	-2.9065	-1.2931	-5.753	2.6024	-4.3187	1.0252	-0.30683	-1.3571	0.35154
-4.6063	-2.7438	7.2532	4.7499	-1.543	6.4282	-4.8142	5.8642	6.3067	3.5685	-4.3538	0.46285	-4.2644	-1.8151	-2.1091	7.3158	-4.5368	-2.2388	-7.7563	2.6142	-6.0586	2.4838	-1.7094	-2.712	-0.72198
-5.5939	-4.0426	9.1358	5.6805	-1.7325	8.0742	-6.057	6.7459	7.3995	3.9939	-5.4975	1.093	-5.318	-3.2862	-3.7866	8.7785	-5.9595	-3.4273	-9.6228	2.5164	-7.7285	4.1014	-2.8843	-4.0863	-1.6981
-6.9968	-5.1211	10.605	6.4115	-1.7732	9.6906	-7.2645	7.8382	8.3609	4.0701	-6.5662	1.5663	-5.9185	-4.7179	-5.1642	10.525	-7.3481	-4.5438	-11.201	2.1132	-10.108	5.5105	-4.2436	-5.6599	-2.8672
-1.3505	1.0879	1.0317	-2.3687	-0.58204	-1.4112	1.3607	-1.3603	2.4881	2.0509	-0.69063	-0.01317	1.2234	2.0998	0.68847	0.46935	-1.0925	-0.27365	1.3426	2.4141	1.387	-3.0231	1.0976	-0.38616	-0.39049
-2.594	-0.40317	2.4412	-1.4053	-0.48314	0.18341	-0.39134	-0.035524	3.4494	2.2392	-1.671	0.06323	0.57118	0.3258	-0.37422	1.711	-2.7738	-1.1894	-0.2139	1.8871	-0.26988	-1.308	-0.5295	-1.7033	-1.0443
-4.0048	-1.6261	4.2557	-0.7394	-0.85156	1.8662	-2.009	0.48154	4.6316	2.1909	-2.5285	0.49308	-0.33898	-1.2424	-1.6703	3.3125	-3.9274	-2.1125	-1.7747	1.1917	-1.6205	0.20555	-1.6539	-2.8255	-1.9899
-5.2147	-2.7284	5.3631	-0.25836	-1.2406	3.4626	-3.7225	1.3198	5.8473	2.0939	-3.261	1.3049	-1.2009	-2.6704	-2.7198	5.0513	-5.3465	-3.1828	-3.7886	0.71802	-3.3352	1.5938	-2.7706	-3.9009	-2.6368
-6.6416	-3.6642	7.2822	0.38742	-1.1251	5.0984	-5.4801	2.5851	6.9932	1.8707	-4.4115	1.7437	-1.9637	-4.1107	-3.7536	6.3722	-6.7784	-4.0185	-5.4395	0.60012	-5.3461	3.2513	-3.9453	-5.0471	-3.6408
-7.7883	-5.1071	8.6972	1.1955	-0.71981	6.8425	-6.7895	3.3908	8.1006	1.7521	-5.6134	1.7189	-3.0271	-5.4396	-4.8189	7.8589	-8.0075	-5.1618	-6.739	0.32748	-7.0147	4.9999	-5.1951	-6.3261	-4.7756
-2.405	1.9762	-1.0999	-1.5937	-0.98776	-0.78065	0.29236	0.38886	-0.65424	-0.63974	0.096506	0.98929	2.8317	1.3963	-0.6275	2.0842	-2.2964	-2.7603	-2.6109	-2.1107	-1.1039	-1.2452	-3.0666	0.2506	-2.5411
-3.5512	0.26227	0.54275	-0.68171	-0.97774	0.61157	-1.0699	1.429	0.28748	-0.5442	-1.0293	1.1885	1.9766	0.26447	-1.8115	3.7769	-3.593	-3.7028	-4.2844	-2.1651	-3.2683	0.375	-4.1771	-1.6431	-3.0962
-5.0328	-1.0237	1.7067	0.21217	-1.3449	2.5081	-2.6409	2.538	1.2876	-0.14557	-1.9234	1.6273	0.98734	-0.60337	-3.1301	5.2264	-5.3342	-4.6172	-6.0194	-2.4654	-5.3379	1.5635	-5.3439	-3.2001	-3.9812
-6.0655	-2.4563	3.5183	1.228	-2.0194	3.9225	-4.425	3.1838	2.3236	0.109	-2.8472	2.0407	0.27557	-1.804	-4.4032	6.9744	-6.7032	-5.3601	-7.7825	-2.6478	-7.1884	3.2821	-6.6536	-4.6181	-4.6277
-7.5998	-3.361	4.9347	2.3295	-2.3999	5.6605	-5.8795	4.1065	3.3936	0.39852	-4.174	2.6305	-0.51919	-3.1756	-5.5554	8.4121	-8.6444	-6.3672	-9.4148	-2.7791	-9.2642	4.7465	-8.2162	-5.9268	-5.2015
-8.6373	-4.5433	6.9139	3.3246	-2.4489	7.146	-7.6601	5.2901	4.3893	0.88488	-5.1321	2.9347	-1.4587	-4.7479	-6.6881	10.117	-10.327	-7.206	-10.933	-2.8383	-10.899	6.1059	-9.4014	-7.2713	-6.0808
-2.2199	0.82357	2.2565	2.9781	0.44487	3.1202	0.33624	0.097079	-1.0633	-0.43959	-0.051457	-2.6939	2.435	-2.7341	-0.40076	2.0512	-0.66232	0.71262	2.0011	2.4256	2.7074	-1.9419	-1.5161	2.4986	0.58631
-3.435	-0.4617	3.7694	3.8923	0.2789	4.7387	-1.4556	1.1586	-0.61257	0.17043	-1.4414	-2.3058	1.5545	-4.5638	-1.5237	3.4038	-2.2336	-0.10563	0.15112	1.547	1.1	-0.30888	-2.1685	0.31727	0.035902
-4.699	-1.5609	5.6022	5.1032	-0.116	6.4449	-3.0094	1.8509	-0.11855	0.43757	-2.5692	-1.7124	0.3505	-6.3715	-2.5411	5.1714	-3.4175	-0.99984	-1.3106	0.83522	-0.60036	1.1471	-3.2057	-1.4711	-0.75111
-6.0438	-2.5326	7.0399	5.9596	-0.082197	8.0051	-4.5267	2.9874	0.58705	0.64194	-3.4156	-1.311	-0.57893	-7.8672	-3.6461	6.7417	-5.0764	-1.8896	-3.2592	0.55549	-2.0844	2.4455	-4.2958	-2.9762	-1.4076
-7.0035	-4.0207	8.7442	6.6203	0.27222	9.4652	-6.2942	4.0491	1.5023	0.89583	-4.6633	-0.98018	-1.2449	-9.3181	-4.9005	7.952	-6.2259	-3.0145	-5.3477	0.51441	-3.5862	3.9627	-5.3897	-4.5925	-2.4582
-8.5847	-5.3373	9.8221	7.3636	0.19793	11.24	-7.9296	4.9611	2.4758	0.78646	-5.7423	-0.60812	-1.9346	-10.458	-6.0776	9.6349	-7.5399	-3.8988	-7.0122	0.14267	-5.7032	5.5223	-6.5133	-6.1212	-3.5907
0.024116	0.70844	2.006	0.20026	-1.871	-0.28955	-0.45272	2.9268	0.75395	1.227	1.3826	-0.9615	0.1067	0.35604	-2.1572	0.38971	1.2234	-0.46186	2.1118	1.4531	-0.87901	-0.28755	-0.71347	1.7305	1.4712
-0.79188	-0.4557	3.0497	0.82568	-1.9267	1.2527	-1.5198	4.043	1.5749	1.4707	-0.11744	-0.077208	-0.54825	-0.65681	-3.3355	1.7096	-0.15256	-0.98323	0.40883	1.3881	-2.2767	1.0431	-2.1096	0.11611	0.67524
-2.3019	-1.7874	4.9276	1.4496	-1.9723	2.8315	-2.7844	4.9787	2.4328	1.4483	-1.351	0.052638	-1.195	-1.7274	-4.0964	3.3507	-1.8526	-1.7382	-1.2616	1.0059	-4.1376	2.8426	-3.0467	-1.485	-0.35927
-3.2575	-2.7539	6.2464	2.3158	-2.0782	4.4529	-4.0202	6.0363	3.3936	1.5545	-2.6897	0.0052764	-1.9182	-2.858	-4.8793	5.0476	-3.3594	-2.6158	-3.1411	0.53449	-6.3931	4.526	-3.92	-2.9414	-1.5127
-4.5052	-3.699	8.2736	3.4512	-2.3831	6.0918	-5.5457	6.7982	4.3531	1.6598	-3.7932	0.56544	-2.6184	-3.9791	-5.5803	6.1938	-4.8064	-3.4161	-5.3142	0.27643	-8.2727	5.9325	-5.0162	-4.2714	-2.6584
-5.8041	-4.7039	9.4413	4.1941	-2.6691	7.7527	-6.586	8.0019	5.1874	1.5977	-4.8988	1.0669	-3.5088	-5.3667	-6.2097	7.9839	-6.2219	-4.5168	-6.7311	0.0062526	-10.466	7.6345	-6.0236	-5.5876	-3.7284
-0.43786	1.2168	2.7959	1.785	1.291	-2.4534	-0.69124	0.57088	-0.25509	-2.8239	-1.7038	2.0987	-3.0418	2.2841	-2.6497	1.0616	0.0013271	-1.771	0.44975	-2.3727	1.0749	0.6254	-2.7885	-2.7862	-2.1823
-1.8207	0.14181	4.4356	2.2871	1.4126	-0.9099	-2.1865	1.7951	1.1091	-2.7728	-3.516	2.6238	-4.0115	0.99804	-3.7523	2.7914	-1.9936	-3.0188	-1.5742	-2.6225	-0.48333	2.2355	-4.1435	-4.2201	-3.2331
-3.0515	-0.74724	5.9109	2.6888	1.6402	0.55278	-3.6623	2.7875	2.3643	-2.9143	-4.8511	2.8134	-4.5087	0.036617	-4.8541	3.9163	-4.05	-4.3347	-3.6914	-3.315	-2.781	3.6209	-5.1365	-5.4325	-4.3323
-4.2796	-1.4562	7.5732	3.0155	1.497	2.4309	-4.8977	3.2647	3.2515	-3.0987	-6.1144	2.755	-4.7241	-1.0974	-6.0559	5.4449	-5.9177	-5.4399	-5.1476	-3.8126	-4.7784	5.2711	-6.0363	-6.5325	-5.4114
-5.5955	-2.7008	9.2951	3.4966	1.3059	3.6883	-6.346	4.2218	3.8818	-2.9584	-7.4426	3.449	-5.1739	-2.0042	-7.2424	7.2798	-7.7456	-6.4471	-6.8197	-4.0598	-6.325	6.9494	-7.159	-7.6768	-6.3951
-6.8018	-3.7205	10.864	4.27	1.2274	5.5512	-7.9653	5.385	4.5771	-2.4881	-8.8688	4.0409	-6.1827	-3.2631	-8.7389	8.6571	-9.2921	-7.6053	-8.8209	-4.1292	-8.3409	8.5901	-8.3855	-9.0195	-7.7288
-3.0168	-0.4071	2.0864	0.73721	0.12641	2.2851	-2.5265	2.5626	-2.4617	0.10674	-2.241	0.37285	-3.1112	1.6748	2.1899	2.6176	3.0582	0.032236	-1.4355	-2.5073	0.049291	0.53763	1.6509	-2.619	1.0148
-4.214	-1.7034	3.8379	1.1848	-0.020502	3.7812	-4.1607	3.3472	-1.7287	0.47321	-3.8679	1.2472	-3.8487	0.48383	1.3793	3.9456	1.7807	-0.9355	-3.342	-2.6865	-1.9483	2.1135	0.62577	-4.5641	0.52411
-5.2855	-2.7015	5.3853	1.4219	-0.0099005	5.4102	-5.6461	4.1431	-0.82878	1.1094	-5.3469	1.3181	-4.697	-0.5464	0.30609	5.7693	-0.0098875	-1.7769	-5.1266	-2.8523	-4.2183	3.6114	-0.37436	-6.3149	-0.37914
-6.7148	-3.9825	7.2347	1.5117	-0.12044	6.9477	-6.9173	5.468	0.38293	1.3487	-6.5515	1.057	-5.6224	-1.6465	-0.79364	7.2082	-1.3764	-2.3771	-7.0337	-2.6775	-6.1164	5.6207	-1.2427	-7.6406	-1.0608
-7.5046	-5.5151	8.6899	1.7838	-0.49496	8.3898	-8.1337	6.2376	1.5247	1.5582	-7.6864	1.5129	-6.218	-2.6392	-1.8502	8.5123	-2.9573	-3.2531	-8.8098	-2.4374	-7.9854	7.0326	-1.9197	-8.7553	-1.9418
-9.155	-7.012	10.219	2.5451	-1.2666	10.288	-9.7493	7.0392	2.6351	1.9873	-9.2086	2.4021	-6.7054	-4.1038	-3.0693	10.218	-4.3564	-4.0358	-10.51	-2.6696	-9.9998	8.8695	-2.8222	-9.9183	-3.0952
0.10663	-2.0658	2.7541	0.56823	-0.37281	2.7753	0.97914	-0.30178	2.1333	0.20488	0.33841	1.1308	-0.83405	-1.6373	0.49564	2.3041	-0.58544	-2.4328	-0.35265	-1.2548	-0.61929	2.0935	-0.60521	-0.6897	-0.87638
-1.477	-2.871	4.6472	1.233	-0.60957	4.7606	-0.6512	0.19943	3.0052	0.18545	-1.156	1.5104	-1.5373	-2.7405	-1.2516	4.2774	-2.3335	-2.9997	-1.8032	-1.1816	-2.4181	3.8685	-1.3823	-1.9497	-1.9376
-2.3038	-3.4716	6.0355	2.1657	-1.1023	5.9748	-2.4985	1.0996	3.9661	0.44854	-2.6603	2.3036	-2.5906	-3.5923	-2.6983	5.5519	-3.6347	-3.5818	-3.2023	-1.4361	-4.088	5.411	-2.3528	-3.1829	-2.7738
-3.4792	-4.6235	7.9924	3.2555	-1.4958	7.6352	-4.183	2.3774	4.8348	1.1232	-4.0773	2.3928	-3.6091	-4.8173	-4.2172	7.0965	-5.1175	-4.4983	-4.9016	-1.8329	-5.5513	6.9985	-3.6032	-4.4587	-3.7514
-4.8017	-5.5632	9.0521	4.098	-1.7935	9.2281	-5.4685	2.9963	5.5844	1.6952	-5.2497	2.25	-4.6244	-5.8754	-5.4081	8.7248	-6.5554	-5.2869	-6.3618	-2.0262	-7.2558	8.5043	-4.7957	-5.833	-4.7828
-5.562	-6.9424	10.579	4.9317	-1.7833	10.798	-6.6972	3.8806	6.2575	2.4421	-6.5866	2.7185	-5.3572	-7.1125	-6.7065	10.242	-7.999	-6.2896	-8.2272	-2.0699	-9.2861	10.24	-6.2113	-7.2122	-5.9134
-2.2592	-1.5064	-2.5948	-0.44338	-1.5243	-1.2714	-0.47189	-2.3914	-0.03098	1.2962	-1.6104	1.7902	-2.6747	-0.66641	-3.1187	-1.7541	-3.1318	-1.952	-2.2452	-1.4565	-2.0417	-2.2693	0.621	2.5186	2.7593
-2.9341	-2.4453	-1.1874	0.32997	-1.7514	0.046238	-2.3667	-1.9642	0.69085	1.5589	-2.7056	2.2061	-3.7779	-2.6327	-3.9131	-0.49368	-4.7681	-3.2356	-3.84	-1.8771	-3.8901	-0.73781	-1.0764	1.3205	2.0463
-4.4844	-3.5163	0.54901	1.2303	-2.111	1.9363	-4.1753	-1.1186	1.3984	1.7733	-4.3052	2.1239	-4.7951	-4.5998	-5.1217	1.2883	-6.375	-4.6778	-5.4236	-2.1049	-5.4298	0.80884	-2.5519	0.082505	1.1021
-5.3908	-4.6004	2.1945	2.0998	-2.4713	3.2785	-5.4509	0.27516	2.2713	1.7888	-5.567	2.3267	-5.4221	-6.0971	-6.0791	2.653	-7.6705	-5.7727	-7.2295	-2.0777	-7.0675	2.4175	-3.8484	-1.1675	0.37632
-6.5998	-5.664	3.5181	3.0281	-2.5169	5.1643	-6.7525	0.94172	3.2605	2.2115	-6.8056	3.2209	-5.9119	-7.5627	-7.0714	4.3049	-9.4439	-6.989	-9.1813	-2.38	-8.9838	4.1768	-5.3194	-2.3501	-0.58259
-7.9167	-7.2692	5.1147	3.9857	-2.3077	6.4342	-8.3116	1.8001	4.3466	2.632	-8.1809	3.6547	-6.6722	-8.8089	-8.1029	5.851	-10.594	-7.9661	-11.02	-2.9116	-10.603	5.5424	-6.8832	-3.3425	-1.8246
-1.751	-0.10882	-0.77865	0.14934	-1.4766	-2.7107	-0.39987	-2.0482	-2.976	2.8554	-0.43585	2.8986	1.648	-3.0939	1.1306	1.2934	0.91141	0.32851	-1.7703	1.7105	-1.708	-0.81097	2.455	2.238	-0.61272
-2.8783	-1.4281	0.56476	0.45013	-1.3646	-1.0532	-2.2741	-0.96882	-1.8093	3.0893	-1.4704	3.2414	1.4379	-4.574	-0.27742	2.7119	-0.8814	-0.64564	-3.8674	1.8289	-4.1477	0.73496	1.0408	0.12032	-1.2992
-4.3101	-2.4294	2.436	0.61317	-1.7633	0.54004	-3.696	0.097726	-0.73497	2.8788	-2.7044	3.9852	0.78448	-5.9356	-1.5751	4.4963	-2.4789	-1.5104	-5.7167	1.3347	-5.9319	2.4382	-0.728	-1.8596	-1.823
-5.4307	-3.5683	3.9455	0.97709	-2.3092	2.2432	-5.0769	0.81081	0.026258	2.5106	-4.0739	4.1659	-0.21543	-7.4814	-3.0747	5.9197	-4.0297	-2.6049	-7.3497	0.62491	-7.669	4.2468	-2.2549	-3.3565	-2.5046
-6.9078	-4.4619	5.2501	1.778	-2.327	3.7929	-6.6813	1.9742	0.67187	2.3562	-5.535	4.1836	-1.1699	-8.8222	-4.3588	7.392	-5.7422	-3.6614	-9.3559	0.3561	-9.2237	5.7954	-3.7348	-4.6765	-3.1926
-7.9955	-5.8614	7.1945	2.6577	-1.96	5.5373	-8.2585	2.9548	1.4379	2.3869	-6.6717	4.7588	-2.2156	-10.345	-5.8885	9.1468	-7.0506	-4.6408	-11.289	0.48092	-10.884	7.3497	-5.017	-6.1455	-4.2493
-1.1428	0.68223	2.576	2.5691	0.57521	-1.0515	2.2172	-0.36174	2.5394	-2.9316	0.20364	1.3596	-2.014	-1.0266	-1.9612	-1.1183	-0.60378	0.305	-2.8339	0.33116	-1.4142	-1.6234	-1.613	-2.1719	2.8663
-2.1126	-0.53934	4.272	2.9721	0.40487	0.60424	0.34912	0.37688	3.4409	-2.8756	-1.465	1.7424	-3.0507	-2.858	-2.8751	0.36429	-2.5913	-0.87344	-4.5074	0.27783	-3.381	0.10666	-2.4504	-3.7939	2.4881
-3.5761	-1.5992	5.702	3.5364	-0.053726	2.2774	-1.2639	1.8136	4.318	-2.9454	-3.2343	2.2125	-3.8369	-4.6321	-3.7228	2.1961	-4.0594	-2.0638	-6.1311	0.24927	-5.2462	1.6873	-3.6844	-5.1932	1.8472
-4.6911	-2.7732	7.2342	4.3811	-0.13143	3.7055	-3.3268	2.4851	5.189	-2.6283	-4.5689	2.2559	-4.5421	-5.9017	-4.9364	3.3871	-5.9145	-3.4098	-7.7914	-0.11192	-6.7202	3.1426	-4.9748	-6.4143	0.7382
-5.9041	-4.148	9.0956	5.4888	0.11295	5.5395	-4.8542	3.2266	6.0443	-2.2079	-6.096	2.6496	-5.3974	-7.3531	-5.8985	5.2248	-7.4417	-4.6104	-9.5104	-0.50676	-8.3568	4.9355	-6.1431	-7.4341	-0.24471
-7.2047	-5.7494	10.763	6.2874	-0.16834	6.9903	-6.4962	4.3978	6.7918	-1.7855	-7.3684	3.4844	-6.2442	-8.4967	-7.0429	6.7653	-8.88	-6.0248	-11.127	-0.68082	-10.147	6.5557	-7.3224	-8.4084	-1.3115
2.736	2.0015	1.4335	-2.0359	-0.87687	-1.9544	-3.1325	-1.1529	1.2536	0.7866	0.27043	-0.38285	-1.335	0.010419	1.6425	1.6479	0.47763	1.5553	0.91396	-2.3662	0.027619	-0.9592	-2.5613	-2.2115	-1.8955
1.4003	0.48368	2.5767	-1.1616	-1.0693	-0.59444	-4.9689	-0.32455	2.0124	0.49192	-1.3109	-0.29106	-1.791	-1.5439	0.37005	3.4908	-1.0867	0.52243	-0.99073	-2.0877	-2.0161	0.53479	-3.4785	-3.5605	-2.8183
0.089508	-1.0412	4.4633	-0.58416	-1.3935	1.0945	-6.7827	0.45574	2.9968	0.17468	-2.5455	0.008883	-2.635	-3.0937	-1.218	4.9566	-3.1148	-0.40178	-2.6645	-2.0466	-3.5205	2.0247	-4.6194	-4.9508	-3.6185
-1.2479	-2.3423	5.9665	-0.086124	-1.677	2.7781	-8.0745	1.7531	4.232	0.43726	-3.8211	0.88947	-3.6276	-4.3798	-2.5757	6.35	-4.6973	-1.2989	-4.647	-2.4421	-5.1645	3.8345	-5.7991	-6.4826	-4.3988
-2.504	-3.4801	7.7802	0.42676	-2.0283	4.446	-9.7196	2.5631	5.6349	0.83459	-5.3206	1.1714	-4.832	-5.7928	-4.0193	8.0402	-6.5479	-2.3906	-6.4101	-2.6767	-6.6721	5.4291	-6.9378	-8.1116	-5.4382
-3.8621	-4.5662	9.0768	0.98854	-2.4579	5.9703	-11.179	3.3148	7.0252	1.1912	-6.479	1.2092	-5.8463	-7.0883	-5.165	9.4739	-8.1487	-3.3437	-8.3605	-2.7225	-8.3604	7.0256	-8.2211	-9.7948	-6.2143
1.0819	-0.43011	1.2209	-1.5274	-3.0787	0.20274	-1.3854	2.8023	2.5525	-0.67394	-2.9839	1.0766	2.1174	2.961	-2.7825	-0.31197	0.51791	1.1721	1.378	0.94226	1.425	-0.79224	0.51234	-2.4108	-2.7779
-0.025727	-1.7614	2.7021	-1.3287	-3.388	1.8533	-2.6067	3.4719	3.2549	-0.39147	-4.4491	1.46	1.1478	1.2391	-4.0558	1.4972	-0.99981	0.52331	-0.45588	1.1459	0.0053005	0.89982	-0.52345	-4.1111	-3.7939
-1.2428	-3.3153	4.4635	-0.99017	-3.7451	3.3319	-4.2475	4.3416	4.0702	-0.43762	-5.9358	1.9392	0.15866	-0.077513	-4.821	3.0138	-2.9241	-0.052142	-2.0691	1.1922	-1.225	2.5934	-1.831	-5.4565	-4.5923
-2.6398	-4.4141	6.1225	-0.28837	-4.229	4.8892	-5.3461	5.5175	5.0875	-0.32987	-7.4022	2.4211	-0.9201	-1.5799	-5.781	4.4451	-4.5892	-0.9564	-3.6946	1.1574	-3.0014	4.1218	-3.0421	-6.7269	-5.8017
-3.624	-5.6567	7.6484	0.54406	-4.7403	6.6618	-6.7367	6.5171	6.2784	0.23581	-8.4967	2.8755	-1.6318	-2.7229	-6.6596	6.1767	-6.7153	-1.7055	-5.692	0.83342	-4.8591	5.7318	-4.3688	-8.0482	-6.8458
-5.228	-6.3848	8.9749	1.3021	-4.8436	8.1533	-8.1332	7.1014	7.5711	0.57908	-9.8256	3.3535	-2.2237	-3.9074	-7.7894	7.5085	-8.6774	-2.6522	-6.9681	0.56387	-6.7658	7.473	-5.5971	-9.4441	-7.81
3.0129	-1.3513	0.59644	2.9024	-1.9733	-1.9277	-0.99448	2.7186	-0.68661	-1.4242	-2.1858	-0.64616	-0.78674	-2.3166	-0.40794	-2.5653	0.71986	-3.0711	0.46008	1.8195	-1.6619	-0.32644	0.43557	-2.7544	-0.023306
1.6301	-2.5914	2.2186	4.0498	-2.3083	-0.28328	-2.5788	4.0797	0.40058	-1.4547	-3.2017	-0.44049	-1.5666	-3.2705	-1.52	-0.77295	-0.93413	-3.8614	-1.3758	1.6405	-3.4048	0.89978	-1.2669	-3.9768	-0.78725
0.33904	-3.7711	3.9625	4.9121	-2.9418	1.4486	-4.3379	4.979	1.3962	-1.449	-4.2115	0.11382	-2.2068	-4.3384	-2.8526	0.30583	-2.9473	-4.9824	-3.0625	1.7053	-5.349	2.6758	-2.7783	-5.2848	-1.6027
-0.90567	-4.7477	5.4803	5.512	-3.4456	2.9647	-6.0417	5.7339	2.3592	-1.1302	-5.4431	0.93259	-2.9274	-5.2442	-4.0367	2.1442	-4.9227	-5.9848	-4.7612	1.7183	-7.0066	3.8618	-4.0618	-6.8112	-2.3189
-2.3193	-5.8428	7.1273	6.2761	-3.9638	4.6904	-7.5035	6.6284	3.1498	-0.38664	-6.6739	1.0649	-3.6276	-6.713	-5.495	3.7265	-6.7664	-7.4011	-6.4812	1.394	-9.0078	5.409	-5.3966	-8.5712	-2.9372
-3.3575	-6.9549	8.1248	7.396	-4.1766	6.0676	-9.0626	7.8631	3.8115	0.255	-7.9371	1.1947	-4.4809	-8.1918	-6.6708	4.9343	-8.6806	-8.7401	-7.6686	1.1895	-11.277	6.7586	-6.5279	-10.248	-3.6343
0.89374	-1.7505	2.1167	2.9584	2.1752	0.037677	-1.3887	1.5488	-1.6521	2.8721	0.75523	0.62965	-2.056	-2.5726	-1.537	2.2518	2.5815	1.2537	1.4141	-1.6963	0.47762	1.9507	-0.60386	3.0674	-2.5748
-0.072231	-3.1242	3.7316	3.556	2.2976	1.6502	-3.025	2.8557	-1.0734	3.1294	-0.48827	1.367	-2.7039	-3.9595	-3.0311	3.7845	0.90232	0.49555	-0.45693	-2.0657	-1.772	3.5673	-1.8377	1.6365	-3.4666
-1.748	-4.0955	5.1016	4.0001	2.5866	3.4183	-4.5475	3.6267	-0.50005	3.6757	-2.1155	1.6771	-3.4343	-4.926	-4.0485	5.0192	-1.0496	-0.18372	-2.723	-2.4231	-3.9253	4.7643	-3.2382	0.44122	-4.3868
-2.566	-4.8902	6.506	4.5641	2.566	4.9732	-5.9842	4.1312	0.28161	3.8638	-3.4568	2.016	-4.3772	-6.0531	-5.1176	6.6721	-2.4199	-1.1264	-4.1257	-2.8804	-5.5242	6.5901	-4.2509	-0.819	-5.6501
-4.1642	-5.7472	8.2751	5.3932	2.2821	6.6241	-7.1788	5.5065	1.3761	4.2055	-5.0177	2.4503	-5.2702	-6.8816	-5.8681	8.3384	-4.3219	-1.8768	-5.6054	-3.3647	-7.1055	8.0853	-5.3093	-2.273	-6.4927
-5.1058	-6.4605	9.8032	6.366	2.2478	8.2939	-8.9436	6.4657	2.535	4.8725	-6.5115	2.6185	-5.9924	-7.986	-6.599	9.6121	-5.7301	-2.9167	-7.3913	-3.8815	-9.2083	9.7783	-6.415	-3.9515	-7.4165
-1.1245	0.071648	-2.7594	1.4173	0.35517	0.18438	2.0723	2.253	1.8151	-1.144	-0.30014	1.584	-2.4501	-2.4508	-1.4451	0.15472	2.9682	1.3214	-1.1815	-1.3096	2.2002	2.5851	0.87465	-1.5363	-2.5832
-2.453	-1.0045	-0.85738	2.166	-0.079025	1.805	0.3773	3.346	2.8815	-1.2074	-1.796	2.1576	-3.5139	-3.6626	-2.6499	1.9486	1.5669	0.47291	-2.6934	-1.7224	0.64417	3.9769	-0.59039	-3.0151	-3.2521
-3.6792	-2.1096	0.31369	2.9441	-0.51272	3.6032	-1.3738	4.0778	3.8058	-1.6106	-3.6044	2.4172	-4.1593	-4.742	-3.7983	3.3584	0.049956	-0.17705	-3.8117	-2.1921	-1.1876	5.5951	-2.0689	-4.4479	-4.0754
-4.9492	-3.2302	2.1815	3.753	-0.78118	4.9811	-3.3559	4.7517	4.5085	-1.7931	-4.8552	2.7032	-4.498	-5.8636	-4.9079	4.9083	-1.4619	-1.0041	-5.0598	-2.2762	-3.4996	7.0627	-3.3407	-5.8551	-5.046
-6.2752	-4.5257	3.7408	4.6776	-0.95647	6.7917	-5.0264	6.1194	4.9917	-1.4398	-6.2737	3.2937	-5.1232	-6.7633	-5.5517	6.6324	-2.9974	-1.6078	-7.0394	-1.8777	-5.3386	8.2746	-4.8986	-7.1003	-6.074
-7.3467	-6.1057	5.6108	5.4034	-1.0225	8.0226	-6.6134	6.9639	5.5485	-1.1009	-7.4662	3.6898	-6.3408	-8.0733	-6.4744	7.9929	-4.3259	-2.321	-8.5164	-1.6253	-7.4912	9.8504	-6.5479	-8.1956	-7.27
2.1242	0.53203	2.8141	-2.7567	0.53155	-1.3495	2.0582	-1.9406	-0.36091	-0.66938	2.0509	1.1108	-1.8363	-1.1423	-2.2997	1.0768	0.44582	-2.0739	-2.2127	-0.15022	2.5629	0.32766	-2.9331	-2.8017	1.9158
0.80933	-0.40824	4.4774	-2.0952	0.53495	0.62584	0.45153	-1.1944	0.67206	-0.87377	1.1179	1.262	-2.4397	-2.8734	-3.1086	2.5528	-1.065	-3.2344	-3.6971	-0.48031	0.51836	1.9084	-4.2772	-4.7236	1.3577
-0.32149	-1.0535	6.3272	-1.0113	0.11668	1.8452	-0.9674	-0.22934	1.508	-0.59698	0.03725	1.6487	-3.2057	-4.4998	-3.7321	4.1338	-2.377	-4.5755	-5.8808	-0.32309	-1.3947	3.4206	-5.7411	-6.2566	0.60349
-1.6979	-1.8232	7.3281	0.12853	-0.23249	3.5235	-2.4041	0.94229	2.1696	-0.20478	-1.0573	2.1405	-4.0806	-6.0911	-4.6951	5.7731	-4.1641	-5.6234	-7.4554	-0.2933	-3.6052	5.2635	-6.8707	-7.5309	-0.03826
-2.8044	-2.6559	8.9525	0.90891	-0.4701	5.2533	-3.864	1.8081	2.7318	0.15151	-1.9169	2.6195	-4.8919	-7.5159	-5.565	7.4066	-5.7312	-6.868	-8.7445	-0.46553	-5.6679	6.8191	-7.8073	-8.6739	-0.87729
-4.3017	-3.4995	10.492	1.7317	-0.76062	6.8754	-4.9448	2.4785	3.464	0.71705	-3.3079	3.2275	-5.6772	-9.068	-6.7404	8.7151	-7.8161	-7.9041	-10.465	-0.76791	-7.5858	8.3782	-8.8783	-9.8866	-2.1315
-0.30537	-0.73698	1.819	-0.85228	0.20316	1.3292	2.3329	-1.0758	0.94274	2.982	-2.6629	0.54648	-0.54079	-1.1986	-1.4831	1.6251	3.11	-1.9683	1.7656	-1.9104	3.092	1.8982	-0.47586	1.4373	-0.01034
-1.6282	-1.9454	3.6366	0.30166	0.20133	2.8494	0.51178	-0.18149	1.9745	3.5544	-3.6134	1.1736	-1.2053	-2.36	-2.6647	2.9886	1.3427	-2.8439	-0.28214	-1.6455	1.1809	3.4115	-1.7231	-0.40486	-0.69008
-2.8068	-3.0954	4.9736	1.0695	-0.15215	4.7574	-1.3233	0.53737	2.9611	4.2139	-4.6143	1.5785	-2.0686	-3.1497	-3.4995	4.8722	-0.31609	-3.3646	-2.2582	-1.489	-1.0354	5.0526	-3.0085	-2.0727	-1.7728
-3.6685	-4.4358	6.5203	1.888	-0.46839	5.9439	-3.2468	1.7411	3.8537	4.3431	-5.618	2.1413	-2.9023	-4.1392	-4.3549	6.1282	-2.1658	-3.96	-3.8938	-1.7509	-3.2022	6.5468	-4.5965	-3.7324	-2.7516
-5.3035	-5.9725	8.0366	2.7928	-0.39222	7.788	-5.1187	2.7515	4.4598	4.1169	-6.423	2.3298	-3.5886	-5.274	-5.2758	7.8369	-4.0757	-4.8922	-5.5256	-2.0777	-4.8555	8.0545	-5.9633	-5.4462	-3.8767
-5.9094	-7.1302	9.721	3.5839	-0.54275	9.1956	-6.4248	3.2895	4.8366	4.1496	-7.5335	2.2496	-4.2657	-6.3237	-6.1667	9.2341	-6.0583	-5.6818	-7.6608	-2.071	-6.4466	9.2924	-7.1712	-6.9378	-4.8823
1.9405	-0.90112	-2.68	0.57143	2.576	-1.9231	-0.42473	1.5647	-2.8939	2.8029	1.6559	0.36939	-1.9855	-0.012881	0.11207	3.1038	2.2285	2.9039	1.1237	-0.60601	2.7317	-0.12884	-1.6843	-0.6513	1.2879
0.55059	-2.115	-1.0522	1.4465	2.5154	-0.044819	-1.8715	2.4432	-1.8093	2.6117	0.27362	0.47728	-3.0451	-1.1974	-1.2881	4.4628	0.47633	2.0031	-0.64526	-0.70197	0.58742	1.3616	-3.1096	-1.9297	0.12883
-0.68616	-3.2755	0.34982	2.0221	2.5607	1.2571	-3.1557	3.6244	-0.52024	2.9685	-1.1708	0.61266	-3.8033	-2.7408	-2.3864	5.9777	-1.4196	1.0069	-2.7147	-1.3331	-1.4681	3.2174	-4.1571	-3.242	-1.0129
-1.971	-4.3393	2.3599	2.5286	2.5635	3.0493	-4.9044	4.418	0.84741	3.3362	-2.8788	1.4503	-4.5505	-4.0635	-3.7761	7.6682	-3.2146	0.29353	-4.2403	-1.973	-3.6345	4.4229	-4.8423	-4.4199	-1.912
-3.2685	-4.9522	3.6717	2.9547	2.4988	4.6382	-5.9609	5.2653	2.1771	3.6205	-4.4768	1.9512	-5.0952	-5.5134	-4.8737	9.2686	-4.9413	-0.637	-5.8839	-2.4235	-5.4853	6.0693	-5.5901	-5.4978	-3.0943
-4.4131	-5.9868	5.3545	3.2379	2.4293	6.1227	-7.2272	6.5448	3.1923	4.0334	-5.7641	1.7524	-5.7137	-6.7906	-6.1243	10.515	-6.57	-1.4454	-7.846	-2.6121	-7.1474	7.6824	-6.4512	-6.6367	-3.932
0.36775	1.6116	3.1116	2.9041	0.22022	2.9131	-2.4139	-2.8169	-1.2287	0.5036	0.19446	2.5196	0.25466	-0.42716	0.26795	1.334	-3.0353	1.8898	-2.245	-0.13518	-1.5271	-0.8221	1.0159	-2.0749	-1.3892
-0.99288	0.12547	4.8224	3.8944	-0.1139	4.7729	-4.2363	-1.5657	-0.6859	0.66698	-1.2132	3.2063	-0.69689	-1.8836	-0.70673	2.8231	-4.3954	0.97535	-3.9704	-0.65219	-3.1068	0.768	-0.50562	-3.2171	-2.1811
-2.1841	-1.1547	6.5048	4.8463	-0.34576	6.2559	-5.7611	-0.76789	0.058294	0.46851	-2.5332	3.528	-1.3883	-3.3652	-1.4456	4.6325	-6.2415	-0.18326	-6.2162	-0.67453	-4.697	2.4198	-1.6837	-4.4578	-2.93
-3.5013	-2.1256	7.9477	5.6859	-0.48449	7.8812	-7.8439	0.02428	0.97098	0.064222	-3.5747	3.8547	-1.8412	-4.4762	-2.2268	6.1071	-7.5887	-1.0515	-7.9012	-0.68464	-6.8786	4.1029	-2.6384	-5.8968	-4.1596
-4.8101	-3.4582	9.6002	6.5105	-0.71536	9.4725	-9.6469	0.94346	2.0066	0.088375	-5.0688	4.1801	-2.5116	-5.8398	-3.2931	7.5831	-9.4769	-2.0963	-9.4458	-0.7734	-8.8444	5.9341	-3.9021	-7.329	-5.0914
-6.009	-4.607	11.123	7.1284	-0.77459	11.124	-11.246	2.2021	3.0967	0.56508	-6.3241	4.4916	-3.406	-6.9862	-4.2828	9.1606	-11.044	-3.039	-11.544	-0.8221	-10.387	7.4801	-5.3172	-8.7051	-6.0124
-1.8952	-1.915	-1.0874	2.3885	-0.18148	-0.60307	-2.0144	2.9448	-0.58118	2.1634	0.72424	-0.77488	2.3687	1.7889	-0.22009	1.9718	2.5022	-0.44438	-1.0404	0.60694	2.5245	1.269	-0.76958	1.4755	2.8518
-3.3196	-2.5602	0.47703	2.8707	-0.22654	1.0736	-3.4648	3.6747	0.44206	2.6265	0.025703	0.094837	1.3193	0.72972	-1.2749	3.2638	0.2952	-1.1231	-2.8213	0.076985	0.34058	2.7702	-1.6651	-0.2099	1.6115
-4.4812	-3.8011	2.3493	3.2063	-0.10991	2.6024	-4.9299	4.8823	1.5893	3.0612	-1.0694	0.36044	0.4486	-0.37671	-2.3548	5.0374	-1.2262	-1.9216	-4.3521	-0.18516	-1.0897	4.4535	-2.4205	-1.5681	0.57993
-5.7906	-4.8789	3.9323	3.8176	-0.32213	4.0877	-6.3613	5.8535	2.7248	3.4811	-2.0678	0.4595	-0.34843	-1.3187	-3.5753	6.6904	-3.0783	-2.8458	-6.1783	-0.26632	-2.2994	6.2725	-3.2414	-2.9031	-0.3478
-7.0438	-6.4128	5.4363	4.727	-0.72942	5.9904	-7.3437	6.7348	3.9191	4.2904	-2.9567	0.91692	-1.4632	-2.2176	-4.8039	7.9637	-4.3639	-3.6274	-7.9767	-0.59416	-3.9282	7.5181	-4.4268	-4.3518	-1.4868
-8.1637	-7.5291	6.6992	5.4119	-0.9999	7.1232	-8.7419	7.652	5.1619	4.8001	-3.821	1.2534	-2.2076	-3.4258	-6.3023	9.7854	-6.0891	-4.7405	-9.5611	-0.9429	-5.9574	9.3361	-5.7454	-6.0628	-2.2039
0.26887	0.25186	-1.1862	-2.6926	-1.9972	-2.556	-0.22929	-3.0814	2.6064	0.89642	-3.1311	-2.9492	-1.8308	-0.28281	-2.3408	-3.0857	1.4261	-0.91615	1.7612	-0.3978	-0.39844	-2.8309	-2.8283	-2.5679	0.59055
-1.3185	-1.2067	0.65982	-1.9966	-1.8674	-0.60149	-1.9008	-1.9502	3.9078	1.0504	-3.8361	-2.4064	-2.6959	-1.6923	-3.2306	-1.3597	-0.016072	-2.0629	-0.028859	-0.92219	-2.4635	-1.1164	-3.6939	-4.0651	-0.31754
-2.1104	-2.4161	2.2493	-1.36	-2.1492	0.57895	-2.9882	-1.3014	4.9332	0.69744	-4.6808	-1.7347	-3.3813	-2.7635	-4.1509	-0.047434	-1.5525	-3.0706	-1.7554	-1.4302	-3.8931	-0.0075555	-4.5893	-5.6109	-1.093
-3.6637	-3.7011	3.7053	-0.94391	-2.5099	2.3957	-4.2766	-0.27182	5.6928	0.31621	-5.7189	-1.4572	-4.329	-4.0988	-4.6225	1.5461	-3.124	-4.1766	-3.3118	-1.7434	-5.514	1.7808	-5.7444	-7.3073	-1.9096
-4.5858	-4.6107	5.4802	-0.61126	-2.4654	3.9857	-5.535	0.79617	6.2067	0.34936	-6.6518	-1.4362	-5.6678	-5.3094	-5.3971	3.2605	-4.7596	-4.9432	-5.4187	-1.8987	-7.482	3.276	-6.8672	-8.97	-2.5433
-6.0016	-6.0556	7.0809	-0.19593	-2.1119	5.6341	-7.0519	1.6649	6.7749	0.3606	-7.6043	-0.91124	-6.6774	-6.9509	-6.4395	4.8941	-6.6141	-5.9201	-7.3307	-1.8871	-8.9483	4.9999	-7.973	-10.356	-3.3768
-1.626	2.1438	2.2433	2.9115	-0.069709	-1.7565	-1.7194	0.23103	1.646	-0.95728	-0.24346	0.87495	2.6209	-2.1253	1.3542	0.4882	-0.41888	2.413	-0.67163	-2.016	0.83733	0.77872	-1.0805	1.9026	3.1367
-3.0101	0.63399	4.0647	3.3144	-0.66223	-0.5369	-3.5169	1.3587	2.69	-0.9522	-1.7452	1.0369	1.5379	-3.8173	0.37708	2.1394	-2.0867	1.3501	-2.3212	-1.9849	-0.94497	2.3955	-1.7856	0.18474	2.2746
-4.2069	-0.85211	5.6239	3.9239	-1.1376	1.3739	-5.1156	2.2161	3.7748	-1.2201	-3.3952	1.4032	0.73261	-5.0532	-0.86061	3.5586	-3.4965	0.27306	-3.773	-2.4474	-2.9871	3.8263	-2.7963	-1.4494	1.5184
-5.5013	-1.9936	7.1649	4.7381	-1.1455	2.8085	-6.5799	3.007	4.9036	-1.4688	-4.8597	1.9302	-0.07808	-6.3987	-1.7822	5.3035	-5.0351	-0.60682	-5.0796	-2.7953	-5.1611	5.6305	-3.8562	-3.0089	0.57523
-6.778	-3.0065	8.6956	5.6141	-1.2031	4.6304	-8.0207	4.2135	6.0921	-1.3805	-6.6455	2.2802	-0.89774	-7.4186	-2.8542	6.8086	-6.5795	-1.6189	-6.8561	-2.6745	-7.2021	6.8403	-5.0365	-4.7492	-0.13536
-7.8775	-3.6756	10.632	6.2842	-1.6967	6.0821	-9.7335	5.1378	7.199	-1.2217	-7.9028	2.7798	-1.7174	-8.5651	-3.6313	7.9174	-8.0754	-2.1979	-8.5818	-2.3299	-9.2183	8.3389	-6.6679	-6.7723	-0.90308
3.0205	-2.3422	-1.6815	-2.9916	0.67468	-2.4441	-0.58115	2.412	0.30227	-0.82266	-1.8316	-0.37088	2.8649	-2.3611	-0.18361	2.2413	-2.8675	1.2034	3.008	-1.3611	-2.2999	1.1636	2.5714	0.69626	2.5119
1.9238	-3.2529	-0.39632	-2.3414	0.031831	-0.97776	-2.435	3.3458	1.0232	-1.0436	-3.4493	-0.0902	1.9861	-4.2625	-1.7294	3.5314	-4.5793	0.22226	1.3702	-1.6019	-4.1631	2.8342	1.3935	-0.87863	1.5896
0.5516	-4.7406	1.3274	-1.2768	-0.032234	0.82105	-4.2884	4.0982	1.7335	-1.1065	-4.8231	0.3615	0.89297	-5.7766	-3.2252	5.2011	-6.1808	-0.68653	-0.69627	-1.6192	-6.2221	4.4207	0.25382	-2.4911	0.73796
-0.55684	-5.9591	2.674	-0.082035	0.033942	2.1133	-6.2272	5.3454	2.3887	-1.0506	-6.4615	0.71844	-0.052439	-7.2379	-4.8797	6.9225	-7.5862	-1.474	-2.2448	-1.6788	-7.8438	6.3493	-0.75951	-4.5498	0.25445
-1.7834	-7.2542	4.6806	0.68535	-0.51878	4.0094	-7.5174	6.325	3.1189	-0.78775	-7.5999	1.1312	-0.99103	-8.4022	-6.4156	8.0766	-9.2728	-2.2758	-3.3886	-1.7958	-9.365	7.6247	-1.4742	-6.6064	-0.58741
-3.0773	-8.2694	6.1173	1.2449	-1.1418	5.4556	-9.2637	7.0379	3.9347	-0.2454	-8.9952	1.7149	-1.9127	-9.7946	-7.8834	9.9005	-10.493	-2.7577	-5.1146	-1.918	-11.017	9.4567	-2.2831	-8.2468	-1.6115
-1.9252	1.5978	-0.96548	-0.51103	-2.1621	2.0033	0.78452	1.4982	1.9161	-2.7178	2.831	-0.015216	1.6023	1.5223	2.0795	-2.1572	-0.2681	0.74167	2.7141	2.1044	2.4833	0.51822	0.51965	2.2289	-2.921
-3.2338	0.67081	0.92694	0.25512	-2.3436	3.6575	-0.83797	2.3089	2.2894	-2.9618	1.1735	0.51312	0.98949	0.49944	0.5994	-0.67825	-1.7721	0.1648	1.0219	2.0142	0.44121	1.9735	-0.40953	0.94868	-4.1309
-4.5254	-0.56536	2.284	1.261	-2.5526	5.0756	-2.0665	2.882	2.7521	-3.2137	-0.12952	0.69925	0.32307	-0.54802	-0.37831	1.0308	-3.7263	-0.6902	-0.59053	1.9901	-0.94741	3.6571	-1.565	-0.49904	-5.1548
-5.7985	-1.8567	4.1778	2.1723	-2.7832	6.9972	-3.8879	4.1204	3.5549	-3.1179	-1.2443	0.84522	-0.57746	-1.8298	-1.4899	2.4416	-5.3074	-1.4068	-2.7986	2.4327	-2.5912	5.0887	-2.6285	-1.9205	-6.1189
-7.1781	-3.0253	5.2795	3.1104	-2.9204	8.4951	-5.5451	5.0984	4.6057	-2.9889	-2.6717	1.2633	-1.6928	-2.9422	-2.3534	4.2581	-7.5337	-2.3586	-4.2802	2.731	-4.4669	6.3636	-3.3721	-3.1933	-7.4281
-8.3739	-3.9737	6.8794	3.9459	-3.0687	10.372	-7.2775	5.8531	5.7272	-2.7949	-3.6996	2.1618	-2.558	-4.3599	-3.3317	5.4591	-9.3283	-3.3343	-5.6484	2.5796	-5.9523	8.0417	-4.1656	-4.2867	-8.3302
2.4204	-0.57945	-2.9115	1.5458	-2.1677	-2.2363	0.66542	-1.5419	-1.1043	-0.61675	-0.58798	-0.71472	0.68956	-2.0919	-1.9588	-2.5457	-1.1104	1.6931	-1.6697	1.5095	1.2109	2.0352	2.0597	-1.2976	-1.1972
1.4572	-1.9323	-1.0309	2.3036	-2.0224	-0.55459	-1.127	-0.55788	-0.37251	-0.27167	-1.9378	-0.91784	-0.42	-3.3533	-2.644	-0.90543	-2.5775	0.43521	-3.4564	1.2175	-0.76702	3.9754	0.9172	-2.7609	-2.1065
-0.1881	-2.8922	0.44534	3.3441	-2.0254	1.0583	-2.3267	0.018986	0.29856	0.27794	-3.2819	-0.59967	-1.1069	-4.6568	-3.5188	0.31347	-4.1716	-0.70916	-5.7792	0.72723	-2.3789	5.4764	-0.5851	-3.9004	-2.9952
-0.9942	-4.09	2.1072	4.0855	-2.4481	2.663	-3.9272	1.1845	1.1893	0.41619	-4.6167	0.36296	-1.6128	-6.3767	-4.7578	1.94	-5.7046	-1.8266	-7.3462	0.28462	-4.3282	7.1374	-2.0026	-5.0882	-4.2745
-2.677	-4.9226	3.3776	4.5646	-2.9139	4.2206	-5.4736	2.0141	2.2728	0.53596	-6.096	0.55182	-2.2019	-7.9875	-5.8209	3.6079	-6.9412	-2.9178	-9.0067	0.19321	-6.6339	8.8889	-3.5198	-6.362	-5.1602
-3.4923	-6.2877	5.1526	5.071	-2.7715	6.0282	-6.9835	3.0116	3.5836	0.87413	-7.9111	0.40678	-2.9613	-9.6813	-7.2344	5.0735	-8.6041	-3.7587	-11.142	0.3872	-8.5354	10.601	-4.6435	-7.7887	-6.0448
0.14463	-1.0971	2.084	1.9487	0.35795	-1.4886	1.134	-1.6727	-0.27365	-0.72492	0.24242	3.0879	1.6028	3.0173	-1.6656	0.17935	-2.817	1.6132	0.64043	2.243	3.0664	2.6972	-0.56825	-3.1379	0.25672
-1.1269	-1.8451	3.8742	2.2099	0.37028	0.34742	-0.63956	-0.59432	1.057	-0.33616	-0.43464	3.1849	0.7734	1.245	-3.0407	1.6737	-4.7361	0.51942	-1.2139	1.4824	1.1037	4.0027	-1.5574	-5.0306	-0.15663
-2.3897	-2.5866	5.6037	2.6449	-0.080888	1.7651	-2.6148	0.4862	2.2604	0.093711	-1.3288	3.217	0.074353	-0.57525	-4.154	2.769	-6.6603	-0.37163	-2.6994	0.91312	-0.57633	5.791	-2.4358	-6.8651	-0.72272
-3.7122	-3.5755	7.1708	3.4867	-0.20437	3.489	-3.9001	1.1732	3.2098	0.74546	-2.4635	3.9156	-0.85683	-1.8135	-5.446	4.7424	-8.4798	-1.4867	-4.7899	0.80975	-2.3012	7.1347	-3.6421	-8.3318	-1.5131
-5.0182	-4.6638	8.8101	4.342	0.057617	4.991	-5.3008	2.2165	3.9399	1.0848	-3.2791	4.0699	-1.9861	-3.1413	-6.2733	6.1144	-10.16	-2.5558	-6.2441	0.63354	-3.9058	8.6064	-5.0382	-9.7554	-2.617
-6.2342	-5.8321	10.073	4.9753	0.14991	6.839	-6.7571	3.242	4.5815	1.1557	-4.3151	4.1653	-2.8846	-4.2311	-7.1932	7.7936	-11.437	-3.6314	-7.5093	0.22454	-5.6386	9.9431	-6.2042	-11.333	-3.552
-1.8355	-1.7629	-1.0939	-2.5374	1.5545	1.5606	0.27192	-1.0165	2.0871	0.33015	2.8734	2.467	-0.90116	0.2914	-0.96284	0.7712	1.8628	1.5441	-2.3516	2.0246	-2.9821	-0.53739	1.4532	1.767	-0.83344
-3.2196	-3.3031	0.60917	-2.2212	1.3405	3.3342	-1.5423	-0.27756	3.013	0.60127	1.7228	2.4651	-1.8245	-1.357	-2.0255	2.166	0.31086	0.40731	-4.4959	1.8051	-4.8901	1.1227	0.31806	0.063222	-1.3338
-4.4198	-4.7491	2.0969	-1.8614	1.3747	4.7789	-3.6578	0.48355	3.6515	0.78271	0.683	3.2255	-2.7796	-2.8474	-3.2931	3.9057	-1.2465	-1.0712	-6.3608	1.2795	-6.6372	2.8982	-0.54194	-1.6341	-2.1412
-5.5954	-5.9663	3.3121	-1.5009	1.2714	6.6057	-5.2463	1.7181	4.3356	0.81103	-0.79082	3.7878	-3.3515	-3.9156	-4.3131	5.1477	-3.0371	-2.3602	-7.6535	0.91052	-8.9521	4.2414	-1.3473	-3.4396	-3.0925
-7.0026	-7.045	5.1689	-0.95481	0.84458	8.1325	-7.0656	2.7256	5.1405	1.0728	-2.1335	3.5635	-4.0523	-4.9449	-5.3007	6.8792	-4.4245	-3.7885	-9.4939	0.85715	-10.967	6.1158	-2.6063	-5.0449	-3.8921
-8.0831	-8.1784	6.8094	-0.10183	0.55104	9.7728	-8.698	3.2324	6.1604	1.3652	-3.665	3.6295	-5.064	-5.9215	-6.5139	8.4004	-6.3475	-4.9378	-11.342	0.83973	-12.604	7.7397	-3.9789	-6.4117	-5.1455
