0.233068 0.112140 0.314052 0.079943 0.193926 0.157193 0.086260 0.231696 0.090704 0.179252 0.133984 0.183193 0.194995 0.112466 0.289006 0.241622 0.215783 0.126002 0.352590 0.281185 0.496355 0.718318 0.625613 0.579101 0.395507 0.457214 0.312432 0.173947 0.121138 0.185635 0.053399 0.037724 0.129141 0.042434 0.284217 0.094259 0.016573 0.072915 0.468322 0.097100
0.169434 0.164438 0.341505 0.337122 0.256920 0.317965 0.206362 0.259234 0.226418 0.275090 0.228452 0.155837 0.151426 0.177323 0.139203 0.251849 0.230657 0.121387 0.262267 0.175887 0.137467 0.179944 0.255659 0.253329 0.119744 0.232727 0.116564 0.094796 0.214732 0.220165 0.265498 0.161663 0.264542 0.259889 0.391849 0.254615 0.337320 0.326098 0.324149 0.369625
0.332009 0.318210 0.167479 0.385861 0.263392 0.272106 0.113813 0.194258 0.178136 0.089767 0.032235 0.161371 0.033111 0.120861 0.144594 0.191668 0.095112 0.181232 0.145005 0.137859 0.166002 0.051401 0.152204 0.063720 0.029166 0.138065 0.134943 0.110676 0.117296 0.230255 0.093701 0.195942 0.312440 0.032321 0.076007 0.090232 0.168136 0.080632 0.094751 0.152934
0.173704 0.564420 0.576505 0.598470 0.653607 0.842559 0.144691 0.348862 0.258325 0.203155 0.184286 0.254642 0.197876 0.203331 0.287521 0.203381 0.211572 0.127735 0.268561 0.169543 0.274929 0.390768 0.291222 0.325079 0.318857 0.262744 0.278681 0.303858 0.185267 0.406565 0.331197 0.197024 0.218745 0.211075 0.291281 0.244976 0.497576 0.280349 0.342791 0.444170
0.160050 0.460007 0.476089 0.739752 0.549911 0.855335 0.177787 0.371454 0.257594 0.198702 0.156181 0.179763 0.147877 0.189829 0.166333 0.207570 0.235348 0.137070 0.184147 0.123707 0.273864 0.197855 0.212654 0.227904 0.198185 0.257078 0.226878 0.241660 0.209744 0.451966 0.232427 0.166344 0.184318 0.185180 0.255552 0.221930 0.553417 0.237731 0.261748 0.453691
0.262649 0.518048 0.503515 0.742859 0.687183 0.883513 0.242099 0.516176 0.303464 0.302384 0.167250 0.253215 0.212945 0.207932 0.332557 0.261506 0.255036 0.196366 0.261573 0.240386 0.375245 0.408217 0.406355 0.381240 0.345460 0.402018 0.307206 0.304500 0.216496 0.567433 0.243693 0.205221 0.221028 0.177207 0.283178 0.275259 0.478800 0.306768 0.371780 0.577159
0.176432 0.043271 0.150366 0.076500 0.058483 0.190985 0.222232 0.427031 0.440336 0.344112 0.161861 0.300423 0.232955 0.289420 0.415677 0.387095 0.281629 0.269842 0.281367 0.142933 0.257707 0.241530 0.461017 0.313635 0.151612 0.339929 0.289751 0.090403 0.090496 0.159683 0.187092 0.121278 0.259560 0.016881 0.312589 0.029843 0.024254 0.056903 0.285352 0.118990
0.277232 0.263086 0.252245 0.404990 0.348402 0.580806 0.450819 0.424277 0.498961 0.521869 0.168435 0.210004 0.142933 0.252272 0.274715 0.318162 0.337927 0.308202 0.259968 0.233266 0.317875 0.178541 0.352040 0.246556 0.141184 0.332209 0.214896 0.122345 0.218947 0.400641 0.252520 0.150499 0.264649 0.137010 0.198420 0.098534 0.291537 0.269811 0.358220 0.312481
0.162254 0.063036 0.239664 0.109317 0.142894 0.194945 0.326896 0.401452 0.344822 0.518910 0.315562 0.248956 0.266505 0.338947 0.401083 0.388488 0.319232 0.356632 0.293939 0.168375 0.292479 0.245454 0.348121 0.312838 0.210656 0.270233 0.285433 0.109094 0.181727 0.236683 0.269111 0.120977 0.342116 0.208135 0.351635 0.192069 0.158357 0.234720 0.299632 0.211913
0.177220 0.037042 0.118708 0.052521 0.046902 0.103039 0.195857 0.354427 0.391030 0.216975 0.088554 0.241022 0.158736 0.180604 0.310921 0.335588 0.143297 0.150934 0.201916 0.124603 0.123900 0.179741 0.345312 0.218951 0.062339 0.204211 0.177702 0.048861 0.100709 0.112405 0.125704 0.062919 0.153887 0.027445 0.234819 -0.051255 0.042211 0.090219 0.313003 0.049901
0.137734 0.093934 0.196194 0.142095 0.171396 0.185495 0.100766 0.196412 0.379709 0.202199 0.222388 0.401149 0.193140 0.281047 0.324122 0.265339 0.323508 0.244266 0.353316 0.186545 0.334872 0.358756 0.336314 0.341643 0.328685 0.362938 0.277118 0.313378 0.193057 0.210006 0.362442 0.170374 0.210519 0.240053 0.476260 0.279934 0.318487 0.209189 0.261852 0.173527
0.140441 0.037721 0.234073 0.087296 0.193812 0.085086 0.130274 0.147537 0.129834 0.120865 0.264594 0.128244 0.290471 0.118463 0.260488 0.194540 0.283763 0.090399 0.348690 0.214782 0.334123 0.356338 0.383981 0.552847 0.280527 0.328373 0.308901 0.202884 0.151950 0.070821 0.195832 0.049299 0.363089 0.113900 0.282883 0.068939 0.105197 0.127335 0.266955 0.124684
0.238421 0.080963 0.116912 0.095970 0.090615 0.129466 0.204383 0.246116 0.396000 0.267955 0.130964 0.438184 0.075623 0.304527 0.372905 0.256826 0.251191 0.370511 0.219434 0.173809 0.283029 0.168764 0.267463 0.203126 0.133336 0.278001 0.178454 0.112260 0.113675 0.136221 0.165953 0.217208 0.265918 0.069072 0.230050 0.034105 0.062169 0.101110 0.137962 0.077929
0.085762 0.085860 0.215616 0.188472 0.110676 0.181390 0.133244 0.268814 0.272832 0.176804 0.155524 0.253147 0.336053 0.129296 0.241933 0.476998 0.289075 0.111034 0.305878 0.145921 0.262545 0.291568 0.468397 0.426228 0.256924 0.394452 0.426701 0.284424 0.142481 0.225356 0.260227 0.127801 0.221572 0.115430 0.454728 0.091955 0.316434 0.120398 0.271924 0.191298
0.091804 0.116309 0.266570 0.091532 0.153951 0.251586 0.191714 0.347622 0.311268 0.461718 0.159921 0.331580 0.333287 0.299449 0.442010 0.474620 0.354217 0.350768 0.306706 0.137926 0.369174 0.441501 0.551245 0.343613 0.360307 0.417975 0.393609 0.185859 0.110839 0.340402 0.202378 0.073907 0.139320 0.134477 0.250981 0.062150 0.150524 0.128393 0.264361 0.117631
0.137777 0.038012 0.165186 0.008353 0.125977 0.147412 0.259094 0.327248 0.310200 0.448286 0.238775 0.269086 0.232267 0.380684 0.538477 0.349427 0.382736 0.421609 0.221371 0.113950 0.270763 0.230810 0.266395 0.301592 0.251312 0.205337 0.311465 0.049546 0.126418 0.159891 0.146404 0.095596 0.214005 0.131411 0.205047 0.094414 0.043164 0.146428 0.230142 0.093114
0.200504 0.123584 0.226192 0.192815 0.112928 0.281348 0.256643 0.305350 0.369921 0.372514 0.200566 0.331570 0.225046 0.389948 0.469207 0.539240 0.392965 0.473138 0.442620 0.158907 0.388604 0.281243 0.453156 0.375108 0.321464 0.394962 0.489421 0.150417 0.170474 0.300310 0.274465 0.209869 0.284035 0.155206 0.245228 0.140200 0.126245 0.164194 0.222654 0.176098
0.294933 0.120340 0.323297 0.168427 0.170233 0.251480 0.192787 0.260042 0.370765 0.265736 0.252957 0.362734 0.240092 0.245839 0.315936 0.482919 0.455578 0.288061 0.529791 0.337224 0.527746 0.484244 0.589634 0.506119 0.346521 0.412166 0.385658 0.250535 0.174736 0.155328 0.363403 0.230794 0.306264 0.211969 0.474771 0.248168 0.312648 0.246487 0.481799 0.212140
0.278688 0.119488 0.206121 0.198714 0.212205 0.152746 0.173686 0.176103 0.269429 0.314331 0.095983 0.371840 0.172666 0.262584 0.242471 0.308508 0.543589 0.455438 0.485928 0.348998 0.700795 0.571480 0.629212 0.556696 0.459340 0.750506 0.428644 0.273466 0.212205 0.298439 0.144105 0.176880 0.245186 0.108061 0.277999 0.075012 0.183487 0.170085 0.206380 0.161313
0.306198 0.194199 0.339780 0.216121 0.277726 0.316955 0.114386 0.183276 0.214790 0.194125 0.284721 0.363203 0.205679 0.271796 0.336654 0.290838 0.358200 0.205279 0.496895 0.447796 0.733565 0.806818 0.765520 0.687426 0.595292 0.567493 0.370485 0.324556 0.173180 0.233109 0.332664 0.165958 0.214204 0.316387 0.431676 0.366055 0.319728 0.218498 0.451711 0.251039
0.332953 0.238917 0.301293 0.178321 0.291080 0.249291 0.115386 0.174456 0.209661 0.185944 0.205141 0.334058 0.195070 0.195820 0.273926 0.269906 0.336694 0.181935 0.547869 0.511656 0.666794 0.795746 0.794434 0.683176 0.526583 0.576005 0.362671 0.279965 0.181550 0.205116 0.321447 0.226853 0.256369 0.241239 0.406777 0.315067 0.256879 0.226881 0.418759 0.228499
0.432573 0.198496 0.339109 0.257842 0.284038 0.333425 0.216959 0.296984 0.287721 0.308563 0.270749 0.357184 0.217848 0.292447 0.388699 0.387292 0.392692 0.294701 0.526703 0.499643 0.739762 0.726283 0.829239 0.705944 0.490363 0.577261 0.385161 0.266763 0.195929 0.264149 0.288591 0.231536 0.298015 0.242511 0.428026 0.330516 0.254115 0.246256 0.506214 0.265683
0.190741 0.199138 0.341185 0.193270 0.266323 0.372152 0.182627 0.298810 0.247540 0.318520 0.229147 0.365644 0.324855 0.368262 0.611801 0.435451 0.507372 0.359441 0.587645 0.313528 0.711098 0.812447 0.820423 0.838113 0.732141 0.680947 0.698205 0.404252 0.180044 0.352284 0.315981 0.147822 0.218045 0.192854 0.397926 0.193406 0.235213 0.146636 0.379832 0.234053
0.229955 0.180640 0.291415 0.156978 0.214688 0.290057 0.112264 0.276333 0.274349 0.240567 0.145623 0.484963 0.247783 0.246326 0.410298 0.392678 0.373812 0.264523 0.474801 0.370916 0.635277 0.802385 0.908292 0.667366 0.578442 0.693698 0.439023 0.239921 0.100947 0.258245 0.206379 0.151592 0.131396 0.138109 0.405799 0.144792 0.209774 0.162355 0.434693 0.198839
0.282541 0.161305 0.288187 0.207111 0.202865 0.296934 0.135527 0.300006 0.230677 0.232475 0.203730 0.405716 0.233587 0.251684 0.379140 0.343797 0.312585 0.228593 0.467423 0.422762 0.680947 0.793838 0.917252 0.748602 0.543510 0.673829 0.409078 0.200035 0.126814 0.250336 0.161336 0.147227 0.195788 0.156902 0.434365 0.198495 0.174601 0.139317 0.445663 0.218737
0.138213 0.132390 0.300936 0.138246 0.238921 0.191128 0.082948 0.118308 0.139394 0.151515 0.125816 0.230602 0.242815 0.240574 0.319757 0.269731 0.488730 0.243036 0.562457 0.269627 0.639798 0.690802 0.631702 0.795104 0.644228 0.647387 0.622736 0.461538 0.192614 0.238453 0.228733 0.106092 0.183335 0.135239 0.314283 0.051009 0.187007 0.077172 0.209451 0.134074
0.086572 0.100053 0.254923 0.208804 0.227920 0.297113 0.160646 0.260811 0.262736 0.290477 0.166420 0.239170 0.322482 0.385785 0.402263 0.380802 0.557067 0.275668 0.466159 0.166263 0.451958 0.478447 0.655646 0.627469 0.538104 0.657758 0.631028 0.366229 0.184753 0.308027 0.265780 0.079384 0.191628 0.124142 0.305370 0.073091 0.192519 0.094884 0.163418 0.209444
0.166133 0.106187 0.266721 0.280246 0.198756 0.204167 0.174879 0.192796 0.238840 0.269506 0.185729 0.149119 0.231637 0.214687 0.236978 0.259150 0.332902 0.229897 0.360127 0.190650 0.350443 0.338275 0.326185 0.445087 0.302950 0.496417 0.318548 0.273929 0.355923 0.380944 0.334766 0.132484 0.290102 0.269489 0.362257 0.229140 0.334920 0.223736 0.250631 0.250794
0.159336 0.156118 0.185175 0.113184 0.169496 0.158080 0.152569 0.113240 0.331458 0.198647 0.174376 0.292832 0.207696 0.210448 0.188734 0.308573 0.286629 0.166652 0.350785 0.204683 0.255620 0.275196 0.310391 0.258740 0.250250 0.259770 0.255436 0.347624 0.211081 0.205067 0.480594 0.215011 0.228497 0.306790 0.388269 0.274631 0.445661 0.231743 0.209702 0.135486
0.194470 0.279739 0.384506 0.360618 0.315294 0.592745 0.190248 0.358468 0.295283 0.206073 0.220850 0.307591 0.221370 0.233286 0.589679 0.316755 0.199828 0.134270 0.319985 0.184043 0.381408 0.423872 0.464401 0.436295 0.352889 0.335639 0.376324 0.388448 0.135354 0.324718 0.480912 0.191156 0.257748 0.197014 0.313168 0.253104 0.330540 0.174526 0.344121 0.351619
0.277726 0.136399 0.045308 0.194611 0.072507 0.146312 0.159793 0.133355 0.256641 0.089965 0.008107 0.214628 0.019296 0.095000 0.184215 0.232883 0.101955 0.200121 0.178745 0.172918 0.207433 0.035029 0.187679 0.090084 -0.009242 0.163912 0.145957 0.133143 0.088545 0.145447 0.143921 0.243847 0.256878 0.000228 0.083169 0.016237 0.075773 0.036519 0.035786 0.069572
0.132029 0.138882 0.229340 0.149559 0.178150 0.180462 0.194275 0.132829 0.173447 0.233656 0.241079 0.113752 0.145783 0.137706 0.170499 0.129859 0.140122 0.090572 0.278539 0.179296 0.186256 0.203854 0.172002 0.269785 0.144218 0.163718 0.136465 0.225593 0.211287 0.149728 0.394966 0.150362 0.372627 0.297923 0.322576 0.228038 0.289653 0.221088 0.189246 0.225771
0.163378 0.200155 0.318521 0.173132 0.117358 0.339687 0.111419 0.158286 0.376667 0.201464 0.114371 0.364490 0.139045 0.215724 0.240451 0.389451 0.307000 0.239699 0.332388 0.141760 0.247699 0.199388 0.310440 0.198342 0.199342 0.218683 0.248708 0.205113 0.102183 0.142718 0.429220 0.310837 0.180951 0.230824 0.307068 0.174586 0.379096 0.152460 0.233461 0.196706
0.229744 0.188545 0.292399 0.220169 0.243545 0.236456 0.118645 0.156536 0.166276 0.157706 0.245854 0.196950 0.084797 0.164134 0.139987 0.209049 0.149405 0.112200 0.292799 0.277164 0.287444 0.340950 0.288420 0.261878 0.210495 0.194968 0.104977 0.139998 0.178780 0.153211 0.324545 0.252441 0.199305 0.308256 0.435356 0.484963 0.336092 0.302631 0.365322 0.287105
0.266400 0.178942 0.236741 0.233307 0.218477 0.270717 0.097879 0.124169 0.103224 0.123484 0.308348 0.203766 0.065970 0.253014 0.185895 0.151145 0.131398 0.124114 0.233415 0.300248 0.408145 0.399782 0.367590 0.298338 0.313358 0.227205 0.070056 0.130585 0.147612 0.164581 0.311594 0.198823 0.137274 0.415517 0.328606 0.561759 0.369748 0.312354 0.335213 0.280962
0.120301 0.129559 0.304319 0.240752 0.198470 0.249727 0.155829 0.192479 0.255606 0.253659 0.185565 0.266533 0.167236 0.179166 0.185955 0.316069 0.258423 0.201657 0.261135 0.107785 0.178906 0.188561 0.232197 0.187448 0.180263 0.254843 0.145539 0.189716 0.199071 0.223678 0.331156 0.179645 0.198191 0.319671 0.409760 0.265863 0.436678 0.357772 0.297567 0.289812
0.241794 0.190775 0.190560 0.226049 0.411490 0.182196 0.187511 0.222001 0.192729 0.270505 0.226137 0.053356 0.113222 0.212266 0.084788 0.127776 0.206358 0.182030 0.174498 0.176574 0.143137 0.118838 0.167523 0.159210 0.084967 0.128563 0.046731 0.098106 0.282566 0.201021 0.125491 0.088744 0.241185 0.198084 0.223715 0.352880 0.265142 0.423949 0.392738 0.188190
0.093269 0.232630 0.300465 0.308809 0.213484 0.406702 0.013912 0.195806 0.124324 0.045831 0.153133 0.275625 0.128790 0.096245 0.280628 0.232203 0.068757 0.014499 0.227143 0.160730 0.284342 0.427967 0.411518 0.311451 0.332112 0.270094 0.223544 0.249143 0.045417 0.203162 0.307044 0.203996 0.096409 0.210102 0.380197 0.366827 0.370052 0.170083 0.337508 0.356809
0.166812 0.040667 0.135230 0.034316 0.136054 -0.005431 0.157911 0.083110 0.130598 0.264296 0.185473 0.091083 0.002998 0.159484 0.030587 0.012180 0.193000 0.207069 0.141500 0.149727 0.127571 0.049862 0.028882 0.085558 0.050742 0.091037 -0.041263 0.066125 0.194642 0.034224 0.173451 0.124069 0.218955 0.260686 0.222168 0.214458 0.212964 0.296080 0.150779 0.144085
0.126083 0.441847 0.353923 0.366749 0.448423 0.689283 0.119713 0.209709 0.171988 0.179971 0.129251 0.207621 0.092630 0.108346 0.182754 0.134694 0.063865 0.075143 0.170050 0.215781 0.222346 0.387209 0.352682 0.266922 0.285009 0.218556 0.133892 0.089345 0.077548 0.289314 0.165241 0.130427 0.031831 0.157588 0.158026 0.249812 0.302154 0.304264 0.410883 0.334536
