1.1472 1.13338 1.2503 1.22546 1.09271 1.23455 1.17657 1.16935 1.17324 1.23787 1.15206 1.15403 1.15865 1.21607 1.15899 1.29028 1.31586 0.996749 1.19915 1.14916 1.24637 1.23449 1.14083 1.14335 1.22419 1.15113 1.17404 1.14642 1.23214 1.15497 1.13975 1.21336 1.19787 1.27817 1.16951 1.21123 1.19259 1.18199 1.11204 1.17287 
0.25531 0.241863 0.203253 0.264828 0.238687 0.277171 0.275898 0.259014 0.261504 0.237763 0.263585 0.227596 0.256558 0.234114 0.231688 0.212197 0.296571 0.222595 0.287682 0.275706 0.253871 0.251893 0.26461 0.255594 0.272285 0.256775 0.26535 0.252982 0.251754 0.23376 0.25482 0.267271 0.239845 0.272812 0.225298 0.2237 0.267895 0.230303 0.252756 0.251065 
1.63183 1.68434 1.49107 1.555 1.42113 1.57973 1.52305 1.51173 1.4859 1.55315 1.50216 1.5976 1.56124 1.49363 1.52606 1.43132 1.52802 1.58389 1.49451 1.38629 1.6043 1.71154 1.45067 1.51551 1.38826 1.35084 1.47348 1.41707 1.61182 1.59358 1.56972 1.51955 1.35972 1.28445 1.56903 1.5658 1.52794 1.5257 1.45435 1.57132 
1.53019 1.33679 1.51803 1.524 1.38813 1.478 1.58365 1.62064 1.53545 1.52311 1.51393 1.52103 1.51701 1.52498 1.51259 1.53651 1.47085 1.42166 1.43606 1.61751 1.5626 1.48417 1.47331 1.45272 1.42911 1.59505 1.50408 1.49072 1.47886 1.51983 1.52859 1.43835 1.522 1.45185 1.54342 1.54478 1.52084 1.39268 1.4129 1.44062 
1.22679 1.21969 1.26851 1.10369 1.06147 1.15789 1.10206 1.14373 1.10409 0.924436 1.08261 1.09522 1.04597 1.1354 1.13292 1.06696 0.961781 0.970409 0.938891 1.1815 1.07667 1.21938 1.01108 1.10451 1.09861 1.21517 0.983185 1.00426 1.09674 1.01751 1.05654 0.990571 1.16693 1.09359 1.03529 1.06531 1.15385 0.99088 1.03638 1.15069 
1.04038 0.989879 1.04958 1.09031 0.997192 1.04782 1.12586 1.17865 1.08062 1.04823 0.991367 1.09159 1.09186 1.14255 1.03015 1.05939 1.1422 1.0268 0.970871 0.886177 1.07929 1.14007 1.12576 1.15983 0.933098 1.13635 1.08222 1.12617 1.01111 1.08323 1.10539 1.05802 1.20268 1.10053 0.99948 1.00468 1.00764 1.07866 1.10843 1.12105 
0.717705 0.770439 0.73582 0.758309 0.773533 0.709096 0.802666 0.640266 0.635989 0.796465 0.740343 0.696597 0.716941 0.729849 0.743578 0.761667 0.782124 0.672094 0.716958 0.748585 0.665748 0.679724 0.561571 0.678841 0.713309 0.774273 0.712898 0.805152 0.772949 0.711375 0.753045 0.844668 0.701474 0.720287 0.625094 0.774373 0.709184 0.782847 0.747995 0.734373 
0.76973 0.735242 0.703767 0.755279 0.643597 0.727815 0.720762 0.676672 0.688622 0.615958 0.689669 0.766671 0.724753 0.701672 0.67562 0.6912 0.720615 0.773569 0.791937 0.714982 0.770635 0.728578 0.791587 0.758864 0.768048 0.717192 0.764549 0.745547 0.784345 0.697703 0.759199 0.623596 0.798112 0.806002 0.865705 0.780159 0.735111 0.819259 0.799023 0.746809 
0.400515 0.440381 0.413764 0.447972 0.438031 0.430114 0.433912 0.448991 0.388847 0.429217 0.456459 0.4333 0.408359 0.519513 0.449008 0.479374 0.439109 0.438913 0.426288 0.387766 0.438526 0.465125 0.395465 0.456974 0.470508 0.462684 0.473704 0.412757 0.425969 0.479918 0.374191 0.436293 0.428951 0.34441 0.488509 0.404551 0.431361 0.433402 0.48485 0.445906 
0.751416 0.673012 0.705493 0.708006 0.703674 0.654324 0.709205 0.765468 0.725167 0.750035 0.702345 0.70948 0.682218 0.694366 0.814451 0.801272 0.640377 0.707069 0.739848 0.726921 0.633509 0.716102 0.70161 0.707945 0.749076 0.766906 0.719123 0.780805 0.758912 0.686428 0.724673 0.719123 0.766398 0.655456 0.679941 0.661778 0.798027 0.657172 0.666479 0.720814 
0.344149 0.398776 0.357163 0.370728 0.328429 0.424696 0.387879 0.358364 0.36301 0.353456 0.416894 0.361924 0.334261 0.367375 0.391978 0.39751 0.398662 0.383997 0.372767 0.351812 0.422027 0.336094 0.355883 0.356133 0.393966 0.401455 0.371694 0.380479 0.382914 0.406672 0.400543 0.403777 0.327978 0.316555 0.387987 0.411917 0.352424 0.356675 0.361245 0.332042 
0.642853 0.661573 0.638914 0.619242 0.603657 0.639452 0.683668 0.680354 0.600977 0.617843 0.706051 0.713239 0.636487 0.688223 0.642578 0.712523 0.606561 0.624025 0.657263 0.625776 0.637756 0.553916 0.555142 0.569095 0.641715 0.603042 0.638453 0.627315 0.535932 0.615761 0.533111 0.619294 0.602477 0.646482 0.633942 0.546836 0.699362 0.617161 0.642171 0.556534 
0.655361 0.592312 0.615046 0.636394 0.593249 0.640123 0.668824 0.587501 0.571159 0.573684 0.559934 0.630263 0.544769 0.573764 0.547907 0.663294 0.589053 0.596177 0.585653 0.57815 0.612788 0.646093 0.624386 0.649606 0.576613 0.655978 0.682484 0.513679 0.511409 0.637207 0.577503 0.573839 0.59721 0.568089 0.584376 0.587787 0.596481 0.629274 0.691709 0.562964 
0.642967 0.668378 0.655407 0.628355 0.631778 0.652173 0.658988 0.668783 0.622478 0.661566 0.711101 0.651904 0.704947 0.650683 0.629725 0.662185 0.612665 0.639181 0.653142 0.653926 0.607758 0.710987 0.660624 0.649198 0.666191 0.668414 0.674581 0.674954 0.61496 0.595122 0.680317 0.665866 0.689366 0.626626 0.645199 0.645801 0.621341 0.668346 0.638311 0.710709 
0.817919 0.841993 0.686367 0.755864 0.822579 0.853184 0.993474 0.812674 0.873273 0.805282 0.807144 0.786191 0.885225 0.836884 0.846657 0.847841 0.867806 0.803577 0.933098 0.84874 0.820698 0.956756 0.817753 0.840442 0.807969 0.910315 0.890757 0.825853 0.872026 0.854334 0.85364 0.756569 0.73667 0.810529 0.814 0.927619 0.850418 0.785869 0.811537 0.895384 
0.657849 0.522575 0.627856 0.586361 0.636962 0.547435 0.614543 0.632447 0.615369 0.583877 0.67506 0.579541 0.597701 0.608854 0.616378 0.607205 0.647103 0.649315 0.617106 0.67158 0.641943 0.563651 0.600342 0.600382 0.642562 0.586304 0.662967 0.536551 0.642737 0.639371 0.602913 0.601231 0.567179 0.622321 0.637189 0.609351 0.592912 0.592221 0.549149 0.574364 
0.43328 0.30297 0.36907 0.351678 0.353574 0.312659 0.368944 0.314423 0.355538 0.394712 0.38184 0.370086 0.36182 0.396951 0.355365 0.399661 0.33768 0.383068 0.402739 0.330705 0.320252 0.380147 0.36648 0.36736 0.361852 0.419762 0.375073 0.31664 0.402582 0.407305 0.394758 0.360283 0.337257 0.41058 0.30597 0.311612 0.356445 0.399674 0.395896 0.37435 
0.437398 0.386815 0.437622 0.430977 0.449525 0.517122 0.380197 0.503793 0.471359 0.442838 0.422035 0.40504 0.414216 0.421594 0.452257 0.449985 0.398156 0.398701 0.443815 0.482211 0.473638 0.337996 0.411642 0.42561 0.471951 0.398271 0.437686 0.40922 0.472265 0.47922 0.447372 0.451985 0.401215 0.433567 0.443754 0.430897 0.444992 0.447647 0.430783 0.433084 
0.464675 0.48248 0.508005 0.468523 0.524447 0.477734 0.501539 0.512885 0.472068 0.459885 0.401648 0.470668 0.487468 0.495384 0.48218 0.5037 0.422034 0.475424 0.491692 0.549783 0.469361 0.465508 0.464022 0.474223 0.505239 0.468442 0.53535 0.524197 0.46523 0.462184 0.452833 0.459653 0.521117 0.473911 0.455062 0.496706 0.425594 0.479663 0.491335 0.492322 
0.544173 0.587464 0.543086 0.484563 0.480471 0.583352 0.494499 0.446902 0.489129 0.558111 0.571688 0.536556 0.534792 0.500244 0.519336 0.528208 0.514083 0.507772 0.519718 0.537252 0.527076 0.529534 0.525051 0.54775 0.510826 0.523798 0.450249 0.564469 0.516659 0.529341 0.541785 0.566088 0.513699 0.51016 0.483499 0.490929 0.532116 0.491435 0.489765 0.532611 
0.839751 0.746718 0.898999 0.73545 0.734596 0.731657 0.838329 0.790274 0.791339 0.786966 0.873137 0.81093 0.743518 0.858558 0.814808 0.805465 0.816973 0.739962 0.806191 0.818421 0.802509 0.73886 0.796583 0.825038 0.825928 0.852479 0.880746 0.758105 0.759494 0.815588 0.826954 0.84358 0.837575 0.746106 0.955511 0.726045 0.770298 0.748207 0.824414 0.76441 
0.696084 0.659153 0.5711 0.624064 0.649066 0.625928 0.614715 0.630534 0.632715 0.555747 0.566255 0.6583 0.711632 0.633428 0.688571 0.599079 0.619528 0.6169 0.666159 0.739414 0.59937 0.652632 0.669842 0.730503 0.700438 0.694625 0.752866 0.639288 0.570945 0.585184 0.557192 0.676111 0.659678 0.743991 0.655332 0.655609 0.735612 0.719674 0.671855 0.622943 
0.518943 0.486582 0.530844 0.445524 0.466742 0.483355 0.549665 0.530295 0.464153 0.494218 0.509243 0.503576 0.483769 0.499174 0.467449 0.478643 0.468302 0.471567 0.499857 0.489864 0.457628 0.503829 0.495888 0.502475 0.481335 0.506136 0.49525 0.544483 0.514628 0.4234 0.491456 0.525137 0.453057 0.469791 0.439698 0.555103 0.433514 0.450506 0.46459 0.516812 
0.547965 0.440905 0.551855 0.555869 0.543086 0.540326 0.496965 0.514789 0.485168 0.448087 0.521599 0.477551 0.486793 0.521021 0.555188 0.523876 0.465363 0.55878 0.567533 0.52032 0.622024 0.539861 0.506124 0.54355 0.559844 0.500139 0.476361 0.530628 0.464962 0.499857 0.521927 0.561103 0.482969 0.539836 0.438409 0.555712 0.426268 0.479895 0.513065 0.522189 
0.341749 0.399311 0.413308 0.321547 0.326711 0.327951 0.315394 0.34375 0.328504 0.314191 0.404541 0.375735 0.396697 0.346956 0.348801 0.370631 0.337733 0.325278 0.420959 0.349647 0.363921 0.342536 0.366931 0.430916 0.385862 0.416283 0.372531 0.352821 0.34441 0.373324 0.355536 0.349845 0.366244 0.353394 0.359508 0.407005 0.377807 0.393645 0.368039 0.435007 
0.621646 0.606136 0.438802 0.554354 0.608875 0.58512 0.555374 0.584822 0.473399 0.499578 0.535374 0.548001 0.633677 0.585764 0.60696 0.581988 0.55279 0.557393 0.557726 0.582227 0.593849 0.566121 0.542646 0.626569 0.642555 0.537416 0.568674 0.593269 0.60811 0.641982 0.551045 0.642885 0.527539 0.522467 0.561834 0.64175 0.56806 0.529754 0.462835 0.556755 
0.54074 0.514146 0.495849 0.485341 0.491435 0.403805 0.45607 0.468987 0.47204 0.420161 0.489417 0.408228 0.51333 0.450138 0.530956 0.439858 0.420931 0.482467 0.542197 0.480712 0.472384 0.468777 0.481207 0.45243 0.510487 0.472876 0.458544 0.544783 0.413278 0.559162 0.493706 0.474786 0.479323 0.416731 0.551177 0.478578 0.409557 0.471929 0.484815 0.490689 
0.483381 0.530943 0.503459 0.397817 0.529175 0.486086 0.509825 0.428781 0.481451 0.498053 0.466157 0.453093 0.478782 0.469056 0.453143 0.549818 0.449698 0.474947 0.521372 0.514268 0.541316 0.482298 0.473134 0.455427 0.481795 0.541557 0.418489 0.52383 0.498325 0.434435 0.463403 0.463151 0.592422 0.472747 0.497224 0.512901 0.533008 0.480677 0.41077 0.448155 
0.606136 0.608143 0.551968 0.555387 0.52485 0.563057 0.605549 0.509339 0.618335 0.539715 0.508673 0.521789 0.585464 0.622725 0.555436 0.526994 0.66639 0.505658 0.585373 0.497639 0.510826 0.489548 0.574686 0.530995 0.461944 0.507248 0.558536 0.492807 0.50687 0.583621 0.533437 0.515085 0.511823 0.589673 0.53927 0.482912 0.51234 0.538997 0.553673 0.508606 
0.537494 0.57651 0.439041 0.552375 0.569626 0.566269 0.560638 0.699557 0.5738 0.532566 0.561571 0.560429 0.565357 0.537694 0.466942 0.559616 0.554474 0.515922 0.562669 0.50972 0.566996 0.60566 0.60318 0.524043 0.505176 0.575364 0.599172 0.572003 0.575771 0.488847 0.556181 0.592632 0.506353 0.526912 0.606969 0.490476 0.636726 0.581985 0.554148 0.620541 
0.599923 0.494382 0.495321 0.505863 0.507248 0.534644 0.501836 0.493498 0.45929 0.48839 0.506777 0.510423 0.529335 0.439656 0.415576 0.469335 0.557425 0.541109 0.605301 0.478036 0.510826 0.479918 0.462348 0.562282 0.510826 0.485063 0.487535 0.46784 0.512724 0.532437 0.47368 0.485657 0.540101 0.478968 0.577451 0.475597 0.513988 0.518344 0.535742 0.546072 
0.50482 0.556872 0.425488 0.611567 0.510374 0.551914 0.488488 0.537494 0.440651 0.459903 0.472769 0.47204 0.473659 0.45003 0.492843 0.490539 0.480083 0.464446 0.500969 0.489758 0.470967 0.487874 0.502092 0.480028 0.440347 0.490715 0.529436 0.492822 0.52932 0.520418 0.532153 0.472279 0.381432 0.505095 0.515466 0.466209 0.505226 0.515196 0.484491 0.382118 
0.354116 0.34717 0.357379 0.34014 0.332496 0.353019 0.400963 0.349453 0.341284 0.382072 0.36179 0.372156 0.421685 0.380772 0.394519 0.338148 0.33556 0.328504 0.324622 0.359719 0.413783 0.321183 0.373909 0.349895 0.346457 0.308424 0.312005 0.350497 0.38266 0.339764 0.346871 0.347022 0.3289 0.332643 0.361013 0.392994 0.354419 0.356675 0.366436 0.357467 
0.426608 0.38466 0.361103 0.423323 0.396743 0.39175 0.413914 0.36879 0.361312 0.318886 0.384558 0.317032 0.365725 0.385093 0.376079 0.34564 0.355133 0.399623 0.402541 0.416515 0.397931 0.349711 0.384967 0.345235 0.382427 0.363407 0.334848 0.305753 0.350657 0.380814 0.337171 0.375865 0.353478 0.323787 0.384923 0.381771 0.364178 0.411556 0.33537 0.355985 
0.373062 0.42366 0.373324 0.410651 0.327814 0.353438 0.422202 0.335384 0.429075 0.42518 0.393847 0.419095 0.367725 0.354419 0.386375 0.411507 0.392714 0.392484 0.413534 0.428776 0.374018 0.420142 0.428108 0.352278 0.418516 0.426879 0.420299 0.392703 0.397359 0.424954 0.397355 0.391063 0.422286 0.425779 0.402115 0.37632 0.366949 0.398749 0.457259 0.358604 
0.320908 0.30799 0.337819 0.308759 0.270323 0.29215 0.290405 0.322882 0.336472 0.351128 0.308941 0.337396 0.294049 0.293348 0.327517 0.302555 0.314615 0.38784 0.385251 0.416638 0.361931 0.269031 0.329868 0.315195 0.285688 0.28324 0.336957 0.306019 0.385764 0.35733 0.324881 0.314802 0.3017 0.368438 0.386291 0.361756 0.317877 0.302413 0.29168 0.330854 
0.534014 0.432421 0.483388 0.517483 0.525112 0.528844 0.381368 0.434062 0.451617 0.487884 0.397876 0.426804 0.489975 0.414434 0.479345 0.510826 0.464564 0.471863 0.554501 0.4232 0.428588 0.507671 0.408813 0.486234 0.439176 0.45249 0.474677 0.490295 0.467683 0.492179 0.503617 0.420535 0.449145 0.507149 0.441645 0.386081 0.453181 0.458866 0.468582 0.483456 
0.498296 0.533494 0.426519 0.424107 0.420788 0.451613 0.42525 0.45889 0.389231 0.383486 0.460024 0.433531 0.526805 0.421213 0.442162 0.372239 0.471524 0.423423 0.514696 0.384591 0.44956 0.4159 0.440492 0.390443 0.457425 0.457277 0.407139 0.430783 0.43854 0.371296 0.391562 0.487216 0.482768 0.446356 0.4817 0.422718 0.415262 0.42405 0.473371 0.366946 
0.451465 0.437214 0.438604 0.417186 0.476851 0.445311 0.505306 0.498556 0.433951 0.47997 0.409492 0.454018 0.498683 0.496804 0.485887 0.482131 0.511666 0.441304 0.490365 0.465156 0.490284 0.506836 0.448357 0.465171 0.441512 0.446534 0.416977 0.476856 0.428561 0.472279 0.456405 0.426268 0.435924 0.448467 0.470208 0.502904 0.437485 0.520223 0.472627 0.393631 
0.320321 0.337203 0.33753 0.312969 0.387562 0.315994 0.330932 0.311833 0.289603 0.321815 0.324694 0.328827 0.303714 0.305636 0.342701 0.338092 0.319594 0.302866 0.299431 0.341145 0.318454 0.396043 0.355472 0.288083 0.317096 0.294555 0.368391 0.325295 0.301077 0.31557 0.291927 0.285813 0.325479 0.325074 0.366023 0.350513 0.308413 0.286306 0.269129 0.316037 
