0.567916 0.796924 0.639833 1.326200 0.713138 1.146416 1.165650 0.646947 0.324684 0.000099 0.848277 0.417733 0.575327 0.554875 -0.000911 -0.000562 0.159873 0.193753 -0.000310 0.001041 0.001273 0.526271 0.000794 -0.001223 -0.000736 0.000241 0.000769 -0.000328 0.000793 0.001337 0.000611 0.191089 -0.000706 0.000824
1.218657 0.000609 0.138297 0.389987 0.001105 -0.000165 0.000494 0.451659 -0.000563 0.000994 -0.000228 0.000934 0.001209 0.817568 -0.000805 0.000111 -0.000290 0.349460 0.000005 0.709836 0.000861 0.712243 -0.000897 0.005865 -0.000580 -0.000152 0.000652 0.000374 0.000267 0.000759 0.318630 0.000515 0.052903 0.000561
2.496756 1.594842 0.639834 0.852918 0.672136 0.219798 0.197032 1.164856 1.491539 1.111455 0.177294 0.111708 0.001186 1.616122 0.181689 0.528925 0.001558 0.323973 0.043733 0.576509 0.507201 0.262066 0.354731 0.180023 0.129701 0.429093 0.061914 0.790368 1.456996 0.000559 0.621286 0.653770 1.820641 1.229495
0.436158 0.878781 1.496003 0.177055 0.160237 0.018037 0.000032 0.835521 0.000832 0.001229 0.001510 -0.000300 0.851934 0.525238 -0.001226 -0.000244 0.000601 0.000310 0.001028 0.000637 -0.000149 0.000139 0.000048 0.001139 0.000173 0.000087 0.000942 -0.001206 0.000108 -0.000848 0.000028 0.000971 0.000114 -0.000046
1.072429 0.155044 -0.000278 0.000559 0.882720 0.539332 0.351601 0.048309 0.000896 0.001335 1.137757 0.000179 0.000657 0.000226 -0.000400 0.000446 0.665798 0.001759 -0.098314 0.001316 -0.000151 0.000512 0.000174 -0.000483 -0.001168 0.000235 0.001025 -0.000060 0.001198 -0.000792 -0.001384 0.000474 -0.000469 -0.000918
0.760180 -0.000288 0.000533 0.245679 0.001127 0.001760 0.786068 -0.000517 0.000382 -0.000564 0.064046 -0.000116 0.027099 -0.000198 -0.000523 -0.001276 0.307208 0.000727 0.000636 0.000879 -0.000503 0.000238 -0.139428 0.000356 -0.000103 -0.239363 0.000765 -0.001368 -0.000052 -0.118846 -0.000832 0.001127 -0.112970 -0.000221
0.758259 0.000663 -0.000691 -0.000541 0.001001 0.000713 -0.000724 0.000444 0.001262 0.000592 0.001596 0.000063 -0.000780 -0.000293 0.000007 -0.000552 0.018156 0.000115 -0.001273 -0.000699 -0.318943 -0.000177 -0.000512 -0.000829 -0.001665 -0.000521 -0.001062 -0.001105 -0.000727 -0.000598 -0.161696 -0.000374 -0.021853 -0.303527
1.657642 1.636697 1.024045 1.231045 0.127229 0.464006 0.118569 0.227956 0.281683 0.052549 0.106978 0.387880 0.422355 0.037292 -0.000147 0.000480 -0.001154 0.578392 0.157030 0.527365 0.006708 0.287274 0.000845 0.198617 0.152393 0.000294 0.000418 0.113546 -0.000088 0.001106 0.191744 0.000868 0.000569 0.000080
0.922744 0.001370 1.286507 0.750873 0.001475 0.000778 0.000392 0.143760 0.000018 -0.000011 0.000089 0.003746 0.264851 0.000373 0.000725 0.000763 -0.000716 0.001642 0.297023 0.046052 0.241678 0.288684 0.000419 0.001624 0.621248 0.580020 0.001403 0.000305 0.200941 0.001135 1.247220 0.610268 0.527848 0.707994
-0.000399 -0.068191 0.494986 -0.000606 -0.005462 -0.102820 -0.000538 -0.183776 0.085126 -0.161895 -0.000332 -0.001299 0.000459 -0.001508 -0.000112 -0.072760 -0.001421 -0.001095 0.000251 -0.001466 0.000208 -0.095995 -0.000127 0.000446 0.001032 -0.000477 -0.477304 -0.214881 0.000311 0.362880 -0.000177 0.000258 -0.000076 0.000611
0.673308 0.000698 0.000453 0.000710 0.179175 0.098956 0.000292 -0.000037 -0.000019 0.000341 -0.000864 0.001307 0.000863 0.000392 -0.000836 0.000455 0.001084 0.000168 -0.000483 0.001280 -0.001185 0.000265 -0.063626 -0.000198 -0.016078 -0.033056 -0.000152 -0.049731 -0.000482 -0.013664 -0.000103 0.000929 -0.326362 -0.097554
0.344374 -0.000254 -0.000791 -0.000168 0.000731 0.001181 0.001464 0.000807 -0.000793 0.000806 0.001460 0.000453 0.000610 -0.000631 0.000032 -0.001456 0.001248 0.000074 -0.000095 0.000730 -0.000958 -0.000331 0.000106 -0.000827 -0.214975 -0.316997 -0.000874 -0.001690 -0.074597 -0.000455 -0.000651 -0.000440 0.000118 -0.000144
0.842879 0.000529 0.000182 0.637560 0.001198 0.000063 0.000492 0.000500 -0.000372 0.000965 0.044162 0.000552 -0.000295 0.000179 0.000031 -0.000149 0.170288 0.000246 0.000160 -0.000159 -0.000200 0.000705 0.000850 -0.000668 -0.000849 0.001079 0.001013 0.000103 0.000096 -0.001229 -0.000850 -0.000335 -0.001076 0.001095
0.380777 0.820103 1.037190 0.384879 0.000668 -0.000543 0.001386 -0.000686 0.059372 0.057457 -0.000630 -0.000161 -0.001188 -0.000058 0.000145 -0.000726 0.000908 -0.000229 -0.001405 0.000050 -0.001301 0.000761 0.001135 0.000974 0.000455 -0.000961 0.418040 0.001420 0.000194 0.000519 -0.000883 -0.000809 0.000807 0.410196
-0.000278 -0.001153 0.092653 -0.000059 0.000907 0.000504 0.000747 -0.001578 0.004928 0.000125 -0.000162 0.000648 -0.000100 -0.000254 -0.000114 0.001008 0.000292 0.000249 0.001319 0.001294 0.001670 -0.078263 -0.000063 0.250518 0.001284 0.000239 0.000715 0.001401 0.000003 0.367108 0.023581 -0.000504 0.781340 0.286175
-0.000385 0.000569 0.000556 -0.000518 0.000484 -0.000835 0.001063 -0.000701 0.000424 -0.000503 -0.000518 0.000221 0.001119 0.000480 0.001418 -0.000076 0.000251 0.000232 0.226570 0.000089 0.001493 -0.001156 0.000469 0.076023 -0.000223 0.000085 -0.000638 0.000475 0.000230 0.076542 0.001337 0.001714 1.066677 1.278855
0.300845 -0.000243 -0.000119 0.000349 0.001282 0.668064 1.402552 0.000161 0.001475 0.001437 0.025856 0.233125 0.001550 0.000140 -0.000571 0.001085 0.000994 0.000675 0.000554 0.193410 0.000012 0.001279 -0.001073 -0.000711 -0.000937 -0.000499 -0.000530 -0.000797 -0.000453 -0.001573 0.000283 0.001464 -0.068001 -0.174854
0.419319 0.328546 -0.000578 -0.000397 0.000250 0.000678 0.000681 0.000200 -0.000375 0.001216 0.000353 -0.000668 -0.000844 -0.000286 -0.001332 -0.120733 -0.000243 0.000680 0.000406 -0.000706 -0.000830 0.000405 -0.001535 -0.000376 -0.000395 -0.071536 -0.000010 -0.001348 -0.014916 -0.000837 0.000129 -0.000210 0.000889 -0.000365
-0.000610 0.000912 0.000449 0.001155 0.000192 0.001141 0.138316 -0.000496 0.000921 -0.000280 -0.000986 0.005963 -0.000210 -0.000480 0.000595 0.549560 -0.000540 0.001097 0.192092 0.000660 0.555325 -0.000272 0.221811 0.008070 0.001254 0.001471 0.371971 0.001068 0.154919 0.252215 0.382032 0.325052 0.997198 1.645723
1.857144 1.405344 0.245131 0.095906 0.130306 0.462909 0.000986 0.220361 0.655471 0.573000 0.031922 0.000609 0.359221 0.279144 0.632494 -0.000105 -0.000144 0.567412 0.188386 1.157899 0.153905 0.210707 0.179114 0.560659 0.028440 0.000249 0.373089 0.153188 0.222069 0.116523 0.365616 0.278416 0.741686 1.411718
-0.000377 0.000730 0.000653 0.001424 -0.000547 -0.000123 0.000102 -0.000495 0.001603 0.000255 -0.000556 0.037203 0.000268 -0.000271 0.000032 0.476189 0.000262 0.001153 0.179405 0.000944 -0.000601 -0.272731 0.001275 0.151626 0.096438 -0.000119 -0.000601 0.246800 0.141945 0.001145 0.245337 -0.000338 1.219792 1.813208
0.725340 0.560085 0.000464 0.001135 0.000639 0.065935 0.000756 -0.000210 0.000626 0.000899 -0.000345 0.000924 0.000448 0.001021 0.000842 -0.001108 0.001754 0.261515 0.000330 0.000512 0.000204 0.001314 0.000558 -0.001042 -0.000908 0.000307 -0.000065 -0.000180 -0.000239 0.001331 0.000893 -0.000422 0.000505 0.000292
-0.294021 -0.000521 -0.000239 0.000196 -0.151458 -0.151641 -0.586606 -0.001250 0.000514 -0.000699 -0.056477 -0.000120 0.000043 0.000116 -0.000860 -0.001595 -0.200464 -0.422068 0.000449 -0.000889 -0.000767 -0.023415 -0.000153 0.000509 -0.195090 -0.662859 -0.001279 -0.007839 -0.123583 0.047895 -0.000891 -0.000693 0.339348 0.787656
-0.000061 -0.000160 -0.000783 -0.000702 -0.001147 0.000141 -0.000809 -0.000067 0.001254 0.000149 -0.000800 0.000197 -0.000017 -0.000003 0.000190 0.000599 -0.000717 -0.001180 -0.000981 0.000275 -0.000011 0.000297 0.001006 0.000341 0.000888 0.412813 0.000125 0.554778 0.000795 0.638709 -0.000727 0.000643 0.667761 0.659264
0.001615 -0.000380 -0.000255 0.000359 0.001297 0.001008 0.000926 0.000077 -0.000482 0.001338 -0.000619 -0.000458 -0.000532 0.000891 0.000960 -0.000909 0.000436 0.000104 0.000127 0.000287 0.000428 -0.000150 0.001064 0.000588 0.068344 0.545351 -0.000604 0.866500 0.000239 0.126613 -0.001069 0.859334 0.493413 0.298743
0.000200 -0.000475 0.000679 0.000697 -0.001027 -0.001485 -0.000456 0.000414 -0.000225 -0.000138 -0.001289 -0.000601 -0.001005 -0.000852 -0.026855 -0.000608 0.000089 -0.001069 -0.001396 -0.000786 -0.000009 -0.000224 -0.001304 0.627875 0.288056 -0.000420 0.000466 0.000180 -0.000779 -0.000147 0.000353 0.119570 0.001267 0.000055
-0.246924 -0.697527 -0.000893 -0.077814 -0.343937 -0.139013 -0.366703 -0.219705 -0.001342 -0.082345 -0.500739 -0.562329 -0.446439 -0.305771 -0.001443 -0.086512 -0.101584 -0.638152 -0.263518 -0.237688 -0.066701 -0.080678 -0.000490 0.001188 -0.274934 -0.001271 -0.000632 -0.046034 -0.223937 0.055664 -0.001026 -0.001643 -0.000629 -0.000000
-0.077239 -0.000917 0.541709 -0.000524 -0.000422 -0.095288 0.000072 -0.001660 -0.000005 0.000338 -0.000303 -0.062553 -0.161474 -0.000382 -0.001241 -0.001074 -0.001223 -0.379349 -0.001468 -0.357911 -0.000837 -0.001792 -0.000325 0.678324 0.000508 -0.116469 -0.001066 0.000761 0.000090 -0.000122 -0.001161 -0.000913 0.000351 0.267390
-0.000708 -0.000411 1.006963 0.000256 0.000757 -0.000202 0.001442 -0.000324 -0.000616 0.000314 -0.000217 0.000141 -0.001894 0.000652 -0.000828 -0.000094 -0.001386 0.000569 -0.000294 -0.001002 0.000467 0.000718 0.000109 0.129464 0.000252 -0.000046 0.000143 0.190942 0.001003 0.001001 0.445347 1.359786 0.001550 0.239316
-0.000556 0.000755 0.000742 0.001484 -0.000424 -0.000853 0.000553 0.000878 -0.000305 -0.000403 0.000849 -0.000681 0.000545 -0.000395 -0.001128 -0.001552 -0.000798 -0.001349 0.001140 -0.000327 -0.000426 0.000341 -0.000707 0.646041 0.000012 -0.176501 0.040109 -0.211134 0.000076 0.000681 0.000483 -0.000613 -0.000079 0.143998
-0.069555 0.404086 -0.000314 -0.000308 -0.031930 -0.389009 -0.167754 -0.000473 0.628838 -0.000053 0.000185 0.000423 0.001171 -0.000511 0.000090 -0.030146 -0.000234 -0.000070 -0.001179 0.000009 0.001229 -0.205389 0.000741 0.001389 0.000666 0.000594 0.000246 -0.000772 -0.000740 0.569659 -0.197782 -0.021896 0.788035 1.011728
0.001511 0.000030 0.000796 0.000370 -0.000053 -0.000730 0.000826 -0.000025 0.000750 -0.000234 -0.001192 -0.001072 0.000475 -0.000957 -0.000529 0.000498 0.001383 0.000358 0.000524 -0.000062 -0.000787 0.000896 0.000086 -0.000510 0.077260 0.173754 -0.000719 0.001594 0.181770 0.001468 -0.000241 0.001367 0.257733 1.189697
-0.217577 -0.001285 0.000526 -0.000177 0.000650 -0.000730 0.000673 -0.000023 0.000422 0.000237 -0.253958 -0.001158 -0.000011 0.000226 0.000660 0.000976 0.000341 -0.001169 -0.000173 -0.571960 0.000521 -0.001532 0.001146 0.028291 -0.127538 0.000540 0.000163 -0.001179 -0.119892 0.323589 0.000689 -0.000072 0.000837 1.276969
-0.543636 -0.139933 -0.001014 0.000178 -0.559814 -0.719906 -0.292132 -0.000022 -0.001015 0.001110 -0.651417 -0.380665 -0.320273 -0.001275 0.000056 -0.001045 -0.292798 -0.052296 -0.011525 -0.000089 -0.001626 0.000017 -0.000741 0.000513 -0.001231 0.000122 -0.000580 0.000792 0.000950 0.001294 -0.000238 -0.000625 0.000477 0.001052
