1.193474 0.991396 0.584549 1.018845 0.761173 0.963831 0.909883 0.698341 0.135850 -0.000054 0.719674 0.076471 0.615750 0.524885 0.000521 -0.000309 0.067174 0.204361 0.000119 0.000760 0.000487 0.168149 -0.001060 0.000099 0.000421 -0.000463 -0.000798 -0.000764 -0.001032 0.000878 0.000603 0.000129 0.000006 -0.001244
0.767948 0.000770 0.351067 0.348654 0.000015 -0.001000 -0.001548 0.295244 -0.000909 0.001357 -0.000608 -0.001318 -0.000986 0.385775 -0.000519 0.000499 -0.000637 0.001739 -0.000667 0.488110 -0.000610 0.088695 -0.000822 0.000265 -0.001108 0.000783 -0.000866 0.000886 0.000814 -0.000049 0.271926 0.001228 0.000001 0.001411
1.481776 0.830497 0.001651 0.322472 0.000547 0.000756 -0.000860 0.603436 0.544557 0.001668 0.000959 -0.000392 0.000661 0.489574 0.000908 0.000011 -0.000659 -0.000605 -0.000173 0.000682 -0.000664 0.000485 -0.000396 0.001212 0.000338 -0.000298 -0.001179 0.000699 0.015599 -0.000561 0.001063 0.126425 0.344426 0.318035
0.184229 0.435951 0.754490 -0.000171 0.001122 0.000832 -0.000535 0.423464 0.001034 -0.001163 0.000681 -0.000256 0.232698 0.043435 -0.000023 -0.000203 0.000579 0.000187 -0.000372 -0.000728 -0.000451 0.000704 0.000257 0.000677 -0.001407 -0.001553 -0.000304 -0.000272 0.000222 0.000464 0.000056 0.000499 -0.000785 0.000025
0.393025 0.001071 -0.000292 0.001114 0.430309 0.528543 0.881691 0.000013 0.001242 0.000062 0.699058 0.001870 0.000213 0.000346 -0.000033 -0.000024 0.278597 0.000463 -0.000221 0.000271 -0.001549 0.000164 0.000333 -0.001402 -0.001054 0.000181 -0.001230 0.000454 -0.001131 0.000383 -0.001617 0.000580 -0.001251 -0.001437
0.001398 -0.000236 0.000714 0.000363 0.000206 0.001294 0.259857 0.000712 -0.000783 0.000315 0.000480 0.000606 0.000429 -0.000646 -0.130690 -0.273968 0.000661 -0.000210 -0.152986 0.000118 -0.071896 0.000685 -0.322642 -0.001407 -0.000222 -0.424881 -0.038437 -0.001511 -0.001647 -0.204087 -0.240060 -0.001393 -0.288691 -0.000163
0.765053 0.001347 -0.000139 0.000775 0.182030 0.466165 0.000800 0.000180 0.000110 0.000045 0.001465 0.000750 -0.000236 -0.000750 -0.000428 -0.001650 0.262036 0.001266 -0.001122 -0.000516 -0.000987 0.000651 0.000081 -0.000877 -0.000204 -0.000443 -0.001114 -0.000487 -0.000978 -0.000254 -0.000183 0.000797 0.000723 -0.001517
0.756643 0.909813 0.890206 0.739304 0.000162 0.000375 0.000882 0.000729 0.000358 0.001107 0.000599 0.000107 -0.000538 0.001216 -0.000635 -0.000615 0.000660 0.000552 -0.000147 0.000861 -0.000197 0.000736 -0.000082 0.000119 0.000580 0.000316 -0.000840 0.001777 -0.000341 0.000410 0.001499 0.002488 0.000752 -0.000150
0.460106 -0.000031 0.679697 0.000681 0.000043 0.000673 0.000524 0.000995 0.001190 0.000927 -0.001135 0.000111 0.000878 0.000901 0.001009 -0.000185 0.000242 0.000129 0.000393 -0.000297 -0.000149 0.000470 0.000279 0.000338 -0.000660 -0.001010 -0.000422 -0.000525 -0.000491 0.000611 0.703943 0.001712 0.363391 0.250052
-0.000367 0.000596 0.622443 -0.000388 -0.000406 0.000223 -0.000192 -0.000281 0.231828 -0.000554 0.000572 -0.000727 -0.000446 0.000572 -0.000233 0.000173 -0.001159 -0.000504 0.001396 -0.000407 0.000163 -0.000454 -0.000089 -0.000027 -0.000783 0.000911 -0.000843 0.001157 0.000518 0.001963 -0.000165 0.000039 0.000459 0.541241
0.432305 0.000308 -0.000107 0.000002 0.000605 0.000767 0.001341 -0.000317 -0.001444 -0.001652 0.000442 -0.000417 -0.000168 -0.000483 -0.210852 -0.000250 0.001297 0.000415 -0.317117 -0.000329 -0.349516 -0.000374 -0.177458 -0.000029 -0.454634 -0.171635 -0.338091 -0.183855 -0.182044 -0.001056 -0.001582 0.000262 -0.207204 -0.001121
1.299873 0.001116 -0.000331 0.000675 -0.000141 0.000245 0.000789 -0.000159 0.000072 0.000206 0.000520 -0.000166 0.000090 0.000881 -0.000978 0.000323 -0.000331 0.001406 -0.001539 0.001142 0.000101 0.000725 0.000486 -0.000605 -0.001126 -0.001437 -0.000486 0.000283 0.000015 -0.000671 -0.000314 -0.000526 0.000338 0.000401
1.020184 0.160992 0.000851 0.954652 0.000960 0.001033 0.000129 0.000358 0.001350 0.001230 -0.000302 -0.000161 0.000696 0.001510 0.000475 -0.000043 0.000086 -0.000577 -0.000617 0.001046 0.000069 -0.000296 0.000109 0.001103 -0.000197 0.000191 0.000506 0.000394 -0.000149 0.001005 -0.000566 0.000812 0.000255 0.001277
0.360301 0.680305 0.951472 0.720847 -0.001012 -0.000924 0.000852 0.000860 0.000928 0.000004 -0.000994 0.000041 -0.000765 0.001272 -0.000312 -0.000202 -0.000177 -0.000887 0.000355 0.000075 -0.000922 0.000305 -0.000269 0.000976 0.000772 0.000363 -0.000306 0.000107 0.000533 0.000164 0.000338 0.000696 -0.000063 0.258255
0.001058 -0.000048 0.001598 -0.000334 -0.000974 0.000660 -0.000799 0.000943 -0.000176 -0.000196 0.000233 -0.000166 -0.000722 0.000215 -0.000530 0.196940 -0.001211 -0.000319 -0.000035 0.000351 0.001179 -0.001329 -0.000398 0.000268 0.000110 -0.000173 -0.000219 0.079686 0.000296 0.000968 0.087617 0.000401 1.049873 0.836482
-0.000270 -0.000154 0.000721 -0.000995 -0.000926 -0.000504 -0.000864 -0.000113 0.026393 0.000096 -0.000564 -0.000965 -0.000279 -0.000451 0.001494 0.000313 -0.000798 -0.000458 -0.000056 0.000059 0.000043 -0.001264 0.000844 0.001785 0.000223 -0.000805 0.000972 -0.000280 -0.000202 0.031206 0.001046 0.000155 0.489266 0.573934
-0.000116 0.000254 -0.000316 0.000503 0.001255 0.046146 0.537408 -0.000151 -0.000068 0.000146 0.001374 -0.000407 -0.000051 0.000814 -0.000204 -0.001349 0.000969 -0.000571 0.000136 0.000566 -0.000736 0.000466 -0.000137 -0.077770 -0.000111 -0.001362 -0.000149 0.000491 -0.001085 -0.001289 -0.001548 0.000865 -0.010752 -0.398541
0.737405 0.632664 0.000736 0.000209 -0.000829 0.000699 -0.001376 0.000920 0.000270 0.000754 0.000099 -0.000561 -0.000314 0.000286 -0.000753 0.000132 -0.000287 -0.000917 -0.001183 -0.000075 -0.001567 -0.000205 -0.000652 0.000209 -0.000555 -0.000868 -0.000667 -0.000100 -0.000112 -0.001110 0.000220 0.001317 -0.000847 0.000433
0.000653 0.000153 0.000898 -0.000112 -0.000869 -0.000111 -0.019580 -0.001312 -0.000602 -0.000941 -0.136285 -0.000454 -0.001368 0.000070 0.000877 0.000315 -0.148742 -0.000342 0.000630 0.000044 0.000533 -0.000041 -0.000363 0.000651 0.000313 -0.000887 -0.000066 -0.000425 -0.000199 0.000019 0.000996 0.000919 0.296410 0.828376
0.215186 0.508777 0.001604 0.001347 0.000583 -0.001277 -0.001291 0.000505 0.000697 0.000384 0.000440 -0.000372 -0.000546 0.001391 -0.000120 0.000210 -0.000973 -0.000025 -0.000121 0.000724 -0.000008 0.000583 0.001329 0.024510 0.000544 0.000700 0.000114 0.001482 -0.000611 0.000227 0.000456 0.079215 0.344861 1.343922
0.000520 0.000496 0.077444 -0.000195 -0.000673 -0.001293 -0.000930 -0.000277 0.000919 0.001074 -0.000323 -0.000866 -0.000531 -0.000154 -0.000435 0.000664 0.000018 -0.000190 0.000882 0.000611 0.001234 -0.000208 -0.000012 0.111777 0.000950 0.000708 0.001640 0.001757 -0.000175 0.013326 0.049725 0.000972 0.872459 1.384049
0.470250 0.371504 0.001473 0.000218 -0.000223 0.000663 0.001053 0.000596 0.000403 -0.000415 0.000697 -0.000687 0.000020 0.000125 0.000542 0.000033 0.000772 0.000662 0.000465 0.000374 -0.000226 0.001004 0.000209 -0.000907 -0.000925 -0.000802 -0.001068 -0.000724 0.000618 0.000530 0.001244 0.000181 -0.000684 0.000129
-0.000258 -0.000064 0.000879 -0.000274 -0.000589 -0.195132 -0.216287 -0.000883 0.000303 -0.000043 -0.170276 -0.115685 -0.001341 0.000390 0.000394 0.000837 -0.043100 -0.000200 0.000027 0.000726 -0.000158 -0.000568 0.001141 0.000642 -0.000910 -0.000704 0.000431 -0.000682 -0.000063 0.118277 0.000599 -0.000531 0.547032 0.931539
0.000710 -0.000106 0.000541 0.000904 0.000191 -0.000239 0.000017 -0.001028 -0.000298 0.000841 -0.000406 0.000656 -0.000045 0.000015 0.001057 0.001077 -0.001402 0.000853 0.000671 -0.000488 0.000122 0.000726 -0.000128 0.000812 0.000222 0.002693 -0.000133 0.320498 0.000886 0.406016 0.000716 0.000430 0.130958 0.030618
0.000346 -0.000538 -0.000371 0.000426 0.000212 0.000458 -0.001167 0.000874 0.000590 0.001471 -0.000578 0.000544 -0.000705 0.001289 -0.000026 0.000486 0.000856 0.000874 0.000840 0.000978 0.000313 0.001413 -0.000397 0.000152 0.001682 0.108958 -0.000310 0.591790 0.000668 -0.000371 -0.000241 0.323836 0.001571 0.000016
-0.000087 0.000475 -0.000487 0.000017 -0.001221 -0.000472 -0.000441 0.000635 -0.000039 -0.000102 0.000116 -0.000686 -0.001297 0.000262 -0.000552 0.000430 -0.000837 0.000566 0.000581 -0.000475 -0.001017 -0.000692 0.000507 0.174072 0.118574 0.000560 -0.000377 0.001600 0.001156 0.000236 -0.000317 0.088443 -0.000433 0.000425
0.000508 -0.001118 0.000633 -0.000743 -0.000073 -0.001111 -0.000594 0.000315 0.000023 0.000634 -0.028773 -0.000800 -0.000670 -0.000298 0.000762 -0.000057 -0.000495 0.000025 0.000292 -0.000328 -0.000344 -0.000509 0.000167 0.001786 -0.000270 0.000280 -0.000481 0.000829 0.000592 0.457151 -0.000252 0.000065 0.166052 0.264078
0.000241 0.001169 0.596251 0.000401 0.000208 -0.083165 -0.001676 -0.001011 0.000332 0.000901 -0.001597 -0.000883 -0.000745 -0.000138 0.000921 -0.000219 -0.000956 -0.001084 -0.000308 0.000086 0.000099 -0.000899 0.000546 0.761790 0.205342 -0.000222 0.001172 0.000003 0.000894 0.000801 0.000410 0.000199 -0.000695 0.146445
0.000278 -0.000032 0.730495 -0.000183 -0.000061 -0.000968 -0.000986 0.000176 0.000759 0.001414 -0.000749 -0.000655 0.000725 0.130752 -0.000026 0.000174 -0.001523 -0.000139 -0.000757 0.000795 -0.001101 0.001444 0.000286 -0.000340 0.001034 -0.000761 -0.000665 0.000397 -0.000038 -0.000115 0.000350 0.504614 0.000852 0.092014
-0.000370 -0.000249 0.000120 0.000681 0.000487 -0.000501 -0.001230 -0.000621 0.000172 -0.000720 0.000438 0.000200 0.000421 -0.001314 -0.000831 0.000567 0.000587 0.000112 0.000505 -0.001185 -0.000448 -0.000807 0.000824 0.415030 -0.000702 -0.001409 0.000267 -0.001407 0.000805 -0.000637 0.000280 -0.000510 0.000666 0.000377
0.001080 0.411599 0.000487 0.000055 -0.000404 -0.000619 -0.001573 0.000865 0.708727 0.000288 -0.000894 -0.001643 0.000425 0.000459 0.000588 -0.000622 -0.000665 -0.000979 0.000116 -0.000697 0.001207 -0.000218 0.000436 0.000774 0.000975 0.000401 -0.000201 0.000930 0.000596 0.035014 0.000259 0.000076 1.219415 1.739853
0.428031 0.000235 0.155028 0.111330 -0.000449 0.000588 -0.000827 0.000826 0.182419 0.000110 -0.001047 0.000354 0.000663 0.169299 0.000558 0.000613 0.000330 0.000545 -0.000292 0.001171 -0.000075 0.000338 0.000070 0.000660 0.134988 0.250483 0.000358 0.000728 0.665386 0.000901 0.001542 0.075618 0.636947 0.782532
-0.000666 -0.000544 0.308139 -0.000321 -0.000922 0.000326 -0.000852 -0.000658 0.191373 0.000608 -0.000060 -0.000375 0.000042 0.000457 0.001098 0.022145 -0.000816 -0.001304 0.001558 -0.000475 0.001416 -0.000798 -0.000182 0.152754 -0.000819 -0.001475 -0.000400 -0.000640 0.001003 0.259292 0.069912 0.000653 0.140104 1.324942
-0.000794 -0.000056 -0.000277 0.000850 -0.258792 -0.254449 -0.200232 0.000685 0.000722 0.137215 -0.269015 -0.001606 0.000098 0.000624 0.000878 0.001123 -0.099963 0.000266 -0.000045 0.000794 0.000125 0.000627 -0.000083 0.787960 0.000424 0.001153 0.000919 0.231256 0.000035 0.574541 0.159599 0.666500 0.957731 0.544623
