1.449943 0.795792 0.305032 1.231195 1.138968 1.286945 1.007624 0.730907 0.029035 0.000966 0.936082 0.576792 0.847053 0.583923 0.000149 -0.001130 0.288677 0.629372 -0.000341 0.000833 -0.000031 0.669922 0.000788 -0.000736 0.000319 0.000808 -0.000529 0.000480 -0.000255 0.000405 -0.000349 -0.000350 -0.000943 0.000283
0.746145 -0.000181 0.505534 0.408282 -0.000582 -0.000124 -0.000964 0.411745 0.000542 0.000188 0.000428 0.000550 0.000354 0.558144 0.000283 -0.000201 -0.000758 0.202569 0.000517 0.750677 -0.000406 0.500389 0.000260 0.000010 0.001335 0.000050 0.000667 0.000763 0.000288 0.001049 0.328046 0.000883 0.001128 0.000101
1.956579 1.529949 0.211189 0.672431 0.078866 0.001547 0.000777 1.078500 1.345196 0.541573 0.000525 -0.000002 0.000707 1.055737 0.001136 0.000033 0.001358 0.077966 0.000664 0.101869 0.001298 0.000614 0.000137 0.114119 0.001199 0.000483 0.000825 0.070688 0.339370 0.000906 0.155659 0.464998 0.909641 0.790992
0.146673 0.699552 0.933100 0.001629 0.001577 -0.000243 -0.000020 0.663698 0.001119 -0.000440 0.000104 -0.000115 0.453735 0.171663 -0.000919 -0.001228 -0.000005 -0.000110 -0.000462 0.000170 -0.001106 0.000057 -0.000398 0.001096 0.000028 -0.000262 -0.000271 -0.001178 0.000443 0.000114 0.000444 0.000729 0.000475 0.000298
0.420509 0.001235 -0.000645 -0.000256 0.375337 0.484210 1.022338 0.000957 0.000851 -0.000439 0.970058 0.122831 0.000057 0.001030 -0.000348 -0.000440 0.578622 0.000607 0.000733 0.000402 -0.000987 0.000969 0.000199 -0.001012 0.000224 0.000283 -0.000764 -0.000098 0.000376 -0.000234 -0.001523 0.001061 0.000049 -0.000261
0.001165 -0.000070 0.000959 0.001304 0.000536 0.001240 0.386048 -0.000631 -0.000399 0.000651 0.017472 0.001429 0.000044 0.000576 0.000065 -0.001594 0.252878 0.000975 -0.000602 0.000587 -0.001440 0.000312 -0.074419 0.000097 -0.001048 -0.079714 0.000014 -0.000969 -0.001323 -0.151377 -0.157416 0.000146 -0.001658 -0.001275
0.414292 0.000010 0.000432 -0.000096 0.001446 0.280195 0.000938 0.000285 0.000195 -0.000231 -0.000134 0.000399 -0.000104 -0.000201 -0.000324 0.000274 0.000732 0.000465 -0.000611 -0.000730 -0.000362 -0.000203 0.000529 -0.000340 -0.001323 -0.000863 0.000120 -0.001317 -0.000551 0.000086 -0.000352 -0.000386 -0.000592 -0.052707
0.776949 1.165888 1.340456 1.094221 0.000531 0.001447 0.000751 0.000569 0.128357 0.000552 -0.000314 0.001438 0.000463 0.001413 -0.000252 -0.000124 -0.000543 0.042734 0.000214 0.000808 0.000513 0.000705 0.000843 0.022569 0.001178 0.000493 0.000662 0.305845 0.001625 0.001295 0.000205 0.020397 -0.000543 0.021023
0.956847 -0.000005 0.873313 0.031102 0.000354 0.000855 0.000797 0.000180 0.117835 0.001339 0.001080 0.000339 0.000036 0.051561 0.000912 0.000902 -0.000644 0.034656 0.000743 -0.000016 -0.000056 0.089269 0.001363 0.000206 -0.000074 0.001153 0.000837 0.000995 0.001011 -0.000123 1.109983 0.149359 0.169176 0.499896
0.000366 0.000842 0.672056 -0.000726 -0.001072 -0.000518 -0.000562 0.000008 0.001588 -0.000594 -0.000242 -0.001286 -0.000781 0.000145 0.000330 0.000371 0.000049 -0.000259 -0.000036 -0.000203 0.000431 -0.000705 0.000504 -0.000138 0.000263 -0.000636 -0.000820 0.000431 0.000659 0.051022 -0.000255 0.000684 0.000075 0.127418
0.481596 -0.000442 -0.000517 -0.000932 0.151545 0.182909 -0.000241 -0.000375 -0.000632 -0.001296 0.000368 0.001471 -0.000547 0.000718 -0.000120 -0.001214 0.001536 0.001124 -0.002210 -0.000553 -0.215829 -0.000004 -0.001280 -0.000875 -0.000807 -0.068633 -0.093116 -0.000275 -0.081578 -0.001033 -0.001635 -0.000181 -0.066937 -0.000518
1.238929 0.000745 0.000550 0.001109 0.001077 0.000157 0.001671 0.000380 -0.000516 -0.000366 0.000747 0.000319 0.000577 0.000516 -0.000138 0.000725 0.000483 0.000288 -0.000830 0.000256 -0.000730 -0.000196 -0.000932 -0.000592 -0.000686 -0.000002 -0.001066 -0.000335 -0.001272 -0.000606 -0.000038 0.000653 0.000012 -0.000278
0.779739 0.001072 0.000310 0.967700 0.000471 0.001055 0.000583 0.001325 -0.000099 0.001064 0.001104 0.000726 -0.000691 0.000806 0.000625 0.000549 0.000461 -0.000082 0.000262 0.000408 0.000154 0.000486 -0.000452 0.000810 -0.000576 0.000326 -0.000720 0.000027 0.001311 0.000539 0.000929 0.000219 0.000663 0.000603
0.005849 0.671789 0.952824 0.547347 -0.000258 -0.000749 -0.000612 0.000880 0.000539 0.000349 -0.000966 -0.000571 0.000080 -0.000047 0.000053 0.001562 0.000029 -0.000699 0.001276 0.000259 0.000941 0.000059 0.000445 0.001421 -0.000340 -0.000664 0.000100 0.000196 -0.000077 -0.000206 0.000663 -0.000275 0.000990 0.168409
-0.000180 0.000954 0.000466 -0.000319 -0.000539 0.000126 0.000623 0.000712 0.000960 0.000402 -0.001151 0.000157 0.000054 -0.000770 0.000385 0.054381 -0.001217 -0.000036 0.000603 0.000729 0.000066 -0.000167 0.001123 0.001171 0.000220 0.000557 0.000327 0.090969 0.000351 0.034977 0.290774 0.000573 0.438462 0.229428
-0.000404 0.000125 0.000282 -0.000803 -0.000815 -0.000089 -0.000819 -0.001238 0.233468 -0.000377 0.000572 0.000110 -0.000192 0.001053 0.001822 0.001305 0.000467 -0.000729 0.000984 -0.000587 0.045286 0.000720 0.001652 0.000751 -0.000260 0.000302 0.000037 0.000532 0.000452 0.000803 0.000933 0.000161 0.525505 1.009348
0.000503 -0.000022 -0.000018 -0.000442 -0.000103 0.231990 0.492239 0.000478 -0.000100 -0.000376 0.001255 0.000424 0.001045 0.001590 0.000971 0.000153 0.000468 0.001497 -0.000807 0.001027 -0.001113 -0.000078 -0.000388 -0.001350 -0.000978 0.000033 -0.000833 0.000570 -0.001097 -0.000118 -0.000615 0.000194 0.000143 -0.110833
0.656071 0.481923 0.000164 0.001038 -0.000700 -0.000079 -0.000234 -0.000368 -0.000929 0.000062 -0.000071 -0.000743 -0.000625 -0.000050 -0.000959 -0.000742 0.000589 -0.000427 -0.000125 0.000670 0.000572 0.000327 0.000640 0.000907 0.000127 0.000150 0.000333 0.000960 0.001032 -0.000734 0.000195 0.000859 0.000759 0.001248
-0.000060 -0.000435 0.000454 -0.000286 0.000254 -0.000511 -0.000223 -0.000988 0.001021 -0.000349 -0.001011 -0.000480 -0.000270 0.000074 0.000128 0.130990 -0.001437 0.000228 0.000108 0.001053 0.050870 -0.000214 0.000873 0.072658 0.000238 -0.000329 0.000334 0.000171 0.000677 0.121198 0.174868 -0.000044 0.535037 1.297771
0.165766 0.939276 0.509934 0.144825 0.000335 0.001012 -0.000997 0.000231 0.258678 0.288067 -0.000246 -0.000526 -0.000105 0.001474 0.399173 0.003277 -0.000209 -0.000247 0.346023 0.070889 0.008460 0.001099 0.379047 0.575247 0.187211 0.001076 0.060896 0.116537 0.000960 0.185312 -0.000008 0.480038 1.033815 1.574120
0.000133 0.000419 0.025376 0.000633 -0.000299 -0.001035 -0.001308 -0.000144 0.001900 0.000760 -0.001314 0.000183 -0.000350 0.000873 0.000203 0.023313 -0.000053 -0.000538 0.000990 0.000302 0.000475 -0.001393 0.000048 0.000838 0.000397 0.001647 0.018422 0.453980 0.098253 0.000739 0.110107 0.000250 0.922791 1.657063
0.322760 0.452841 0.000556 0.069732 -0.000262 0.000075 0.000379 0.000762 -0.000546 0.001099 0.000279 -0.000018 -0.000561 -0.000141 -0.000238 0.000880 0.001665 0.001754 -0.000059 0.000454 0.000576 0.000421 -0.000511 -0.000249 0.000945 -0.000768 -0.000371 0.000381 0.000166 0.001614 -0.000353 -0.000441 0.000782 0.000698
0.000601 0.000563 0.001429 0.000028 -0.099681 -0.151300 -0.082176 -0.000188 0.000862 0.000639 -0.000131 -0.034230 -0.000431 -0.000686 -0.000222 0.000509 -0.171467 -0.000844 0.001385 -0.001105 0.001559 0.000024 0.001334 0.000529 -0.001029 -0.000472 -0.000889 0.000524 0.001127 0.000519 0.000201 -0.000771 0.392461 1.113804
-0.000450 0.000001 -0.000351 -0.000111 -0.001348 -0.000099 -0.000085 -0.000126 0.001028 -0.000032 -0.000064 0.000375 -0.000976 0.000865 0.000089 -0.000474 -0.001022 -0.000012 0.000001 -0.000263 -0.000462 -0.000849 0.000208 -0.000122 0.000437 0.055675 -0.000687 0.053711 0.000700 0.401061 0.001446 -0.000131 0.058600 0.111684
0.000858 0.000597 -0.000403 0.001545 0.000009 0.001344 0.000427 0.001197 0.000140 0.001153 0.000077 -0.000233 -0.000188 0.001095 0.000740 -0.000151 -0.000172 0.000636 0.001409 0.000365 0.000051 0.000412 0.000651 0.000341 -0.000080 0.662826 -0.000198 0.531736 0.000227 0.000996 0.001497 0.444806 0.155363 0.000176
0.000836 0.000505 -0.000161 -0.000450 -0.000426 -0.000746 0.000756 -0.000471 -0.001060 0.001107 -0.000297 -0.000167 0.000186 0.000518 -0.001096 0.000284 0.000135 -0.000402 0.000288 0.000671 -0.001197 -0.000758 -0.000025 0.046116 0.164157 0.000606 0.000795 0.000071 0.000787 0.000252 -0.000471 0.000789 -0.000519 0.000935
-0.000319 0.000166 0.000273 -0.000568 -0.010242 -0.059771 -0.177707 0.000112 0.000880 -0.000598 -0.311762 -0.133998 -0.004767 0.000232 0.000550 0.000716 -0.001009 -0.119233 -0.000804 0.000367 0.000178 -0.000100 -0.000445 0.000529 -0.001314 -0.000756 0.000815 0.000249 0.000540 0.143442 0.000206 -0.000458 -0.000057 -0.000164
0.000063 0.001160 0.001472 0.000568 -0.071247 -0.246523 -0.071165 -0.000379 0.000010 -0.000408 -0.001577 -0.000294 -0.000338 0.000910 0.000434 0.000685 -0.001338 -0.000936 -0.000354 -0.000306 -0.000416 -0.000239 -0.000812 0.822124 0.001309 -0.000790 -0.000178 -0.000648 0.000315 0.000085 -0.000755 0.000350 0.000354 0.273424
-0.000525 -0.000136 0.582940 0.000323 0.000325 -0.000046 -0.001236 -0.000274 0.000374 0.000850 -0.000100 -0.000928 -0.000476 0.209235 -0.000233 0.118268 -0.000009 0.000701 0.000241 0.001521 0.000133 0.001147 0.001017 0.001521 0.000454 0.000219 0.000952 0.000745 0.001197 0.000824 0.001130 0.368313 -0.000150 0.138137
-0.000386 0.000795 0.000728 -0.000786 -0.000049 -0.000775 -0.000611 -0.000312 -0.000670 0.000734 -0.000355 -0.000700 -0.000753 -0.000541 0.000816 0.000439 -0.000155 -0.000373 -0.000830 -0.001731 -0.000331 -0.000282 0.000158 0.383696 -0.000708 -0.000045 0.030107 -0.000138 -0.000651 0.000369 0.000377 0.000547 0.000642 0.066855
0.000465 0.040583 0.001245 -0.001107 -0.000317 -0.001671 -0.000389 -0.000634 0.389045 0.000088 0.000140 -0.000865 -0.000475 0.000170 0.001122 -0.000275 0.000007 -0.000084 0.000754 -0.000256 -0.000517 -0.000978 0.001505 -0.000051 0.001463 0.000795 0.000534 -0.000642 0.000082 0.411762 0.000377 0.001410 0.943780 1.206431
0.434243 0.001607 0.001513 0.000568 -0.000502 0.001218 -0.000602 0.000299 0.052253 0.000637 0.000750 -0.000410 0.000071 0.000284 0.000565 0.001133 0.000287 -0.000118 -0.000767 0.000560 0.000863 -0.000270 -0.000096 0.000531 0.106891 0.365497 -0.000472 0.001259 0.706618 0.000939 -0.000270 0.001508 0.196699 0.982010
0.000828 0.000317 0.056485 0.000372 -0.000878 -0.001225 -0.001921 -0.000994 0.033801 -0.000103 -0.001599 -0.000414 0.000273 -0.000390 0.001407 0.144191 -0.000384 0.000501 0.000869 -0.000952 0.001258 -0.000018 0.001223 0.001741 -0.000247 0.000131 -0.000955 0.000654 -0.000547 0.410323 0.001443 -0.000371 0.000604 1.049665
-0.000356 -0.000639 0.000567 -0.000561 -0.282777 -0.214298 -0.246180 -0.001170 0.000859 0.001703 -0.289223 -0.000613 -0.001387 0.000714 -0.000846 0.001338 -0.072564 -0.001075 0.001231 0.001053 0.001326 -0.000172 -0.000379 0.461806 0.000302 -0.000282 0.000755 -0.000145 0.000812 0.425823 0.000006 0.436059 0.710041 0.269201
