0.511139 0.495489 0.452488 0.398671 0.37723 0.48044 0.456647 0.473003 0.421279 0.451478 0.430235 0.386621 0.340927 0.456499 0.489645 0.341475 0.427985 0.432119 0.389659 0.49964 0.367123 0.307336 0.45082 0.341945 0.48278 0.428825 0.466614 0.43494 0.424445 0.479552 0.422507 0.436272 0.459558 0.454914 
0.443898 0.48831 0.458598 0.361487 0.350957 0.336147 0.495455 0.436903 0.443485 0.446934 0.395817 0.406761 0.394745 0.426906 0.455031 0.49143 0.452692 0.298765 0.44431 0.429755 0.483376 0.498608 0.357443 0.464789 0.406347 0.455726 0.456579 0.376296 0.344298 0.493329 0.360022 0.459446 0.423265 0.400293 
0.427137 0.460168 0.512152 0.493506 0.420022 0.415141 0.444211 0.454795 0.421553 0.403665 0.460889 0.471415 0.459391 0.429949 0.477145 0.448613 0.449905 0.328785 0.37888 0.408072 0.350623 0.380984 0.430997 0.455053 0.424727 0.469422 0.421321 0.50863 0.430059 0.43451 0.458371 0.480658 0.281642 0.445683 
0.536495 0.370333 0.348875 0.439709 0.468664 0.543404 0.4823 0.399118 0.481234 0.498065 0.475995 0.449015 0.490021 0.455854 0.365964 0.389572 0.47032 0.52103 0.310376 0.44682 0.511159 0.484207 0.420367 0.413633 0.445479 0.46038 0.540844 0.426153 0.45766 0.437535 0.307754 0.499542 0.437651 0.454824 
0.383906 0.484804 0.511657 0.36139 0.269745 0.434933 0.453412 0.483522 0.335586 0.369832 0.319482 0.391786 0.386294 0.462846 0.443218 0.484776 0.414528 0.537419 0.323051 0.433349 0.466759 0.468444 0.505085 0.404023 0.30364 0.340483 0.452002 0.319547 0.431358 0.412497 0.423469 0.482462 0.54388 0.415825 
0.504448 0.446703 0.42639 0.475715 0.291329 0.264134 0.245522 0.5121 0.502226 0.506225 0.307373 0.475111 0.388698 0.561757 0.485587 0.523929 0.507975 0.58262 0.417894 0.453371 0.414394 0.381776 0.473757 0.458601 0.436453 0.29696 0.362439 0.535138 0.494887 0.367196 0.44121 0.444119 0.386316 0.501183 
0.434857 0.470026 0.49577 0.30603 0.28043 0.254092 0.471346 0.617861 0.54575 0.316083 0.446385 0.480345 0.345661 0.363087 0.445253 0.602078 0.475138 0.569678 0.561326 0.36236 0.42407 0.417094 0.446571 0.532258 0.528197 0.519008 0.394909 0.542849 0.442258 0.287734 0.488212 0.424525 0.425635 0.437653 
0.564005 0.597608 0.466921 0.354326 0.554977 0.516782 0.438654 0.545324 0.510421 0.516885 0.504774 0.561755 0.51018 0.437631 0.361601 0.573861 0.520728 0.464893 0.515944 0.465828 0.532048 0.408822 0.43576 0.555365 0.364606 0.358936 0.403937 0.565915 0.552952 0.412015 0.525763 0.448303 0.523538 0.516465 
0.60769 0.587559 0.570493 0.561009 0.538766 0.594498 0.432285 0.544221 0.495006 0.573741 0.515403 0.519758 0.464966 0.515584 0.410946 0.339549 0.425298 0.536503 0.443043 0.419671 0.535452 0.568856 0.515667 0.527587 0.553257 0.561659 0.540076 0.550204 0.567442 0.49439 0.567527 0.617476 0.56518 0.604718 
0.441088 0.428515 0.438642 0.436492 0.403396 0.467905 0.40413 0.488689 0.401531 0.47679 0.281264 0.483533 0.414368 0.326288 0.483203 0.409253 0.335294 0.383131 0.280547 0.482982 0.307915 0.389343 0.370177 0.490022 0.41027 0.433976 0.491635 0.404244 0.412495 0.405859 0.419238 0.480958 0.478475 0.513559 
0.503594 0.494788 0.307058 0.313791 0.284879 0.259086 0.491013 0.520673 0.351227 0.42099 0.487795 0.584934 0.510181 0.435126 0.502179 0.562692 0.42304 0.51297 0.419781 0.457063 0.495367 0.468952 0.313821 0.460461 0.570276 0.504918 0.568947 0.349864 0.305732 0.461721 0.441669 0.401267 0.443695 0.499363 
0.476882 0.453176 0.450094 0.266195 0.222222 0.200252 0.295048 0.333917 0.293839 0.310244 0.292535 0.421518 0.44621 0.439862 0.416727 0.273059 0.462676 0.321375 0.333275 0.448488 0.38756 0.46659 0.300584 0.473397 0.258333 0.479935 0.470772 0.42846 0.453191 0.29515 0.302609 0.459591 0.252628 0.323456 
0.527997 0.485525 0.491899 0.302894 0.558655 0.455833 0.43444 0.4547 0.409091 0.385346 0.53801 0.480013 0.405359 0.324147 0.447536 0.287839 0.262985 0.362355 0.480176 0.526232 0.567385 0.500508 0.354821 0.332762 0.573005 0.48444 0.537938 0.45688 0.516105 0.549722 0.363671 0.407643 0.357818 0.304987 
0.425655 0.491752 0.541092 0.522501 0.490491 0.471626 0.451799 0.37963 0.43366 0.486096 0.43415 0.517098 0.441131 0.323317 0.33399 0.506109 0.540581 0.455457 0.44925 0.422022 0.367647 0.346781 0.424194 0.451256 0.484528 0.412006 0.461229 0.47371 0.422176 0.455049 0.457042 0.512522 0.431894 0.453533 
0.440862 0.458422 0.54775 0.58393 0.347471 0.454848 0.457342 0.480062 0.479776 0.532438 0.46607 0.30497 0.567697 0.53742 0.260786 0.503407 0.328861 0.369834 0.555879 0.494966 0.398479 0.579263 0.413805 0.565498 0.541897 0.454248 0.459366 0.454297 0.430269 0.468156 0.549086 0.483954 0.442623 0.419195 
0.344363 0.44505 0.417102 0.477838 0.388339 0.424924 0.432576 0.321037 0.504965 0.43359 0.484844 0.470622 0.357046 0.270073 0.342833 0.338539 0.312802 0.485084 0.509871 0.48851 0.504517 0.317815 0.426362 0.390903 0.331685 0.465917 0.368576 0.411933 0.477427 0.393346 0.406305 0.433439 0.39495 0.38252 
0.371949 0.449929 0.276193 0.245039 0.23501 0.417137 0.495367 0.266487 0.421181 0.410385 0.44417 0.482652 0.539119 0.305906 0.523527 0.503223 0.503734 0.497127 0.457389 0.426801 0.438768 0.454261 0.315812 0.518457 0.432821 0.469178 0.532497 0.512074 0.543756 0.424594 0.337854 0.232544 0.384298 0.37172 
0.442936 0.554377 0.505041 0.440788 0.296368 0.283505 0.530881 0.368983 0.435123 0.43734 0.547557 0.42171 0.486316 0.395158 0.293857 0.275013 0.347847 0.431014 0.486486 0.317598 0.415038 0.41148 0.377214 0.436007 0.369324 0.448652 0.429825 0.534399 0.538462 0.389934 0.436756 0.283088 0.291873 0.479872 
0.463812 0.489554 0.521975 0.4602 0.529079 0.540074 0.387547 0.35807 0.572404 0.436211 0.540333 0.548283 0.318087 0.299672 0.44636 0.517895 0.608598 0.578921 0.387382 0.486892 0.486354 0.602262 0.566882 0.578279 0.511638 0.600242 0.583587 0.417209 0.350352 0.311258 0.412172 0.61186 0.580099 0.479039 
0.463872 0.466525 0.460344 0.467114 0.426383 0.337096 0.444444 0.382503 0.432661 0.452689 0.457885 0.403034 0.336375 0.373911 0.410843 0.407743 0.476247 0.421914 0.517574 0.413503 0.438356 0.316706 0.397246 0.324907 0.509033 0.417665 0.51974 0.373578 0.465955 0.5172 0.435368 0.414749 0.29136 0.491955 
0.570941 0.607532 0.496325 0.510692 0.473525 0.331489 0.593077 0.568217 0.531013 0.415111 0.411672 0.323476 0.399927 0.272727 0.442444 0.583481 0.592313 0.351724 0.417942 0.563941 0.557883 0.371531 0.385268 0.432491 0.350587 0.508915 0.560995 0.555556 0.570518 0.346865 0.341908 0.48898 0.481458 0.543733 
0.558935 0.543429 0.553369 0.468117 0.427321 0.299016 0.468676 0.56853 0.47391 0.473145 0.390071 0.432941 0.333333 0.415149 0.254839 0.376687 0.57941 0.47707 0.544699 0.437673 0.253711 0.495024 0.48558 0.414 0.351614 0.489022 0.503288 0.443624 0.415241 0.522226 0.424499 0.571035 0.386428 0.304443 
0.39313 0.476219 0.494298 0.503489 0.48695 0.417494 0.381671 0.387272 0.513829 0.55873 0.496175 0.505304 0.464239 0.463338 0.312559 0.543928 0.525027 0.303405 0.484808 0.389812 0.333333 0.48858 0.508902 0.493781 0.539753 0.522546 0.398526 0.467765 0.489386 0.503368 0.442029 0.409047 0.460878 0.43864 
0.397708 0.456398 0.534916 0.511576 0.55614 0.570164 0.538406 0.54493 0.475922 0.451057 0.5494 0.54462 0.522915 0.563061 0.577592 0.462425 0.508018 0.581923 0.534831 0.577907 0.396121 0.564744 0.476843 0.541478 0.515332 0.492159 0.444011 0.592699 0.517323 0.452286 0.518326 0.479368 0.501071 0.512671 
0.502933 0.566536 0.497315 0.495588 0.552102 0.558875 0.564414 0.499469 0.554879 0.519559 0.421808 0.449608 0.505173 0.426384 0.503464 0.448326 0.408898 0.457536 0.514653 0.432062 0.395141 0.439247 0.397463 0.412921 0.398672 0.511537 0.52212 0.449975 0.441794 0.557834 0.514774 0.37241 0.581454 0.367521 
0.46152 0.513541 0.509496 0.507831 0.565801 0.387042 0.472843 0.512202 0.50971 0.561013 0.544862 0.487856 0.470918 0.555753 0.474454 0.451635 0.414373 0.448371 0.472355 0.4 0.364789 0.5811 0.404111 0.443033 0.475879 0.354767 0.55849 0.483221 0.509248 0.511106 0.460078 0.353305 0.450013 0.366891 
0.341664 0.374971 0.476768 0.490424 0.549043 0.562627 0.491545 0.446244 0.305305 0.540342 0.407457 0.460357 0.323882 0.572492 0.288901 0.434033 0.406786 0.530904 0.545655 0.546963 0.343601 0.55379 0.476125 0.469393 0.460236 0.48085 0.470232 0.454784 0.451779 0.527273 0.310633 0.440958 0.535499 0.369589 
0.351828 0.416924 0.483198 0.523771 0.455588 0.468425 0.520968 0.476511 0.493907 0.453279 0.482291 0.537249 0.45488 0.543583 0.484009 0.475532 0.378378 0.413309 0.340836 0.426723 0.475699 0.45969 0.496249 0.45798 0.434622 0.496353 0.505077 0.544724 0.512123 0.338462 0.442065 0.401812 0.35809 0.51158 
0.386059 0.448171 0.49656 0.496815 0.406038 0.430301 0.478954 0.438539 0.414642 0.429254 0.397991 0.396833 0.458156 0.460395 0.488326 0.5082 0.35666 0.463941 0.366695 0.378015 0.369482 0.417817 0.454652 0.501762 0.462166 0.396596 0.415104 0.447149 0.370295 0.466995 0.447983 0.338894 0.456405 0.270049 
0.35222 0.410903 0.499663 0.520625 0.516498 0.474372 0.539586 0.454449 0.516864 0.527456 0.514885 0.520437 0.399624 0.468233 0.478386 0.558824 0.539592 0.485315 0.534428 0.369439 0.415512 0.395511 0.48233 0.383317 0.562625 0.457426 0.495789 0.471368 0.479096 0.463431 0.425464 0.448966 0.559032 0.341556 
0.475637 0.472421 0.534351 0.502218 0.45131 0.365163 0.416091 0.439358 0.418361 0.473868 0.466769 0.405015 0.567597 0.542501 0.402584 0.447059 0.473684 0.516658 0.514242 0.526643 0.382504 0.392181 0.454186 0.411518 0.436206 0.501915 0.481078 0.496606 0.426482 0.461207 0.366024 0.534254 0.445536 0.364637 
0.500455 0.467423 0.460887 0.46871 0.45529 0.416602 0.388018 0.455969 0.460422 0.480474 0.491176 0.389262 0.46879 0.380282 0.416556 0.340967 0.458891 0.476667 0.386787 0.434072 0.406191 0.514872 0.4 0.476273 0.299576 0.482817 0.507455 0.410256 0.461679 0.484948 0.411918 0.386321 0.397696 0.413706 
0.378352 0.470388 0.477108 0.445039 0.356489 0.406893 0.493454 0.3936 0.430054 0.412298 0.426475 0.385299 0.445534 0.467677 0.438168 0.472369 0.338733 0.424591 0.354103 0.346882 0.401043 0.428644 0.398749 0.459811 0.460227 0.372946 0.366842 0.415399 0.438615 0.434286 0.396391 0.448594 0.282274 0.4239 
0.402129 0.478508 0.448351 0.451224 0.417944 0.412092 0.381505 0.490583 0.356297 0.464712 0.447304 0.36415 0.47321 0.430592 0.428762 0.382353 0.421648 0.48909 0.485331 0.437875 0.484729 0.440598 0.463217 0.452622 0.461803 0.420203 0.474675 0.449269 0.448558 0.466426 0.418294 0.467734 0.43366 0.409871 
