0.067772 0.091931 0.103549 0.076261 0.050510 0.069025 0.064032 0.095212 0.074366 0.054562 0.090506 0.104656 0.063139 0.062037 0.076615 0.057211 0.081982 0.106157 0.108525 0.093541 0.102577 0.075849 0.120463 0.093473 0.111023 0.173071 0.099421 0.121801 0.096544 0.070694 0.098772 0.063969 0.107556 0.088135 0.093105 0.068072 0.089901 0.078100 0.057370 0.112643
0.052423 0.093944 0.115419 0.075573 0.071613 0.077443 0.063058 0.097202 0.058076 0.033857 0.086950 0.093937 0.061181 0.076081 0.071996 0.054524 0.058453 0.082467 0.091345 0.074679 0.087507 0.071608 0.097906 0.088161 0.064919 0.096743 0.051842 0.066954 0.067750 0.027133 0.074125 0.083558 0.098602 0.085123 0.094205 0.066385 0.078331 0.100799 0.057726 0.126115
0.077900 0.065543 0.074360 0.096055 0.068997 0.054952 0.051629 0.107304 0.061340 0.057486 0.106953 0.077113 0.056268 0.065638 0.063969 0.069680 0.073900 0.102087 0.098884 0.093833 0.069222 0.071936 0.081961 0.071187 0.067797 0.120037 0.085514 0.079507 0.094103 0.072782 0.114459 0.059017 0.105598 0.077261 0.064794 0.045501 0.065290 0.064162 0.042017 0.091129
0.073665 0.116486 0.126830 0.056820 0.102087 0.109643 0.090194 0.108329 0.067462 0.087010 0.121526 0.089939 0.103499 0.119172 0.086734 0.115668 0.100545 0.081181 0.104780 0.075332 0.125708 0.069708 0.102293 0.105445 0.079914 0.085183 0.076929 0.089567 0.061834 0.062936 0.081483 0.083950 0.086072 0.110881 0.094244 0.112042 0.097631 0.113964 0.094312 0.108845
0.052285 0.057741 0.089107 0.044963 0.042340 0.093665 0.054208 0.040294 0.032370 0.048875 0.072586 0.070977 0.031013 0.056925 0.038908 0.048850 0.046973 0.058649 0.061545 0.061125 0.107876 0.067993 0.068512 0.064266 0.048393 0.075112 0.070968 0.062955 0.029496 0.036637 0.049394 0.056893 0.054359 0.059759 0.057068 0.083692 0.064094 0.056050 0.058501 0.076100
0.087667 0.106720 0.123654 0.112976 0.138982 0.106859 0.112315 0.139158 0.117326 0.096892 0.139889 0.138439 0.133794 0.131704 0.124056 0.107839 0.113563 0.124663 0.128246 0.117478 0.111890 0.121556 0.110139 0.133341 0.115387 0.149956 0.110022 0.100432 0.120029 0.103211 0.107509 0.134912 0.152323 0.130029 0.116951 0.100958 0.133688 0.142475 0.089337 0.142589
0.074645 0.081267 0.104064 0.081099 0.128773 0.109816 0.077648 0.140544 0.126473 0.086316 0.142081 0.098406 0.096719 0.120476 0.096205 0.116334 0.084567 0.117879 0.105340 0.103864 0.074215 0.078361 0.091069 0.101909 0.087116 0.103098 0.075187 0.094492 0.108970 0.098064 0.108823 0.099817 0.115806 0.102928 0.070978 0.076013 0.088375 0.122972 0.093853 0.119348
0.086796 0.061793 0.071860 0.074662 0.081856 0.144196 0.089838 0.108314 0.118738 0.130013 0.142626 0.065654 0.074988 0.088153 0.061843 0.113057 0.109853 0.128534 0.087229 0.116478 0.088291 0.090951 0.076115 0.082962 0.076017 0.098199 0.139159 0.121962 0.107947 0.146167 0.166258 0.105172 0.105224 0.086046 0.063424 0.076691 0.099064 0.109494 0.111315 0.099870
0.051144 0.070432 0.062924 0.080605 0.051710 0.060959 0.072283 0.083674 0.078904 0.087058 0.115584 0.048105 0.067465 0.063336 0.047978 0.066185 0.093476 0.103642 0.077993 0.083702 0.058932 0.066790 0.043691 0.042979 0.070151 0.091670 0.099180 0.075549 0.095426 0.106761 0.103080 0.064189 0.092018 0.059146 0.044055 0.036343 0.066626 0.057386 0.052742 0.059369
0.054458 0.076029 0.094517 0.105003 0.108714 0.104750 0.095738 0.149744 0.125886 0.119105 0.155802 0.096696 0.082039 0.088048 0.082333 0.100732 0.082286 0.125461 0.113586 0.114371 0.059248 0.079833 0.068404 0.076668 0.104322 0.114082 0.100335 0.112824 0.124944 0.143891 0.163658 0.112148 0.120750 0.091945 0.080990 0.074750 0.121786 0.135185 0.065685 0.116433
0.092647 0.108420 0.104445 0.088395 0.095274 0.054009 0.078274 0.111847 0.123450 0.095244 0.125527 0.103919 0.104804 0.092815 0.072907 0.105506 0.098601 0.124384 0.100612 0.086167 0.093191 0.086370 0.072114 0.109835 0.072466 0.087863 0.088411 0.056690 0.090317 0.129843 0.135298 0.144369 0.152711 0.147685 0.099225 0.098992 0.133091 0.101982 0.059452 0.088700
0.038762 0.076254 0.075377 0.064294 0.089077 0.091665 0.077901 0.080583 0.062061 0.109185 0.155176 0.082131 0.103446 0.123862 0.072282 0.094013 0.069513 0.069752 0.088577 0.062638 0.071413 0.062670 0.099072 0.103610 0.092851 0.119269 0.133602 0.084031 0.113003 0.105262 0.129102 0.123419 0.102598 0.104379 0.106895 0.068538 0.108169 0.083728 0.057916 0.111005
0.104269 0.107242 0.133461 0.103294 0.131490 0.126217 0.094168 0.104227 0.092945 0.090030 0.161868 0.137337 0.100385 0.139874 0.121993 0.116113 0.122920 0.141306 0.108164 0.117078 0.135310 0.121755 0.114695 0.116111 0.107522 0.156015 0.099236 0.084228 0.104867 0.091347 0.131333 0.134175 0.148240 0.145757 0.145377 0.123376 0.122815 0.144267 0.112426 0.135853
0.083712 0.073432 0.067110 0.082524 0.088177 0.100679 0.064333 0.101306 0.057652 0.097613 0.097363 0.095208 0.056592 0.063344 0.076645 0.096768 0.092564 0.089036 0.106323 0.080952 0.100242 0.090163 0.099200 0.102243 0.070897 0.128630 0.100552 0.084858 0.074651 0.088197 0.095019 0.077058 0.088605 0.126580 0.093195 0.107712 0.086881 0.083727 0.070031 0.109772
0.121333 0.134899 0.126700 0.118243 0.153229 0.134916 0.120250 0.157420 0.123423 0.138512 0.169048 0.144173 0.155749 0.166964 0.156440 0.164441 0.169078 0.151977 0.162015 0.137638 0.145489 0.122022 0.148220 0.152484 0.140578 0.181511 0.121465 0.123290 0.145307 0.133536 0.145241 0.135540 0.173080 0.159442 0.144997 0.117838 0.132478 0.143411 0.108910 0.160719
0.085589 0.118023 0.120841 0.117836 0.128140 0.106173 0.122050 0.168234 0.132859 0.141504 0.150526 0.109558 0.120588 0.144782 0.131606 0.127312 0.151712 0.178399 0.153971 0.129524 0.107639 0.114092 0.122195 0.118296 0.125195 0.159967 0.109414 0.132284 0.140283 0.129569 0.161501 0.120156 0.160023 0.114459 0.116252 0.093074 0.107410 0.118280 0.098438 0.120248
0.083599 0.090823 0.098548 0.087064 0.087878 0.096589 0.090307 0.127544 0.117312 0.105784 0.148604 0.120606 0.109016 0.116149 0.102863 0.111568 0.110227 0.139566 0.131315 0.109781 0.085349 0.080292 0.120333 0.098246 0.120484 0.135120 0.105157 0.092971 0.127507 0.126437 0.127940 0.124240 0.142344 0.113554 0.117946 0.061543 0.122541 0.130453 0.083038 0.149975
0.121281 0.110525 0.105883 0.114571 0.103468 0.136552 0.109997 0.165307 0.135718 0.132294 0.150470 0.094289 0.090724 0.097020 0.116480 0.132813 0.159210 0.159452 0.136275 0.151486 0.098230 0.099271 0.114184 0.127415 0.116214 0.144251 0.134891 0.150669 0.135909 0.150593 0.186446 0.123090 0.130740 0.090821 0.122035 0.084914 0.122783 0.166999 0.126976 0.132080
0.094643 0.087676 0.099274 0.053102 0.079987 0.120962 0.082562 0.093041 0.092957 0.111240 0.142834 0.096443 0.097164 0.101603 0.096678 0.122403 0.109878 0.114921 0.098119 0.098714 0.106933 0.082852 0.102843 0.120222 0.068792 0.096697 0.119220 0.063992 0.075141 0.132210 0.121096 0.159162 0.124134 0.157494 0.114823 0.107989 0.125711 0.131616 0.100985 0.143456
0.067825 0.068076 0.098450 0.074025 0.099864 0.088565 0.084367 0.096684 0.093461 0.107786 0.114496 0.067027 0.085317 0.133117 0.075679 0.093597 0.097190 0.125839 0.099795 0.068975 0.103372 0.105553 0.081582 0.102064 0.054997 0.092709 0.092259 0.064886 0.055407 0.078492 0.095933 0.104512 0.121638 0.090359 0.070638 0.085093 0.068100 0.054566 0.094258 0.085824
0.081991 0.061499 0.086226 0.062032 0.075198 0.065452 0.044399 0.090782 0.075449 0.044076 0.108784 0.097850 0.080080 0.086213 0.080590 0.084646 0.061085 0.099857 0.085660 0.077966 0.060436 0.074921 0.102077 0.092948 0.065259 0.091954 0.062845 0.046225 0.082807 0.052326 0.083749 0.102452 0.109596 0.101299 0.091126 0.054043 0.078187 0.100859 0.062655 0.130125
0.139946 0.118684 0.141823 0.110053 0.115842 0.104171 0.110425 0.121005 0.108920 0.104271 0.134325 0.145113 0.100108 0.121329 0.126115 0.111340 0.131599 0.133512 0.157291 0.121198 0.140075 0.110710 0.167933 0.154876 0.130462 0.163122 0.125279 0.122052 0.102703 0.093830 0.131695 0.121032 0.141780 0.124852 0.128691 0.117727 0.128244 0.128676 0.121303 0.146943
0.021575 0.073443 0.083740 0.045425 0.026944 0.050795 0.045328 0.035127 0.025957 0.000805 0.029363 0.056269 0.024372 0.021200 0.031004 0.016517 0.031167 0.025980 0.039398 0.047209 0.074543 0.046826 0.038212 0.037712 0.047794 0.059736 0.032167 0.055813 0.026101 0.016912 0.013896 0.031680 0.044934 0.040345 0.042927 0.055697 0.057111 0.060005 0.028760 0.059745
0.103105 0.096273 0.096608 0.087183 0.114474 0.088705 0.104099 0.111360 0.102911 0.105541 0.114329 0.141321 0.111395 0.081930 0.136133 0.099370 0.114413 0.125538 0.132718 0.115633 0.093425 0.111174 0.163018 0.147818 0.152495 0.199202 0.142936 0.146970 0.136232 0.117225 0.139948 0.114167 0.123495 0.119977 0.105826 0.106056 0.116909 0.117640 0.084874 0.102795
0.107009 0.098180 0.086972 0.098733 0.115837 0.118310 0.104503 0.109943 0.084923 0.153475 0.143875 0.130711 0.111216 0.094981 0.129812 0.125796 0.123531 0.115013 0.144909 0.111163 0.119428 0.124961 0.186628 0.174984 0.166906 0.235843 0.208306 0.172814 0.156320 0.139037 0.158507 0.125708 0.121444 0.134360 0.140564 0.114180 0.125842 0.105075 0.092155 0.130160
0.117793 0.093011 0.087506 0.086145 0.113425 0.111539 0.106279 0.104360 0.086969 0.135053 0.134206 0.139369 0.111127 0.094619 0.136171 0.126559 0.114215 0.120004 0.140838 0.101693 0.122049 0.121569 0.183028 0.184208 0.161903 0.229447 0.206834 0.156013 0.157613 0.132002 0.146666 0.129614 0.118494 0.127329 0.143541 0.111550 0.125798 0.112578 0.085476 0.136690
0.122166 0.114318 0.112153 0.112587 0.112131 0.127234 0.120177 0.124264 0.099638 0.142253 0.148375 0.143380 0.106932 0.107392 0.138348 0.116176 0.135465 0.144797 0.154108 0.128135 0.140976 0.132965 0.183966 0.183112 0.161154 0.235736 0.215766 0.177765 0.158967 0.145087 0.179750 0.137622 0.139926 0.131756 0.139576 0.120618 0.137182 0.108903 0.099678 0.139495
0.106037 0.105712 0.099729 0.115261 0.131607 0.122163 0.120118 0.126350 0.124673 0.140764 0.172785 0.142253 0.124223 0.105040 0.124593 0.112386 0.107415 0.129775 0.138826 0.120586 0.104529 0.124178 0.144051 0.159862 0.160026 0.210758 0.205622 0.155046 0.175169 0.171206 0.172546 0.139815 0.135534 0.130833 0.115974 0.096872 0.150362 0.137574 0.092094 0.139226
0.113543 0.084347 0.089075 0.103535 0.116740 0.138551 0.116461 0.113850 0.131978 0.148097 0.152561 0.099163 0.092694 0.090988 0.096504 0.121732 0.124882 0.141257 0.122016 0.130942 0.109070 0.123247 0.125988 0.121776 0.116285 0.149414 0.184228 0.146735 0.125549 0.166011 0.183158 0.126263 0.132084 0.108859 0.075758 0.096605 0.121368 0.114796 0.128476 0.106245
0.109257 0.134388 0.146981 0.122808 0.122949 0.164134 0.118457 0.160501 0.156347 0.130469 0.177844 0.117977 0.099847 0.120818 0.116949 0.130065 0.137637 0.161218 0.127290 0.157349 0.119911 0.127158 0.103158 0.117135 0.102135 0.146272 0.146612 0.136309 0.128274 0.178011 0.190323 0.168464 0.159381 0.128824 0.129622 0.117194 0.156548 0.201455 0.152191 0.159898
0.136195 0.131192 0.141610 0.126150 0.135065 0.135087 0.130380 0.165279 0.163426 0.164969 0.197452 0.127100 0.145548 0.136487 0.114517 0.174231 0.164775 0.169552 0.140385 0.146940 0.134172 0.133937 0.122475 0.156590 0.126294 0.151438 0.169534 0.138817 0.153356 0.198568 0.208605 0.184091 0.194809 0.166946 0.143133 0.130869 0.170310 0.162025 0.122855 0.143218
0.119961 0.130888 0.141984 0.098731 0.120368 0.142125 0.102255 0.127810 0.133956 0.143293 0.211249 0.121769 0.110115 0.124096 0.106541 0.158796 0.147364 0.160330 0.115086 0.134275 0.125814 0.111417 0.108767 0.133613 0.102424 0.142294 0.147810 0.104183 0.121537 0.188752 0.212742 0.191805 0.167612 0.191886 0.157112 0.148737 0.162112 0.177192 0.122307 0.133224
0.117374 0.112756 0.124258 0.102723 0.109776 0.123316 0.089288 0.126309 0.119876 0.135469 0.195331 0.123134 0.110592 0.118547 0.099954 0.140154 0.130077 0.161956 0.119563 0.135493 0.119116 0.103169 0.120700 0.131842 0.091888 0.135623 0.132389 0.086418 0.119125 0.153023 0.204661 0.181040 0.165418 0.177861 0.140408 0.127411 0.152574 0.151849 0.100959 0.145370
0.103695 0.122432 0.120532 0.097551 0.110723 0.105668 0.094451 0.138342 0.132634 0.106218 0.159794 0.142217 0.092585 0.120516 0.123728 0.125132 0.124429 0.143510 0.135491 0.100861 0.108206 0.085653 0.111054 0.111371 0.118014 0.145254 0.099376 0.095342 0.128772 0.130817 0.165910 0.169130 0.180427 0.178342 0.176870 0.144039 0.160905 0.166845 0.113393 0.136045
0.112824 0.137132 0.147300 0.113992 0.108929 0.123183 0.106726 0.111728 0.130424 0.127848 0.162713 0.139465 0.127211 0.109746 0.108271 0.125823 0.123721 0.137378 0.139360 0.128094 0.144839 0.135349 0.150239 0.137837 0.128594 0.185282 0.151314 0.146400 0.113812 0.140160 0.152466 0.163680 0.177111 0.200190 0.116188 0.153575 0.169391 0.128367 0.114130 0.142185
0.075497 0.076656 0.075076 0.066453 0.064794 0.090306 0.080005 0.086925 0.089946 0.093372 0.091678 0.082748 0.077861 0.110043 0.109526 0.071110 0.112357 0.095181 0.066075 0.068675 0.078151 0.080706 0.052957 0.089226 0.070373 0.092591 0.078130 0.065215 0.071658 0.131218 0.128752 0.117140 0.114129 0.123407 0.132745 0.101424 0.110669 0.134706 0.110222 0.077685
0.104009 0.108043 0.112296 0.089696 0.092305 0.125254 0.085101 0.118593 0.097122 0.128393 0.151721 0.109327 0.088486 0.097181 0.116316 0.117617 0.125961 0.106499 0.109491 0.098975 0.108439 0.098122 0.112271 0.122494 0.088435 0.130209 0.113113 0.091999 0.106809 0.121228 0.139933 0.157617 0.144189 0.167540 0.180277 0.146490 0.124865 0.174283 0.141815 0.125712
0.110882 0.117637 0.124225 0.110063 0.087014 0.123353 0.102629 0.137944 0.130432 0.106207 0.112072 0.093091 0.067337 0.086746 0.093046 0.093288 0.122749 0.121493 0.096576 0.129874 0.111335 0.115398 0.083147 0.113734 0.065189 0.112880 0.131828 0.116664 0.081095 0.157542 0.144317 0.123680 0.132328 0.096581 0.084560 0.106932 0.121880 0.145354 0.148728 0.113348
0.131984 0.102490 0.112293 0.084615 0.110828 0.153703 0.097743 0.133915 0.107540 0.095219 0.136280 0.131328 0.097795 0.097324 0.102749 0.136084 0.118138 0.113498 0.115611 0.120687 0.128061 0.095620 0.114376 0.135302 0.105514 0.123068 0.125221 0.120329 0.107581 0.129603 0.150473 0.123094 0.117756 0.141515 0.122597 0.123652 0.158114 0.179221 0.109125 0.165053
0.104387 0.103127 0.099171 0.071255 0.068256 0.091151 0.061230 0.089990 0.106674 0.078876 0.098530 0.073317 0.074533 0.079808 0.070372 0.089298 0.087460 0.103280 0.076663 0.103387 0.088061 0.100175 0.088504 0.088046 0.038258 0.082357 0.104600 0.067107 0.065791 0.104305 0.100220 0.122183 0.113550 0.085224 0.072505 0.069479 0.096827 0.124561 0.125881 0.108086
