0.066810 0.090588 0.102013 0.075170 0.049846 0.068057 0.063118 0.093849 0.073335 0.053848 0.089295 0.103128 0.062285 0.061182 0.075524 0.056440 0.080813 0.104644 0.106963 0.092208 0.101056 0.074786 0.118719 0.092155 0.109386 0.170553 0.098038 0.120017 0.095187 0.069733 0.097440 0.063133 0.106012 0.086914 0.091765 0.067117 0.088625 0.077005 0.056575 0.111014
0.051700 0.092481 0.113620 0.074459 0.070593 0.076295 0.062111 0.095793 0.057265 0.033448 0.085712 0.092542 0.060289 0.074968 0.070951 0.053772 0.057619 0.081289 0.090013 0.073596 0.086160 0.070543 0.096465 0.086867 0.063976 0.095337 0.051141 0.065975 0.066813 0.026826 0.073122 0.082348 0.097132 0.083869 0.092823 0.065417 0.077165 0.099329 0.056899 0.124216
0.076799 0.064651 0.073330 0.094691 0.068067 0.054251 0.050951 0.105795 0.060524 0.056741 0.105504 0.076064 0.055532 0.064754 0.063104 0.068743 0.072894 0.100658 0.097516 0.092535 0.068277 0.070949 0.080856 0.070234 0.066891 0.118371 0.084345 0.078420 0.092806 0.071811 0.112882 0.058281 0.104126 0.076220 0.063951 0.044924 0.064438 0.063350 0.041496 0.089895
0.072581 0.114628 0.124838 0.055954 0.100488 0.107964 0.088793 0.106641 0.066449 0.085725 0.119685 0.088567 0.101867 0.117303 0.085392 0.113906 0.099007 0.080003 0.103157 0.074180 0.123754 0.068675 0.100751 0.103867 0.078687 0.083933 0.075835 0.088200 0.060923 0.062042 0.080290 0.082714 0.084794 0.109210 0.092817 0.110320 0.096128 0.112205 0.092857 0.107197
0.051542 0.056838 0.087708 0.044271 0.041727 0.092259 0.053392 0.039711 0.031925 0.048224 0.071554 0.069899 0.030578 0.056102 0.038347 0.048184 0.046311 0.057822 0.060630 0.060194 0.106207 0.066956 0.067509 0.063336 0.047654 0.073974 0.069927 0.062005 0.029084 0.036158 0.048727 0.056070 0.053558 0.058901 0.056217 0.082417 0.063111 0.055214 0.057639 0.074954
0.086465 0.105188 0.121847 0.111356 0.137013 0.105370 0.110723 0.137174 0.115635 0.095593 0.137922 0.136467 0.131912 0.129856 0.122309 0.106323 0.112000 0.122926 0.126421 0.115802 0.110284 0.119834 0.108614 0.131470 0.113771 0.147864 0.108519 0.099011 0.118377 0.101805 0.106069 0.133007 0.150141 0.128202 0.115336 0.099536 0.131791 0.140495 0.088099 0.140541
0.073604 0.080069 0.102532 0.079942 0.126825 0.108181 0.076492 0.138442 0.124575 0.085044 0.139979 0.096990 0.095250 0.118642 0.094784 0.114603 0.083345 0.116154 0.103790 0.102349 0.073135 0.077230 0.089767 0.100442 0.085865 0.101636 0.074163 0.093105 0.107383 0.096648 0.107277 0.098389 0.114120 0.101423 0.070017 0.074928 0.087131 0.121194 0.092457 0.117617
0.085602 0.060963 0.070875 0.073599 0.080683 0.142115 0.088536 0.106747 0.116998 0.128109 0.140580 0.064774 0.073923 0.086906 0.061008 0.111444 0.108303 0.126683 0.085996 0.114812 0.087066 0.089656 0.075096 0.081849 0.074935 0.096843 0.137139 0.120203 0.106364 0.144051 0.163882 0.103684 0.103741 0.084913 0.062577 0.075643 0.097683 0.107938 0.109703 0.098480
0.050430 0.069395 0.062017 0.079416 0.050990 0.060072 0.071195 0.082446 0.077716 0.085752 0.113879 0.047435 0.066480 0.062433 0.047292 0.065240 0.092073 0.102090 0.076871 0.082479 0.058101 0.065819 0.043137 0.042425 0.069126 0.090369 0.097702 0.074454 0.093983 0.105159 0.101574 0.063278 0.090696 0.058334 0.043440 0.035851 0.065681 0.056556 0.051994 0.058542
0.053758 0.075001 0.093213 0.103515 0.107171 0.103255 0.094367 0.147597 0.124072 0.117367 0.153576 0.095376 0.080902 0.086827 0.081194 0.099313 0.081145 0.123680 0.112001 0.112766 0.058482 0.078736 0.067529 0.075652 0.102838 0.112513 0.098930 0.111215 0.123149 0.141827 0.161352 0.110588 0.119078 0.090731 0.079897 0.073753 0.120092 0.133271 0.064778 0.114807
0.091354 0.106899 0.102983 0.087174 0.093950 0.053317 0.077207 0.110300 0.121699 0.093940 0.123753 0.102471 0.103336 0.091512 0.071920 0.104031 0.097227 0.122662 0.099207 0.084997 0.091885 0.085170 0.071140 0.108296 0.071497 0.086712 0.087226 0.055966 0.089088 0.128059 0.133450 0.142314 0.150528 0.145572 0.097833 0.097623 0.131234 0.100610 0.058646 0.087476
0.038293 0.075201 0.074332 0.063440 0.087872 0.090426 0.076863 0.079505 0.061228 0.107684 0.153006 0.081031 0.102017 0.122113 0.071326 0.092720 0.068586 0.068829 0.087379 0.061821 0.070459 0.061859 0.097718 0.102224 0.091603 0.117698 0.131793 0.082923 0.111484 0.103840 0.127326 0.121688 0.101171 0.102945 0.105424 0.067637 0.106694 0.082635 0.057145 0.109472
0.102789 0.105695 0.131489 0.101814 0.129623 0.124405 0.092831 0.102781 0.091638 0.088844 0.159547 0.135346 0.098979 0.137882 0.120240 0.114472 0.121186 0.139306 0.106644 0.115386 0.133337 0.119996 0.113085 0.114488 0.105998 0.153790 0.097862 0.083047 0.103412 0.090101 0.129502 0.132252 0.146098 0.143666 0.143274 0.121588 0.121057 0.142199 0.110811 0.133906
0.082538 0.072420 0.066200 0.081371 0.086951 0.099283 0.063451 0.099884 0.056903 0.096266 0.096051 0.093894 0.055838 0.062485 0.075585 0.095417 0.091288 0.087812 0.104827 0.079850 0.098823 0.088900 0.097836 0.100817 0.069944 0.126821 0.099142 0.083701 0.073636 0.086996 0.093731 0.076045 0.087396 0.124797 0.091907 0.106196 0.085692 0.082607 0.069091 0.108243
0.119584 0.132921 0.124877 0.116548 0.150996 0.132970 0.118519 0.155128 0.121649 0.136534 0.166627 0.142105 0.153450 0.164518 0.154122 0.162011 0.166563 0.149816 0.159649 0.135637 0.143386 0.120295 0.146085 0.150291 0.138537 0.178907 0.119783 0.121498 0.143202 0.131642 0.143190 0.133614 0.170565 0.157155 0.142915 0.116150 0.130617 0.141402 0.107359 0.158416
0.084377 0.116264 0.119070 0.116116 0.126247 0.104614 0.120237 0.165716 0.130871 0.139400 0.148321 0.108005 0.118797 0.142632 0.129638 0.125387 0.149421 0.175759 0.151699 0.127599 0.106085 0.112466 0.120437 0.116590 0.123338 0.157655 0.107859 0.130303 0.138190 0.127683 0.159167 0.118421 0.157687 0.112846 0.114578 0.091756 0.105888 0.116598 0.097018 0.118527
0.082447 0.089549 0.097174 0.085863 0.086689 0.095229 0.089014 0.125746 0.115636 0.104273 0.146495 0.118892 0.107456 0.114494 0.101396 0.110002 0.108633 0.137554 0.129440 0.108252 0.084172 0.079187 0.118635 0.096902 0.118753 0.133235 0.103699 0.091684 0.125689 0.124632 0.126172 0.122486 0.140310 0.111980 0.116265 0.060754 0.120826 0.128620 0.081866 0.147822
0.119477 0.108910 0.104333 0.112867 0.101937 0.134561 0.108358 0.162829 0.133711 0.130323 0.148274 0.092955 0.089382 0.095608 0.114728 0.130821 0.156786 0.157068 0.134267 0.149225 0.096814 0.097842 0.112532 0.125530 0.114456 0.142145 0.132931 0.148414 0.133881 0.148385 0.183732 0.121290 0.128820 0.089585 0.120232 0.083711 0.120992 0.164507 0.125095 0.130158
0.093331 0.086457 0.097879 0.052397 0.078889 0.119270 0.081418 0.091774 0.091680 0.109687 0.140795 0.095117 0.095778 0.100182 0.095314 0.120684 0.108338 0.113337 0.096734 0.097333 0.105426 0.081702 0.101404 0.118528 0.067883 0.095386 0.117552 0.063178 0.074141 0.130358 0.119458 0.156861 0.122362 0.155242 0.113194 0.106488 0.123968 0.129771 0.099540 0.141406
0.066917 0.067134 0.097030 0.072966 0.098439 0.087346 0.083175 0.095284 0.092091 0.106266 0.112850 0.066125 0.084115 0.131194 0.074639 0.092248 0.095850 0.124057 0.098353 0.067999 0.101914 0.104055 0.080448 0.100636 0.054278 0.091463 0.090956 0.063993 0.054685 0.077421 0.094596 0.103002 0.119881 0.089119 0.069698 0.083895 0.067173 0.053909 0.092919 0.084627
0.080832 0.060655 0.085003 0.061196 0.074167 0.064562 0.043815 0.089534 0.074408 0.043528 0.107247 0.096473 0.078927 0.084981 0.079458 0.083457 0.060260 0.098453 0.084477 0.076900 0.059615 0.073863 0.100624 0.091632 0.064381 0.090705 0.062021 0.045649 0.081677 0.051664 0.082629 0.100994 0.108023 0.099852 0.089853 0.053345 0.077115 0.099467 0.061786 0.128240
0.137858 0.116883 0.139690 0.108419 0.114164 0.102656 0.108779 0.119257 0.107329 0.102807 0.132383 0.143010 0.098642 0.119528 0.124260 0.109711 0.129677 0.131573 0.154941 0.119392 0.137984 0.109066 0.165421 0.152603 0.128555 0.160707 0.123487 0.120231 0.101270 0.092549 0.129818 0.119285 0.139691 0.123012 0.126815 0.115974 0.126317 0.126789 0.119492 0.144770
0.021238 0.072184 0.082318 0.044660 0.026510 0.049946 0.044573 0.034567 0.025547 0.000842 0.028913 0.055332 0.023983 0.020883 0.030512 0.016281 0.030673 0.025585 0.038764 0.046430 0.073285 0.046043 0.037587 0.037109 0.047000 0.058754 0.031652 0.054882 0.025690 0.016659 0.013720 0.031183 0.044208 0.039695 0.042217 0.054764 0.056161 0.058994 0.028298 0.058755
0.101568 0.094836 0.095229 0.085923 0.112778 0.087396 0.102578 0.109752 0.101400 0.104003 0.112693 0.139319 0.109766 0.080713 0.134106 0.097871 0.112721 0.123692 0.130764 0.113900 0.092071 0.109565 0.160602 0.145659 0.150246 0.196236 0.140918 0.144761 0.134238 0.115560 0.137940 0.112535 0.121711 0.118221 0.104309 0.104520 0.115213 0.115932 0.083631 0.101325
0.105454 0.096777 0.085765 0.097328 0.114200 0.116644 0.103032 0.108408 0.083745 0.151285 0.141874 0.128912 0.109663 0.093647 0.127947 0.123960 0.121759 0.113370 0.142831 0.109555 0.117746 0.123187 0.183909 0.172491 0.164491 0.232411 0.205334 0.170293 0.154096 0.137098 0.156259 0.123926 0.119721 0.132461 0.138548 0.112560 0.124041 0.103616 0.090865 0.128329
0.116061 0.091679 0.086291 0.084920 0.111813 0.109956 0.104771 0.102907 0.085747 0.133134 0.132332 0.137427 0.109559 0.093285 0.134196 0.124699 0.112569 0.118277 0.138806 0.100210 0.120315 0.119823 0.180350 0.181557 0.159552 0.226079 0.203874 0.153731 0.155360 0.130156 0.144591 0.127757 0.116803 0.125508 0.141471 0.109955 0.123981 0.110989 0.084267 0.134739
0.120394 0.112648 0.110528 0.110951 0.110548 0.125439 0.118465 0.122512 0.098235 0.140264 0.146318 0.141371 0.105450 0.105878 0.136362 0.114514 0.133526 0.142717 0.151883 0.126261 0.138943 0.131056 0.181294 0.180500 0.158819 0.232294 0.212694 0.175157 0.156709 0.143079 0.177223 0.135677 0.137915 0.129903 0.137589 0.118885 0.135212 0.107389 0.098279 0.137526
0.104539 0.104219 0.098359 0.113624 0.129762 0.120432 0.118412 0.124610 0.122892 0.138777 0.170342 0.140288 0.122493 0.103592 0.122856 0.110815 0.105940 0.127937 0.136876 0.118870 0.103098 0.122422 0.142039 0.157660 0.157771 0.207764 0.202706 0.152838 0.172694 0.168778 0.170121 0.137861 0.133647 0.128995 0.114396 0.095529 0.148227 0.135625 0.090802 0.137280
0.111922 0.083143 0.087824 0.102016 0.115040 0.136541 0.114744 0.112220 0.130021 0.145927 0.150353 0.097808 0.091367 0.089688 0.095149 0.119969 0.123121 0.139199 0.120237 0.129017 0.107526 0.121436 0.124178 0.120079 0.114622 0.147244 0.181518 0.144570 0.123720 0.163607 0.180509 0.124445 0.130182 0.107328 0.074741 0.095215 0.119614 0.113147 0.126591 0.104752
0.107697 0.132406 0.144784 0.120995 0.121150 0.161711 0.116710 0.158164 0.154044 0.128577 0.175247 0.116271 0.098411 0.119067 0.115237 0.128184 0.135625 0.158851 0.125466 0.155032 0.118150 0.125282 0.101716 0.115483 0.100664 0.144168 0.144485 0.134319 0.126426 0.175399 0.187598 0.165982 0.157033 0.127003 0.127740 0.115483 0.154262 0.198460 0.149906 0.157562
0.134216 0.129312 0.139554 0.124316 0.133119 0.133153 0.128469 0.162866 0.161039 0.162545 0.194564 0.125292 0.143414 0.134495 0.112841 0.171670 0.162325 0.167111 0.138371 0.144802 0.132257 0.131986 0.120726 0.154313 0.124452 0.149291 0.167076 0.136796 0.151103 0.195670 0.205574 0.181367 0.191948 0.164560 0.141011 0.129004 0.167857 0.159691 0.121051 0.141159
0.118292 0.129082 0.139988 0.097383 0.118686 0.140143 0.100860 0.126073 0.132099 0.141301 0.208226 0.120088 0.108597 0.122366 0.105060 0.156554 0.145294 0.158105 0.113515 0.132404 0.124057 0.109877 0.107287 0.131771 0.101019 0.140348 0.145766 0.102787 0.119866 0.186104 0.209777 0.189060 0.165235 0.189162 0.154856 0.146649 0.159864 0.174683 0.120567 0.131381
0.115753 0.111225 0.122543 0.101322 0.108281 0.121637 0.088103 0.124597 0.118245 0.133598 0.192585 0.121460 0.109079 0.116920 0.098599 0.138223 0.128293 0.159723 0.117929 0.133618 0.117475 0.101766 0.119048 0.130030 0.090670 0.133803 0.130591 0.085309 0.117513 0.150947 0.201847 0.178497 0.163103 0.175382 0.138452 0.125682 0.150493 0.149765 0.099562 0.143357
0.102190 0.120652 0.118798 0.096174 0.109157 0.104145 0.093103 0.136368 0.130707 0.104722 0.157492 0.140156 0.091272 0.118775 0.121911 0.123326 0.122613 0.141448 0.133533 0.099451 0.106648 0.084448 0.109480 0.109788 0.116315 0.143170 0.097991 0.093990 0.126919 0.128953 0.163539 0.166660 0.177768 0.175728 0.174238 0.141933 0.158589 0.164418 0.111717 0.134099
0.111191 0.135123 0.145145 0.112343 0.107385 0.121421 0.105185 0.110204 0.128559 0.126050 0.160387 0.137479 0.125376 0.108186 0.106726 0.124032 0.121967 0.135456 0.137342 0.126245 0.142723 0.133386 0.148040 0.135875 0.126757 0.182602 0.149144 0.144270 0.112218 0.138209 0.150317 0.161307 0.174534 0.197257 0.114538 0.151336 0.166936 0.126556 0.112477 0.140142
0.074406 0.075557 0.073964 0.065478 0.063911 0.089025 0.078848 0.085670 0.088637 0.092042 0.090342 0.081530 0.076746 0.108437 0.107891 0.070109 0.110728 0.093858 0.065147 0.067689 0.077042 0.079549 0.052218 0.087954 0.069362 0.091280 0.077013 0.064277 0.070638 0.129261 0.126881 0.115416 0.112440 0.121619 0.130733 0.099914 0.109077 0.132693 0.108544 0.076606
0.102448 0.106417 0.110588 0.088357 0.090971 0.123389 0.083811 0.116833 0.095696 0.126477 0.149445 0.107705 0.087155 0.095718 0.114532 0.115880 0.124063 0.104936 0.107877 0.097509 0.106832 0.096661 0.110613 0.120669 0.087131 0.128284 0.111432 0.090671 0.105228 0.119404 0.137840 0.155204 0.141986 0.165025 0.177487 0.144286 0.122999 0.171614 0.139613 0.123846
0.109214 0.115856 0.122292 0.108359 0.085713 0.121529 0.101064 0.135847 0.128464 0.104630 0.110419 0.091686 0.066324 0.085439 0.091639 0.091921 0.120915 0.119690 0.095147 0.127894 0.109635 0.113630 0.081903 0.112023 0.064229 0.111198 0.129840 0.114912 0.079908 0.155157 0.142223 0.121820 0.130305 0.095177 0.083308 0.105306 0.120050 0.143138 0.146417 0.111634
0.130073 0.101024 0.110668 0.083426 0.109250 0.151504 0.096356 0.132006 0.106055 0.093946 0.134387 0.129442 0.096405 0.095971 0.101299 0.134150 0.116477 0.111958 0.113971 0.118984 0.126203 0.094281 0.112770 0.133375 0.104000 0.121348 0.123481 0.118602 0.106086 0.127821 0.148397 0.121398 0.116117 0.139529 0.120854 0.121877 0.155826 0.176611 0.107568 0.162675
0.102820 0.101593 0.097700 0.070203 0.067262 0.089806 0.060350 0.088689 0.105091 0.077731 0.097077 0.072257 0.073416 0.078629 0.069324 0.087981 0.086156 0.101756 0.075565 0.101837 0.086743 0.098667 0.087197 0.086747 0.037757 0.081178 0.103059 0.066160 0.064869 0.102772 0.098786 0.120332 0.111835 0.083972 0.071463 0.068476 0.095391 0.122723 0.123951 0.106447
