0.067682 0.091730 0.103270 0.076121 0.050461 0.068937 0.063958 0.095004 0.074272 0.054497 0.090293 0.104423 0.063067 0.061968 0.076485 0.057137 0.081836 0.105925 0.108271 0.093369 0.102339 0.075735 0.120165 0.093296 0.110760 0.172413 0.099207 0.121493 0.096360 0.070585 0.098552 0.063920 0.107335 0.087996 0.092922 0.067964 0.089757 0.077931 0.057315 0.112365
0.052368 0.093677 0.115030 0.075425 0.071516 0.077307 0.062967 0.096976 0.058024 0.033846 0.086786 0.093723 0.061071 0.075893 0.071877 0.054473 0.058393 0.082320 0.091158 0.074559 0.087288 0.071494 0.097689 0.087992 0.064831 0.096495 0.051823 0.066846 0.067643 0.027145 0.074005 0.083356 0.098342 0.084960 0.094003 0.066293 0.078198 0.100557 0.057647 0.125705
0.077763 0.065456 0.074244 0.095834 0.068911 0.054906 0.051583 0.107023 0.061269 0.057432 0.106670 0.076972 0.056205 0.065559 0.063866 0.069576 0.073780 0.101855 0.098674 0.093639 0.069125 0.071832 0.081821 0.071078 0.067707 0.119714 0.085340 0.079364 0.093891 0.072643 0.114157 0.058993 0.105333 0.077156 0.064700 0.045463 0.065238 0.064029 0.042003 0.090907
0.073541 0.116161 0.126469 0.056742 0.101865 0.109367 0.090041 0.108093 0.067372 0.086836 0.121241 0.089798 0.103254 0.118809 0.086591 0.115379 0.100364 0.081066 0.104580 0.075221 0.125363 0.069604 0.102102 0.105247 0.079793 0.085037 0.076765 0.089419 0.061765 0.062866 0.081367 0.083751 0.085890 0.110595 0.094032 0.111797 0.097431 0.113698 0.094118 0.108607
0.052205 0.057560 0.088811 0.044891 0.042300 0.093363 0.054123 0.040264 0.032361 0.048739 0.072424 0.070829 0.031000 0.056801 0.038878 0.048783 0.046935 0.058556 0.061441 0.061017 0.107481 0.067845 0.068381 0.064163 0.048314 0.074953 0.070798 0.062837 0.029486 0.036626 0.049311 0.056810 0.054290 0.059685 0.056980 0.083471 0.063964 0.055945 0.058388 0.075937
0.087523 0.106507 0.123381 0.112768 0.138705 0.106705 0.112132 0.138855 0.117080 0.096748 0.139624 0.138145 0.133501 0.131424 0.123836 0.107659 0.113385 0.124420 0.128011 0.117275 0.111688 0.121318 0.109970 0.133109 0.115212 0.149640 0.109835 0.100273 0.119833 0.103030 0.107372 0.134614 0.151977 0.129773 0.116758 0.100824 0.133409 0.142165 0.089225 0.142242
0.074504 0.081121 0.103870 0.080980 0.128455 0.109577 0.077533 0.140151 0.126160 0.086172 0.141732 0.098224 0.096496 0.120165 0.096036 0.116083 0.084462 0.117651 0.105136 0.103688 0.074130 0.078244 0.090907 0.101732 0.087001 0.102910 0.075105 0.094319 0.108761 0.097851 0.108638 0.099570 0.115535 0.102720 0.070866 0.075946 0.088259 0.122704 0.093692 0.119038
0.086633 0.061748 0.071767 0.074563 0.081705 0.143793 0.089685 0.108081 0.118452 0.129680 0.142203 0.065605 0.074885 0.088008 0.061791 0.112833 0.109650 0.128234 0.087108 0.116256 0.088120 0.090809 0.075994 0.082855 0.075898 0.098066 0.138814 0.121694 0.107696 0.145763 0.165754 0.104989 0.105035 0.085928 0.063375 0.076560 0.098929 0.109261 0.111085 0.099739
0.051069 0.070315 0.062824 0.080440 0.051668 0.060862 0.072125 0.083509 0.078741 0.086837 0.115211 0.048067 0.067357 0.063251 0.047930 0.066075 0.093252 0.103367 0.077859 0.083530 0.058848 0.066690 0.043639 0.042939 0.070031 0.091494 0.098929 0.075403 0.095151 0.106465 0.102803 0.064121 0.091780 0.059066 0.044028 0.036307 0.066552 0.057256 0.052696 0.059322
0.054404 0.075957 0.094387 0.104826 0.108504 0.104541 0.095566 0.149343 0.125587 0.118822 0.155390 0.096518 0.081925 0.087932 0.082226 0.100551 0.082174 0.125185 0.113379 0.114170 0.059226 0.079732 0.068306 0.076575 0.104150 0.113869 0.100166 0.112591 0.124650 0.143468 0.163190 0.111939 0.120514 0.091801 0.080882 0.074651 0.121520 0.134845 0.065609 0.116180
0.092458 0.108212 0.104251 0.088258 0.095143 0.053973 0.078167 0.111645 0.123201 0.095097 0.125258 0.103726 0.104566 0.092631 0.072815 0.105317 0.098427 0.124140 0.100432 0.086059 0.093045 0.086232 0.072021 0.109639 0.072394 0.087762 0.088300 0.056657 0.090193 0.129531 0.134954 0.143972 0.152289 0.147289 0.099022 0.098828 0.132767 0.101807 0.059387 0.088513
0.038751 0.076117 0.075224 0.064229 0.088940 0.091520 0.077780 0.080464 0.061974 0.108957 0.154667 0.082004 0.103220 0.123564 0.072194 0.093844 0.069408 0.069668 0.088435 0.062558 0.071334 0.062602 0.098891 0.103390 0.092706 0.119013 0.133185 0.083866 0.112743 0.105039 0.128777 0.123076 0.102342 0.104155 0.106682 0.068434 0.107927 0.083609 0.057847 0.110777
0.104081 0.107030 0.133154 0.103110 0.131247 0.125954 0.094048 0.104027 0.092824 0.089899 0.161450 0.137066 0.100198 0.139544 0.121763 0.115920 0.122715 0.141021 0.107977 0.116873 0.135005 0.121504 0.114500 0.115915 0.107364 0.155672 0.099099 0.084132 0.104707 0.091226 0.131068 0.133880 0.147906 0.145457 0.145038 0.123127 0.122614 0.143914 0.112225 0.135531
0.083575 0.073322 0.067032 0.082346 0.088046 0.100445 0.064260 0.101076 0.057587 0.097405 0.097209 0.095045 0.056543 0.063239 0.076531 0.096564 0.092407 0.088851 0.106100 0.080822 0.100005 0.090002 0.099025 0.102059 0.070816 0.128308 0.100334 0.084738 0.074533 0.088042 0.094849 0.076986 0.088463 0.126239 0.093005 0.107475 0.086761 0.083561 0.069910 0.109505
0.121122 0.134662 0.126508 0.118041 0.152918 0.134667 0.120079 0.157106 0.123230 0.138279 0.168657 0.143911 0.155401 0.166563 0.156104 0.164075 0.168673 0.151666 0.161678 0.137387 0.145219 0.121813 0.147932 0.152205 0.140309 0.181098 0.121256 0.123084 0.145037 0.133302 0.144978 0.135250 0.172683 0.159104 0.144705 0.117656 0.132243 0.143154 0.108740 0.160364
0.085472 0.117813 0.120626 0.117632 0.127884 0.106005 0.121828 0.167816 0.132585 0.141204 0.150160 0.109382 0.120352 0.144427 0.131336 0.127043 0.151329 0.177956 0.153632 0.129283 0.107481 0.113901 0.121949 0.118076 0.124954 0.159603 0.109240 0.132015 0.139979 0.129312 0.161106 0.119909 0.159630 0.114269 0.116032 0.092955 0.107285 0.118067 0.098298 0.120028
0.083448 0.090709 0.098390 0.086954 0.087777 0.096453 0.090162 0.127295 0.117105 0.105585 0.148187 0.120357 0.108803 0.115923 0.102689 0.111381 0.110007 0.139253 0.131028 0.109606 0.085259 0.080191 0.120042 0.098096 0.120242 0.134811 0.104996 0.092828 0.127229 0.126127 0.127684 0.123933 0.141991 0.113332 0.117732 0.061520 0.122291 0.130162 0.082928 0.149592
0.121034 0.110350 0.105710 0.114380 0.103282 0.136267 0.109823 0.164895 0.135438 0.132025 0.150098 0.094160 0.090599 0.096895 0.116252 0.132533 0.158800 0.159067 0.135996 0.151163 0.098101 0.099137 0.113957 0.127168 0.115955 0.143918 0.134627 0.150329 0.135600 0.150195 0.185941 0.122871 0.130492 0.090710 0.121813 0.084818 0.122597 0.166536 0.126710 0.131831
0.094472 0.087549 0.099109 0.053061 0.079893 0.120701 0.082464 0.092936 0.092814 0.111040 0.142497 0.096290 0.096977 0.101376 0.096534 0.122143 0.109681 0.114707 0.097961 0.098533 0.106730 0.082736 0.102672 0.120016 0.068721 0.096578 0.118984 0.063956 0.075073 0.131902 0.120843 0.158695 0.123852 0.157063 0.114611 0.107795 0.125425 0.131333 0.100774 0.143122
0.067734 0.067959 0.098245 0.073899 0.099672 0.088376 0.084237 0.096469 0.093239 0.107550 0.114213 0.066962 0.085150 0.132718 0.075579 0.093407 0.097013 0.125547 0.099596 0.068880 0.103134 0.105320 0.081451 0.101885 0.054969 0.092578 0.092088 0.064807 0.055376 0.078393 0.095778 0.104258 0.121312 0.090195 0.070543 0.084954 0.068043 0.054548 0.094090 0.085695
0.081802 0.061412 0.086046 0.061944 0.075104 0.065378 0.044373 0.090586 0.075339 0.044068 0.108529 0.097632 0.079899 0.086009 0.080447 0.084491 0.061026 0.099659 0.085499 0.077845 0.060385 0.074800 0.101861 0.092769 0.065186 0.091746 0.062798 0.046207 0.082656 0.052268 0.083619 0.102168 0.109291 0.101063 0.090951 0.054023 0.078081 0.100645 0.062565 0.129702
0.139639 0.118440 0.141491 0.109863 0.115665 0.103981 0.110257 0.120738 0.108765 0.104106 0.134052 0.144806 0.099949 0.121082 0.125890 0.111148 0.131341 0.133240 0.156928 0.120995 0.139756 0.110511 0.167508 0.154559 0.130190 0.162677 0.125049 0.121830 0.102560 0.093712 0.131467 0.120802 0.141461 0.124605 0.128461 0.117527 0.128010 0.128394 0.121086 0.146606
0.021563 0.073149 0.083373 0.045322 0.026917 0.050670 0.045230 0.035085 0.025937 0.000811 0.029344 0.056119 0.024352 0.021194 0.030970 0.016517 0.031135 0.025966 0.039338 0.047109 0.074259 0.046719 0.038151 0.037660 0.047687 0.059578 0.032130 0.055663 0.026081 0.016910 0.013905 0.031650 0.044853 0.040282 0.042842 0.055547 0.056957 0.059826 0.028729 0.059581
0.102895 0.096104 0.096471 0.087063 0.114242 0.088568 0.103931 0.111105 0.102743 0.105378 0.114153 0.141002 0.111178 0.081794 0.135837 0.099162 0.114145 0.125264 0.132435 0.115426 0.093297 0.110964 0.162599 0.147460 0.152104 0.198520 0.142544 0.146625 0.135967 0.117019 0.139635 0.113954 0.123276 0.119732 0.105635 0.105881 0.116706 0.117418 0.084752 0.102598
0.106841 0.098023 0.086857 0.098590 0.115649 0.118099 0.104354 0.109740 0.084830 0.153138 0.143577 0.130469 0.111050 0.094827 0.129565 0.125513 0.123251 0.114786 0.144621 0.110964 0.119216 0.124744 0.186160 0.174561 0.166487 0.235050 0.207638 0.172400 0.155966 0.138776 0.158165 0.125506 0.121257 0.134073 0.140270 0.113966 0.125646 0.104921 0.092014 0.129920
0.117567 0.092862 0.087400 0.086037 0.113242 0.111342 0.106121 0.104170 0.086859 0.134783 0.133970 0.139087 0.110949 0.094473 0.135901 0.126265 0.113961 0.119760 0.140552 0.101527 0.121824 0.121351 0.182566 0.183747 0.161500 0.228662 0.206179 0.155661 0.157261 0.131768 0.146387 0.129382 0.118320 0.127060 0.143234 0.111360 0.125593 0.112388 0.085353 0.136405
0.121964 0.114096 0.111928 0.112401 0.111957 0.126994 0.119997 0.124026 0.099521 0.141972 0.148084 0.143105 0.106788 0.107228 0.138092 0.115968 0.135155 0.144484 0.153796 0.127904 0.140684 0.132733 0.183525 0.182685 0.160769 0.234977 0.215102 0.177350 0.158625 0.144811 0.179322 0.137395 0.139677 0.131533 0.139317 0.120396 0.136966 0.108732 0.099544 0.139246
0.105850 0.105543 0.099592 0.115083 0.131381 0.121948 0.119909 0.126088 0.124445 0.140475 0.172394 0.141975 0.124013 0.104896 0.124400 0.112204 0.107237 0.129521 0.138589 0.120387 0.104404 0.123964 0.143732 0.159513 0.159690 0.210126 0.205004 0.154700 0.174753 0.170778 0.172180 0.139573 0.135296 0.130589 0.115801 0.096747 0.150060 0.137268 0.091985 0.138955
0.113326 0.084241 0.088952 0.103370 0.116517 0.138210 0.116259 0.113599 0.131689 0.147761 0.152174 0.099026 0.092577 0.090850 0.096376 0.121499 0.124641 0.140937 0.121807 0.130694 0.108875 0.123012 0.125692 0.121567 0.116035 0.149092 0.183718 0.146412 0.125295 0.165586 0.182665 0.126057 0.131833 0.108680 0.075703 0.096438 0.121181 0.114578 0.128234 0.106125
0.109078 0.134109 0.146640 0.122607 0.122739 0.163779 0.118264 0.160143 0.156025 0.130211 0.177402 0.117789 0.099696 0.120609 0.116768 0.129853 0.137396 0.160885 0.127072 0.157040 0.119716 0.126946 0.102994 0.116964 0.101982 0.146014 0.146342 0.136047 0.128039 0.177531 0.189838 0.168070 0.159039 0.128597 0.129358 0.116992 0.156218 0.200884 0.151837 0.159542
0.135927 0.130988 0.141367 0.125961 0.134850 0.134815 0.130168 0.164957 0.163073 0.164629 0.196953 0.126910 0.145268 0.136233 0.114341 0.173832 0.164432 0.169213 0.140165 0.146689 0.133938 0.133725 0.122277 0.156297 0.126094 0.151202 0.169190 0.138562 0.153055 0.198070 0.208066 0.183668 0.194352 0.166576 0.142835 0.130653 0.169978 0.161698 0.122613 0.142966
0.119761 0.130662 0.141737 0.098611 0.120189 0.141834 0.102142 0.127596 0.133727 0.143034 0.210653 0.121587 0.109909 0.123864 0.106395 0.158470 0.147101 0.160028 0.114913 0.134044 0.125611 0.111260 0.108607 0.133391 0.102291 0.142072 0.147535 0.104045 0.121358 0.188276 0.212129 0.191311 0.167242 0.191404 0.156743 0.148428 0.161780 0.176777 0.122073 0.132972
0.117155 0.112596 0.124057 0.102578 0.109629 0.123076 0.089200 0.126087 0.119699 0.135220 0.194784 0.122919 0.110383 0.118318 0.099813 0.139899 0.129854 0.161630 0.119364 0.135246 0.118923 0.103026 0.120502 0.131617 0.091781 0.135384 0.132159 0.086331 0.118932 0.152667 0.204062 0.180579 0.165037 0.177440 0.140135 0.127179 0.152258 0.151543 0.100789 0.145031
0.103507 0.122221 0.120321 0.097410 0.110557 0.105495 0.094317 0.138042 0.132386 0.106061 0.159398 0.141919 0.092445 0.120279 0.123489 0.124921 0.124199 0.143216 0.135191 0.100734 0.108041 0.085520 0.110835 0.111186 0.117824 0.144943 0.099279 0.095211 0.128546 0.130567 0.165510 0.168677 0.179968 0.177879 0.176368 0.143714 0.160538 0.166403 0.113177 0.135726
0.112631 0.136859 0.146972 0.113791 0.108795 0.122967 0.106576 0.111563 0.130203 0.127618 0.162333 0.139214 0.126988 0.109536 0.108140 0.125580 0.123539 0.137146 0.139119 0.127869 0.144523 0.135103 0.149940 0.137615 0.128394 0.184786 0.150995 0.146084 0.113656 0.139899 0.152126 0.163314 0.176677 0.199656 0.116014 0.153245 0.169014 0.128152 0.113930 0.141915
0.075381 0.076542 0.074950 0.066347 0.064678 0.090134 0.079872 0.086762 0.089780 0.093203 0.091530 0.082597 0.077719 0.109794 0.109293 0.071030 0.112105 0.094970 0.065971 0.068584 0.078044 0.080540 0.052898 0.089074 0.070290 0.092447 0.078019 0.065124 0.071571 0.130859 0.128421 0.116854 0.113880 0.123108 0.132328 0.101204 0.110398 0.134277 0.109935 0.077569
0.103847 0.107847 0.112074 0.089553 0.092170 0.124975 0.084973 0.118363 0.096980 0.128108 0.151384 0.109134 0.088351 0.096955 0.116080 0.117387 0.125732 0.106305 0.109299 0.098795 0.108226 0.097962 0.112053 0.122251 0.088324 0.129940 0.112915 0.091870 0.106611 0.120981 0.139649 0.157209 0.143856 0.167092 0.179716 0.146131 0.124641 0.173773 0.141436 0.125414
0.110664 0.117355 0.123907 0.109845 0.086844 0.123074 0.102451 0.137622 0.130134 0.106013 0.111865 0.092948 0.067259 0.086617 0.092905 0.093140 0.122514 0.121246 0.096405 0.129602 0.111099 0.115173 0.083035 0.113543 0.065106 0.112699 0.131562 0.116424 0.081001 0.157116 0.143952 0.123443 0.132041 0.096421 0.084422 0.106730 0.121645 0.144953 0.148327 0.113155
0.131683 0.102321 0.112067 0.084496 0.110642 0.153318 0.097619 0.133634 0.107364 0.095079 0.136017 0.131075 0.097637 0.097184 0.102596 0.135806 0.117946 0.113314 0.115419 0.120493 0.127775 0.095469 0.114186 0.135070 0.105344 0.122827 0.124978 0.120115 0.107411 0.129288 0.150117 0.122871 0.117582 0.141187 0.122372 0.123419 0.157736 0.178739 0.108902 0.164644
0.104130 0.102876 0.098934 0.071156 0.068181 0.090983 0.061152 0.089845 0.106466 0.078769 0.098285 0.073208 0.074379 0.079629 0.070263 0.089137 0.087317 0.103090 0.076538 0.103158 0.087909 0.099968 0.088351 0.087899 0.038228 0.082249 0.104397 0.067012 0.065715 0.104094 0.100018 0.121844 0.113244 0.085045 0.072396 0.069393 0.096633 0.124255 0.125529 0.107832
