0.482795 0.467095 0.45122 0.476503 0.45702 0.474654 0.520325 0.450952 0.434416 0.459397 0.46434 0.465193 0.486216 0.437768 0.488488 0.462319 0.495726 0.461436 0.447016 0.472622 0.471193 0.480845 0.491679 0.450116 0.440546 0.461929 0.451187 0.424399 0.489567 0.471726 0.48927 0.518072 0.469281 0.476879 0.481766 0.499115 0.440135 0.45155 0.456077 0.457098 0.464052 0.429448 0.494382 0.48764 0.480634 0.445339 0.457723 0.466281 0.49285 0.407279 0.466314 0.469954 0.525586 0.393881 0.478667 0.472426 0.474238 0.47669 0.44427 0.446646 0.446655 0.45625 
0.585329 0.580392 0.58745 0.583636 0.595687 0.555716 0.567335 0.564045 0.581461 0.591166 0.536044 0.562053 0.570342 0.577181 0.541732 0.571635 0.588346 0.604959 0.567852 0.603738 0.552215 0.574468 0.587273 0.553398 0.508163 0.590343 0.601866 0.581818 0.617188 0.584814 0.58642 0.59824 0.561368 0.595065 0.594633 0.608696 0.56392 0.529002 0.588307 0.5625 0.600291 0.53493 0.593277 0.578261 0.597756 0.576854 0.591981 0.522782 0.566547 0.585714 0.57948 0.574026 0.586957 0.595486 0.591463 0.5686 0.577821 0.56157 0.575942 0.574176 0.546961 0.545788 
0.475104 0.454148 0.503401 0.482309 0.497768 0.505069 0.497268 0.476355 0.441739 0.520147 0.434911 0.460568 0.425837 0.449697 0.427984 0.485327 0.483425 0.443082 0.496923 0.451807 0.47153 0.420079 0.415094 0.436387 0.477987 0.429698 0.480545 0.47876 0.472626 0.479484 0.458599 0.468456 0.47 0.474946 0.485884 0.478315 0.484444 0.437604 0.442492 0.479142 0.454545 0.502931 0.460285 0.436911 0.48961 0.478758 0.447563 0.472296 0.460317 0.48254 0.460744 0.48227 0.414679 0.470588 0.494891 0.493506 0.423581 0.487552 0.421702 0.4613 0.458015 0.48338 
0.454274 0.443281 0.44284 0.445407 0.457726 0.498477 0.498199 0.48081 0.480366 0.486456 0.452696 0.443452 0.467819 0.459655 0.412674 0.463303 0.462114 0.422741 0.438429 0.438636 0.455418 0.442105 0.476331 0.444653 0.453376 0.395137 0.408551 0.489146 0.473588 0.427683 0.483813 0.425486 0.463272 0.495444 0.474336 0.483262 0.455696 0.442522 0.453595 0.446215 0.422481 0.474811 0.452602 0.440758 0.507214 0.446237 0.479769 0.445199 0.421505 0.473577 0.423862 0.476519 0.430878 0.456647 0.449516 0.517495 0.484716 0.433714 0.414557 0.446281 0.484108 0.483761 
0.390501 0.443938 0.444695 0.396279 0.389091 0.393001 0.407376 0.380269 0.377315 0.450102 0.416776 0.433155 0.426497 0.357076 0.450782 0.437441 0.436382 0.417544 0.365642 0.400385 0.375 0.400798 0.363528 0.407705 0.389105 0.3792 0.399749 0.466822 0.424658 0.460542 0.3857 0.366178 0.418206 0.3454 0.382353 0.386792 0.391937 0.448663 0.435407 0.457478 0.438806 0.353945 0.397849 0.375 0.433745 0.426101 0.443609 0.375602 0.456067 0.397459 0.473186 0.44665 0.467071 0.428788 0.370203 0.442584 0.38401 0.384943 0.369258 0.390086 0.44819 0.383756 
0.585921 0.55611 0.522161 0.546341 0.547993 0.573925 0.578447 0.575137 0.569672 0.546083 0.599251 0.588918 0.566456 0.577646 0.494585 0.526667 0.542339 0.576541 0.526158 0.546263 0.536842 0.57656 0.546751 0.541471 0.545994 0.561053 0.567024 0.558739 0.549057 0.540797 0.532977 0.57767 0.600639 0.535156 0.587744 0.6 0.563126 0.602812 0.590129 0.54 0.603125 0.558952 0.548529 0.598465 0.531963 0.553521 0.585253 0.56049 0.583682 0.538298 0.562338 0.559014 0.580189 0.602657 0.572298 0.595903 0.513514 0.562025 0.557927 0.468085 0.542662 0.546547 
0.603495 0.609312 0.622318 0.565854 0.632394 0.574899 0.570175 0.611212 0.560976 0.613139 0.597594 0.586124 0.61079 0.610018 0.538136 0.619355 0.640974 0.588462 0.608866 0.61324 0.549425 0.586207 0.557325 0.577428 0.587174 0.617949 0.58 0.592532 0.596154 0.625323 0.553648 0.592643 0.588477 0.556962 0.619718 0.611231 0.619413 0.652997 0.603015 0.597701 0.622771 0.597953 0.550847 0.563043 0.607083 0.602067 0.570225 0.588652 0.585714 0.617845 0.599374 0.608407 0.575893 0.570485 0.606742 0.630137 0.573129 0.582857 0.584022 0.564202 0.62069 0.503401 
0.528616 0.508929 0.559598 0.544681 0.543344 0.515235 0.496842 0.535336 0.519274 0.544304 0.553879 0.504601 0.529132 0.502879 0.52514 0.529052 0.519004 0.536082 0.498168 0.508571 0.504702 0.492958 0.532199 0.50813 0.531599 0.489731 0.506891 0.50687 0.489362 0.546482 0.525403 0.48974 0.546584 0.521902 0.474153 0.539551 0.552972 0.524439 0.508834 0.532051 0.531303 0.50133 0.555079 0.48666 0.524609 0.493253 0.511166 0.496875 0.544034 0.511364 0.480537 0.510112 0.528455 0.50924 0.492823 0.534031 0.44898 0.507663 0.509402 0.5 0.562344 0.505364 
0.530435 0.509091 0.511194 0.518771 0.570543 0.516949 0.52394 0.517618 0.530303 0.527443 0.50905 0.481836 0.541667 0.529022 0.529851 0.543161 0.490054 0.53304 0.478261 0.499176 0.49162 0.480808 0.438563 0.494624 0.521552 0.521101 0.52381 0.465619 0.552749 0.539254 0.506667 0.530612 0.49921 0.471406 0.489496 0.497682 0.525481 0.539589 0.492933 0.458108 0.543002 0.501312 0.505929 0.492718 0.50641 0.485714 0.552693 0.475751 0.52901 0.511873 0.523913 0.524854 0.500722 0.553435 0.527103 0.462659 0.554302 0.498512 0.52231 0.517143 0.485981 0.535104 
0.514986 0.537005 0.517357 0.50463 0.51355 0.546311 0.54886 0.513333 0.506826 0.533808 0.526188 0.544283 0.527714 0.518672 0.509824 0.517961 0.534965 0.492978 0.546547 0.45297 0.485714 0.506494 0.481994 0.524618 0.468172 0.510379 0.505468 0.502959 0.49812 0.490302 0.472566 0.514382 0.513554 0.523962 0.49786 0.518681 0.514523 0.527339 0.530675 0.523302 0.525723 0.498471 0.505092 0.49631 0.537835 0.522782 0.536269 0.505291 0.4875 0.496372 0.509563 0.503411 0.491345 0.514151 0.467949 0.535878 0.533254 0.488889 0.52443 0.487179 0.538462 0.517787 
0.441939 0.493243 0.452119 0.476243 0.526749 0.456738 0.472808 0.444444 0.507267 0.458583 0.476667 0.467446 0.485232 0.446154 0.482716 0.506079 0.513661 0.497382 0.487209 0.49 0.428144 0.460714 0.449409 0.421955 0.462252 0.446372 0.513057 0.46466 0.497823 0.430723 0.514834 0.519608 0.486339 0.509259 0.502636 0.473577 0.47625 0.473498 0.469314 0.445946 0.501953 0.456 0.485159 0.484813 0.427788 0.487578 0.478889 0.476708 0.426087 0.465473 0.495775 0.415882 0.455738 0.448276 0.464229 0.414876 0.446188 0.457792 0.471875 0.484805 0.505249 0.470138 
0.460914 0.486854 0.489664 0.416174 0.433071 0.393723 0.405488 0.394095 0.478261 0.474378 0.47713 0.407816 0.503636 0.477564 0.51134 0.48062 0.495695 0.426957 0.419806 0.472644 0.428684 0.456013 0.384286 0.392683 0.476974 0.458993 0.421405 0.410995 0.363475 0.479603 0.465692 0.4511 0.523897 0.476027 0.506259 0.440285 0.466937 0.468856 0.429395 0.416315 0.4 0.44864 0.489314 0.465265 0.491028 0.482635 0.436137 0.426487 0.427689 0.394922 0.498221 0.485636 0.49723 0.420348 0.470976 0.498141 0.468379 0.495788 0.417339 0.436275 0.468917 0.453416 
0.554259 0.544304 0.557159 0.530957 0.566869 0.512195 0.469551 0.485636 0.504043 0.492424 0.507163 0.469858 0.499006 0.49668 0.550816 0.535922 0.526248 0.534582 0.487805 0.5 0.450593 0.454802 0.478827 0.494453 0.554415 0.558912 0.539683 0.449653 0.549425 0.551506 0.489051 0.439271 0.478178 0.49505 0.555738 0.576172 0.538354 0.584145 0.554131 0.575444 0.53877 0.543837 0.545732 0.548043 0.460808 0.473492 0.565476 0.519355 0.556338 0.545723 0.55814 0.5536 0.506958 0.528146 0.589255 0.560345 0.457143 0.474048 0.459283 0.495726 0.49115 0.498322 
0.622951 0.591317 0.568485 0.553892 0.597786 0.577488 0.52972 0.567391 0.612144 0.572447 0.604798 0.593023 0.586765 0.628502 0.597433 0.578873 0.572993 0.615479 0.537433 0.511879 0.575403 0.6 0.546638 0.565217 0.593698 0.572301 0.578947 0.556436 0.585337 0.567518 0.592793 0.603412 0.598667 0.573913 0.612323 0.606999 0.630194 0.56734 0.534921 0.555809 0.585502 0.599045 0.602703 0.57874 0.583222 0.608401 0.606765 0.602102 0.595238 0.576696 0.552941 0.603993 0.578616 0.523715 0.603034 0.572662 0.579848 0.616 0.595745 0.600386 0.612602 0.595687 
0.538905 0.524924 0.50935 0.523158 0.504237 0.509877 0.515695 0.472426 0.532597 0.490586 0.541667 0.496923 0.493014 0.520548 0.488462 0.462253 0.514577 0.535014 0.540582 0.523404 0.495017 0.495088 0.491094 0.50062 0.475989 0.477462 0.487047 0.513055 0.5194 0.497732 0.529412 0.469178 0.495798 0.514841 0.487437 0.541825 0.517241 0.456964 0.475793 0.531282 0.486369 0.518758 0.517738 0.490909 0.533917 0.511327 0.499368 0.492435 0.536424 0.504481 0.521942 0.524752 0.506831 0.489241 0.5 0.495272 0.524913 0.483721 0.560317 0.475649 0.502404 0.537347 
0.504994 0.494993 0.489499 0.499474 0.478395 0.469641 0.484808 0.482115 0.471735 0.517857 0.492857 0.510474 0.50933 0.493528 0.483835 0.482163 0.464646 0.482482 0.481973 0.476449 0.464481 0.479915 0.511082 0.502904 0.462136 0.466539 0.477639 0.49387 0.4967 0.455665 0.465517 0.495775 0.504545 0.455446 0.494311 0.538023 0.467033 0.46564 0.483819 0.461988 0.469055 0.468323 0.479508 0.496411 0.481663 0.51831 0.4816 0.455017 0.462751 0.469083 0.496933 0.478462 0.498599 0.52766 0.471488 0.489879 0.467775 0.485753 0.469136 0.438202 0.44921 0.420455 
0.527349 0.51992 0.533662 0.573472 0.521472 0.504348 0.525324 0.553341 0.555809 0.554299 0.522652 0.529915 0.482976 0.512658 0.53149 0.493827 0.527457 0.523346 0.516696 0.489431 0.542424 0.572638 0.496372 0.541219 0.554095 0.491591 0.521438 0.541775 0.537118 0.534351 0.52765 0.521395 0.52534 0.518116 0.549393 0.560588 0.575676 0.522251 0.526132 0.522772 0.537747 0.543964 0.496805 0.539928 0.525956 0.527529 0.530758 0.569579 0.520737 0.509288 0.511565 0.542897 0.535599 0.579545 0.552727 0.466667 0.54023 0.554974 0.503472 0.547826 0.585492 0.540948 
0.556686 0.521073 0.540323 0.551724 0.542504 0.561856 0.555556 0.555556 0.546 0.526814 0.511905 0.488525 0.511628 0.51927 0.57284 0.544118 0.5 0.467433 0.505364 0.521484 0.474517 0.52623 0.530568 0.536878 0.555288 0.528058 0.535912 0.509921 0.512228 0.543558 0.54814 0.555328 0.548518 0.484674 0.559441 0.532634 0.52183 0.546322 0.551053 0.562155 0.535645 0.508495 0.541272 0.485255 0.558587 0.54932 0.518293 0.481343 0.477961 0.554839 0.482625 0.523622 0.554924 0.525701 0.545158 0.546248 0.518072 0.487047 0.535714 0.5427 0.57529 0.553333 
0.488771 0.514748 0.512777 0.503741 0.481481 0.529042 0.530651 0.525052 0.511758 0.525794 0.526452 0.524452 0.491294 0.522321 0.515152 0.512535 0.472222 0.5024 0.508021 0.501071 0.469244 0.51186 0.480707 0.53112 0.506239 0.504237 0.505792 0.529193 0.520693 0.520295 0.530249 0.5 0.490196 0.497391 0.538937 0.546703 0.512397 0.528696 0.44621 0.49294 0.507463 0.507772 0.528416 0.460829 0.438061 0.465798 0.521825 0.456579 0.535503 0.498965 0.499215 0.462659 0.49713 0.519084 0.474527 0.46084 0.471616 0.5 0.55305 0.518699 0.492063 0.524715 
0.563158 0.519674 0.56838 0.554817 0.538462 0.55799 0.572052 0.561427 0.591784 0.58714 0.570574 0.577046 0.599776 0.571429 0.536638 0.574376 0.562874 0.57 0.534009 0.561386 0.548469 0.565121 0.577491 0.583573 0.538462 0.554393 0.555858 0.526839 0.533708 0.549521 0.557576 0.617647 0.564516 0.527439 0.563055 0.521964 0.538462 0.51932 0.57072 0.540659 0.539683 0.59268 0.564486 0.585909 0.561728 0.522523 0.534584 0.571885 0.558198 0.57196 0.588489 0.508982 0.542918 0.50702 0.545946 0.536559 0.556851 0.567766 0.543344 0.56917 0.578413 0.556663 
0.485747 0.484466 0.480732 0.489933 0.482185 0.474763 0.509987 0.515625 0.510083 0.534884 0.514184 0.520548 0.475712 0.516049 0.481793 0.482587 0.464771 0.499127 0.469828 0.490126 0.512039 0.484311 0.51495 0.462798 0.5 0.52124 0.515777 0.510557 0.463551 0.506118 0.501567 0.489614 0.519651 0.473684 0.526754 0.469929 0.506477 0.461353 0.505477 0.448669 0.492537 0.492102 0.447796 0.510533 0.503968 0.486322 0.48827 0.487755 0.518382 0.474108 0.496923 0.48996 0.528011 0.486081 0.506356 0.514874 0.479197 0.503077 0.491587 0.458056 0.530361 0.508287 
0.503202 0.50668 0.495737 0.489814 0.498956 0.524752 0.461853 0.505412 0.498691 0.511278 0.488095 0.530137 0.506782 0.469907 0.468725 0.475369 0.498397 0.495105 0.456876 0.495088 0.476773 0.462963 0.510533 0.459885 0.471406 0.437838 0.489493 0.508951 0.516129 0.474957 0.430631 0.490151 0.505076 0.493413 0.493282 0.481386 0.50207 0.522207 0.513514 0.464821 0.509589 0.454834 0.510324 0.518049 0.493428 0.487234 0.493576 0.501567 0.498759 0.497884 0.490809 0.491723 0.50358 0.479638 0.459245 0.452012 0.50303 0.5179 0.519149 0.503563 0.518377 0.472347 
0.578224 0.569746 0.551152 0.46169 0.52849 0.516304 0.469522 0.595696 0.544996 0.488518 0.501784 0.559342 0.571142 0.564789 0.557003 0.499355 0.465347 0.468795 0.461717 0.49747 0.555874 0.590501 0.483013 0.586364 0.510601 0.594286 0.530986 0.586538 0.586436 0.469534 0.463248 0.497527 0.467714 0.454412 0.514599 0.601432 0.49322 0.492027 0.535211 0.48366 0.495485 0.508228 0.554753 0.541076 0.464724 0.474359 0.55117 0.480048 0.576744 0.588988 0.586466 0.547862 0.541189 0.566489 0.495085 0.487223 0.495437 0.475248 0.4811 0.565841 0.577889 0.519343 
0.482201 0.516459 0.517857 0.55 0.51134 0.484848 0.48449 0.498084 0.557432 0.508671 0.513321 0.554636 0.54495 0.497842 0.558376 0.536545 0.496468 0.512195 0.5 0.483731 0.504798 0.504902 0.522581 0.468944 0.464012 0.523077 0.516327 0.53407 0.559041 0.539185 0.506143 0.484914 0.513889 0.518029 0.480198 0.439539 0.564327 0.464392 0.457958 0.474242 0.52381 0.536791 0.512241 0.53715 0.554023 0.510274 0.466187 0.526582 0.54672 0.509573 0.483099 0.525937 0.506475 0.561694 0.429766 0.454383 0.505747 0.543689 0.506122 0.511864 0.527972 0.512146 
0.5 0.507833 0.517449 0.532089 0.549231 0.490177 0.525851 0.520154 0.509281 0.478788 0.541176 0.536585 0.542977 0.512238 0.513361 0.530283 0.500662 0.505963 0.516384 0.493036 0.477241 0.5 0.54717 0.515464 0.489465 0.456483 0.455986 0.487069 0.476259 0.539813 0.521144 0.502935 0.484574 0.550442 0.518095 0.468635 0.459574 0.471611 0.479843 0.53934 0.477148 0.484899 0.48865 0.530191 0.53253 0.546763 0.510549 0.530864 0.47048 0.48103 0.51715 0.51027 0.498077 0.520101 0.460317 0.504075 0.513514 0.50542 0.509259 0.497175 0.44375 0.576369 
0.538383 0.448698 0.475202 0.447907 0.447682 0.485981 0.465556 0.472551 0.472222 0.446646 0.485893 0.472454 0.431402 0.438857 0.451007 0.473684 0.448649 0.503062 0.485658 0.416168 0.449412 0.451574 0.435185 0.459638 0.508897 0.49449 0.448567 0.461929 0.463804 0.447227 0.472727 0.475787 0.406051 0.462559 0.441504 0.451852 0.462406 0.411226 0.443309 0.498297 0.468177 0.399164 0.39946 0.487603 0.453731 0.471698 0.463492 0.457114 0.417957 0.428044 0.46737 0.455 0.48582 0.483146 0.458484 0.49863 0.476015 0.461171 0.461315 0.50723 0.477383 0.484029 
0.514233 0.474085 0.498765 0.491786 0.476141 0.470333 0.510571 0.485882 0.503538 0.532823 0.527869 0.433657 0.456704 0.466871 0.477027 0.47432 0.493789 0.467911 0.464424 0.478974 0.449032 0.444257 0.451009 0.496368 0.444444 0.507576 0.53125 0.487102 0.600798 0.484564 0.498607 0.488449 0.531707 0.495362 0.450704 0.504692 0.492659 0.459259 0.480841 0.479871 0.461134 0.506149 0.47812 0.483636 0.424411 0.512235 0.506977 0.498346 0.482797 0.497326 0.419835 0.455078 0.521839 0.540284 0.50967 0.505714 0.531888 0.463511 0.464706 0.518398 0.435484 0.486759 
0.554953 0.498339 0.552028 0.572268 0.528796 0.484716 0.496078 0.5 0.514124 0.517883 0.511785 0.507563 0.546229 0.527112 0.506211 0.488774 0.562691 0.493256 0.529412 0.521472 0.516245 0.546809 0.559464 0.532258 0.542243 0.449612 0.498986 0.504673 0.508393 0.476462 0.501351 0.515275 0.522353 0.485904 0.5 0.509836 0.476371 0.498906 0.546667 0.525886 0.495215 0.493506 0.526829 0.561051 0.548303 0.484694 0.537827 0.559055 0.498638 0.495446 0.48503 0.516304 0.452599 0.465409 0.496599 0.482109 0.488818 0.462121 0.489831 0.533662 0.456432 0.556927 
0.491691 0.462766 0.483146 0.460821 0.49697 0.501446 0.48284 0.511078 0.490486 0.482564 0.474719 0.486356 0.472763 0.489256 0.504182 0.451613 0.455145 0.458458 0.498615 0.487371 0.44782 0.494755 0.465209 0.453448 0.455342 0.483974 0.448819 0.458929 0.477912 0.436153 0.459336 0.456829 0.440957 0.504188 0.493785 0.488753 0.486301 0.476923 0.474138 0.483444 0.45018 0.454155 0.470326 0.474576 0.504732 0.460563 0.493656 0.490291 0.457944 0.463862 0.468 0.504518 0.448203 0.489405 0.484262 0.502045 0.504739 0.472422 0.451524 0.469314 0.481243 0.477749 
0.480558 0.5 0.492846 0.484256 0.540921 0.520904 0.458333 0.488669 0.48865 0.542406 0.531646 0.502543 0.492154 0.525328 0.491525 0.475535 0.467617 0.50969 0.494845 0.526578 0.472585 0.491591 0.441083 0.512258 0.504598 0.505714 0.530909 0.466574 0.517705 0.525612 0.424288 0.513462 0.487179 0.508554 0.464413 0.519119 0.474315 0.472661 0.505906 0.506627 0.514451 0.481685 0.466248 0.531026 0.515759 0.502755 0.54185 0.523923 0.466518 0.531056 0.519637 0.484155 0.551681 0.514196 0.530786 0.451078 0.4528 0.475234 0.52154 0.486781 0.474273 0.421053 
0.532875 0.495366 0.522124 0.47482 0.457295 0.488947 0.511888 0.504378 0.512355 0.508676 0.487549 0.489529 0.462532 0.513547 0.482759 0.485185 0.525601 0.518841 0.470588 0.474614 0.482804 0.555977 0.499176 0.51026 0.5 0.500606 0.514286 0.490296 0.486581 0.526882 0.502722 0.557864 0.51711 0.489335 0.488562 0.495268 0.49642 0.487329 0.497704 0.46841 0.507304 0.482173 0.475042 0.480176 0.502506 0.526316 0.507692 0.508532 0.525226 0.551839 0.486842 0.475862 0.457405 0.470899 0.505572 0.499408 0.46871 0.485362 0.473684 0.490228 0.404661 0.428928 
0.508591 0.52665 0.467613 0.42304 0.491228 0.504505 0.508181 0.435367 0.5 0.475382 0.513859 0.521956 0.527457 0.44044 0.489362 0.498008 0.499244 0.437118 0.408497 0.443978 0.392857 0.431148 0.525685 0.507995 0.40843 0.410296 0.510204 0.520966 0.518602 0.418367 0.439437 0.418208 0.415531 0.458167 0.493017 0.461382 0.425166 0.506587 0.519313 0.462418 0.524257 0.532847 0.490114 0.531025 0.449686 0.424288 0.450091 0.498258 0.514223 0.478309 0.44925 0.497487 0.508499 0.463793 0.458839 0.487939 0.43561 0.516353 0.446715 0.512568 0.509284 0.409794 
0.426982 0.510353 0.534539 0.558106 0.513819 0.515544 0.485372 0.447987 0.461698 0.465371 0.48536 0.486428 0.461921 0.530641 0.488889 0.509804 0.485149 0.488426 0.518234 0.502732 0.467669 0.512069 0.485057 0.503289 0.489481 0.483261 0.471042 0.475694 0.529598 0.459649 0.426117 0.483333 0.49345 0.440389 0.490971 0.502762 0.506466 0.470958 0.543919 0.481405 0.478049 0.539146 0.522484 0.500629 0.481409 0.508259 0.525522 0.496835 0.501639 0.495868 0.497768 0.530696 0.534521 0.454273 0.496109 0.53125 0.524272 0.503717 0.435 0.522484 0.486762 0.521053 
0.500821 0.472995 0.486631 0.536613 0.474149 0.503477 0.501779 0.455102 0.518797 0.521695 0.531807 0.534606 0.5 0.536713 0.526227 0.503151 0.468165 0.518584 0.486842 0.527197 0.501506 0.51845 0.461789 0.474504 0.534296 0.506347 0.483363 0.510949 0.468085 0.489051 0.529981 0.530645 0.517241 0.477011 0.537433 0.508423 0.507712 0.50566 0.484407 0.538144 0.519851 0.494098 0.52737 0.528705 0.478261 0.475465 0.509174 0.535414 0.522073 0.494407 0.538012 0.483776 0.473404 0.46129 0.510662 0.505515 0.490437 0.518182 0.524272 0.487637 0.522763 0.48538 
0.514768 0.528773 0.530139 0.539665 0.504823 0.497262 0.464061 0.496923 0.498301 0.496528 0.492707 0.526589 0.522302 0.476266 0.522327 0.508736 0.476248 0.536705 0.530337 0.517401 0.513605 0.499336 0.484199 0.490566 0.505311 0.502846 0.466087 0.520115 0.508621 0.531629 0.487778 0.505155 0.487013 0.497418 0.489691 0.480415 0.537102 0.513839 0.486735 0.537335 0.522523 0.519767 0.519139 0.525822 0.552158 0.491632 0.495925 0.536101 0.494172 0.525292 0.441352 0.492972 0.464464 0.481627 0.443137 0.5 0.524528 0.493298 0.507143 0.535393 0.527397 0.491228 
0.518722 0.519157 0.518325 0.433172 0.531353 0.448101 0.511161 0.512373 0.515392 0.44 0.5 0.53269 0.513363 0.535777 0.422292 0.438799 0.511335 0.515113 0.536825 0.462051 0.540201 0.452703 0.434711 0.446908 0.438729 0.435257 0.427734 0.474576 0.418367 0.518033 0.496278 0.500684 0.486772 0.439124 0.444444 0.503226 0.53343 0.481356 0.43958 0.436603 0.517799 0.43281 0.522774 0.42029 0.53125 0.537281 0.449602 0.432704 0.527273 0.526201 0.521739 0.473324 0.518088 0.530238 0.520631 0.540842 0.431611 0.407524 0.460784 0.509434 0.508495 0.432945 
0.594274 0.558071 0.552923 0.553611 0.528409 0.543066 0.547763 0.589628 0.558263 0.558651 0.484897 0.550258 0.516176 0.563578 0.505455 0.545209 0.550489 0.549618 0.55 0.520833 0.520286 0.526221 0.557178 0.535211 0.538905 0.523338 0.537459 0.527897 0.552083 0.536287 0.530594 0.550173 0.544567 0.486111 0.516949 0.549451 0.519708 0.524904 0.537246 0.536624 0.49913 0.46371 0.554939 0.546099 0.546005 0.520362 0.550706 0.573413 0.570833 0.561983 0.538947 0.548431 0.520721 0.55542 0.551574 0.578212 0.511312 0.538622 0.566982 0.529762 0.540856 0.56018 
0.504644 0.509182 0.499168 0.494737 0.523973 0.481013 0.537281 0.535156 0.528058 0.530081 0.520782 0.503704 0.485612 0.477591 0.535052 0.5 0.522099 0.452652 0.534954 0.507003 0.514019 0.497585 0.478343 0.502967 0.505917 0.470213 0.51626 0.564815 0.519747 0.518459 0.502479 0.508816 0.51622 0.508235 0.495591 0.499136 0.567073 0.510856 0.5131 0.498721 0.483607 0.516129 0.503132 0.563869 0.480138 0.503487 0.466568 0.512821 0.490806 0.50939 0.447236 0.520345 0.541899 0.451923 0.519737 0.477987 0.515251 0.510109 0.47769 0.565141 0.509687 0.474576 
0.503676 0.5 0.510593 0.472603 0.485325 0.490811 0.506342 0.506127 0.493525 0.514691 0.482387 0.46988 0.481338 0.466586 0.515994 0.510541 0.501235 0.486091 0.50499 0.472292 0.47362 0.510227 0.503012 0.443548 0.440771 0.489011 0.47138 0.480748 0.4573 0.490385 0.477629 0.486161 0.500858 0.467227 0.471787 0.487742 0.512479 0.498204 0.506173 0.503759 0.466398 0.49359 0.476764 0.480233 0.512552 0.497579 0.458333 0.455099 0.494692 0.531773 0.49711 0.499099 0.525786 0.494369 0.546894 0.490231 0.487968 0.512821 0.470937 0.502473 0.502196 0.513345 
0.563246 0.544987 0.517197 0.556833 0.542533 0.517974 0.556535 0.536122 0.589327 0.551978 0.543933 0.541118 0.565156 0.513428 0.575641 0.486381 0.50828 0.564854 0.498276 0.476064 0.559072 0.562762 0.558352 0.524738 0.568849 0.555085 0.550699 0.568579 0.556122 0.562331 0.519672 0.528155 0.581897 0.571214 0.513026 0.589744 0.529813 0.528713 0.545817 0.562137 0.527145 0.565812 0.475751 0.585903 0.550898 0.562092 0.525346 0.506466 0.53871 0.597365 0.499133 0.551049 0.516068 0.552632 0.458015 0.516317 0.521614 0.580858 0.534 0.587007 0.517751 0.502547 
0.564815 0.562821 0.536627 0.543802 0.544056 0.469432 0.543547 0.523529 0.513776 0.532121 0.552301 0.53617 0.542289 0.527559 0.586517 0.533461 0.515358 0.578588 0.502947 0.5184 0.5554 0.491903 0.511727 0.553971 0.504673 0.52677 0.537634 0.550167 0.535545 0.526836 0.526603 0.523876 0.537402 0.526221 0.534224 0.558179 0.56 0.566887 0.531532 0.54343 0.542818 0.565789 0.533333 0.531447 0.566138 0.52907 0.548438 0.53777 0.504399 0.551151 0.521385 0.557867 0.524316 0.519924 0.519324 0.549165 0.515723 0.551451 0.504587 0.498208 0.481947 0.541384 
0.589354 0.557159 0.584635 0.57686 0.561822 0.567807 0.56615 0.523171 0.588235 0.567976 0.563482 0.550725 0.564489 0.558628 0.52901 0.496084 0.547917 0.506589 0.559835 0.597077 0.545296 0.537678 0.530488 0.552308 0.527233 0.559859 0.536538 0.53945 0.534884 0.557164 0.542265 0.555777 0.584541 0.530242 0.554017 0.514096 0.538827 0.557568 0.505618 0.534091 0.535262 0.568345 0.554217 0.552632 0.485149 0.540299 0.51585 0.561549 0.553731 0.528517 0.553506 0.553792 0.537285 0.512 0.517483 0.537736 0.52468 0.573477 0.540091 0.522137 0.568035 0.584225 
0.471277 0.48415 0.466893 0.492537 0.530879 0.460177 0.516537 0.499303 0.488491 0.490979 0.488226 0.525362 0.490566 0.502636 0.530253 0.530023 0.496413 0.494148 0.486268 0.493927 0.495665 0.47048 0.519084 0.458774 0.461394 0.486301 0.483444 0.48062 0.48272 0.532637 0.511429 0.502712 0.477516 0.47619 0.503831 0.506626 0.490361 0.495086 0.478168 0.476945 0.505389 0.52375 0.511864 0.521186 0.507901 0.542035 0.489316 0.446809 0.474892 0.497076 0.505837 0.538058 0.515748 0.472956 0.451282 0.513554 0.520782 0.496749 0.450111 0.473846 0.462932 0.534194 
0.441068 0.449778 0.412536 0.436401 0.407602 0.436541 0.427959 0.443938 0.439894 0.455934 0.425864 0.428775 0.427305 0.46176 0.465897 0.462366 0.45 0.423529 0.447939 0.435705 0.435345 0.449173 0.438017 0.435897 0.458807 0.444444 0.40836 0.433249 0.438667 0.416171 0.388985 0.437594 0.40919 0.403587 0.4 0.409949 0.438045 0.393035 0.448571 0.424731 0.448802 0.43105 0.44504 0.407692 0.444072 0.446469 0.429545 0.452541 0.462656 0.441207 0.435933 0.453159 0.423873 0.468085 0.436538 0.423898 0.446593 0.454545 0.389796 0.415894 0.426087 0.411902 
0.513 0.48081 0.545736 0.524272 0.525912 0.479846 0.468023 0.44586 0.44723 0.515723 0.48871 0.502193 0.51511 0.488616 0.515464 0.488706 0.464752 0.469965 0.427451 0.465497 0.476268 0.43465 0.446768 0.454219 0.535613 0.484195 0.470588 0.447341 0.480903 0.471572 0.493805 0.440476 0.487768 0.507891 0.506579 0.475 0.478405 0.516414 0.525751 0.478261 0.50494 0.478261 0.493958 0.464206 0.467803 0.503947 0.490241 0.474747 0.493776 0.483539 0.484848 0.486071 0.491736 0.5 0.52957 0.421419 0.474558 0.476423 0.523952 0.478311 0.52864 0.486683 
0.52521 0.551043 0.513761 0.546191 0.564516 0.529076 0.536465 0.522593 0.563147 0.560488 0.506623 0.562698 0.551106 0.558376 0.557522 0.53265 0.541009 0.590491 0.559118 0.554965 0.535014 0.509756 0.536017 0.58705 0.494037 0.512953 0.504348 0.565045 0.51341 0.537721 0.583199 0.544304 0.585294 0.55814 0.535124 0.556485 0.535893 0.53865 0.524669 0.531915 0.552632 0.552891 0.583174 0.555721 0.519862 0.54491 0.52952 0.514863 0.520057 0.547397 0.54397 0.514382 0.554054 0.536691 0.546174 0.578811 0.534177 0.489633 0.527928 0.501672 0.533333 0.524957 
0.415282 0.455123 0.47694 0.396914 0.416858 0.436214 0.412679 0.384127 0.37037 0.432249 0.366044 0.451178 0.45122 0.425609 0.418417 0.482353 0.451977 0.417323 0.436252 0.426372 0.394707 0.359584 0.41736 0.459487 0.412698 0.409462 0.380058 0.426117 0.473201 0.417763 0.452536 0.425137 0.438024 0.406504 0.439971 0.412112 0.394124 0.398741 0.47541 0.390488 0.436751 0.475486 0.432543 0.43559 0.386157 0.374286 0.410256 0.4016 0.390083 0.377407 0.407375 0.415126 0.409044 0.437055 0.412752 0.4341 0.461111 0.412297 0.39604 0.420619 0.456693 0.352304 
0.456664 0.431667 0.436426 0.444444 0.469484 0.446533 0.459302 0.450882 0.437731 0.446203 0.490114 0.489443 0.432298 0.41704 0.471562 0.460123 0.439374 0.459941 0.462335 0.441818 0.455793 0.446429 0.454352 0.462766 0.406919 0.496608 0.49082 0.420191 0.46443 0.451499 0.449814 0.476485 0.490541 0.424074 0.46595 0.461017 0.479603 0.520211 0.467057 0.477032 0.467262 0.507599 0.476678 0.432292 0.449741 0.452555 0.447174 0.470588 0.457111 0.452055 0.475118 0.43153 0.483498 0.498992 0.415541 0.469816 0.465177 0.446381 0.426581 0.481481 0.442495 0.376368 
0.574541 0.50298 0.475129 0.565166 0.574376 0.507911 0.58529 0.58011 0.52267 0.567146 0.548124 0.575 0.580645 0.55873 0.580087 0.529 0.510907 0.489535 0.543511 0.475649 0.412987 0.477273 0.527246 0.574271 0.55516 0.576744 0.534381 0.498471 0.477654 0.45674 0.518229 0.565543 0.487342 0.554828 0.545238 0.576812 0.551913 0.513196 0.49247 0.469043 0.586428 0.458733 0.488064 0.485679 0.557143 0.568098 0.502033 0.421277 0.585965 0.587473 0.490593 0.579639 0.501305 0.54755 0.547945 0.542857 0.476891 0.55521 0.502882 0.502945 0.527066 0.521456 
0.441281 0.458204 0.448373 0.429467 0.435576 0.372172 0.411215 0.429303 0.378655 0.427366 0.391253 0.41534 0.407767 0.444213 0.43281 0.428748 0.380282 0.432308 0.376812 0.369128 0.406475 0.381679 0.3764 0.383387 0.41165 0.433934 0.424168 0.481618 0.454114 0.425059 0.443478 0.420635 0.421331 0.437827 0.442874 0.387524 0.42637 0.442509 0.429231 0.410256 0.379481 0.381669 0.421245 0.419652 0.350775 0.377551 0.421359 0.414681 0.404295 0.421702 0.357278 0.446064 0.364341 0.434295 0.45966 0.446517 0.45297 0.430769 0.372816 0.435127 0.415162 0.397436 
0.535954 0.547397 0.532243 0.556876 0.55248 0.559863 0.563444 0.549714 0.561381 0.532787 0.497132 0.512111 0.540179 0.483051 0.586436 0.536585 0.520263 0.509015 0.52071 0.536252 0.521547 0.513748 0.542802 0.583665 0.546139 0.51312 0.552529 0.515313 0.531212 0.568898 0.539405 0.515108 0.489941 0.539551 0.54291 0.56278 0.46395 0.45781 0.536245 0.520924 0.500756 0.564403 0.542553 0.5467 0.530834 0.535408 0.477941 0.506726 0.53836 0.487734 0.528671 0.564979 0.547468 0.521739 0.518519 0.517123 0.552674 0.550256 0.530457 0.525917 0.526176 0.534014 
0.461749 0.512935 0.512639 0.479189 0.491118 0.497297 0.491304 0.489189 0.478478 0.47096 0.509132 0.505285 0.447818 0.466203 0.496753 0.472028 0.462094 0.513201 0.466113 0.507109 0.478899 0.5 0.498711 0.457912 0.464497 0.47451 0.45735 0.459547 0.46863 0.44186 0.498783 0.501873 0.504625 0.559295 0.453752 0.456573 0.433071 0.457931 0.491459 0.485507 0.469077 0.483092 0.481132 0.476821 0.443561 0.48503 0.455979 0.504175 0.516484 0.486348 0.505095 0.484536 0.527559 0.445946 0.494924 0.497713 0.487 0.471376 0.452288 0.439577 0.51976 0.438378 
0.478892 0.461949 0.460938 0.513889 0.469438 0.494983 0.457048 0.4871 0.46252 0.498039 0.496183 0.44686 0.435021 0.47313 0.43681 0.462585 0.485114 0.438896 0.458034 0.435644 0.422901 0.435572 0.486172 0.418056 0.45283 0.5 0.495838 0.3762 0.447721 0.454717 0.471698 0.46401 0.46 0.480447 0.470275 0.473008 0.46988 0.492462 0.451011 0.422018 0.467409 0.468254 0.462099 0.501174 0.472689 0.484814 0.432361 0.442336 0.400832 0.476117 0.445833 0.5175 0.471861 0.479422 0.488235 0.417504 0.459324 0.440129 0.44557 0.43109 0.447328 0.460345 
0.384941 0.433841 0.375339 0.46833 0.462877 0.473583 0.415519 0.406291 0.400515 0.395062 0.431535 0.433437 0.458226 0.393178 0.384254 0.417766 0.465632 0.472 0.456954 0.428295 0.38125 0.356766 0.3593 0.448437 0.4525 0.417722 0.484627 0.385445 0.370119 0.3875 0.423515 0.445602 0.471936 0.43125 0.392965 0.393777 0.394737 0.400888 0.43952 0.435013 0.426891 0.43487 0.44347 0.445092 0.346211 0.463492 0.414739 0.396064 0.423077 0.439739 0.431842 0.435721 0.408245 0.457317 0.417445 0.461929 0.426738 0.387792 0.376045 0.429084 0.346899 0.387056 
0.584145 0.583565 0.622074 0.598095 0.591864 0.642202 0.618594 0.579501 0.575453 0.603622 0.594595 0.598608 0.491429 0.539007 0.569024 0.580882 0.577626 0.590982 0.587786 0.61809 0.565769 0.552475 0.594545 0.58945 0.608247 0.558678 0.595525 0.586552 0.586331 0.552174 0.563193 0.607769 0.53915 0.597911 0.594148 0.560086 0.566079 0.608264 0.587116 0.606557 0.613377 0.595469 0.563342 0.577947 0.625832 0.585516 0.572271 0.584252 0.593373 0.554054 0.590463 0.595978 0.580198 0.568293 0.589008 0.61347 0.543367 0.561644 0.534743 0.498328 0.591549 0.571429 
0.523551 0.427952 0.471278 0.48895 0.452656 0.495549 0.425816 0.450128 0.406289 0.458658 0.45614 0.472488 0.464174 0.422245 0.459579 0.497175 0.453032 0.46547 0.451923 0.480638 0.443672 0.422509 0.492497 0.460177 0.459235 0.467826 0.49373 0.442266 0.439642 0.431507 0.457627 0.460815 0.472496 0.434608 0.467391 0.436937 0.433862 0.442375 0.482972 0.461095 0.451724 0.417202 0.496662 0.435 0.473494 0.459499 0.502917 0.498182 0.516332 0.43962 0.457189 0.460993 0.445487 0.449358 0.462151 0.413153 0.438 0.511006 0.438073 0.507614 0.517407 0.479705 
0.554484 0.602857 0.507312 0.531208 0.512443 0.56391 0.555556 0.577236 0.598549 0.567783 0.561321 0.589202 0.537408 0.584499 0.602007 0.582558 0.568501 0.552036 0.596026 0.552182 0.585603 0.534454 0.558959 0.526549 0.526042 0.559838 0.600465 0.525215 0.554217 0.498221 0.4912 0.565121 0.570871 0.531773 0.575325 0.589771 0.513402 0.519084 0.596222 0.576 0.587719 0.57554 0.536 0.478541 0.594178 0.576923 0.5671 0.549861 0.554825 0.606887 0.586257 0.613003 0.595663 0.612335 0.568475 0.563433 0.53831 0.552727 0.537356 0.552716 0.539216 0.615385 
0.543915 0.525926 0.537363 0.537477 0.528809 0.522414 0.538376 0.504363 0.528031 0.531844 0.520101 0.540117 0.520737 0.526708 0.502158 0.465461 0.451852 0.439394 0.454733 0.507716 0.529637 0.529586 0.5 0.524031 0.5 0.531886 0.509722 0.524116 0.493846 0.555906 0.522255 0.521989 0.499118 0.487179 0.539409 0.521684 0.499305 0.538095 0.531568 0.471338 0.514094 0.512938 0.553385 0.520925 0.539568 0.533573 0.512605 0.490239 0.494993 0.487179 0.52251 0.538913 0.541728 0.504303 0.546774 0.492872 0.503987 0.492574 0.502632 0.520107 0.474227 0.540541 
0.470536 0.439509 0.456376 0.388041 0.436791 0.478261 0.438735 0.458246 0.393693 0.453146 0.464463 0.440602 0.40255 0.373371 0.402692 0.476395 0.398283 0.464078 0.451009 0.376443 0.385346 0.465169 0.391101 0.465116 0.378316 0.405236 0.37133 0.372425 0.425903 0.384358 0.390084 0.447905 0.378378 0.448454 0.372578 0.371866 0.418182 0.444162 0.354785 0.383815 0.471698 0.46008 0.406067 0.445241 0.387846 0.447251 0.374286 0.456979 0.390688 0.370482 0.381597 0.365314 0.446977 0.473236 0.38041 0.433155 0.389688 0.474561 0.434385 0.390421 0.468933 0.45995 
0.497824 0.50122 0.489712 0.513032 0.455568 0.481992 0.488866 0.47767 0.491324 0.4453 0.472123 0.461463 0.453125 0.464324 0.46088 0.461818 0.486486 0.448357 0.442088 0.444984 0.506901 0.504286 0.443869 0.458225 0.498896 0.475712 0.504026 0.490706 0.482079 0.493304 0.453488 0.485095 0.50064 0.452418 0.453968 0.478303 0.515994 0.453714 0.467241 0.49705 0.501 0.453722 0.493407 0.465116 0.460081 0.492341 0.434211 0.414914 0.485309 0.522696 0.519364 0.498545 0.473581 0.454545 0.450226 0.495726 0.495132 0.495798 0.479915 0.461994 0.479769 0.444795 
0.449388 0.424282 0.495298 0.44189 0.428571 0.425159 0.411523 0.517661 0.511443 0.430206 0.420829 0.450648 0.538745 0.431111 0.457203 0.503257 0.54375 0.535783 0.501661 0.426641 0.437588 0.521277 0.538168 0.512871 0.518349 0.47193 0.524659 0.419355 0.427765 0.422512 0.480278 0.533742 0.439114 0.489754 0.433476 0.519797 0.518164 0.432818 0.500768 0.416523 0.499417 0.431988 0.45356 0.519512 0.503023 0.535461 0.517827 0.541063 0.498266 0.507692 0.488426 0.514541 0.516088 0.391304 0.45122 0.421127 0.446086 0.424084 0.440124 0.427621 0.437743 0.528947 
0.428048 0.467382 0.445255 0.432133 0.441894 0.456848 0.409417 0.49071 0.447277 0.463446 0.452028 0.470986 0.473523 0.41369 0.453423 0.43681 0.454762 0.467437 0.410628 0.485836 0.458128 0.429907 0.416404 0.40528 0.445963 0.443182 0.441016 0.439469 0.514946 0.415033 0.431095 0.411696 0.464481 0.442879 0.481982 0.461274 0.426357 0.468563 0.432756 0.453901 0.414286 0.472681 0.487535 0.453276 0.455951 0.444131 0.454545 0.422741 0.444444 0.434343 0.436014 0.491549 0.428328 0.430252 0.456816 0.46603 0.490315 0.442529 0.420228 0.428571 0.472404 0.410019 
