0.000000 2.733601 0.000000 0.000000 1.250157 0.786243 1.410411 1.776229 -0.199744 0.000000 1.233980 0.000000 0.875016 0.326579 0.000000 1.379623 1.389465 3.576181 -1.504531 1.457736 1.323086 0.000000 0.000000 0.000000 0.000000 0.000000 0.000000 2.415093 0.000000 0.000000 0.574890 0.538187 0.000000 0.000000
1.000634 0.000000 0.000000 0.000000 0.000000 0.000000 -1.104962 0.681856 -2.076943 0.000000 0.000000 0.000000 0.000000 1.162834 0.000000 -1.818770 0.454404 0.000000 -1.297906 0.000000 -0.968753 0.354388 -0.817618 0.000000 0.000000 -1.681281 0.000000 0.000000 -0.720987 0.000000 2.069899 -0.982546 0.000000 0.000000
0.894746 0.000000 1.612763 2.299000 0.000000 -0.807458 0.000000 1.779871 2.096687 2.004307 0.000000 0.000000 0.000000 1.988344 0.000000 0.712556 0.567058 0.000000 2.051381 0.000000 0.655070 1.294862 0.000000 0.000000 0.282220 0.954587 0.538086 0.000000 1.678096 0.000000 0.000000 0.483772 0.000000 0.525957
0.763778 0.000000 2.277576 0.000000 0.471358 -1.258759 0.000000 0.578108 1.283970 0.000000 0.000000 0.000000 1.441777 0.072194 0.000000 0.000000 0.812286 0.000000 0.000000 0.714679 0.000000 0.000000 0.959462 0.647305 0.000000 0.000000 -1.023929 0.000000 0.000000 0.000000 0.837465 1.381816 0.000000 0.000000
1.896892 0.000000 0.000000 0.000000 0.000000 0.000000 0.000000 0.000000 1.457864 0.000000 0.000000 -1.314298 0.000000 0.711809 0.000000 -0.454221 0.000000 0.000000 0.000000 1.446558 0.000000 0.000000 0.000000 0.000000 0.000000 0.000000 0.000000 0.000000 0.000000 0.000000 -1.227447 0.000000 0.000000 0.000000
1.500999 0.000000 0.000000 0.000000 0.000000 0.000000 2.034897 0.000000 -1.108223 0.000000 0.000000 0.000000 0.000000 1.200809 0.000000 0.903576 1.069453 0.000000 0.000000 0.000000 0.000000 0.805442 0.000000 0.000000 0.000000 0.816929 0.000000 0.000000 -0.765261 1.084837 0.000000 0.000000 2.200956 0.000000
1.821702 0.000000 0.000000 0.000000 2.087988 1.497277 1.355966 -1.014278 -0.183628 0.000000 0.000000 0.000000 0.000000 -1.629509 0.000000 2.247887 0.564648 0.000000 0.000000 0.000000 0.000000 -1.337717 0.000000 0.000000 0.000000 0.000000 0.000000 0.000000 -0.671286 0.000000 0.000000 -0.975095 0.000000 0.664611
3.255147 2.205633 2.495450 2.732285 0.488532 1.683129 0.206691 0.000000 4.011431 1.208057 1.549948 1.780554 1.249079 0.146243 2.090785 0.568218 0.000000 0.000000 0.000000 0.000000 0.570387 0.000000 0.000000 0.000000 1.062215 0.920249 0.000000 0.000000 0.000000 0.000000 0.000000 0.279530 0.000000 0.000000
1.020037 0.000000 0.000000 0.000000 0.000000 0.819886 0.000000 0.000000 1.183085 0.000000 0.000000 0.000000 0.000000 0.000000 0.000000 -0.535293 0.000000 0.000000 -0.732018 -0.607038 0.000000 0.000000 0.685364 0.000000 0.594580 0.000000 0.864347 0.000000 0.615521 0.000000 0.000000 0.471912 0.000000 1.390363
0.000000 0.000000 1.274708 0.000000 -1.084666 0.000000 -0.018686 0.000000 -0.732665 0.000000 0.000000 0.000000 0.000000 -0.649544 0.000000 0.000000 0.000000 0.000000 0.319086 0.117240 0.000000 0.000000 -0.689008 1.059045 0.484176 0.000000 0.000000 0.000000 0.000000 0.000000 0.000000 0.000000 0.000000 0.581548
1.618287 0.000000 0.000000 0.000000 0.028181 0.916454 0.000000 0.000000 -0.768284 0.000000 0.000000 0.000000 0.000000 1.046276 0.000000 -1.409890 -1.450000 0.000000 0.000000 -0.515085 0.000000 0.000000 0.000000 0.000000 0.000000 0.000000 0.000000 0.000000 0.000000 0.000000 0.000000 -1.413357 0.000000 0.000000
1.041595 0.000000 0.000000 0.000000 -1.161573 0.000000 0.000000 0.000000 2.140292 0.000000 0.000000 2.004983 0.000000 0.000000 0.000000 -1.396623 0.000000 0.000000 0.000000 0.000000 0.000000 0.534041 1.451315 0.899450 -2.543630 0.000000 0.912985 0.000000 0.398803 0.000000 0.833555 -1.315964 0.000000 0.000000
1.350942 0.000000 0.000000 0.000000 1.366635 0.778648 0.000000 0.000000 -1.143130 0.000000 0.000000 0.000000 0.000000 0.000000 0.000000 0.000000 0.549913 0.000000 0.000000 0.000000 0.000000 0.000000 0.000000 0.000000 1.060987 0.000000 0.980358 0.000000 0.000000 0.776239 0.000000 0.000000 0.000000 0.000000
0.323235 2.059318 0.000000 2.208102 0.000000 0.000000 0.660515 0.000000 -0.547365 0.000000 0.621713 0.455813 0.000000 0.000000 0.000000 0.665081 -0.088691 0.000000 0.000000 0.000000 0.000000 0.561580 0.000000 0.000000 0.857185 1.065157 0.417955 0.000000 0.649395 0.000000 0.000000 0.000000 0.000000 1.609613
1.189232 1.088362 0.990923 1.533501 1.337911 0.882828 1.182658 0.971962 0.945264 0.000000 0.000000 1.689060 1.570873 2.492294 1.615525 0.861205 -0.044301 2.324195 0.738175 1.187802 1.076447 1.944437 0.537223 0.369103 1.103632 1.042508 0.876772 1.115127 1.346494 0.874316 0.511456 0.000000 2.502528 1.934144
0.000000 0.000000 1.294967 0.000000 1.160218 0.642015 0.378649 0.658971 0.009545 0.501854 0.000000 0.000000 0.000000 0.252484 0.000000 1.846692 1.121765 0.000000 0.943734 0.826290 0.000000 0.000000 0.865101 1.392081 -0.944180 1.342327 1.397553 0.000000 0.000000 0.000000 0.791103 0.000000 1.597096 1.717860
0.000000 1.086398 0.000000 0.000000 0.000000 1.551176 1.571959 1.293149 0.942567 0.000000 0.000000 0.000000 0.000000 0.000000 0.000000 0.000000 0.000000 0.000000 0.000000 0.000000 0.000000 0.000000 0.897889 0.700592 0.000000 0.000000 0.000000 0.000000 1.233498 0.000000 0.000000 0.655479 0.000000 1.044092
0.053609 2.080842 0.000000 0.000000 0.000000 0.000000 0.460705 1.143101 -0.764207 0.000000 0.000000 0.000000 0.000000 0.000000 0.000000 0.000000 0.000000 0.000000 0.910627 1.219738 0.000000 0.000000 -1.025311 0.901241 2.215173 0.677396 0.598526 0.000000 0.138617 0.000000 0.000000 1.324725 0.000000 0.000000
0.000000 1.060372 0.000000 0.000000 0.000000 0.000000 0.343004 0.000000 -0.727650 0.683784 0.000000 0.000000 0.000000 -1.474621 0.000000 0.870479 0.000000 0.000000 0.000000 -0.548511 0.412071 0.000000 0.000000 0.625042 0.000000 0.000000 0.000000 0.000000 0.239128 0.000000 0.000000 0.000000 1.290419 0.883830
1.205455 0.000000 0.000000 0.000000 0.402777 0.917207 -1.007835 0.000000 -0.143252 0.000000 1.457265 0.000000 0.000000 0.828580 0.000000 0.000000 -0.903086 0.000000 0.163639 0.000000 0.546823 0.448819 0.000000 0.000000 0.409399 0.000000 0.000000 0.000000 0.726852 0.000000 0.000000 0.000000 0.000000 0.952440
-1.140159 0.000000 0.000000 0.000000 -0.309453 0.000000 0.000000 -0.572456 -0.577342 0.000000 0.000000 0.000000 0.000000 0.000000 0.000000 0.000000 -1.455696 0.000000 0.239092 0.000000 1.181820 0.593008 0.000000 0.000000 0.775495 0.758787 -1.214323 0.000000 0.000000 -1.531085 0.000000 0.000000 1.485088 0.763978
0.991955 1.255074 1.658952 1.985986 1.996702 0.000000 1.401570 0.000000 -0.752421 0.000000 0.000000 0.000000 0.000000 1.747233 0.000000 2.984095 0.000000 0.000000 0.667442 0.000000 0.000000 1.401816 0.000000 -1.350312 -1.983268 0.000000 0.000000 0.000000 -1.239029 0.000000 0.000000 0.000000 0.000000 0.000000
0.000000 0.000000 0.000000 0.000000 -1.296843 0.000000 -0.705982 0.605276 -0.510311 0.580319 0.000000 0.000000 0.000000 0.212492 0.000000 -1.619990 -0.126006 0.000000 0.742195 0.398678 0.000000 0.000000 0.542217 0.000000 0.000000 0.000000 0.000000 0.000000 0.000000 0.000000 0.000000 0.000000 0.000000 0.869181
0.000000 0.000000 0.000000 0.000000 0.000000 0.000000 0.000000 0.000000 -0.655618 0.000000 0.000000 0.000000 0.000000 0.365826 0.000000 0.585571 0.285426 0.000000 0.541984 0.000000 0.000000 0.000000 0.000000 0.481018 0.000000 0.000000 0.000000 0.893184 0.621350 0.466518 -0.865755 0.000000 0.687632 0.218481
0.507834 0.000000 0.000000 0.000000 0.947954 0.000000 0.592507 0.000000 0.071837 0.000000 0.000000 1.168095 1.248464 0.429452 0.000000 0.000000 0.595398 0.000000 0.762003 0.654406 0.820865 1.018903 0.000000 0.000000 1.200960 0.932082 0.000000 1.992212 0.964350 0.000000 0.853166 2.187769 0.000000 0.787504
0.000000 0.000000 0.000000 0.000000 -0.791955 0.000000 0.000000 0.469357 -0.160091 0.000000 0.000000 0.000000 0.000000 -0.474946 0.000000 -0.993414 0.500056 0.000000 -0.607209 0.000000 0.000000 0.303610 0.000000 0.000000 0.634040 0.000000 0.000000 0.000000 -0.555775 0.000000 0.564329 0.614611 0.000000 0.464163
0.000000 0.000000 0.000000 0.000000 0.165251 0.000000 0.000000 -0.680058 0.911754 0.000000 0.000000 0.000000 -0.985679 0.000000 0.000000 0.000000 -0.746461 0.000000 -0.926066 0.000000 0.000000 -0.733459 0.000000 0.000000 0.000000 -0.805342 0.827071 0.000000 0.000000 1.790538 -1.041932 -0.883834 0.000000 1.138789
0.532508 0.000000 0.000000 0.000000 0.000000 0.000000 0.000000 0.000000 -1.169865 0.000000 0.000000 0.000000 0.000000 0.878876 0.000000 0.746676 -0.551797 0.000000 -0.369916 0.916846 0.000000 -0.865282 0.543927 0.790731 1.084902 0.000000 0.000000 0.000000 0.000000 0.000000 0.000000 0.188340 0.000000 1.495163
0.581802 0.000000 1.609626 0.000000 0.677354 0.551509 0.000000 0.000000 -0.802897 0.000000 0.000000 0.000000 0.000000 0.924312 0.000000 1.083497 0.000000 0.000000 0.531692 0.000000 0.000000 0.181181 0.548932 0.000000 -1.075233 0.000000 0.000000 0.462547 0.728826 0.000000 0.000000 1.393351 0.000000 1.232425
0.729035 0.000000 0.000000 0.000000 0.000000 1.060974 0.000000 0.000000 0.031132 0.833258 2.439306 0.000000 0.000000 0.081809 2.283176 0.526781 0.531145 0.000000 0.079634 0.000000 0.000000 0.000000 0.000000 1.398513 0.254912 0.000000 1.736377 1.201806 0.000000 1.169273 1.313490 0.906623 1.136126 2.180250
0.588709 1.959494 0.000000 0.000000 1.207413 0.000000 0.567616 0.000000 1.324382 0.000000 0.000000 0.000000 0.904691 0.000000 0.000000 0.490632 0.447274 0.000000 0.566053 0.000000 0.000000 0.000000 1.199948 0.417533 0.000000 0.000000 0.000000 0.000000 0.446303 0.380985 1.123419 0.669825 2.768559 1.134002
1.547511 0.000000 0.000000 0.000000 0.000000 0.000000 0.000000 0.000000 0.333976 0.527126 0.000000 0.000000 0.000000 0.671337 0.000000 0.182178 0.911193 0.000000 -0.805906 -0.403644 0.000000 -0.406109 0.000000 0.000000 1.813475 0.721276 0.000000 0.000000 0.653566 0.000000 0.000000 0.963572 2.205301 0.444379
0.000000 0.000000 0.800601 0.000000 -0.147773 0.000000 0.000000 0.770211 1.983651 0.000000 0.000000 0.000000 0.772931 0.000000 0.000000 0.153554 0.583029 0.000000 1.548822 0.492216 1.059036 0.000000 1.164883 1.309795 0.516471 0.610691 0.000000 0.000000 0.408298 1.826765 1.024119 1.796934 0.000000 1.377707
0.000000 0.000000 0.000000 0.000000 0.000000 0.000000 0.604732 0.000000 4.413407 1.341770 0.000000 0.000000 0.000000 0.000000 2.311684 -0.058706 1.160934 0.000000 0.909842 1.125442 1.501646 0.000000 0.992857 0.000000 0.000000 0.000000 1.189163 1.508012 0.274953 1.624048 1.557879 1.191512 0.000000 0.000000
