0.000000 2.718502 0.614360 2.156336 1.271737 0.000000 1.327780 1.771157 0.420429 0.000000 1.344718 0.000000 0.866963 0.051239 0.000000 1.384437 1.375667 3.557508 -1.529598 1.452819 1.288625 0.000000 0.000000 0.000000 0.000000 0.000000 0.000000 2.404567 0.000000 0.000000 0.570822 0.503544 0.000000 0.000000
1.005680 0.000000 0.000000 0.000000 0.000000 0.000000 -1.084628 0.637382 -2.121806 -1.015421 0.000000 0.000000 0.000000 1.030114 0.000000 -1.815493 0.459094 0.000000 -1.282872 0.000000 -0.965668 0.365694 -0.869788 0.000000 0.000000 -1.672175 0.000000 0.000000 -0.729122 0.000000 2.068879 -0.965208 0.000000 0.000000
0.892288 0.000000 1.104957 0.000000 0.000000 0.000000 0.000000 1.765803 1.868525 2.196052 0.000000 0.374175 0.000000 1.996626 0.000000 0.718076 0.571933 0.000000 2.059274 0.000000 0.668119 1.294603 0.000000 0.000000 0.000000 0.956880 0.000000 0.000000 1.687728 0.000000 0.000000 0.474254 0.000000 0.533996
0.764349 0.000000 2.181637 0.000000 0.463217 -1.293220 0.000000 0.593257 0.966501 0.418702 0.000000 0.000000 1.468747 0.364139 0.000000 0.000000 0.824437 0.000000 0.000000 0.714013 0.000000 0.000000 0.879786 0.654632 0.000000 0.000000 -1.188707 0.000000 0.000000 0.000000 0.838494 1.420528 0.000000 0.000000
1.870710 0.000000 0.000000 0.000000 0.000000 0.000000 0.000000 0.000000 1.343651 -0.852353 0.000000 -1.068587 0.000000 0.705289 0.000000 -0.447082 0.000000 0.000000 0.000000 1.451970 0.000000 0.000000 0.000000 0.000000 0.000000 0.000000 0.000000 0.000000 0.000000 0.000000 -1.228388 0.000000 0.000000 0.000000
1.502183 0.000000 0.000000 0.000000 0.000000 0.000000 2.265868 0.000000 0.000000 0.621241 0.000000 0.000000 0.000000 0.831322 0.000000 0.900620 1.070084 0.000000 0.000000 0.000000 0.000000 0.805674 0.000000 0.000000 0.000000 0.821112 0.686226 0.000000 -0.753965 1.085571 0.000000 0.000000 2.239895 0.000000
1.850583 0.000000 0.757310 0.000000 2.087855 1.106323 1.252524 -1.085805 -0.348226 0.000000 1.492004 -0.896524 0.000000 -1.367283 0.000000 2.238294 0.554808 0.000000 0.000000 0.000000 0.000000 -1.330897 0.000000 0.000000 0.000000 0.000000 0.000000 0.000000 -0.663676 0.000000 0.000000 -0.953409 0.000000 0.687826
3.238325 2.222540 2.082937 2.844802 0.487455 1.686571 0.108109 0.000000 3.610529 0.916167 1.393106 1.511064 1.244238 0.293248 2.082990 0.560477 0.000000 0.000000 0.000000 0.000000 0.587130 0.000000 0.000000 0.000000 1.131480 0.915994 0.000000 0.000000 0.000000 0.000000 0.000000 0.308641 0.000000 0.000000
1.000990 0.000000 0.000000 0.000000 0.000000 0.820916 0.000000 0.000000 1.027822 0.000000 0.000000 0.000000 0.000000 0.000000 0.000000 -0.535218 0.000000 0.000000 -0.722839 -0.611961 0.000000 0.000000 0.584461 0.000000 0.000000 0.000000 0.812292 0.000000 0.590996 0.000000 0.000000 0.447339 0.000000 1.358069
0.000000 0.000000 0.982354 0.000000 -1.096859 0.000000 0.134606 0.000000 -0.878666 0.000000 0.000000 0.000000 0.000000 0.000000 0.000000 0.000000 0.000000 0.000000 0.305015 0.114963 0.000000 0.000000 0.000000 1.060711 0.000000 0.000000 0.000000 0.000000 0.000000 0.000000 0.000000 0.000000 0.000000 0.595351
1.623740 0.000000 0.000000 0.000000 0.034896 0.898408 0.000000 0.000000 -0.808173 0.000000 0.000000 0.000000 0.000000 0.978979 0.000000 -1.411151 -1.471489 0.000000 0.000000 -0.497828 0.000000 0.000000 0.000000 0.000000 0.000000 0.000000 0.000000 0.000000 0.000000 0.000000 0.000000 -1.449246 0.000000 0.000000
1.050711 0.000000 0.000000 0.000000 -1.160527 0.000000 0.000000 0.000000 2.247226 0.000000 0.000000 1.723540 0.000000 0.000000 0.000000 -1.401423 0.000000 0.000000 0.000000 0.000000 0.000000 0.518016 1.571687 0.886357 0.000000 0.000000 0.882215 0.000000 0.397928 0.000000 0.842939 -1.305794 0.000000 0.000000
1.352572 0.000000 0.000000 0.000000 1.335644 0.753711 0.000000 0.000000 -1.383092 0.000000 0.000000 0.000000 0.000000 0.000000 0.000000 0.000000 0.551309 0.000000 0.000000 0.000000 0.000000 0.000000 0.000000 0.000000 0.000000 0.000000 1.222056 0.000000 0.000000 0.779620 0.000000 0.000000 0.000000 0.000000
0.332356 2.063462 0.539341 2.100159 0.066062 0.000000 0.707534 0.000000 -0.507583 0.000000 0.434360 0.492583 0.000000 0.000000 0.000000 0.678879 -0.081678 0.000000 0.000000 0.000000 0.000000 0.570303 0.000000 0.000000 0.000000 1.066222 0.348866 0.000000 0.651246 0.000000 0.000000 0.000000 0.000000 1.625263
1.171274 1.089210 0.801528 1.888412 1.310805 0.876619 1.222894 1.130550 1.061680 0.000000 0.000000 1.476901 1.587877 2.477631 1.602566 0.852163 -0.045493 2.319054 0.723653 1.182471 1.050236 1.922845 0.608318 0.351146 1.406631 1.044197 0.937787 1.101277 1.339679 0.874565 0.518992 0.000000 2.387131 1.925915
0.000000 0.000000 0.926710 0.000000 1.122895 0.563603 0.267803 0.626212 -0.122964 0.396376 0.000000 0.000000 0.000000 0.278805 0.000000 1.842493 1.135947 0.000000 0.950267 0.825779 0.000000 0.000000 0.839155 1.390475 0.000000 1.347890 1.490167 0.000000 0.000000 0.000000 0.800668 0.000000 1.626039 1.728251
0.000000 1.065215 0.000000 0.000000 0.000000 1.524181 1.357472 1.309016 0.391187 0.000000 0.000000 0.000000 0.000000 0.000000 0.000000 0.000000 0.000000 0.000000 0.000000 0.000000 0.000000 0.000000 0.636340 0.663556 0.000000 0.000000 0.000000 0.000000 1.207153 0.000000 0.000000 0.579066 0.000000 1.020100
0.052004 2.100376 0.000000 0.000000 0.000000 0.000000 0.461583 1.204499 -0.744197 0.000000 0.000000 0.000000 0.000000 0.000000 0.000000 0.000000 0.000000 0.000000 0.912528 1.219575 0.000000 0.000000 -1.192697 0.912129 0.781810 0.670838 0.831719 0.000000 0.142466 0.000000 0.000000 1.321074 0.000000 0.000000
0.000000 1.058240 0.000000 0.000000 0.000000 0.000000 0.272655 0.000000 -0.715450 0.761439 0.000000 0.000000 0.000000 -1.431070 0.000000 0.865541 0.000000 0.000000 0.000000 -0.540427 0.443823 0.000000 0.000000 0.625495 0.000000 0.000000 0.000000 0.000000 0.266141 0.000000 0.000000 0.000000 1.202653 0.893866
1.197745 0.000000 0.000000 0.000000 0.395874 0.964602 -0.870971 0.000000 -0.060832 0.000000 1.221283 0.000000 0.000000 0.645143 0.000000 0.000000 -0.913857 0.000000 0.175126 0.000000 0.542501 0.443910 0.000000 0.000000 0.000000 0.000000 0.000000 0.000000 0.715864 0.000000 0.000000 0.000000 0.000000 0.931596
-1.168403 0.000000 0.000000 0.000000 -0.318460 0.000000 0.000000 0.000000 -0.405367 0.000000 0.000000 0.000000 0.000000 0.000000 0.000000 0.000000 -1.461330 0.000000 0.210255 0.000000 1.183981 0.577337 0.000000 0.000000 0.000000 0.756332 -1.118390 0.000000 0.000000 -1.528448 0.000000 0.000000 1.305329 0.768117
1.008019 1.234688 1.364646 1.994632 1.968029 0.000000 1.255393 0.000000 -0.238599 0.000000 0.000000 0.000000 0.000000 1.454009 0.000000 2.964100 0.000000 0.000000 0.643768 0.000000 0.000000 1.396194 0.000000 -1.342257 0.000000 0.000000 0.000000 0.000000 -1.216537 0.000000 0.000000 0.000000 0.000000 0.000000
0.000000 0.000000 0.000000 0.000000 -1.274487 0.000000 0.000000 0.475472 -0.216129 0.788197 0.000000 0.000000 0.000000 0.087082 0.000000 -1.600372 -0.119814 0.000000 0.781800 0.432770 0.000000 0.000000 0.713942 0.000000 0.000000 0.000000 0.000000 0.000000 0.000000 0.000000 0.000000 0.000000 0.000000 0.877547
0.000000 0.000000 0.000000 0.000000 0.000000 0.000000 0.000000 0.000000 -0.560511 0.000000 0.000000 0.000000 0.000000 0.310952 0.000000 0.578252 0.274926 0.000000 0.557679 0.000000 0.000000 0.000000 0.000000 0.480253 0.000000 0.000000 0.000000 0.894492 0.641317 0.454340 -0.872964 0.000000 0.693307 0.213716
0.511570 0.000000 0.000000 0.000000 0.940242 0.000000 0.481848 0.000000 -0.065948 0.595915 0.727172 1.158498 1.237182 0.506042 0.000000 0.000000 0.597589 0.000000 0.753831 0.650741 0.813445 1.017073 0.000000 0.000000 0.994272 0.923555 0.000000 1.999816 0.976657 0.000000 0.842407 2.223002 0.000000 0.803189
0.000000 0.000000 0.000000 0.000000 -0.785401 0.000000 0.000000 0.382196 0.102590 0.000000 0.000000 0.000000 0.000000 -0.716312 0.000000 -0.984134 0.506756 0.000000 -0.598331 0.000000 0.000000 0.315830 0.000000 0.000000 0.927293 0.000000 0.000000 0.000000 -0.551733 0.000000 0.557720 0.615698 0.000000 0.470364
0.000000 0.000000 0.000000 0.000000 0.194045 0.000000 0.000000 -0.806161 0.818373 0.000000 0.000000 0.000000 -1.009763 0.000000 0.000000 0.000000 -0.757439 0.000000 -0.939472 0.000000 0.000000 -0.725912 0.000000 0.000000 0.000000 -0.814582 0.656937 0.000000 0.000000 1.785218 -1.056619 -0.902154 0.000000 1.135205
0.544079 0.000000 0.742382 0.000000 0.000000 0.000000 0.000000 0.000000 -1.069791 0.000000 0.000000 0.000000 0.000000 0.746796 0.000000 0.752694 -0.545906 0.000000 -0.351083 0.925724 0.000000 -0.851376 0.406862 0.799264 0.678542 0.000000 0.000000 0.000000 0.000000 0.000000 0.000000 0.216911 0.000000 1.507185
0.587141 0.000000 1.495258 0.000000 0.670193 0.639462 0.000000 0.000000 -0.724495 0.000000 0.000000 0.412218 0.000000 0.638506 0.000000 1.077060 0.000000 0.000000 0.542739 0.000000 0.000000 0.193467 0.315544 0.000000 0.000000 0.000000 0.000000 0.469566 0.729739 0.000000 0.000000 1.378222 0.000000 1.222241
0.754605 0.000000 0.000000 0.000000 0.000000 0.930048 0.000000 0.000000 -0.065307 0.928060 2.302244 0.000000 0.000000 0.217073 2.297508 0.516547 0.533197 0.000000 0.074195 0.000000 0.000000 0.000000 0.000000 1.411358 0.000000 0.000000 1.770582 1.205795 0.000000 1.180573 1.317205 0.926041 1.009163 2.168088
0.596853 1.960557 0.655222 0.000000 1.202682 0.000000 0.469969 0.000000 1.360869 0.000000 0.000000 0.000000 0.910549 0.000000 0.000000 0.491852 0.452366 0.000000 0.564032 0.000000 0.000000 0.000000 1.095233 0.424654 0.000000 0.000000 0.000000 0.000000 0.432634 0.385635 1.140473 0.682057 2.777182 1.126178
1.540388 0.000000 0.000000 0.000000 0.000000 0.000000 0.000000 0.000000 0.431178 0.405968 0.000000 0.000000 0.000000 0.731399 0.000000 0.176831 0.911842 0.000000 -0.814593 -0.424984 0.000000 -0.411897 0.000000 0.000000 1.956234 0.724446 0.000000 0.000000 0.641304 0.000000 0.000000 0.979244 2.220817 0.421282
0.000000 0.000000 0.825409 0.000000 -0.122378 0.000000 0.000000 0.495543 1.900268 0.000000 0.000000 0.000000 0.752019 0.000000 0.000000 0.160058 0.569919 0.000000 1.560852 0.491068 1.051002 0.000000 1.133823 1.310576 0.000000 0.601127 0.000000 0.000000 0.394089 1.818899 1.021604 1.779311 0.441661 1.383735
0.000000 0.000000 0.000000 0.000000 0.000000 0.000000 0.000000 0.000000 3.946796 0.975903 0.000000 0.000000 0.000000 0.000000 2.298139 -0.061987 1.153396 0.000000 0.877953 1.099990 1.495507 0.000000 0.700732 0.000000 0.000000 0.000000 1.083890 1.508546 0.268577 1.626783 1.552373 1.168526 0.000000 0.000000
