0.000000 2.729653 0.668097 2.181051 1.291841 0.000000 1.348915 1.789930 0.480386 0.000000 1.650637 0.000000 0.864657 0.026172 0.000000 1.376028 1.597808 3.583330 -1.502724 1.453142 1.282926 0.000000 0.000000 0.000000 0.000000 0.000000 0.000000 2.434426 0.000000 0.000000 0.565047 0.591117 0.000000 0.000000
0.983124 0.000000 0.000000 0.000000 0.000000 0.000000 -1.087307 0.599280 -1.833311 0.000000 0.290660 0.000000 0.000000 1.016698 0.000000 -1.847132 0.375022 0.000000 -1.302973 0.000000 -0.962208 0.334262 -0.843776 0.000000 0.000000 -1.689252 0.000000 0.000000 -0.728197 0.000000 2.091479 -0.895625 0.000000 0.000000
0.912445 0.000000 1.065449 0.000000 0.000000 0.000000 0.000000 1.779719 1.949410 1.893469 0.019851 0.389144 0.000000 1.999718 0.000000 0.721911 0.610783 0.000000 2.076849 0.000000 0.666803 1.324628 0.000000 0.000000 0.278786 0.961933 0.000000 0.000000 1.658992 0.000000 0.000000 0.203411 0.000000 0.576584
0.753559 0.000000 2.228864 0.000000 0.451036 -1.101317 0.000000 0.573003 0.632051 0.000000 0.000000 0.000000 1.435177 0.369636 0.000000 0.000000 0.885710 0.000000 0.000000 0.718144 0.000000 0.000000 1.017919 0.659044 0.000000 0.000000 -1.346928 0.000000 0.000000 0.000000 0.820669 1.458499 0.000000 0.000000
1.854419 0.000000 0.000000 0.000000 0.000000 0.000000 0.000000 0.000000 1.272150 0.000000 0.000000 -1.055581 0.000000 0.703282 0.000000 -0.443904 0.000000 0.000000 0.000000 1.451528 0.000000 0.000000 0.000000 0.000000 0.000000 0.000000 0.000000 0.000000 0.000000 0.000000 -1.255944 0.000000 0.000000 0.000000
1.504322 0.000000 0.000000 0.000000 0.000000 0.000000 2.311146 0.000000 0.000000 0.581616 0.000000 0.000000 0.000000 0.848835 0.000000 0.898417 1.130965 0.000000 0.000000 0.000000 0.000000 0.787911 0.000000 0.000000 0.000000 0.817267 1.487652 0.000000 -0.771368 1.029195 0.000000 0.000000 0.000000 0.000000
1.862967 0.000000 0.774849 0.000000 2.091015 1.227250 1.258505 -1.121289 0.024444 0.000000 1.351378 -0.920240 0.000000 -1.401303 0.000000 2.244180 0.511994 0.000000 0.000000 0.000000 0.000000 -1.325235 0.000000 0.000000 0.000000 0.000000 0.000000 0.000000 -0.652508 0.000000 0.000000 -0.823466 0.000000 0.677044
3.231711 2.231388 2.043339 2.811985 0.476003 1.824634 0.090858 0.000000 3.342645 0.990991 1.176062 1.508106 1.253862 0.284412 2.105423 0.576405 0.000000 0.000000 0.000000 0.000000 0.609249 0.000000 0.000000 0.000000 1.061601 0.894318 0.000000 0.000000 0.000000 0.000000 0.000000 0.525733 0.000000 0.000000
0.957088 0.000000 0.000000 0.000000 0.000000 0.966510 0.000000 0.000000 0.965717 0.000000 -0.889226 0.000000 0.000000 0.000000 0.000000 -0.538774 0.000000 0.000000 -0.728470 -0.608710 0.000000 0.000000 0.660582 0.000000 0.000000 0.000000 0.000000 0.000000 0.646299 0.000000 0.000000 0.610985 0.000000 1.320472
0.000000 0.000000 0.975569 0.000000 -1.082779 0.000000 0.129227 0.000000 -1.060365 0.000000 0.000000 0.000000 0.000000 0.000000 0.000000 0.000000 0.000000 0.000000 0.306585 0.100073 0.000000 0.000000 -0.694459 1.041909 0.545067 0.000000 0.000000 0.000000 0.000000 0.000000 0.000000 0.000000 0.000000 0.551855
1.669201 0.000000 0.000000 0.000000 0.027273 0.000000 0.000000 0.000000 -0.759297 0.000000 0.731255 0.000000 0.000000 0.962079 0.000000 -1.437108 -1.363301 0.000000 0.000000 -0.491441 0.000000 0.000000 0.000000 0.000000 0.000000 0.000000 0.000000 0.000000 0.000000 0.000000 0.000000 -1.670676 0.000000 0.000000
1.066337 0.000000 0.000000 0.000000 -1.188187 0.000000 0.000000 0.000000 1.278192 0.000000 0.000000 1.701294 0.000000 0.000000 0.000000 -1.405114 0.000000 0.000000 0.000000 0.000000 0.000000 0.498232 1.440700 0.917471 -2.403897 0.000000 0.916802 0.000000 0.395243 0.000000 0.855203 -1.404335 0.000000 0.000000
1.319255 0.000000 0.000000 0.000000 1.352980 0.841768 0.000000 0.000000 -0.964288 0.000000 0.000000 0.000000 0.000000 0.000000 0.000000 0.000000 0.000000 0.000000 0.000000 0.000000 0.000000 0.000000 0.000000 0.000000 1.050208 0.000000 1.178434 0.000000 0.000000 0.800612 0.000000 0.000000 0.000000 0.000000
0.339017 2.053762 0.533814 2.096916 0.087712 0.000000 0.704089 0.000000 -0.509941 0.000000 0.614237 0.488527 0.000000 0.000000 0.000000 0.683208 0.068879 0.000000 0.000000 0.000000 0.000000 0.621541 0.000000 0.000000 0.852275 1.068761 0.566621 0.000000 0.645784 0.000000 0.000000 0.000000 0.000000 1.676454
1.185274 1.123637 0.788670 1.892123 1.335686 0.804487 1.239920 1.155956 0.804310 0.535941 0.423294 1.463885 1.603481 2.483030 1.565825 0.866861 -0.073305 2.318042 0.712564 1.219550 1.003838 1.928919 0.523966 0.364119 1.141028 1.009709 1.199909 1.117623 1.326919 0.859590 0.530692 0.000000 2.624981 1.867535
0.000000 0.000000 0.924697 0.000000 1.088312 0.603547 0.239345 0.662180 -0.006111 0.000000 0.774670 0.000000 0.000000 0.325519 0.000000 1.867375 0.931422 0.000000 0.945627 0.779401 0.000000 0.000000 0.878412 1.399787 -0.898098 1.387348 1.339723 0.000000 0.000000 0.000000 0.790163 0.000000 2.100837 1.742452
0.000000 1.080410 0.000000 0.000000 0.000000 1.361024 1.301998 1.350645 0.195105 0.000000 0.000000 0.000000 0.000000 0.000000 0.000000 0.000000 0.000000 0.000000 0.000000 0.000000 0.000000 0.000000 0.887601 0.678977 0.000000 0.000000 -1.007558 0.000000 1.235176 0.000000 0.000000 0.461659 0.000000 1.032361
0.062660 2.100228 0.000000 0.000000 0.000000 0.000000 0.453225 1.185417 -0.301251 0.000000 0.000000 0.000000 0.000000 0.000000 0.000000 0.000000 0.000000 0.000000 0.892713 1.217672 0.000000 0.000000 -1.021548 0.886864 2.288777 0.715658 1.226466 0.000000 0.144734 0.000000 0.000000 1.595385 0.000000 0.000000
0.000000 1.059340 0.000000 0.000000 0.000000 0.000000 0.277126 0.000000 0.000000 0.411497 0.000000 0.000000 0.000000 -1.416913 0.000000 0.866803 0.000000 0.000000 0.000000 -0.561162 0.503876 0.000000 0.000000 0.635383 0.000000 0.000000 0.000000 0.000000 0.274334 0.000000 0.000000 0.000000 1.172111 0.929629
1.188728 0.000000 0.000000 0.000000 0.397999 0.955774 -0.861435 0.000000 0.135486 0.000000 1.109941 0.000000 0.000000 0.633885 0.000000 0.000000 -0.904936 0.000000 0.168693 0.000000 0.522500 0.441808 0.000000 0.000000 0.275804 0.000000 0.000000 0.000000 0.715640 0.000000 0.000000 0.013685 0.000000 0.881665
-1.179484 0.000000 0.000000 0.000000 -0.281832 0.000000 0.000000 0.000000 0.000000 0.000000 0.000000 0.000000 0.000000 0.000000 0.000000 0.000000 -1.430728 0.000000 0.232428 0.000000 1.210872 0.563277 0.000000 0.000000 0.908494 0.775670 0.000000 0.000000 0.000000 -1.528634 0.000000 0.007557 1.384427 0.780011
1.054390 1.225955 1.350464 1.985329 1.967958 0.000000 1.295063 0.000000 0.000000 0.000000 -0.453475 0.000000 0.000000 1.501333 0.000000 2.995770 0.000000 0.000000 0.677762 0.000000 0.000000 1.398369 0.000000 -1.338630 -1.787755 0.000000 0.000000 0.000000 -1.238880 0.000000 0.000000 -0.576889 0.000000 0.000000
0.000000 0.000000 0.000000 0.000000 -1.302341 0.000000 0.000000 0.488200 -0.284207 0.728613 0.000000 0.000000 0.000000 0.025308 0.000000 -1.626325 0.012770 0.000000 0.768175 0.430228 0.000000 0.000000 0.561274 0.000000 0.000000 0.000000 0.000000 0.000000 0.000000 0.000000 0.000000 -0.536784 0.000000 0.912152
0.000000 0.000000 0.000000 0.000000 0.000000 0.000000 0.000000 0.000000 -0.043241 0.000000 0.000000 0.000000 0.000000 0.295219 0.000000 0.588858 0.306319 0.000000 0.542480 0.000000 0.000000 0.000000 0.000000 0.475638 0.000000 0.000000 0.000000 0.895104 0.641936 0.466117 -0.867676 0.000000 0.951177 0.280578
0.532325 0.000000 0.000000 0.000000 0.957011 0.000000 0.479594 0.000000 0.156907 0.000000 0.911809 1.161134 1.270569 0.522075 0.000000 0.000000 0.511494 0.000000 0.772363 0.673317 0.802584 1.006665 0.000000 0.000000 1.273532 0.891909 0.000000 2.029366 0.937825 0.000000 0.878056 2.281947 0.000000 0.827429
0.000000 0.000000 0.000000 0.000000 -0.785148 0.000000 0.000000 0.396363 -0.037210 0.000000 0.000000 0.000000 0.000000 -0.749681 0.000000 -0.993210 0.616049 0.000000 -0.585059 0.000000 0.000000 0.314744 0.000000 0.000000 0.732390 0.000000 0.000000 0.000000 -0.560161 0.000000 0.559469 0.512977 0.000000 0.488877
0.000000 0.000000 0.000000 0.000000 0.203239 0.000000 0.000000 -0.824922 0.542948 0.000000 0.356891 0.000000 -1.024587 0.000000 0.000000 0.000000 -0.651792 0.000000 -0.930084 0.000000 0.000000 -0.706383 0.000000 0.000000 0.000000 -0.806851 0.500589 0.000000 0.000000 1.814724 -1.045745 -0.846604 0.000000 1.126003
0.535921 0.000000 0.757815 0.000000 0.000000 0.000000 0.000000 0.000000 0.000000 0.000000 -0.393009 0.000000 0.000000 0.737455 0.000000 0.748084 -0.554651 0.000000 -0.363558 0.919263 0.000000 -0.872933 0.531682 0.785120 1.073417 0.000000 0.000000 0.000000 0.000000 0.000000 0.000000 0.349601 0.000000 1.521159
0.593965 0.000000 1.466842 0.000000 0.650071 0.631017 0.000000 0.000000 -0.526089 0.000000 0.000000 0.430294 0.000000 0.679214 0.000000 1.095588 0.000000 0.000000 0.523027 0.000000 0.000000 0.191307 0.522485 0.000000 -1.140047 0.000000 0.000000 0.454808 0.736717 0.000000 0.000000 1.217577 0.000000 1.214388
0.787891 0.000000 0.000000 0.000000 0.000000 0.930992 0.000000 0.000000 0.000000 0.785219 1.714912 0.000000 0.000000 0.210032 2.274222 0.528880 0.521496 0.000000 0.081533 0.000000 0.000000 0.000000 0.000000 1.404257 0.231168 0.000000 1.248983 1.198675 0.000000 1.186588 1.319296 0.770642 0.823335 2.118129
0.579552 1.969193 0.684877 0.000000 1.209189 0.000000 0.462604 0.000000 1.180673 0.000000 0.000000 0.000000 0.877655 0.000000 0.000000 0.490320 0.429399 0.000000 0.543637 0.000000 0.000000 0.000000 1.194889 0.425924 0.000000 0.000000 0.000000 0.000000 0.450268 0.365956 1.130506 0.850263 3.027092 1.090345
1.501195 0.000000 0.000000 0.000000 0.000000 0.000000 0.000000 0.000000 0.000000 0.748178 -0.440367 0.000000 0.000000 0.741591 0.000000 0.171595 0.952871 0.000000 -0.832207 -0.425901 0.000000 -0.444883 0.000000 0.000000 1.799930 0.718127 0.000000 0.000000 0.652885 0.000000 0.000000 1.185707 2.026343 0.376417
0.000000 0.000000 0.835400 0.000000 -0.137420 0.000000 0.000000 0.453262 1.472721 0.000000 0.158471 0.000000 0.752387 0.000000 0.000000 0.145675 0.610574 0.000000 1.557213 0.509381 1.048999 0.000000 1.168626 1.294127 0.383344 0.602414 0.000000 0.000000 0.421766 1.811731 1.027607 1.992073 0.000000 1.422815
0.000000 0.000000 0.000000 0.000000 0.000000 0.000000 0.000000 0.000000 3.165614 1.210345 -0.739256 0.000000 0.000000 0.000000 2.334496 -0.082179 1.074760 0.000000 0.928008 1.110074 1.484171 0.000000 0.994078 0.000000 0.000000 0.000000 0.730766 1.462385 0.278267 1.639018 1.535357 1.489225 0.000000 0.000000
