0.7968 0.680899 0.800459 0.749346 0.77387 0.839393 0.782296 0.733326 0.726396 0.740468 0.794743 0.678176 0.7629 0.787433 0.814126 0.775477 0.739554 0.720806 0.759397 0.766636 0.74448 0.826782 0.839782 0.72599 0.81108 0.812907 0.875198 0.77238 0.795904 0.708485 0.794884 0.821956 0.656871 0.720697 0.832737 0.849381 0.743709 0.807283 0.773379 0.744139 0.751308 0.714224 0.774188 0.783588 0.74351 0.719727 0.746117 0.78574 0.734404 0.838859 0.800957 0.734175 0.81229 0.684337 0.809604 0.753893 0.776634 0.755687 0.730738 0.785592 0.759077 0.799369 
2.10413 2.10315 2.11238 2.13298 2.18395 2.25129 2.11548 2.21157 2.11095 2.2192 2.17877 2.14115 2.09802 2.1616 2.17718 2.0335 2.10121 2.1366 2.20536 2.08774 2.16734 2.07078 2.25916 2.16366 2.19605 2.03596 2.24114 2.0898 2.24664 2.03187 2.49229 2.0396 2.0866 2.17979 2.36865 2.18242 2.0526 2.03603 2.2637 2.07132 2.25304 1.99956 2.15096 2.04255 2.26935 2.22543 2.13048 2.20617 2.28981 1.96084 2.23433 2.12462 2.18528 2.12756 2.16781 2.1312 2.24601 2.24415 2.24591 2.2192 2.12453 2.0839 
1.06289 0.895013 1.04769 0.91758 1.03697 1.09665 0.979387 1.03456 1.01368 1.02633 1.05159 1.12117 1.17575 1.02482 0.972886 1.11822 1.04114 1.08592 0.927428 0.979005 1.08438 0.991514 0.978117 1.13384 1.09037 1.03186 0.976083 1.02867 1.05145 1.04006 1.12534 1.01398 1.03166 1.09512 1.0553 1.01857 1.14466 1.01188 0.833729 1.06218 1.12923 1.01376 1.08357 1.08408 1.05201 1.19762 1.08006 1.08472 0.992506 1.04643 1.16961 1.05073 1.07523 1.03548 1.00531 1.12533 1.07808 1.02605 1.02888 1.01606 1.07084 1.06666 
0.807024 0.761152 0.871785 0.812398 0.789911 0.732963 0.705003 0.789456 0.795801 0.796711 0.810763 0.796626 0.848096 0.704875 0.754142 0.785557 0.838888 0.836248 0.766865 0.750108 0.860201 0.78546 0.84074 0.857747 0.805974 0.884141 0.798879 0.755948 0.745096 0.725235 0.765068 0.817445 0.961929 0.680006 0.772962 0.76952 0.767022 0.806476 0.830199 0.834461 0.735111 0.861872 0.722135 0.825717 0.726499 0.744819 0.762645 0.811457 0.792328 0.821437 0.783033 0.814603 0.761317 0.756918 0.63903 0.787214 0.716609 0.772064 0.789012 0.805809 0.805684 0.827289 
0.198282 0.239545 0.23432 0.222227 0.241071 0.253559 0.204685 0.238834 0.246674 0.209338 0.247599 0.251471 0.242389 0.210133 0.232322 0.199054 0.229404 0.237662 0.209808 0.24963 0.231766 0.241999 0.194857 0.234618 0.189722 0.235298 0.238283 0.233466 0.251593 0.201466 0.234067 0.198325 0.243193 0.268547 0.177033 0.250307 0.20166 0.238717 0.185356 0.226503 0.24038 0.244757 0.192136 0.228882 0.203623 0.211809 0.267138 0.205536 0.201198 0.191709 0.252854 0.187888 0.248368 0.246757 0.244912 0.196653 0.227276 0.267358 0.261002 0.228454 0.233951 0.180623 
0.869618 0.967544 0.875248 0.836928 0.894365 0.824724 0.894887 0.986949 0.89266 0.93389 0.990965 0.892928 0.856472 0.765818 0.997793 0.891514 0.837002 0.887303 0.760211 0.875653 0.863773 0.9016 0.831497 0.879249 0.838655 0.857348 0.993252 0.844613 0.922781 0.980164 0.766891 0.972572 0.960669 1.00084 0.840013 1.02346 0.752336 1.02204 0.795734 0.830931 0.97827 0.918894 0.972954 0.886554 0.868231 0.870786 0.829192 0.86471 0.717404 0.907416 0.97405 0.958562 0.963601 0.916291 0.94512 0.87651 0.822108 0.800022 0.957128 0.880191 0.823291 0.842987 
0.935835 0.957931 0.951329 0.966675 1.02063 0.930664 0.985931 0.930869 0.968876 1.03331 0.935263 1.0116 0.904905 0.990844 0.982249 0.95885 0.99808 1.02664 0.915809 0.980048 0.983903 0.974683 0.897471 0.960895 0.914443 0.962367 0.94807 0.929084 1.0022 0.857065 0.941364 0.890854 0.829622 0.885333 0.98604 1.05791 0.845269 1.00286 0.975485 0.9431 0.95435 0.920792 1.00642 0.928737 0.853274 0.857035 0.937001 0.903025 1.00542 0.883291 0.9745 1.04995 0.912691 0.861789 0.844323 0.923705 0.969995 0.873551 0.969164 0.974686 0.92438 0.957025 
1.10318 1.02074 1.12641 0.959392 1.14649 1.08126 1.07812 1.12025 0.942138 1.09778 1.02738 1.10145 1.18313 1.26046 1.15296 1.28526 1.17789 1.16482 1.11355 1.29494 1.24362 1.2632 1.1154 1.17937 1.20162 1.09422 1.09188 1.13751 1.12171 1.03439 1.1446 1.04198 1.19996 1.06053 1.28471 1.07979 1.15133 1.097 1.16899 1.16037 1.05042 1.18595 1.20311 1.18689 1.20955 1.05982 1.19958 1.13044 1.18085 1.16017 1.19932 1.00564 1.25353 1.21571 1.04459 1.04088 1.11285 1.16835 1.00207 1.13868 1.15656 1.17315 
1.50471 1.63544 1.41873 1.5055 1.47478 1.49473 1.48224 1.39362 1.51755 1.49362 1.63616 1.44118 1.60111 1.6024 1.42652 1.55948 1.42023 1.60496 1.53296 1.54427 1.60246 1.53077 1.49864 1.49215 1.57691 1.56252 1.4675 1.60116 1.39791 1.55397 1.48783 1.50325 1.45139 1.4658 1.48567 1.55169 1.4835 1.5452 1.42123 1.5168 1.60455 1.50107 1.53019 1.57554 1.52713 1.44302 1.46465 1.48964 1.51504 1.52664 1.58343 1.4048 1.46216 1.48762 1.5468 1.48915 1.64759 1.41565 1.50179 1.663 1.49038 1.45881 
1.33603 1.1836 1.25816 1.33817 1.34346 1.27601 1.27856 1.31178 1.2493 1.23816 1.37359 1.28853 1.33321 1.27822 1.24134 1.22319 1.25458 1.35341 1.24291 1.20303 1.22378 1.22531 1.38629 1.38345 1.3614 1.24379 1.34124 1.3633 1.2445 1.09861 1.26208 1.34695 1.257 1.26712 1.2635 1.30512 1.41952 1.1572 1.31097 1.44314 1.32582 1.26743 1.13933 1.2218 1.31235 1.13753 1.26881 1.16425 1.34868 1.24286 1.22885 1.38096 1.25435 1.24326 1.35455 1.2316 1.28414 1.35756 1.42583 1.44028 1.24491 1.31634 
1.26587 1.18595 1.16187 1.11696 1.22378 1.23604 1.0919 1.21403 1.18012 1.09515 1.16909 1.08567 1.19686 1.34233 1.33999 1.23401 1.12528 1.29676 1.1316 1.30425 0.965888 1.10528 1.19757 1.17079 1.13215 1.24144 1.20762 1.2504 1.21997 1.23155 1.3058 1.20154 1.21352 1.24679 1.25128 1.24501 1.11569 1.26417 1.18576 1.16059 1.10876 1.18427 1.11756 1.2436 1.15674 1.27979 1.1839 1.08876 1.13477 1.15406 1.1236 1.2307 1.23539 1.25035 1.2199 1.23977 1.21168 1.29689 1.22101 1.28278 1.21102 1.20945 
0.191711 0.23952 0.238435 0.23283 0.233194 0.220062 0.213484 0.194706 0.232741 0.177849 0.182205 0.173742 0.242376 0.237241 0.19426 0.239502 0.17989 0.227775 0.224512 0.184659 0.217168 0.247073 0.224068 0.239877 0.247287 0.181802 0.248513 0.178248 0.219178 0.218553 0.223677 0.269187 0.231596 0.195659 0.182202 0.227645 0.237637 0.188008 0.221258 0.175402 0.217269 0.238597 0.227175 0.230669 0.186412 0.226096 0.226528 0.198432 0.192206 0.24255 0.179698 0.205646 0.174728 0.245308 0.255183 0.22371 0.216138 0.19388 0.208723 0.179704 0.223874 0.195505 
0.318858 0.329965 0.251314 0.343504 0.315125 0.272507 0.310513 0.240494 0.323885 0.329393 0.260245 0.318983 0.310573 0.263947 0.329234 0.257445 0.329067 0.26465 0.329745 0.322974 0.280459 0.332464 0.254672 0.295066 0.324411 0.22712 0.329646 0.335676 0.329947 0.288458 0.325679 0.35524 0.270142 0.334343 0.306403 0.34434 0.267879 0.311866 0.323987 0.324856 0.276077 0.293416 0.26001 0.322119 0.254927 0.321807 0.289081 0.265539 0.266329 0.310716 0.320113 0.272332 0.353753 0.317186 0.322522 0.320613 0.324421 0.348307 0.332426 0.343422 0.317134 0.310648 
1.06419 1.12838 1.10591 1.05632 1.04607 1.16281 1.06672 1.00209 0.956449 1.07298 1.06569 1.079 1.13148 1.10301 1.06211 0.993252 0.996691 1.07136 1.0831 0.982633 1.13745 1.02386 1.04367 1.15924 1.02021 1.08676 1.02245 1.11365 1.12601 1.06267 1.02498 1.07799 1.12163 1.0882 1.05747 0.988217 1.01943 1.09474 1.04434 1.05062 1.05526 1.05565 1.12962 1.00497 1.01575 1.0764 1.07609 1.1074 0.967753 1.04436 1.01132 1.0995 1.02518 1.07164 0.988611 1.07065 1.0811 0.971206 1.01561 1.01537 0.987616 1.06659 
1.92038 1.92592 1.94812 1.76652 1.94006 2.00019 1.9274 1.78073 1.92828 1.78279 1.94787 1.9595 1.99834 2.03658 2.07172 1.91491 2.02544 1.93501 1.9975 1.82531 1.91205 1.93816 1.92638 2.02195 1.81388 2.02033 2.03358 1.78677 1.83779 2.02595 1.83345 1.87007 2.10521 1.93152 2.13586 1.96226 2.007 1.95165 1.98723 1.99976 1.97196 1.97357 2.03351 2.06369 1.93265 1.75491 2.05127 2.01234 1.89434 2.00069 1.78929 2.02968 1.8685 1.90349 1.90424 2.0964 1.95684 1.87031 1.89331 1.94457 2.09415 1.96269 
1.09602 1.03017 1.00778 1.0652 1.14195 1.03428 1.17358 1.10866 1.04719 1.09861 0.986764 0.998775 1.02811 1.01225 1.07134 1.09016 1.11311 1.11487 1.07482 1.02256 1.06177 1.13779 0.972461 1.12993 0.98924 1.15128 0.951658 1.05895 0.930847 0.982721 1.22977 1.09713 1.08946 1.0446 1.1256 1.07662 1.05063 1.1458 1.07833 1.20068 0.985751 1.01412 1.22487 1.06254 1.10507 1.10894 1.00355 1.11061 1.13548 1.11211 1.02631 1.12206 1.22704 1.1108 0.979029 1.08009 1.13627 1.17657 1.14091 1.15123 1.10031 1.03534 
1.17741 1.1491 1.29568 1.32652 1.20397 1.17049 1.29681 1.26262 1.22581 1.13408 1.301 1.35489 1.30055 1.25174 1.24506 1.17776 1.34329 1.27455 1.30143 1.32933 1.33936 1.28604 1.31641 1.189 1.37417 1.25564 1.27652 1.3186 1.22532 1.18958 1.21174 1.27066 1.24989 1.34547 1.23554 1.29775 1.38998 1.25163 1.25081 1.30028 1.17196 1.28754 1.25982 1.34977 1.15182 1.25136 1.2152 1.40754 1.30426 1.18184 1.23963 1.15358 1.31928 1.16046 1.24613 1.31451 1.26626 1.3589 1.34356 1.15021 1.34355 1.2803 
2.02929 2.15346 2.10534 2.05342 1.88294 2.20812 2.04769 1.83489 1.96765 2.06533 2.06205 2.10126 2.24155 1.90395 2.22515 2.22462 2.16234 2.0987 2.04468 2.19238 2.22365 1.97202 2.1657 2.08636 1.94718 2.03726 1.99683 2.23433 1.96835 1.99172 2.03759 1.91212 2.20502 2.24824 1.85813 2.08491 1.91089 1.97623 2.05412 1.87977 1.90152 2.05728 2.13568 2.0324 2.11561 2.00193 2.12685 2.18911 1.95288 2.39088 2.023 1.81546 2.19151 2.12742 2.03224 2.16645 2.06965 2.16534 1.96105 2.0464 1.94895 1.8683 
0.983241 1.0444 1.02284 1.12765 1.0637 1.06744 1.01239 1.08586 1.00337 1.03246 1.05546 0.97538 1.02131 0.95624 0.962347 1.05568 0.969192 1.03175 1.09702 1.01303 1.05115 1.09263 1.02823 1.04626 1.00033 0.99864 1.0533 1.05101 1.02081 1.06029 1.17685 0.981862 1.05142 1.00628 1.11079 0.963533 1.09328 0.991217 0.928306 0.845835 0.949522 0.983099 1.00844 1.01048 1.02497 1.01893 0.800846 0.972461 1.0116 1.05424 0.958742 1.029 0.969522 1.02057 1.02226 1.07287 1.07984 1.0711 1.06471 1.04145 1.0271 0.987027 
0.983903 0.937826 0.801756 0.946097 0.942174 0.838914 0.835956 0.918132 0.911349 0.901482 1.00448 0.907744 0.888741 0.940623 0.876875 0.91516 0.921723 0.848929 0.903304 0.912201 0.939838 0.884339 1.03687 0.922079 0.862478 0.985321 0.913712 0.930516 1.0116 0.91843 0.904402 0.873181 0.87776 0.937682 0.942647 0.977705 0.943545 0.882389 0.931321 0.845163 0.834872 0.868034 0.893423 0.930315 0.912075 0.785773 0.861221 0.939373 0.958288 0.880793 0.973242 0.825611 1.03644 0.886976 0.88306 0.991606 0.895742 1.01428 0.976682 0.772432 0.964053 0.951148 
1.57081 1.62547 1.74047 1.48701 1.59548 1.5912 1.54435 1.48508 1.52115 1.66164 1.51513 1.64522 1.72173 1.57364 1.59563 1.64675 1.57961 1.59472 1.60944 1.61616 1.77103 1.60483 1.48084 1.52985 1.63132 1.57022 1.50319 1.61745 1.55859 1.57669 1.56172 1.55555 1.62005 1.64337 1.58045 1.63511 1.60859 1.51485 1.61024 1.5379 1.60944 1.62555 1.58629 1.59384 1.63019 1.54814 1.66039 1.52788 1.62178 1.6644 1.58523 1.61744 1.50369 1.59193 1.55171 1.68828 1.55907 1.64119 1.51691 1.50754 1.66543 1.69939 
1.64014 1.56862 1.56441 1.55014 1.45272 1.46669 1.47633 1.4604 1.47358 1.38394 1.42598 1.46731 1.50154 1.57197 1.57735 1.55716 1.52408 1.51709 1.50851 1.61365 1.47054 1.60259 1.49816 1.38629 1.53393 1.57616 1.54379 1.49 1.68808 1.42578 1.52785 1.47109 1.85446 1.52107 1.62216 1.46933 1.50504 1.50238 1.41099 1.54542 1.49887 1.43778 1.46747 1.58604 1.52821 1.72087 1.60063 1.58464 1.49003 1.58324 1.64635 1.42959 1.49009 1.50851 1.55219 1.56993 1.46477 1.548 1.61064 1.66221 1.52181 1.50622 
0.286244 0.287265 0.229402 0.31057 0.26922 0.288836 0.290223 0.227525 0.293819 0.281624 0.248373 0.275151 0.301105 0.241217 0.235529 0.295845 0.234379 0.295536 0.279275 0.299986 0.294239 0.302017 0.239395 0.317751 0.288815 0.204311 0.299175 0.245506 0.295038 0.227517 0.30781 0.271094 0.270434 0.267538 0.241971 0.296294 0.314403 0.295448 0.282851 0.252868 0.274614 0.243759 0.284769 0.266879 0.274956 0.228614 0.273332 0.242946 0.270564 0.227375 0.290198 0.304499 0.201108 0.288166 0.293589 0.237986 0.281379 0.267266 0.292778 0.281537 0.279827 0.287306 
0.787002 0.779565 0.81638 0.778221 0.738171 0.742108 0.75708 0.734753 0.808965 0.773739 0.778114 0.742729 0.796769 0.727579 0.75299 0.787373 0.778391 0.714086 0.771427 0.783637 0.870323 0.71718 0.733185 0.797772 0.816607 0.705293 0.837123 0.829863 0.778577 0.746857 0.828216 0.747334 0.756374 0.777755 0.758095 0.777011 0.787698 0.8761 0.655739 0.823686 0.821448 0.751988 0.838142 0.730419 0.7332 0.735707 0.801334 0.717806 0.775324 0.823444 0.793488 0.780648 0.756784 0.795185 0.797371 0.769608 0.743507 0.894992 0.758631 0.788301 0.69634 0.799757 
1.38833 1.46672 1.45636 1.59811 1.35812 1.43446 1.42005 1.46308 1.44036 1.3633 1.40071 1.45512 1.29203 1.45891 1.40457 1.36399 1.52686 1.47685 1.42062 1.42153 1.49437 1.46355 1.43183 1.4457 1.40799 1.59222 1.32732 1.33054 1.30903 1.39966 1.40009 1.45758 1.42483 1.5551 1.25854 1.39308 1.6479 1.41091 1.53989 1.57201 1.40653 1.41751 1.54632 1.43742 1.58268 1.3889 1.42057 1.47206 1.38789 1.52272 1.53915 1.39877 1.44867 1.38901 1.44642 1.45366 1.42878 1.49956 1.51504 1.54166 1.45828 1.37595 
0.540899 0.587636 0.519353 0.584934 0.542364 0.527687 0.474952 0.482426 0.516886 0.529842 0.493489 0.537091 0.470403 0.625772 0.504289 0.524506 0.513155 0.435387 0.437821 0.584748 0.548039 0.457544 0.585442 0.541131 0.593542 0.549532 0.573748 0.561909 0.540568 0.58888 0.558058 0.539225 0.580489 0.575228 0.547875 0.525508 0.568841 0.617946 0.524553 0.579891 0.58088 0.51137 0.568162 0.479202 0.520139 0.516517 0.5679 0.522759 0.513631 0.518039 0.605027 0.458388 0.534895 0.575364 0.545205 0.542574 0.542411 0.534206 0.594666 0.531616 0.587787 0.481225 
0.463482 0.488265 0.53355 0.395807 0.459453 0.459248 0.417236 0.453057 0.454402 0.473868 0.486113 0.474991 0.442397 0.449319 0.502585 0.476448 0.449359 0.51531 0.49517 0.507144 0.493406 0.580434 0.539637 0.526148 0.493701 0.51261 0.493498 0.506321 0.475126 0.52938 0.569264 0.467051 0.509948 0.53112 0.488532 0.508587 0.454978 0.561615 0.490623 0.438499 0.492723 0.434386 0.443552 0.458705 0.531314 0.442147 0.433636 0.447559 0.465201 0.484088 0.477726 0.445165 0.542839 0.478999 0.456974 0.469678 0.504913 0.53999 0.467253 0.460637 0.534566 0.46325 
0.962244 0.900969 0.817766 1.0034 0.812948 0.925295 0.830203 0.884528 0.855796 0.982051 0.945106 0.967036 0.885637 0.878017 0.887649 0.883134 0.983868 0.987979 1.0006 0.950793 0.965654 0.997731 1.06427 0.975335 0.95358 0.93827 0.968357 1.13975 1.00826 1.10211 0.961729 0.985 0.945908 0.897217 0.910851 0.958738 0.971047 0.998982 0.897363 0.879166 0.834317 0.896412 1.09861 0.948119 1.04134 1.02945 0.932787 0.870247 0.916854 0.92114 0.968717 0.829592 0.892637 0.924421 0.987147 0.941958 0.880724 0.968612 1.0251 0.897942 0.857399 0.923721 
0.873241 0.82395 0.867299 0.851869 0.870272 0.835655 0.821765 0.862178 0.898315 0.869038 0.839522 0.797287 0.828765 0.857538 0.854965 0.869752 0.918409 0.789846 0.822359 0.77056 0.842987 0.868738 0.772018 0.798671 0.902384 0.768486 0.864505 0.869684 0.78775 0.797069 0.824041 0.895909 0.814508 0.853592 0.820855 0.846627 0.854967 0.802631 0.894648 0.788457 0.858827 0.883123 0.930068 0.861687 0.830699 0.809417 0.853406 0.840193 0.877289 0.817471 0.839664 0.799177 0.787645 0.815213 0.895845 0.890627 0.784375 0.779189 0.802172 0.794475 0.813531 0.875469 
2.14681 1.96071 2.06379 2.13294 2.02075 2.08011 2.00385 1.82889 1.98815 2.09223 2.03031 2.05209 2.05612 2.07944 2.28011 2.01584 2.05824 2.03187 1.85448 1.94193 1.96342 1.99434 2.10637 1.9546 2.12842 2.13703 2.05081 2.09203 2.26943 1.87449 2.03511 2.09128 2.14191 1.99791 1.85875 2.08314 2.20781 2.13103 1.88387 1.96361 1.97305 2.03263 1.90358 1.97267 1.98023 2.07484 1.91891 1.96287 1.98354 2.03258 2.19545 2.19088 2.04708 2.12735 2.14931 2.07187 2.14054 2.05437 2.01532 2.19222 2.11617 2.31939 
1.1684 1.14065 1.16429 1.05733 1.10646 1.07044 1.05764 1.18942 1.2062 1.14884 1.16873 1.19303 1.21384 1.23148 1.15739 1.21543 1.16862 1.11888 1.04811 1.24215 1.0042 1.08879 1.22971 1.08091 1.14637 1.13691 1.0961 1.16209 1.19465 1.2164 1.20065 1.12614 1.25424 1.18675 1.05702 1.17904 1.23334 1.04609 1.11098 1.20968 1.18675 1.20631 1.13517 1.14412 1.08266 1.13876 1.11718 1.19762 1.12493 1.1014 1.08777 1.11417 1.04512 1.14389 1.07292 1.10699 1.08235 1.08938 1.18303 1.18188 1.18589 1.03441 
0.371022 0.328273 0.274087 0.348692 0.28247 0.327524 0.272039 0.33909 0.352759 0.270497 0.333736 0.350549 0.362783 0.326631 0.300507 0.350025 0.266879 0.335152 0.343273 0.293506 0.291104 0.274468 0.34602 0.331357 0.35203 0.329166 0.26637 0.355743 0.316574 0.344499 0.290522 0.353769 0.320182 0.286631 0.349835 0.297834 0.342309 0.32429 0.357427 0.284726 0.336087 0.333026 0.260361 0.335614 0.274364 0.378861 0.376287 0.281694 0.336367 0.36242 0.356675 0.286867 0.331022 0.277389 0.348678 0.295351 0.364762 0.279452 0.34509 0.278162 0.347822 0.255495 
0.27154 0.250668 0.275938 0.28898 0.279647 0.212393 0.246766 0.261092 0.258827 0.271306 0.265158 0.245594 0.229358 0.283201 0.280734 0.222285 0.267336 0.251071 0.245348 0.256496 0.275426 0.257475 0.248234 0.290028 0.239978 0.315746 0.23313 0.264449 0.239464 0.249863 0.271307 0.204582 0.276253 0.230209 0.262 0.262099 0.287892 0.210961 0.279128 0.217768 0.250077 0.246799 0.266428 0.250121 0.255223 0.240166 0.322058 0.277885 0.253346 0.260466 0.278974 0.249054 0.270536 0.203328 0.250955 0.23943 0.256241 0.237114 0.25672 0.240187 0.24599 0.240318 
2.08044 2.02473 2.0177 2.00019 1.76398 2.0121 2.08187 1.98577 1.87078 2.08763 2.14754 1.90442 2.14931 2.14362 1.96726 1.95428 2.00027 2.17853 2.16082 1.9321 2.24003 1.93423 2.21976 2.12124 1.94316 1.93949 2.02175 1.9388 2.20331 1.86942 2.09702 2.03187 2.04646 2.13462 2.09357 1.97408 2.03131 1.92754 1.89788 2.11047 2.05217 2.12296 1.85202 2.20427 2.04334 2.01601 1.99003 2.11598 2.13423 2.04152 2.0262 1.89064 2.1552 2.06793 2.34762 1.98935 1.99178 2.12807 2.33433 2.04337 2.1823 1.96378 
0.651222 0.594785 0.621943 0.604183 0.5562 0.589931 0.594517 0.554663 0.650023 0.603624 0.641142 0.543735 0.593387 0.632391 0.548998 0.609225 0.611288 0.63366 0.570925 0.587166 0.590972 0.581652 0.640119 0.619039 0.624487 0.620891 0.599532 0.600076 0.609223 0.542649 0.646747 0.640503 0.551177 0.631904 0.632864 0.647537 0.564786 0.70074 0.628282 0.605057 0.627923 0.608486 0.546242 0.654285 0.571719 0.599235 0.566188 0.615259 0.565314 0.611873 0.645373 0.611945 0.560736 0.647277 0.58379 0.578845 0.577858 0.58965 0.624068 0.616313 0.568841 0.590988 
0.171562 0.170926 0.138173 0.182893 0.174353 0.172274 0.142465 0.183255 0.175487 0.178425 0.182112 0.140023 0.176785 0.138241 0.176031 0.14293 0.146603 0.146241 0.189757 0.18087 0.14242 0.169727 0.14267 0.167392 0.145379 0.180721 0.16831 0.14049 0.176204 0.137772 0.179873 0.174825 0.179139 0.132584 0.170432 0.150129 0.172006 0.139432 0.169899 0.144447 0.117896 0.174101 0.186282 0.174155 0.186971 0.141401 0.171267 0.133646 0.183334 0.144941 0.160319 0.138574 0.171653 0.137523 0.168283 0.134801 0.185899 0.138599 0.183656 0.196802 0.195826 0.142372 
1.2098 1.28392 1.27409 1.27831 1.41658 1.21211 1.31522 1.24012 1.25333 1.19001 1.33635 1.29887 1.3063 1.31317 1.25954 1.2842 1.28435 1.33793 1.31849 1.20507 1.26968 1.41063 1.24775 1.2644 1.3802 1.27872 1.27853 1.2621 1.28973 1.30252 1.28208 1.24345 1.22789 1.22662 1.29898 1.28482 1.25319 1.16257 1.31201 1.25729 1.23629 1.18231 1.27574 1.30527 1.22851 1.32615 1.31305 1.2587 1.22543 1.25491 1.30165 1.14027 1.33281 1.19807 1.22213 1.14825 1.18387 1.18812 1.25665 1.28093 1.17469 1.31971 
1.48136 1.60744 1.55848 1.54094 1.54912 1.69258 1.50818 1.5671 1.51621 1.57682 1.63476 1.57122 1.37383 1.50847 1.58989 1.51562 1.64573 1.55377 1.44978 1.66582 1.47429 1.5506 1.54888 1.61939 1.66903 1.60787 1.4831 1.70328 1.63684 1.45323 1.70407 1.57783 1.37891 1.58324 1.63292 1.56777 1.5608 1.59628 1.63102 1.57707 1.50198 1.66802 1.63377 1.51167 1.5073 1.48441 1.51059 1.61779 1.52949 1.44405 1.49991 1.58859 1.47993 1.58668 1.47634 1.44003 1.6056 1.57367 1.48377 1.48713 1.55677 1.47893 
1.74212 1.94462 1.78145 1.81954 1.88732 1.82785 1.79 1.72324 1.81554 1.89005 1.77307 2.10366 1.92157 1.9236 1.83474 1.7374 1.91595 1.80576 1.87107 1.84804 1.96426 1.69569 1.83828 1.64768 1.80799 1.73542 1.88339 1.69332 1.86781 1.81 1.88352 1.75813 1.91497 1.95992 1.88885 1.92735 1.69008 1.87733 1.78876 1.79287 1.82132 1.78394 1.82907 1.84583 1.85141 1.75089 1.92862 1.74235 1.88851 1.93494 1.92936 1.71034 1.66326 1.80565 1.66446 1.76509 1.81438 1.79389 2.04654 1.89136 2.11204 1.78785 
0.486285 0.516759 0.537854 0.527955 0.621623 0.527205 0.559616 0.52475 0.515148 0.553976 0.531464 0.474458 0.563605 0.438722 0.511601 0.507704 0.507958 0.49243 0.619618 0.47869 0.59637 0.533287 0.58245 0.48057 0.528327 0.536248 0.425303 0.528715 0.44906 0.583706 0.536933 0.502017 0.537545 0.597904 0.548871 0.500074 0.489436 0.540712 0.48138 0.611771 0.487113 0.635446 0.514597 0.508706 0.562119 0.609277 0.566538 0.476051 0.497032 0.548964 0.579516 0.655281 0.521771 0.555126 0.594674 0.470004 0.522512 0.641642 0.466005 0.700929 0.530108 0.594192 
1.17267 1.08839 1.18362 1.088 1.11752 1.22157 1.19616 1.05098 1.18853 1.06501 0.953647 1.1127 1.12333 1.01988 1.08951 1.12078 1.15251 1.13482 1.08366 1.12172 1.19246 1.22058 1.18195 1.07311 1.19606 1.10702 1.17912 1.09402 1.13461 1.01401 1.14255 1.19658 1.05298 1.07474 1.11111 1.181 1.1702 1.19055 0.966634 1.19657 1.11083 1.14862 1.09501 1.25878 1.17222 1.21726 1.22125 1.04643 1.11237 1.02468 1.07848 1.174 1.10102 1.16315 1.11691 1.09036 1.10281 1.12713 1.19828 1.0782 1.10678 1.1804 
0.948168 0.893942 0.922439 0.789831 1.01674 0.915774 0.916608 0.973798 0.868972 0.823101 0.948981 1.01952 0.907079 0.869507 0.990239 0.865295 1.02916 0.927078 0.880472 0.974998 0.788995 0.955511 0.947804 0.921254 0.931889 0.964059 0.838527 0.900932 0.925309 0.923186 0.970742 0.876533 0.905847 1.01608 0.823353 1.05113 0.844422 0.954817 0.868926 0.91719 0.978375 0.905247 0.928249 0.962657 1.00733 0.91736 0.943815 0.808964 0.847759 0.887198 0.923781 0.843087 0.924486 0.815005 0.780703 0.91154 0.822702 0.938185 0.911166 0.904424 0.958486 0.952716 
1.48207 1.49297 1.81445 1.55283 1.60103 1.58226 1.74312 1.59626 1.49632 1.67497 1.86044 1.77566 1.61334 1.65169 1.68822 1.63543 1.73015 1.61999 1.58142 1.5719 1.70818 1.38277 1.49815 1.74808 1.47355 1.65177 1.74469 1.65769 1.54123 1.75923 1.62422 1.69799 1.53683 1.68715 1.65068 1.53641 1.65862 1.54599 1.52064 1.7781 1.53278 1.80895 1.61438 1.45001 1.60083 1.52329 1.65331 1.6986 1.70475 1.64819 1.65845 1.59126 1.5973 1.72844 1.51413 1.72368 1.66884 1.70961 1.6016 1.73283 1.72795 1.60237 
1.03537 1.03756 1.0575 1.01926 1.14142 0.998529 1.11636 1.06198 1.01345 1.08498 1.01705 1.07862 1.04615 1.08028 1.03757 1.06486 1.06483 1.08412 1.04706 0.984394 1.0067 1.12957 1.0641 1.06403 1.05753 1.02073 0.947181 1.05944 1.09691 1.01452 1.08797 1.04597 0.951398 1.17186 1.05428 1.04495 1.11083 1.06648 1.0198 1.09049 1.06908 1.03099 0.994623 0.971553 1.11625 1.01004 1.07813 1.09382 1.04433 1.01296 1.00818 0.934629 1.10663 1.05538 1.025 0.956732 1.02343 0.921183 0.982016 1.01222 1.02542 1.0349 
0.933188 0.910513 0.937558 1.00547 0.886916 0.958994 0.940719 0.896337 0.930084 0.935423 0.895148 0.956312 0.936053 0.908977 0.905742 0.817575 0.863989 0.91992 1.00934 0.90714 0.886008 0.932485 0.956912 1.01405 0.926375 0.846885 0.927944 1.02549 1.02479 1.07295 0.907723 0.82067 0.873636 0.999303 0.835195 1.02052 0.975131 0.939977 0.843635 0.871722 0.91303 0.892232 0.947482 0.873943 0.836967 0.882099 0.999069 0.883374 0.846935 0.960938 0.928493 0.818992 0.900617 0.856936 1.03079 0.892853 0.996773 0.870884 0.938367 0.905995 0.914573 0.906878 
2.65447 2.57142 2.60751 2.66259 2.51401 2.48256 2.54632 2.56894 2.7159 2.61749 3.00381 2.51163 2.89173 2.55317 2.66964 2.61964 2.76229 2.5075 2.61615 2.7988 2.6365 2.66846 2.63337 2.51139 2.31889 2.50636 2.6838 2.68841 2.8174 2.88724 2.67006 2.31571 2.56697 2.72536 2.61755 2.63247 2.82968 2.51608 2.88565 2.57307 2.60784 2.72244 2.7422 2.81527 2.66681 2.53288 2.63428 2.76496 2.79352 2.63269 2.66596 2.65022 2.60621 3.10074 2.62536 2.47818 2.69758 2.54126 2.90304 2.80726 2.78789 2.55723 
0.221655 0.256569 0.272775 0.255189 0.294884 0.294088 0.316821 0.300201 0.234494 0.308499 0.213407 0.283868 0.282283 0.298146 0.232563 0.281213 0.326725 0.236311 0.225016 0.28241 0.23472 0.272426 0.24342 0.222737 0.302565 0.249795 0.289466 0.227988 0.291853 0.280071 0.222391 0.210823 0.220084 0.30495 0.251227 0.285173 0.230849 0.285067 0.283428 0.209137 0.285081 0.294534 0.328234 0.257876 0.252975 0.317919 0.253781 0.318256 0.220991 0.237672 0.246999 0.290723 0.271524 0.297614 0.300934 0.302039 0.311631 0.267615 0.264445 0.271851 0.263549 0.305805 
1.53188 1.65343 1.63036 1.60749 1.52847 1.68578 1.63561 1.70513 1.50601 1.55383 1.71194 1.64665 1.66633 1.52547 1.60267 1.55609 1.51211 1.66995 1.69591 1.71634 1.4763 1.40785 1.55978 1.61835 1.49327 1.6181 1.58472 1.6644 1.64759 1.53002 1.59686 1.48507 1.73138 1.64866 1.47711 1.5297 1.41196 1.55516 1.60944 1.52693 1.60391 1.64223 1.55176 1.64969 1.54163 1.79689 1.51289 1.47347 1.45744 1.59475 1.66704 1.5245 1.51104 1.57515 1.58095 1.58842 1.62053 1.59951 1.76766 1.5184 1.70339 1.62317 
0.164912 0.23691 0.170113 0.245038 0.254676 0.220426 0.183252 0.241335 0.173052 0.21578 0.241613 0.231836 0.180759 0.173497 0.216627 0.195816 0.199303 0.184482 0.224585 0.155523 0.212467 0.169597 0.197081 0.229612 0.179604 0.232429 0.187341 0.220485 0.185464 0.189702 0.169405 0.254411 0.251314 0.174353 0.248956 0.1723 0.231636 0.199682 0.150389 0.236433 0.185004 0.19229 0.23307 0.220904 0.195369 0.246388 0.176588 0.19085 0.257993 0.195148 0.238849 0.243207 0.183439 0.189242 0.233032 0.15534 0.219332 0.17828 0.182322 0.233524 0.160738 0.227772 
0.219417 0.197865 0.181623 0.248617 0.161062 0.253036 0.258695 0.211194 0.174761 0.219976 0.157062 0.14575 0.16773 0.197202 0.143466 0.181749 0.200075 0.174166 0.161012 0.165757 0.173427 0.162783 0.211951 0.198294 0.164105 0.17718 0.197585 0.172957 0.202247 0.196373 0.225905 0.145078 0.170811 0.135148 0.164564 0.159841 0.212416 0.201041 0.168231 0.205311 0.161317 0.171315 0.205223 0.208041 0.206984 0.201389 0.212587 0.220714 0.234086 0.162341 0.164615 0.170424 0.206439 0.232723 0.175852 0.184127 0.214878 0.170085 0.208435 0.193111 0.147559 0.146424 
1.9335 1.90852 1.83108 1.87546 1.73955 1.94452 1.87969 1.91275 1.91756 1.95096 1.94591 1.79436 1.8729 1.90906 1.92789 2.02454 2.01826 1.97189 2.10805 1.73495 1.97513 1.92087 1.8953 1.91078 2.07944 2.05886 1.90893 1.7954 1.9981 1.69341 1.89712 1.81583 2.08504 1.93413 1.96944 1.9436 2.08256 2.03998 1.81269 1.9057 2.15259 2.03758 1.85788 1.82046 1.92429 2.02779 1.88707 1.81265 1.79931 2.03507 1.98033 2.01942 1.9089 1.81136 2.00338 2.12245 1.92406 1.90266 2.08475 1.99301 1.9365 1.8563 
1.78751 1.84001 1.64039 1.73087 1.72469 1.68969 1.69988 1.54432 1.70653 1.671 1.76891 1.72108 1.69939 1.74944 1.88949 1.84159 1.79281 1.68975 1.75667 1.62914 1.53856 1.55779 1.82041 1.60126 1.72099 1.87748 1.88928 1.86775 1.70598 1.62137 1.75333 1.7887 1.87433 1.54603 1.76556 1.72382 1.64516 1.64337 1.80597 1.88454 1.68917 1.64064 1.75104 1.78659 1.77231 1.64619 1.69191 1.76662 1.71197 1.74897 1.93327 1.79261 1.66771 1.74664 1.62826 1.6514 1.61973 1.77287 1.73776 1.70757 1.97001 1.71372 
0.540694 0.551419 0.557865 0.584549 0.560348 0.640922 0.641464 0.638818 0.530965 0.578967 0.596313 0.570545 0.602617 0.545452 0.533072 0.594844 0.602926 0.621954 0.612883 0.593255 0.561552 0.510195 0.584871 0.570666 0.588189 0.601871 0.591874 0.630496 0.561621 0.595177 0.617339 0.534863 0.569129 0.513851 0.602938 0.665483 0.544978 0.540178 0.561542 0.678758 0.539092 0.582565 0.585864 0.581084 0.540749 0.575172 0.577041 0.583948 0.605401 0.59965 0.630011 0.544785 0.568369 0.527715 0.645533 0.558036 0.524317 0.574136 0.534832 0.59493 0.617534 0.542521 
0.4436 0.34776 0.453354 0.423437 0.371239 0.533688 0.344065 0.435118 0.466106 0.35818 0.512913 0.424621 0.429624 0.348885 0.417129 0.442479 0.499253 0.434613 0.553618 0.442673 0.399657 0.442785 0.337978 0.46793 0.511477 0.429868 0.486226 0.405091 0.462047 0.422046 0.387035 0.43845 0.456047 0.510826 0.417897 0.349865 0.386859 0.504302 0.509455 0.373572 0.441326 0.423828 0.334388 0.49213 0.502315 0.485311 0.433168 0.370088 0.348884 0.438952 0.398435 0.4241 0.422329 0.413679 0.37655 0.414434 0.365972 0.453565 0.346426 0.425617 0.369217 0.382398 
1.71142 1.65182 1.68274 1.70672 1.66871 1.67518 1.73732 1.67433 1.627 1.6318 1.73877 1.64866 1.88031 1.67328 1.84728 1.78024 1.55274 1.75588 1.66985 1.76294 1.67953 1.66949 1.69681 1.62696 1.52896 1.79176 1.63264 1.81996 1.6079 1.78445 1.73576 1.67006 1.58412 1.86055 1.7874 1.73607 1.88682 1.79465 1.56448 1.70718 1.56581 1.63508 1.7318 1.67216 1.64536 1.59172 1.70058 1.75127 1.77495 1.53728 1.69157 1.71572 1.66869 1.8289 1.66668 1.76534 1.69338 1.68461 1.75528 1.73622 1.71864 1.67311 
0.2863 0.301973 0.288935 0.330829 0.295479 0.278943 0.260353 0.286266 0.310613 0.282182 0.285265 0.304448 0.252685 0.289492 0.311919 0.254311 0.303387 0.290377 0.317113 0.284039 0.295397 0.296347 0.299496 0.318454 0.313103 0.290771 0.327356 0.260703 0.309698 0.26993 0.30621 0.300731 0.28618 0.299524 0.273952 0.3585 0.297834 0.282676 0.295903 0.249788 0.298663 0.267742 0.287471 0.252632 0.260199 0.28673 0.288463 0.270725 0.318775 0.280902 0.324686 0.312144 0.2892 0.300431 0.292957 0.235544 0.315991 0.285049 0.308531 0.284183 0.273602 0.287416 
0.353922 0.369376 0.387687 0.349497 0.334226 0.365748 0.331317 0.318387 0.335666 0.402587 0.348064 0.380355 0.382992 0.368008 0.353246 0.312771 0.376966 0.389341 0.379527 0.304405 0.302811 0.408433 0.354942 0.294739 0.344729 0.410874 0.333661 0.386244 0.337527 0.384731 0.33853 0.343214 0.402855 0.356675 0.29191 0.346353 0.343507 0.377389 0.331261 0.356004 0.364498 0.356948 0.375492 0.353618 0.33465 0.407443 0.298134 0.311407 0.368286 0.315181 0.387588 0.354231 0.34624 0.308433 0.385398 0.302779 0.298821 0.395588 0.30065 0.424216 0.385572 0.278061 
1.33351 1.21324 1.17979 1.21264 1.31207 1.16141 1.14254 1.25662 1.08176 1.32549 1.22113 1.19335 1.1132 1.17007 1.24856 1.13071 1.14592 1.19079 1.11514 1.19556 1.15685 1.22673 1.18444 1.2142 1.16538 1.15975 1.21253 1.1723 1.28294 1.17319 1.197 1.17903 1.17745 1.18485 1.21098 1.33103 1.22418 1.15001 1.14396 1.31438 1.26238 1.25276 1.22948 1.18597 1.12595 1.1924 1.19467 1.12925 1.14311 1.08216 1.10092 1.16035 1.19374 1.19039 1.20565 1.21872 1.23474 1.25705 1.21594 1.10287 1.14748 1.20164 
0.287006 0.222411 0.266008 0.244614 0.280271 0.280017 0.276102 0.224747 0.266759 0.263797 0.284589 0.231603 0.289363 0.282232 0.282357 0.277172 0.236716 0.280084 0.225508 0.312412 0.236019 0.267563 0.278803 0.280576 0.328544 0.275809 0.227286 0.276383 0.251005 0.290088 0.279721 0.233157 0.28343 0.236307 0.289704 0.275367 0.225144 0.283336 0.299557 0.298467 0.281155 0.269333 0.241282 0.248041 0.246702 0.272453 0.290001 0.235948 0.236389 0.32318 0.235219 0.22419 0.2924 0.231624 0.284264 0.225587 0.27163 0.240848 0.279585 0.314267 0.278669 0.293107 
1.32972 1.33268 1.34539 1.4207 1.40822 1.30547 1.31355 1.35675 1.38456 1.33946 1.4263 1.45968 1.44299 1.37667 1.36172 1.42123 1.40793 1.33714 1.35611 1.38084 1.24999 1.46675 1.25499 1.37866 1.2011 1.37432 1.31545 1.26426 1.37458 1.40456 1.35623 1.38834 1.2938 1.24182 1.33824 1.45803 1.44548 1.3966 1.33173 1.22592 1.43639 1.34399 1.38807 1.34556 1.35382 1.31831 1.43954 1.3632 1.42114 1.32547 1.21724 1.2454 1.45549 1.3477 1.38333 1.29639 1.26481 1.47662 1.37295 1.40131 1.28498 1.29515 
0.0897103 0.0733851 0.114919 0.105859 0.065135 0.0975378 0.0666344 0.0489584 0.0616247 0.0929723 0.0989239 0.0721533 0.070386 0.0592557 0.0659874 0.102007 0.0687253 0.0681906 0.0627633 0.0583916 0.05474 0.0595835 0.0719252 0.0948627 0.0694035 0.0629386 0.0616521 0.112806 0.0963311 0.0630493 0.059624 0.067973 0.0656716 0.0917587 0.0910974 0.0694477 0.0848813 0.100382 0.0665397 0.103184 0.0988789 0.0656357 0.0684972 0.0723705 0.0582689 0.0629386 0.0967202 0.0960083 0.101675 0.0960265 0.0909718 0.0740644 0.102635 0.120144 0.094354 0.0884389 0.0940413 0.100313 0.0662342 0.0683986 0.065163 0.0949684 
0.588405 0.553492 0.600322 0.638339 0.597051 0.641187 0.520759 0.593365 0.689317 0.591541 0.598082 0.640637 0.492968 0.607186 0.615334 0.64882 0.652667 0.56155 0.662255 0.592019 0.644956 0.582732 0.495965 0.664 0.600514 0.572046 0.544992 0.584727 0.682399 0.730574 0.59724 0.66051 0.611841 0.606584 0.629873 0.650445 0.594834 0.650082 0.612106 0.579203 0.627265 0.60396 0.611514 0.633747 0.661454 0.584683 0.566188 0.651138 0.683485 0.578135 0.609021 0.57861 0.559616 0.529504 0.596135 0.511073 0.613603 0.661817 0.65189 0.719464 0.564348 0.591024 
