0.093657 0.173495 0.122641 0.124163 0.103675 0.124591 0.108709 0.166130 0.124953 0.067487 0.160132 0.070493 0.082584 0.101266 0.087413 0.113491 0.101320 0.110937 0.120886 0.124384 0.103763 0.161816 0.099225 0.110689 0.109926 0.124133 0.038136 0.124914 0.136939 0.143390 0.121414 0.085911 0.077338 0.130168 0.098564 0.086051 0.138403 0.086205 0.111661 0.096488
0.061660 0.091257 0.141453 0.073723 0.042935 0.086169 0.092008 0.157039 0.117051 0.099164 0.124846 0.104408 0.098698 0.060110 0.091418 0.127143 0.040838 0.116572 0.029112 0.056134 0.101010 0.122488 0.034114 0.048285 0.025439 0.064186 0.008023 0.144469 0.112951 0.087042 0.112585 0.144002 0.062170 0.092220 0.149384 0.075411 0.108798 0.085603 0.096627 0.111451
0.144863 0.095493 0.103582 0.134947 0.108749 0.122802 0.097676 0.141920 0.137200 0.060599 0.076468 0.035898 0.054310 0.083909 0.085411 0.089750 0.072226 0.076790 0.081674 0.141449 0.064966 0.078066 0.074645 0.068724 0.067988 0.093406 0.026284 0.124473 0.037824 0.062207 0.118123 0.041584 0.063496 0.096509 0.103051 0.094322 0.054304 0.058653 0.047921 0.087943
0.146878 0.144627 0.152489 0.171051 0.139064 0.224641 0.184868 0.180026 0.150995 0.124978 0.102365 0.079445 0.095515 0.150184 0.157560 0.108918 0.121831 0.146615 0.085133 0.151768 0.113633 0.128182 0.150630 0.071472 0.086065 0.144253 0.099682 0.150913 0.087638 0.108834 0.122489 0.146236 0.109040 0.144932 0.183674 0.125475 0.099108 0.125695 0.055204 0.116361
0.137840 0.139262 0.154207 0.204713 0.140132 0.213047 0.177051 0.187861 0.157044 0.130158 0.122524 0.081032 0.107630 0.144211 0.179970 0.118765 0.121760 0.147677 0.104924 0.152206 0.121491 0.120639 0.170068 0.086739 0.090129 0.151930 0.109270 0.174073 0.095435 0.133313 0.139141 0.151562 0.115355 0.153637 0.165532 0.129432 0.103446 0.112665 0.073342 0.121550
0.139105 0.114342 0.130337 0.168835 0.144482 0.158201 0.130947 0.159569 0.169600 0.118641 0.064459 0.034639 0.075632 0.090116 0.127264 0.064885 0.096153 0.114422 0.068593 0.127528 0.073083 0.066817 0.125486 0.028556 0.081072 0.108571 0.053402 0.117065 0.036340 0.078505 0.093184 0.070495 0.072989 0.066221 0.114443 0.087312 0.033955 0.063298 0.013170 0.112931
0.144533 0.172713 0.137192 0.194131 0.166293 0.244618 0.190349 0.223422 0.166605 0.156001 0.127571 0.079105 0.093005 0.158634 0.156356 0.109840 0.132890 0.162280 0.129809 0.187362 0.117751 0.160414 0.185117 0.091499 0.107302 0.175371 0.111847 0.188025 0.105310 0.161873 0.150406 0.127085 0.148482 0.191962 0.167191 0.135433 0.118004 0.123438 0.086256 0.137172
0.132009 0.142109 0.141785 0.154973 0.136980 0.194384 0.138618 0.161672 0.167501 0.137991 0.110304 0.050842 0.086177 0.107735 0.144746 0.085419 0.120719 0.129660 0.092555 0.137887 0.070174 0.131166 0.143539 0.073018 0.094806 0.143907 0.057695 0.113855 0.085812 0.134950 0.133031 0.078499 0.107004 0.085906 0.104720 0.107139 0.046823 0.076311 0.050589 0.112815
0.063416 0.080530 0.078256 0.134400 0.052045 0.117807 0.099741 0.147789 0.080944 0.098801 0.120196 0.039819 0.045616 0.111109 0.067054 0.094536 0.054920 0.088399 0.092661 0.104840 0.092606 0.099378 0.102818 0.078509 0.042657 0.118788 0.082153 0.159462 0.070148 0.096968 0.105363 0.077514 0.074898 0.142568 0.084298 0.076227 0.077738 0.072994 0.096754 0.057016
0.059764 0.090077 0.110522 0.128122 0.081886 0.111199 0.135563 0.152274 0.089291 0.074110 0.136855 0.060263 0.049348 0.088970 0.080254 0.141609 0.108349 0.119718 0.122386 0.100361 0.086465 0.114998 0.128794 0.101246 0.124255 0.137654 0.070612 0.159559 0.108778 0.126678 0.148214 0.088654 0.080514 0.136917 0.070302 0.086656 0.093657 0.069685 0.100265 0.091330
0.009203 0.027238 0.003842 0.011840 0.012051 0.086991 0.026920 0.007012 0.045281 0.020343 0.053903 0.061413 0.058283 0.060726 0.013817 0.019762 0.035103 0.068454 0.072159 0.086743 0.089367 0.136554 0.120387 0.055628 0.019999 0.022740 0.017272 0.001655 0.030475 0.100050 0.003344 0.036648 0.063854 0.084154 0.036833 0.035784 0.036763 0.079522 0.038817 0.009310
0.082105 0.069258 0.159245 0.092974 0.066607 0.157951 0.107367 0.101422 0.103788 0.121096 0.087291 0.035047 0.121694 0.065452 0.116676 0.100276 0.137506 0.106239 0.061923 0.043262 0.037975 0.081070 0.111114 0.070764 0.091532 0.130908 0.116524 0.080862 0.147357 0.090761 0.092863 0.072291 0.050932 0.083878 0.089341 0.085340 0.030505 0.058456 0.014708 0.076235
0.009767 0.102966 0.047525 0.041517 0.085383 0.162560 0.024832 0.063165 0.031205 0.036163 0.064662 0.065872 0.053445 0.079542 0.037221 0.056875 0.101570 0.136051 0.127455 0.094018 0.048034 0.093931 0.109720 0.069496 0.090324 0.098847 0.088535 0.061289 0.090544 0.123286 0.042610 0.013306 0.046355 0.114236 0.059241 0.063951 0.075835 0.025332 0.021841 0.015147
0.025076 0.060568 0.070559 0.007065 0.032048 0.135390 0.054560 0.099282 0.096735 0.125334 0.098040 0.111814 0.065799 0.065776 0.068811 0.094961 0.074164 0.138892 0.062355 0.094476 0.028975 0.158707 0.068007 0.067551 0.028387 0.067988 0.015441 0.067785 0.087353 0.106963 0.065172 0.046634 0.059697 0.055315 0.071352 0.024174 0.024802 0.045652 0.048805 0.088559
0.066201 0.099611 0.096297 0.058646 0.061224 0.173787 0.071832 0.082867 0.095823 0.096068 0.130117 0.076927 0.064866 0.102596 0.096331 0.121890 0.142376 0.135853 0.122987 0.101808 0.056426 0.139642 0.116330 0.132876 0.102380 0.156051 0.074517 0.085552 0.125682 0.136978 0.101147 0.038236 0.066278 0.118160 0.067800 0.082459 0.057257 0.075324 0.061956 0.065725
0.068950 0.075607 0.129992 0.120799 0.062987 0.145306 0.105763 0.142264 0.078158 0.110436 0.091189 0.045371 0.108407 0.088016 0.080360 0.125102 0.126856 0.114543 0.074194 0.073612 0.088845 0.068588 0.097667 0.035334 0.090988 0.127059 0.109615 0.163658 0.118699 0.111992 0.095687 0.104360 0.077521 0.123386 0.090434 0.098117 0.066904 0.055196 0.069612 0.106712
0.039102 0.051164 0.014155 0.064524 0.023754 0.049775 0.022731 0.031382 0.032092 0.014036 0.060874 0.019081 0.006864 0.049786 0.020024 0.066328 0.014272 0.023235 0.054821 0.064863 0.024211 0.060126 0.017291 0.085495 0.016743 0.100910 0.018067 0.012580 0.058629 0.100762 0.090104 0.023055 0.052164 0.086155 0.022143 0.033346 0.032643 0.046542 0.080736 0.024754
0.063987 0.122329 0.064382 0.083104 0.118339 0.104231 0.085524 0.105001 0.090485 0.025138 0.093105 0.072715 0.042058 0.088508 0.053717 0.103045 0.107059 0.102295 0.132564 0.119216 0.039654 0.127532 0.122164 0.137550 0.147089 0.117661 0.038683 0.043000 0.116170 0.156224 0.102615 0.037130 0.062143 0.136760 0.054607 0.045654 0.092709 0.077756 0.067483 0.099392
0.015254 0.097897 0.041586 0.062304 0.023341 0.107583 0.069648 0.098780 0.031808 0.022656 0.140071 0.081488 0.072508 0.122909 0.028646 0.086196 0.048790 0.109639 0.121847 0.156815 0.113848 0.144682 0.075138 0.037899 0.042304 0.036289 0.018382 0.092557 0.029329 0.096113 0.028171 0.089539 0.055658 0.079615 0.039423 0.033082 0.089899 0.031105 0.102083 0.032873
0.042336 0.101024 0.158453 0.077418 0.067892 0.121593 0.104688 0.147420 0.137481 0.080906 0.165411 0.060636 0.090133 0.059158 0.077151 0.111984 0.059125 0.149518 0.094833 0.096415 0.119904 0.113205 0.053839 0.037866 0.044342 0.088378 0.049698 0.139419 0.091527 0.048460 0.105607 0.099220 0.047413 0.102785 0.092288 0.094727 0.090160 0.034273 0.066354 0.055812
0.039907 0.124342 0.031190 0.120374 0.091687 0.111723 0.073712 0.125182 0.047757 0.046546 0.070951 0.049941 0.057513 0.073178 0.071316 0.043661 0.041171 0.065116 0.128894 0.105750 0.067203 0.095895 0.110568 0.080169 0.062233 0.120580 0.072192 0.066464 0.071525 0.133109 0.080111 0.031557 0.078993 0.103882 0.075431 0.056543 0.083992 0.050824 0.062794 0.049070
0.033837 0.025092 0.017981 0.053738 0.024418 0.101476 0.048854 0.063419 0.033416 0.060837 0.066825 0.059997 0.090103 0.058372 0.078318 0.017591 0.033548 0.075491 0.098411 0.101194 0.035632 0.085019 0.133914 0.043140 0.026703 0.027150 0.036085 0.071949 0.007520 0.102789 0.025682 0.038400 0.083245 0.083506 0.037370 0.040783 0.041545 0.029920 0.028618 0.025661
0.055345 0.132730 0.057536 0.080153 0.083316 0.167066 0.042882 0.069364 0.045811 0.060372 0.077024 0.070518 0.073338 0.087611 0.057519 0.098991 0.157470 0.113781 0.128200 0.098701 0.071024 0.101623 0.141482 0.143362 0.150626 0.157295 0.076214 0.110162 0.134367 0.148295 0.078793 0.021321 0.064282 0.141939 0.097373 0.070320 0.095372 0.066949 0.056029 0.049653
0.061476 0.164023 0.104441 0.133165 0.110357 0.141160 0.126448 0.137922 0.110370 0.092294 0.134609 0.070898 0.106970 0.105647 0.104924 0.115736 0.114297 0.111718 0.108095 0.100362 0.090399 0.145273 0.130677 0.085236 0.116534 0.108976 0.059332 0.091633 0.127693 0.111777 0.075626 0.108338 0.072714 0.086239 0.105683 0.040654 0.114206 0.087840 0.082799 0.075181
0.110949 0.005907 0.103631 0.074258 0.057477 0.086343 0.039580 0.077811 0.040641 0.103073 0.039895 0.086113 0.086454 0.099654 0.055156 0.069748 0.088432 0.096131 0.073405 0.081094 0.042914 0.028718 0.078839 0.056593 0.083119 0.106472 0.142012 0.090940 0.093173 0.132437 0.079264 0.090666 0.070265 0.074960 0.087867 0.127046 0.037421 0.047393 0.049856 0.043928
0.034526 0.034839 0.021966 0.017256 0.026554 0.118962 0.038892 0.002993 0.014657 0.024365 0.038643 0.130428 0.094035 0.070902 0.120174 0.051628 0.040165 0.075745 0.056236 0.069378 0.100321 0.066824 0.053598 0.067722 0.074847 0.043274 0.022823 0.013538 0.038874 0.122149 0.000786 0.076079 0.058213 0.104760 0.107534 0.049828 0.076413 0.083777 0.028284 0.030539
0.073888 0.066767 0.119359 0.071924 0.060827 0.132567 0.125434 0.185769 0.074396 0.144427 0.147425 0.069060 0.068021 0.104683 0.095129 0.127294 0.073320 0.092026 0.058685 0.067665 0.084109 0.098992 0.046895 0.075514 0.049789 0.125964 0.095716 0.184477 0.168222 0.078623 0.122783 0.118005 0.081901 0.134089 0.084219 0.107710 0.072737 0.097359 0.078500 0.111447
0.088357 0.142991 0.077821 0.071946 0.103003 0.144407 0.037712 0.065629 0.075675 0.069801 0.069431 0.058237 0.051161 0.146053 0.070689 0.110272 0.164926 0.138985 0.118125 0.123151 0.074836 0.094696 0.102625 0.124580 0.131158 0.183825 0.093442 0.092865 0.124342 0.173035 0.114011 0.062404 0.067859 0.113433 0.129921 0.119229 0.113080 0.085950 0.137886 0.053833
0.065821 0.092664 0.069601 0.160934 0.091701 0.081810 0.092653 0.148896 0.069788 0.112346 0.119760 0.090133 0.053775 0.130956 0.100335 0.088662 0.066972 0.045545 0.061448 0.096103 0.103843 0.089586 0.133212 0.091041 0.073579 0.123610 0.148968 0.150916 0.142550 0.160368 0.155513 0.144077 0.144137 0.181371 0.114700 0.097990 0.144539 0.096867 0.154953 0.078164
0.088579 0.104589 0.143141 0.153849 0.117331 0.093476 0.118918 0.165300 0.154310 0.200287 0.175107 0.107356 0.095271 0.136848 0.108998 0.156612 0.093935 0.102191 0.067407 0.107291 0.093275 0.125038 0.141301 0.123901 0.117147 0.155802 0.135471 0.152813 0.148262 0.174085 0.206096 0.150991 0.144515 0.154185 0.161459 0.117584 0.109193 0.124721 0.192177 0.113266
0.077739 0.092469 0.120241 0.055836 0.082989 0.091547 0.097178 0.156808 0.097846 0.126973 0.090421 0.058195 0.051031 0.136245 0.034905 0.130775 0.084631 0.125953 0.056205 0.104861 0.087464 0.100559 0.084010 0.069564 0.105038 0.138241 0.091402 0.144611 0.096031 0.123151 0.171693 0.119323 0.119451 0.154914 0.149927 0.156120 0.114723 0.114273 0.153009 0.089362
0.012467 0.037416 0.069097 0.106739 0.085139 0.045524 0.095116 0.141351 0.092013 0.153375 0.169774 0.108444 0.030718 0.071931 0.050595 0.086918 0.013894 0.056731 0.053611 0.087659 0.080377 0.103130 0.088125 0.067637 0.053829 0.058986 0.098107 0.147634 0.090831 0.112314 0.144660 0.094030 0.103636 0.147905 0.073391 0.041649 0.063277 0.057803 0.133076 0.095491
0.096825 0.029395 0.138048 0.095376 0.043088 0.094173 0.114075 0.131127 0.080581 0.088900 0.112031 0.099852 0.136708 0.113872 0.144569 0.090576 0.039570 0.058015 0.007173 0.033586 0.091265 0.100802 0.123690 0.112584 0.040491 0.068631 0.115545 0.058309 0.168600 0.097246 0.096201 0.181178 0.137443 0.144257 0.144627 0.124521 0.113070 0.176706 0.046797 0.078194
0.109531 0.086799 0.085602 0.138314 0.082652 0.156058 0.164401 0.134330 0.122685 0.113869 0.143960 0.133635 0.101972 0.165671 0.182100 0.107665 0.066879 0.110998 0.079432 0.097682 0.178030 0.167143 0.131205 0.159216 0.080275 0.147901 0.102052 0.135103 0.133752 0.136265 0.109240 0.227705 0.185048 0.187947 0.210080 0.124664 0.167582 0.206357 0.153619 0.069407
0.113528 0.102633 0.085806 0.157287 0.095759 0.136662 0.164436 0.129855 0.111992 0.106459 0.104261 0.117593 0.084575 0.113678 0.186605 0.095562 0.074663 0.079889 0.065560 0.053771 0.134429 0.132714 0.131925 0.155901 0.119189 0.144870 0.098369 0.110458 0.160786 0.127151 0.112045 0.176433 0.167672 0.170554 0.205069 0.120732 0.173694 0.216761 0.101240 0.080782
0.097333 0.061694 0.083346 0.164110 0.057532 0.122927 0.150052 0.159046 0.089618 0.115182 0.113042 0.130808 0.100300 0.126920 0.152328 0.114364 0.030357 0.086372 0.051488 0.069361 0.160383 0.115023 0.127844 0.115980 0.090041 0.119186 0.110266 0.155738 0.111208 0.138750 0.122742 0.212255 0.209279 0.202352 0.195988 0.156545 0.182079 0.205896 0.135953 0.085362
0.101138 0.086302 0.099688 0.157000 0.054644 0.121168 0.143657 0.155338 0.097095 0.129471 0.108257 0.125622 0.103382 0.146592 0.146173 0.119922 0.039893 0.103521 0.049140 0.089794 0.157059 0.115177 0.122493 0.112516 0.098977 0.125956 0.108769 0.153469 0.116081 0.146328 0.141557 0.209943 0.206132 0.195297 0.210816 0.186312 0.195748 0.216638 0.167147 0.085067
0.119493 0.109506 0.115357 0.112274 0.090470 0.099482 0.139994 0.160571 0.098213 0.116369 0.100971 0.090945 0.084340 0.157075 0.119372 0.143041 0.099319 0.093056 0.063153 0.115289 0.097381 0.122746 0.131666 0.128057 0.115369 0.145154 0.097856 0.145083 0.130350 0.160954 0.173304 0.177853 0.146613 0.194627 0.191365 0.153569 0.167191 0.185461 0.172990 0.124440
0.070521 0.015377 0.070502 0.067262 0.045491 0.101278 0.091983 0.074065 0.047710 0.034097 0.074329 0.092260 0.084817 0.134106 0.135276 0.070692 0.027762 0.057853 0.001414 0.008711 0.073847 0.038746 0.078864 0.106414 0.008061 0.056257 0.080323 0.059350 0.101230 0.033463 0.050831 0.203994 0.122408 0.139272 0.143007 0.066110 0.113530 0.160277 0.028802 0.057890
0.048097 0.168195 0.084187 0.059633 0.081276 0.103686 0.054746 0.088290 0.095694 0.093489 0.105424 0.053895 0.060502 0.115623 0.064995 0.080177 0.073063 0.108521 0.094045 0.133727 0.045894 0.140906 0.068187 0.109545 0.085639 0.113411 0.039399 0.022847 0.135363 0.139330 0.114122 0.040628 0.066354 0.103349 0.092512 0.091464 0.109905 0.098050 0.122994 0.048728
