0.091299 0.168938 0.119332 0.121018 0.101190 0.121376 0.105768 0.161591 0.121676 0.065787 0.155596 0.068567 0.080304 0.098497 0.085218 0.110482 0.098768 0.107877 0.117665 0.120925 0.100747 0.157333 0.096676 0.108000 0.107215 0.121190 0.037360 0.121410 0.133554 0.139781 0.118416 0.083498 0.075387 0.126884 0.096104 0.083872 0.134727 0.084088 0.108587 0.093978
0.060036 0.088448 0.137409 0.071483 0.041802 0.083808 0.089290 0.152275 0.113774 0.096331 0.121078 0.101421 0.096014 0.058373 0.089001 0.123358 0.039700 0.113179 0.028256 0.054362 0.097959 0.118810 0.033293 0.047115 0.024768 0.062404 0.007925 0.140093 0.109794 0.084606 0.109333 0.139828 0.060446 0.089773 0.145227 0.073383 0.105611 0.083345 0.093572 0.108237
0.141373 0.093392 0.101080 0.131915 0.106324 0.120121 0.095605 0.138673 0.134001 0.059313 0.074834 0.035204 0.053105 0.082198 0.083535 0.087864 0.070617 0.075156 0.079969 0.138415 0.063576 0.076387 0.072981 0.067211 0.066480 0.091374 0.025795 0.121555 0.037049 0.060832 0.115429 0.040736 0.062174 0.094318 0.100787 0.092118 0.053077 0.057376 0.046900 0.085869
0.143271 0.141014 0.148520 0.166795 0.135737 0.218828 0.180175 0.175619 0.147365 0.121964 0.099669 0.077479 0.093063 0.146412 0.153688 0.106112 0.118703 0.142812 0.083120 0.148058 0.110730 0.124859 0.146806 0.069716 0.083934 0.140694 0.097106 0.147015 0.085383 0.106141 0.119451 0.142262 0.106272 0.141129 0.179109 0.122377 0.096422 0.122583 0.053639 0.113574
0.134581 0.135888 0.150269 0.199810 0.136852 0.207701 0.172729 0.183433 0.153324 0.127138 0.119441 0.079093 0.104965 0.140694 0.175657 0.115800 0.118673 0.143919 0.102518 0.148628 0.118442 0.117640 0.165919 0.084711 0.087960 0.148332 0.106538 0.169740 0.093058 0.130134 0.135854 0.147554 0.112614 0.149768 0.161566 0.126329 0.100758 0.110013 0.071443 0.118695
0.135663 0.111789 0.127104 0.164866 0.141086 0.154457 0.127983 0.156019 0.165483 0.115835 0.063055 0.033956 0.073700 0.088205 0.124259 0.063462 0.093881 0.111682 0.067221 0.124703 0.071543 0.065398 0.122432 0.027956 0.079138 0.106114 0.052233 0.114388 0.035548 0.076676 0.091053 0.068732 0.071217 0.064667 0.111815 0.085358 0.033204 0.061867 0.012938 0.110268
0.141069 0.168526 0.133748 0.189596 0.162433 0.238317 0.185687 0.218214 0.162677 0.152406 0.124344 0.077157 0.090651 0.154666 0.152680 0.107151 0.129526 0.158081 0.126667 0.182708 0.114849 0.156279 0.180495 0.089317 0.104755 0.171228 0.109085 0.183517 0.102811 0.157941 0.146917 0.123763 0.144901 0.187205 0.163234 0.132219 0.115047 0.120561 0.084113 0.134039
0.128703 0.138776 0.138196 0.151438 0.133688 0.189483 0.135393 0.157963 0.163217 0.134567 0.107537 0.049574 0.083792 0.105240 0.141158 0.083430 0.117767 0.126280 0.090365 0.134507 0.068606 0.127881 0.139872 0.071214 0.092524 0.140583 0.056424 0.111294 0.083757 0.131629 0.129977 0.076527 0.104352 0.083737 0.102284 0.104692 0.045748 0.074504 0.049474 0.110093
0.062152 0.078317 0.076136 0.131070 0.050875 0.114743 0.097158 0.143968 0.079151 0.096512 0.116852 0.038795 0.044585 0.108203 0.065647 0.091857 0.053382 0.085881 0.090210 0.102146 0.089836 0.096711 0.100490 0.076817 0.041569 0.115795 0.080061 0.155118 0.068319 0.094646 0.102772 0.075385 0.073236 0.139100 0.082271 0.074259 0.075577 0.071414 0.094083 0.055756
0.058500 0.087630 0.107385 0.124945 0.079674 0.108343 0.131795 0.148066 0.086899 0.072381 0.132996 0.058654 0.048255 0.086556 0.078493 0.137595 0.105421 0.116272 0.119082 0.097681 0.083934 0.111772 0.125593 0.098722 0.120825 0.134148 0.068847 0.155193 0.105867 0.123554 0.144321 0.086195 0.078680 0.133281 0.068623 0.084443 0.091125 0.068044 0.097552 0.088892
0.008963 0.026476 0.003812 0.011827 0.011749 0.084294 0.026525 0.006894 0.044276 0.019901 0.052346 0.059623 0.056576 0.058826 0.013453 0.019229 0.034055 0.066309 0.069873 0.084021 0.087570 0.133174 0.117444 0.054195 0.019443 0.022236 0.016845 0.001697 0.030038 0.097414 0.003466 0.035935 0.062269 0.081940 0.036147 0.034999 0.035977 0.078077 0.038018 0.009069
0.080069 0.067487 0.154908 0.090559 0.064823 0.153525 0.104529 0.098837 0.100959 0.117727 0.084997 0.034179 0.118421 0.063778 0.113536 0.097563 0.133774 0.103272 0.060299 0.042336 0.037050 0.078977 0.108075 0.068902 0.089139 0.127326 0.113254 0.078728 0.143439 0.088462 0.090400 0.070387 0.049585 0.081664 0.086934 0.083099 0.029861 0.056980 0.014490 0.074350
0.009626 0.100499 0.046248 0.040759 0.083354 0.157694 0.024341 0.061729 0.030418 0.035154 0.062826 0.063927 0.051823 0.077211 0.036305 0.055293 0.098671 0.131911 0.123784 0.091284 0.046728 0.091280 0.106524 0.067586 0.088027 0.096139 0.085997 0.059558 0.088335 0.119906 0.041586 0.013038 0.045063 0.111022 0.057779 0.062121 0.074086 0.024847 0.021416 0.014880
0.024387 0.058883 0.068602 0.007014 0.031203 0.131301 0.053087 0.096417 0.093950 0.121660 0.095221 0.108382 0.063840 0.063789 0.066856 0.092182 0.071972 0.134670 0.060457 0.091564 0.028198 0.153955 0.065978 0.065581 0.027630 0.066052 0.015040 0.065843 0.084924 0.103715 0.063359 0.045349 0.057921 0.053700 0.069302 0.023558 0.024194 0.044424 0.047422 0.085914
0.064649 0.097147 0.093758 0.057497 0.059717 0.168932 0.070119 0.080864 0.093349 0.093478 0.126687 0.074818 0.063121 0.099898 0.093817 0.118778 0.138476 0.131989 0.119629 0.099141 0.055021 0.135904 0.113137 0.129428 0.099741 0.152042 0.072477 0.083356 0.122454 0.133398 0.098733 0.037456 0.064645 0.115058 0.066153 0.080298 0.055955 0.073517 0.060615 0.064151
0.067279 0.073403 0.126382 0.117305 0.061401 0.141239 0.102735 0.138477 0.076240 0.107726 0.088503 0.044154 0.105441 0.085541 0.078301 0.121470 0.123425 0.111290 0.072068 0.071560 0.086245 0.066624 0.095004 0.034538 0.088575 0.123661 0.106594 0.159221 0.115616 0.109123 0.093159 0.101304 0.075598 0.120369 0.088019 0.095597 0.064990 0.053906 0.067613 0.104218
0.038295 0.050143 0.013961 0.063193 0.023325 0.048828 0.022359 0.030831 0.031474 0.013837 0.059621 0.018763 0.006824 0.048804 0.019692 0.064936 0.014069 0.022850 0.053685 0.063517 0.023767 0.058905 0.017061 0.083651 0.016514 0.098727 0.017774 0.012456 0.057399 0.098565 0.088165 0.022681 0.051096 0.084316 0.021794 0.032704 0.032036 0.045592 0.078988 0.024281
0.062464 0.119486 0.062694 0.081379 0.115312 0.101560 0.083269 0.102359 0.088000 0.024614 0.090685 0.070716 0.040943 0.086217 0.052494 0.100435 0.104338 0.099397 0.129030 0.116010 0.038776 0.124104 0.118809 0.133941 0.143242 0.114938 0.037877 0.042096 0.113399 0.152258 0.100124 0.036266 0.060615 0.133124 0.053469 0.044628 0.090586 0.075884 0.065986 0.096683
0.014871 0.094670 0.040319 0.060233 0.022714 0.104286 0.067347 0.095522 0.030926 0.022077 0.135391 0.078902 0.070211 0.118887 0.027858 0.083363 0.047337 0.106143 0.117868 0.151672 0.109995 0.139940 0.072856 0.036838 0.041030 0.035261 0.017913 0.089479 0.028505 0.093155 0.027348 0.086539 0.053966 0.077178 0.038294 0.032125 0.086915 0.030214 0.098642 0.031884
0.041324 0.098053 0.153945 0.075184 0.066156 0.118235 0.101687 0.143113 0.133856 0.078658 0.160618 0.059085 0.087820 0.057372 0.075208 0.108831 0.057435 0.145450 0.092283 0.093873 0.116438 0.109891 0.052435 0.036903 0.043117 0.085913 0.048252 0.135183 0.088908 0.047145 0.102561 0.096362 0.046120 0.099929 0.089842 0.092023 0.087538 0.033402 0.064245 0.054337
0.039103 0.121698 0.030715 0.118052 0.089758 0.109006 0.072374 0.122763 0.046785 0.045665 0.069335 0.048655 0.056092 0.071435 0.069877 0.042760 0.040200 0.063455 0.125837 0.103079 0.065820 0.093530 0.107990 0.078305 0.060903 0.118153 0.070771 0.065301 0.070063 0.129893 0.078616 0.030993 0.077228 0.101450 0.073979 0.055420 0.082185 0.049788 0.061474 0.048121
0.033107 0.024433 0.017699 0.052840 0.023883 0.098533 0.047946 0.062186 0.032590 0.059528 0.065091 0.058246 0.087713 0.056588 0.076624 0.017165 0.032574 0.073257 0.095622 0.098230 0.034739 0.082461 0.130527 0.041949 0.026052 0.026586 0.035288 0.070577 0.007505 0.099967 0.025371 0.037580 0.081235 0.081268 0.036619 0.039854 0.040629 0.029289 0.028009 0.025119
0.054076 0.129692 0.056128 0.078480 0.081400 0.162532 0.042007 0.067866 0.044780 0.058969 0.075121 0.068647 0.071524 0.085345 0.056159 0.096526 0.153387 0.110540 0.124793 0.096149 0.069356 0.099078 0.137820 0.139935 0.147002 0.153424 0.074191 0.107498 0.131262 0.144507 0.077037 0.020972 0.062757 0.138447 0.095167 0.068500 0.093235 0.065510 0.054860 0.048543
0.059935 0.159564 0.101568 0.129511 0.107587 0.137234 0.122858 0.134071 0.107376 0.089784 0.130599 0.068863 0.103868 0.102549 0.102125 0.112429 0.111311 0.108505 0.105069 0.097387 0.087666 0.141059 0.127093 0.083045 0.113567 0.106191 0.057851 0.089003 0.124444 0.108849 0.073698 0.105098 0.070701 0.083994 0.102888 0.039696 0.111129 0.085542 0.080332 0.073210
0.108137 0.005828 0.100775 0.072323 0.056054 0.083899 0.038660 0.075743 0.039679 0.100348 0.038840 0.083818 0.084107 0.097116 0.053769 0.067776 0.086026 0.093473 0.071447 0.079065 0.041851 0.028040 0.076616 0.055161 0.080796 0.103610 0.138024 0.088481 0.090720 0.128856 0.077073 0.088432 0.068367 0.072919 0.085579 0.123508 0.036464 0.046281 0.048689 0.042891
0.033716 0.033966 0.021491 0.017067 0.025982 0.115826 0.038251 0.003039 0.014290 0.023905 0.037543 0.127113 0.091391 0.068857 0.117474 0.050303 0.039127 0.073590 0.054476 0.067234 0.098066 0.064927 0.052004 0.065925 0.073266 0.042375 0.022301 0.013366 0.037991 0.119022 0.000928 0.074223 0.056779 0.101983 0.104957 0.048664 0.074575 0.081755 0.027631 0.029776
0.071614 0.064726 0.116045 0.069679 0.059080 0.128522 0.121442 0.180318 0.072550 0.140468 0.142832 0.066857 0.066262 0.101330 0.092331 0.123184 0.071309 0.089434 0.056914 0.065721 0.081639 0.096110 0.045597 0.073133 0.048388 0.122181 0.092956 0.178945 0.163344 0.076673 0.119143 0.114120 0.079615 0.130627 0.081726 0.104773 0.070475 0.094347 0.076163 0.108545
0.086203 0.139420 0.075760 0.070499 0.100604 0.140436 0.036995 0.064240 0.073817 0.067945 0.067765 0.056703 0.049774 0.142147 0.069023 0.107471 0.160504 0.134998 0.115018 0.119831 0.072990 0.092311 0.099915 0.121504 0.127821 0.179163 0.091004 0.090506 0.121335 0.168563 0.111209 0.060996 0.066207 0.110579 0.126618 0.115951 0.110331 0.083868 0.134377 0.052618
0.064317 0.090323 0.067777 0.156798 0.089670 0.079897 0.090238 0.145207 0.068271 0.109780 0.116531 0.087741 0.052467 0.127490 0.097981 0.086356 0.065371 0.044514 0.060048 0.093593 0.101055 0.087226 0.129883 0.088951 0.071833 0.120792 0.145078 0.147234 0.138998 0.156483 0.151644 0.140208 0.140650 0.177008 0.111966 0.095611 0.140761 0.094595 0.150907 0.076449
0.086409 0.101683 0.139097 0.149802 0.114352 0.091265 0.115672 0.160931 0.150175 0.195189 0.170409 0.104570 0.092742 0.133163 0.106374 0.152376 0.091569 0.099438 0.065735 0.104382 0.090804 0.121701 0.137655 0.120876 0.113960 0.151948 0.132044 0.149078 0.144347 0.169736 0.200602 0.146903 0.140917 0.150386 0.157346 0.114549 0.106264 0.121523 0.187067 0.110431
0.075747 0.089677 0.116618 0.054174 0.080785 0.089028 0.094292 0.152366 0.095199 0.123689 0.087643 0.056546 0.049573 0.132374 0.034122 0.126885 0.082298 0.122237 0.054483 0.101710 0.084978 0.097571 0.081629 0.067722 0.101910 0.134530 0.088874 0.140683 0.093351 0.119765 0.166705 0.115962 0.116325 0.150792 0.145895 0.151695 0.111371 0.111250 0.148643 0.087087
0.012308 0.036185 0.067071 0.103845 0.082924 0.044501 0.092330 0.137534 0.089514 0.149788 0.164978 0.105538 0.030035 0.069811 0.049565 0.084405 0.013582 0.055129 0.052070 0.085042 0.078018 0.100123 0.085929 0.065944 0.052263 0.057564 0.095715 0.143934 0.088313 0.109549 0.140719 0.091289 0.101167 0.144114 0.071724 0.040755 0.061462 0.056411 0.129428 0.093064
0.093953 0.028669 0.134421 0.092866 0.041822 0.091400 0.110837 0.127354 0.078632 0.086359 0.108889 0.096992 0.133194 0.110565 0.140485 0.087876 0.038567 0.056638 0.007065 0.032818 0.089323 0.098411 0.120543 0.109325 0.039395 0.066623 0.112307 0.056489 0.164010 0.094908 0.093455 0.176095 0.133657 0.140446 0.140726 0.121218 0.110061 0.171921 0.045717 0.075993
0.106601 0.084462 0.083461 0.134819 0.080519 0.151838 0.159985 0.130613 0.119612 0.110945 0.139896 0.130012 0.099424 0.160966 0.177458 0.104603 0.065203 0.108068 0.077275 0.095013 0.173625 0.162786 0.128058 0.154951 0.078364 0.144111 0.099417 0.131297 0.130231 0.133118 0.106462 0.221411 0.180312 0.183134 0.204667 0.121556 0.163115 0.200984 0.149574 0.067543
0.110487 0.100278 0.083777 0.153558 0.093400 0.133213 0.160232 0.126598 0.109274 0.103751 0.101665 0.114595 0.082667 0.110662 0.181902 0.093047 0.072900 0.078052 0.064112 0.052705 0.131537 0.129700 0.128943 0.151778 0.116420 0.141260 0.095875 0.107557 0.156688 0.124522 0.109298 0.171734 0.163542 0.166457 0.199887 0.117813 0.169446 0.211195 0.098915 0.078698
0.094677 0.060081 0.081223 0.159808 0.056120 0.119755 0.146032 0.154756 0.087587 0.112406 0.109922 0.127329 0.097820 0.123346 0.148536 0.111081 0.029704 0.084243 0.050199 0.067593 0.156531 0.112249 0.124813 0.112936 0.087845 0.116200 0.107341 0.151516 0.108335 0.135614 0.119577 0.206340 0.204001 0.197444 0.190922 0.152566 0.177181 0.200613 0.132413 0.083253
0.098360 0.083923 0.097049 0.152901 0.053319 0.118041 0.139824 0.151156 0.094813 0.126231 0.105286 0.122294 0.100791 0.142407 0.142549 0.116471 0.038943 0.100850 0.047924 0.087387 0.153278 0.112383 0.119608 0.109573 0.096493 0.122749 0.105884 0.149312 0.113050 0.142936 0.137799 0.204089 0.200915 0.190565 0.205259 0.181375 0.190407 0.210995 0.162622 0.082961
0.116533 0.106491 0.112165 0.109492 0.088219 0.097128 0.136207 0.156403 0.095752 0.113649 0.098282 0.088594 0.082242 0.152875 0.116537 0.139198 0.096785 0.090601 0.061600 0.112168 0.094854 0.119390 0.128341 0.124847 0.112248 0.141675 0.095419 0.141589 0.127007 0.156933 0.168786 0.173123 0.143057 0.189752 0.186475 0.149555 0.162663 0.180684 0.168343 0.121332
0.068218 0.015027 0.068765 0.065376 0.044052 0.098057 0.089013 0.071772 0.046570 0.032963 0.072130 0.089488 0.082727 0.130051 0.131352 0.068442 0.027005 0.056453 0.001400 0.008549 0.072061 0.037728 0.076657 0.103083 0.007878 0.054350 0.077967 0.057280 0.098197 0.032702 0.049209 0.197944 0.118835 0.135325 0.138916 0.064282 0.110357 0.155389 0.028031 0.056145
0.046913 0.163861 0.081934 0.058512 0.079408 0.100981 0.053488 0.086219 0.093125 0.090903 0.102703 0.052473 0.058797 0.112440 0.063371 0.078221 0.071159 0.105457 0.091650 0.130038 0.044790 0.137152 0.066429 0.106805 0.083539 0.110699 0.038523 0.022476 0.132007 0.135791 0.111300 0.039691 0.064701 0.100817 0.090142 0.088964 0.107194 0.095519 0.119744 0.047542
