0.075346 0.128445 0.090294 0.096848 0.084592 0.099578 0.089616 0.123757 0.093673 0.052731 0.115344 0.061094 0.070089 0.081514 0.074096 0.090105 0.076475 0.090474 0.095277 0.088635 0.081604 0.118974 0.082319 0.088056 0.083593 0.102433 0.037861 0.091742 0.100840 0.109843 0.098678 0.068467 0.070220 0.103226 0.088899 0.073629 0.106806 0.076187 0.084777 0.084429
0.052380 0.067726 0.102255 0.057807 0.039597 0.073892 0.073127 0.107325 0.080291 0.067411 0.082608 0.077103 0.079112 0.050418 0.069903 0.091850 0.036524 0.089961 0.025927 0.042642 0.074309 0.088526 0.034691 0.039085 0.025150 0.058267 0.009113 0.099273 0.084803 0.070838 0.090830 0.103804 0.057538 0.073210 0.105233 0.060510 0.079427 0.060802 0.070136 0.089736
0.107198 0.084918 0.077994 0.112038 0.093664 0.103054 0.083925 0.111622 0.103193 0.052866 0.067254 0.031441 0.045284 0.066988 0.072058 0.071462 0.047620 0.063637 0.068210 0.107543 0.058193 0.067541 0.065882 0.053863 0.049059 0.074863 0.026162 0.098032 0.032554 0.048376 0.091995 0.038776 0.052499 0.071397 0.087519 0.075778 0.048773 0.047820 0.040399 0.074688
0.109460 0.120920 0.124219 0.132961 0.119653 0.164987 0.144044 0.137822 0.118080 0.101356 0.083037 0.066739 0.071401 0.120812 0.125631 0.084873 0.089632 0.111374 0.070421 0.113576 0.091741 0.102196 0.122001 0.059258 0.065497 0.115326 0.073822 0.114781 0.076195 0.090613 0.103696 0.102888 0.089613 0.105844 0.136530 0.103577 0.077148 0.090615 0.042158 0.100043
0.106476 0.117090 0.126714 0.159328 0.121268 0.160326 0.142317 0.144671 0.124158 0.104967 0.100915 0.068937 0.082327 0.116607 0.143172 0.092519 0.090573 0.113433 0.087966 0.115800 0.099678 0.099185 0.135142 0.069687 0.070581 0.120034 0.083780 0.132131 0.082373 0.107343 0.116002 0.108693 0.097054 0.113220 0.130670 0.107818 0.081942 0.087849 0.055926 0.105300
0.101418 0.098478 0.102291 0.132725 0.121003 0.124792 0.109702 0.123238 0.128885 0.093730 0.058456 0.029553 0.055242 0.073112 0.103424 0.052072 0.069437 0.087639 0.057562 0.093591 0.064323 0.058832 0.101267 0.023679 0.057737 0.088440 0.045643 0.094393 0.033037 0.061271 0.077721 0.053992 0.058348 0.050942 0.093970 0.070873 0.030186 0.050922 0.013478 0.094423
0.110218 0.138281 0.113449 0.150235 0.139176 0.178744 0.150495 0.173913 0.134599 0.124601 0.105097 0.069182 0.072208 0.126171 0.128355 0.088421 0.102209 0.122407 0.103678 0.138253 0.098320 0.125605 0.145654 0.074803 0.084197 0.140914 0.087720 0.138997 0.088459 0.128230 0.126157 0.096266 0.122269 0.140634 0.137350 0.114308 0.094488 0.099263 0.069526 0.114246
0.098903 0.121024 0.109545 0.121678 0.116700 0.145436 0.114997 0.126421 0.129534 0.106062 0.089359 0.043117 0.064755 0.088532 0.115620 0.071665 0.092409 0.100343 0.073770 0.097656 0.065014 0.098774 0.113044 0.056982 0.072317 0.113784 0.050801 0.093692 0.068067 0.099277 0.108037 0.063228 0.088424 0.066607 0.088217 0.090266 0.043276 0.064912 0.044562 0.096371
0.053703 0.063575 0.068731 0.102079 0.049561 0.085003 0.080681 0.110738 0.063485 0.081187 0.089794 0.038149 0.041948 0.088182 0.057509 0.070698 0.042456 0.065079 0.077563 0.084640 0.068687 0.081539 0.083307 0.063880 0.040656 0.089852 0.063043 0.112348 0.060787 0.077886 0.085351 0.058974 0.065817 0.110721 0.076934 0.064267 0.059599 0.062168 0.066026 0.051180
0.048817 0.072452 0.092383 0.096874 0.069857 0.081181 0.104705 0.115473 0.071655 0.064703 0.104555 0.056854 0.046114 0.077350 0.067153 0.107678 0.073347 0.090988 0.103588 0.083040 0.065105 0.092565 0.102396 0.080896 0.091580 0.104803 0.054469 0.113164 0.093552 0.104036 0.116066 0.069595 0.071929 0.104028 0.065939 0.075354 0.075425 0.063158 0.072476 0.074232
0.009328 0.025229 0.004671 0.012098 0.012276 0.049023 0.025418 0.008027 0.041491 0.020468 0.043488 0.047439 0.044546 0.039997 0.013730 0.018970 0.030148 0.042011 0.042830 0.048531 0.066466 0.088532 0.083961 0.047692 0.019246 0.022651 0.017120 0.002839 0.028370 0.073287 0.004222 0.034708 0.055070 0.065468 0.034639 0.033734 0.035102 0.057458 0.036273 0.009319
0.063400 0.060589 0.119079 0.070574 0.058467 0.104983 0.088417 0.083553 0.076620 0.090998 0.068623 0.033497 0.087117 0.061085 0.093504 0.081546 0.096475 0.080177 0.054187 0.036684 0.037303 0.064703 0.086149 0.059743 0.066850 0.102495 0.085063 0.064558 0.105015 0.073862 0.081178 0.054063 0.043895 0.071036 0.076062 0.068975 0.029330 0.049710 0.015641 0.062828
0.010572 0.071857 0.040402 0.033098 0.062482 0.093153 0.024968 0.055370 0.030670 0.032358 0.055042 0.053009 0.041292 0.060748 0.036185 0.049021 0.079070 0.084435 0.091462 0.061466 0.044836 0.068888 0.082642 0.060844 0.073003 0.075632 0.063566 0.044740 0.066082 0.093597 0.037202 0.014315 0.041941 0.088793 0.053389 0.051995 0.057448 0.024629 0.022186 0.015319
0.024650 0.051135 0.055837 0.008374 0.029912 0.089748 0.045406 0.074634 0.072412 0.084246 0.067568 0.079809 0.053429 0.046947 0.053301 0.072163 0.063466 0.090444 0.039496 0.059355 0.027486 0.104814 0.051132 0.053671 0.027460 0.059565 0.015419 0.050568 0.061859 0.072915 0.052244 0.043802 0.052482 0.043285 0.058877 0.023738 0.024713 0.039339 0.044876 0.066608
0.053944 0.087299 0.078295 0.050479 0.057936 0.114479 0.063056 0.072747 0.077117 0.073373 0.100892 0.065619 0.055921 0.084675 0.078546 0.100194 0.099502 0.095532 0.093571 0.071836 0.054134 0.101404 0.090897 0.106122 0.078179 0.116663 0.056846 0.068526 0.096437 0.101150 0.081667 0.038933 0.059962 0.091195 0.063981 0.071460 0.054919 0.065005 0.053527 0.056597
0.052652 0.059768 0.100725 0.086330 0.056461 0.098380 0.083816 0.107754 0.065759 0.087997 0.068462 0.042765 0.077656 0.076921 0.070751 0.095522 0.090057 0.088393 0.063135 0.056520 0.067570 0.057585 0.076002 0.031783 0.068456 0.101888 0.080999 0.110782 0.093792 0.094103 0.085353 0.070934 0.065939 0.095870 0.079036 0.080318 0.050896 0.049580 0.048533 0.081236
0.035533 0.045282 0.014929 0.053812 0.023420 0.045124 0.022982 0.030785 0.030533 0.014896 0.051131 0.019249 0.007736 0.044442 0.020435 0.053928 0.015259 0.023420 0.046851 0.053331 0.023814 0.051001 0.018446 0.062962 0.017955 0.069549 0.018575 0.014233 0.049138 0.068083 0.065547 0.023587 0.045786 0.063535 0.022684 0.031500 0.031230 0.041380 0.060816 0.023978
0.051459 0.092539 0.054504 0.067011 0.088870 0.076491 0.069356 0.085925 0.071511 0.026146 0.078171 0.061825 0.034320 0.072757 0.048585 0.084874 0.077248 0.076812 0.102591 0.087911 0.038372 0.096608 0.095353 0.108541 0.104508 0.093371 0.037790 0.039375 0.090303 0.116437 0.077360 0.035942 0.055932 0.100156 0.050307 0.044353 0.075178 0.069879 0.058706 0.079087
0.015705 0.071398 0.037680 0.040309 0.023757 0.069704 0.050111 0.065669 0.031250 0.023595 0.089873 0.065138 0.057846 0.087729 0.028866 0.064207 0.044082 0.077945 0.081846 0.095256 0.074985 0.094415 0.055003 0.031105 0.040404 0.036173 0.018673 0.059421 0.028417 0.070854 0.025162 0.059891 0.050083 0.063660 0.038468 0.032389 0.063093 0.030887 0.065902 0.031999
0.035300 0.078860 0.113474 0.060730 0.061979 0.087110 0.083641 0.106329 0.096878 0.059341 0.115975 0.053375 0.076771 0.049454 0.063631 0.085896 0.046328 0.110175 0.075996 0.066403 0.089668 0.084811 0.049814 0.031744 0.041436 0.071714 0.032047 0.094712 0.067660 0.044362 0.085442 0.076531 0.044692 0.082273 0.082335 0.072429 0.070362 0.029750 0.044254 0.049982
0.037730 0.090118 0.031577 0.094162 0.071452 0.083771 0.064311 0.097755 0.046231 0.040482 0.060687 0.041652 0.045780 0.058310 0.060743 0.038408 0.037773 0.049036 0.099519 0.076748 0.060194 0.072894 0.082846 0.064561 0.052915 0.093163 0.064298 0.054319 0.052666 0.097498 0.066562 0.031132 0.067137 0.082514 0.068333 0.053208 0.066923 0.047636 0.053941 0.046886
0.032118 0.023687 0.018511 0.039871 0.024510 0.063576 0.040345 0.052465 0.032204 0.049838 0.056309 0.046392 0.069903 0.038260 0.061337 0.017379 0.029011 0.049461 0.066887 0.062921 0.033755 0.053088 0.091078 0.036924 0.026278 0.027579 0.034380 0.052635 0.009142 0.075437 0.023788 0.036452 0.068459 0.066101 0.035742 0.038146 0.039469 0.029601 0.028835 0.025282
0.044614 0.102808 0.051231 0.065287 0.065730 0.112141 0.041357 0.063093 0.044723 0.053500 0.066775 0.060574 0.059525 0.072179 0.052572 0.081185 0.112247 0.077485 0.098413 0.072101 0.065073 0.080946 0.109436 0.112347 0.110156 0.119322 0.059390 0.083245 0.104505 0.111330 0.064675 0.022757 0.058326 0.109417 0.083877 0.060549 0.078649 0.060252 0.048291 0.043235
0.051425 0.118684 0.085787 0.094506 0.087151 0.100982 0.099185 0.103332 0.085339 0.069443 0.092388 0.060207 0.080701 0.084642 0.086703 0.092343 0.086861 0.089033 0.083622 0.067459 0.068639 0.103060 0.099455 0.070272 0.087603 0.094841 0.053869 0.068776 0.092761 0.088292 0.068240 0.074719 0.063533 0.075050 0.090995 0.040259 0.084542 0.077973 0.062005 0.066430
0.084960 0.006673 0.074790 0.060230 0.047058 0.054832 0.035803 0.060622 0.036055 0.081299 0.036883 0.063612 0.060622 0.080569 0.049054 0.054974 0.065548 0.067772 0.054762 0.060524 0.036534 0.027550 0.061591 0.049265 0.066430 0.076708 0.101063 0.072601 0.069736 0.101161 0.064889 0.070584 0.056681 0.062369 0.070134 0.093240 0.032674 0.039812 0.035633 0.038084
0.032802 0.033043 0.021177 0.017673 0.026078 0.080144 0.034235 0.004534 0.014342 0.023602 0.031743 0.096513 0.066004 0.052434 0.086952 0.043951 0.035460 0.054144 0.033169 0.038558 0.078679 0.043712 0.037550 0.057209 0.056877 0.039488 0.022758 0.014895 0.032361 0.091363 0.001991 0.055540 0.052068 0.080995 0.066936 0.046120 0.061982 0.058554 0.028053 0.028020
0.054444 0.048996 0.088621 0.056741 0.055208 0.093169 0.094545 0.134110 0.056717 0.106502 0.103851 0.060591 0.053654 0.084133 0.077608 0.095821 0.059797 0.070261 0.049606 0.049659 0.062930 0.072977 0.043601 0.058918 0.047030 0.098935 0.069388 0.120672 0.121912 0.065294 0.103182 0.080987 0.069565 0.104425 0.074639 0.088893 0.056611 0.071221 0.056315 0.086115
0.071746 0.104760 0.065024 0.058731 0.080484 0.095602 0.036771 0.060382 0.070000 0.060988 0.060397 0.049610 0.043926 0.112394 0.063444 0.092189 0.119428 0.097654 0.090866 0.088730 0.067512 0.075913 0.081071 0.101238 0.099338 0.136208 0.074871 0.074347 0.099989 0.133258 0.089422 0.052278 0.062260 0.090012 0.104299 0.089797 0.091221 0.074261 0.094544 0.047850
0.057636 0.063236 0.061225 0.117733 0.071944 0.070204 0.069676 0.111038 0.063543 0.087544 0.090386 0.073628 0.043654 0.101971 0.083151 0.069224 0.056931 0.044230 0.053189 0.077413 0.080865 0.069496 0.102016 0.071636 0.059884 0.099028 0.109950 0.108565 0.110305 0.126273 0.121119 0.104113 0.117871 0.132066 0.097143 0.080426 0.109474 0.087532 0.116014 0.064558
0.074531 0.079397 0.114067 0.110596 0.096209 0.080014 0.091197 0.123685 0.119305 0.149243 0.124555 0.085052 0.074435 0.110067 0.089653 0.125416 0.071885 0.087814 0.059444 0.083771 0.074844 0.094236 0.108400 0.093913 0.089231 0.126687 0.104098 0.114779 0.118126 0.137024 0.156710 0.115163 0.119538 0.119824 0.127643 0.088893 0.088471 0.109196 0.134649 0.089739
0.061522 0.066543 0.094042 0.039745 0.067608 0.062091 0.068231 0.115456 0.077632 0.102867 0.066271 0.052197 0.041996 0.107830 0.033317 0.103513 0.066556 0.094977 0.045889 0.079893 0.064877 0.076318 0.067778 0.058180 0.082924 0.107136 0.066073 0.099635 0.085826 0.102194 0.130329 0.091438 0.097246 0.115092 0.111253 0.111433 0.089240 0.088190 0.100456 0.067015
0.012316 0.025275 0.057621 0.072673 0.067925 0.044008 0.068090 0.099798 0.070674 0.110778 0.114458 0.081337 0.027368 0.057189 0.042367 0.066867 0.014678 0.048492 0.045945 0.066958 0.058315 0.074657 0.068713 0.048014 0.043064 0.055875 0.069241 0.100712 0.072962 0.093250 0.106940 0.071697 0.086648 0.107150 0.059449 0.038605 0.047370 0.053938 0.095483 0.069634
0.076845 0.025283 0.100568 0.080550 0.038939 0.072402 0.086695 0.097773 0.057014 0.068604 0.088423 0.080566 0.097372 0.089768 0.110839 0.069432 0.034183 0.048048 0.007866 0.027918 0.069349 0.071282 0.096063 0.088302 0.033564 0.058342 0.085852 0.045641 0.124341 0.074743 0.080655 0.127660 0.101965 0.110090 0.107098 0.099144 0.092315 0.123384 0.045233 0.068058
0.088790 0.070721 0.069869 0.106405 0.074192 0.116422 0.124003 0.101552 0.095805 0.093018 0.106559 0.107568 0.080126 0.126693 0.140391 0.085882 0.057130 0.088663 0.061797 0.070103 0.132133 0.118219 0.103047 0.125947 0.065305 0.116977 0.083565 0.097822 0.107747 0.109887 0.091777 0.163054 0.148699 0.146202 0.155010 0.109364 0.135447 0.151447 0.117695 0.064418
0.089627 0.079316 0.070013 0.124522 0.080080 0.109445 0.127602 0.103873 0.086532 0.085010 0.084564 0.096289 0.067348 0.092405 0.142157 0.076773 0.055136 0.068446 0.057653 0.048233 0.104936 0.100573 0.105427 0.124700 0.085481 0.116399 0.080828 0.083452 0.123264 0.104792 0.095014 0.129659 0.132664 0.133697 0.151941 0.105172 0.140145 0.157827 0.088345 0.071697
0.078705 0.049545 0.068295 0.125219 0.054081 0.097174 0.112381 0.118995 0.072585 0.095279 0.088375 0.106608 0.076846 0.100955 0.118677 0.087516 0.027788 0.073303 0.044033 0.056132 0.117110 0.085868 0.098981 0.092533 0.069313 0.097305 0.086492 0.107263 0.095539 0.111741 0.101421 0.152575 0.162900 0.153516 0.146380 0.127047 0.143999 0.149754 0.107317 0.071289
0.082601 0.064949 0.080234 0.119803 0.051441 0.096429 0.107698 0.116901 0.079317 0.105896 0.084656 0.102379 0.080272 0.113710 0.113866 0.093006 0.036038 0.085483 0.042054 0.070002 0.115452 0.087042 0.094842 0.090066 0.077172 0.103484 0.085953 0.106345 0.100153 0.118259 0.113264 0.152338 0.161490 0.149002 0.156886 0.141830 0.153569 0.158063 0.122125 0.071376
0.097015 0.084386 0.095954 0.086057 0.076839 0.083452 0.102576 0.121885 0.081634 0.095124 0.079781 0.078242 0.067117 0.125002 0.094692 0.113306 0.073665 0.081434 0.054795 0.092359 0.076967 0.093967 0.101986 0.102019 0.086547 0.115846 0.077702 0.106268 0.113593 0.131325 0.136068 0.131322 0.121093 0.139785 0.137657 0.118982 0.132219 0.141594 0.122859 0.099910
0.055016 0.015131 0.054453 0.056925 0.041154 0.071887 0.063852 0.056353 0.033838 0.028894 0.062028 0.071287 0.058340 0.100804 0.102765 0.052223 0.022160 0.043897 0.001839 0.008960 0.056107 0.027453 0.063326 0.079531 0.008701 0.043796 0.059489 0.040759 0.082199 0.030416 0.044196 0.131137 0.088753 0.095877 0.095021 0.060111 0.089738 0.106742 0.028540 0.051778
0.045424 0.118697 0.066121 0.048982 0.062516 0.077636 0.047624 0.072858 0.075525 0.068187 0.078321 0.045067 0.050674 0.086456 0.053253 0.070895 0.066397 0.081282 0.070073 0.091844 0.044323 0.101602 0.054586 0.086778 0.072673 0.092443 0.038426 0.024936 0.095784 0.101364 0.085924 0.040139 0.059823 0.082856 0.077510 0.066486 0.085680 0.082895 0.085674 0.045687
