0.129128 0.098173 0.058872 0.088051 0.058274 0.053915 0.091498 0.085882 0.145974 0.076417 0.125735 0.050149 0.034805 0.096891 0.214047 0.201340 0.110756 0.124575 0.192040 0.072389 0.129799 0.000000 0.067628 0.102544 0.155282 0.079634 0.053778 0.080831 0.096601 0.205953 0.103145 0.057529 0.062672 0.159751 0.083159 0.047726 0.152676 0.199026 0.116073 0.039481 0.187818 0.046875 0.145664 0.126129 0.052758 0.268669 0.058259 0.130367 0.000000 0.060112 0.162975 0.230547 0.122538 0.061230 0.083271 0.087219 0.044338 0.112428 0.036556 0.110284 0.027350 0.059693
0.094985 0.162879 0.063048 0.069487 0.053959 0.065252 0.090192 0.079571 0.117410 0.106518 0.089924 0.059115 0.052362 0.123892 0.232250 0.140109 0.138408 0.205936 0.184585 0.096421 0.210718 0.000000 0.055794 0.090976 0.154478 0.093820 0.131057 0.167517 0.132602 0.211922 0.094314 0.072306 0.047236 0.232517 0.099197 0.078637 0.180351 0.201417 0.184869 0.079695 0.137036 0.123993 0.097222 0.165603 0.108601 0.262202 0.056879 0.093539 0.000000 0.069851 0.169422 0.275668 0.114005 0.052925 0.150271 0.088287 0.062172 0.138391 0.072287 0.095429 0.030226 0.049262
0.076621 0.067259 0.064299 0.045188 0.031390 0.029456 0.073046 0.066109 0.075727 0.079930 0.083442 0.039524 0.019105 0.082065 0.132552 0.086100 0.062564 0.111826 0.111310 0.077118 0.117412 0.000000 0.050825 0.079193 0.085552 0.053785 0.048571 0.061457 0.081857 0.130050 0.063190 0.028557 0.034497 0.116991 0.047678 0.032678 0.096827 0.127691 0.131677 0.053861 0.106490 0.051999 0.098322 0.073120 0.083612 0.160808 0.045919 0.070513 0.000000 0.036928 0.100130 0.121765 0.074941 0.044204 0.079125 0.040665 0.025632 0.116118 0.049668 0.077622 0.011735 0.058912
0.087070 0.053359 0.038974 0.058904 0.027573 0.021877 0.030549 0.040331 0.119532 0.012481 0.066792 0.029597 0.034035 0.027611 0.200870 0.165834 0.086698 0.055589 0.164318 0.026252 0.136824 0.000000 0.023924 0.069924 0.152518 0.027242 0.053968 0.059657 0.065666 0.211094 0.042337 0.016695 0.015381 0.175071 0.049588 0.047079 0.097551 0.180612 0.116777 0.032399 0.109536 0.041254 0.055954 0.101350 0.041540 0.253928 0.031236 0.060228 0.000000 0.034189 0.119075 0.277813 0.087791 0.033166 0.039524 0.060497 0.023232 0.026380 0.031133 0.105112 0.013414 0.021027
0.140015 0.179863 0.089118 0.102386 0.078480 0.091320 0.133532 0.102679 0.184153 0.149420 0.133518 0.081360 0.049894 0.142913 0.305403 0.240302 0.170213 0.220603 0.291659 0.094070 0.258655 0.000000 0.076696 0.139462 0.256830 0.114965 0.109325 0.148773 0.147158 0.343683 0.122273 0.088343 0.062782 0.275798 0.116389 0.094890 0.207693 0.286770 0.232390 0.079741 0.190285 0.107967 0.129482 0.210628 0.116396 0.393662 0.070904 0.144659 0.000000 0.086662 0.250473 0.424920 0.171908 0.081745 0.159275 0.123497 0.071210 0.172379 0.079658 0.138400 0.041694 0.056929
0.077168 0.142472 0.049175 0.066374 0.033153 0.064755 0.127187 0.086715 0.115874 0.150413 0.061747 0.062770 0.018001 0.141209 0.171760 0.139534 0.101651 0.170178 0.150026 0.072926 0.154227 0.000000 0.054617 0.087829 0.122933 0.076678 0.067243 0.104548 0.092235 0.158180 0.104833 0.051097 0.065585 0.158168 0.077479 0.049155 0.141641 0.148947 0.137810 0.063826 0.117403 0.078622 0.078787 0.125155 0.083476 0.208207 0.039185 0.085907 0.000000 0.052546 0.130178 0.194096 0.093612 0.058003 0.135008 0.048380 0.060069 0.181209 0.057930 0.082978 0.041810 0.043158
0.081227 0.118909 0.063216 0.047424 0.042340 0.061294 0.106959 0.080424 0.081673 0.134797 0.090920 0.041273 0.038500 0.133544 0.149208 0.111792 0.087663 0.169258 0.131388 0.068715 0.156513 0.000000 0.045724 0.070180 0.103408 0.059848 0.040675 0.063729 0.081237 0.181855 0.092643 0.040813 0.050570 0.134013 0.066661 0.046773 0.092371 0.157456 0.165434 0.068910 0.106391 0.084427 0.080392 0.102691 0.059618 0.181937 0.051753 0.080918 0.000000 0.041409 0.126939 0.180935 0.090675 0.055673 0.140943 0.052242 0.061464 0.182005 0.054884 0.062797 0.017438 0.042137
0.106301 0.137729 0.056050 0.086929 0.053788 0.084473 0.118355 0.091531 0.146983 0.106402 0.108554 0.056176 0.042847 0.115899 0.198971 0.157118 0.104180 0.184780 0.175183 0.115409 0.164800 0.000000 0.047032 0.099849 0.138717 0.083150 0.073703 0.140301 0.109195 0.201484 0.142437 0.063042 0.076821 0.171654 0.091506 0.064825 0.154985 0.229859 0.160565 0.074306 0.168628 0.074431 0.101974 0.133738 0.065246 0.240237 0.084161 0.117851 0.000000 0.058399 0.180504 0.234037 0.104791 0.084064 0.149287 0.076706 0.055261 0.162148 0.050985 0.115552 0.028727 0.049498
0.076910 0.112451 0.086251 0.095806 0.055946 0.080577 0.088034 0.063591 0.157445 0.086601 0.078591 0.049916 0.052760 0.075789 0.142681 0.169326 0.089542 0.127412 0.199798 0.057883 0.148448 0.000000 0.069818 0.106133 0.191528 0.083808 0.092251 0.069765 0.143832 0.203371 0.104193 0.076561 0.055669 0.146093 0.063361 0.067877 0.168829 0.173665 0.088961 0.036303 0.126894 0.080483 0.085882 0.121480 0.070047 0.286868 0.045052 0.115141 0.000000 0.076143 0.155688 0.260891 0.081161 0.058567 0.091744 0.090351 0.070169 0.109277 0.032828 0.142969 0.032130 0.065232
0.058891 0.100790 0.013269 0.047738 0.045142 0.047032 0.060016 0.048534 0.061591 0.058130 0.066594 0.023682 0.051817 0.088798 0.135242 0.081948 0.090619 0.129371 0.077521 0.053914 0.128022 0.000000 0.013399 0.040570 0.066125 0.040993 0.047066 0.099166 0.060244 0.119581 0.063328 0.032057 0.053113 0.119069 0.062151 0.037292 0.097495 0.144612 0.110861 0.046109 0.101245 0.085290 0.066119 0.093729 0.033372 0.137045 0.045843 0.033633 0.000000 0.034260 0.085432 0.128850 0.067525 0.033854 0.095791 0.046537 0.033246 0.109596 0.031383 0.035729 0.007516 0.022938
0.147391 0.110650 0.143448 0.076892 0.040996 0.082689 0.108533 0.096804 0.138784 0.099760 0.116435 0.059647 0.065724 0.094874 0.170304 0.157859 0.094868 0.143348 0.169377 0.088038 0.160680 0.000000 0.089685 0.098671 0.152660 0.079761 0.094470 0.086758 0.121337 0.206088 0.125825 0.080229 0.072162 0.147346 0.071192 0.070226 0.162551 0.156434 0.156650 0.072503 0.164657 0.076544 0.152454 0.141887 0.094667 0.224305 0.064877 0.163439 0.000000 0.073764 0.145277 0.201163 0.117664 0.060274 0.109699 0.080862 0.078570 0.156484 0.052155 0.138448 0.034992 0.084828
0.146345 0.192628 0.092045 0.110587 0.080483 0.095364 0.143370 0.108083 0.191668 0.159600 0.139968 0.084054 0.053983 0.158090 0.318051 0.250549 0.180724 0.229280 0.296968 0.099414 0.266316 0.000000 0.077995 0.143479 0.260959 0.117115 0.114180 0.156906 0.153474 0.344669 0.133307 0.090396 0.070167 0.286512 0.123637 0.096490 0.221928 0.300137 0.238013 0.081287 0.206938 0.112992 0.139807 0.220218 0.120523 0.408646 0.075180 0.151613 0.000000 0.086586 0.255776 0.428853 0.177294 0.084763 0.169520 0.123711 0.075187 0.192178 0.077366 0.144628 0.042442 0.064540
0.067733 0.088355 0.035595 0.041197 0.024422 0.015271 0.045057 0.035897 0.046173 0.046734 0.065442 0.024882 0.028982 0.048682 0.226355 0.097662 0.113557 0.087499 0.117054 0.039100 0.148489 0.000000 0.015420 0.053195 0.101748 0.037902 0.045286 0.096534 0.040721 0.149427 0.054258 0.017314 0.016449 0.212024 0.075153 0.030603 0.084272 0.213621 0.163655 0.021877 0.132675 0.032367 0.051564 0.127144 0.060358 0.182403 0.037678 0.057408 0.000000 0.025843 0.126685 0.193421 0.095053 0.026737 0.057154 0.022321 0.008605 0.065695 0.018245 0.042922 -0.000412 0.019164
0.080247 0.171691 0.088115 0.062453 0.066367 0.109828 0.159420 0.086522 0.146319 0.177596 0.104609 0.049802 0.056737 0.151217 0.150377 0.156680 0.096245 0.232459 0.191281 0.069459 0.180801 0.000000 0.085641 0.100780 0.165057 0.119764 0.084785 0.105409 0.134576 0.231373 0.110247 0.078888 0.090020 0.140383 0.070958 0.064355 0.154960 0.152366 0.159546 0.076450 0.107125 0.132688 0.083992 0.121125 0.072011 0.252052 0.054516 0.111826 0.000000 0.072601 0.169612 0.258013 0.091674 0.064033 0.162849 0.083466 0.072173 0.201764 0.065687 0.095906 0.030868 0.049512
0.120619 0.075651 0.046532 0.070621 0.033746 0.012259 0.047349 0.055398 0.084848 0.042967 0.083935 0.044269 0.029865 0.054639 0.258870 0.159193 0.122710 0.087889 0.161899 0.042837 0.173326 0.000000 0.033280 0.084056 0.152669 0.044231 0.043078 0.076002 0.042584 0.210843 0.067291 0.018405 0.024374 0.241363 0.084655 0.039928 0.094692 0.259767 0.177120 0.030728 0.168997 0.020635 0.088626 0.152685 0.056694 0.254803 0.043335 0.065554 0.000000 0.044174 0.155817 0.257059 0.136418 0.045432 0.052897 0.049681 0.016769 0.079539 0.035827 0.083576 0.008398 0.032321
0.160107 0.132556 0.073245 0.115329 0.086227 0.081246 0.092252 0.098579 0.206329 0.092154 0.131604 0.079022 0.056494 0.112364 0.208099 0.245346 0.124261 0.149435 0.281305 0.093791 0.168355 0.000000 0.074864 0.120742 0.242382 0.085522 0.107180 0.121015 0.160668 0.288945 0.126451 0.098448 0.059919 0.177900 0.091928 0.098456 0.212734 0.203473 0.123515 0.068716 0.170497 0.099801 0.148188 0.160652 0.095827 0.366731 0.071420 0.138312 0.000000 0.096082 0.202797 0.372224 0.134039 0.081472 0.117065 0.156542 0.080478 0.108103 0.064741 0.166508 0.050094 0.071817
0.101225 0.161432 0.075005 0.072536 0.056676 0.080703 0.127655 0.091095 0.126558 0.131677 0.101552 0.066554 0.029972 0.133904 0.284410 0.162565 0.152155 0.206700 0.218293 0.098314 0.214073 0.000000 0.074275 0.117926 0.167822 0.120432 0.098985 0.141532 0.112152 0.233037 0.104464 0.084659 0.055847 0.266198 0.112005 0.069725 0.162217 0.262121 0.210795 0.065864 0.170449 0.082479 0.104047 0.180079 0.108810 0.267006 0.057228 0.132147 0.000000 0.068538 0.226987 0.277327 0.150063 0.065828 0.135730 0.083821 0.056955 0.157393 0.068527 0.093772 0.039277 0.051703
0.101542 0.207241 0.076660 0.071513 0.073024 0.099807 0.149313 0.093188 0.138719 0.175779 0.116531 0.064616 0.049667 0.179782 0.251790 0.168208 0.158517 0.255616 0.228038 0.090369 0.218198 0.000000 0.081336 0.103313 0.186685 0.130024 0.119881 0.166695 0.139185 0.257432 0.110994 0.106126 0.067008 0.230034 0.105410 0.086450 0.190162 0.203004 0.201869 0.077345 0.148352 0.128093 0.105957 0.183666 0.109222 0.293417 0.058742 0.135107 0.000000 0.072572 0.213779 0.324331 0.140606 0.060414 0.171759 0.106518 0.074952 0.192842 0.073998 0.081059 0.037451 0.051618
0.128665 0.169232 0.082512 0.096320 0.074005 0.090954 0.116852 0.093648 0.186006 0.139252 0.122635 0.070115 0.046220 0.134110 0.256989 0.246033 0.150351 0.191116 0.271678 0.076942 0.232334 0.000000 0.061324 0.122054 0.251591 0.092495 0.094202 0.121165 0.141994 0.327435 0.106809 0.082813 0.056755 0.220328 0.099467 0.092526 0.213998 0.237398 0.186690 0.072089 0.164086 0.104898 0.121012 0.180027 0.104893 0.374212 0.057298 0.137650 0.000000 0.073156 0.214968 0.399218 0.150463 0.073937 0.147029 0.118157 0.072109 0.156457 0.062013 0.130279 0.040474 0.052177
0.087353 0.148809 0.077965 0.076060 0.050362 0.071427 0.102650 0.095161 0.107395 0.126476 0.090970 0.058223 0.043418 0.118757 0.171544 0.130032 0.109990 0.185180 0.169110 0.095425 0.190260 0.000000 0.059707 0.104326 0.138377 0.087537 0.088522 0.109826 0.119615 0.181505 0.134530 0.060265 0.057800 0.167791 0.091854 0.064558 0.142862 0.181035 0.160003 0.070973 0.144762 0.091927 0.096340 0.137079 0.078602 0.235722 0.067846 0.094824 0.000000 0.056708 0.152583 0.215246 0.100877 0.056539 0.151668 0.074053 0.069703 0.179659 0.053030 0.107203 0.018284 0.063178
0.124599 0.196987 0.098492 0.088120 0.076825 0.112506 0.157649 0.114783 0.195870 0.175335 0.135654 0.074117 0.050739 0.172495 0.231495 0.203808 0.135350 0.238152 0.268153 0.118396 0.210431 0.000000 0.088786 0.129062 0.207472 0.127294 0.117633 0.148786 0.177408 0.280695 0.141243 0.102670 0.079448 0.200378 0.101007 0.095716 0.220298 0.207886 0.192436 0.094972 0.165807 0.127301 0.131822 0.167000 0.126561 0.327113 0.073154 0.173282 0.000000 0.085310 0.228412 0.341240 0.131393 0.078991 0.179828 0.118611 0.082576 0.199751 0.080783 0.134829 0.045328 0.068545
0.141864 0.144189 0.063499 0.104245 0.072092 0.062527 0.104058 0.098326 0.186986 0.087553 0.130900 0.070141 0.056437 0.114722 0.281570 0.230616 0.150103 0.174461 0.271900 0.083540 0.206127 0.000000 0.067816 0.121532 0.210490 0.098293 0.102223 0.130813 0.131610 0.312923 0.105600 0.078996 0.056394 0.258863 0.103854 0.086474 0.180063 0.277665 0.191160 0.076826 0.182228 0.087967 0.125231 0.181860 0.082732 0.358975 0.069611 0.128460 0.000000 0.082572 0.228176 0.384224 0.153454 0.077339 0.115900 0.118477 0.060066 0.114024 0.078778 0.136969 0.045026 0.049844
0.122526 0.208136 0.089208 0.087946 0.074456 0.104790 0.164110 0.110686 0.157526 0.181385 0.129577 0.075614 0.055121 0.189164 0.269120 0.191221 0.160473 0.278840 0.244983 0.106607 0.232408 0.000000 0.094987 0.121311 0.197899 0.143485 0.129009 0.167973 0.152163 0.276854 0.129272 0.110021 0.082624 0.251037 0.113524 0.093092 0.204016 0.236111 0.223247 0.090119 0.175010 0.131053 0.127113 0.195551 0.117022 0.322816 0.068642 0.146427 0.000000 0.084481 0.230582 0.329824 0.157623 0.075247 0.178012 0.111926 0.083297 0.215778 0.087468 0.105308 0.041154 0.066666
0.119042 0.146084 0.066011 0.085802 0.063415 0.065690 0.087814 0.086077 0.150145 0.112964 0.100604 0.066670 0.047910 0.116745 0.211476 0.187971 0.126448 0.160572 0.224470 0.077575 0.180484 0.000000 0.052091 0.091618 0.206575 0.073913 0.100968 0.123640 0.133936 0.256072 0.107181 0.069777 0.046964 0.188709 0.084050 0.084754 0.194092 0.184294 0.156462 0.060605 0.145267 0.102444 0.103666 0.166584 0.111648 0.327222 0.056244 0.107643 0.000000 0.080176 0.168395 0.343271 0.118234 0.061577 0.127736 0.106086 0.064363 0.132810 0.064943 0.113413 0.031696 0.054495
0.159529 0.175544 0.079197 0.101049 0.073223 0.074979 0.122655 0.107812 0.187507 0.119426 0.138049 0.073656 0.057178 0.143519 0.300457 0.251702 0.161485 0.183532 0.278824 0.088726 0.222954 0.000000 0.071221 0.123457 0.218086 0.101433 0.098414 0.142842 0.133018 0.315403 0.128263 0.079886 0.066057 0.252205 0.114819 0.085359 0.200470 0.266737 0.199206 0.084953 0.196756 0.101255 0.140184 0.186290 0.092804 0.380713 0.069222 0.142090 0.000000 0.082283 0.224681 0.394104 0.168711 0.071535 0.139938 0.120744 0.068576 0.150287 0.074172 0.139751 0.042603 0.052721
0.119047 0.153376 0.065118 0.087633 0.060848 0.068377 0.095643 0.090133 0.132797 0.105700 0.109965 0.069048 0.053608 0.121617 0.238764 0.156085 0.138637 0.214523 0.205538 0.101910 0.192127 0.000000 0.059663 0.088422 0.164424 0.102355 0.146357 0.188648 0.137682 0.220018 0.118069 0.093113 0.050816 0.232422 0.112087 0.094605 0.181522 0.206220 0.183311 0.079202 0.149441 0.103958 0.102180 0.177599 0.102317 0.275804 0.072275 0.105178 0.000000 0.073963 0.194376 0.301217 0.131183 0.066099 0.140038 0.107865 0.069280 0.120495 0.078729 0.102507 0.038603 0.053773
0.087691 0.180547 0.050554 0.070772 0.057051 0.077924 0.094902 0.086363 0.120510 0.102936 0.083039 0.065108 0.032904 0.114188 0.214530 0.144999 0.132877 0.190154 0.179188 0.099831 0.189028 0.000000 0.039746 0.093805 0.141147 0.105642 0.111606 0.174538 0.106432 0.192254 0.107834 0.078264 0.054663 0.188857 0.109501 0.078558 0.168949 0.185881 0.159767 0.074604 0.133000 0.100447 0.086986 0.165461 0.098091 0.231641 0.063740 0.094449 0.000000 0.064194 0.172051 0.259389 0.118880 0.057469 0.149798 0.093343 0.059058 0.137277 0.066340 0.085052 0.030780 0.041745
0.119822 0.197409 0.092875 0.090835 0.073664 0.106017 0.148742 0.118075 0.182793 0.147978 0.126829 0.074725 0.057335 0.163896 0.211079 0.185141 0.129889 0.265661 0.242071 0.108556 0.195841 0.000000 0.104876 0.125915 0.177950 0.165127 0.147902 0.162517 0.166106 0.251426 0.137476 0.121927 0.086756 0.206178 0.105862 0.099890 0.201183 0.195942 0.171060 0.097564 0.153803 0.126276 0.126060 0.173673 0.095852 0.285365 0.075422 0.158845 0.000000 0.089795 0.228115 0.294936 0.130499 0.082785 0.168350 0.123994 0.089982 0.183852 0.093036 0.125821 0.053235 0.073827
0.074498 0.130576 0.030035 0.051636 0.026145 0.040396 0.072524 0.052972 0.113400 0.089980 0.041729 0.041335 0.014418 0.086913 0.181434 0.138869 0.103043 0.094290 0.142494 0.048791 0.139319 0.000000 0.021215 0.063201 0.120499 0.039969 0.038580 0.083606 0.056645 0.166144 0.081242 0.029630 0.031574 0.152855 0.070733 0.039922 0.126673 0.155758 0.116791 0.037985 0.110428 0.050162 0.053481 0.117412 0.063236 0.199538 0.027230 0.091813 0.000000 0.043788 0.112927 0.223124 0.079153 0.038377 0.097326 0.039118 0.028972 0.103715 0.026946 0.064085 0.029155 0.015054
0.164666 0.197601 0.110894 0.116099 0.082456 0.105922 0.160723 0.126372 0.203994 0.163802 0.150332 0.091154 0.076136 0.153449 0.327780 0.256186 0.192304 0.231354 0.314444 0.106706 0.275878 3.361566 0.092910 0.153114 0.264453 0.120924 0.131889 0.162271 0.149566 0.360626 0.132935 0.109950 0.085934 0.294072 0.127985 0.111690 0.235029 0.307986 0.255706 0.094273 0.220012 0.114028 0.158425 0.238070 0.130994 0.406894 0.092067 0.178016 0.530851 0.090630 0.260832 0.421985 0.186016 0.082737 0.163593 0.124705 0.087676 0.207123 0.081427 0.155818 0.059772 0.069054
0.066428 0.046936 0.056237 0.027071 0.008872 0.030550 0.064219 0.062060 0.072285 0.057184 0.059153 0.025008 0.008666 0.059668 0.120728 0.072433 0.042847 0.075272 0.083745 0.070857 0.095552 0.000000 0.039574 0.063181 0.045139 0.044578 0.028615 0.036595 0.069958 0.093158 0.070852 0.015835 0.025382 0.109242 0.032714 0.021725 0.057119 0.115798 0.101750 0.052706 0.085302 0.019211 0.085408 0.050941 0.043584 0.103533 0.029527 0.105569 0.000000 0.026884 0.090930 0.088576 0.064196 0.032642 0.066496 0.016335 0.016077 0.090612 0.040343 0.063162 0.016041 0.023275
0.113562 0.201664 0.084053 0.082749 0.074450 0.101742 0.149699 0.097320 0.144535 0.182818 0.121131 0.069605 0.053321 0.183009 0.260288 0.183399 0.159204 0.263164 0.233779 0.097356 0.222707 0.000000 0.080713 0.103811 0.198765 0.119617 0.120561 0.166564 0.145966 0.273072 0.121311 0.107489 0.068795 0.238473 0.106974 0.089710 0.201719 0.218202 0.211434 0.078337 0.159438 0.127754 0.116906 0.186113 0.111955 0.309546 0.066588 0.135153 0.000000 0.078094 0.210838 0.332811 0.146715 0.073082 0.176279 0.108189 0.080447 0.199174 0.073334 0.091659 0.040805 0.058144
0.059229 0.090563 0.017474 0.038716 0.023612 0.031917 0.060858 0.055598 0.076928 0.089294 0.029441 0.049997 0.007809 0.107015 0.129464 0.084272 0.080494 0.086041 0.096051 0.048138 0.086186 0.000000 0.025383 0.035669 0.064074 0.030785 0.058557 0.083206 0.060930 0.085537 0.047325 0.045151 0.019391 0.116542 0.059783 0.039894 0.096327 0.071753 0.073152 0.046911 0.057418 0.048393 0.061569 0.087605 0.073857 0.107756 0.018130 0.061201 0.000000 0.037313 0.077124 0.118470 0.067237 0.036816 0.085115 0.039270 0.032167 0.079415 0.056399 0.039090 0.060558 0.015831
0.083633 0.086085 0.047667 0.046814 0.024266 0.019779 0.057978 0.051849 0.060687 0.046999 0.069438 0.032301 0.033789 0.059734 0.249597 0.114722 0.123055 0.106782 0.117887 0.045473 0.163588 0.000000 0.033359 0.073016 0.100739 0.060435 0.041962 0.082769 0.035392 0.163115 0.066077 0.019891 0.033426 0.232987 0.092171 0.031779 0.076544 0.240626 0.187131 0.035344 0.151342 0.032795 0.062045 0.143568 0.062253 0.194892 0.042418 0.071974 0.000000 0.043806 0.149273 0.184218 0.115936 0.036947 0.065446 0.024563 0.016030 0.091896 0.039407 0.052296 0.005887 0.024456
0.075623 0.088365 0.043642 0.048145 0.037407 0.029244 0.049153 0.045428 0.058993 0.058613 0.058275 0.031594 0.033378 0.062802 0.208870 0.106896 0.106082 0.084226 0.103957 0.053568 0.137180 0.000000 0.020805 0.050082 0.110703 0.028322 0.032926 0.089892 0.047162 0.150682 0.061973 0.022359 0.024470 0.175803 0.075083 0.031015 0.093961 0.204589 0.149557 0.020086 0.130193 0.041180 0.063597 0.115751 0.087214 0.186302 0.038988 0.049994 0.000000 0.051130 0.108771 0.189161 0.093127 0.042059 0.067101 0.032645 0.018266 0.078915 0.026416 0.046492 0.006056 0.020037
0.168716 0.193074 0.111782 0.117034 0.084018 0.102208 0.155949 0.128957 0.203542 0.158450 0.152442 0.089256 0.077247 0.148232 0.320222 0.255822 0.189976 0.225897 0.306082 0.106145 0.268724 0.784231 0.093754 0.151994 0.263346 0.118745 0.127270 0.157077 0.149877 0.358481 0.133149 0.108598 0.086825 0.283058 0.127545 0.110980 0.234639 0.302556 0.250224 0.090841 0.221625 0.114270 0.162763 0.235569 0.133884 0.401130 0.092022 0.174875 0.517089 0.093822 0.255528 0.412712 0.182146 0.083912 0.157604 0.124967 0.086950 0.202188 0.081523 0.154295 0.057769 0.073549
0.080671 0.125638 0.061481 0.047647 0.028546 0.041154 0.083483 0.057382 0.092427 0.086714 0.082033 0.037007 0.021362 0.088697 0.213886 0.132075 0.107724 0.126094 0.155933 0.068015 0.189030 0.000000 0.033454 0.099160 0.122054 0.062677 0.052039 0.097145 0.070068 0.187287 0.085305 0.022661 0.037476 0.191493 0.073279 0.037930 0.106972 0.218790 0.171503 0.063797 0.152904 0.055711 0.077553 0.118888 0.070162 0.226441 0.042655 0.094346 0.000000 0.028667 0.145575 0.216478 0.103639 0.034150 0.102271 0.033387 0.022962 0.125037 0.033122 0.090217 0.007600 0.028832
0.067059 0.121759 0.017135 0.086960 0.033467 0.054966 0.086111 0.083141 0.139374 0.079217 0.052362 0.056793 0.013554 0.106779 0.164446 0.152231 0.112603 0.132708 0.125053 0.074744 0.098492 0.000000 0.031573 0.064439 0.107913 0.061285 0.065720 0.116570 0.081343 0.124816 0.088628 0.068209 0.056884 0.133466 0.097433 0.058132 0.168568 0.127247 0.071863 0.042411 0.110161 0.048475 0.078151 0.125748 0.057508 0.193274 0.045523 0.084153 0.000000 0.039936 0.122847 0.172638 0.082593 0.069739 0.117850 0.062242 0.053554 0.112499 0.045142 0.075486 0.053108 0.045138
0.066245 0.146488 0.059832 0.043485 0.043601 0.057784 0.094043 0.062910 0.073387 0.137172 0.068853 0.059374 0.016639 0.125986 0.247864 0.125120 0.141949 0.170684 0.173134 0.058659 0.208375 0.000000 0.041727 0.085762 0.156584 0.077979 0.081216 0.122813 0.080790 0.209523 0.062557 0.054447 0.023071 0.221405 0.085560 0.056692 0.125829 0.188549 0.200409 0.051583 0.117093 0.082981 0.070247 0.162145 0.118751 0.245354 0.034340 0.080214 0.000000 0.045809 0.156894 0.266874 0.128906 0.037943 0.125870 0.062104 0.042081 0.144640 0.059915 0.055582 0.025033 0.031434
0.050347 0.116750 0.051385 0.044085 0.026992 0.047588 0.080723 0.044670 0.079163 0.102238 0.056918 0.029280 0.017533 0.092151 0.167969 0.107222 0.097255 0.117964 0.109000 0.050192 0.144588 0.000000 0.021823 0.063825 0.105362 0.048332 0.042909 0.086613 0.066595 0.145322 0.066145 0.022921 0.033477 0.147034 0.055783 0.028395 0.127665 0.157153 0.137291 0.033776 0.104615 0.054632 0.064691 0.099170 0.063898 0.172497 0.035761 0.077606 0.000000 0.019060 0.106359 0.171982 0.072169 0.039617 0.108330 0.023502 0.024028 0.138002 0.014677 0.055919 0.007423 0.035149
0.146349 0.090863 0.044964 0.079970 0.039556 0.037628 0.069247 0.097516 0.125308 0.049208 0.090138 0.057603 0.024991 0.082843 0.259396 0.190014 0.120131 0.104639 0.150513 0.076623 0.157927 0.000000 0.045377 0.081737 0.133969 0.059620 0.052907 0.093218 0.070129 0.191890 0.092025 0.045837 0.046472 0.225625 0.106323 0.059866 0.145640 0.232979 0.149089 0.053188 0.160813 0.031538 0.114603 0.152070 0.070901 0.230591 0.054269 0.101376 0.000000 0.058788 0.167885 0.218615 0.152759 0.066634 0.072526 0.062612 0.037460 0.087564 0.062518 0.082850 0.041444 0.039931
0.067910 0.134028 0.061381 0.046568 0.035715 0.072696 0.128832 0.068049 0.097326 0.146361 0.087603 0.047969 0.012390 0.153643 0.173391 0.117356 0.095719 0.169702 0.142146 0.078283 0.129397 0.000000 0.052847 0.079074 0.101294 0.083904 0.053626 0.095184 0.071205 0.155355 0.085700 0.055326 0.055971 0.131333 0.068064 0.048484 0.110607 0.120133 0.145588 0.061912 0.111198 0.055621 0.083915 0.109163 0.070192 0.199853 0.051770 0.113222 0.000000 0.027069 0.134652 0.182211 0.108558 0.050326 0.133983 0.054088 0.043593 0.185905 0.054569 0.059610 0.021095 0.039415
0.077285 0.086448 0.061283 0.025525 0.015349 0.024663 0.062806 0.049816 0.067363 0.069866 0.072812 0.027392 0.016131 0.059601 0.159698 0.088615 0.072168 0.096032 0.121272 0.050311 0.119706 0.000000 0.039582 0.072877 0.081115 0.063604 0.038408 0.064028 0.040716 0.137237 0.081517 0.021146 0.023586 0.154246 0.053594 0.028456 0.049319 0.167807 0.140738 0.044506 0.107123 0.020311 0.046779 0.095935 0.045282 0.143123 0.040978 0.098579 0.000000 0.027990 0.142085 0.156154 0.080589 0.034522 0.071663 0.022672 0.015035 0.090145 0.035892 0.060024 0.009655 0.022490
0.111053 0.122597 0.076103 0.077869 0.055940 0.067478 0.090244 0.074810 0.133334 0.107246 0.103653 0.058621 0.053146 0.103907 0.256253 0.168712 0.125484 0.194603 0.202244 0.079965 0.211752 0.000000 0.063473 0.109291 0.193627 0.093172 0.096634 0.117110 0.107582 0.273130 0.108130 0.060398 0.054025 0.259104 0.084905 0.074707 0.152654 0.262022 0.214791 0.064978 0.157819 0.090635 0.092219 0.168375 0.086351 0.297357 0.080641 0.101211 0.000000 0.073186 0.193758 0.303220 0.125672 0.084331 0.129539 0.085005 0.060665 0.150985 0.064009 0.114514 0.020708 0.054302
0.043498 0.128424 0.044106 0.019643 0.045993 0.052499 0.082333 0.045284 0.048300 0.123220 0.076716 0.033154 0.024365 0.101583 0.142004 0.087251 0.092779 0.160050 0.122978 0.041152 0.169574 0.000000 0.021047 0.056311 0.105941 0.057662 0.051475 0.102212 0.066293 0.168062 0.041552 0.032210 0.027171 0.112026 0.059985 0.038928 0.082384 0.113083 0.168125 0.058014 0.073682 0.093334 0.052420 0.095795 0.073146 0.173169 0.029062 0.037845 0.000000 0.019529 0.107598 0.200808 0.081071 0.013840 0.121096 0.049684 0.025738 0.124726 0.042085 0.030516 0.002202 0.017090
0.130598 0.148039 0.067770 0.119515 0.078588 0.088231 0.100330 0.095074 0.215671 0.094331 0.114824 0.075114 0.052782 0.102756 0.206774 0.248547 0.129828 0.160476 0.272908 0.082704 0.184660 0.000000 0.067152 0.128054 0.244654 0.097192 0.106568 0.118899 0.154601 0.290885 0.122709 0.094571 0.066045 0.191459 0.095506 0.097867 0.216290 0.217631 0.123243 0.063706 0.157642 0.096525 0.123952 0.172146 0.079092 0.364461 0.068611 0.133235 0.000000 0.085178 0.213471 0.377976 0.126093 0.086523 0.129111 0.139667 0.077341 0.121189 0.060682 0.163368 0.051123 0.065627
0.113922 0.117470 0.063410 0.083553 0.056489 0.068057 0.083282 0.082163 0.128784 0.099594 0.080853 0.078388 0.038849 0.092877 0.169833 0.141750 0.099307 0.162377 0.192177 0.094887 0.169227 0.000000 0.059321 0.103908 0.168290 0.082463 0.089260 0.110218 0.115203 0.219335 0.119066 0.072295 0.052924 0.176343 0.088375 0.078818 0.148424 0.195291 0.158518 0.071053 0.138053 0.079198 0.101317 0.168464 0.094683 0.241624 0.073017 0.105430 0.000000 0.099723 0.168083 0.252937 0.108500 0.081458 0.126432 0.095750 0.062465 0.134699 0.074695 0.112638 0.044856 0.055302
0.121220 0.071247 0.041120 0.047466 0.058588 0.035194 0.048949 0.076992 0.071366 0.078491 0.108941 0.038201 0.037731 0.075170 0.101414 0.111463 0.062021 0.093435 0.108957 0.052650 0.111037 0.000000 0.041595 0.044645 0.100575 0.025327 0.042925 0.069866 0.093068 0.135284 0.092143 0.035143 0.033124 0.074463 0.050154 0.040822 0.097084 0.092397 0.086927 0.045826 0.102119 0.071741 0.120182 0.070148 0.048797 0.145573 0.048051 0.048443 0.000000 0.038783 0.088729 0.149436 0.077976 0.031165 0.071304 0.071618 0.040606 0.077413 0.032155 0.060012 0.015050 0.047618
0.040585 0.121317 0.063966 0.022912 0.027965 0.069658 0.123990 0.056045 0.076058 0.165025 0.063418 0.039597 0.005915 0.137436 0.138174 0.097595 0.076978 0.169037 0.123213 0.050976 0.154202 0.000000 0.049300 0.078247 0.107345 0.067922 0.037646 0.062124 0.067570 0.160340 0.066275 0.032004 0.044447 0.108081 0.048025 0.032447 0.087956 0.094657 0.153263 0.059736 0.077944 0.073030 0.056759 0.084100 0.069649 0.173229 0.030838 0.085178 0.000000 0.021927 0.107760 0.162863 0.078448 0.034484 0.135543 0.032586 0.037439 0.189937 0.044766 0.050631 0.017560 0.028463
0.059808 0.081312 0.042057 0.043653 0.026976 0.024019 0.047844 0.045421 0.065187 0.057313 0.063401 0.023969 0.028279 0.047188 0.131295 0.082329 0.079630 0.063352 0.092862 0.051015 0.096945 0.000000 0.023023 0.054921 0.079329 0.020101 0.032854 0.073133 0.064887 0.096486 0.085104 0.019889 0.026848 0.098270 0.069486 0.026961 0.088636 0.112849 0.095438 0.024774 0.113630 0.040665 0.064258 0.084899 0.050600 0.132384 0.050338 0.062797 0.000000 0.026962 0.083174 0.130567 0.046918 0.028978 0.070929 0.024545 0.015630 0.066818 0.011786 0.061437 0.009735 0.037123
0.122597 0.147719 0.069360 0.094460 0.070917 0.058751 0.084585 0.077659 0.148596 0.089826 0.104835 0.063871 0.059284 0.108041 0.283033 0.198124 0.166472 0.163333 0.238839 0.070618 0.223052 0.000000 0.059225 0.112847 0.209896 0.091949 0.107283 0.134105 0.124191 0.283197 0.093375 0.075406 0.044780 0.274421 0.102147 0.079808 0.179617 0.260994 0.186217 0.059351 0.167465 0.101679 0.121936 0.191887 0.092956 0.336951 0.059798 0.109755 0.000000 0.079580 0.202936 0.361624 0.145505 0.060711 0.112530 0.105318 0.055255 0.114646 0.063350 0.113356 0.034355 0.050247
0.135058 0.188849 0.085263 0.105755 0.080540 0.094997 0.140867 0.104054 0.187971 0.156644 0.134400 0.082896 0.051015 0.154259 0.310471 0.244560 0.177481 0.230195 0.290875 0.093272 0.263915 0.000000 0.078903 0.143669 0.257988 0.120305 0.112277 0.153240 0.147349 0.341546 0.124439 0.090263 0.070140 0.278201 0.120712 0.094727 0.214981 0.284783 0.230007 0.079686 0.195734 0.114748 0.132675 0.215841 0.115585 0.402975 0.073425 0.143198 0.000000 0.085231 0.248673 0.420673 0.172583 0.082220 0.167042 0.123793 0.072921 0.187012 0.079519 0.138594 0.042843 0.060618
0.075900 0.105684 0.061175 0.034703 0.036654 0.046185 0.066522 0.047595 0.071459 0.105821 0.074944 0.036834 0.018574 0.079682 0.230334 0.122245 0.115007 0.126724 0.154429 0.048155 0.182922 0.000000 0.031519 0.075507 0.151581 0.047890 0.045316 0.079524 0.063147 0.222150 0.066336 0.029635 0.017100 0.190540 0.072452 0.046339 0.101508 0.187343 0.195996 0.035652 0.137192 0.057186 0.068479 0.135401 0.085855 0.224399 0.040362 0.087750 0.000000 0.040103 0.133394 0.250089 0.102769 0.033511 0.090052 0.045215 0.030390 0.106940 0.027157 0.054044 0.004633 0.029097
0.071684 0.075995 0.019600 0.043310 0.043955 0.026844 0.041053 0.037653 0.053713 0.053712 0.085537 0.026303 0.035992 0.055426 0.111433 0.090247 0.076522 0.090165 0.108331 0.024838 0.100504 0.000000 0.012221 0.045676 0.097350 0.041338 0.032698 0.061952 0.042276 0.142144 0.052427 0.027781 0.027993 0.106260 0.051620 0.037553 0.062342 0.122644 0.106604 0.030708 0.090525 0.053531 0.070221 0.104851 0.017562 0.138149 0.041047 0.040124 0.000000 0.019920 0.110782 0.172587 0.064224 0.027162 0.070304 0.055115 0.018698 0.074784 0.024662 0.037990 0.001731 0.038340
0.045965 0.080500 0.031914 0.019708 0.028372 0.036565 0.070313 0.047878 0.039996 0.098500 0.056965 0.021413 0.011683 0.087198 0.078551 0.059818 0.042104 0.076183 0.081821 0.048222 0.064957 0.000000 0.025422 0.030551 0.062962 0.017318 0.015130 0.044507 0.056619 0.082693 0.053215 0.022293 0.023804 0.047929 0.023599 0.021376 0.062564 0.048380 0.072488 0.023048 0.061978 0.057387 0.051366 0.043943 0.065386 0.111476 0.020556 0.037974 0.000000 0.018935 0.053173 0.108840 0.036905 0.015815 0.068832 0.032391 0.027273 0.097898 0.017747 0.030270 0.001239 0.032912
0.154465 0.181527 0.090986 0.111331 0.079224 0.084377 0.128646 0.111402 0.197545 0.133616 0.140174 0.080251 0.056648 0.136598 0.286246 0.253090 0.162454 0.194423 0.289540 0.097823 0.234520 0.000000 0.080235 0.142219 0.244682 0.112071 0.108263 0.141331 0.153521 0.323720 0.142486 0.089809 0.066047 0.252947 0.117775 0.096888 0.206510 0.269804 0.205993 0.079549 0.204077 0.103221 0.143465 0.204110 0.107614 0.380053 0.078812 0.155776 0.000000 0.091384 0.242459 0.412504 0.160562 0.080242 0.150295 0.129852 0.073525 0.161806 0.075610 0.151617 0.042534 0.069187
0.060756 0.107414 0.055446 0.048059 0.026442 0.074673 0.112762 0.067146 0.100101 0.117480 0.053073 0.039330 0.021249 0.106963 0.167471 0.114855 0.078203 0.121607 0.117982 0.071602 0.139523 0.000000 0.043448 0.079907 0.101371 0.054687 0.023965 0.060133 0.067049 0.150823 0.101437 0.028804 0.059900 0.140340 0.064318 0.032819 0.097200 0.172144 0.134365 0.050107 0.118364 0.055175 0.059632 0.097636 0.062443 0.176284 0.042559 0.096565 0.000000 0.047442 0.118916 0.158097 0.076241 0.056692 0.119694 0.027286 0.047982 0.164436 0.036878 0.077368 0.024259 0.028551
0.009356 0.107142 0.035653 -0.006442 0.023173 0.056442 0.094812 0.026968 0.038604 0.142793 0.046059 0.022585 -0.005500 0.110316 0.096025 0.054235 0.054138 0.130062 0.097447 0.027370 0.114330 0.000000 0.023744 0.043377 0.080171 0.047242 0.027520 0.057533 0.047495 0.118202 0.023399 0.022025 0.017773 0.063729 0.022435 0.021221 0.056832 0.037872 0.116248 0.039660 0.035370 0.066179 0.023964 0.052516 0.062217 0.120740 0.007067 0.053597 0.000000 -0.001597 0.074770 0.142332 0.046646 0.002130 0.103817 0.025174 0.018284 0.133465 0.022825 0.013662 0.003757 0.008083
0.077222 0.153587 0.059170 0.044086 0.057429 0.076029 0.105777 0.062878 0.073493 0.142230 0.098902 0.050472 0.031451 0.139919 0.242714 0.117085 0.142625 0.205116 0.168768 0.075062 0.211309 0.000000 0.041822 0.081899 0.146589 0.085889 0.080210 0.139358 0.084364 0.218420 0.080434 0.064897 0.039689 0.205677 0.094779 0.065160 0.122049 0.194901 0.217577 0.062588 0.132759 0.093613 0.080390 0.160080 0.096758 0.238815 0.057986 0.088316 0.000000 0.042406 0.168680 0.262052 0.135458 0.043064 0.143168 0.076118 0.049538 0.163823 0.054779 0.047852 0.012151 0.032090
0.115983 0.114893 0.062016 0.111976 0.065803 0.063858 0.089471 0.075016 0.192756 0.076297 0.113689 0.051693 0.045477 0.087060 0.228634 0.243368 0.130121 0.127859 0.229281 0.062684 0.167779 0.000000 0.053839 0.111394 0.222443 0.068033 0.070435 0.095633 0.121314 0.274279 0.095047 0.060598 0.059909 0.188323 0.079640 0.066520 0.199209 0.225435 0.121590 0.034311 0.168515 0.069715 0.123295 0.143739 0.066469 0.361044 0.057958 0.116417 0.000000 0.061596 0.174688 0.340306 0.117027 0.073628 0.091794 0.098191 0.049776 0.106753 0.034154 0.139495 0.029535 0.056858
0.078670 0.088460 0.054274 0.067678 0.022830 0.050858 0.100461 0.070697 0.091816 0.090569 0.060766 0.043553 0.030133 0.097495 0.147238 0.108566 0.078351 0.119606 0.097976 0.071406 0.121631 0.000000 0.051671 0.084055 0.086954 0.059736 0.042481 0.063591 0.070407 0.113946 0.107412 0.031457 0.069413 0.139996 0.070362 0.032979 0.109211 0.165262 0.116632 0.049486 0.135754 0.046294 0.082095 0.104219 0.044641 0.163522 0.055068 0.078748 0.000000 0.048786 0.105174 0.109486 0.080074 0.059291 0.097427 0.028237 0.046786 0.155131 0.036047 0.089788 0.024912 0.054544
0.053916 0.067524 0.075114 0.052961 0.026096 0.066021 0.043127 0.045810 0.082700 0.080655 0.027638 0.036405 0.019439 0.055764 0.113747 0.091777 0.068324 0.092528 0.098688 0.061243 0.117287 0.000000 0.030877 0.062805 0.121792 0.034340 0.046434 0.041792 0.078747 0.128601 0.086186 0.039180 0.026354 0.113120 0.055215 0.044365 0.116219 0.141052 0.087630 0.020557 0.087161 0.039772 0.051913 0.094533 0.069759 0.154870 0.038247 0.087459 0.000000 0.046949 0.098207 0.142204 0.061023 0.061790 0.096813 0.041189 0.060763 0.112962 0.015742 0.080216 0.019388 0.042219
