0.041379 0.022082 0.011017 0.024675 0.015906 0.006220 0.012205 0.023526 0.038154 0.015985 0.042262 0.014760 0.007070 0.018632 0.069435 0.071347 0.033465 0.027657 0.000000 0.013882 0.045900 0.000000 0.012384 0.025872 0.060746 0.012304 0.012397 0.021976 0.027286 0.072201 0.025817 0.007654 0.008311 0.048659 0.020692 0.012389 0.046933 0.059329 0.037075 0.006321 0.060646 0.012510 0.046941 0.039955 0.016905 0.091941 0.011621 0.032572 0.000000 0.012903 0.044261 0.089443 0.032903 0.009918 0.020644 0.026711 0.008255 0.021595 0.004979 0.032807 0.002156 0.016620
0.019129 0.047045 0.014982 0.016298 0.014396 0.015270 0.029520 0.016674 0.029878 0.035733 0.027324 0.014006 0.007456 0.035263 0.085312 0.042399 0.049078 0.060924 0.000000 0.025751 0.073728 0.000000 0.011682 0.030872 0.048902 0.025310 0.028551 0.052949 0.028122 0.069164 0.019870 0.012018 0.011135 0.077951 0.027983 0.013981 0.047514 0.076472 0.065396 0.015631 0.048063 0.029828 0.025435 0.049677 0.031309 0.093492 0.015340 0.025213 0.000000 0.011480 0.051866 0.088574 0.036679 0.012089 0.043416 0.017741 0.007920 0.043760 0.012209 0.021770 0.001899 0.008752
0.018344 0.023596 0.014968 0.009624 0.012631 0.010694 0.018774 0.016421 0.020322 0.029218 0.026693 0.009429 0.004881 0.028474 0.046355 0.025708 0.025531 0.035466 0.000000 0.021674 0.041005 0.000000 0.010225 0.019786 0.034023 0.011870 0.014257 0.023922 0.026564 0.047712 0.008775 0.008616 0.005091 0.034637 0.013956 0.009826 0.036257 0.033976 0.040891 0.012098 0.028915 0.023422 0.030048 0.023232 0.030152 0.055249 0.010546 0.018085 0.000000 0.006688 0.027871 0.048567 0.019522 0.009164 0.028152 0.015371 0.006603 0.031272 0.009727 0.014855 0.001050 0.016515
0.037073 0.023508 0.012140 0.026647 0.014777 0.007092 0.008757 0.015249 0.055081 0.006129 0.027959 0.016034 0.007092 0.010133 0.094320 0.075543 0.045290 0.017899 -0.040454 0.012646 0.067074 0.000000 0.004350 0.036657 0.072206 0.005697 0.013387 0.023557 0.020515 0.100619 0.016923 0.003902 0.002022 0.079916 0.023346 0.017138 0.040980 0.092008 0.055059 0.010315 0.055081 0.009678 0.028104 0.047125 0.019476 0.119679 0.015191 0.025742 0.000000 0.010674 0.054278 0.131603 0.042116 0.015051 0.016684 0.026171 0.004488 0.012148 0.008262 0.046942 0.004936 0.006568
0.045491 0.064018 0.025536 0.031627 0.025453 0.023933 0.042899 0.027847 0.060123 0.058711 0.048554 0.026469 0.009189 0.046387 0.125011 0.094467 0.069692 0.071696 -0.371477 0.022057 0.107797 -1.747311 0.017069 0.049732 0.108289 0.031014 0.027770 0.051235 0.039216 0.139942 0.032261 0.017520 0.012818 0.108823 0.036803 0.026592 0.068949 0.116900 0.096272 0.018912 0.073342 0.030662 0.039132 0.079622 0.042535 0.165810 0.018904 0.044368 0.000000 0.018799 0.091092 0.180595 0.062026 0.020412 0.052411 0.036977 0.013981 0.058775 0.017344 0.043547 0.005670 0.013264
0.013595 0.049050 0.014017 0.012840 0.012119 0.025099 0.043542 0.018952 0.028940 0.058478 0.021187 0.012686 0.004391 0.045057 0.055073 0.039974 0.033678 0.058625 0.000000 0.013750 0.053767 0.000000 0.012253 0.022411 0.044202 0.022758 0.017024 0.034057 0.024941 0.055803 0.027060 0.012507 0.019292 0.043685 0.017883 0.012338 0.040477 0.039998 0.045659 0.013891 0.032004 0.030540 0.014671 0.035272 0.022041 0.069561 0.008309 0.022299 0.000000 0.008327 0.038557 0.070839 0.024314 0.010412 0.043743 0.013585 0.018050 0.060509 0.008496 0.014554 0.004160 0.006661
0.017055 0.041719 0.017928 0.007388 0.009159 0.019004 0.031784 0.019224 0.018712 0.049963 0.023636 0.009506 0.004632 0.043456 0.055649 0.036161 0.028557 0.046374 0.000000 0.014559 0.046771 0.000000 0.009291 0.017135 0.036201 0.015516 0.008365 0.017368 0.017932 0.057386 0.018886 0.009025 0.008473 0.044124 0.017706 0.010700 0.026463 0.046320 0.050287 0.012730 0.030910 0.022601 0.015203 0.032513 0.022842 0.061943 0.006872 0.025571 0.000000 0.005703 0.039690 0.067312 0.024670 0.009917 0.040220 0.011469 0.016875 0.051812 0.007650 0.011805 0.002043 0.008535
0.022184 0.039471 0.015379 0.017323 0.010694 0.019583 0.028103 0.015386 0.036169 0.029374 0.022341 0.011473 0.006548 0.024520 0.060961 0.046629 0.028300 0.042815 0.000000 0.024565 0.048340 0.000000 0.008927 0.025788 0.044697 0.018501 0.016483 0.036520 0.022526 0.057907 0.031730 0.009856 0.013825 0.051643 0.019086 0.012099 0.039837 0.067228 0.043667 0.010999 0.046349 0.017691 0.017227 0.034499 0.020928 0.069260 0.012942 0.032472 0.000000 0.011729 0.048007 0.074524 0.022188 0.015335 0.037839 0.013759 0.008052 0.036965 0.005247 0.028716 0.004369 0.008317
0.013702 0.025149 0.007714 0.028599 0.012412 0.011018 0.015748 0.012752 0.041066 0.015626 0.019359 0.014101 0.004931 0.012396 0.039198 0.050230 0.025571 0.022657 0.000000 0.009128 0.042294 0.000000 0.006122 0.027881 0.056661 0.010834 0.012318 0.016190 0.027230 0.056339 0.020619 0.009322 0.009198 0.034902 0.014144 0.012806 0.041602 0.050142 0.021434 0.005210 0.034657 0.010851 0.017308 0.031944 0.016544 0.086578 0.008503 0.021322 0.000000 0.009588 0.039838 0.079341 0.020165 0.012736 0.020887 0.019438 0.008455 0.023890 0.005549 0.036788 0.005378 0.010432
0.010087 0.023485 0.003831 0.010949 0.006451 0.011242 0.018835 0.008542 0.015702 0.012181 0.010956 0.005710 0.006141 0.020035 0.048716 0.026941 0.024174 0.029668 0.000000 0.012842 0.035938 0.000000 0.004157 0.014724 0.019803 0.012822 0.009040 0.025050 0.008321 0.029192 0.013781 0.004577 0.013997 0.039925 0.016250 0.005753 0.023863 0.045075 0.029383 0.005936 0.031592 0.015704 0.012844 0.027043 0.011376 0.041939 0.006905 0.012568 0.000000 0.007604 0.022991 0.032877 0.018770 0.006701 0.019623 0.006396 0.004862 0.026865 0.004025 0.010013 0.001034 0.004227
0.035229 0.026406 0.025364 0.014012 0.011353 0.011439 0.015814 0.016418 0.028190 0.024819 0.025629 0.010439 0.005859 0.021752 0.044785 0.043133 0.026878 0.024924 0.000000 0.013958 0.040387 0.000000 0.011078 0.020828 0.042828 0.009804 0.006173 0.016821 0.020893 0.061274 0.023893 0.007734 0.007565 0.027905 0.015948 0.011242 0.037088 0.033402 0.034839 0.013359 0.040194 0.014358 0.039510 0.030896 0.018887 0.062362 0.008688 0.035001 0.000000 0.012345 0.027027 0.063092 0.025550 0.009457 0.025369 0.016107 0.008653 0.027657 0.004944 0.022358 0.002241 0.013011
0.046178 0.067007 0.025970 0.033379 0.025836 0.025366 0.045544 0.029245 0.062237 0.060548 0.049676 0.026885 0.010259 0.049660 0.127417 0.096393 0.071650 0.073888 0.540197 0.023374 0.109018 1.859317 0.017626 0.050898 0.108232 0.032371 0.028926 0.052910 0.040646 0.138916 0.034962 0.018355 0.015232 0.110323 0.038848 0.026962 0.072135 0.118876 0.096597 0.019430 0.076798 0.032463 0.041277 0.081551 0.042967 0.167214 0.019889 0.046378 0.000000 0.018900 0.091972 0.178998 0.062558 0.021005 0.055282 0.036936 0.015066 0.063602 0.017078 0.044843 0.005996 0.015116
0.038641 0.047582 0.021517 0.020297 0.013430 0.009370 0.023371 0.020606 0.026880 0.024487 0.035925 0.013576 0.015481 0.025792 0.119548 0.055036 0.060238 0.047238 0.000000 0.019650 0.083131 0.000000 0.010614 0.030700 0.058841 0.022360 0.023285 0.048239 0.021107 0.087716 0.028219 0.011451 0.008633 0.109758 0.040995 0.018971 0.043518 0.112161 0.087798 0.014697 0.069208 0.018084 0.026770 0.069700 0.032109 0.100193 0.020042 0.034555 0.000000 0.016352 0.069024 0.107298 0.052179 0.014833 0.030929 0.014294 0.005952 0.033768 0.012624 0.023684 0.001559 0.008676
0.012052 0.056494 0.019036 0.009908 0.014330 0.031238 0.048379 0.018703 0.033439 0.068233 0.023273 0.014840 0.002565 0.046487 0.049492 0.043809 0.030167 0.066193 0.000000 0.014752 0.055540 0.000000 0.013522 0.024953 0.053475 0.028250 0.016638 0.033287 0.026634 0.064192 0.025093 0.014533 0.019173 0.036069 0.017705 0.013891 0.041840 0.032620 0.047549 0.015546 0.026618 0.033285 0.012233 0.036814 0.027108 0.076502 0.007779 0.026958 0.000000 0.008316 0.046562 0.081743 0.023420 0.011168 0.052295 0.017625 0.015834 0.064210 0.010790 0.017442 0.004601 0.007702
0.053846 0.035416 0.016670 0.030673 0.017549 0.004749 0.014981 0.020078 0.037451 0.015593 0.037954 0.018132 0.013065 0.020007 0.121525 0.075450 0.061738 0.034540 0.000000 0.013590 0.084527 0.000000 0.009821 0.034415 0.079419 0.015248 0.017591 0.037262 0.015854 0.105126 0.024217 0.008867 0.005450 0.112447 0.039383 0.019163 0.044664 0.120498 0.079876 0.008942 0.074602 0.011114 0.036488 0.074215 0.024610 0.121586 0.016774 0.026174 0.000000 0.018232 0.069872 0.135716 0.060535 0.016212 0.020949 0.025708 0.005484 0.024573 0.010983 0.032754 0.001970 0.010569
0.040318 0.022043 0.010764 0.028734 0.019738 0.009332 0.012578 0.016923 0.057680 0.017623 0.034748 0.019536 0.004749 0.014589 0.061364 0.078677 0.034264 0.021711 1.628265 0.012765 0.051247 0.000000 0.011417 0.036111 0.083480 0.008949 0.011878 0.018519 0.028238 0.095823 0.024023 0.009319 0.006702 0.047572 0.014974 0.016703 0.051491 0.063365 0.035210 0.008417 0.051332 0.013339 0.035988 0.038195 0.021402 0.125722 0.012825 0.029311 0.000000 0.014497 0.051503 0.125650 0.033879 0.014661 0.018440 0.037393 0.009323 0.018461 0.006269 0.049060 0.004449 0.013884
0.029504 0.053003 0.018734 0.016897 0.016216 0.018579 0.037782 0.022448 0.027872 0.048062 0.037295 0.015932 0.008852 0.041761 0.104481 0.052924 0.053690 0.069354 0.000000 0.021384 0.084497 0.000000 0.014968 0.032109 0.061985 0.030301 0.026978 0.050331 0.027238 0.085440 0.025703 0.015157 0.011135 0.096568 0.032057 0.017138 0.043475 0.098232 0.086321 0.014995 0.056666 0.027946 0.023002 0.059948 0.034765 0.098871 0.015123 0.029929 0.000000 0.011457 0.074197 0.106537 0.045641 0.013860 0.044180 0.019633 0.010210 0.051321 0.014072 0.020619 0.002768 0.011335
0.024162 0.069607 0.020890 0.015116 0.018834 0.025190 0.050998 0.023709 0.032877 0.071107 0.036999 0.018523 0.006325 0.058173 0.094439 0.054073 0.055253 0.084233 0.000000 0.020399 0.084796 0.000000 0.019584 0.033811 0.067769 0.037946 0.028512 0.053114 0.030694 0.090764 0.027557 0.019722 0.015107 0.081692 0.029279 0.018708 0.049861 0.074451 0.082460 0.018055 0.050854 0.034238 0.023968 0.060828 0.037830 0.108814 0.013366 0.036618 0.000000 0.011506 0.070579 0.114620 0.044343 0.011812 0.056601 0.022834 0.013308 0.070027 0.015994 0.017088 0.003074 0.010867
0.042599 0.058576 0.025314 0.028871 0.021743 0.023540 0.038052 0.026612 0.064109 0.053998 0.045007 0.022696 0.006737 0.040502 0.104229 0.098589 0.057191 0.060222 -0.234555 0.016998 0.097175 0.763307 0.013304 0.047566 0.105920 0.024692 0.020228 0.034624 0.037916 0.135711 0.028411 0.013796 0.012362 0.084942 0.028869 0.025619 0.069503 0.096890 0.080334 0.019967 0.064467 0.027101 0.037396 0.064830 0.037101 0.158483 0.014530 0.045669 0.000000 0.013614 0.079318 0.167511 0.053870 0.018402 0.046176 0.033348 0.013999 0.054338 0.013073 0.045533 0.005467 0.012276
0.013195 0.046577 0.013987 0.016622 0.010899 0.013731 0.027867 0.021273 0.025006 0.035200 0.020217 0.011583 0.005979 0.028722 0.056230 0.040887 0.035114 0.042142 0.000000 0.012748 0.050316 0.000000 0.010102 0.022687 0.038494 0.019410 0.015801 0.032589 0.022343 0.049119 0.026765 0.010557 0.011491 0.046763 0.024512 0.011068 0.037049 0.045593 0.039612 0.010842 0.037373 0.021292 0.015484 0.038494 0.019154 0.070970 0.010180 0.018382 0.000000 0.006949 0.038425 0.069054 0.024032 0.007620 0.036945 0.012400 0.010958 0.039670 0.007440 0.019517 0.001925 0.008588
0.025212 0.059975 0.023422 0.016188 0.018698 0.027364 0.044442 0.024493 0.052705 0.063072 0.038844 0.017033 0.004721 0.047242 0.076853 0.064394 0.043203 0.064448 0.940256 0.023414 0.068528 0.000000 0.015133 0.035652 0.072359 0.027494 0.020883 0.038008 0.040896 0.093880 0.029929 0.014808 0.014615 0.055324 0.021621 0.019337 0.060269 0.060241 0.065556 0.018963 0.047317 0.031504 0.026748 0.045799 0.039362 0.112075 0.013593 0.047407 0.000000 0.010123 0.067092 0.119438 0.031574 0.013285 0.052493 0.024640 0.013046 0.059557 0.011720 0.030988 0.003968 0.011601
0.038098 0.037294 0.013577 0.027402 0.018207 0.008960 0.018130 0.018876 0.051998 0.023211 0.038827 0.019004 0.007496 0.023198 0.101703 0.077705 0.052390 0.040605 0.850027 0.015063 0.078576 0.000000 0.009408 0.039796 0.083521 0.016207 0.021471 0.033654 0.026902 0.114752 0.022851 0.009210 0.003580 0.091921 0.025797 0.019889 0.047637 0.105710 0.069881 0.011802 0.065178 0.015706 0.029198 0.058630 0.026315 0.136450 0.015993 0.033333 0.000000 0.013945 0.070566 0.148500 0.044877 0.015724 0.026695 0.029613 0.007990 0.026303 0.010210 0.041917 0.003516 0.009631
0.023479 0.064039 0.018955 0.016035 0.017885 0.024297 0.048192 0.022989 0.032303 0.066510 0.035359 0.017860 0.006463 0.054519 0.090436 0.054891 0.051952 0.082476 0.000000 0.019188 0.080166 0.000000 0.017372 0.031230 0.066520 0.035518 0.026595 0.048451 0.028958 0.088871 0.025124 0.017841 0.016112 0.077306 0.027088 0.017762 0.049826 0.072613 0.078253 0.016466 0.049927 0.033435 0.024529 0.057507 0.035743 0.106032 0.011694 0.032824 0.000000 0.011661 0.065336 0.108186 0.042084 0.012219 0.052292 0.022232 0.013603 0.066748 0.014765 0.016299 0.002226 0.011661
0.033928 0.049196 0.018056 0.026358 0.020497 0.017982 0.030960 0.022868 0.053431 0.041574 0.036244 0.019398 0.007750 0.033524 0.086470 0.075524 0.050626 0.047999 -0.205924 0.017393 0.068098 0.000000 0.012082 0.033313 0.082413 0.021265 0.019292 0.035799 0.032013 0.103737 0.028698 0.013362 0.013174 0.067370 0.025736 0.020408 0.066358 0.074031 0.060836 0.011085 0.056546 0.024233 0.030801 0.059298 0.034280 0.135939 0.015326 0.038124 0.000000 0.019072 0.062284 0.138921 0.042986 0.015699 0.036958 0.029512 0.011179 0.043803 0.012517 0.033678 0.003652 0.011541
0.048383 0.055127 0.022818 0.025385 0.019884 0.017012 0.028930 0.026113 0.056471 0.038490 0.042807 0.021411 0.008930 0.035798 0.112780 0.090483 0.058523 0.047642 1.167677 0.018268 0.088072 0.000000 0.013505 0.041822 0.084934 0.022464 0.020005 0.040798 0.028700 0.119463 0.035511 0.012148 0.009905 0.087879 0.033217 0.021163 0.058262 0.098038 0.074458 0.018681 0.070478 0.024205 0.037251 0.062934 0.030402 0.147318 0.016846 0.042621 0.000000 0.015192 0.072559 0.156029 0.053806 0.013461 0.039853 0.033417 0.013049 0.042350 0.010962 0.044715 0.003713 0.010861
0.022122 0.038871 0.015375 0.016367 0.014005 0.009994 0.025407 0.015034 0.026339 0.034835 0.028047 0.014268 0.007011 0.025782 0.077732 0.042096 0.044168 0.056344 0.000000 0.015964 0.065189 0.000000 0.011413 0.025118 0.050290 0.021686 0.030371 0.050741 0.023487 0.067093 0.021646 0.012094 0.007349 0.072138 0.026371 0.014310 0.038580 0.070407 0.061513 0.011334 0.044479 0.020658 0.017690 0.048478 0.026021 0.088736 0.013502 0.021075 0.000000 0.011012 0.052916 0.090247 0.034841 0.010131 0.033274 0.017227 0.006442 0.030903 0.011743 0.018487 0.003292 0.006471
0.016669 0.056363 0.016801 0.012767 0.012270 0.016808 0.030058 0.017405 0.028223 0.034299 0.021368 0.012348 0.005901 0.025841 0.070405 0.046538 0.040907 0.052592 0.000000 0.016193 0.064147 0.000000 0.009290 0.027738 0.043500 0.031470 0.020955 0.047261 0.018358 0.061568 0.023485 0.010008 0.014207 0.059547 0.024978 0.011878 0.039142 0.063248 0.054382 0.013247 0.039817 0.025892 0.014096 0.045306 0.024485 0.079183 0.011931 0.022128 0.000000 0.011878 0.046553 0.082572 0.031178 0.008403 0.039298 0.013780 0.006462 0.040740 0.010508 0.019119 -0.000049 0.005620
0.009687 0.044356 0.012337 0.009553 0.010136 0.014032 0.027822 0.014418 0.025502 0.039994 0.023418 0.010091 0.001623 0.029024 0.046574 0.035452 0.026079 0.053046 0.000000 0.008510 0.043837 0.000000 0.010381 0.021539 0.040783 0.029796 0.021249 0.028077 0.019504 0.053596 0.017795 0.010463 0.009535 0.039340 0.013834 0.010062 0.031896 0.036477 0.039885 0.008871 0.029809 0.018836 0.011916 0.030542 0.017203 0.061866 0.007565 0.023656 0.000000 0.002428 0.043097 0.065781 0.018164 0.007274 0.034502 0.013227 0.007871 0.039234 0.006839 0.013900 0.001724 0.008763
0.031952 0.056280 0.016734 0.017952 0.012026 0.018928 0.031188 0.018070 0.048204 0.037638 0.024255 0.012295 0.007405 0.031837 0.081910 0.059685 0.044481 0.041709 0.000000 0.017725 0.068030 0.000000 0.009124 0.029618 0.056496 0.019458 0.013280 0.031682 0.020771 0.083229 0.035254 0.008898 0.013122 0.067022 0.025665 0.015564 0.048663 0.077844 0.059671 0.013996 0.051810 0.019767 0.018667 0.047815 0.022351 0.098854 0.013618 0.043497 0.000000 0.014421 0.053729 0.108898 0.035086 0.012527 0.036539 0.015735 0.009237 0.044621 0.005516 0.027897 0.002842 0.003751
0.047876 0.067590 0.027444 0.031689 0.024196 0.024070 0.043265 0.028990 0.061602 0.057629 0.051127 0.025138 0.010688 0.047061 0.127321 0.096717 0.070292 0.069678 1.080768 0.022155 0.109400 1.496843 0.016610 0.050867 0.107691 0.030650 0.027424 0.050121 0.039610 0.141448 0.035703 0.017302 0.014497 0.108414 0.039362 0.027959 0.071603 0.118251 0.096753 0.021250 0.078927 0.030808 0.040927 0.081294 0.042008 0.166591 0.020120 0.049319 0.000000 0.018043 0.090740 0.176674 0.062616 0.019973 0.052619 0.034745 0.014314 0.060416 0.016135 0.045316 0.005708 0.014376
0.022059 0.016740 0.014294 0.004618 0.003624 0.009569 0.013905 0.018835 0.018549 0.018329 0.022724 0.003499 0.001933 0.019135 0.045642 0.027446 0.018725 0.015826 0.000000 0.022245 0.031434 0.000000 0.004241 0.011608 0.016587 0.003669 0.006604 0.016068 0.027318 0.029345 0.015050 0.003460 -0.000177 0.033817 0.008075 0.006118 0.024599 0.034087 0.027976 0.009381 0.024982 0.007084 0.034742 0.015493 0.014907 0.031418 0.004193 0.036765 0.000000 0.002308 0.022340 0.038158 0.017681 0.004471 0.021069 0.004334 0.001877 0.019066 0.003436 0.010913 0.002440 0.002655
0.025372 0.064690 0.021283 0.016499 0.018353 0.025482 0.049086 0.023498 0.033990 0.070552 0.036230 0.018845 0.006636 0.057071 0.094410 0.056659 0.052994 0.085046 0.000000 0.021508 0.082938 0.000000 0.018359 0.032262 0.068737 0.033920 0.027337 0.050066 0.030783 0.093782 0.027445 0.018565 0.015034 0.081256 0.027456 0.018807 0.051306 0.075453 0.082032 0.017627 0.050541 0.033377 0.025584 0.057779 0.037046 0.109795 0.014211 0.035325 0.000000 0.012720 0.066640 0.112768 0.043755 0.015034 0.055688 0.022772 0.014293 0.068823 0.015654 0.018265 0.003904 0.011308
0.008688 0.019403 0.008272 0.002637 0.006371 0.012973 0.020910 0.007840 0.014015 0.032462 0.013776 0.005878 0.001881 0.028021 0.034672 0.014217 0.017789 0.029946 0.000000 0.008187 0.029270 0.000000 0.006713 0.010251 0.018111 0.008765 0.013481 0.017711 0.014428 0.026253 0.011569 0.006095 0.005233 0.027462 0.008463 0.006775 0.014139 0.019365 0.027707 0.008306 0.015569 0.013145 0.010805 0.014964 0.012082 0.031291 0.006772 0.016251 0.000000 0.001211 0.021023 0.029218 0.014101 0.005031 0.021443 0.006587 0.006190 0.027255 0.005757 0.005742 0.007575 0.000825
0.038054 0.041498 0.018367 0.018976 0.012871 0.007233 0.019593 0.018918 0.022396 0.018708 0.032549 0.012496 0.016335 0.023630 0.115644 0.052077 0.061013 0.042377 0.000000 0.015581 0.075928 0.000000 0.009321 0.025898 0.051488 0.020330 0.018717 0.042768 0.014461 0.077318 0.025989 0.010148 0.008532 0.104502 0.042837 0.015715 0.036538 0.109510 0.084515 0.010784 0.066060 0.015822 0.023244 0.069338 0.029742 0.090753 0.017612 0.029075 0.000000 0.017651 0.066620 0.098068 0.050490 0.012576 0.026174 0.013062 0.005578 0.030389 0.011608 0.017025 0.000765 0.007631
0.034880 0.042791 0.020240 0.020390 0.017091 0.013997 0.023815 0.022074 0.028476 0.026898 0.027423 0.014827 0.014941 0.027707 0.100501 0.051050 0.051055 0.042775 0.000000 0.024353 0.069920 0.000000 0.011696 0.025763 0.053628 0.017643 0.016409 0.044006 0.021735 0.074820 0.027592 0.011957 0.010872 0.084930 0.036212 0.015743 0.041695 0.096911 0.073475 0.011342 0.058860 0.021358 0.027324 0.057210 0.039739 0.088521 0.017719 0.025025 0.000000 0.024992 0.054949 0.093766 0.044294 0.018063 0.032308 0.016679 0.008395 0.034807 0.014511 0.021254 0.002889 0.007486
0.049498 0.065817 0.027822 0.032263 0.024975 0.022660 0.041391 0.030325 0.061466 0.055360 0.051904 0.024532 0.011437 0.044894 0.123920 0.096334 0.069361 0.067685 -0.024964 0.022031 0.106288 0.135437 0.017124 0.050303 0.107137 0.029967 0.025697 0.047978 0.039988 0.141682 0.035984 0.017156 0.015117 0.103687 0.039097 0.027597 0.071715 0.115805 0.094476 0.020041 0.079497 0.031080 0.042993 0.080395 0.043178 0.163844 0.020213 0.047996 0.000000 0.019488 0.088677 0.172564 0.061052 0.020505 0.050024 0.034978 0.014297 0.058636 0.016377 0.044656 0.005030 0.016307
0.035068 0.059764 0.025623 0.017855 0.014052 0.018295 0.031480 0.021106 0.039471 0.036285 0.037093 0.014065 0.009259 0.035539 0.097823 0.060970 0.051757 0.051403 0.000000 0.025507 0.089848 0.000000 0.010108 0.042052 0.062462 0.023447 0.021351 0.045410 0.029956 0.092586 0.032372 0.010515 0.011255 0.083369 0.033416 0.018863 0.047445 0.095996 0.075501 0.026690 0.066603 0.027404 0.030355 0.056063 0.030927 0.104987 0.016133 0.041121 0.000000 0.009881 0.063886 0.111523 0.044209 0.010703 0.044393 0.016925 0.008750 0.044725 0.010156 0.036689 0.001981 0.008487
0.006104 0.025979 0.006266 0.016708 0.006809 0.008457 0.016703 0.013724 0.024928 0.019270 0.011671 0.006966 0.003607 0.015946 0.034464 0.033020 0.022424 0.031224 0.000000 0.007665 0.028532 0.000000 0.006804 0.015207 0.029763 0.013626 0.012789 0.018924 0.017583 0.032166 0.017949 0.006931 0.010495 0.029963 0.013983 0.006731 0.035525 0.030626 0.019644 0.002108 0.026920 0.011727 0.012190 0.021686 0.009216 0.050536 0.007063 0.015391 0.000000 0.002726 0.025463 0.041723 0.011760 0.009421 0.025043 0.008217 0.007104 0.028917 0.002385 0.016374 0.002318 0.010109
0.028367 0.069062 0.026094 0.017097 0.021490 0.026249 0.049905 0.025868 0.031624 0.069183 0.039662 0.021932 0.009813 0.058644 0.117308 0.059274 0.067388 0.084631 0.000000 0.021132 0.099841 0.000000 0.018388 0.038105 0.073988 0.036888 0.030798 0.056966 0.032910 0.104872 0.024944 0.020056 0.013953 0.100913 0.036757 0.021652 0.051722 0.093250 0.102131 0.021503 0.055978 0.038209 0.029350 0.072420 0.046237 0.122208 0.017247 0.033294 0.000000 0.015678 0.075247 0.129332 0.058624 0.014926 0.057217 0.024985 0.014431 0.070013 0.022770 0.019647 0.004909 0.011049
0.022670 0.054002 0.023887 0.016635 0.012789 0.023482 0.037387 0.020954 0.037723 0.045880 0.026539 0.013492 0.006921 0.040904 0.078011 0.048533 0.042880 0.056209 0.000000 0.023871 0.067291 0.000000 0.011799 0.031086 0.049259 0.027411 0.020853 0.039570 0.031133 0.071445 0.026037 0.012196 0.014278 0.067014 0.024829 0.014481 0.055619 0.069873 0.064316 0.017819 0.044238 0.026750 0.028164 0.045304 0.030632 0.079127 0.014770 0.038470 0.000000 0.010145 0.052324 0.082549 0.033410 0.016402 0.049909 0.013599 0.010273 0.058821 0.010313 0.024742 0.003575 0.013762
0.053630 0.025260 0.017113 0.020530 0.014616 0.006777 0.011475 0.028221 0.032426 0.011253 0.035278 0.012014 0.010321 0.015503 0.093371 0.069856 0.042601 0.024379 0.000000 0.015363 0.065766 0.000000 0.010087 0.021740 0.054874 0.010038 0.009614 0.023405 0.019653 0.074829 0.025996 0.005626 0.007414 0.081633 0.029626 0.014822 0.045249 0.091478 0.056950 0.007181 0.054038 0.009144 0.038135 0.048436 0.019633 0.085614 0.014910 0.028868 0.000000 0.013670 0.053238 0.087482 0.050195 0.012663 0.012332 0.015376 0.005127 0.018324 0.008076 0.020356 0.003468 0.010159
0.013874 0.053420 0.020772 0.006244 0.012716 0.024006 0.041192 0.015595 0.023851 0.063031 0.025256 0.012972 0.002938 0.052143 0.056214 0.037821 0.034824 0.056274 0.000000 0.016231 0.049913 0.000000 0.013175 0.020211 0.041816 0.024596 0.015148 0.031100 0.020646 0.058838 0.016730 0.013079 0.010981 0.039914 0.017121 0.012884 0.034692 0.028802 0.051144 0.015390 0.029054 0.026036 0.019723 0.035894 0.027290 0.070043 0.008090 0.032918 0.000000 0.004577 0.039442 0.073958 0.028113 0.006125 0.049691 0.015380 0.010296 0.060886 0.011970 0.010359 0.002729 0.008842
0.033196 0.042782 0.023538 0.008620 0.008496 0.009487 0.020048 0.015698 0.024362 0.029053 0.032984 0.008414 0.008387 0.024056 0.074275 0.040169 0.038756 0.033969 0.000000 0.015350 0.052942 0.000000 0.009489 0.023521 0.040204 0.019127 0.015119 0.032787 0.014273 0.062337 0.030890 0.009171 0.003727 0.065863 0.025519 0.013025 0.024903 0.072919 0.059795 0.012661 0.045154 0.010108 0.013107 0.046257 0.020345 0.064168 0.015010 0.040070 0.000000 0.007587 0.060295 0.082105 0.033174 0.009385 0.029004 0.010381 0.004865 0.029067 0.007060 0.017832 0.001854 0.006173
0.031669 0.039508 0.014203 0.023202 0.017996 0.014270 0.025422 0.016470 0.043303 0.034026 0.032631 0.018233 0.008698 0.030177 0.105063 0.063708 0.051552 0.052403 0.000000 0.018037 0.073895 0.000000 0.011424 0.034717 0.073766 0.022705 0.020418 0.039045 0.019492 0.102168 0.022910 0.012186 0.010001 0.099952 0.026921 0.017808 0.048877 0.103291 0.076703 0.009250 0.055795 0.018947 0.025199 0.058144 0.029248 0.111972 0.022701 0.027105 0.000000 0.016357 0.065158 0.119907 0.043893 0.025329 0.034295 0.023044 0.008720 0.040149 0.011653 0.028740 0.003855 0.010734
0.018124 0.064244 0.025859 0.007517 0.017141 0.026664 0.046554 0.021121 0.025828 0.068006 0.032502 0.017268 0.004421 0.051141 0.079375 0.048334 0.046906 0.076347 0.000000 0.018076 0.083050 0.000000 0.014031 0.032436 0.058296 0.032121 0.024434 0.046801 0.029685 0.082685 0.018070 0.014629 0.012572 0.060694 0.029680 0.016748 0.041179 0.055188 0.081252 0.024433 0.039238 0.038491 0.022191 0.051199 0.040158 0.094312 0.009409 0.026388 0.000000 0.008099 0.056918 0.101503 0.041334 0.005200 0.056762 0.019956 0.011858 0.061919 0.017729 0.016699 0.002283 0.007893
0.030592 0.030253 0.009661 0.031956 0.016763 0.011129 0.016875 0.015980 0.060930 0.018211 0.029944 0.018091 0.003769 0.011451 0.061794 0.081468 0.036561 0.025313 0.812484 0.009197 0.057337 0.000000 0.007815 0.039482 0.084947 0.014212 0.013037 0.018559 0.027003 0.095065 0.023539 0.008290 0.008999 0.056052 0.016527 0.017298 0.053338 0.071878 0.035773 0.006022 0.047822 0.011241 0.027177 0.043279 0.016278 0.124358 0.012456 0.028483 0.000000 0.009917 0.056904 0.128931 0.032406 0.016842 0.023058 0.030156 0.007308 0.024296 0.005458 0.048187 0.004774 0.011968
0.021947 0.025957 0.010033 0.018376 0.012681 0.012154 0.019233 0.007269 0.029210 0.022368 0.021196 0.013356 0.005648 0.014906 0.051458 0.041421 0.030005 0.031516 0.000000 0.010992 0.042507 0.000000 0.008027 0.020143 0.054679 0.014731 0.011452 0.024874 0.014955 0.067720 0.018395 0.009172 0.009851 0.047641 0.015771 0.012582 0.036357 0.058853 0.042927 0.004156 0.038234 0.011932 0.016223 0.044783 0.018168 0.079336 0.011067 0.024043 0.000000 0.020746 0.041578 0.084602 0.024635 0.014453 0.020325 0.017947 0.005207 0.025382 0.006302 0.018994 0.003012 0.006185
0.046297 0.022319 0.018925 0.013823 0.018756 0.012374 0.018861 0.031448 0.027217 0.031982 0.039477 0.014579 0.005540 0.024258 0.050333 0.052625 0.022092 0.029359 0.000000 0.016505 0.045066 0.000000 0.019365 0.020410 0.043136 0.011002 0.011442 0.018094 0.032537 0.052478 0.032568 0.009591 0.010364 0.032490 0.018572 0.011330 0.036137 0.032844 0.029107 0.012693 0.039442 0.021013 0.049394 0.026290 0.019061 0.059048 0.012019 0.024829 0.000000 0.012491 0.034721 0.055250 0.032944 0.007173 0.019157 0.022071 0.013265 0.022669 0.008879 0.021522 0.006363 0.016186
0.013616 0.060889 0.024162 0.005411 0.015177 0.033296 0.054576 0.020215 0.029372 0.079978 0.028938 0.015640 0.001926 0.063275 0.062350 0.041046 0.037339 0.074743 0.000000 0.018262 0.067468 0.000000 0.015986 0.027641 0.052884 0.027486 0.018677 0.034423 0.031011 0.073705 0.021177 0.015522 0.014717 0.044485 0.019707 0.015519 0.042286 0.032502 0.065477 0.022977 0.029433 0.038063 0.021074 0.038957 0.033589 0.079020 0.008779 0.033450 0.626583 0.005322 0.047152 0.085230 0.031128 0.008374 0.060950 0.017811 0.015814 0.076382 0.014191 0.014031 0.005568 0.009007
0.025945 0.035890 0.018408 0.014461 0.011470 0.009586 0.018221 0.019838 0.028793 0.020341 0.028352 0.009357 0.011791 0.018046 0.063562 0.036781 0.037255 0.026226 0.000000 0.019794 0.046682 0.000000 0.010451 0.024723 0.033655 0.011556 0.014015 0.031940 0.025328 0.046656 0.033156 0.008810 0.009502 0.044937 0.032128 0.012512 0.035454 0.051770 0.044676 0.012985 0.047742 0.017852 0.023424 0.039616 0.022801 0.061140 0.020727 0.029759 0.000000 0.011218 0.040011 0.061994 0.023482 0.009623 0.028769 0.010982 0.004835 0.023318 0.007583 0.024778 0.003821 0.011603
0.039766 0.041617 0.015319 0.030965 0.019832 0.009409 0.022948 0.019047 0.047943 0.025048 0.036389 0.020052 0.009787 0.027924 0.116193 0.075729 0.065333 0.044869 -0.224263 0.016866 0.088755 0.000000 0.010480 0.042122 0.082007 0.021696 0.022541 0.043543 0.024463 0.109759 0.024036 0.012059 0.008233 0.107216 0.033266 0.019944 0.051556 0.109810 0.075781 0.011281 0.066057 0.019580 0.037315 0.069313 0.028441 0.137266 0.019692 0.030965 0.000000 0.014897 0.069384 0.143165 0.054015 0.017271 0.029643 0.027764 0.006509 0.034077 0.012645 0.035572 0.003027 0.011159
0.042495 0.066186 0.023317 0.032615 0.026231 0.024867 0.045231 0.027974 0.060452 0.060422 0.048521 0.027070 0.009413 0.049150 0.124612 0.094255 0.070835 0.074444 1.011289 0.021352 0.108160 0.992776 0.017867 0.050941 0.107832 0.033127 0.028964 0.052543 0.039231 0.137423 0.032672 0.018433 0.015304 0.107893 0.037883 0.026473 0.070505 0.113409 0.093774 0.018852 0.073948 0.033045 0.039800 0.080262 0.041608 0.166760 0.019863 0.042428 0.000000 0.018157 0.089016 0.176593 0.061310 0.020177 0.054265 0.037342 0.014337 0.062431 0.017481 0.043175 0.006019 0.014679
0.043012 0.060711 0.027345 0.018947 0.020468 0.021084 0.039855 0.026572 0.042844 0.056789 0.044984 0.018939 0.011439 0.046267 0.125572 0.071898 0.064655 0.067097 0.217515 0.021057 0.096185 0.000000 0.015395 0.037729 0.080703 0.025820 0.021292 0.044315 0.029638 0.124504 0.029864 0.014482 0.011644 0.102524 0.038964 0.023672 0.054305 0.102911 0.106508 0.021200 0.072894 0.029546 0.036946 0.073601 0.041544 0.128401 0.020354 0.044226 0.000000 0.019057 0.073431 0.141795 0.057056 0.017183 0.045760 0.023060 0.012020 0.054816 0.016821 0.026034 0.003652 0.011886
0.027413 0.025264 0.011030 0.016462 0.010937 0.006889 0.015737 0.010814 0.021788 0.020332 0.029866 0.010722 0.004533 0.016385 0.058847 0.046570 0.032039 0.024799 0.000000 0.004092 0.039858 0.000000 0.006130 0.023223 0.049036 0.017187 0.008180 0.015242 0.007193 0.061649 0.015585 0.006784 0.007017 0.054559 0.020625 0.010937 0.023042 0.056185 0.042603 0.003543 0.042086 0.007249 0.024973 0.047671 0.008366 0.067079 0.009844 0.022413 0.000000 0.005374 0.047882 0.077731 0.029828 0.007613 0.017531 0.015687 0.003034 0.023216 0.004950 0.016604 0.000220 0.015546
0.016375 0.037932 0.013233 0.005212 0.012295 0.019368 0.032604 0.021593 0.019302 0.046857 0.023619 0.008760 0.003852 0.038997 0.038469 0.027758 0.019263 0.037362 0.000000 0.019595 0.033260 0.000000 0.011974 0.014814 0.028979 0.011462 0.004724 0.018674 0.022811 0.041850 0.020017 0.009817 0.011191 0.021557 0.010740 0.009413 0.026457 0.019153 0.033105 0.011774 0.023212 0.028984 0.018585 0.020284 0.027749 0.051402 0.006895 0.017706 0.000000 0.008623 0.025852 0.050408 0.016115 0.005665 0.033984 0.015013 0.012447 0.044654 0.009505 0.011113 0.000960 0.011248
0.044094 0.056915 0.021934 0.030586 0.022774 0.016999 0.033363 0.025823 0.059466 0.043529 0.044156 0.022480 0.009196 0.034393 0.106599 0.092851 0.060244 0.049597 -0.063673 0.017507 0.088584 0.346517 0.014919 0.045672 0.095256 0.024607 0.020136 0.040235 0.032654 0.122187 0.033985 0.013880 0.010697 0.088865 0.032082 0.023124 0.059211 0.100543 0.076170 0.014453 0.070959 0.022736 0.037057 0.068913 0.033767 0.146508 0.018589 0.042498 0.000000 0.017140 0.078047 0.163897 0.050603 0.016505 0.041064 0.032785 0.010708 0.044821 0.012664 0.043440 0.003840 0.013578
0.018730 0.044043 0.015935 0.012829 0.010710 0.027380 0.037345 0.019426 0.031007 0.043586 0.018066 0.010938 0.006975 0.038939 0.061906 0.039865 0.030122 0.038638 0.000000 0.021849 0.048532 0.000000 0.009453 0.021113 0.036685 0.014589 0.007059 0.026662 0.021749 0.054264 0.031138 0.010187 0.016223 0.047933 0.020401 0.011806 0.035136 0.057279 0.045438 0.013399 0.038172 0.023049 0.016258 0.034949 0.023672 0.062050 0.010641 0.031297 0.000000 0.013157 0.039880 0.067524 0.023331 0.014352 0.041477 0.010375 0.015537 0.051881 0.007087 0.020047 0.005912 0.005429
0.011302 0.064270 0.023233 0.001313 0.015643 0.034040 0.056653 0.019416 0.027821 0.083257 0.029898 0.015657 0.000037 0.065203 0.061417 0.037816 0.035688 0.079891 0.000000 0.018426 0.069570 0.000000 0.016380 0.027964 0.052158 0.030775 0.020416 0.036649 0.032145 0.074784 0.017560 0.016218 0.013389 0.043046 0.017551 0.015661 0.039623 0.029020 0.070384 0.024959 0.026379 0.040221 0.019053 0.037220 0.037632 0.078842 0.006645 0.034030 0.411638 0.003517 0.049549 0.089141 0.031477 0.004678 0.061900 0.018771 0.014086 0.078832 0.016015 0.012315 0.004226 0.007562
0.028451 0.066407 0.024230 0.013097 0.019903 0.024684 0.048062 0.022956 0.026326 0.068229 0.038315 0.019782 0.009067 0.056749 0.109835 0.054214 0.062047 0.082280 0.000000 0.020928 0.094277 0.000000 0.017701 0.034225 0.067135 0.034814 0.027631 0.054871 0.027480 0.097035 0.023219 0.018142 0.013014 0.093868 0.036314 0.019728 0.044073 0.087243 0.099300 0.021276 0.054862 0.035697 0.026966 0.068500 0.042966 0.110415 0.015748 0.031828 0.000000 0.014708 0.070611 0.117800 0.054149 0.011842 0.055195 0.022359 0.012061 0.065534 0.020385 0.015727 0.003455 0.009369
0.040653 0.033453 0.014562 0.039144 0.021366 0.012094 0.019332 0.022839 0.068566 0.021278 0.038426 0.020728 0.007779 0.019982 0.085317 0.092771 0.048507 0.034883 0.016807 0.017958 0.071596 0.000000 0.010436 0.043938 0.092587 0.013929 0.017397 0.028606 0.036033 0.110492 0.027342 0.010149 0.010890 0.071615 0.023504 0.020304 0.067353 0.087994 0.049098 0.008786 0.062702 0.017896 0.043339 0.052103 0.026573 0.143462 0.016647 0.035002 0.000000 0.014899 0.060377 0.140530 0.040276 0.020922 0.028352 0.033415 0.008931 0.031351 0.008727 0.053376 0.005572 0.017273
0.012619 0.022548 0.006572 0.013458 0.006291 0.012243 0.020620 0.010285 0.016597 0.018328 0.010625 0.006973 0.006770 0.021373 0.035905 0.023755 0.021536 0.023443 0.000000 0.011758 0.029002 0.000000 0.006124 0.013644 0.021443 0.010263 0.007260 0.018907 0.011865 0.024783 0.020266 0.006531 0.014286 0.029502 0.015771 0.006532 0.027154 0.034386 0.023252 0.005156 0.028722 0.014053 0.014248 0.025152 0.009530 0.034774 0.009137 0.013477 0.000000 0.008452 0.019370 0.028795 0.014852 0.009548 0.022190 0.006309 0.009027 0.032009 0.002464 0.012914 0.003246 0.008781
0.016249 0.020181 0.016284 0.015760 0.007021 0.013985 0.014338 0.013234 0.027450 0.021163 0.009885 0.007585 0.006290 0.014857 0.036398 0.031911 0.021623 0.023650 0.000000 0.013207 0.028894 0.000000 0.005125 0.012738 0.031797 0.006293 0.006332 0.013425 0.017636 0.039225 0.018925 0.006497 0.009016 0.034008 0.014525 0.008394 0.033656 0.047027 0.027550 0.003916 0.022907 0.009033 0.013043 0.024556 0.016782 0.046325 0.008864 0.021501 0.000000 0.010245 0.029613 0.047017 0.017170 0.018657 0.025669 0.007191 0.010840 0.029740 0.004877 0.018235 0.005258 0.005963
