0.127725 0.097672 0.058129 0.087624 0.057812 0.053332 0.090183 0.085043 0.144342 0.076019 0.124855 0.049920 0.034657 0.095973 0.212119 0.199616 0.110079 0.123460 0.190089 0.071443 0.129025 0.000000 0.066585 0.101598 0.154317 0.078478 0.053707 0.080124 0.095988 0.204075 0.101983 0.056696 0.062035 0.158555 0.082695 0.047494 0.151573 0.197267 0.115176 0.039068 0.186189 0.046728 0.144075 0.125692 0.052542 0.266263 0.057737 0.128808 0.000000 0.059505 0.161323 0.228762 0.121606 0.060724 0.082932 0.086528 0.044115 0.111321 0.036148 0.109266 0.027204 0.059402
0.094130 0.161585 0.062420 0.069130 0.053594 0.064929 0.089930 0.078931 0.116439 0.106215 0.089101 0.058585 0.051612 0.122978 0.230930 0.138752 0.137954 0.203553 0.183089 0.095638 0.209497 0.000000 0.055270 0.090557 0.153541 0.093115 0.129140 0.166053 0.130823 0.210531 0.093640 0.071491 0.046993 0.230999 0.098640 0.077748 0.178984 0.200849 0.184050 0.078981 0.136734 0.122584 0.096561 0.164414 0.107646 0.260350 0.056481 0.092929 0.000000 0.069224 0.168164 0.273079 0.113755 0.052730 0.149203 0.087194 0.061537 0.137719 0.071424 0.094680 0.029701 0.048945
0.075574 0.067223 0.063566 0.044970 0.031343 0.029397 0.072084 0.065168 0.074941 0.079675 0.082771 0.039279 0.019114 0.081665 0.131113 0.085814 0.062487 0.110819 0.110871 0.076203 0.116606 0.000000 0.050015 0.078094 0.085399 0.052949 0.048463 0.061379 0.081420 0.129256 0.062026 0.028586 0.034144 0.115354 0.047536 0.032632 0.096505 0.126181 0.130526 0.053262 0.105081 0.051887 0.097118 0.072790 0.083221 0.159993 0.045525 0.069771 0.000000 0.036601 0.099125 0.121493 0.074437 0.043843 0.078787 0.040641 0.025559 0.114582 0.048980 0.076457 0.011677 0.058507
0.086428 0.053194 0.038701 0.058717 0.027599 0.021864 0.030430 0.040243 0.118632 0.012593 0.066398 0.029593 0.033614 0.027597 0.200051 0.164378 0.086539 0.054816 0.163492 0.026340 0.136523 0.000000 0.023539 0.069811 0.151252 0.026811 0.053229 0.059559 0.064924 0.209541 0.042275 0.016606 0.015215 0.174169 0.049516 0.046736 0.097020 0.179884 0.116408 0.032218 0.109306 0.040694 0.055917 0.101041 0.041540 0.250794 0.031272 0.059951 0.000000 0.033986 0.118613 0.274551 0.087628 0.033157 0.039522 0.060229 0.022988 0.026503 0.030933 0.104323 0.013437 0.020977
0.138897 0.178672 0.088265 0.101873 0.077943 0.090697 0.132498 0.101850 0.182457 0.148757 0.132615 0.080867 0.049371 0.141840 0.303297 0.238150 0.169410 0.218432 0.289199 0.093129 0.257244 0.000000 0.075778 0.138562 0.255291 0.113816 0.108180 0.147445 0.145734 0.341297 0.121230 0.087306 0.062280 0.273790 0.115695 0.094146 0.206195 0.285107 0.231249 0.079080 0.189297 0.107038 0.128424 0.209378 0.115695 0.389902 0.070365 0.143304 0.000000 0.085926 0.248544 0.421424 0.171001 0.081198 0.158305 0.122398 0.070680 0.171244 0.078833 0.137302 0.041246 0.056645
0.076282 0.141654 0.048802 0.065943 0.033171 0.064636 0.126327 0.085720 0.114864 0.149654 0.061414 0.062066 0.018070 0.140217 0.170305 0.138399 0.101245 0.169490 0.148894 0.072127 0.153455 0.000000 0.054031 0.087005 0.122488 0.076075 0.066833 0.103772 0.091657 0.157396 0.103835 0.050794 0.065247 0.156522 0.076922 0.048898 0.140564 0.147857 0.136924 0.063174 0.116516 0.078575 0.078038 0.124211 0.082729 0.207138 0.038936 0.085363 0.000000 0.052043 0.128981 0.193049 0.093097 0.057595 0.134411 0.048152 0.059893 0.179646 0.056952 0.082049 0.041046 0.042903
0.080381 0.118189 0.062688 0.047176 0.041854 0.061122 0.105852 0.079471 0.081139 0.134067 0.089958 0.041072 0.038016 0.132343 0.147899 0.111424 0.087455 0.167082 0.130695 0.067837 0.155085 0.000000 0.045102 0.069298 0.103139 0.059209 0.040442 0.062861 0.080479 0.180444 0.091391 0.040631 0.050171 0.132566 0.066440 0.046477 0.092181 0.155982 0.164135 0.068024 0.105570 0.083405 0.079487 0.102164 0.059552 0.180705 0.050990 0.080157 0.000000 0.041124 0.125784 0.179931 0.090218 0.055201 0.139705 0.051603 0.061200 0.179868 0.054071 0.062043 0.017401 0.041908
0.105192 0.137041 0.055675 0.086382 0.053317 0.083926 0.117320 0.090421 0.145811 0.106051 0.107396 0.055913 0.042421 0.114765 0.196968 0.156402 0.103742 0.182484 0.174368 0.114126 0.163533 0.000000 0.046550 0.099086 0.138316 0.082356 0.073377 0.138777 0.108454 0.199977 0.140938 0.062429 0.076197 0.170258 0.090943 0.064343 0.154137 0.227976 0.159446 0.073491 0.167340 0.073653 0.100911 0.133049 0.065064 0.238451 0.083136 0.116786 0.000000 0.058111 0.179065 0.232727 0.104006 0.083202 0.148102 0.075818 0.054936 0.160620 0.050338 0.114621 0.028651 0.049246
0.076411 0.111671 0.085002 0.095409 0.055470 0.079767 0.087313 0.063503 0.155846 0.086145 0.078050 0.049752 0.052109 0.075306 0.142147 0.167764 0.089089 0.125984 0.197454 0.057370 0.147455 0.000000 0.068619 0.105382 0.189890 0.082550 0.090706 0.069551 0.142103 0.201208 0.103386 0.075547 0.055241 0.145322 0.063282 0.067264 0.167716 0.172621 0.088598 0.036108 0.126503 0.079651 0.085281 0.120893 0.069540 0.283388 0.044948 0.113794 0.000000 0.075297 0.154299 0.257897 0.080784 0.058340 0.091433 0.089601 0.069455 0.109006 0.032655 0.141590 0.032014 0.064720
0.058379 0.099847 0.013358 0.047561 0.044471 0.046907 0.059968 0.048083 0.061491 0.057850 0.065603 0.023652 0.051010 0.087828 0.134241 0.081866 0.090463 0.127394 0.076982 0.053506 0.127027 0.000000 0.013466 0.040544 0.065915 0.040992 0.046667 0.098021 0.059390 0.118297 0.062871 0.031786 0.052912 0.118551 0.062064 0.036923 0.097196 0.144388 0.110157 0.045495 0.101199 0.083928 0.065511 0.093483 0.033340 0.136340 0.045123 0.033635 0.000000 0.034156 0.084965 0.127342 0.067552 0.033673 0.094682 0.045666 0.033085 0.108826 0.031045 0.035777 0.007569 0.022901
0.145621 0.110060 0.140935 0.076440 0.040906 0.081679 0.106760 0.095716 0.136973 0.099443 0.115002 0.059192 0.064521 0.094314 0.169037 0.156531 0.094395 0.141507 0.167596 0.086876 0.159136 0.000000 0.088213 0.097466 0.151630 0.078440 0.092530 0.085937 0.119855 0.204326 0.124132 0.078879 0.071099 0.145854 0.071023 0.069575 0.161221 0.154916 0.155165 0.071776 0.162838 0.075809 0.150274 0.140338 0.093751 0.222282 0.064327 0.161203 0.000000 0.073095 0.143508 0.199529 0.116682 0.059934 0.109222 0.080110 0.077655 0.154531 0.051492 0.136267 0.034675 0.083938
0.145189 0.191451 0.091227 0.110051 0.079979 0.094753 0.142368 0.107274 0.190011 0.158919 0.139041 0.083570 0.053472 0.156942 0.315941 0.248464 0.179928 0.227196 0.294571 0.098470 0.264914 0.000000 0.077118 0.142614 0.259438 0.116018 0.113060 0.155601 0.152064 0.342315 0.132234 0.089401 0.069664 0.284563 0.122971 0.095774 0.220404 0.298500 0.236873 0.080650 0.205918 0.112094 0.138734 0.219015 0.119836 0.404983 0.074654 0.150310 0.000000 0.085883 0.253898 0.425380 0.176436 0.084244 0.168602 0.122660 0.074674 0.190988 0.076594 0.143520 0.042013 0.064222
0.067565 0.088220 0.035620 0.041123 0.024455 0.015350 0.045083 0.035928 0.046284 0.046709 0.065326 0.024896 0.029018 0.048684 0.225292 0.097483 0.113443 0.087504 0.116683 0.039130 0.148242 0.000000 0.015532 0.053171 0.101465 0.037978 0.045362 0.096531 0.040775 0.149098 0.054186 0.017412 0.016488 0.211100 0.075026 0.030629 0.084098 0.212940 0.163155 0.021958 0.132410 0.032423 0.051454 0.126959 0.060323 0.181541 0.037690 0.057314 0.000000 0.025927 0.126557 0.193022 0.094982 0.026767 0.057110 0.022383 0.008682 0.065681 0.018343 0.042948 -0.000334 0.019155
0.079340 0.170439 0.087140 0.062147 0.065544 0.109176 0.157952 0.085685 0.144604 0.176531 0.103471 0.049614 0.055809 0.149822 0.149096 0.155267 0.095731 0.229562 0.189438 0.068815 0.179512 0.000000 0.084144 0.099898 0.163994 0.118314 0.083838 0.104473 0.132917 0.228605 0.109176 0.078026 0.089271 0.138738 0.070776 0.063825 0.153937 0.150692 0.158398 0.075563 0.106337 0.131092 0.082905 0.120478 0.071854 0.249375 0.053908 0.110662 0.000000 0.071753 0.167827 0.255495 0.091105 0.063521 0.161788 0.082606 0.071695 0.200086 0.064881 0.094837 0.030754 0.049256
0.119757 0.075625 0.046227 0.070408 0.033782 0.012322 0.046871 0.054915 0.084438 0.042895 0.083618 0.044130 0.029925 0.054405 0.257288 0.158357 0.122524 0.087491 0.161098 0.042460 0.172534 0.000000 0.032899 0.083348 0.151933 0.043795 0.043131 0.076059 0.042523 0.209858 0.066610 0.018533 0.024210 0.239601 0.084475 0.039920 0.094498 0.258401 0.176090 0.030463 0.168125 0.020756 0.088055 0.152359 0.056678 0.253043 0.043163 0.065080 0.000000 0.044058 0.155066 0.255662 0.136032 0.045245 0.052786 0.049665 0.016797 0.078653 0.035493 0.082787 0.008413 0.032189
0.158442 0.131217 0.072295 0.114627 0.085427 0.080402 0.091458 0.097753 0.204168 0.091698 0.130325 0.078406 0.055683 0.111138 0.206739 0.242492 0.123349 0.147050 0.278472 0.092664 0.167018 0.000000 0.073911 0.120077 0.240577 0.084382 0.105505 0.119110 0.158643 0.286116 0.125352 0.096953 0.059392 0.176853 0.091177 0.097420 0.210683 0.202418 0.122926 0.068031 0.169490 0.098412 0.146719 0.159427 0.094792 0.362912 0.070747 0.136784 0.000000 0.095048 0.200937 0.367976 0.133202 0.080884 0.115992 0.154820 0.079716 0.107552 0.063963 0.165184 0.049452 0.071353
0.100462 0.160324 0.074043 0.072114 0.056318 0.080022 0.126413 0.090226 0.125068 0.131078 0.101089 0.065953 0.029905 0.132911 0.282129 0.161068 0.151280 0.205192 0.215873 0.097143 0.212918 0.000000 0.073317 0.116829 0.166990 0.119184 0.098133 0.140388 0.111198 0.231692 0.103423 0.083474 0.055349 0.264058 0.111197 0.069167 0.160741 0.260153 0.209672 0.065379 0.169264 0.082292 0.102996 0.178794 0.107954 0.264681 0.056841 0.130482 0.000000 0.067821 0.224984 0.275851 0.149031 0.065348 0.135063 0.083020 0.056531 0.156198 0.067723 0.092917 0.038670 0.051402
0.100762 0.205693 0.075909 0.071095 0.072384 0.099094 0.148400 0.092563 0.137210 0.174934 0.115625 0.064162 0.048973 0.178359 0.250127 0.166388 0.157595 0.253012 0.225770 0.089514 0.216971 0.000000 0.080492 0.102821 0.185633 0.128937 0.118374 0.164880 0.137512 0.255503 0.110264 0.104673 0.066530 0.228579 0.104697 0.085564 0.188421 0.202131 0.201087 0.076780 0.147740 0.126839 0.105058 0.182364 0.108444 0.290663 0.058261 0.133858 0.000000 0.071845 0.211966 0.321604 0.139863 0.060078 0.170755 0.105242 0.074332 0.191946 0.073278 0.080558 0.036955 0.051366
0.127760 0.168004 0.081833 0.095850 0.073438 0.090285 0.116162 0.093110 0.184399 0.138604 0.121782 0.069695 0.045655 0.133001 0.255200 0.243883 0.149556 0.189276 0.269296 0.076251 0.231240 0.000000 0.060695 0.121574 0.250035 0.091671 0.093017 0.119755 0.140533 0.325177 0.106130 0.081699 0.056376 0.219023 0.098851 0.091741 0.212382 0.236284 0.185991 0.071606 0.163458 0.103895 0.120183 0.178915 0.104180 0.370806 0.056869 0.136476 0.000000 0.072482 0.213379 0.395659 0.149739 0.073504 0.146134 0.117002 0.071564 0.155771 0.061443 0.129494 0.040019 0.051941
0.086519 0.148100 0.077029 0.075742 0.049952 0.071002 0.101773 0.094288 0.106902 0.125835 0.090021 0.057927 0.042977 0.117730 0.170320 0.129587 0.109764 0.182976 0.167899 0.093950 0.188331 0.000000 0.058990 0.103092 0.137829 0.086647 0.087527 0.109024 0.118401 0.180059 0.132832 0.059845 0.057417 0.166485 0.091535 0.064044 0.142403 0.179808 0.158745 0.070194 0.143849 0.091054 0.095414 0.136352 0.078188 0.234570 0.067093 0.093748 0.000000 0.056335 0.151179 0.214161 0.100411 0.056171 0.150500 0.073142 0.069151 0.177768 0.052379 0.106038 0.018276 0.062625
0.123275 0.195566 0.097375 0.087579 0.076160 0.111659 0.156336 0.113690 0.193791 0.174506 0.134432 0.073533 0.050051 0.171041 0.229716 0.201819 0.134516 0.235377 0.265684 0.117051 0.208882 0.000000 0.087575 0.128042 0.206287 0.125852 0.116127 0.147046 0.175500 0.278374 0.139896 0.101319 0.078769 0.198742 0.100286 0.094811 0.218413 0.206184 0.191395 0.094103 0.164530 0.126061 0.130381 0.165680 0.125570 0.324167 0.072459 0.171530 0.000000 0.084350 0.226273 0.338487 0.130468 0.078365 0.178719 0.117335 0.081901 0.198334 0.079773 0.133599 0.044773 0.068075
0.140426 0.142878 0.062763 0.103589 0.071419 0.062004 0.102797 0.097250 0.184890 0.087176 0.129792 0.069593 0.055697 0.113527 0.279492 0.228222 0.149196 0.172010 0.269423 0.082599 0.204927 0.000000 0.066734 0.120702 0.209141 0.096975 0.101205 0.129140 0.130095 0.310298 0.104631 0.077838 0.055741 0.256707 0.103089 0.085695 0.178334 0.275684 0.189950 0.075978 0.181094 0.086841 0.123953 0.180611 0.082196 0.355085 0.068954 0.127129 0.000000 0.081716 0.226089 0.380365 0.152482 0.076753 0.114963 0.117254 0.059625 0.112958 0.077697 0.135824 0.044430 0.049660
0.121324 0.206629 0.088164 0.087409 0.073838 0.104028 0.162740 0.109652 0.155683 0.180497 0.128475 0.075035 0.054427 0.187573 0.266877 0.189350 0.159582 0.275883 0.242569 0.105360 0.230825 0.000000 0.093716 0.120286 0.196863 0.141974 0.127450 0.166194 0.150367 0.274690 0.127972 0.108593 0.081949 0.248894 0.112806 0.092185 0.202208 0.234611 0.221979 0.089269 0.173863 0.129824 0.125850 0.194132 0.116220 0.319926 0.067990 0.144868 0.000000 0.083624 0.228349 0.327101 0.156677 0.074737 0.176901 0.110670 0.082636 0.214195 0.086411 0.104252 0.040617 0.066263
0.117973 0.145080 0.065480 0.085409 0.063053 0.065370 0.087631 0.085491 0.149119 0.112516 0.099706 0.066170 0.047300 0.115881 0.210461 0.186358 0.125960 0.158845 0.223045 0.076861 0.179217 0.000000 0.051663 0.091178 0.205335 0.073385 0.099434 0.122471 0.132307 0.254309 0.106424 0.069128 0.046787 0.187670 0.083583 0.083973 0.192743 0.184008 0.155877 0.060058 0.144829 0.101276 0.102900 0.165552 0.110653 0.324671 0.055866 0.107012 0.000000 0.079560 0.167345 0.340188 0.117944 0.061296 0.126831 0.105106 0.063828 0.132180 0.064246 0.112623 0.031231 0.054109
0.157979 0.174293 0.078511 0.100448 0.072631 0.074499 0.121497 0.106822 0.185598 0.118870 0.136933 0.073136 0.056520 0.142203 0.298366 0.249346 0.160621 0.181329 0.276528 0.087861 0.221788 0.000000 0.070234 0.122680 0.216756 0.100270 0.097484 0.141266 0.131588 0.312765 0.127202 0.078852 0.065466 0.250415 0.114045 0.084668 0.198733 0.265095 0.198140 0.084133 0.195586 0.100155 0.138866 0.185269 0.092304 0.377030 0.068646 0.140822 0.000000 0.081488 0.222745 0.390468 0.167838 0.071045 0.138969 0.119589 0.068143 0.149082 0.073219 0.138612 0.042077 0.052520
0.117871 0.152088 0.064458 0.087030 0.060445 0.067808 0.095116 0.089326 0.131401 0.105293 0.108885 0.068459 0.052839 0.120445 0.236999 0.154426 0.137906 0.211633 0.203994 0.100697 0.190857 0.000000 0.059137 0.087976 0.163599 0.101363 0.144363 0.186449 0.135878 0.218608 0.117009 0.091837 0.050397 0.230900 0.111179 0.093497 0.179704 0.205478 0.182464 0.078479 0.148726 0.102632 0.101367 0.176118 0.101391 0.273662 0.071601 0.104167 0.000000 0.073336 0.192741 0.298632 0.130510 0.065644 0.138868 0.106423 0.068547 0.119833 0.077809 0.101712 0.038043 0.053391
0.086937 0.179118 0.050147 0.070287 0.056599 0.077310 0.094482 0.085544 0.119482 0.102602 0.082216 0.064479 0.032523 0.113031 0.212515 0.143715 0.132135 0.188097 0.177555 0.098539 0.187725 0.000000 0.039640 0.093342 0.140519 0.105123 0.110170 0.172364 0.105183 0.191263 0.106890 0.077115 0.054344 0.187754 0.108503 0.077654 0.167376 0.185290 0.159035 0.073963 0.132389 0.099544 0.086231 0.164119 0.097064 0.230295 0.063008 0.093535 0.000000 0.063718 0.170639 0.257621 0.118180 0.056989 0.148503 0.091938 0.058494 0.136492 0.065563 0.084639 0.030161 0.041478
0.118336 0.195577 0.091462 0.090162 0.072817 0.105008 0.147076 0.116652 0.180288 0.147282 0.125470 0.073963 0.056395 0.162147 0.209031 0.182746 0.128853 0.261723 0.239084 0.106875 0.193910 0.000000 0.103125 0.124596 0.176790 0.163088 0.145737 0.160012 0.163750 0.248809 0.135815 0.120006 0.085828 0.204104 0.104955 0.098669 0.199057 0.194060 0.169720 0.096391 0.152526 0.124686 0.124476 0.172008 0.094855 0.282242 0.074506 0.156760 0.000000 0.088603 0.225376 0.291758 0.129362 0.082054 0.166969 0.122252 0.089076 0.182219 0.091634 0.124370 0.052472 0.073304
0.074123 0.129747 0.030108 0.051349 0.026163 0.040416 0.072506 0.052637 0.112816 0.089687 0.041672 0.040866 0.014503 0.086417 0.180615 0.137845 0.102639 0.094484 0.141531 0.048659 0.138988 0.000000 0.021293 0.063159 0.119902 0.040061 0.038326 0.082976 0.056346 0.165692 0.081068 0.029405 0.031576 0.152053 0.070254 0.039721 0.125711 0.155484 0.116543 0.037796 0.110281 0.050159 0.053268 0.116666 0.062612 0.198366 0.027243 0.091592 0.000000 0.043482 0.112437 0.221858 0.078990 0.038215 0.096968 0.038933 0.028933 0.103373 0.026527 0.063903 0.028518 0.015049
0.163048 0.196269 0.109446 0.115444 0.081932 0.104974 0.159008 0.124981 0.201980 0.162915 0.149172 0.090530 0.074962 0.152348 0.325395 0.254047 0.191182 0.229079 0.311368 0.105621 0.274271 3.355604 0.091628 0.151956 0.262872 0.119755 0.130128 0.160744 0.148220 0.357786 0.131900 0.108268 0.084972 0.291818 0.127262 0.110503 0.233114 0.306127 0.253978 0.093304 0.218680 0.113113 0.156653 0.236214 0.130060 0.403340 0.091068 0.175842 0.516956 0.089829 0.258786 0.418674 0.184914 0.082239 0.162718 0.123632 0.086836 0.205254 0.080583 0.154457 0.058858 0.068644
0.065583 0.046902 0.055488 0.026905 0.008891 0.030465 0.063104 0.061005 0.071532 0.057006 0.058697 0.024768 0.008700 0.059322 0.119700 0.072036 0.042824 0.074256 0.083199 0.070003 0.094598 0.000000 0.038706 0.062011 0.045013 0.043624 0.028547 0.036584 0.069620 0.092422 0.069528 0.015869 0.024947 0.107677 0.032575 0.021676 0.057060 0.113899 0.100667 0.051993 0.084024 0.019264 0.084310 0.050552 0.043501 0.102461 0.029185 0.104479 0.000000 0.026579 0.089806 0.088412 0.063600 0.032266 0.066222 0.016344 0.015984 0.088962 0.039582 0.062030 0.015957 0.023062
0.112658 0.200181 0.083271 0.082251 0.073825 0.101031 0.148817 0.096692 0.143012 0.181958 0.120171 0.069141 0.052628 0.181582 0.258455 0.181613 0.158307 0.260693 0.231566 0.096476 0.221521 0.000000 0.079899 0.103322 0.197718 0.118565 0.119078 0.164799 0.144281 0.271172 0.120418 0.106043 0.068346 0.236983 0.106280 0.088838 0.199904 0.217309 0.210657 0.077782 0.158738 0.126520 0.115960 0.184813 0.111184 0.306900 0.066065 0.133926 0.000000 0.077365 0.209037 0.330116 0.145977 0.072679 0.175205 0.106943 0.079818 0.198239 0.072629 0.091065 0.040307 0.057825
0.058526 0.089391 0.017518 0.038319 0.023602 0.031934 0.060871 0.054864 0.076039 0.088956 0.029419 0.049055 0.007851 0.106173 0.128876 0.082906 0.079874 0.085893 0.094824 0.047744 0.086092 0.000000 0.025370 0.035592 0.063754 0.030758 0.057854 0.081884 0.060306 0.085368 0.047248 0.044527 0.019419 0.115712 0.058953 0.039480 0.094804 0.071613 0.073014 0.046472 0.057296 0.048301 0.061084 0.086445 0.072621 0.107211 0.018148 0.061120 0.000000 0.036697 0.076472 0.117147 0.066968 0.036590 0.084681 0.038842 0.032070 0.079078 0.055324 0.038863 0.059274 0.015785
0.083140 0.085941 0.047323 0.046687 0.024295 0.019800 0.057344 0.051325 0.060329 0.046882 0.069194 0.032173 0.033840 0.059430 0.247835 0.114429 0.122897 0.106161 0.117222 0.045056 0.162842 0.000000 0.032886 0.072260 0.100458 0.059869 0.041989 0.082782 0.035338 0.162509 0.065399 0.019986 0.033168 0.230879 0.091964 0.031773 0.076502 0.239151 0.185924 0.035000 0.150544 0.032862 0.061585 0.143220 0.062194 0.193610 0.042223 0.071388 0.000000 0.043645 0.148456 0.183790 0.115565 0.036743 0.065262 0.024606 0.016029 0.090831 0.038989 0.051727 0.005892 0.024364
0.075261 0.088176 0.043621 0.048043 0.037351 0.029178 0.049153 0.045359 0.058825 0.058402 0.057993 0.031566 0.033399 0.062547 0.207710 0.106768 0.105890 0.084215 0.103645 0.053445 0.136962 0.000000 0.020877 0.050036 0.110297 0.028380 0.033015 0.089828 0.047059 0.150261 0.061793 0.022444 0.024506 0.174981 0.074939 0.031033 0.093627 0.203922 0.149157 0.020139 0.129771 0.041169 0.063264 0.115709 0.086874 0.185349 0.038936 0.049885 0.000000 0.051013 0.108620 0.188731 0.093124 0.041904 0.066977 0.032672 0.018324 0.078657 0.026474 0.046399 0.006098 0.019938
0.167025 0.191765 0.110329 0.116379 0.083476 0.101269 0.154253 0.127538 0.201508 0.157578 0.151211 0.088643 0.076083 0.147145 0.317808 0.253701 0.188867 0.223669 0.303065 0.105031 0.267145 0.780377 0.092469 0.150838 0.261789 0.117595 0.125532 0.155568 0.148498 0.355669 0.132085 0.106944 0.085871 0.280825 0.126829 0.109801 0.232723 0.300761 0.248525 0.089885 0.220226 0.113348 0.160884 0.233753 0.132869 0.397692 0.091004 0.172694 0.514505 0.092990 0.253528 0.409495 0.181066 0.083401 0.156734 0.123897 0.086120 0.200347 0.080685 0.152942 0.056863 0.073092
0.080157 0.125522 0.061156 0.047504 0.028581 0.041129 0.082909 0.056916 0.091983 0.086541 0.081713 0.036885 0.021436 0.088377 0.212432 0.131736 0.107568 0.125613 0.155358 0.067573 0.188337 0.000000 0.033087 0.098491 0.121656 0.062233 0.052077 0.097118 0.069895 0.186582 0.084642 0.022763 0.037264 0.190090 0.073114 0.037925 0.106750 0.217327 0.170632 0.063461 0.152004 0.055748 0.077040 0.118613 0.070089 0.225139 0.042496 0.093813 0.000000 0.028583 0.144801 0.215797 0.103338 0.033996 0.102095 0.033435 0.022969 0.124047 0.032817 0.089462 0.007626 0.028715
0.066398 0.120654 0.017227 0.086275 0.033407 0.054488 0.085567 0.082313 0.137841 0.078999 0.051995 0.056024 0.013619 0.105571 0.162771 0.150483 0.111745 0.131910 0.123784 0.073781 0.098368 0.000000 0.031589 0.064388 0.107550 0.060964 0.065098 0.114408 0.080847 0.124511 0.088029 0.067071 0.056487 0.132728 0.096224 0.057478 0.166767 0.126834 0.071602 0.042025 0.109624 0.048444 0.077601 0.124487 0.056609 0.192149 0.045074 0.083520 0.000000 0.039508 0.121650 0.171173 0.081801 0.069086 0.117131 0.061447 0.053224 0.111987 0.044380 0.075203 0.052055 0.045016
0.066018 0.145775 0.059519 0.043343 0.043617 0.057640 0.093945 0.062648 0.073052 0.136678 0.068810 0.058923 0.016751 0.125519 0.246411 0.124274 0.141492 0.170349 0.171848 0.058278 0.207623 0.000000 0.041677 0.085338 0.155834 0.077787 0.080495 0.122283 0.080280 0.209025 0.062288 0.054087 0.023145 0.220125 0.085088 0.056354 0.125024 0.188180 0.199846 0.051460 0.116810 0.082910 0.070021 0.161174 0.117887 0.243556 0.034374 0.079821 0.000000 0.045564 0.156186 0.265449 0.128540 0.037909 0.125463 0.061715 0.041858 0.144131 0.059507 0.055322 0.024592 0.031283
0.050242 0.116567 0.051400 0.043997 0.027021 0.047597 0.080751 0.044685 0.079086 0.102078 0.056797 0.029287 0.017597 0.091964 0.167130 0.106988 0.097159 0.117988 0.108670 0.050200 0.144432 0.000000 0.021930 0.063831 0.104992 0.048418 0.042972 0.086580 0.066570 0.145019 0.065966 0.023004 0.033485 0.146642 0.055724 0.028427 0.127398 0.156645 0.137003 0.033833 0.104387 0.054657 0.064550 0.099028 0.063836 0.171702 0.035738 0.077514 0.000000 0.019153 0.106171 0.171404 0.072112 0.039576 0.108182 0.023559 0.024051 0.137733 0.014788 0.055834 0.007485 0.035073
0.144950 0.090186 0.044578 0.079421 0.039452 0.037329 0.068375 0.096317 0.123887 0.049065 0.089573 0.056966 0.025045 0.081940 0.256984 0.188129 0.119502 0.103607 0.149207 0.075597 0.157172 0.000000 0.044842 0.080979 0.133340 0.058860 0.052500 0.091976 0.069653 0.191024 0.090981 0.045204 0.046007 0.223501 0.105382 0.059401 0.144299 0.231455 0.148085 0.052578 0.159509 0.031555 0.113514 0.150969 0.070266 0.228747 0.053769 0.100338 0.000000 0.058304 0.166374 0.216976 0.151746 0.066027 0.072040 0.062048 0.037246 0.086453 0.061542 0.081997 0.040733 0.039751
0.067176 0.133704 0.060963 0.046236 0.035691 0.072310 0.127647 0.067251 0.096246 0.145784 0.087004 0.047737 0.012454 0.152558 0.171619 0.116584 0.095246 0.168321 0.141498 0.077274 0.128539 0.000000 0.052254 0.078229 0.101080 0.082996 0.053480 0.094260 0.070999 0.154518 0.084566 0.054812 0.055433 0.130251 0.067522 0.048204 0.109876 0.118990 0.144700 0.061417 0.109899 0.055609 0.083180 0.108552 0.070086 0.198236 0.051246 0.112219 0.000000 0.026942 0.133336 0.181477 0.107657 0.049813 0.133525 0.053740 0.043397 0.184162 0.053980 0.058872 0.021032 0.039219
0.076655 0.086366 0.060762 0.025413 0.015376 0.024655 0.061981 0.049113 0.066919 0.069700 0.072524 0.027223 0.016193 0.059331 0.158644 0.088255 0.072030 0.095285 0.120741 0.049739 0.118852 0.000000 0.038946 0.071977 0.080927 0.062902 0.038397 0.063975 0.040599 0.136552 0.080618 0.021205 0.023287 0.152587 0.053452 0.028434 0.049289 0.166100 0.139696 0.044046 0.106100 0.020382 0.046199 0.095481 0.045223 0.142035 0.040716 0.097715 0.000000 0.027791 0.141185 0.155948 0.080095 0.034231 0.071440 0.022702 0.015000 0.088879 0.035364 0.059251 0.009632 0.022356
0.110204 0.122038 0.075235 0.077587 0.055595 0.067094 0.089563 0.074123 0.132398 0.106953 0.102753 0.058395 0.052499 0.103197 0.254601 0.167761 0.125247 0.192210 0.200884 0.079083 0.210152 0.000000 0.062600 0.108346 0.192545 0.092140 0.095314 0.116432 0.106240 0.271150 0.106904 0.059965 0.053610 0.257023 0.084764 0.074068 0.152066 0.260525 0.213417 0.064260 0.157043 0.089521 0.091555 0.167498 0.085954 0.294860 0.080025 0.100270 0.000000 0.072697 0.192357 0.300690 0.125212 0.083853 0.128668 0.084203 0.060070 0.149680 0.063331 0.113308 0.020716 0.053906
0.043264 0.127705 0.044138 0.019644 0.045575 0.052445 0.082203 0.045059 0.048227 0.122621 0.076110 0.033148 0.023984 0.100971 0.140848 0.087050 0.092542 0.158742 0.122563 0.041004 0.168933 0.000000 0.021143 0.056285 0.105663 0.057674 0.051341 0.101473 0.065799 0.167197 0.041379 0.032098 0.027139 0.111355 0.059772 0.038725 0.082117 0.112797 0.167517 0.057675 0.073526 0.092449 0.052046 0.095462 0.073115 0.172176 0.028729 0.037886 0.000000 0.019536 0.107166 0.199785 0.080972 0.013800 0.120262 0.049162 0.025705 0.124102 0.041889 0.030630 0.002277 0.017117
0.129403 0.146605 0.066921 0.118827 0.077828 0.087358 0.099528 0.094331 0.213537 0.093924 0.113771 0.074539 0.052000 0.101590 0.205406 0.245729 0.128944 0.158166 0.270000 0.081691 0.183366 0.000000 0.066272 0.127462 0.242833 0.096087 0.104908 0.117051 0.152690 0.288146 0.121758 0.093088 0.065481 0.190324 0.094761 0.096833 0.214386 0.216469 0.122640 0.063072 0.156988 0.095255 0.122884 0.170847 0.078228 0.360558 0.067967 0.131817 0.000000 0.084249 0.211594 0.373552 0.125267 0.085899 0.128068 0.138069 0.076595 0.120659 0.059941 0.162195 0.050478 0.065261
0.112709 0.116369 0.062554 0.083031 0.056011 0.067584 0.082605 0.080929 0.127727 0.099219 0.080028 0.077549 0.038438 0.091920 0.168460 0.140540 0.098847 0.160285 0.190281 0.093455 0.167281 0.000000 0.058594 0.102618 0.167354 0.081578 0.087888 0.108815 0.113756 0.217798 0.117490 0.071552 0.052565 0.174325 0.087751 0.078053 0.147317 0.194036 0.157235 0.070055 0.137146 0.078307 0.100170 0.166962 0.093530 0.240012 0.072128 0.104345 0.000000 0.098883 0.166426 0.251076 0.107832 0.080718 0.125083 0.094585 0.061883 0.133119 0.073462 0.111360 0.044097 0.054813
0.119755 0.070738 0.040950 0.047255 0.057963 0.035104 0.048889 0.076394 0.071108 0.078060 0.107763 0.038091 0.037193 0.074532 0.100844 0.110539 0.061858 0.092055 0.108451 0.052161 0.110186 0.000000 0.041438 0.044577 0.100001 0.025337 0.042690 0.068985 0.092231 0.133969 0.091311 0.034950 0.033026 0.074165 0.049975 0.040558 0.096561 0.092176 0.086503 0.045375 0.101430 0.070697 0.118848 0.069938 0.048564 0.144722 0.047442 0.048279 0.000000 0.038581 0.088343 0.148052 0.077728 0.031006 0.070447 0.070711 0.040426 0.076966 0.031909 0.059689 0.015067 0.047340
0.040259 0.121071 0.063568 0.022859 0.027986 0.069574 0.123137 0.055504 0.075509 0.164257 0.063169 0.039447 0.006014 0.136780 0.137031 0.097179 0.076799 0.168291 0.122682 0.050532 0.153497 0.000000 0.048747 0.077473 0.107001 0.067340 0.037683 0.062079 0.067419 0.159602 0.065502 0.032058 0.044172 0.106906 0.047877 0.032440 0.087791 0.093703 0.152396 0.059321 0.077161 0.073008 0.056334 0.083693 0.069576 0.171927 0.030639 0.084639 0.000000 0.021805 0.106856 0.162323 0.077992 0.034237 0.135178 0.032614 0.037373 0.188277 0.044293 0.049988 0.017542 0.028330
0.059420 0.081217 0.042005 0.043488 0.026938 0.024036 0.047875 0.045304 0.065081 0.057208 0.063042 0.023963 0.028268 0.047162 0.130987 0.082088 0.079508 0.063397 0.092697 0.050820 0.096879 0.000000 0.023050 0.054919 0.079116 0.020192 0.032889 0.073067 0.064708 0.096110 0.084702 0.019938 0.026821 0.098163 0.069259 0.026980 0.088332 0.112662 0.095298 0.024808 0.113175 0.040625 0.063790 0.084875 0.050359 0.132070 0.050188 0.062663 0.000000 0.026901 0.083067 0.130300 0.046918 0.028869 0.070816 0.024557 0.015626 0.066782 0.011861 0.061268 0.009758 0.036892
0.121753 0.146418 0.068598 0.094041 0.070297 0.058321 0.084117 0.077163 0.147340 0.089489 0.104073 0.063423 0.058537 0.107223 0.281659 0.196302 0.165775 0.161539 0.236411 0.070071 0.221815 0.000000 0.058465 0.112293 0.208483 0.091088 0.105838 0.133015 0.122538 0.280912 0.092822 0.074427 0.044492 0.272766 0.101685 0.079076 0.178203 0.259974 0.185376 0.058840 0.167112 0.100511 0.121002 0.190812 0.092216 0.333858 0.059487 0.108850 0.000000 0.078794 0.201445 0.357980 0.145081 0.060536 0.111784 0.104240 0.054749 0.114196 0.062687 0.112614 0.033860 0.049992
0.133996 0.187648 0.084461 0.105250 0.080013 0.094373 0.139837 0.103235 0.186272 0.155962 0.133503 0.082407 0.050503 0.153108 0.308338 0.242422 0.176672 0.228042 0.288412 0.092336 0.262501 0.000000 0.077987 0.142781 0.256438 0.119163 0.111135 0.151924 0.145946 0.339143 0.123413 0.089235 0.069614 0.276200 0.120034 0.093995 0.213497 0.283236 0.228838 0.079034 0.194777 0.113819 0.131637 0.214612 0.114887 0.399239 0.072889 0.141930 0.000000 0.084509 0.246749 0.417094 0.171701 0.081689 0.166108 0.122710 0.072394 0.185812 0.078711 0.137509 0.042400 0.060332
0.075770 0.105468 0.060796 0.034716 0.036648 0.046037 0.066498 0.047595 0.071413 0.105435 0.074784 0.036804 0.018662 0.079635 0.229109 0.121887 0.114812 0.126552 0.153648 0.047899 0.182193 0.000000 0.031492 0.075156 0.150902 0.047786 0.044969 0.079590 0.062865 0.221580 0.065946 0.029567 0.017176 0.189614 0.072323 0.046186 0.101282 0.186879 0.195476 0.035714 0.136779 0.057208 0.068251 0.134911 0.085460 0.223024 0.040318 0.087196 0.000000 0.040037 0.132912 0.249345 0.102585 0.033481 0.089839 0.045030 0.030196 0.106661 0.027255 0.053902 0.004712 0.028889
0.071100 0.075335 0.019677 0.043184 0.043372 0.026812 0.041065 0.037321 0.053751 0.053580 0.084723 0.026282 0.035364 0.054899 0.110856 0.089794 0.076350 0.088680 0.107852 0.024590 0.099583 0.000000 0.012304 0.045693 0.096963 0.041396 0.032438 0.061033 0.041717 0.140915 0.052085 0.027594 0.027877 0.105669 0.051529 0.037249 0.062218 0.122228 0.105962 0.030288 0.090486 0.052457 0.069589 0.104436 0.017591 0.137291 0.040459 0.040101 0.000000 0.019888 0.110518 0.170906 0.064109 0.026996 0.069493 0.054332 0.018610 0.074367 0.024421 0.038099 0.001787 0.038288
0.045486 0.080328 0.031826 0.019651 0.028312 0.036524 0.070077 0.047720 0.039838 0.097964 0.056546 0.021386 0.011685 0.086784 0.078089 0.059646 0.041978 0.076168 0.081831 0.047982 0.064833 0.000000 0.025410 0.030504 0.062855 0.017339 0.015163 0.044411 0.056354 0.082372 0.052929 0.022313 0.023810 0.047778 0.023573 0.021382 0.062182 0.048290 0.072450 0.023071 0.061446 0.057229 0.050859 0.043834 0.065029 0.111126 0.020492 0.037864 0.000000 0.018881 0.053024 0.108664 0.036853 0.015807 0.068689 0.032387 0.027274 0.097423 0.017760 0.030162 0.001276 0.032683
0.153021 0.180267 0.090016 0.110721 0.078638 0.083758 0.127547 0.110427 0.195672 0.133031 0.139034 0.079720 0.056033 0.135455 0.284329 0.250756 0.161612 0.192186 0.287024 0.096662 0.233024 0.000000 0.079209 0.141247 0.243214 0.110822 0.106971 0.139858 0.151845 0.321221 0.141197 0.088675 0.065474 0.251070 0.117037 0.096069 0.204841 0.268165 0.204912 0.078817 0.202866 0.102203 0.142136 0.202903 0.106842 0.376425 0.078166 0.154250 0.000000 0.090532 0.240489 0.409017 0.159650 0.079706 0.149350 0.128571 0.072930 0.160614 0.074721 0.150385 0.042036 0.068757
0.060281 0.107175 0.054993 0.047879 0.026428 0.074407 0.111806 0.066478 0.099392 0.116936 0.052793 0.039124 0.021312 0.106329 0.166335 0.114432 0.078092 0.120928 0.117352 0.070970 0.138707 0.000000 0.042852 0.079036 0.100837 0.054067 0.024016 0.060128 0.066893 0.149925 0.100440 0.028861 0.059508 0.138979 0.064167 0.032798 0.097101 0.170493 0.133461 0.049629 0.117522 0.055207 0.059169 0.097302 0.062250 0.174783 0.042267 0.095820 0.000000 0.047161 0.117967 0.157556 0.075824 0.056198 0.119311 0.027322 0.047846 0.162833 0.036397 0.076447 0.024189 0.028378
0.009461 0.106877 0.035692 -0.006312 0.023192 0.056426 0.094654 0.027004 0.038536 0.142147 0.046028 0.022603 -0.005404 0.110039 0.095461 0.054003 0.053987 0.129961 0.097257 0.027466 0.114206 0.000000 0.023805 0.043362 0.079901 0.047259 0.027617 0.057497 0.047505 0.117948 0.023507 0.022080 0.017814 0.063468 0.022388 0.021247 0.056686 0.037812 0.116124 0.039688 0.035210 0.066140 0.023978 0.052271 0.062178 0.119792 0.007155 0.053573 0.000000 -0.001482 0.074538 0.141901 0.046513 0.002210 0.103693 0.025212 0.018337 0.133080 0.022879 0.013777 0.003819 0.008140
0.076901 0.152898 0.058843 0.043919 0.057079 0.075586 0.105393 0.062584 0.073105 0.141640 0.098236 0.050373 0.031176 0.139018 0.240920 0.116570 0.142114 0.203317 0.167770 0.074298 0.210132 0.000000 0.041787 0.081526 0.146053 0.085498 0.079531 0.138188 0.083696 0.217531 0.079769 0.064233 0.039504 0.204663 0.094284 0.064633 0.121406 0.194380 0.216781 0.062305 0.132218 0.092919 0.079956 0.159298 0.096431 0.237120 0.057451 0.087591 0.000000 0.042348 0.167663 0.260802 0.134897 0.042815 0.142301 0.075224 0.049162 0.162962 0.054598 0.047744 0.012207 0.031936
0.115134 0.114334 0.061542 0.111501 0.065400 0.063278 0.088752 0.074751 0.191018 0.076035 0.112927 0.051621 0.045060 0.086393 0.227107 0.241355 0.129496 0.126840 0.227498 0.062336 0.167408 0.000000 0.053158 0.111146 0.220917 0.067228 0.069893 0.094953 0.120370 0.272115 0.094580 0.059804 0.059438 0.187448 0.079315 0.066101 0.197938 0.224257 0.121146 0.034183 0.167735 0.069168 0.122458 0.143295 0.066225 0.357541 0.057679 0.115495 0.000000 0.061083 0.173443 0.336895 0.116441 0.073221 0.091569 0.097588 0.049458 0.106544 0.034039 0.138672 0.029454 0.056658
0.077768 0.088358 0.053675 0.067322 0.022851 0.050734 0.099413 0.069751 0.091044 0.090197 0.060282 0.043281 0.030140 0.096827 0.145971 0.108174 0.078280 0.118692 0.097346 0.070471 0.120697 0.000000 0.050815 0.082926 0.086692 0.058886 0.042369 0.063541 0.070071 0.113014 0.105962 0.031478 0.068909 0.138383 0.070194 0.032938 0.108977 0.163806 0.115551 0.048817 0.134573 0.046312 0.081299 0.103931 0.044552 0.162566 0.054613 0.078010 0.000000 0.048479 0.104059 0.108960 0.079624 0.058830 0.097047 0.028248 0.046611 0.153357 0.035406 0.088484 0.024812 0.054159
0.053912 0.067412 0.074290 0.052835 0.026067 0.065417 0.043118 0.045829 0.082559 0.080380 0.027625 0.036242 0.019488 0.055512 0.113318 0.091594 0.068253 0.092111 0.097687 0.060526 0.116242 0.000000 0.030693 0.062172 0.120913 0.034038 0.045477 0.041790 0.078089 0.128227 0.085341 0.038845 0.026350 0.112937 0.055133 0.044002 0.115976 0.140394 0.087375 0.020563 0.086978 0.039732 0.051889 0.094008 0.069096 0.154211 0.038093 0.086470 0.000000 0.046678 0.097610 0.141823 0.060855 0.061481 0.096381 0.040782 0.060155 0.112386 0.015816 0.079466 0.019381 0.041713
