-0.000101 0.001506 0.099110 0.000994 -0.000199 0.000137 0.000415 0.000027 0.000733 0.000302 0.000293 0.000787 -0.000510 -0.000516 0.000099 0.000972 0.000784 -0.000754 -0.000022 0.000604 -0.000703 0.000263 0.001164 0.000680 0.000312 0.054734 0.000749 0.088448 -0.000148 -0.000250 -0.000379 -0.000626 0.000938 -0.000213 0.000618 0.001543 -0.000115 0.001097 0.143170 -0.000045
0.074070 0.000238 0.053496 0.000161 0.000418 -0.000510 -0.000202 0.000980 0.000701 0.000643 0.000808 0.000567 -0.000904 0.000227 -0.000168 0.000274 0.000429 0.389601 0.000472 0.000381 0.000034 0.000090 -0.000032 0.000181 0.000224 -0.000163 -0.000775 0.000104 0.000041 0.000456 0.000624 -0.001002 -0.000380 0.000622 -0.000418 -0.001019 -0.000274 0.000740 -0.000042 0.000851
0.353440 0.001332 0.001266 0.321138 0.000400 0.000405 0.001109 -0.000366 0.000409 -0.000291 -0.000244 -0.000077 -0.000378 0.001116 0.000729 -0.000802 0.000921 0.000073 0.000709 0.560829 -0.000207 0.001450 -0.000753 -0.000039 0.000644 0.001189 -0.000435 0.051813 -0.000255 0.000062 0.000022 0.000734 0.000140 -0.000979 0.001359 0.000512 0.000206 -0.000118 -0.000709 -0.000218
0.001035 0.000668 0.000516 -0.000585 -0.000006 0.001372 0.000133 0.000082 0.000740 0.000989 -0.000110 0.000509 -0.000724 0.000716 0.000568 -0.000070 -0.000577 -0.000159 -0.000039 0.000986 0.001045 0.000326 0.001045 -0.000244 0.000443 0.000634 0.000635 0.000561 0.000938 -0.000075 -0.000204 0.000426 0.000549 0.000517 -0.000211 -0.000676 0.001348 -0.000867 -0.000409 0.000058
0.000757 0.000839 0.876774 0.323926 -0.000074 0.901470 0.123235 0.000739 -0.000197 0.001132 -0.000178 0.001097 0.000977 0.000478 0.000567 0.000278 -0.000079 0.000937 0.000298 0.000978 0.493292 0.000108 0.000558 0.000199 0.000643 0.000230 -0.001019 -0.000164 0.000875 -0.000921 0.000312 0.038480 0.000103 0.000748 0.000316 0.000762 0.065261 0.000939 0.000859 0.000470
-0.000369 -0.000917 -0.001501 0.001504 0.001241 -0.001306 0.000603 -0.000710 0.000359 0.000918 0.000166 0.000229 -0.000404 -0.000121 0.161717 -0.000214 -0.000808 -0.000182 0.000135 -0.000686 -0.001052 -0.001078 -0.001396 0.000342 -0.001250 -0.000089 -0.001363 -0.000076 0.000126 -0.000927 0.000412 -0.000068 -0.000700 -0.000764 -0.000528 0.000350 -0.001223 0.000566 0.000503 -0.000053
0.197783 0.000228 0.001191 0.000564 0.554474 1.092604 0.001061 0.053727 0.112513 0.000600 0.000364 0.000377 0.000880 -0.000276 -0.000767 -0.000115 -0.000659 -0.000093 0.000635 -0.000063 -0.001008 -0.000483 -0.000960 -0.000071 -0.000433 -0.000670 0.000908 0.000613 0.000658 0.000109 0.001003 -0.000297 0.000055 0.001532 -0.000112 0.000961 0.001325 0.000367 0.000683 -0.000388
-0.000261 0.000452 -0.000594 -0.000216 0.019925 0.105570 0.472459 0.238777 0.840344 0.501167 0.000123 -0.000323 0.001353 0.001177 0.000465 -0.000355 0.000591 0.221396 0.000117 0.000012 0.000420 0.000492 0.000520 0.000806 0.000376 0.000067 0.001154 0.001449 0.000935 0.001081 0.459862 0.001579 0.000497 0.000474 0.001013 0.000776 -0.000840 0.001467 0.000502 0.001400
0.001219 0.000868 0.000796 0.000426 0.001302 0.001052 0.453948 0.814825 0.007402 0.489918 0.327154 0.000464 0.000893 0.000874 0.000566 0.001322 0.000726 0.001119 0.000044 0.000719 0.000871 -0.000807 0.000945 0.066737 0.001194 -0.000461 0.000506 0.000789 0.000527 -0.000328 0.000008 -0.000301 0.000388 0.061230 0.001042 0.000968 0.001250 0.000376 0.001017 0.001023
-0.000125 0.000053 0.000726 0.000229 -0.000081 0.000193 0.000915 0.000049 0.364221 -0.000377 0.589249 0.788200 -0.000885 -0.000498 0.001221 0.000632 0.001256 0.000989 0.000655 0.000632 0.000424 0.000282 0.000771 0.001439 0.836866 0.109383 0.318986 0.001390 0.386515 0.293376 0.363651 0.000724 0.201931 0.000969 0.000006 0.000492 0.000206 0.001415 0.002987 -0.000573
-0.001050 -0.000156 -0.001057 -0.000424 -0.000080 -0.000314 -0.000035 0.000738 0.001003 0.000602 -0.000975 0.001302 0.001484 -0.000360 0.000577 0.000731 0.000678 0.000138 -0.000259 0.000558 0.000175 -0.000757 -0.001076 -0.000071 0.000171 -0.000049 0.000351 0.000697 -0.000981 -0.000788 0.000057 0.000938 0.001276 -0.000088 0.000632 -0.000351 -0.001010 -0.000484 -0.000778 0.000761
-0.000416 0.001405 -0.000010 0.040140 0.001042 0.000347 0.388038 0.000042 0.001030 1.101705 0.335166 0.001099 0.595505 0.272603 -0.000129 0.001160 0.001428 0.001001 0.001442 0.001217 0.001587 -0.000752 -0.000268 0.000358 0.000338 0.001766 0.719672 0.001724 -0.000078 0.506119 0.000148 0.235496 0.000118 0.001635 0.000572 0.001196 0.000509 0.000409 0.004762 0.373739
0.000089 -0.000416 0.001081 0.001162 0.000048 -0.000555 -0.000503 -0.000389 0.000577 0.000322 0.000987 0.078666 -0.000097 0.000381 0.001317 0.000794 0.000319 0.000498 0.001427 0.000525 -0.000510 0.000792 -0.000465 -0.000108 0.000723 0.001346 0.000426 0.000700 0.000591 -0.000576 0.000225 0.001543 -0.000144 -0.000422 -0.000018 0.000765 0.000319 0.000454 -0.000716 0.001169
0.000832 0.000696 -0.000090 0.001213 -0.000367 0.000067 -0.000599 0.000608 0.000540 -0.000420 0.001115 0.689492 0.001499 -0.000858 0.640618 0.000782 0.001137 -0.000210 0.000463 -0.000217 -0.000509 0.000928 0.000741 0.000263 0.000231 -0.000148 -0.000230 0.000100 0.000906 -0.000361 0.000630 0.001356 0.000010 0.000025 0.000772 0.000452 0.001008 0.000970 -0.001086 0.000007
0.000944 -0.001024 -0.000982 -0.000537 -0.000608 0.000617 0.000726 -0.000275 -0.000250 0.001052 0.000187 -0.000836 0.000598 0.000026 0.000932 0.000191 -0.000610 -0.000714 -0.001173 -0.000459 0.000064 -0.000934 -0.000796 0.000667 0.000088 0.000635 0.000038 0.001041 0.000798 0.000090 0.000840 -0.000425 0.000863 -0.000472 0.000655 -0.000317 0.000750 0.000333 0.000646 0.000611
0.001216 -0.000711 0.001736 -0.000148 0.001042 0.000505 -0.001031 0.000837 -0.000515 0.000678 -0.000204 0.000722 0.000669 0.155391 0.223798 0.001066 0.000909 0.422530 0.000832 0.000264 0.000292 -0.000964 0.000588 -0.000234 0.001340 0.000643 -0.000720 -0.000572 0.000665 0.000034 0.173781 -0.000561 0.000292 0.000255 0.000167 0.001129 0.000754 0.000068 -0.000319 -0.000051
0.000165 0.000809 -0.000503 0.000356 -0.000453 0.000245 -0.000129 0.001247 -0.000714 -0.000012 0.001662 0.001433 0.000130 0.001238 0.891349 0.849978 0.000491 0.875906 0.356303 0.001031 -0.000275 -0.000689 0.000748 -0.000716 0.000472 -0.000063 0.000523 0.000594 0.000886 0.000543 0.001191 0.170096 0.000988 0.000695 0.001046 0.358185 0.000308 0.197750 -0.000564 0.001742
0.437290 0.426249 -0.000195 0.000027 -0.000251 0.001192 -0.000217 0.326822 -0.000230 0.001369 0.001034 0.000346 0.000295 0.117772 0.000020 0.759300 0.805561 0.430508 0.627503 0.477008 0.000111 -0.001033 0.001700 0.000100 0.000585 -0.000452 0.001287 0.000302 0.001819 0.396600 0.080419 0.000189 0.000029 0.000270 0.000093 0.000018 0.000582 0.171322 0.004403 0.000691
0.000410 0.824048 0.750964 0.089102 0.779125 0.161143 0.001276 0.000007 -0.000329 0.001041 0.000883 0.001923 -0.000181 0.000975 0.407280 0.001522 0.917517 1.264108 0.918482 1.304827 1.323664 1.164415 0.605811 0.001416 0.000057 -0.000649 0.000300 0.000928 0.000065 0.001553 0.001190 0.000579 0.000938 0.000024 0.000839 0.001228 -0.000009 0.001249 -0.000358 0.580019
0.178970 0.001256 0.289490 0.000549 0.248441 0.000820 -0.000798 0.001000 0.000134 0.000324 -0.000291 0.000096 -0.000498 -0.000655 0.000852 -0.000732 -0.000550 0.358995 0.327367 0.558410 0.330845 0.404845 0.001606 0.000738 0.001091 -0.000452 -0.000003 -0.000707 -0.000123 0.000312 0.000370 0.000351 -0.000773 -0.001042 -0.000373 0.000634 0.000280 0.000597 -0.000658 -0.000027
0.000714 0.001299 0.000823 0.000989 0.000011 0.000200 0.000809 -0.000444 -0.001066 0.000943 0.000131 -0.000159 0.001094 0.000180 0.000721 0.000600 0.000741 0.001302 0.623875 0.272672 0.291227 0.866137 0.451942 -0.000138 0.000323 -0.000318 -0.000391 -0.001361 -0.000581 0.000296 0.000463 -0.000519 0.000971 -0.000539 -0.000656 -0.000400 0.000188 0.001174 -0.000129 0.460636
0.103117 0.001223 0.001105 0.441682 0.000078 0.001594 0.042328 0.335938 -0.000551 0.001749 0.000777 0.051399 0.000489 -0.000066 0.000920 0.000238 0.067499 0.001165 1.327690 0.601470 1.187119 0.469299 0.992052 0.884509 0.001009 0.001301 0.000472 0.000398 0.013604 0.001269 0.000100 0.000460 0.000185 0.001060 0.000195 0.001029 0.000251 0.163836 0.000702 0.000178
0.040559 0.001593 0.000602 0.001727 0.062246 0.001077 0.000115 0.000927 0.000125 0.064435 0.163158 0.085017 0.387369 0.105957 0.000447 0.000916 0.143766 0.393707 0.001385 -0.000308 0.701038 0.837904 0.174133 1.027413 1.007935 0.001625 -0.000515 0.001032 0.000029 0.001199 0.051892 0.179408 0.001936 0.000844 0.032322 -0.000493 0.000919 -0.000077 0.000863 0.054999
0.689104 0.881913 0.367365 0.160951 0.000079 0.000051 0.054210 0.000019 0.001124 0.406731 -0.000061 0.157057 -0.000769 0.000699 1.083988 0.000663 0.000466 0.001478 0.000382 0.000071 0.000017 0.871093 1.111558 0.080613 0.952927 1.268369 0.000136 0.000001 0.018369 0.000106 0.000296 0.006616 0.000565 0.000189 0.023335 0.144100 0.053229 0.001425 0.144423 0.461103
-0.000090 0.000981 -0.000309 -0.000177 0.000167 -0.000489 -0.000393 -0.001127 0.000345 0.159224 0.001259 0.001281 -0.000155 0.000063 0.000492 0.000968 -0.000490 0.000295 -0.000051 0.000325 -0.000707 -0.000837 0.739782 0.499527 0.315639 1.010013 0.775750 0.000688 0.000602 -0.000263 0.000626 -0.000526 0.278721 0.303630 0.286069 0.000717 0.000464 0.000850 0.000538 0.000098
0.175732 0.000578 0.000654 0.000142 -0.000070 0.000231 0.000895 -0.000359 0.000604 0.001329 0.001171 0.000278 -0.000090 -0.000436 0.000114 0.000810 0.000225 0.001542 -0.000535 0.000450 0.000816 -0.000417 0.000447 0.597956 0.486810 0.268720 0.410487 0.815781 -0.000276 0.001057 0.000472 0.000573 0.001123 0.300597 0.610018 0.147600 0.237029 0.000643 0.068184 -0.000380
-0.000029 -0.000146 0.000756 -0.001014 0.000052 -0.001266 0.000626 -0.001083 -0.000900 0.000530 0.001254 0.000576 -0.001168 -0.000479 -0.000914 -0.001456 -0.000344 0.000473 -0.001136 0.000454 -0.001309 -0.000665 -0.000731 0.000413 0.364738 0.060230 -0.000487 0.001307 0.000088 -0.000513 0.000469 -0.000941 0.000330 0.001007 0.000765 -0.000380 0.001107 -0.000476 0.000724 -0.000396
0.001530 -0.000405 0.000626 0.000774 -0.000775 0.000064 0.000357 0.001367 0.000011 0.000059 0.000639 0.000608 0.000877 0.000044 0.000435 -0.000603 0.000009 -0.000526 -0.000105 -0.000283 0.000491 0.000030 0.000691 0.000184 -0.000055 0.107005 0.000337 0.001010 0.427656 0.000771 0.000636 0.001066 0.000566 0.000826 0.000934 0.001177 0.000917 0.001246 0.001087 0.000204
0.000987 0.000419 0.060780 0.000025 -0.000741 0.000552 0.001199 0.001211 0.000862 0.001066 0.001425 0.000025 0.001485 0.000956 0.000170 -0.000085 0.001164 0.001168 0.001334 0.000903 0.000377 0.000558 0.000643 0.000120 0.001380 0.001276 0.227731 0.540197 -0.000104 0.396410 0.396649 0.000714 0.000254 0.001292 -0.000607 -0.000682 -0.000799 0.000326 -0.000182 0.000520
-0.000654 -0.000125 0.000048 0.000308 -0.000478 -0.000627 0.000670 0.000697 0.000182 -0.000299 -0.000760 -0.000274 0.001295 0.000930 -0.000440 0.000677 -0.000638 0.001114 -0.000359 -0.000177 -0.000112 0.000253 -0.000701 -0.000766 -0.001244 0.000239 -0.000764 -0.000066 0.001281 0.000871 -0.000279 0.000896 -0.000124 -0.000108 -0.000125 -0.000649 0.000687 0.000145 -0.000043 -0.000514
-0.000209 0.000359 0.000189 0.000517 0.000454 0.000730 0.300812 0.000507 0.079185 1.110455 0.097477 0.001040 0.001272 -0.000125 0.001422 0.690611 0.000904 0.000214 -0.000217 -0.000158 0.000242 0.000746 -0.000015 0.001838 0.000050 0.001179 0.521916 0.000970 0.783814 1.245372 0.002179 0.925911 0.693307 0.057953 0.101537 0.161700 0.001271 0.208654 0.019282 0.001253
0.001119 0.000729 -0.000049 0.000230 0.000377 0.000494 -0.000076 -0.001204 -0.000158 -0.000071 0.783344 -0.000379 -0.000363 0.000171 -0.000610 0.001050 0.082469 -0.000601 -0.000338 0.000916 0.000904 0.000528 0.000704 -0.000297 0.000945 -0.000799 -0.000041 -0.000465 -0.000320 0.262217 0.377265 0.000338 0.119011 0.057348 0.001416 -0.000339 -0.000067 0.000420 -0.000265 -0.000204
0.000120 -0.000929 0.000048 -0.000266 -0.000240 -0.000742 -0.000713 -0.000822 0.000598 0.000630 0.966890 0.000905 0.000469 0.000130 0.000897 0.001195 0.001268 0.000004 -0.001568 -0.000344 -0.000362 -0.086072 -0.001188 0.000739 0.000959 -0.000939 0.001186 0.000090 0.000499 -0.000128 0.734438 0.666840 0.000807 1.184583 0.502447 0.000210 -0.000649 0.000824 0.000167 0.000149
0.000302 0.000404 0.000032 -0.001391 0.000269 -0.000172 -0.000873 0.000247 -0.000795 0.000845 0.000532 -0.000492 -0.001025 0.000341 0.000147 -0.000115 -0.000778 0.000106 -0.000108 0.000307 0.000234 0.000094 -0.000342 0.000487 -0.000581 0.000362 0.000744 0.000472 0.000735 0.000269 0.000559 0.161347 0.251693 0.000284 0.545478 0.315392 0.401105 0.000545 0.000998 -0.001080
0.000933 -0.000045 0.000385 -0.000456 0.000086 -0.000156 -0.000097 -0.000696 0.075952 0.044678 0.001376 -0.000316 0.001149 -0.000386 0.000958 0.001183 0.000323 -0.000147 -0.001350 -0.000043 -0.000795 -0.000364 -0.000894 0.001380 -0.000391 0.312747 0.000849 0.000000 -0.000243 -0.000651 -0.000005 0.000407 0.157220 0.085958 0.000404 0.503487 0.329201 -0.000712 0.000918 0.000064
-0.000686 0.001035 -0.000584 0.000480 0.000339 0.000749 -0.000206 -0.000967 -0.000446 0.000723 0.073747 0.000822 -0.000241 0.000031 0.000799 0.000282 0.000500 -0.000172 -0.000846 0.000059 -0.000433 -0.000361 -0.000081 0.000957 -0.000581 -0.000286 0.000058 -0.000270 0.000244 -0.000195 0.000727 0.001606 0.000394 0.112036 0.732029 0.000183 0.682500 0.408724 0.000550 0.000150
0.001641 -0.000244 -0.000155 -0.000000 0.000773 0.000950 -0.000146 0.256923 0.385972 0.001193 0.000373 -0.000096 0.001819 0.000482 0.000391 0.001504 0.000473 0.099077 -0.000601 0.001182 0.000583 0.001200 0.000568 0.000097 0.000107 0.001634 0.105687 0.479758 0.249229 0.000811 0.766137 0.587594 0.000013 0.344764 0.894312 0.689889 0.064522 0.746968 0.784680 0.000456
0.001449 0.001383 0.000610 0.005207 0.000513 0.174233 0.001053 0.001216 0.000237 0.001324 0.000252 0.000342 0.000292 0.001386 0.000132 0.000343 0.000930 0.869194 -0.000229 0.000106 -0.000322 -0.000934 0.000675 -0.000547 0.000890 -0.000312 0.000171 0.000931 0.000088 0.000389 0.000953 0.001053 -0.000513 0.000318 0.000072 0.097318 1.088398 0.000148 0.393190 0.869312
0.336400 0.000549 0.000188 0.001807 -0.000095 0.232179 0.232384 0.001185 0.000621 0.000134 -0.000500 0.000780 0.001440 0.000254 0.001208 0.001550 0.001131 0.001584 0.001478 0.000076 0.055338 0.001507 0.001134 0.000639 0.000618 0.000240 0.000945 0.000786 0.109533 0.000763 0.000568 0.183413 0.000643 0.000303 0.000644 0.000144 0.033366 0.129609 0.001083 0.503879
0.001275 0.205981 0.038962 -0.000345 0.000864 0.039392 -0.000473 -0.000635 0.001081 -0.000787 0.000281 0.000889 0.000348 -0.000316 0.000088 0.000147 -0.000749 0.001022 0.001483 0.054216 0.510971 0.195233 0.000617 -0.000179 -0.000020 0.000550 -0.000135 -0.000092 0.000558 -0.000167 0.000472 -0.000231 -0.000622 0.000314 0.000254 0.000232 0.000189 1.134391 0.672775 0.000630
