0.000593 0.000547 0.017682 -0.000454 0.000366 0.000886 0.000814 0.000482 0.000332 0.001377 -0.000702 0.001489 0.000510 0.000725 0.000595 0.000441 -0.000265 -0.000178 0.000641 0.001105 0.000178 0.000330 -0.000163 0.000860 0.000795 0.122301 0.001252 0.076917 -0.000675 0.001119 0.001124 -0.000107 0.000514 0.000797 0.000781 0.001371 -0.000410 0.000259 0.000113 0.000980
0.040219 0.000099 0.069879 0.000540 0.000435 0.000482 -0.000723 0.001083 -0.000298 0.001205 0.000888 0.000314 -0.000134 -0.000112 -0.000325 0.000009 0.001239 0.267119 -0.000537 -0.000435 -0.000992 -0.000929 -0.000216 0.000063 0.000623 0.000110 0.000933 0.000128 0.000375 0.000763 0.000631 0.000257 0.001124 -0.000112 0.000259 -0.000196 -0.000886 -0.000155 0.000308 0.000767
0.536210 0.001582 -0.000605 0.311720 0.000622 -0.000171 0.000654 0.000838 0.000540 0.000875 0.000350 0.000110 0.000206 0.001445 -0.000358 0.000088 0.000565 -0.000504 -0.000110 0.324496 0.000235 0.000980 -0.000337 0.000778 0.001537 0.000140 -0.000378 0.022955 -0.000069 0.000986 -0.000150 0.000936 0.000709 -0.000014 0.000808 0.000844 0.000526 0.000617 0.001142 -0.000114
0.001089 0.000868 0.001203 -0.000113 -0.000118 0.001661 -0.000668 0.001076 -0.000709 -0.000514 0.000994 -0.000572 -0.000223 0.000289 -0.000719 -0.000338 -0.000290 0.000155 0.000290 0.000563 -0.000297 0.000312 -0.000819 0.000862 0.000121 0.000613 0.000552 -0.000446 -0.000156 0.000851 -0.000442 0.000541 0.000383 0.000459 0.001128 -0.000591 -0.000390 0.000467 -0.000025 0.001054
0.000382 0.000360 0.809536 0.190938 0.001156 0.747862 0.075112 0.000543 0.000472 -0.000077 0.000194 0.001603 -0.000430 0.000115 0.000938 0.005597 0.000149 -0.000524 0.000237 0.000983 0.557027 -0.000269 0.000609 -0.000092 0.000802 0.000740 -0.000759 0.001225 -0.000152 0.000133 0.000303 0.001632 -0.000202 -0.000411 -0.000093 0.000239 0.143623 0.000514 -0.000948 0.000440
-0.000593 -0.000730 -0.001579 -0.000080 0.001184 -0.001181 0.001432 0.001012 0.000095 0.000258 0.000495 -0.000645 -0.000213 0.000856 0.018099 -0.000972 0.000676 0.000873 -0.000114 -0.001342 -0.000678 -0.001333 -0.000425 0.000496 0.000310 -0.001494 -0.000011 -0.000008 -0.000826 -0.000767 -0.000556 0.000483 -0.000338 0.000346 -0.000467 0.000095 -0.000476 -0.000721 -0.000353 -0.000122
0.086156 -0.000594 -0.000132 -0.000202 0.450435 0.849909 -0.000296 0.001401 0.083371 0.001063 0.000333 -0.000516 0.001480 0.000498 0.000918 0.000391 0.000435 0.000402 -0.000086 0.000063 0.000209 -0.000652 0.000793 0.001247 0.000255 0.000581 0.001124 -0.000539 -0.000059 -0.000608 0.000040 -0.000444 0.001516 -0.000343 -0.000470 0.000040 0.001150 0.000578 0.000397 -0.000660
0.000599 0.000143 0.000701 0.000659 0.102425 0.314918 0.433605 0.331760 0.879737 0.457186 0.000517 0.000632 0.000021 0.000786 0.001896 0.000869 0.000251 0.232432 0.000265 -0.000337 -0.000441 -0.000191 -0.001215 0.000641 -0.000404 0.000700 0.000812 0.001339 0.001198 0.001519 0.426064 0.000370 -0.000089 0.000804 -0.000176 0.000777 0.000595 0.000346 -0.000551 0.001296
0.000103 0.000514 -0.000135 0.000953 0.000845 -0.000334 0.429017 0.834249 0.034197 0.469876 0.594733 0.000102 0.022089 -0.000071 -0.000466 0.000566 0.001262 -0.000775 -0.000664 0.000420 0.001502 -0.001393 0.001043 0.117278 0.000881 0.000387 0.000815 -0.000307 0.000566 0.000620 0.001089 -0.000381 0.000364 0.085288 0.001290 0.000195 0.024562 0.012454 0.000049 0.001027
0.000476 0.000512 -0.000141 0.000860 0.000246 0.000746 -0.000396 0.001214 0.413927 0.000329 0.301618 0.892642 -0.000607 0.000163 0.000061 0.000728 0.000738 0.001563 0.001075 0.000799 -0.000094 0.000169 -0.000050 -0.000068 0.821971 0.233931 0.179056 0.001414 0.354230 0.000499 0.399834 0.000257 0.029590 0.000218 0.001169 0.046122 0.012323 0.001042 0.010531 0.000601
0.000390 -0.000671 -0.000485 0.000126 0.000262 -0.000609 0.001152 0.000982 0.000553 0.001013 0.000659 0.000452 0.000552 0.000576 0.000435 0.001032 -0.000666 0.000408 -0.000915 0.000572 0.000257 0.000290 0.000250 0.000030 -0.000589 -0.001196 -0.000528 0.000978 0.000791 -0.000171 0.000283 0.000800 -0.000400 0.000241 -0.000232 -0.000847 0.000162 0.000773 -0.000041 0.000486
0.000538 0.293088 0.001435 0.163487 0.027374 0.000013 0.545945 0.000439 0.000282 1.085694 0.693872 0.000755 0.361749 0.544629 0.000210 0.000897 -0.000072 0.000183 0.001031 0.000845 0.001290 0.000331 0.000846 0.000362 0.000472 0.186857 0.376579 0.000311 0.001115 0.128324 0.001496 0.370887 0.000966 0.001529 0.143077 0.097951 0.000156 0.265743 0.175758 0.712262
0.000113 -0.000319 0.001152 -0.000525 0.000989 0.000685 -0.000546 -0.000075 0.000632 -0.000203 0.000247 0.001628 0.000233 -0.000367 0.001694 0.000667 0.001240 0.000160 0.000848 0.000581 0.001239 0.000187 -0.000421 0.000407 0.000659 0.000639 0.000206 0.000701 0.001335 0.000129 0.000495 -0.000236 0.000397 -0.000544 0.000725 -0.000230 0.000722 0.000226 -0.000969 0.001174
-0.000291 -0.000809 -0.000616 0.000520 0.000849 0.000797 -0.000455 0.001051 0.000839 0.000579 -0.000180 0.465229 0.001691 0.000327 0.494498 0.024275 -0.000443 -0.000373 0.000029 0.000641 -0.000504 0.001048 0.001035 -0.000615 0.001181 -0.000476 -0.000636 0.000182 -0.000396 0.000671 0.001267 0.000054 0.001330 0.000207 0.000848 0.000788 0.000248 -0.000685 0.000601 0.001521
0.000529 -0.000781 0.000099 -0.000216 -0.000881 0.000843 0.000861 -0.000409 -0.000419 -0.000001 -0.000984 -0.000363 0.000458 0.001123 -0.000176 -0.000231 0.001209 -0.000779 -0.001246 -0.001061 0.000329 -0.000057 -0.001329 0.000139 -0.000295 0.000403 0.000864 0.000070 0.000397 -0.000529 -0.000014 0.000055 -0.000300 0.000681 0.001021 -0.000475 -0.000085 0.000803 -0.000905 -0.000248
0.001099 0.000749 0.000790 -0.000258 0.000268 -0.000242 0.000101 -0.000186 0.001068 -0.000516 0.000651 0.000145 0.000942 0.150188 0.246516 0.000850 -0.000117 0.362223 -0.000518 0.000068 0.000776 0.000410 0.000880 0.000474 0.000033 0.000581 -0.001004 0.000106 -0.000483 0.000399 0.105607 0.000568 -0.000278 0.000799 -0.000097 0.000997 -0.000493 -0.000596 0.000190 0.000439
0.000067 0.001131 -0.000350 0.000239 -0.000350 0.001480 -0.000418 0.001065 -0.000806 0.000123 0.001355 0.001288 -0.000210 0.001516 0.893733 0.938601 0.000156 0.877712 0.266546 -0.000113 -0.000227 0.000620 0.001317 -0.001179 0.000957 0.000899 0.000281 0.001233 0.000519 0.000696 0.000477 0.050880 0.000650 0.000436 -0.000545 0.398622 0.000008 0.083316 0.000454 0.068182
0.384700 0.493265 0.001045 0.000624 0.001300 0.001580 0.001281 0.334304 -0.000411 0.000808 -0.000181 0.000010 -0.000463 0.001138 0.000497 0.663695 0.578503 0.549745 0.761364 0.684218 0.001107 0.001022 0.001640 -0.000100 0.001036 -0.000458 0.000116 0.001107 0.008644 0.371234 0.107232 -0.000433 -0.000841 0.001023 -0.001032 0.001304 -0.000026 0.280869 0.138972 0.001348
0.000017 0.785172 0.735811 0.106227 0.811612 0.143276 -0.000239 0.001393 0.000032 0.000587 0.001336 0.003377 0.000922 0.022995 0.382452 0.000030 0.984193 1.293202 0.886370 1.367441 1.371138 1.185030 0.592628 0.000060 0.001050 0.000001 0.000713 0.001528 0.001077 0.000850 0.000500 -0.000006 -0.000138 0.000946 0.000494 0.001051 0.000777 0.001105 0.001151 0.523102
0.067904 -0.000250 0.242490 0.000828 0.201693 -0.000220 -0.000735 -0.000143 0.000115 0.000855 0.001391 0.000284 -0.000600 0.000414 0.000227 -0.000758 -0.000525 0.182760 0.287607 0.445422 0.437562 0.316870 0.000416 0.000683 0.000164 -0.000438 -0.000682 0.000461 0.000177 -0.000020 0.001358 0.000265 -0.000551 0.000420 -0.000230 -0.001028 0.000516 0.001124 0.000080 0.001619
0.000837 0.001053 0.000665 0.001476 0.001194 0.000276 -0.000771 0.001203 0.000684 -0.000315 0.000622 0.000893 0.000377 -0.000829 0.000165 0.000117 0.000043 -0.000104 0.629590 0.298872 0.288874 0.932571 0.512063 0.000196 0.000842 -0.000937 -0.001101 -0.001062 0.000984 0.000245 -0.000941 0.000389 0.000433 -0.000320 0.000135 0.000070 0.000480 0.000129 0.000771 0.515188
0.129408 0.000601 0.001208 0.488430 0.001386 0.000160 0.062713 0.348157 -0.000160 0.000419 0.000621 0.005395 0.000335 0.000398 0.000063 0.001280 0.134289 -0.000224 1.329033 0.632296 1.117458 0.552206 1.019679 0.843799 0.000822 -0.000155 -0.000053 0.000729 0.022922 0.001388 0.001240 0.000592 0.000693 0.001248 0.000122 0.000852 0.000009 0.141114 0.000241 0.016892
0.002468 0.001408 -0.000207 -0.000069 0.048622 0.001414 0.000196 0.000874 0.000768 0.006895 0.203356 0.100906 0.357837 0.102335 0.016073 0.000273 0.095197 0.504753 0.001734 0.000919 0.673891 0.776292 0.194608 0.945215 0.940338 0.000733 0.000101 0.000191 0.000274 0.000470 0.099520 0.037223 0.064896 0.001445 0.000095 0.000047 0.001529 -0.000240 0.001233 0.000154
0.753597 0.924883 0.352062 0.138682 0.001028 0.001412 0.095357 0.001410 0.001707 0.499744 0.000373 0.175800 0.000750 0.000932 0.997255 0.000663 -0.000530 0.049495 0.000518 0.075403 0.105760 0.988306 1.158377 0.176429 1.061472 1.283187 0.000626 0.000223 0.066238 0.183612 0.001164 0.084586 0.000576 0.000367 0.083021 0.139760 0.000773 0.000458 0.096544 0.419212
-0.000089 0.000783 0.000635 -0.000328 -0.000910 -0.000469 0.000839 0.000721 0.001113 0.188938 0.253649 0.000249 0.000765 0.000560 0.000774 0.001204 0.000481 -0.000273 0.001336 0.001160 0.000282 0.000134 0.841031 0.510178 0.442207 1.107909 0.665480 0.000145 0.000997 0.001281 0.000036 0.001321 0.187467 0.387435 0.504527 0.001258 0.000554 -0.000526 -0.000002 0.000922
0.110127 0.000813 0.000387 0.000091 0.001089 -0.000541 0.001816 0.000175 -0.000066 0.097747 0.000815 0.000233 0.000561 -0.000291 -0.000075 0.001495 0.000842 -0.000152 0.000803 0.001039 0.000427 -0.001044 0.000059 0.550475 0.453899 0.240990 0.657867 0.862736 -0.000263 0.000957 -0.000229 0.000895 0.051117 0.210169 0.635358 0.227328 0.241950 0.000747 0.062644 0.000266
0.000495 0.000545 0.000426 0.000655 -0.000581 -0.000902 -0.000565 -0.000689 0.000320 -0.000563 0.001177 0.000446 -0.000211 -0.000045 -0.001120 0.000274 0.000633 -0.000755 -0.000493 -0.000653 -0.001449 -0.000499 0.000437 0.000129 0.106964 0.001380 0.001188 0.001254 -0.000108 0.000376 -0.000401 -0.000763 0.001498 0.001314 -0.000167 0.000829 -0.000307 -0.000242 0.000123 -0.000281
0.001088 -0.000273 0.001006 -0.000456 -0.000136 -0.000702 0.000668 0.000189 -0.000123 -0.000041 0.000652 0.000364 0.000861 0.000803 -0.001181 -0.000121 0.000152 0.000391 0.001463 -0.000169 0.000319 0.000695 0.001070 0.000082 0.001231 0.023223 0.001043 0.000267 0.255367 -0.000022 0.000522 0.000076 0.000255 -0.000461 0.000850 0.000932 0.001737 -0.000071 -0.000098 0.000945
0.001438 -0.000365 0.016692 0.000371 -0.000416 0.000473 0.001025 0.000713 0.000760 0.000088 0.000825 -0.000221 0.000756 0.001289 0.000399 -0.000376 0.000685 -0.000379 0.001373 -0.000037 0.000220 0.000128 -0.000006 0.000855 0.000583 0.001179 0.168359 0.511297 0.000822 0.394337 0.227866 0.001200 0.001078 -0.000224 0.000109 0.000355 -0.000462 0.000253 0.001257 0.000544
-0.000533 -0.001350 0.000075 0.000574 0.000176 -0.000147 0.000314 -0.000078 0.000192 0.000555 -0.000326 0.000737 0.000520 -0.000062 0.001442 0.000089 0.000331 0.001235 -0.000867 -0.000071 -0.000958 -0.001142 0.000372 -0.000667 -0.001076 0.000497 -0.000541 -0.000081 0.000399 -0.000874 0.000566 0.000201 0.001291 -0.000334 -0.000189 -0.000845 -0.000610 0.001720 0.000071 0.000212
0.001783 0.001229 -0.000668 0.091798 0.103137 0.001039 0.416982 0.024804 0.125580 1.137537 0.053846 0.000573 0.000227 0.000598 0.000621 0.738746 0.000475 0.000289 0.000035 0.001164 0.000140 -0.000661 0.001312 0.006201 -0.000385 0.001619 0.313212 0.000898 0.859482 1.119857 0.046552 1.086951 0.727664 0.159792 0.227531 0.314269 0.023470 0.290619 0.016276 0.000801
0.000241 0.000336 -0.000500 -0.000515 -0.000062 0.000455 -0.000654 -0.000381 -0.000301 0.001044 0.364379 0.000446 -0.000694 0.001323 -0.000219 0.001282 0.000705 0.001338 0.000547 0.000994 0.001178 0.000134 0.000179 0.000657 0.000066 -0.000317 -0.000024 0.001310 -0.000030 0.068557 0.218417 0.001548 0.137375 0.087282 0.001322 -0.000560 0.000425 0.001081 0.001181 -0.000276
-0.000407 0.000264 -0.000414 0.000238 0.000300 -0.000273 0.000819 0.000726 0.000848 0.000014 0.775122 0.001047 0.000378 0.000571 0.001627 0.000222 -0.000154 0.000648 0.000575 -0.001337 -0.000487 -0.062350 -0.000655 0.000412 0.000655 -0.001096 0.000694 -0.000580 -0.000316 -0.000396 0.752236 0.650075 0.001023 1.169453 0.554529 -0.000188 0.001243 0.000481 0.000285 0.001330
-0.000898 0.000767 -0.000132 0.000013 0.000161 0.000376 -0.001047 -0.001022 -0.000994 -0.000407 0.000758 0.000503 0.000037 -0.000024 0.000450 0.000627 0.000206 -0.000463 -0.000046 -0.000896 0.000176 -0.000043 -0.000058 -0.000107 0.000116 0.000389 -0.000791 0.000908 -0.000269 -0.000451 0.000441 0.001431 0.427713 0.000671 0.390990 0.295931 0.353401 -0.000906 0.000305 0.000670
0.001335 -0.000859 0.000706 0.001161 0.000062 0.000179 -0.000074 -0.000062 0.039242 0.001187 0.000904 -0.000254 0.000057 -0.000548 0.001137 0.000516 -0.000747 0.000165 -0.000608 0.000534 -0.000353 0.000386 0.000790 0.000040 0.000185 0.180907 0.000871 0.000523 0.000560 0.000608 0.000961 0.001072 0.182608 0.148081 0.000765 0.378031 0.319952 0.000879 0.001399 -0.000205
0.000033 0.001026 0.000129 0.000741 -0.000347 -0.000315 0.000936 0.000505 0.000237 0.001370 0.000182 0.000637 0.000067 -0.000476 -0.000544 0.000121 -0.000173 0.000945 -0.000987 -0.000167 -0.000581 0.000286 0.001113 -0.000029 0.000003 0.000144 0.000548 0.000888 0.000522 0.000307 -0.000787 0.000572 0.001029 0.204384 0.562669 0.001437 0.640234 0.081429 0.000842 -0.000598
0.000657 0.000068 0.000527 0.001483 0.000498 0.000781 0.001240 0.330690 0.467690 0.000971 0.067073 0.001151 0.001933 0.000709 0.000810 0.001520 0.000243 0.174173 0.000684 -0.000670 0.001188 -0.000046 -0.000041 0.000848 0.000840 -0.000010 0.224532 0.528169 0.317898 0.188907 0.664430 0.716556 0.000321 0.257258 0.805943 0.655407 0.124407 0.801438 0.832712 0.001251
-0.000111 -0.000007 -0.000245 0.059187 0.048565 0.215552 0.000949 0.001564 0.000268 0.000669 -0.000624 0.000249 -0.000066 0.000343 -0.000109 0.000729 -0.000447 0.851179 0.000898 0.000943 0.001322 -0.000503 0.000971 0.001250 0.000320 -0.000782 0.000999 0.000930 0.000783 0.000875 0.000500 -0.000157 0.000674 -0.000231 -0.000686 0.068849 0.958971 -0.000452 0.313597 0.674729
0.563150 0.001574 -0.000355 0.039478 0.000392 0.360951 0.347647 0.112241 0.001100 0.078541 -0.000732 0.001047 0.001304 0.000667 0.000809 0.000118 0.000931 0.000184 0.001112 -0.000388 0.000456 0.001354 0.000983 -0.000384 -0.000496 0.000826 0.000710 0.000277 0.261292 0.000497 0.001514 0.157007 0.000498 0.000337 0.000844 0.000072 0.086862 0.367159 0.000383 0.348803
0.000793 0.215051 0.008354 0.000764 0.000847 0.079759 -0.000540 0.000038 -0.000260 -0.000131 -0.000935 -0.000752 -0.000636 -0.000503 -0.000160 -0.000400 0.000520 0.001073 0.000943 0.000573 0.375695 0.026423 0.000923 0.000209 -0.000794 -0.000582 0.000160 -0.000056 0.001055 0.001679 0.000585 -0.000896 -0.000593 0.000400 0.000717 0.000092 -0.000463 0.991059 0.578040 0.000487
