-3.7348	-0.75236	1.6107	-0.72654	1.5222	-1.279	0.57421	1.9072	1.2805	0.93675	-2.6589	-2.6744	-3.767	-3.0004	3.3084	1.0245	-3.8668	-1.7074	0.042155	-1.037	-2.7748	2.9781	4.7449	-1.3201	-0.85796	-3.8172	1.2728	-3.3932	-0.857	1.6073	1.0181	6.8448	-0.85822	-2.1399
1.2577	2.5603	3.954	-1.4061	4.7509	-4.2617	-0.71342	-1.6802	-0.32455	1.8753	-4.1965	3.1631	0.069386	2.8113	1.7729	-0.75395	-3.9305	3.752	3.6335	1.268	-3.7412	-0.98265	3.2753	0.87522	-1.7426	3.7656	2.3569	-0.97609	3.5856	-2.0129	1.9285	-3.9254	0.96547	-3.6237
2.0079	1.8994	0.15346	-0.080539	3.2583	-3.477	0.035102	3.7617	7.8432	4.6934	-6.7344	3.3061	0.78862	2.8495	0.76359	-1.414	-3.4178	3.9098	-0.53386	0.084377	-4.7784	-4.7415	2.685	0.71631	0.96865	3.9565	1.3571	0.34266	-0.55684	1.1469	2.4698	5.5863	2.5097	-3.9551
4.4207	2.3936	3.6833	3.1154	-1.1432	-5.334	-4.3794	2.8436	4.2616	2.4591	-3.2221	3.2632	1.5115	2.4235	5.176	5.9842	-2.4208	4.3348	3.4022	5.5016	-3.9745	-3.4845	3.6777	5.572	1.4842	1.7387	3.0988	1.3214	3.9534	4.874	3.3516	2.4533	-1.165	-2.0106
1.4321	5.9315	4.3663	4.7342	1.6315	-3.9282	-8.422	5.805	5.7404	4.8302	-3.8375	4.7953	1.6714	2.7888	2.5156	4.6502	-7.0087	3.5285	1.2768	4.7167	-3.5224	-4.2937	3.5812	1.037	5.5381	-0.24173	3.4273	2.4552	3.2747	2.3692	2.2081	4.2065	3.4513	-1.7304
0.41068	4.0553	2.6121	8.7122	-1.0117	-5.7971	-5.9512	-0.52109	1.3295	-0.15053	-4.3589	5.3428	3.2507	1.6325	2.2152	2.4061	-9.1335	4.4495	2.6951	3.6218	-1.598	-6.5513	1.6358	2.2285	2.4969	2.2779	0.63304	-3.0792	2.9327	2.6765	2.8553	-0.61039	0.55536	-4.575
1.2481	-1.8978	-2.9482	1.5328	0.0001409	-0.12609	2.5417	0.68996	0.73894	2.2573	1.9185	0.48181	-1.9912	-1.6332	2.4273	-2.9599	-0.063419	-2.0854	3.0061	1.3357	0.0029618	-0.18157	-2.7656	1.1428	-2.8735	-2.6913	0.13596	-2.5325	1.998	1.9942	1.3969	-2.1988	1.0023	0.11678
1.5102	1.6638	-4.32	2.2214	1.0503	0.25968	0.56703	1.6831	2.2395	2.922	0.48802	2.246	0.12872	-3.8363	2.5572	-4.699	0.2747	0.608	2.7168	2.1431	1.8809	-1.1889	-3.0612	2.6218	-3.2566	-3.1562	1.8692	-3.9088	2.2658	1.6514	2.0199	-4.2786	2.0964	2.1406
2.3464	2.6638	-3.9381	2.6184	1.1858	0.17768	0.54879	2.3807	2.7127	3.2396	0.44736	3.3654	2.6967	-3.9231	2.8715	-4.7715	0.2245	2.7533	2.884	2.912	2.5162	-3.9112	-3.1753	2.7696	-3.5388	-3.3628	2.5261	-3.8762	2.415	2.0951	2.6487	-4.1159	2.4039	2.4301
2.9537	3.1208	-3.4832	3.2385	1.2731	-0.059909	0.43223	2.935	3.1491	3.6166	0.29026	4.3135	3.671	-3.4207	3.2076	-4.5466	0.13026	3.5666	3.1948	3.4178	2.8972	-4.441	-2.9402	3.0431	-3.3776	-3.2035	2.9262	-3.593	2.7716	2.4435	3.0562	-3.7966	2.7478	2.787
4.1845	3.8124	-2.8783	3.9749	0.59846	-1.0345	-0.49988	3.656	3.7377	4.0573	-0.82881	5.2473	4.5064	-2.7523	3.5921	-4.2173	-0.41726	4.3507	3.5754	4.0963	3.2903	-4.3708	-2.5765	3.4156	-3.0295	-2.8636	3.3117	-3.1903	3.2245	2.827	3.5454	-3.3233	3.1737	3.2261
4.8807	4.838	-2.1643	4.8321	-1.0877	-1.8089	-1.5044	4.5109	4.3995	4.6347	-1.751	6.2186	5.4142	-1.9646	4.0875	-3.7888	-1.4029	5.2743	4.0705	4.9277	3.7903	-5.9607	-2.0876	3.9157	-2.5454	-2.3911	3.7863	-2.6504	3.8069	3.3185	4.2116	-2.788	3.7162	3.7836
0.93567	1.8861	-0.29015	-0.42458	2.043	-2.6158	-2.3037	-2.0511	-0.68491	2.0811	1.9051	-2.7602	-0.63266	0.16878	-0.5225	0.98508	0.80367	-1.3063	-0.42923	-3.0427	3.0399	-2.0902	-2.473	-0.80127	-1.8958	-0.064762	-1.008	2.8362	2.6397	-2.8092	1.4937	-1.4499	-0.48459	0.30063
0.83587	0.84256	-0.18178	0.89491	1.6047	-5.2722	-4.9885	0.44138	0.42715	3.8535	1.0169	-0.61777	1.3975	0.37568	-0.22376	-1.1828	1.3218	1.2576	-0.22194	-1.2911	5.0004	-5.2647	-0.51932	-0.69243	-1.1486	-0.70704	-0.76862	4.9287	4.8937	-1.256	0.40646	-1.3698	-0.71372	-1.0001
0.69933	0.76379	0.078823	0.97972	0.82022	-6.0752	-5.8142	0.63363	0.42429	6.4566	0.25946	1.3849	1.7826	0.38379	0.078366	-1.291	0.53444	1.5687	0.064003	0.84314	5.9549	-6.3763	0.11999	-0.18071	-0.44069	-0.27338	-0.2993	5.8059	5.982	-0.75383	0.29477	-0.63238	-0.31483	-0.28237
0.84528	1.0259	0.5043	1.2263	0.54833	-6.4274	-6.1529	0.88007	0.79104	7.3327	-0.031745	2.382	1.9976	0.68974	0.57011	-0.94993	0.01568	1.7568	0.55347	1.2755	6.5415	-6.5317	0.66641	0.36873	0.15793	0.31143	0.24261	6.3619	6.5484	-0.21919	0.66989	-0.087119	0.17772	0.23809
1.0347	1.3107	0.86668	1.5001	0.49032	-6.5846	-6.2854	1.1555	1.1601	7.8485	-0.12788	3.3404	2.2259	1.003	1.0425	-0.53327	-0.23073	1.9785	1.0254	1.5732	7.0259	-6.4845	1.1485	0.85364	0.66049	0.8179	0.73752	6.8305	6.9934	0.2657	1.0625	0.36085	0.62753	0.68652
1.1372	1.5763	1.1795	1.7524	0.49787	-6.6528	-6.3325	1.4057	1.4854	8.2553	-0.15288	5.0729	2.4564	1.2822	1.467	-0.11478	-0.33479	2.2037	1.4497	1.8433	7.4504	-6.3921	1.5757	1.2784	1.09	1.2528	1.1774	7.2369	7.3756	0.69511	1.42	0.73618	1.0265	1.0804
-0.51657	3.0336	-1.2469	1.2629	1.0446	0.24571	1.2441	1.0458	-2.0213	-2.3361	3.1342	-2.0654	-2.9353	0.38433	2.3981	1.0624	-1.9441	-0.8232	-0.24664	3.0247	-2.1578	2.2327	0.90912	-0.77701	-1.941	-0.45057	-0.1129	-2.3826	0.56211	-1.7195	-0.72459	0.52115	-1.5587	-1.316
-0.054734	6.3153	-0.46156	0.22189	0.4871	-0.63104	-0.39388	0.10843	-0.24987	-0.24309	0.091065	0.30517	-0.39481	-0.26366	5.1618	-1.181	-0.86547	0.34117	-0.30846	6.0578	-0.84449	-0.15736	0.43586	-0.53706	-0.69793	-0.45867	-0.48077	-0.90345	-0.51149	-1.0872	-0.45804	-0.91574	-0.76638	-0.7294
0.15572	6.6353	-0.082333	0.48435	-0.13333	-0.92642	-0.65454	0.19477	0.23011	0.54632	-0.70712	1.4423	0.9422	0.048975	6.2917	-1.2289	-0.87148	0.93704	0.11164	6.8804	-0.20469	-0.77836	0.36904	-0.053004	-0.23236	-0.068485	-0.14538	-0.3719	-0.20788	-0.63556	0.11918	-0.5394	-0.28472	-0.2328
0.42057	6.9772	0.2948	0.85483	-0.20648	-1.0437	-0.73611	0.52852	0.60895	1.0341	-0.83674	2.3411	1.4522	0.40444	6.8237	-0.93497	-1.002	1.2951	0.54182	7.25	0.25505	-0.78772	0.6917	0.37417	0.19022	0.35375	0.27404	0.04928	0.18977	-0.20923	0.51776	-0.14429	0.12851	0.1807
0.65878	7.3043	0.64238	1.1839	-0.15257	-1.0832	-0.74166	0.84822	0.95952	1.4375	-0.83773	3.5242	1.8149	0.73679	7.2387	-0.57856	-1.0578	1.6095	0.94105	7.5774	0.65733	-0.68781	1.0725	0.77011	0.58538	0.75124	0.67707	0.43724	0.56625	0.18942	0.88538	0.22551	0.51268	0.56373
0.77079	7.5698	0.92822	1.4405	-0.10276	-1.0927	-0.7312	1.0957	1.2528	1.7907	-0.81966	5.9368	2.0959	1.0016	7.6075	-0.21832	-1.0704	1.8638	1.3072	7.8437	1.0227	-0.59664	1.4364	1.1322	0.94401	1.1135	1.0506	0.78659	0.8997	0.55606	1.2106	0.54172	0.85877	0.90576
-0.0094641	1.7137	3.5894	2.5086	-1.5652	3.2409	-6.0809	2.9981	2.7406	2.5332	-0.76404	0.042365	-3.425	-0.30421	0.37528	-1.3387	-3.9736	0.85984	-5.8326	1.0406	-2.5853	0.6936	-0.29363	0.33733	-1.1921	-1.5468	1.4757	-0.40271	-1.962	-0.59719	3.5911	3.8981	4.589	1.2107
0.88934	1.701	4.6504	-2.0215	0.55822	-1.9721	-3.4237	-0.13817	-0.89445	1.7315	-3.3869	1.5976	-0.95831	4.456	0.96958	-4.5786	-2.5871	4.7388	-1.6496	2.1945	-0.65269	2.1138	0.016306	3.7508	-4.3008	-4.0783	0.74684	2.6572	0.027966	-0.71952	2.0754	1.2454	1.5645	-1.2001
1.5196	2.1098	0.5717	-0.17582	-1.1047	-0.28704	-1.7142	3.8187	0.89083	4.0888	-1.7236	4.2683	2.6305	0.8513	3.5513	-0.46896	-2.8953	4.9262	0.81296	2.6601	4.0829	-0.2597	1.6754	1.0619	-4.8987	-2.6974	4.7314	2.3141	0.3098	0.032498	2.9806	1.5082	4.0584	2.0687
2.3627	4.0551	3.3552	0.42255	-5.1607	-4.6762	-3.7387	1.5673	1.6365	4.4811	-5.0436	6.1127	2.331	1.2348	2.7942	-7.3451	-3.9551	1.178	6.2653	2.0589	1.4273	1.4536	1.8064	4.1161	-0.39012	-1.2895	2.446	2.8372	3.1509	3.2677	3.7605	4.9917	3.9396	3.6054
1.3347	3.7315	2.4901	4.3326	-2.7192	-3.1054	-5.8746	6.5382	3.9437	3.7841	-5.1111	4.779	4.6582	-0.006333	3.5198	-8.1675	-3.0686	-0.076733	2.834	1.5337	2.4537	-2.0338	2.3776	1.9168	-1.8829	-6.303	0.48274	1.5353	2.7017	2.4405	5.2073	1.491	3.1433	3.0705
2.5547	7.0069	4.3879	6.556	-4.7873	-4.3808	-5.0799	1.6617	5.2913	5.0569	-3.7594	6.8779	5.6504	5.0733	3.6944	-6.4385	-3.5195	6.0141	2.5638	4.5869	4.8053	-4.0866	5.3599	3.6355	-3.9137	-1.1429	-0.73097	3.2726	1.1015	3.4364	4.3678	2.8172	1.6887	4.7153
3.0289	1.6895	0.51148	2.6898	0.50297	-3.0333	-2.381	2.2778	-0.098618	2.1657	-1.8249	0.32839	0.81567	-2.9391	0.7204	-0.86406	-2.8289	-0.0655	-1.931	-2.367	-1.8495	-2.2199	-1.9526	-2.8721	0.84904	-1.3699	0.24239	1.2256	-0.0055514	0.22483	-0.34425	-2.3617	-0.060556	2.2168
2.3566	2.4472	1.6316	2.5876	2.3034	-4.093	-3.9839	2.3109	1.4497	2.4642	-4.1658	2.687	3.0436	-4.254	0.86924	-0.86712	-3.6512	2.6255	0.13208	-2.4314	-0.12123	-4.3921	0.23847	0.26393	1.135	-0.00066646	0.5932	0.7133	1.2221	-0.17196	1.067	-5.4632	0.28047	0.39357
2.4189	2.5819	1.8345	2.7353	2.2396	-4.6615	-4.4024	2.4081	1.9478	2.6229	-4.5976	3.8113	3.4849	-4.1816	1.3623	-0.35861	-4.4269	3.2436	1.2431	-2.6152	0.97084	-4.8055	1.3575	1.2258	1.1397	1.2174	1.0284	1.0731	1.3495	0.57535	1.7395	-5.4017	1.0412	1.1193
2.4769	2.7238	2.1385	2.9126	2.1042	-4.9123	-4.6292	2.57	2.3586	2.8566	-4.7723	4.7535	3.7008	-3.9443	2.004	0.19947	-4.7982	3.4615	1.9725	-3.112	1.6973	-4.8743	2.0912	1.8506	1.6743	1.8105	1.6713	1.6088	1.8228	1.2288	2.2269	-4.851	1.654	1.7454
2.4728	2.8835	2.419	3.078	2.0189	-5.0589	-4.7621	2.7266	2.6888	3.1872	-4.8782	6.5188	3.8605	-3.7247	2.5431	0.75468	-4.9932	3.5942	2.524	-3.1194	2.2455	-4.868	2.6465	2.3685	2.1826	2.3339	2.232	2.0786	2.2517	1.7692	2.6074	-4.4059	2.1379	2.2082
2.6856	3.0817	2.6867	3.2616	1.9892	-5.1497	-4.8334	2.9076	2.987	3.5126	-4.9385	9.0334	4.008	-3.4983	2.972	1.2716	-5.1109	3.7286	2.9543	-2.9372	2.6724	-4.8318	3.0803	2.7861	2.6002	2.7622	2.6832	2.4632	2.5999	2.201	2.9242	-4.0416	2.5271	2.5838
-0.48662	-2.0109	0.24428	0.088724	0.041629	-1.595	1.9445	-4.9575	-1.0727	-2.2261	-0.61492	1.3994	0.8214	-3.1778	1.5888	0.89546	0.93565	-2.5137	3.8071	3.0255	1.7045	1.5769	0.46079	0.47424	-1.6343	-0.68213	-2.5058	-2.5145	2.8255	-2.1352	-1.6475	-2.4673	0.18847	1.5379
-1.543	-0.43971	-1.4729	-0.94758	-1.5677	-2.9644	4.0283	-1.9904	-1.2299	0.067267	-2.4716	1.7245	2.4215	-2.1448	4.2205	-1.6847	3.2784	0.1148	3.1542	5.5844	3.9685	0.95786	1.7286	0.093263	-2.1393	-0.32893	-1.0215	-2.5051	3.715	-1.4123	0.095492	0.21797	-0.27063	-1.7638
-1.2845	-1.2762	-0.5702	-0.56407	-2.1432	-3.788	2.7849	-1.8414	-0.98482	0.050893	-3.5279	3.8351	3.9677	-0.49908	5.2238	-2.9299	2.1669	0.1561	3.888	5.5981	5.2146	-1.6354	4.3883	-1.0096	-0.16246	-1.04	-0.62004	-2.7967	5.3438	-2.1462	-0.40507	-0.78268	-2.5836	0.12565
-1.6934	0.85634	-0.46985	-0.80214	-1.3524	-3.056	3.2883	-1.4581	-1.664	-0.48145	-2.0477	6.801	5.4745	-1.0695	6.6306	-1.5496	2.0164	0.7703	5.5642	5.639	5.0025	-2.1311	5.1231	-0.43011	-1.4778	-1.3312	-1.7267	-1.3837	4.5542	-1.426	-0.55267	-1.0166	-1.2777	-1.1768
-1.1335	0.0092516	-1.2482	-0.21722	-2.7814	-4.0526	2.2716	-0.41074	-0.45194	-0.82272	-3.7137	7.7293	7.3818	-0.3207	6.7349	0.39096	3.4192	-0.67226	5.7721	6.0649	6.201	-2.2716	6.7212	0.1655	-1.7796	-2.5085	-0.90594	-0.48065	5.0668	-1.212	-1.2783	-1.5227	-0.63009	-0.22302
1.3868	1.536	-0.85936	-0.088385	-3.1619	-5.4164	1.7413	0.33771	-0.40348	1.8774	-4.9813	8.5056	7.8593	-0.16042	7.3521	-0.72089	1.5552	1.7927	6.8501	7.9012	6.2418	-2.146	6.1677	0.07612	0.96341	0.5764	0.85326	0.51239	5.7985	-0.75101	-0.82971	-1.1222	-1.5211	-0.84582
0.37915	-1.8576	2.3702	2.1108	-1.9553	1.8958	-0.84991	0.88608	0.72193	0.87036	-0.46593	-0.25	0.20731	-0.79452	-0.082488	0.057193	1.6358	-1.4268	-0.32229	-2.2872	-2.5606	-2.1071	-0.80123	2.2013	2.1744	3.9137	-1.147	-0.96195	1.6207	2.6752	2.2381	2.333	-1.1567	1.6443
-0.15052	0.021916	1.1575	0.8329	1.8535	-1.1994	-0.73748	0.93891	3.0355	0.95234	-1.037	-0.20748	0.61953	0.92062	0.82071	-0.00842	-1.4061	1.0453	-0.50161	2.706	-2.9171	-1.1064	1.1873	1.7016	2.1839	0.39441	1.8255	-2.1646	0.59677	0.16327	1.493	0.86962	-4.6098	1.2919
0.48806	3.3592	0.46981	0.91865	1.534	-1.1375	-0.80136	1.5246	2.3429	1.28	0.97387	2.8085	1.2402	-0.75942	1.9907	-0.0077616	0.5416	3.0044	1.5176	1.3706	-3.7005	-3.9642	2.163	3.7271	2.5602	2.2194	1.547	-3.1158	2.6509	0.11949	0.063209	2.5044	-4.3696	2.5226
2.4916	2.4752	2.0472	2.2085	0.40921	-0.3828	0.085498	2.5017	1.7726	1.1819	0.45941	2.7439	3.4579	2.4995	2.5268	1.5151	0.39637	2.9644	1.5548	2.3919	-4.5642	-5.2007	2.4617	2.0783	3.5715	2.6474	2.5487	-5.7254	0.67391	1.4623	1.7571	0.78901	-4.9009	1.5704
5.2604	3.5864	2.281	3.9723	-1.2287	-1.9011	-2.4062	6.0724	5.2934	2.8878	-2.0369	4.0622	3.4903	4.4541	2.8531	3.4182	-3.0997	5.7113	2.081	4.4305	-3.4308	-4.7274	2.1964	2.4064	2.9442	3.2712	1.6458	-5.1394	0.92449	0.57893	2.5179	1.8842	-3.2524	2.9949
3.9057	3.0683	3.3848	5.516	-2.8953	-2.15	-1.6143	3.563	4.0536	2.9205	-3.1327	4.7859	4.9197	4.3865	2.5611	0.49907	-0.88166	6.8499	2.2834	5.1375	-3.5514	-4.9191	4.0865	2.3377	3.7038	1.9625	1.5541	-4.7336	3.1961	2.5383	4.9914	3.9376	-4.0948	3.6785
-1.1149	0.3282	3.0089	0.30966	-1.0649	0.75028	-0.8752	1.6109	-0.5407	-0.048073	1.223	2.9688	-1.0817	2.1214	1.5014	2.8522	-2.9395	-0.89886	1.0215	-1.3722	-1.6932	1.3259	0.78232	0.56902	1.0076	-2.8414	-0.94963	-0.30558	-1.6271	1.3505	2.2368	-1.3721	1.451	-2.2748
0.77021	1.1837	1.0232	1.255	-0.13819	-1.0892	-0.95063	1.0176	1.6315	1.7688	-0.56273	5.5719	1.2785	1.091	2.2306	1.316	-1.7697	1.2107	2.0692	1.2826	-1.5735	-0.040446	2.1082	1.9205	1.8907	-3.1531	0.81212	1.1933	-1.9928	0.93218	1.6925	-4.238	1.6145	-4.8364
1.5245	1.7806	1.6451	1.8806	-0.068044	-1.441	-1.0171	1.5776	1.9542	2.4011	-0.92029	7.9145	2.2367	1.5663	2.229	0.89489	-1.378	2.1083	2.1823	2.087	0.15624	-0.012726	2.3019	2.0734	2.1071	-3.9473	1.7558	1.6921	-3.2202	1.354	1.8808	-4.6862	1.598	-4.5912
2.9938	2.6662	2.2412	2.7407	-0.79671	-2.4133	-1.9396	2.4298	2.5576	2.892	-2.1281	9.541	3.2012	2.328	2.472	1.0201	-1.8477	3.0617	2.4491	2.8738	1.8886	-0.46674	2.5782	2.3321	2.2657	-3.8509	2.1784	2.0142	-4.0767	1.7015	2.3694	-4.3763	2.0203	-4.1999
3.5803	3.5808	2.9772	3.6724	-2.4021	-3.1085	-2.8178	3.3607	3.2542	3.4995	-3.0341	10.895	4.2219	3.1712	2.9593	1.4013	-2.7466	4.1138	2.9414	3.7787	2.6239	-3.1185	3.066	2.8078	2.6593	-3.4709	2.6586	2.5292	-3.5856	2.1957	3.0849	-3.8929	2.5897	-3.6242
3.7428	3.9073	3.4174	4.0829	-2.7922	-3.4781	-3.2047	3.7552	3.7002	4.0523	-3.371	11.811	4.7345	3.5797	3.49	1.8682	-3.3027	4.5576	3.4729	4.1706	3.1886	-3.5383	3.5964	3.3213	3.1449	-2.9857	3.1835	3.0333	-3.0777	2.7202	3.5729	-3.4167	3.1015	-3.1158
-2.2696	0.55395	-0.84054	1.9264	0.023743	-0.065348	2.3679	-0.92227	-0.31749	2.911	-2.8744	2.9702	-1.9518	1.0495	0.54284	1.0997	-0.87278	0.75535	1.954	-3.0191	-2.6133	2.9818	0.95048	-1.6878	-0.60608	-2.3737	-1.4542	-1.5207	-1.0571	-2.184	-0.95451	-2.376	2.4125	-2.5479
-1.1953	1.5155	-2.0865	4.3747	-0.077832	-1.7833	-0.29049	-1.3921	-1.1697	4.7176	-2.3109	5.2465	-1.0856	1.9096	3.3042	1.0875	-0.95832	1.9831	3.7895	-1.2448	-2.4564	0.89881	3.6378	-1.9129	-1.64	-1.6072	-1.9503	-2.0672	-1.959	-2.6302	-0.68317	-2.2947	3.7955	-2.3735
-1.3824	4.8326	-1.7373	5.0289	-1.2645	-1.9766	-1.6431	-1.5603	-1.2559	5.2728	-1.9634	6.4167	-0.4559	4.4482	4.7633	-1.3246	-1.6373	4.2539	4.8167	-0.86558	-1.698	-1.4822	4.8954	-1.4816	-1.5926	-1.4263	-1.6395	-1.8476	-1.7419	-2.0998	-1.4015	-1.9664	4.5913	-1.6842
-1.0715	5.4175	-1.2202	5.5943	-1.5036	-2.23	-1.9425	-1.024	-0.88274	5.798	-2.1049	7.3415	-0.067537	5.1566	5.3578	-2.0739	-2.0991	5.7772	5.3513	-0.55804	-1.2052	-2.0671	5.4681	-1.0796	-1.254	-1.0845	-1.1913	-1.4206	-1.2995	-1.6673	-0.98477	-1.6066	4.9547	-1.2865
-0.86061	5.7913	-0.8522	5.9588	-1.4949	-2.3306	-2.0173	-0.6608	-0.52674	6.227	-2.1355	8.7659	0.30167	5.5193	5.771	-1.9325	-2.28	6.317	5.7554	-0.20842	-0.80962	-2.046	5.8809	-0.6969	-0.88044	-0.71231	-0.7903	-1.0362	-0.91407	-1.2775	-0.60071	-1.2497	5.3274	-0.90948
-0.68073	6.066	-0.56233	6.2224	-1.4669	-2.3746	-2.0407	-0.40475	-0.23244	6.5845	-2.1395	11.389	0.58558	5.7901	6.1317	-1.6478	-2.3473	6.6208	6.1144	0.06329	-0.45334	-1.9741	6.2427	-0.34501	-0.53362	-0.36265	-0.42415	-0.69487	-0.58594	-0.91985	-0.27883	-0.93722	5.6638	-0.57469
-0.098483	-1.5132	0.06302	1.5178	2.4098	-1.0261	2.0851	1.9765	-3.4229	-0.52308	-3.2512	-1.921	1.1532	1.3013	2.0109	0.97186	-4.4609	2.6951	2.186	-1.5993	1.0441	3.4774	2.2432	2.3435	0.13634	-0.47377	-0.14814	-2.2014	1.9645	-0.25687	2.3346	0.30288	-3.9921	-0.082612
-1.5868	-2.1728	-1.1993	3.5208	2.7354	-1.0079	-0.37495	4.5915	1.2633	-1.137	-4.8455	0.80558	3.5926	-0.44803	4.7551	-0.13358	-4.9059	4.311	4.0143	0.65485	-2.5634	2.7248	3.323	3.8126	-0.91699	0.15356	0.24282	0.80441	-0.89646	-0.055566	-0.25214	-0.30656	-1.3491	-1.6513
-1.3133	0.66401	0.25237	7.7532	2.4352	-1.0194	-0.35467	7.1035	-0.31328	0.59988	-8.1368	2.4871	7.6377	-0.76104	5.9775	-1.0341	-3.1649	5.86	5.1163	-0.43471	-1.098	-0.67938	6.075	6.0387	-0.61851	1.4422	-0.45203	-2.9572	0.25564	-0.81196	-0.28853	1.0917	-0.57891	0.063114
0.098339	1.5506	-0.017218	6.7919	-0.30613	0.024893	0.74257	8.3782	-0.35759	1.0837	-6.4208	2.8009	7.5938	-0.99103	6.1256	-1.681	-1.6655	7.6122	6.1136	0.94837	0.68522	-1.8826	6.5338	7.1375	-0.47882	0.88314	-1.7479	0.050221	-0.21268	-0.59736	-0.34027	0.81049	0.67915	-0.034511
-0.30732	0.79853	-0.29195	9.6205	-1.4075	-0.086187	-1.0327	6.6384	2.6061	-0.13542	-5.7919	4.4978	6.3072	-0.11724	6.601	-0.46226	-2.1005	8.1151	6.6825	1.7448	0.56478	-1.2813	6.4923	6.4713	0.36402	1.1107	-1.2896	-0.040652	-1.5512	0.39701	0.52849	-0.2574	-0.92205	-0.16198
1.6126	2.3639	0.76706	6.8946	0.21585	-1.5674	-1.4872	7.0094	1.545	1.0567	-7.8649	6.1584	8.2412	-0.29846	7.1393	-0.95419	-2.2299	10.014	5.3479	2.1016	0.52573	-1.2378	7.2758	8.4746	1.1973	-0.18667	1.5742	-0.46692	-2.0156	-1.3228	-1.236	-0.88707	1.1408	2.2593
0.26549	2.4584	-0.24968	0.70629	0.53431	3.2246	-0.49867	-1.4619	0.24669	1.2635	-2.1722	-2.8552	0.4636	-2.9042	-3.2975	3.5744	0.235	-2.1402	-2.0673	-2.7189	-4.2061	-3.3578	-0.044645	-0.87066	1.7236	-0.78719	-1.6894	-0.61302	1.3927	1.7833	3.2371	-2.7832	-1.9646	-2.2531
-0.79545	-0.11522	-0.42595	1.9029	-0.77703	-1.2599	-1.3299	1.7185	0.59993	4.7625	-1.39	-1.1024	1.6553	-0.52767	-0.31252	1.3192	0.18904	2.2744	-1.1235	-0.13054	-0.70946	-5.1797	-0.25468	-0.32979	0.0032978	1.563	-1.1663	-0.92006	5.5516	-1.2546	-0.49955	-2.0934	1.8199e-05	-0.60469
-1.2208	0.46082	-1.6037	-1.426	0.6787	-1.616	0.083181	-0.28151	-0.81104	11.074	-1.592	1.3939	-0.65239	1.1649	-1.1044	-2.7665	-0.06574	0.37029	0.59702	0.075858	0.58739	-6.147	-1.2535	-0.66687	-0.07461	-1.817	-0.27624	-0.046828	6.7277	-1.3715	0.51826	0.49624	0.094	-2.2193
-2.0957	0.17529	-2.0604	1.4424	-1.2714	-0.56794	-0.85483	-0.18739	0.71202	11.491	-0.19933	3.7057	1.6527	0.15561	1.9703	-0.93571	-1.4234	1.822	0.24154	0.69116	-0.84108	-8.0214	1.2388	-2.4031	-0.59306	-0.22706	1.1669	-1.5772	5.8658	-2.0364	-0.29055	0.32363	-1.9376	-1.7847
1.3967	1.1397	3.5938	1.8419	-1.1419	0.22638	0.95392	-0.28226	0.2072	9.1221	-0.2516	3.9291	1.3697	1.079	3.0821	-0.25592	-0.60875	3.5383	-0.30354	-0.046111	0.55679	-5.7764	-0.47185	-0.75426	0.6854	0.76224	1.9263	-0.88253	6.0473	1.3604	2.4627	-1.0485	-1.878	1.617
3.272	0.1602	0.64478	1.5674	0.79965	0.089964	-2.4908	0.77068	0.79666	9.0423	-0.69596	5.8844	-0.38057	-0.099657	0.84569	0.42088	-3.8844	0.79389	-0.66317	2.2561	1.3679	-5.373	3.3926	1.5659	2.1153	-1.3372	2.0222	0.24145	9.0798	0.89523	0.52438	-0.25346	0.79673	0.71463
-0.73698	1.819	-0.85228	0.20316	1.3292	2.3329	-1.0758	0.94274	2.982	-2.6629	0.54648	-0.54079	-1.1986	-1.4831	1.6251	3.11	-1.9683	1.7656	-1.9104	3.092	1.8982	-0.47586	1.4373	-0.01034	1.9405	-0.90112	-2.68	0.57143	2.576	-1.9231	-0.42473	1.5647	-2.8939	2.8029
0.32172	0.58431	-0.054056	0.55175	0.23577	-0.52753	-0.59778	0.31317	5.8738	-0.73277	-0.14719	1.1391	0.89671	0.24312	2.9038	1.9655	-1.301	1.7296	-2.688	3.8973	2.6872	-0.7025	2.9594	2.1892	1.411	1.6043	-2.9587	1.0786	2.433	-3.9744	1.1272	1.3186	-4.0888	2.2096
0.99379	1.2431	1.2165	1.3832	0.098762	-0.87362	-0.55826	1.0579	8.084	1.7522	-0.5433	2.1675	1.7399	1.1583	2.5782	1.2074	-0.9234	1.7999	-3.4427	7.1803	2.2317	-0.61859	2.7091	2.1433	1.8013	2.0645	-3.6917	1.5326	1.6473	-4.5114	1.7649	1.3208	-4.4355	1.7238
1.9773	2.1742	1.8402	2.1782	0.20945	-1.09	-0.62771	1.8645	8.5487	2.6031	-0.71613	3.1188	2.564	1.8649	2.5615	1.1315	-0.93212	2.472	-3.6787	8.6525	2.2336	-1.0674	2.6901	2.29	2.0579	2.2648	-3.8981	1.8479	1.8999	-4.4958	2.1962	1.6356	-4.278	2.0092
3.526	3.2185	2.6899	3.2874	-0.89131	-2.1883	-1.7504	2.9777	9.3117	3.232	-2.0315	4.2871	3.7489	2.8467	2.8594	1.3661	-1.5858	3.6685	-3.4313	9.7156	2.5527	-3.5263	2.9745	2.6552	2.4611	2.6332	-3.6799	2.3226	2.4562	-4.1899	2.8372	2.2005	-3.8422	2.4911
3.8117	3.7939	3.2955	3.9715	-2.248	-2.9005	-2.6213	3.651	9.8767	3.865	-2.8479	5.2926	4.579	3.4731	3.3473	1.774	-2.5326	4.4216	-2.9515	10.354	3.0492	-3.719	3.4558	3.1659	2.9763	3.1324	-3.2317	2.8728	3.0462	-3.7058	3.4259	2.7263	-3.3215	3.0253
-1.2065	-2.2403	0.49413	2.6071	2.7458	0.58576	3.9394	2.6519	-0.09587	2.0257	0.7344	-0.43385	0.46381	0.93334	1.2123	2.5686	4.1801	4.4451	0.20235	3.2831	-1.555	-5.0139	-1.9135	-0.042997	1.5803	4.4523	-0.48835	-0.17532	1.1829	2.6363	-1.1456	3.1505	-1.8274	-1.7631
-0.81478	-0.029386	-0.38766	0.52145	2.8251	-1.3473	-1.5901	0.082251	-0.30087	3.8827	1.4821	0.27005	-0.95098	1.581	-1.6905	-1.6755	-0.021784	5.9861	1.6594	10.72	-1.1683	-7.8837	-0.10862	1.5367	-0.17116	1.2686	0.6022	-1.2179	-0.49678	1.1574	-0.62783	-2.0594	-0.26295	-1.3908
-1.2274	-0.50357	2.0933	0.79251	2.3073	-1.5326	-1.1143	0.72713	2.0028	7.4623	-1.7633	0.86657	0.25538	0.77141	0.7371	-2.6271	1.3741	9.0026	2.3612	9.2168	2.1956	-5.9425	1.2673	-0.20456	-0.44895	0.32898	2.2157	0.98734	-0.15354	0.33278	1.0037	0.99118	1.2764	-0.4673
-1.9347	3.6224	2.3944	2.1464	0.96109	-0.23753	0.11867	-0.15509	3.0674	9.3201	0.3889	3.3161	-2.1015	0.5103	2.3735	0.38761	-0.7115	10.343	2.4087	11.215	0.74753	-7.6837	-0.25986	1.8378	1.0691	1.8815	2.055	1.2683	-1.9481	0.0020772	-0.33889	-0.58759	3.145	1.7156
1.239	1.4197	1.234	2.4289	0.96172	-2.3695	-2.1868	0.82248	3.2153	7.9608	0.36993	4.6087	3.2988	0.2991	-0.29932	1.28	-0.8485	7.03	0.52795	8.9066	-0.53469	-7.5155	0.083672	2.2737	0.41709	0.5945	3.0164	3.0027	0.68237	1.1291	2.1849	0.45376	0.37783	-1.6192
3.2	3.8794	3.5153	3.3534	-0.9575	3.0102	-0.43646	-0.01282	1.973	8.5775	-0.10028	5.6703	1.483	1.4439	3.0082	1.3312	-2.2907	9.822	1.876	8.9181	2.9888	-6.3683	-0.75992	3.2718	3.737	1.6953	0.51478	3.083	-0.51341	3.5522	3.006	2.4114	-0.27881	1.9892
-2.117	2.1252	-2.0877	0.01382	3.1358	-0.90804	-2.8444	-1.7982	-0.64157	-1.0446	-1.6981	2.7388	1.1504	2.9021	-0.38953	2.7653	-3.1034	0.69273	1.8908	-1.6769	2.7159	1.6533	2.0501	0.46135	1.8374	-1.0736	-1.7367	-1.1782	0.53081	2.0719	-1.3159	-0.61196	2.2737	0.72056
-1.3101	5.4577	-0.78162	-0.46014	4.0943	-2.8577	-2.6477	-1.1691	0.063634	0.26003	-2.6765	5.0044	2.6051	4.9963	0.80041	0.23336	-2.8531	3.9096	1.4488	-0.46141	1.5811	-0.15611	1.7495	0.58297	0.49406	0.57611	0.15894	-0.1499	-0.11249	0.045584	0.028047	-0.32131	0.35751	0.11435
-0.43652	6.1754	-0.18263	-0.1871	4.3677	-3.0263	-2.6173	-0.36137	0.39409	0.86892	-2.73	6.5059	5.7717	6.0109	0.89023	-0.38047	-2.9307	6.1935	1.0286	0.35949	0.77871	-1.3717	1.2868	0.62076	0.4066	0.62932	0.56265	0.11583	0.094542	0.072684	0.36153	-0.16486	0.32148	0.27701
0.98485	7.0126	0.4677	0.80578	4.0024	-3.8657	-3.3283	0.518	0.88691	1.2852	-3.6031	7.7818	7.3832	6.7844	1.0415	-0.37493	-3.3172	7.3555	1.0522	1.0671	0.75828	-1.3273	1.2246	0.80925	0.61747	0.81191	0.77596	0.40163	0.46295	0.25713	0.74754	0.23855	0.53527	0.55249
1.9515	8.2273	1.2793	1.8896	2.3221	-4.7031	-4.393	1.5815	1.5921	1.8396	-4.6401	9.0981	8.6365	7.7225	1.4053	-0.098418	-4.2871	8.5575	1.3924	2.0285	1.107	-3.5144	1.5289	1.2138	1.0329	1.1998	1.123	0.89493	1.0381	0.63462	1.4248	0.76696	1	1.054
2.1441	8.5907	1.8029	2.4535	1.8994	-5.0659	-4.7918	2.1347	2.0935	2.4239	-4.964	10.051	9.3316	8.2488	1.8982	0.31944	-4.8821	9.1943	1.8818	2.5572	1.6012	-4.894	2.0081	1.7181	1.5304	1.6866	1.5979	1.4216	1.5897	1.1269	1.9691	1.258	1.5045	1.5669
-1.9281	3.0067	2.4223	-0.83101	0.57312	-0.092751	0.79494	3.1194	-2.1541	2.3097	2.9529	-2.2871	-0.044301	-0.39217	2.1247	1.4395	1.3983	-0.054467	0.42822	3.0872	0.53333	2.1405	-1.8097	1.2214	0.72959	3.0711	-2.7227	0.33638	-0.41544	-2.5873	0.88221	2.9383	-0.29953	1.5638
2.0004	2.7121	2.0434	1.3181	0.18149	0.87188	1.3527	1.1751	0.70133	1.1118	0.3302	0.89822	1.3566	0.9459	1.0549	0.0022344	-1.1276	1.3955	0.43365	2.9877	1.6274	-0.69687	2.5893	2.3764	0.6866	1.9738	-3.0623	0.53411	1.3174	-4.4332	1.1919	-0.54518	1.5147	1.6206
0.91635	1.1485	1.8613	3.1578	0.55963	0.10225	1.0097	0.56134	0.9633	2.2566	0.55578	1.9655	2.1888	1.4016	1.3865	-0.4697	0.09355	2.2463	1.1875	2.3317	0.99517	-0.39597	2.0294	3.0678	1.2899	1.3157	-4.4788	1.5876	0.76739	-3.6702	3.3969	0.68511	0.65213	1.2322
1.5624	1.8127	2.2836	2.8122	2.3342	-1.9356	0.42069	2.3343	1.0978	1.7617	-0.78243	3.4647	2.0284	2.1034	2.2678	1.2742	-0.36029	3.2004	1.8615	2.9071	2.0615	0.5765	2.9985	1.8149	1.4346	2.8059	-3.5667	1.1285	2.3272	-4.6132	1.871	1.9468	2.0125	2.1383
2.5157	3.0677	2.1239	2.7798	0.49832	-1.1302	-0.0036692	2.596	2.4386	4.3332	0.62243	3.6842	3.442	3.0901	3.6043	1.1771	0.7271	4.0168	3.1579	2.2095	2.9676	0.96758	2.523	1.4283	3.088	2.7214	-2.9064	1.7519	2.7964	-4.4608	2.2112	1.9621	1.2009	2.9837
4.0535	3.542	3.5887	4.0014	0.44801	-1.2517	-2.1451	3.0556	2.9701	3.5404	-0.46966	5.3595	3.9407	3.6462	3.9725	0.76766	-1.885	3.46	2.3853	4.5317	3.4817	-1.2895	2.4817	4.0005	3.1436	2.7406	-1.8151	2.1931	3.4693	-2.7643	2.3664	2.9112	3.2393	1.4748
-2.2467	-3.2346	1.4794	0.8622	-2.8234	-0.49931	-1.1691	-3.9287	-3.7425	-2.4777	4.9722	-1.8929	-1.5462	-1.248	-1.5909	3.7195	-0.36533	1.0255	0.48417	-1.4703	-0.71516	0.25019	-2.5846	-2.6401	-4.7363	3.2727	2.2478	-1.3737	0.58323	2.0289	-0.39837	-0.50248	0.70299	-0.44129
-2.9948	-3.2334	-1.2166	1.6054	-3.0325	0.40502	1.0073	-3.681	0.020791	-1.0695	1.7986	-2.4975	0.53847	-3.2346	1.2234	-1.2965	2.0135	3.5703	-0.53285	2.1392	-0.36209	0.087962	0.93806	-1.7844	-0.23053	4.9883	5.4605	-1.0201	0.6186	-1.1752	0.16639	-2.2961	-1.6563	-0.6952
0.5822	1.4554	-1.0286	5.636	-3.1499	0.096044	-0.37787	-0.93467	0.6639	0.20061	1.49	-2.3547	0.98849	0.43378	-0.68953	0.20065	1.3764	4.5236	-0.72214	3.4364	0.72493	-2.0285	-0.75254	-2.4605	-0.43741	4.4397	4.7272	0.32056	-0.96003	-1.9022	-0.037195	-3.6282	-1.8573	-1.4006
-1.0243	-0.27029	0.029876	8.7559	-5.9572	-0.83134	-0.66399	1.1492	1.5535	0.76183	-0.8616	1.1691	-0.82128	-0.20051	-2.1147	-2.4394	-0.20206	5.8261	0.7911	7.2209	-0.2166	-0.6548	-0.73524	-0.11781	-2.3614	2.5651	6.7041	-1.697	-0.77302	-0.27167	1.4633	-1.2089	0.4267	0.31443
0.4967	1.0467	1.525	8.0735	-4.3925	-1.7182	-1.2263	-1.839	-0.19487	0.39983	-1.2257	1.5057	-0.52029	0.36841	1.5365	-2.4865	-0.96523	6.6704	-1.2266	7.8851	1.2676	-1.741	1.6117	-0.23083	1.2003	7.0314	6.5086	-1.2371	0.73904	-1.0078	2.4922	-0.75408	-0.53969	0.23053
2.3489	0.10788	-1.1374	7.3719	-7.2605	0.73985	0.037142	2.8931	0.84848	1.4075	-1.0608	3.3404	2.2905	0.9623	-0.33874	0.3358	1.6485	9.8191	1.4814	6.6718	0.31946	-3.464	0.98612	0.94533	-0.31224	6.4242	5.5816	0.61688	2.7086	0.26772	-1.5024	0.35207	-1.2922	0.13059
-0.16568	2.8242	-2.6156	-1.3827	-0.33279	0.54995	2.3715	-0.19405	-0.39301	1.546	-0.20152	2.266	-0.2103	-0.011904	-0.078935	-1.6989	-2.6027	-2.7168	2.4391	-1.6757	2.2708	1.3297	2.3413	2.7507	-2.2628	-0.66631	3.0179	0.90931	2.4895	-0.11159	-3.0515	0.77169	-1.6887	0.17229
-0.58978	5.689	-1.2776	-0.36375	-0.021271	-0.75823	-0.028344	-0.7144	-0.90166	4.4248	-0.73181	4.3787	0.42078	-0.93338	-0.46806	-2.321	-3.6077	-0.42609	4.4985	-0.33631	4.0363	-0.97857	4.5682	5.1744	-0.79457	-0.77448	4.6032	-1.1033	4.4172	-1.9289	-1.1482	-1.6086	-1.6648	-1.6415
-0.50728	5.9692	-0.80901	-0.11078	-0.64763	-1.7147	-1.2827	-0.45693	-0.5245	5.9006	-1.2828	6.4081	0.65249	-0.63707	-0.58664	-2.1577	-2.9218	0.27762	5.461	-0.041967	5.1589	-1.4534	5.5715	5.4914	-0.82693	-0.68374	5.2386	-1.0623	5.2828	-1.4715	-0.64574	-1.2535	-1.1023	-1.0421
-0.29384	6.267	-0.43794	0.17138	-0.95969	-1.9937	-1.6602	-0.17305	-0.14147	6.5241	-1.6148	7.4312	0.88504	-0.31458	-0.21516	-1.7791	-2.1082	0.6051	6.0169	0.25053	5.7348	-1.4732	6.1381	5.8993	-0.5245	-0.36689	5.7493	-0.69014	5.7221	-0.99734	-0.23585	-0.88466	-0.64897	-0.59183
-0.0052174	6.5892	-0.084847	0.48089	-0.96352	-2.0105	-1.6421	0.13926	0.2239	6.9629	-1.6898	8.3444	1.1551	0.018247	0.19395	-1.3771	-2.005	0.90624	6.4545	0.57412	6.1724	-1.3766	6.5799	6.2984	-0.15562	0.0074829	6.1877	-0.30856	6.1049	-0.57564	0.14073	-0.51296	-0.24496	-0.19145
0.26055	6.9204	0.25873	0.79915	-0.90333	-2.0596	-1.64	0.45884	0.57476	7.3473	-1.723	9.6656	1.4509	0.34996	0.58337	-0.98306	-1.9986	1.2154	6.8483	0.90409	6.565	-1.2676	6.9755	6.6806	0.21709	0.38331	6.5866	0.063682	6.4711	-0.18487	0.50374	-0.15201	0.13396	0.18478
0.67457	0.55494	-0.41803	-1.6066	-0.44613	-3.0761	0.6834	2.8761	-2.5406	-2.9165	2.4256	-1.5892	-3.084	1.9777	-2.2577	2.3856	-2.541	-0.92592	0.58668	0.53494	1.053	0.92961	-0.41844	-2.2623	1.5821	-1.6216	0.94488	2.2443	-2.6102	2.9647	-2.9424	2.1063	2.1083	-2.8269
1.6183	1.9818	-4.0169	1.4772	1.2204	-5.1777	1.1621	2.0375	-3.2647	-1.9514	0.91503	1.1376	-0.13406	1.7497	-2.8944	1.7798	-4.3371	1.798	2.62	2.3201	2.4812	0.34875	2.2701	-3.1448	2.892	-2.722	2.5533	2.6391	-3.3508	2.2695	-3.5019	2.2231	2.469	-3.8183
2.277	2.6308	-3.8282	2.6052	1.5475	-5.4157	1.1593	2.3827	-3.3886	-1.9396	0.93488	2.8774	2.608	2.4033	-3.0223	1.7781	-5.2443	2.9034	3.1054	2.9894	2.8422	0.40331	3.1568	-3.2268	2.9713	-3.0976	2.9234	2.6376	-3.6308	2.4321	-3.4386	2.3666	2.6455	-3.5985
3.0473	3.4134	-3.3079	3.339	1.7786	-5.4983	1.1661	3.0429	-2.9724	-2.0477	1.0177	4.0161	3.6819	2.9997	-2.8275	1.972	-5.4222	3.6631	3.4142	3.5539	3.1307	-0.70727	3.5303	-3.0175	3.1128	-2.9878	3.1938	2.8947	-3.3254	2.6845	-3.0333	2.668	2.9559	-3.2789
4.0101	4.0161	-2.7003	4.1097	1.7669	-6.0194	0.81628	3.8044	-2.388	-1.8905	0.58468	5.0617	4.5749	3.6899	-2.466	2.292	-5.6513	4.491	3.7959	4.2505	3.5127	-3.0051	3.9213	-2.6496	3.4585	-2.6574	3.5443	3.3061	-2.8527	3.052	-2.5122	3.1395	3.3863	-2.841
5.0713	4.7288	-2.0354	4.9145	0.31563	-7.1507	-0.43807	4.5936	-1.7267	-1.4481	-0.77538	6.1161	5.4957	4.4209	-2.0027	2.7019	-6.5328	5.3413	4.2628	5.0153	3.9821	-3.0409	4.3876	-2.1793	3.9261	-2.1998	3.9869	3.8099	-2.3072	3.5123	-1.9441	3.678	3.8952	-2.323
2.3082	-1.5512	0.93721	1.0182	4.0137	3.7557	-3.1884	-1.1425	0.99434	0.77871	2.3772	0.68627	-0.43456	-1.108	-3.4534	1.4376	-1.5405	3.7999	-2.7869	3.2692	-4.5428	2.2652	2.3424	-0.26392	-1.6742	-1.6273	1.7297	2.0728	-2.0288	1.6422	3.7687	0.32219	2.3731	-1.2247
2.0369	0.87541	1.7609	0.64453	3.198	1.5724	-5.3212	1.7713	4.0986	2.3566	1.3599	2.9737	2.3034	1.4862	0.14046	0.058012	0.57787	3.5757	-3.0491	4.1591	-2.3765	-0.35314	3.6458	1.9585	-1.6476	-1.9632	2.4318	2.7957	-1.738	1.6269	2.3696	-4.498	2.8572	-1.8759
2.23	1.9008	2.1572	2.8765	2.1676	0.87622	-5.9395	2.2787	3.2478	2.5626	1.3115	2.9773	4.6774	1.1251	3.2488	3.0535	1.5984	2.8848	-2.7394	3.7086	-3.4942	-0.1468	2.7914	1.6315	-2.7136	-4.0212	2.7362	2.4934	-4.542	2.3403	4.0436	-3.6685	2.7242	-3.5677
1.5391	1.5321	2.7946	5.1622	3.6957	1.3005	-5.0987	2.93	3.5785	3.5488	-0.50344	6.5583	4.0589	3.9914	3.1829	2.112	0.12014	3.4988	-3.0003	5.2729	-3.5258	0.24813	2.7974	2.2998	-2.4338	-3.4392	3.3303	0.39843	-2.6723	2.7976	2.3038	-2.4048	2.6584	-3.5401
0.84186	3.3776	2.0152	4.5823	1.1384	0.48934	-5.626	4.6922	5.7008	5.7965	1.5712	6.6777	4.6819	5.7223	3.5255	1.0578	0.53716	3.9651	-1.8692	2.9048	-4.5004	-0.3231	4.0794	4.08	-1.5013	-2.4438	3.4364	2.7219	-2.792	2.3002	3.0405	-2.0734	2.3355	-3.0174
4.6696	4.6745	3.2975	5.5972	0.81146	-0.47643	-4.6024	5.6847	5.7417	2.7254	0.71445	7.8525	4.0423	2.7172	4.1143	3.5479	0.41677	6.2641	-1.2967	4.4231	-2.3016	-3.9504	5.2433	3.8294	-1.9835	-3.3923	3.8037	3.8112	-2.7008	2.373	5.4692	-3.9889	3.7995	-3.0818
2.8313	3.0269	0.085176	3.0935	-0.2773	-0.46446	-1.801	-1.9264	2.0897	1.4233	0.1868	2.0666	0.074571	0.32632	-1.8006	0.55151	-2.2434	-2.812	1.1512	0.68175	-1.7606	-0.58856	0.81582	0.34733	-2.3388	-2.0774	-3.1337	-0.51394	-0.07231	-2.136	1.0477	-3.0275	-2.3884	2.8393
3.9735	4.0369	-2.6657	4.1922	-1.5419	-2.385	-2.1787	-2.1466	3.5638	3.1847	-2.0796	4.3439	3.0901	1.7358	-2.3507	0.76439	-2.1775	-1.7351	2.7618	3.7876	-2.8556	-2.8406	2.7807	2.8427	-1.6796	-2.0733	-3.2399	-1.3105	1.7796	-3.9505	3.1979	-3.6129	-3.4836	2.6486
4.0712	4.1779	-2.5606	4.2953	-2.2891	-2.9591	-2.697	-2.255	4.0181	4.2326	-2.8514	5.4344	4.7397	3.8349	-2.3525	0.7553	-2.7418	-1.4059	3.7259	4.441	-2.7012	-3.2499	3.8285	3.8605	-2.2846	-2.2072	-2.7817	-2.6416	3.4883	-3.1933	3.8804	-2.9171	-2.7777	3.56
4.365	4.6032	-2.0576	4.751	-2.4232	-3.18	-2.89	-1.857	4.5715	4.9048	-3.0272	6.3363	5.3211	4.3284	-1.7606	-1.6311	-3.0844	-1.0804	4.4788	4.8882	-2.0614	-3.2161	4.5949	4.3627	-2.1035	-1.941	-2.1269	-2.264	4.1252	-2.5437	4.4768	-2.4405	-2.0642	4.2226
4.636	4.9947	-1.655	5.1452	-2.3796	-3.2538	-2.9286	-1.4707	4.9649	5.4057	-3.039	7.5487	5.743	4.7159	-1.295	-2.4513	-3.2154	-0.72575	4.9668	5.2725	-1.5943	-3.1003	5.0907	4.7874	-1.6978	-1.5279	-1.6087	-1.8425	4.5654	-2.077	4.8939	-2.0509	-1.7305	4.5916
4.7697	5.287	-1.3532	5.4291	-2.3305	-3.2768	-2.9299	-1.1959	5.263	5.7886	-3.0239	9.9937	6.06	5.0002	-0.93267	-2.3457	-3.2537	-0.44039	5.3323	5.5595	-1.2347	-3.0253	5.4602	5.1496	-1.3302	-1.1586	-1.2157	-1.4858	4.9086	-1.707	5.223	-1.7305	-1.3995	4.9243
-2.9459	-0.038422	2.2779	-1.6147	2.0992	1.9694	0.80995	-3.1259	-0.75533	2.5397	1.1326	-0.76099	0.82868	-1.6123	0.44847	3.0253	2.196	-1.36	1.1458	-0.89098	3.0579	-2.6126	-1.5681	1.9553	-2.6098	0.19627	1.8879	1.4998	-2.2504	-0.39002	-0.93961	-0.13504	0.54889	-2.2243
-0.88159	-1.1875	4.4811	-1.3798	1.4294	0.37178	0.78074	-1.5322	-1.0115	4.5837	0.40273	0.20288	3.1614	-1.6172	0.66303	2.6546	1.0534	-0.51837	2.4503	-0.78989	4.3781	-2.7896	-0.86461	3.4813	-2.1035	1.4361	3.838	3.4581	-1.8847	-2.1878	-1.0985	-2.1094	-1.8657	-2.1193
-0.64349	-0.76681	4.9134	-0.69216	-0.071824	-0.70687	-0.41066	-0.92905	-1.0326	5.4196	-0.70549	1.1174	5.8744	-1.1478	1.593	3.1726	-0.16689	-0.0061083	4.5366	-0.42891	4.6084	-2.7872	-1.0961	4.5004	-2.0963	4.193	4.5342	4.2721	-1.6963	-2.2533	-1.2134	-2.2152	-1.892	-1.791
-0.56392	-0.3804	5.2747	-0.26546	-0.6225	-1.2506	-0.98527	-0.58023	-0.76146	5.8925	-1.1887	2.2432	6.6388	-0.80505	4.2838	3.605	-0.98108	0.30199	5.1493	-0.15618	4.9182	-3.2504	-0.91603	5.0096	-1.457	4.9662	4.9361	4.7604	-1.3081	-1.8519	-0.90553	-1.7027	-1.5343	-1.4269
-0.35122	0.094291	5.6852	0.10815	-0.77375	-1.507	-1.2218	-0.21884	-0.35716	6.3273	-1.3705	4.5858	7.025	-0.41571	5.5597	4.0648	-1.3909	0.63643	5.6685	0.1969	5.396	-6.0418	-0.47516	5.5212	-0.94294	5.4888	5.3991	5.2469	-0.85394	-1.3585	-0.43776	-1.217	-0.98062	-0.90312
-0.1343	0.19892	6.0155	0.35825	-0.78593	-1.6178	-1.3067	0.021008	0.015528	6.7489	-1.423	6.6767	7.3235	-0.13399	6.1607	4.5431	-1.567	0.85963	6.1626	0.44603	5.8834	-7.1428	0.006528	6.0018	-0.46825	5.9708	5.8844	5.6998	-0.42375	-0.87242	-0.065407	-0.77987	-0.51628	-0.45246
1.2566	-2.442	0.66397	2.741	3.0888	0.61622	2.3361	-0.25553	1.0257	-2.4851	-0.43705	2.2129	4.5418	3.6841	2.4918	-2.1213	-1.0064	-0.066969	2.3228	0.2928	-1.3153	0.66385	2.3553	-1.1411	-2.4422	2.3569	-3.0797	0.16096	-3.1037	-1.8153	3.2321	-1.3538	1.0696	1.2735
0.040097	-4.5457	0.73532	4.4494	2.0914	-1.9247	2.6488	-3.0589	1.9958	4.5158	-0.61675	3.0515	3.9606	2.4326	2.5954	-5.3368	-0.31058	3.0019	2.9604	2.5032	0.83463	-0.91665	2.4975	2.1231	-3.8393	2.6284	-0.91073	1.6966	-1.7563	-1.7694	3.561	-4.693	2.7572	3.3273
4.3699	-1.6526	3.0225	2.4491	-1.5124	-0.3102	-1.8119	-1.6511	2.2537	3.3073	-1.1098	4.7453	3.439	1.9249	3.5071	-4.0729	0.33137	3.6276	2.6158	4.5148	1.3181	3.2281	2.6522	4.0377	-2.8699	1.2722	-5.2909	2.3168	-3.0249	-3.099	2.5432	-2.7121	4.2438	3.8619
4.7756	-0.983	3.1403	4.7471	-0.52514	-2.5204	-2.1433	-2.9792	5.1783	2.2085	-1.9928	5.6179	4.2079	4.1158	4.5956	-5.9645	0.9003	5.2906	3.5357	4.9452	3.3201	-0.83085	4.7774	3.738	-2.086	4.1227	-1.7173	1.8453	-4.0758	-3.1406	3.4893	-2.2455	2.0947	2.2448
5.4594	-1.6617	3.4361	3.8946	-1.7797	-2.7804	-1.1859	-2.5928	4.8856	3.9624	-3.3297	6.0668	5.3675	2.9841	3.488	-2.7564	-2.5768	4.9243	4.6883	3.6786	3.9013	-3.0483	3.2629	2.6297	-0.13609	2.0425	-2.7675	5.0631	-1.6327	-4.6717	3.3826	-1.9347	1.7046	3.5578
6.8159	-1.8197	5.5923	5.8645	-1.5956	-2.5077	-4.4728	0.94643	2.6379	4.9114	-1.3516	7.9963	4.3486	5.3382	3.3189	-2.827	-1.1839	4.2837	5.3172	6.8816	4.171	-2.7949	6.8658	5.5413	-1.947	4.3165	-3.0798	4.5084	-3.6174	-1.4347	5.0668	-2.9193	5.8225	3.6027
-0.23646	1.1916	0.66084	-2.8179	1.5524	0.57712	-0.096572	-2.0454	1.5434	-1.3304	0.64369	-3.1811	-0.81252	-3.239	4.3865	0.6203	-3.8439	-2.5203	4.4392	1.4704	-0.85953	-1.5713	3.55	0.74627	-2.003	-0.94808	3.0328	3.015	1.0522	6.1366	3.5458	-2.3047	-1.3096	-0.6598
1.4548	4.4723	1.4865	-1.4314	4.8607	-2.81	1.0339	-3.845	2.1408	4.1638	3.4183	1.2515	1.8376	-3.2754	2.2374	-0.41759	1.4918	-2.3185	4.2844	0.87124	3.4688	1.6379	3.2767	2.6837	4.7626	1.7984	2.8277	1.4416	-0.92309	0.66342	5.8451	-2.8257	-6.6941	1.9884
2.9062	4.4845	3.7319	-3.9083	3.9463	-3.6984	-4.1956	-2.9337	2.3414	2.6853	-3.4617	0.26874	6.5159	-4.9335	1.7802	-4.0292	-5.28	0.0033936	2.7683	2.0911	2.7199	-0.51119	4.0718	1.8778	-0.17484	3.4535	3.738	1.1079	1.9877	2.4299	4.2064	-3.7228	-2.5375	2.5741
4.8992	4.7709	2.2828	-3.2237	3.6302	-2.8957	-4.8205	-2.3502	2.3844	0.75512	-4.5767	3.6005	5.517	-0.95186	4.1503	-2.3597	-2.7293	-1.6638	3.4358	5.4879	2.8513	-1.2958	4.1353	2.3144	0.86882	0.88688	1.0611	2.2958	4.8833	0.94046	1.4944	-2.0243	-2.3984	4.4239
5.7624	9.8695	5.4148	-4.8921	5.9081	-2.0058	-3.2813	-3.0327	3.0818	3.4539	-5.1926	6.6999	6.6022	-1.098	5.7393	-4.098	-4.0527	-0.43899	6.8092	5.5649	6.3722	-3.9496	5.0345	3.0761	3.753	2.7744	3.9503	2.3207	4.5857	1.5979	3.4864	-2.158	-1.0254	4.6301
3.8967	4.5141	7.1888	-1.7448	0.41669	-5.0898	-2.2373	-3.9294	2.8122	6.5867	-1.4183	4.32	4.6886	-0.4669	5.7002	-2.2849	-5.6054	-0.75536	3.7807	6.5552	6.4049	-0.30435	4.756	3.8702	3.7394	1.7538	3.665	6.2068	4.1578	2.8413	3.2637	-4.1353	-4.9493	4.9827
1.3453	3.2997	-2.758	0.99129	-4.3258	-2.7876	1.8221	-1.2245	0.45178	-1.7928	2.5834	-1.7292	-3.1131	4.1291	-1.1773	-3.7495	-0.70508	-1.2302	0.36093	1.0147	2.0812	3.0135	2.9639	-2.1527	3.1683	3.8574	0.46394	-0.24208	4.1382	-2.4739	-2.6134	-0.37777	-1.836	1.6042
0.72321	2.8974	-4.938	0.94859	0.16683	-0.4596	-0.83454	-3.4748	1.1119	1.9504	0.22682	0.27659	-1.0475	2.7516	-1.1453	-2.3864	-1.1699	-2.3257	2.8286	3.0671	1.1179	1.0335	0.89135	0.99077	-0.0040729	3.0555	-0.51657	1.8361	1.4265	-2.1964	1.6988	-0.63719	-1.458	-0.44041
1.9935	0.61779	-6.2907	5.2021	0.28717	-0.16462	-2.3526	-5.128	3.4056	0.91843	0.99965	1.5177	1.512	2.1431	2.2395	-3.5869	-0.37267	1.4972	-0.75611	4.5915	0.96309	-0.50004	1.007	-0.09725	2.3624	1.0078	1.262	-0.18709	0.5974	-0.37518	2.3098	1.2277	2.7226	2.3778
2.3941	1.9204	-5.5506	3.2049	0.64186	-0.81557	-0.72066	-5.1689	4.1199	1.1321	-0.13726	2.3611	1.8202	2.3468	0.99617	-5.7873	2.2682	2.7162	0.69401	0.67686	3.1863	0.44396	1.2133	1.3425	2.0384	1.2637	1.2693	1.3095	2.8268	0.45464	1.7309	1.8942	1.9566	2.4388
2.1768	1.9121	-5.8444	3.0819	-0.8985	-0.73393	-1.3731	-1.9984	3.7287	2.4002	-2.1636	3.8758	3.8557	3.068	1.2109	-4.7393	0.51701	3.9985	3.8003	1.6215	0.98605	0.0045028	2.6375	3.1223	3.5163	0.57943	1.5763	2.6384	2.4263	2.1533	1.1413	-0.086334	1.4213	1.9287
1.4719	5.5959	-2.5795	5.8291	-0.40583	-3.155	-3.0505	-1.6735	2.7335	4.4916	-1.1065	3.9076	5.8296	2.141	2.2767	-4.7979	-2.7866	3.4643	2.4517	3.5331	2.7698	-2.0799	1.1315	3.7525	2.7286	2.5172	3.4656	0.7922	2.6428	2.7921	3.9823	4.4633	2.456	2.7359
-1.0105	-2.0685	-0.63307	2.6362	-1.7204	-0.87288	-1.1018	-2.6151	0.07954	2.0904	2.541	1.4042	-0.73479	-1.2685	1.2039	2.3893	2.6662	-2.6297	-0.10881	-2.3345	-1.5517	2.4113	-1.9074	-2.3779	0.2744	-1.1642	-0.74078	1.8309	2.13	1.1319	-0.52173	0.89735	-1.7956	0.73646
-0.9188	-0.49247	-0.87117	5.6515	-1.7897	-2.6955	-2.2714	-0.99231	-0.22668	4.7334	3.5329	3.6635	-0.21627	-0.8546	0.67222	-0.2286	3.5889	-0.57921	0.19021	-0.2989	-0.30564	0.46085	-0.031325	0.062455	0.12808	0.12869	0.05999	-0.27045	0.39607	-0.48475	-0.23948	-0.50184	-0.2919	-0.34214
-0.27044	0.045908	-0.2336	6.4134	-1.6944	-2.8661	-2.4037	-0.18535	0.18438	6.6207	3.6765	6.1014	0.54585	-0.19937	0.51192	-0.83021	3.5468	0.39312	0.40005	0.3632	0.080005	-1.0495	0.46993	0.24171	0.11312	0.29967	0.19289	-0.16695	-0.086904	-0.33124	0.13436	-0.38781	-0.084384	-0.078656
0.78796	0.65199	0.3172	7.0749	-1.9177	-3.551	-2.9671	0.47453	0.67923	7.2884	3.0162	7.5891	1.282	0.39884	0.72198	-0.72336	3.2222	1.1231	0.68792	0.94949	0.39619	-1.0232	0.80759	0.51926	0.35608	0.534	0.45179	0.15788	0.25229	-0.05496	0.54625	-0.0077886	0.24457	0.28088
1.8088	1.6091	1.0459	7.975	-3.6606	-4.5552	-4.1974	1.3713	1.3602	7.8789	1.7951	8.916	2.2494	1.2129	1.1294	-0.39707	2.2472	2.0952	1.1095	1.8005	0.82658	-1.7033	1.2342	0.94987	0.77849	0.94009	0.84246	0.64419	0.79719	0.36136	1.1603	0.5165	0.73309	0.79208
2.1338	2.2789	1.6649	8.6597	-4.3038	-4.9705	-4.6968	2.0591	1.9349	8.496	1.3985	9.9113	2.9701	1.8629	1.6533	0.048227	1.5349	2.8489	1.6359	2.4744	1.3566	-4.442	1.7593	1.4794	1.2927	1.4448	1.3461	1.1997	1.3803	0.88195	1.7971	1.0455	1.2816	1.3502
0.63443	-0.96518	-0.85156	-2.0631	1.8549	-0.046052	-0.91297	1.7274	-1.6529	2.1656	1.9878	2.1743	-0.81523	-0.73332	2.2692	-0.22665	0.44304	1.2265	2.8946	0.29085	0.8577	0.4452	2.6823	2.2844	-2.0734	-2.0178	-1.6108	1.5812	-1.8894	3.0329	1.3165	-2.0383	2.2501	2.5711
0.76994	0.91963	0.18147	0.72595	0.62312	-0.27767	-0.044935	0.50462	1.482	3.9954	0.07212	3.2849	0.97998	0.49468	2.9324	-1.4886	-0.23314	1.4469	3.0191	1.7605	2.4518	-0.37769	3.0909	3.0903	-2.7171	-2.5526	-2.5474	2.5437	-2.1233	2.5311	1.9023	-3.5544	2.4459	2.5618
1.6498	2.0081	1.8596	1.9482	0.60454	-0.34603	-0.0041679	1.6333	2.5954	5.4086	-0.083262	4.8487	2.1747	1.7939	3.2327	-3.8589	-0.31816	2.2146	3.2323	2.5585	2.9004	-0.32894	3.356	3.1511	-3.1529	-2.9186	-3.0115	2.5774	-3.4113	2.603	2.5884	-3.8603	2.6698	2.6793
2.6431	2.9929	2.4352	2.8357	0.71942	-0.61286	-0.12656	2.5269	2.9663	8.4915	-0.26373	7.3767	3.1631	2.5399	3.3093	-4.2862	-0.40372	3.1415	3.2935	3.1568	2.9866	-2.1277	3.4335	3.1328	-3.2567	-3.0397	-3.1324	2.658	-3.6228	2.5761	2.9547	-3.8283	2.7582	2.7036
3.9124	3.6792	3.2497	3.7901	-0.37293	-1.7418	-1.2775	3.4804	3.623	9.9764	-1.5984	9.9691	4.2511	3.3807	3.5648	-4.1649	-1.1115	4.1605	3.5473	3.96	3.2568	-3.5774	3.6806	3.3867	-3.0456	-2.8657	-2.9599	3.03	-3.1598	2.8113	3.4602	-3.381	3.1243	3.1573
4.2922	4.2992	3.8528	4.4739	-1.7812	-2.4413	-2.1583	4.1535	4.1691	10.716	-2.3893	11.492	5.0575	4.0037	4.0022	-3.8151	-2.0724	4.8951	3.9849	4.5832	3.7024	-3.501	4.1119	3.8279	-2.6257	-2.464	-2.5637	3.5171	-2.6171	3.2385	4.0144	-2.9146	3.5981	3.654
-1.9885	0.0112	-1.4981	0.3289	0.70636	-1.7569	0.29282	-0.13569	-2.5899	1.1024	-2.9976	-0.24662	-0.99558	-2.4706	0.44588	-0.038714	-1.7799	3.0254	0.33543	1.5814	-0.083871	0.65164	1.3948	-2.0235	-1.3871	-0.70991	1.6748	-1.6485	0.17661	2.3829	1.8848	-2.4413	3.3587	-2.9486
0.36491	0.13458	-1.1476	2.1039	0.1876	-2.153	-1.0482	0.54876	0.013728	3.664	-5.3288	3.2649	1.1614	-1.035	3.1288	-2.6872	-1.6349	1.222	2.9778	0.82169	0.82471	2.0694	3.9763	2.856	-0.6693	-2.3258	2.3427	-1.4615	-1.9705	2.5628	3.9348	-3.8271	4.5383	-5.0574
2.9017	2.0306	-2.3895	2.4369	0.1066	-3.9684	-1.799	3.0486	-2.4455	2.1818	-4.0844	2.7949	2.2822	3.5017	3.8284	-5.8134	-1.8413	2.9986	3.6181	3.6175	2.9685	-0.9621	2.7049	5.2291	-0.59405	-0.74358	2.5004	-3.6311	-4.0509	3.2065	2.6352	-3.0769	3.2136	-4.1402
5.9114	1.8664	-1.2028	4.1528	1.9017	-4.2374	-3.9023	4.2839	-2.5934	4.2436	-4.9523	5.7031	2.8831	3.4721	5.7718	-4.1087	-3.6178	2.4005	5.8504	4.2731	4.4663	-2.859	2.4138	5.1242	-0.82234	-0.4813	5.0027	-3.5397	-5.073	1.0737	4.3694	-3.2182	3.3915	-2.1104
2.4687	4.1057	-2.2599	3.3779	1.8219	-4.0174	-4.6823	2.4315	-2.1899	4.7722	-2.8958	4.1734	3.5055	4.3364	3.7086	-4.121	-3.9941	5.7938	4.3676	4.1206	3.3165	-1.9617	5.1011	2.6835	-1.3976	-4.0664	4.4545	-1.7828	-3.3145	4.823	6.2857	-2.7521	4.6545	-1.8357
3.7801	4.1335	-3.2083	6.2991	2.4796	-1.8871	-3.1415	2.1215	-0.60799	4.2655	-4.2593	7.9454	5.9883	3.4867	4.5296	-3.1421	-3.4557	3.0732	4.0502	4.3154	5.9535	-2.0866	3.069	4.5347	-3.3723	-0.9513	4.2949	-0.55411	-0.9033	5.932	5.8607	-1.0741	4.6448	-3.4783
0.35838	1.3804	-2.4466	-1.7795	1.9532	-2.2692	2.3983	2.6599	-3.0599	-0.77144	-2.0861	0.2526	-2.5016	-2.8934	2.7207	2.9616	-0.87337	0.90561	-2.7133	-1.8343	-2.8913	-0.19242	-2.1974	3.0854	-0.45805	2.8597	1.4083	0.508	0.25282	1.2902	-3.1084	1.7742	2.6807	-3.0879
3.2216	3.5274	-3.6616	-2.7055	2.8561	-3.6283	2.7501	3.1653	-3.0574	1.5863	-3.7667	2.83	-1.8224	-3.2483	3.2478	2.1101	-2.7761	3.3699	-2.8914	-2.1719	-3.1964	-2.3287	-2.5983	2.7905	1.8931	2.5801	2.6283	2.0073	2.3095	2.2754	-3.0895	2.0636	2.768	-3.6517
3.4814	3.7215	-3.0789	-2.3944	3.03	-3.9001	2.6598	3.5369	-2.7191	3.5912	-3.8384	4.3879	-1.6432	-2.8939	3.5143	2.1151	-3.7006	4.2419	-2.7585	-2.2476	-3.0539	-3.5531	-2.586	3.2029	2.8818	3.0753	3.1425	2.8364	3.0196	2.6705	-2.8	2.6835	3.063	-3.2011
3.7578	4.0321	-2.6712	-2.0734	3.0847	-4.0173	2.5784	3.8668	-2.3506	4.2884	-3.8389	5.335	-1.383	-2.5459	3.8896	2.3946	-3.9535	4.6275	-2.4066	-1.9752	-2.6926	-3.6564	-2.2699	3.6633	3.4387	3.6052	3.5808	3.3315	3.4865	3.0973	-2.4383	3.1434	3.4483	-2.79
4.0421	4.362	-2.309	-1.7499	3.1695	-4.0565	2.5756	4.193	-1.992	4.7418	-3.8119	6.2848	-1.0887	-2.2064	4.278	2.7437	-4.0254	4.9526	-2.0219	-1.6491	-2.3059	-3.5728	-1.8926	4.0778	3.8812	4.0469	3.9896	3.7456	3.8826	3.5021	-2.0721	3.5417	3.8325	-2.4014
4.2321	4.6733	-1.9812	-1.4492	3.2516	-4.078	2.5894	4.4923	-1.661	5.1243	-3.7881	7.8702	-0.79607	-1.8949	4.6542	3.1083	-4.0418	5.2509	-1.6464	-1.3389	-1.9305	-3.4654	-1.518	4.4602	4.2708	4.4385	4.3751	4.1213	4.2447	3.8835	-1.7215	3.8963	4.1982	-2.0361
-0.76217	2.684	2.1605	2.4125	4.1932	-3.3134	-2.2972	0.52614	-1.4732	-3.781	-1.3261	-3.2771	3.6206	-1.6051	1.1465	-0.70892	4.2839	-0.50647	1.5331	-4.4182	1.655	0.066885	-1.2526	-1.47	2.7645	-4.9347	-4.188	-4.7675	0.22147	0.15184	3.442	-3.2703	3.1639	0.44762
4.6135	0.98116	-5.8873	5.1206	0.036171	-4.1565	-2.3612	4.3674	0.8837	-1.4598	-1.1475	-1.7017	5.601	-2.5331	2.3119	-2.9195	4.0162	-0.78654	1.098	-1.5223	1.351	-2.4868	3.2492	1.2507	2.711	-2.6969	2.5003	-0.21131	0.27584	-0.52441	3.085	-3.8591	2.6464	3.3485
4.0489	2.9621	-1.6581	4.9	1.9645	-4.2272	-5.871	4.0434	5.8675	1.8113	-2.3023	-1.0033	5.0615	-3.0133	3.6059	-4.2905	0.73664	-0.19759	4.4025	-3.5985	1.7555	-0.61014	1.5745	4.1794	1.1571	-2.0088	-0.04624	-2.7866	-3.0202	1.3216	2.5468	-2.3605	3.853	4.1301
4.2347	4.5109	-2.3834	1.4901	0.13126	-4.1694	-2.5538	2.0585	5.6276	-3.2639	-3.2168	3.6004	4.5638	-2.1267	3.113	-4.6061	-0.12018	1.5996	3.7399	-1.7176	2.765	-6.5207	4.6028	2.6553	4.0355	-2.757	5.6257	-3.7578	-2.0102	2.6846	3.2426	-3.1483	3.7627	3.4315
4.0033	4.8039	-2.3863	6.1095	3.2243	-2.1746	-3.9886	5.7092	2.0782	1.9137	-6.2893	6.4508	4.2907	-2.1433	4.7104	-4.3635	1.6855	-4.2641	6.2957	-2.3702	8.0951	-1.558	4.1975	4.0243	4.4478	1.3066	4.6063	-3.7565	-1.8506	-1.5949	2.3003	-2.8959	5.198	7.1806
4.875	5.7446	-3.1758	5.2946	5.0591	-3.9667	0.11529	0.63902	4.3149	-1.9649	-4.916	5.2873	3.4886	-0.70699	1.5283	-6.193	3.5154	-0.18563	2.8013	0.58716	4.234	-4.6408	2.2922	5.5221	6.8726	-2.497	3.7336	-2.4902	-4.9237	2.5704	3.3323	-3.8404	6.8122	2.5233
0.32042	-4.2716	-0.15223	-0.74025	-1.2189	-1.6156	1.2465	-1.5661	1.5191	0.63713	-0.43643	-0.92767	5.3348	0.14872	0.40087	-3.5047	-0.2817	3.7452	0.083598	-2.2979	-4.0335	-2.9662	2.8278	-1.6242	7.1524	2.2194	1.5712	0.47539	2.5624	-0.21151	-1.8349	-1.2773	-0.66645	-0.19465
0.83936	-3.17	-3.1418	3.2617	-5.8296	-0.92941	-0.58696	-4.1693	7.2544	4.0472	-0.096384	-0.72785	0.67564	6.8918	0.23722	-9.352	3.1206	5.331	0.92984	-3.7026	2.8926	-3.2998	7.3204	4.0192	4.1267	2.5894	7.8603	3.0331	-3.5038	-4.0597	1.8288	1.4169	-0.23175	0.47108
3.7625	0.45547	-4.5741	5.2343	0.01186	-3.6407	-1.3177	-1.8204	5.5864	3.1619	-6.5816	-1.3657	5.2289	3.0757	8.0185	-1.7017	-1.4551	4.287	-1.7602	-1.1168	1.5578	-3.7723	2.8915	5.3591	2.6929	8.2468	3.9389	2.2294	-1.8404	-4.3797	-2.9341	-3.4064	-3.1093	0.086102
-4.4932	0.15597	-3.7288	4.2773	-7.6053	-3.6238	-0.98871	-0.25419	7.439	6.1482	-0.11967	3.1792	2.3133	6.0812	-1.3029	-2.9095	4.2881	5.5316	-4.1012	-4.0758	8.1689	0.43705	3.5608	3.6474	5.3728	4.936	5.7948	5.9601	-2.3559	-1.3835	-1.0666	-5.0915	-7.1292	0.6848
1.7662	-5.6206	-4.5837	1.0904	-1.2631	-5.2985	-1.1346	-3.1478	6.5854	13.121	-5.0287	7.4631	6.1937	3.9625	1.9256	-5.2298	2.9444	5.3623	-4.0854	-0.073721	8.1653	-3.7546	9.3058	4.0476	6.7806	2.1352	7.7598	8.3547	2.4093	-3.9693	-2.744	-4.3747	-2.7242	3.0566
-0.96134	1.6887	-1.3152	4.1355	-2.916	-0.4314	-1.8585	-1.0129	7.8954	6.1582	-1.5323	7.7568	7.5606	3.3093	0.57817	-5.5558	2.2821	4.4712	-0.23043	-4.4716	3.6475	0.15889	3.7478	1.9145	2.5047	4.9765	6.4287	4.8657	-0.52651	-4.9434	-5.9754	-0.68591	0.46032	2.5285
-3.7922	-0.5173	-2.3504	2.9751	3.1221	2.9547	3.9011	-4.5788	-2.066	-4.6778	-5.745	3.21	-2.4344	5.5632	2.3671	-1.5493	-4.2668	-1.9337	0.34835	1.4936	1.1034	1.3801	1.3353	-3.6914	-1.5078	4.0526	-1.845	0.21534	-2.2518	2.0595	-1.6873	3.9654	3.544	-0.4625
0.0044038	0.2604	-0.98365	1.5737	2.354	-1.047	4.4415	-1.1316	-1.2758	1.8028	-6.327	-1.2001	2.6746	1.1258	-0.23312	1.6653	-3.613	4.4237	1.0773	2.8395	3.7581	-0.43357	4.2599	0.27083	-0.44946	3.1559	-3.8065	-1.5782	0.55724	-2.182	3.3004	-1.6709	0.28525	0.6075
-0.76297	1.4167	-4.4185	2.4302	0.73001	-3.1347	-0.17152	-2.8061	1.2192	2.5459	-3.6061	3.1332	-0.40546	2.8761	-0.2479	-0.171	-5.1316	3.3172	0.31658	3.4485	0.51836	3.6934	6.163	0.86176	-1.2391	5.838	-0.1314	3.1886	0.89722	-1.0249	0.88735	-0.002152	-1.3303	1.8274
1.4935	3.2122	-4.4197	0.60284	1.7201	-4.2765	1.0889	-5.7967	0.37305	0.70754	-4.2031	4.054	1.6725	-0.26513	0.19882	-0.55994	-6.0557	2.7112	3.3705	1.4898	-0.046738	1.083	-2.8879	0.15493	3.0136	7.4999	-1.4644	0.24249	5.3047	1.3854	3.5748	3.916	-0.44822	-0.079762
2.9646	4.4014	-4.9323	3.811	-0.72906	-3.7652	1.1847	-5.9687	3.8648	4.5382	-3.2745	6.8836	5.2869	3.5624	5.8559	1.5152	-4.3321	0.20833	5.0688	2.7116	4.4275	1.3677	2.6128	3.2176	1.4532	7.6387	4.2416	3.7609	-0.1008	-1.1487	0.061162	-0.10397	2.3567	1.1575
6.8192	1.8165	-4.7357	3.3431	1.0273	-4.7111	0.093761	-2.9576	6.9457	1.3886	-4.3215	11.127	0.32916	2.3836	1.9131	2.6363	-4.0337	2.8572	4.8761	1.8299	3.8919	1.7262	4.44	4.6341	2.9601	6.1667	2.3996	4.1951	-0.83865	3.7865	2.9592	-0.30001	2.5622	0.7787
1.7671	-2.2891	2.525	-1.3211	-0.0027762	1.7809	1.1119	-2.1992	1.2348	-2.3298	2.8005	2.4267	0.094229	1.1267	2.9943	-2.3521	1.5841	2.0539	1.7674	-1.9413	-0.44813	-3.0492	-1.0972	-2.2941	-0.31075	0.45389	1.8339	-0.50405	0.20433	2.6734	2.5062	0.28155	2.5191	-2.8145
2.8017	-2.866	3.0698	-2.4361	1.7605	1.1317	1.3323	-2.8874	3.2422	-2.2744	1.3144	3.6701	2.3876	3.0459	3.3904	-3.9179	1.1676	3.5607	3.1869	-2.461	0.73194	-4.176	-1.0164	-2.2894	0.39675	0.67895	3.058	-2.1711	2.0178	2.7309	3.2297	0.92947	2.8606	-3.3131
3.1927	-2.7225	3.1623	-2.6243	2.0485	1.0196	1.3991	-2.8969	3.5198	-2.12	1.2941	4.6472	4.0043	3.2737	3.5929	-4.0502	1.075	4.0933	3.5434	-2.4058	2.8132	-4.234	-1.1854	-3.0657	2.155	2.2944	3.3766	-3.4287	2.8606	2.8292	3.462	2.2074	3.0406	-3.1836
3.6506	-2.3942	3.503	-2.2517	2.132	0.84709	1.3229	-2.5737	3.8515	-1.9027	1.1926	5.5441	4.5837	3.6081	3.8805	-3.8663	0.99833	4.4586	3.8574	-2.1066	3.5108	-4.1329	-1.7159	-2.7267	3.1715	3.3437	3.6131	-3.0967	3.3656	3.0782	3.7703	2.9769	3.421	-2.8257
4.7592	-1.7975	4.0452	-1.6563	1.7575	0.061	0.6335	-1.9809	4.3763	-1.538	0.34234	6.4892	5.1936	4.1758	4.2565	-3.5466	0.60352	5.0281	4.2381	-1.5439	3.9461	-4.1898	-1.7921	-2.263	3.7765	3.9442	3.9692	-2.5971	3.8501	3.471	4.2113	3.5426	3.8291	-2.4064
5.6898	-0.69634	4.8457	-0.6712	-0.0076961	-0.80455	-0.47906	-0.99127	5.1189	-0.966	-0.73584	7.3752	6.1878	5.0776	4.749	-3.1248	-0.35812	6.0772	4.7318	-0.56852	4.4507	-6.8177	-1.4053	-1.7262	4.3469	4.5006	4.4409	-2.0036	4.4686	3.9714	4.9202	4.1324	4.3872	-1.8266
-0.67614	-2.2166	2.5559	0.29567	-4.2961	-3.5605	2.9598	1.1872	2.3187	5.4516	4.4607	2.4529	-1.5714	4.7976	2.9274	-1.9106	-1.7095	2.4132	-3.3408	3.0548	-2.9836	2.4558	-3.6039	1.7856	-0.42083	0.43965	0.23336	5.1503	-0.86202	-2.1946	0.38247	-3.5682	4.5382	-0.4871
2.3746	-0.65809	0.53148	2.182	-0.25891	-5.0313	1.9132	1.2885	2.0861	3.291	-0.020009	5.339	0.15766	3.4665	2.0944	-5.8248	-4.2999	5.1261	-3.8361	1.5426	2.2494	1.5287	-3.875	1.8206	2.6911	-1.414	1.3132	1.6985	-2.035	0.61312	0.54219	-5.6016	2.374	3.1517
3.049	0.59672	2.1975	3.6182	1.5637	-6.4531	0.95671	-0.55029	5.2766	4.7866	-0.11911	7.2355	1.9061	0.47644	-0.058813	-6.3485	-3.7411	0.96701	-4.0296	5.4401	2.9763	-2.9755	-1.7358	0.61814	5.4982	-5.4911	2.778	0.86779	-5.0649	3.1674	4.8538	-2.342	1.9975	3.0209
3.845	3.6294	1.6951	2.339	0.4397	-6.5983	3.8536	4.3591	1.4764	4.6478	0.98155	9.32	3.4526	5.3567	2.5922	-5.3804	-5.4714	2.5351	-3.8595	4.6348	0.38181	-3.1004	-5.337	3.4695	4.3195	-3.0508	1.6745	4.7375	-2.7979	2.2584	2.3884	-4.4928	1.4654	0.88328
1.3926	4.0323	4.4155	3.9396	3.4758	-5.1661	0.12769	3.5567	2.6754	4.9944	0.23836	12.535	4.3744	1.8072	5.7562	-3.7408	-6.3052	2.2621	-3.1278	5.5657	1.0518	-3.2874	-3.0643	2.2734	3.1117	-1.4288	0.57597	4.3085	-3.7339	3.5783	3.863	-3.7262	3.906	3.8833
3.4879	5.4845	1.5284	4.2472	-1.4074	-8.0506	1.3618	3.3528	4.4323	6.2544	-3.6582	11.84	5.4333	7.5892	3.3055	-6.9121	-5.44	3.869	-1.773	2.9923	4.1156	-4.1478	-2.0602	6.301	4.238	-4.8067	2.0632	2.144	-0.92746	5.6602	3.0225	-2.5879	0.45113	4.2214
-2.1564	-0.41041	2.0865	-0.87977	-2.6612	0.35749	-1.4197	-2.3107	1.2538	-0.088517	-1.9925	-2.5044	-1.8741	-2.2938	-1.1066	2.8294	0.20178	-1.5845	-0.39391	1.0619	0.29953	0.68486	2.2805	-0.74923	1.5634	-2.1559	-2.775	-1.0066	1.9919	-0.769	2.968	0.6614	-1.0159	2.6877
-0.46443	-0.12734	-0.13576	-0.17202	-1.2747	-1.6172	-1.396	-0.45003	2.1896	1.3664	-1.8108	-0.33307	-0.064339	-0.37886	0.42468	0.4875	-1.2274	-0.022691	0.63236	1.1698	0.58117	-1.2171	3.0496	0.21299	0.39572	0.17896	-1.1122	0.022116	0.68588	-0.88893	2.781	-0.13086	0.25421	0.27218
0.32937	0.70034	0.41752	0.72833	-0.85438	-1.7549	-1.3853	0.43542	0.98569	1.4409	-1.6027	1.1098	1.0378	0.40528	0.91687	-0.24629	-1.6439	0.98241	0.93523	1.029	0.679	-1.1911	4.7246	0.66325	0.51627	0.67583	0.30558	0.32346	0.46112	-0.020512	1.0128	0.10031	0.36936	0.39446
0.89803	1.1256	0.75806	1.2394	-0.70609	-1.9631	-1.4809	0.92621	1.0825	1.6342	-1.6635	2.1346	1.7366	0.82915	1.1137	-0.28268	-1.7855	1.5986	1.1019	1.3855	0.81424	-1.2134	7.0692	0.92011	0.78527	0.95123	0.79182	0.59205	0.70028	0.31435	0.99795	0.38303	0.61796	0.67488
2.4222	2.1041	1.4251	2.0579	-1.3404	-2.894	-2.3717	1.7389	1.723	2.0191	-2.6954	3.1537	2.5672	1.5848	1.4954	-0.0049093	-2.2918	2.458	1.4789	2.1699	1.1953	-3.1928	7.8168	1.319	1.1571	1.3182	1.2044	1.0149	1.1592	0.72506	1.5339	0.88354	1.0924	1.1547
2.7981	2.7046	2.1167	2.8668	-3.0204	-3.723	-3.4236	2.5472	2.3922	2.6273	-3.6724	4.2011	3.4871	2.3338	2.0361	0.43513	-3.2868	3.3481	2.0193	2.9643	1.7403	-4.438	8.4141	1.8653	1.6784	1.828	1.7245	1.596	1.7832	1.2642	2.2006	1.4478	1.6771	1.7492
2.2024	-1.5273	-1.3471	1.7581	1.2648	-0.047026	2.937	-0.14971	3.108	-0.059166	0.021687	1.6879	-0.70283	-0.29353	-2.3057	1.6234	0.40969	0.93344	1.8718	-1.7556	2.2476	2.5417	-1.3061	1.4185	-1.0083	-1.4276	-2.0707	1.03	0.22515	2.0668	-1.461	-2.0337	-0.43215	-0.15289
0.64682	0.69667	0.14602	0.82926	0.85701	0.06361	0.45099	0.51158	6.5984	0.63787	0.12197	2.9393	1.3477	0.33728	-0.089901	-0.56753	0.34142	1.5189	1.4088	0.69573	1.7533	0.2706	0.17428	0.23446	-0.26019	-0.10383	-0.22565	-0.14682	-0.13167	-0.32376	0.13989	-0.48658	-0.010584	-0.0073126
0.73863	1.0603	0.62197	1.2148	0.47951	-0.23284	0.047258	0.88446	7.2282	1.2984	-0.10988	4.6644	1.8382	0.75412	0.81533	-0.49886	-0.084266	1.7265	1.0771	1.3103	0.90226	-0.16176	0.94126	0.64976	0.38688	0.55277	0.51365	0.31374	0.47226	0.076747	0.85549	0.12758	0.4876	0.51689
0.95814	1.3301	0.94806	1.4909	0.38717	-0.40215	-0.10399	1.1506	7.5549	1.7425	-0.22941	7.2235	2.1418	1.0424	1.2782	-0.20528	-0.32992	1.9423	1.3062	1.6016	1.033	-0.19668	1.3899	1.0758	0.86223	1.0297	0.98323	0.73593	0.8726	0.50342	1.2076	0.52114	0.8398	0.88373
1.3462	1.6715	1.3046	1.8309	0.468	-0.45625	-0.11373	1.493	7.9122	2.1173	-0.22009	8.605	2.4619	1.3916	1.6523	0.12777	-0.42284	2.2448	1.6421	1.9442	1.3584	-0.09757	1.7633	1.4542	1.2606	1.4293	1.3715	1.113	1.2372	0.87999	1.555	0.90067	1.198	1.2454
1.753	2.0559	1.6795	2.2048	0.58356	-0.50738	-0.10518	1.8698	8.2854	2.4861	-0.20723	9.5456	2.8197	1.7677	2.0186	0.47957	-0.45027	2.6064	2.0023	2.3193	1.7178	-0.019514	2.1295	1.8253	1.6388	1.8073	1.7424	1.4856	1.6074	1.2491	1.9235	1.2772	1.5649	1.6136
-2.5852	-2.256	0.55676	-2.6648	-2.1185	1.4368	0.34667	-0.11012	1.4312	1.8718	-1.1601	-1.3762	-2.5125	2.2589	3.3612	3.0391	0.49596	-2.3517	-2.9722	-1.9408	-3.5989	1.5145	-1.6641	0.85717	1.0765	1.1	-0.98231	2.6669	-1.8666	-1.0913	2.1986	-0.14961	-2.1013	2.0394
-1.2478	-1.1887	1.4489	-1.37	-1.2437	-1.8297	-1.4377	-0.76781	3.7307	3.5131	-1.5067	0.30988	-1.1164	3.6923	4.5854	2.0293	-1.0928	-0.89355	-2.2414	-1.0932	-2.6406	-0.10237	-2.6599	2.9229	1.2976	0.9798	-0.40858	1.8331	0.60332	-2.4957	3.3755	-1.2243	-2.7437	3.3276
-0.64458	-0.26219	-1.6354	-0.77479	-0.83665	-1.9846	-1.2931	-1.2603	5.0978	4.9495	-1.7453	1.5715	0.074675	4.7819	4.4755	1.9297	-2.0314	0.043744	-2.061	0.30084	-2.7792	-0.84985	-2.727	2.6458	2.8807	3.4469	-0.41607	3.2385	1.2412	-3.104	3.9145	-3.7435	-2.9473	3.5451
-0.39594	-0.7788	-2.1907	-0.71227	-0.65233	-1.445	-1.8362	-1.112	5.5017	5.9906	-2.4234	1.8428	0.29131	5.2882	4.8284	3.1789	-1.6606	1.1772	-1.9013	-0.093295	-2.1463	-1.3859	-0.20566	3.8291	3.8001	4.5112	1.3627	4.1053	4.1019	-3.1201	4.4781	-3.0226	-1.691	3.7827
-0.98134	0.18917	-1.1718	-0.98118	-1.1358	-2.2656	-2.5572	-0.70116	5.7556	6.224	-2.2589	4.2972	0.096508	5.0846	4.9432	3.0645	-1.1921	-0.25652	-1.0269	-0.44535	-2.0308	-1.5482	-1.0879	4.8707	3.7133	4.7655	3.5372	3.9686	4.4566	-2.7092	5.2541	-2.1538	-1.9184	4.3155
-0.55159	-0.47245	-0.94934	0.82077	-1.0902	-2.1989	-1.8345	-0.041492	5.006	7.0388	-1.4902	5.5961	-0.043479	5.2522	5.425	3.965	-2.1685	0.071099	-1.3833	-0.93541	-1.1343	-2.5793	-1.1033	5.1619	5.0875	5.3841	4.577	4.0225	4.4555	-1.2234	4.9212	-1.8493	-1.475	5.1808
2.1471	0.06332	-2.099	1.3458	2.5562	-1.7676	2.3296	-1.8097	2.1143	2.2564	0.14681	-0.14216	2.4485	-2.7313	0.059384	0.75861	1.4668	-1.6956	-3.0026	-2.2671	1.6925	2.9501	-0.71093	3.0987	-1.0902	-2.2786	-0.72375	0.39335	0.84049	0.26129	-1.1618	-2.1394	-2.1816	-2.2799
3.9922	-1.7703	-2.2343	4.3323	3.4654	-3.5543	2.7033	-2.1334	4.602	4.5853	-2.5732	2.3504	4.3348	-2.1578	-0.52511	-1.8044	2.3242	-1.0133	-1.6036	-1.3967	3.9947	2.06	-1.044	4.8811	-1.5165	-1.4803	-1.0368	-1.7719	3.4511	-1.8261	-1.6081	-2.4227	-1.8115	-1.8441
4.7016	-1.099	-1.63	5.042	3.6257	-3.6795	2.9183	-1.5383	5.0388	5.3905	-3.2939	4.7439	5.3715	-1.5722	-0.88739	-2.3227	2.5549	-0.75045	-1.1252	-0.98081	4.8206	0.60691	-0.91709	5.0326	-1.4589	-1.2698	-1.1882	-1.6582	4.604	-1.7732	-1.2668	-1.9173	-1.5479	-1.5255
5.4553	-0.64931	-1.0637	5.7233	3.7	-3.9758	2.795	-0.86799	5.5579	5.9363	-3.5701	6.2226	6.189	-0.96396	-0.69307	-2.1654	2.506	-0.14525	-0.74789	-0.39771	5.2442	-1.4943	-0.60531	5.3662	-1.1122	-0.93783	-0.96362	-1.2686	5.1207	-1.4778	-0.81372	-1.4574	-1.1701	-1.126
6.617	-0.019219	-0.45536	6.4344	2.9131	-4.9939	1.8041	-0.16908	6.1541	6.4427	-4.7879	7.384	6.9888	-0.31075	-0.30831	-1.8363	1.9108	0.55966	-0.33161	0.26389	5.6683	-1.5392	-0.20241	5.7847	-0.67966	-0.51595	-0.59091	-0.8146	5.6163	-1.0788	-0.32316	-0.94738	-0.72206	-0.66579
7.0851	0.70555	0.17744	7.1565	1.2135	-5.7834	0.80119	0.54865	6.754	7.0192	-5.7273	8.4305	7.7832	0.36289	0.18889	-1.4051	0.91974	1.3233	0.17091	0.96256	6.1742	-1.6857	0.29559	6.2954	-0.17104	-0.016878	-0.11327	-0.27387	6.1865	-0.58204	0.2823	-0.41503	-0.18986	-0.12334
-0.22065	-2.4287	1.2615	-2.0097	1.907	0.087644	0.30419	-1.8347	1.7872	0.16635	0.44603	-0.48958	1.3889	-2.6807	0.59573	2.2732	-0.32153	0.95819	-1.2342	0.67472	-1.3885	1.8813	1.8599	2.8517	-0.34956	-0.27078	0.62685	2.1517	-2.9441	-1.9639	2.7858	2.813	-0.29526	1.952
1.9936	-3.4817	2.0618	-2.7222	0.93074	-0.14425	0.22009	-2.6023	2.1833	2.2401	0.19054	1.8366	3.0021	-3.7881	1.841	0.96721	-0.1496	2.6525	1.3425	2.5136	0.84833	0.8391	2.1766	2.0562	1.39	1.5645	2.0202	1.6057	-4.3727	-4.6062	2.3192	1.2423	1.5821	1.6884
2.5517	-3.4855	2.3475	-3.2766	0.98089	-0.36559	0.12039	-3.5859	2.622	2.988	0.014815	3.373	3.6441	-3.7863	2.4512	1.0732	-0.19885	3.3381	2.366	3.0257	2.0571	0.92124	2.595	2.3038	2.0727	2.2317	2.28	1.998	-4.1071	-4.526	2.5282	1.7948	2.0625	2.1322
3.6454	-2.9351	2.8507	-2.7855	0.51796	-1.2067	-0.64119	-3.1161	3.1531	3.4695	-0.93476	4.459	4.1256	-3.2767	2.9337	1.4145	-0.63915	3.9086	2.9063	3.5766	2.6232	0.72145	3.0474	2.7571	2.5682	2.7268	2.6652	2.4538	-3.6648	-4.1059	2.973	2.3113	2.5383	2.6018
4.4458	-1.9286	3.6218	-1.8666	-1.2651	-2.0487	-1.7276	-2.1882	3.8824	4.0771	-1.9811	5.6027	5.0222	-2.4174	3.4766	1.8644	-1.607	4.8976	3.4582	4.5131	3.1795	-1.9993	3.5836	3.3037	3.1081	3.2574	3.169	3.0393	-3.0525	-3.5769	3.684	2.886	3.1275	3.2017
4.5285	-1.6323	4.0938	-1.451	-1.8572	-2.5147	-2.2459	-1.7807	4.3602	4.6699	-2.4296	6.5121	5.5218	-1.9891	4.055	2.3751	-2.285	5.3435	4.0379	4.916	3.76	-2.6694	4.1606	3.8793	3.6828	3.8304	3.7362	3.6093	-2.4776	-3.0039	4.214	3.448	3.6879	3.7577
0.23241	-0.59782	-1.9176	-0.89066	0.28924	1.392	2.9564	-2.7199	-0.77817	2.5622	-0.52107	0.96672	-1.7827	1.0189	0.25393	1.8165	0.41256	3.8461	2.1274	1.7318	3.5785	0.93239	0.079304	3.2265	1.6869	-1.8331	-3.7466	-2.0094	-1.1618	-2.0954	-1.6247	-1.3501	0.48538	0.50509
0.41946	1.9854	-1.6262	3.623	0.95105	2.4224	-0.019726	0.12207	0.78003	3.2371	0.030577	1.6358	1.2695	0.10813	-2.4667	2.0344	0.82353	1.9432	3.025	2.5347	0.93479	-0.8473	-0.30715	2.1089	3.66	-3.6018	-3.0288	-5.4255	-1.8404	-3.1628	1.0456	-6.0752	1.0625	0.36768
2.2573	3.9953	0.018831	2.1379	-0.82251	-1.8834	0.34378	2.4754	1.4668	3.8713	1.1085	3.6052	1.7286	-0.76283	1.2018	1.2475	0.014906	2.0375	2.1878	0.38043	3.2793	-1.414	2.8539	1.2551	2.166	-2.4611	-2.1876	-5.5121	1.3576	-4.1271	0.43423	-3.6607	0.31064	2.825
1.2792	3.7876	-0.65964	3.3029	-0.024108	0.3038	1.1057	0.058459	0.40564	9.0753	-0.2793	4.4848	3.6247	0.46272	2.1931	-3.0264	-0.60619	2.0212	1.3551	3.0425	0.92219	0.54949	3.806	0.80643	1.8685	-5.9452	-5.2643	-3.0244	3.685	-4.9707	1.8341	-6.5273	0.46249	2.0286
3.0813	1.0907	1.0446	2.6433	-0.12894	-0.87873	-0.73566	2.8955	1.6053	8.8448	1.0646	5.7536	2.937	2.6794	1.0981	0.025479	-0.0036291	4.155	3.2754	2.7847	2.3121	-3.4033	2.4865	0.85862	0.44609	-4.0257	-4.3144	-3.3347	4.5591	-4.6724	5.1467	-4.7061	1.3649	2.4758
3.2124	3.6013	4.0854	2.884	1.1425	-1.6714	-0.13873	1.4168	2.7651	8.8224	0.084197	8.3282	3.6399	2.5159	4.1037	1.7469	0.30172	5.2816	4.776	3.8942	2.9836	-6.4968	2.1032	3.0738	1.7838	-3.3851	-5.0989	-4.6427	2.0888	-4.9176	2.9201	-3.7277	1.4311	1.6713
0.45655	1.3832	-2.9857	-2.5188	-2.4848	2.5464	-1.3183	0.060615	0.91923	0.15961	-1.2051	-0.53484	-1.0614	3.6786	-2.6201	-0.61312	1.8989	0.79346	-1.3843	2.6879	-2.6578	-1.0653	2.4501	0.7999	1.8605	-0.06267	-2.0636	2.5901	2.5161	-0.22558	2.4727	-1.3333	-0.58745	1.6245
1.5184	2.4505	-3.7493	-3.7377	-1.7451	1.5416	-3.1678	2.2068	2.3845	2.5788	-2.6699	2.0585	1.9417	1.7818	-1.0388	-1.6935	1.8662	2.983	0.28028	2.8751	-1.433	-2.6098	3.5671	0.81465	1.0142	0.71169	-0.70052	1.4181	1.6232	-0.42164	1.8436	0.48305	-1.7008	0.59736
2.4502	2.7936	-4.9224	-3.7846	-4.0244	1.7141	-3.6077	2.5307	1.9686	2.7182	-4.2984	3.1951	3.0326	2.0455	0.23721	-1.7207	1.3913	2.5637	0.75311	3.1217	0.57366	-4.8348	6.4757	1.1568	0.97311	1.3446	1.1096	1.3818	1.0198	0.11457	1.8434	1.2895	-0.028051	1.108
2.5811	2.3284	-4.2439	-3.9029	-3.5032	1.8822	-4.7583	2.4087	1.5514	2.9674	-4.36	4.6133	3.5293	2.3497	2.0103	-0.73908	1.7458	3.7264	1.4418	2.9531	1.1695	-4.335	8.2752	1.7814	1.1827	1.902	0.87671	1.4774	0.75585	0.49366	1.602	1.4002	1.1022	1.2846
2.9136	2.7886	-4.07	-2.983	-4.1586	1.4412	-4.4645	2.6658	2.6608	2.9015	-5.549	6.2095	3.5852	1.9001	2.3122	-1.3592	0.99275	3.5041	2.1422	2.7055	1.8797	-4.9102	9.1352	1.3465	1.4005	1.9526	2.09	2.3517	2.3566	1.2726	2.4129	1.7651	1.723	1.6578
2.6556	2.8475	-3.4884	-3.3975	-4.3455	1.5631	-4.1066	3.068	3.0934	3.2446	-5.4864	8.6315	3.677	2.3815	3.0435	-3.3749	1.33	3.6605	3.1865	3.4295	2.6166	-4.5276	9.7031	2.7927	2.3491	2.8445	2.329	2.1173	3.2099	1.9368	2.4086	2.583	2.1351	2.5379
-1.2419	1.6159	-0.88081	-2.3556	0.73591	-0.90734	-0.86075	-2.7099	2.3058	-0.26441	-2.6526	2.5429	-1.3709	0.71515	1.0165	-1.8838	2.8887	1.0369	0.25936	2.3171	0.35826	-3.0056	-0.10877	1.9341	1.4821	0.45407	-3.0836	1.3708	-0.3176	1.0024	1.5901	1.9138	-2.9569	1.7573
-1.7444	4.3241	-1.5401	-1.0932	-1.1818	-2.5293	-2.0848	-1.6576	3.4134	1.4392	-2.3803	4.8758	-0.59862	-0.94296	1.9984	-4.6684	3.8005	3.7922	1.8408	4.0306	1.6198	-3.6982	1.8576	1.8325	1.4665	1.6771	-3.9509	1.2339	0.75197	1.4563	2.6405	0.84559	-4.5844	1.5553
-1.6558	4.7053	-2.6272	-1.2546	-1.9138	-2.7118	-2.4152	-1.6541	3.813	3.3676	-2.5329	6.023	-0.35585	-1.8327	2.5166	-5.0301	3.6587	5.2599	2.4788	5.3503	2.2095	-3.801	2.5835	2.2711	1.8376	2.0149	-3.9844	1.9938	1.916	1.7765	3.3218	1.4167	-4.0256	2.1777
-1.873	4.7051	-2.5439	-1.3913	-2.147	-2.9113	-2.6272	-1.7693	3.914	4.1339	-2.7412	7.0376	-0.34837	-2.1077	3.1719	-4.6507	3.4599	5.4978	3.1522	5.4614	2.8775	-4.1513	3.2696	2.9458	2.5996	2.7341	-3.4527	2.7337	2.9594	2.3807	3.7222	2.4301	-3.4007	2.9273
-1.953	4.8904	-2.2671	-1.3719	-2.3483	-3.1153	-2.8293	-1.7447	4.215	4.6072	-2.9453	9.3304	-0.37833	-2.0108	3.8207	-4.1389	3.2516	5.545	3.8036	5.1289	3.5275	-5.5917	3.9237	3.6174	3.3611	3.5002	-2.8081	3.3722	3.6108	3.028	4.1324	3.1807	-2.805	3.5595
-1.63	5.013	-1.8801	-1.1267	-2.332	-3.1985	-2.8774	-1.4807	4.6472	5.052	-2.9847	11.455	-0.30718	-1.6881	4.3917	-3.6081	3.1225	5.7182	4.3749	5.2357	4.097	-8.185	4.4969	4.2011	3.9851	4.1324	-2.2177	3.9283	4.1299	3.6082	4.5607	3.7462	-2.269	4.0887
-2.5944	-2.2809	-2.7218	-0.18272	0.48185	-2.4094	2.7704	-2.0165	-1.8356	0.42083	-4.5811	0.72167	-3.6378	-2.001	2.3986	0.77431	-1.2807	-1.094	-0.52188	0.93579	1.7487	-2.7555	-1.0068	2.1403	0.48185	-2.7383	-2.0723	-1.847	3.6667	1.3975	1.9458	-2.816	-3.4752	2.7823
-0.81841	-0.49052	-0.57527	-0.77752	0.76138	-3.2557	3.8164	-0.14539	0.59135	-1.2139	-4.2252	1.4818	1.1408	-1.7102	3.0133	0.50541	-3.3658	2.307	0.9113	3.3026	1.0041	-4.5881	2.1122	3.7675	5.1638	-3.7634	-1.9282	-3.2393	1.5827	1.1287	1.2977	-4.4649	-4.1908	1.5679
0.31452	2.1255	1.2855	2.1777	0.76731	-4.1996	-0.1143	-0.67866	1.0542	1.5364	-7.1429	1.6016	1.751	1.1249	1.8893	1.2449	-1.3212	0.31217	2.4986	7.0662	1.8135	-0.96064	2.9314	1.5681	3.0085	-4.0569	-3.7537	-4.595	3.8952	3.0699	0.42473	-3.5223	-5.9996	0.42748
2.5228	3.9887	1.4562	1.7411	2.2708	-5.8257	2.351	0.98311	2.5764	1.9033	-6.3013	1.9037	0.93053	0.63123	2.4406	1.4287	-5.686	2.6393	4.4447	9.4284	2.4275	-5.6844	1.6631	3.1699	3.0449	-2.4335	-3.4302	-4.4845	3.4041	4.1586	3.5489	-5.4453	-3.4357	3.4835
3.9	1.4289	0.74296	3.2773	3.1822	-6.0722	0.34067	4.1833	3.9939	3.6488	-5.8982	3.8863	5.303	2.0858	3.1563	0.77208	-4.5711	5.1054	2.4984	9.4625	1.0323	-4.2184	4.2409	2.6965	4.0984	-3.5401	-5.7785	-4.3077	2.5986	1.4828	2.6281	-3.6027	-4.8756	2.6801
3.1075	3.3417	1.7191	4.2494	2.1996	-5.1207	1.2841	2.1011	3.3028	2.4879	-6.9613	4.935	3.7668	2.8672	1.1514	3.0589	-5.6324	4.36	3.0689	9.0625	2.0207	-4.9031	4.5738	4.6822	4.0264	-3.5826	-3.8824	-2.8759	4.3961	1.5744	2.3894	-2.7574	-2.6648	4.5048
0.14547	-3.388	3.8356	-3.4076	3.4144	-1.1637	1.9961	3.226	0.99562	2.6136	-0.35119	1.1572	1.434	2.5099	1.0061	-3.0889	-2.6515	-1.5342	-1.0138	-1.4821	-0.074809	-0.19545	1.0724	4.5693	-0.051069	0.70174	4.731	0.48298	-3.4841	-4.2512	2.9864	2.9588	-4.7701	0.45461
3.4122	-3.5889	1.9439	2.6517	0.96811	-3.5007	0.10515	2.6704	3.1408	2.7055	-4.0188	2.9853	3.662	-0.1589	-0.95102	1.4573	-2.2377	0.28856	1.7376	0.95634	-0.56642	1.3241	1.204	3.3061	2.7779	2.9549	2.0042	-4.8089	-0.4072	-5.4465	3.0713	-0.080651	-4.7977	5.9617
3.2729	-1.5907	4.2596	5.8492	3.7252	-2.8069	0.45976	3.4707	-0.28408	3.997	-4.6334	2.9952	2.1898	2.0569	1.1339	0.44799	-2.5163	-4.4894	2.687	1.6539	1.5951	2.9372	1.5954	3.8499	3.5287	2.9208	3.4741	-3.0346	0.61657	-4.8631	2.7272	-0.21802	-3.0889	5.6523
4.5107	-4.2389	1.4105	1.2182	-0.4928	-4.581	1.0482	5.0514	3.1353	2.6262	-7.0332	7.5584	4.0991	0.31305	2.8094	2.5514	-5.1684	1.0851	3.6963	2.3879	3.7378	-0.50023	3.8706	4.1732	4.3315	6.3797	2.6566	-5.6911	1.8828	-1.9617	4.8488	1.1634	-2.3322	2.5465
-0.66544	-3.6984	3.8575	2.5912	-0.73937	-4.5217	2.0922	4.3694	5.0851	6.7996	-5.0381	8.1817	2.3429	4.2983	2.7382	2.2647	-3.8279	-1.7953	4.8396	4.4222	2.9009	0.33888	3.1404	7.3315	4.4865	0.45905	1.3746	-4.9596	0.1994	-3.622	7.2415	2.5879	-2.5376	5.4925
1.9512	-2.62	4.2916	2.4423	4.2803	-6.352	4.6312	3.9914	3.5173	5.0244	-6.6639	10.083	5.1713	5.879	2.9266	-2.9176	-4.3566	-3.0286	4.4493	4.908	6.035	-4.5126	4.9633	4.9691	2.6216	5.1183	3.7353	-5.0899	2.5981	-2.4792	2.9541	-0.25369	-3.1788	2.3977
0.64694	0.3788	2.1719	-1.3514	1.0256	0.64218	0.98259	-1.1936	-1.0573	-1.9581	-2.5077	-1.3404	-0.91169	0.22458	3.0824	-2.963	1.3159	2.5444	2.2974	-2.3916	2.8591	-0.37114	2.3598	2.2919	-0.90965	0.8236	2.2894	-3.0082	-2.6576	-0.77423	-2.2031	-2.9259	1.7725	-1.0849
0.71162	0.4486	0.047982	0.71331	1.0214	0.28165	0.43791	0.4057	0.34986	-0.41783	-5.5002	0.96781	1.061	0.456	3.726	-3.6949	0.44195	2.5849	3.5687	0.43035	3.4276	-0.6384	3.6822	3.4593	-1.156	2.8982	3.5877	-2.8966	-3.0126	-3.181	-1.2556	-3.9145	3.2331	-3.0753
1.4908	1.5261	1.6154	1.6374	0.80835	0.032503	0.31734	1.2969	2.0562	1.9635	-6.0685	2.2846	2.0031	1.4687	3.5827	-4.0968	0.10775	2.3786	3.5302	2.1801	3.2293	-0.5596	3.6834	3.4425	-2.6061	3.6992	3.4226	-3.2521	-3.5849	-3.4792	0.9675	-3.7867	2.7013	-3.6917
2.7047	2.9542	2.5621	2.8054	1.0151	-0.12527	0.29925	2.4991	2.9713	3.237	-6.1166	3.4362	3.075	2.5463	3.4073	-4.3118	0.0022965	3.0972	3.3789	3.1122	3.0648	-2.4438	3.5367	3.2518	-3.0599	3.4298	3.2343	-3.48	-3.5664	-3.6268	2.8949	-3.7355	2.8172	-3.4662
4.0204	3.7106	3.3313	3.8239	0.40596	-1.1329	-0.61251	3.5175	3.6938	3.9431	-7.2129	4.6707	4.2541	3.4329	3.6578	-4.1082	-0.52222	4.1665	3.6381	3.9971	3.3469	-3.6435	3.7748	3.4915	-2.9247	3.5373	3.4189	-3.1464	-3.0681	-3.3758	3.5215	-3.2832	3.2105	-3.0332
4.5554	4.4526	3.9968	4.6314	-1.2745	-1.9832	-1.6803	4.3126	4.3112	4.5734	-8.2173	5.7887	5.2061	4.1557	4.1026	-3.7335	-1.541	5.0468	4.0851	4.7402	3.8028	-3.5415	4.2123	3.9338	-2.5141	3.9294	3.8198	-2.6537	-2.5024	-2.9425	4.1299	-2.7918	3.7075	-2.5163
-2.9064	1.9382	2.5091	4.5778	-1.9184	2.8629	-0.74324	-5.6285	-1.6483	-1.3951	-0.095881	-1.7896	-2.5459	2.4176	-1.6368	2.0274	-0.35693	1.7365	-4.2661	-3.9906	-3.1639	-1.6554	-2.9261	1.8364	-2.9722	4.7726	1.5933	2.5122	-0.025217	-1.5211	-0.74	-3.7126	-0.87143	0.82207
-2.0912	1.0912	-0.8692	4.1009	-0.69714	0.80977	0.49785	-1.4775	2.958	-0.35106	1.0063	1.3104	-1.4722	-0.061853	-0.94176	-1.5342	-0.77873	2.4249	-3.1921	-0.53925	-0.30889	-5.3892	-1.6842	3.071	-2.6438	2.1342	0.25041	-1.303	-1.5489	-4.4296	-0.89612	0.25864	-0.62329	-0.76501
-0.85093	3.6034	-2.2322	5.9891	0.22578	-1.7582	0.33176	0.18432	-1.2655	0.39287	-0.50371	-0.79021	0.78181	0.38959	-0.57016	-0.046853	-3.8853	2.2732	-1.1275	-0.29097	-1.6855	-5.2908	0.91584	2.6403	-0.39283	3.4945	0.078653	0.018826	1.6325	-6.2848	-1.084	-0.42991	-2.7183	-3.343
-0.71008	0.84595	-0.46701	9.1209	-0.77592	-0.99844	2.1537	0.51574	0.5909	3.2666	-0.80376	1.6067	1.8788	1.8352	2.3982	-1.3556	0.51973	0.20605	1.8432	-0.97303	0.026226	-5.5938	-1.3175	1.7948	2.5068	8.0641	1.3396	-2.3205	1.6252	-5.9487	-0.23242	3.0797	0.50431	2.0811
1.5453	-0.44618	-1.9084	7.8227	1.3503	-2.788	-1.5793	-0.22187	-0.86464	2.2828	-0.31323	6.009	0.92255	-0.98698	1.6162	1.9822	-3.23	1.5321	0.50015	3.0209	0.70712	-6.7033	0.41947	2.0989	1.7608	5.8541	1.8107	1.2571	-0.57547	-5.0304	3.1392	-0.26094	1.6356	1.0474
1.125	-0.8069	1.9005	4.2586	-2.4013	-2.903	-1.4183	-0.94565	2.9659	1.7263	-1.3221	5.9199	-1.2519	2.8446	2.0854	-0.47729	-1.0024	3.2185	1.596	3.0725	3.577	-3.433	0.56241	1.1224	2.4695	10.681	2.8004	1.5917	-1.2034	-6.431	0.15169	1.4527	0.78961	1.6848
0.92458	0.7752	2.8502	-2.0288	-0.1576	2.1503	-0.01907	1.6479	-2.0104	1.2034	2.6026	-2.1185	-0.45156	-2.8772	-1.7223	1.0434	2.332	-0.97511	-2.9689	2.5452	-0.18173	2.5777	-1.0803	1.2001	-3.0304	0.077538	-1.0562	-1.0292	2.847	1.5732	-1.043	0.83419	-0.53037	0.48042
1.4413	1.9292	1.4095	-3.9113	1.1554	0.73883	0.88518	1.9599	0.92368	2.2357	0.77759	0.31867	1.8422	-4.4317	0.17542	-0.55993	1.0287	1.8779	-0.31991	2.3781	0.16314	0.93871	0.3707	0.35304	-0.70978	0.44557	0.21572	-0.40824	1.6763	-0.19208	0.5877	-0.070132	0.081859	0.17791
1.5359	1.8128	1.2772	-4.2738	1.1403	0.43095	0.70793	1.6997	1.4519	2.2826	0.557	2.2435	2.6389	-4.8233	1.049	-0.34883	0.55933	2.4551	0.96619	2.1555	0.79578	0.62336	1.1643	0.89662	0.62764	0.80475	0.78675	0.62846	1.0374	0.31938	1.3127	0.49595	0.73691	0.83764
1.7305	2.006	1.5497	-4.0855	1.1231	0.30538	0.61209	1.8585	1.8133	2.404	0.49311	3.2394	2.9142	-4.596	1.6304	0.068803	0.3619	2.6828	1.6038	2.2755	1.3408	0.58812	1.7377	1.4489	1.2419	1.394	1.328	1.1602	1.359	0.86032	1.7096	0.97546	1.2391	1.312
1.9687	2.2849	1.874	-3.8167	1.1734	0.2588	0.59594	2.1238	2.1685	2.6828	0.49512	4.1775	3.1639	-4.296	2.094	0.50284	0.2874	2.9212	2.0754	2.5492	1.7968	0.66827	2.2022	1.9074	1.7158	1.875	1.7996	1.5941	1.7481	1.322	2.0817	1.3942	1.6684	1.7284
2.1296	2.5688	2.1862	-3.5455	1.2412	0.24263	0.60828	2.3932	2.4966	3.0157	0.51677	5.7364	3.418	-4.004	2.5008	0.91892	0.26856	3.1726	2.4832	2.8363	2.2008	0.7747	2.6104	2.3116	2.1238	2.2885	2.2171	1.9814	2.113	1.7306	2.4333	1.7593	2.0534	2.1048
-0.5066	-3.0577	2.0145	0.65948	-2.0078	-1.7755	-3.1502	1.2523	0.56972	-0.79797	3.4224	2.0174	-1.834	-0.25561	-2.3834	0.86716	0.10051	1.435	-1.4965	0.94433	0.22622	-0.86604	-2.2008	1.222	0.96023	2.7481	-0.19916	-2.9764	2.466	-2.1843	-0.64053	1.3155	0.056974	3.3115
1.1936	0.44286	1.6162	1.6972	-1.8323	-3.3513	-3.2139	0.63933	-0.27157	-0.34986	3.5276	2.9787	1.6166	0.61734	1.0725	0.26442	-2.4451	2.1342	-0.33335	1.7637	0.08078	-2.7046	-1.2654	3.9987	2.7361	3.2907	0.84413	-4.2205	1.953	-4.2496	1.962	0.35845	0.28798	0.49507
3.1671	3.0342	0.59259	1.2335	-4.0428	-5.1448	-3.4923	2.647	1.5557	0.76036	1.0802	4.7076	3.2689	1.7238	1.9879	0.91799	-4.4148	3.1844	1.2069	0.87054	1.7011	-4.5403	1.7796	2.502	1.5846	1.9037	1.6317	-5.6208	2.2818	-4.393	0.18305	2.0415	0.5043	2.937
1.4766	2.6724	1.5447	3.4056	-4.9107	-4.1272	-4.504	3.5722	2.367	4.0051	1.6168	2.2611	3.1741	1.4093	1.2552	0.45229	-5.01	3.6983	3.3202	3.7606	1.3721	-2.1626	-0.32084	1.8761	3.4523	2.9074	1.9941	-3.1068	0.23774	-5.1166	1.5254	0.70645	0.52803	2.1738
2.4625	3.2965	3.462	3.2556	-5.1602	-5.8945	-4.6154	2.5031	3.4243	4.0311	1.874	6.2617	3.8072	1.6311	0.83785	1.2613	-3.2743	3.5924	3.467	3.1411	2.0301	-4.333	2.0873	1.2208	2.4064	2.9692	1.2478	-3.2186	1.3501	-4.3778	2.3654	3.0563	2.5118	2.0802
1.9352	2.724	4.341	2.484	-5.2826	-3.7319	-5.1742	4.3097	3.7917	4.0431	1.5556	8.6606	2.5932	3.4694	3.319	0.94573	-4.555	5.3198	4.2122	3.5355	3.3737	-4.5358	2.0234	2.5495	1.5069	3.3512	2.9084	-4.0751	2.1797	-4.3322	3.5964	2.7528	3.3725	2.8857
-0.89615	1.4905	2.1532	-0.053167	2.4632	1.4448	-2.9196	-1.2895	2.2489	0.85616	1.6609	0.81123	-4.3668	1.4348	1.0731	2.0284	-0.048549	1.0854	-2.4638	-0.37093	-3.4849	0.20632	-1.5753	-1.9791	-0.67259	-1.6995	3.7403	2.4131	0.40565	-3.4513	2.767	1.6741	-1.6806	2.701
-2.6306	3.9443	2.7539	-2.9427	3.7887	1.8944	-3.412	-2.3162	3.6356	3.7142	1.5047	2.1741	-2.65	3.002	2.9052	1.9256	1.9273	3.3853	-2.2355	-2.0563	-2.3067	-3.3185	-2.1455	-2.2304	0.61416	0.74866	3.5821	3.7542	2.8261	-3.1274	4.4871	-1.5153	-3.0652	4.1406
-2.1002	4.0603	4.1505	-2.4256	2.5607	0.46272	-4.9055	-3.5241	5.0513	4.544	0.77303	4.5569	-1.5063	3.2826	4.5305	1.8494	1.4184	6.2064	-2.295	-0.16524	-1.8868	-2.2256	-0.68909	-2.0745	-0.30481	-0.83419	2.7993	3.2042	3.0203	-3.2667	3.3679	-2.6657	-3.0601	3.9812
-1.7611	5.1329	4.7746	-2.4194	2.3272	-0.036701	-5.1596	-1.7494	5.9927	6.7292	0.93179	5.2274	0.021453	5.0127	5.456	3.8675	0.60735	6.149	-1.6309	-1.6836	-2.4673	-4.2273	-1.5404	-1.0852	-1.2564	-0.39393	3.8591	4.5958	3.8377	-1.9106	4.8106	-1.135	-2.0186	5.7595
-0.12777	6.552	5.0519	-0.21713	0.98584	-0.33712	-6.606	-1.3523	6.1049	5.4692	-0.21452	7.6745	1.1153	5.9844	6.0613	2.9868	0.033394	4.7397	-1.2586	-0.38688	-1.218	-4.3295	-0.6926	-0.33577	-1.7716	-0.10893	4.8567	5.0875	5.2405	-2.237	4.2148	-0.40367	-2.5453	5.273
-1.0053	5.3654	6.2444	0.81664	0.18524	-1.1319	-7.1932	0.037896	5.05	7.615	-1.2268	8.861	1.8948	5.0224	6.1607	2.8133	-0.44272	6.4141	-1.3478	-0.50145	-1.0387	-7.8228	-1.3085	-1.2109	-1.386	0.11659	4.5503	6.6538	5.9407	-1.044	6.07	-1.0236	-1.3672	5.7786
0.074131	-1.1647	2.785	-3.2466	-2.4551	1.4143	-0.54415	2.3195	-0.57478	1.1568	-2.1221	1.1256	2.6784	-2.4703	-0.22449	-3.6708	1.7773	2.9269	-2.5379	-0.70171	0.38563	1.1146	-0.98404	-0.29107	-1.2555	1.6765	2.4048	-0.59348	-1.9728	-0.5095	1.5184	-0.30067	1.6512	-3.3125
0.5064	-1.0895	-1.2064	-0.015215	-0.39678	-0.92874	-2.3234	-1.6223	-0.25459	2.1167	-0.55136	2.013	5.937	-0.15103	-0.28825	-3.9111	0.043358	5.4246	-0.46178	-0.00059713	0.080087	-0.60371	-0.64117	1.0653	-0.72783	0.23747	1.5533	-0.70904	-0.93797	-1.8595	1.2376	-0.63299	-1.3594	-0.17153
-0.67149	0.54199	-0.5121	0.13565	-0.13912	-1.5674	-2.0713	-1.2883	0.66936	5.4137	-1.6017	4.6228	8.1223	-0.34322	0.51372	-6.8714	-1.4003	5.8161	0.57538	-0.02339	0.37172	-0.74505	1.4828	0.74559	-0.30817	-0.90719	0.78534	0.94793	-0.3523	-0.80665	0.62871	-1.3598	1.0502	0.51199
0.11012	2.1976	0.23046	-0.50181	-1.3082	-1.6078	-1.6262	0.17772	0.79557	7.4148	0.137	6.1503	7.1619	0.19835	0.39386	-5.814	-2.0485	8.0317	1.3313	0.41557	-0.0064728	-0.40716	0.13933	0.6838	2.6373	0.45581	0.18408	0.10786	0.17694	-0.2328	-0.0034177	-0.9478	-0.0091702	-0.16135
1.3322	0.90286	1.1105	-0.094164	-1.8543	-0.05772	-0.94284	0.19389	-0.13428	8.5221	-0.71833	7.5946	7.8448	1.9154	0.58974	-7.9556	-3.0957	8.3354	0.82751	0.10581	0.53684	-1.4582	2.0088	0.73674	1.8707	1.448	0.648	-0.59675	0.67058	0.54348	1.3375	0.064594	1.358	0.17072
0.78309	1.2819	0.33439	0.38684	0.10663	-1.7486	-0.89034	0.56214	1.9995	8.2348	-0.81543	9.9475	8.9732	2.6744	0.025837	-7.0042	-1.8045	8.1643	2.582	2.608	1.7976	-2.0742	2.7387	1.1246	1.8604	1.731	1.5524	-0.66913	0.29476	0.88588	2.2625	1.0992	1.3156	1.2774
