0.000000 1.100969 0.000000 0.000000 0.000000 0.000000 0.000000 0.000000 0.000000 0.495648 0.000000 0.000000 0.000000 0.000000 0.000000 0.000000 0.000000 0.000000 0.000000 1.270325 0.000000 0.000000 0.738387 0.000000 0.000000 0.000000 0.000000 0.974068 0.000000 0.000000 0.000000 0.000000 0.000000 0.000000 0.000000 0.790291 0.000000 0.000000 1.085632 0.000000
0.000000 0.000000 0.000000 0.000000 0.000000 0.857103 0.000000 0.000000 0.000000 0.000000 0.000000 0.000000 0.000000 0.000000 0.000000 0.000000 0.000000 0.000000 0.000000 0.000000 0.000000 0.000000 0.000000 0.000000 0.000000 0.000000 0.000000 0.000000 1.003605 0.000000 0.000000 0.000000 0.000000 0.000000 0.000000 0.000000 0.000000 0.000000 0.000000 0.000000
0.000000 0.000000 0.000000 0.000000 1.329651 0.000000 1.149746 0.000000 0.000000 1.135084 0.000000 0.000000 1.280581 0.000000 0.000000 0.000000 0.000000 0.000000 0.000000 0.000000 0.000000 1.418758 0.803790 0.000000 0.858258 1.587537 0.000000 0.000000 0.419400 0.000000 0.000000 0.000000 0.000000 0.000000 0.000000 0.000000 0.000000 0.094131 0.000000 0.000000
0.000000 0.000000 0.000000 0.711824 0.000000 0.000000 0.000000 0.000000 0.000000 1.321345 0.000000 0.000000 0.000000 1.278472 0.000000 0.000000 0.000000 0.000000 1.228391 0.000000 0.000000 0.000000 0.251499 0.000000 0.000000 0.000000 0.000000 0.000000 0.000000 0.000000 0.000000 0.538386 0.000000 0.000000 0.000000 0.000000 0.000000 1.071938 0.000000 0.000000
0.000000 0.000000 1.171807 0.000000 0.000000 0.000000 0.000000 0.000000 0.000000 0.000000 1.391554 0.000000 0.000000 0.000000 0.000000 0.000000 0.000000 1.148093 0.000000 0.000000 0.000000 0.000000 0.000000 0.000000 0.000000 0.000000 0.000000 0.000000 0.000000 0.000000 1.246146 0.000000 0.000000 0.000000 0.000000 0.000000 0.000000 0.000000 0.000000 0.000000
0.000000 0.937259 0.000000 0.000000 0.000000 0.000000 0.000000 0.000000 0.000000 0.000000 2.126316 0.000000 0.000000 0.000000 0.000000 0.000000 0.000000 0.000000 0.000000 0.000000 0.000000 0.000000 0.000000 0.000000 0.000000 0.000000 0.000000 0.000000 0.000000 0.000000 0.000000 0.000000 0.000000 0.000000 0.000000 0.000000 0.000000 0.000000 0.000000 0.000000
0.000000 0.000000 1.205248 0.000000 0.000000 0.000000 0.000000 1.132878 0.000000 0.000000 0.000000 0.000000 0.000000 1.263022 0.000000 0.000000 0.000000 0.000000 0.235957 0.000000 0.000000 1.567413 0.000000 0.000000 0.000000 0.000000 0.000000 0.000000 0.000000 0.000000 0.000000 0.000000 0.000000 0.000000 0.000000 1.117339 0.000000 0.000000 0.000000 0.000000
0.000000 0.000000 0.000000 0.000000 0.000000 0.000000 1.318042 0.000000 1.128015 0.000000 0.000000 0.000000 0.000000 0.000000 0.000000 0.000000 0.000000 0.000000 0.982255 0.000000 0.000000 0.000000 0.000000 0.000000 0.000000 0.000000 1.381518 0.971445 1.038090 0.000000 0.000000 0.000000 0.000000 1.227740 0.000000 0.000000 0.000000 0.256568 0.000000 0.000000
0.000000 0.000000 0.000000 0.000000 0.000000 0.000000 0.000000 0.905760 0.000000 0.000000 0.000000 1.064239 0.000000 0.000000 0.000000 0.000000 0.000000 0.000000 0.000000 0.000000 0.000000 0.000000 0.000000 0.000000 0.000000 1.263527 0.000000 0.000000 0.000000 0.000000 0.000000 0.000000 0.000000 0.000000 0.000000 0.000000 0.000000 0.000000 0.000000 0.000000
1.284778 0.000000 1.208598 0.657425 0.000000 0.000000 0.000000 0.000000 0.000000 0.000000 0.000000 0.000000 0.000000 1.129782 0.000000 0.000000 0.000000 0.000000 0.000000 0.000000 0.000000 0.000000 0.000000 0.000000 0.000000 0.000000 0.000000 0.000000 1.036672 0.000000 0.000000 0.000000 0.000000 0.000000 0.000000 0.000000 0.000000 0.872921 0.000000 0.000000
0.000000 0.000000 0.000000 0.000000 1.007994 1.472988 0.000000 0.000000 0.000000 0.000000 0.000000 0.000000 0.000000 0.000000 0.000000 0.000000 0.000000 0.000000 0.000000 0.000000 0.000000 0.000000 0.769557 0.000000 0.000000 0.000000 0.000000 0.000000 0.000000 0.000000 0.000000 1.154952 0.000000 0.000000 0.944034 0.000000 0.000000 0.000000 0.000000 0.000000
0.000000 0.000000 0.000000 0.000000 0.000000 0.308055 0.000000 0.000000 1.203387 0.000000 0.000000 0.433381 0.000000 0.000000 0.370983 0.000000 0.462066 0.000000 0.000000 0.000000 0.000000 0.000000 0.000000 0.000000 0.000000 0.000000 0.000000 0.000000 0.256667 0.000000 0.000000 0.000000 0.000000 0.000000 0.000000 0.000000 0.000000 0.000000 0.000000 0.000000
0.000000 0.407582 1.153677 0.000000 0.000000 0.000000 0.000000 0.000000 0.000000 0.126475 0.604524 0.000000 0.000000 0.000000 0.000000 0.000000 0.000000 0.000000 0.000000 0.381830 0.000000 0.000000 0.247730 0.000000 1.188552 0.000000 0.000000 0.000000 0.000000 0.000000 0.000000 0.000000 0.000000 0.000000 0.000000 0.000000 0.000000 0.000000 0.000000 0.000000
0.000000 0.000000 0.000000 1.001957 0.000000 0.000000 1.183069 0.000000 0.000000 0.979890 0.000000 0.000000 0.000000 0.000000 0.000000 0.000000 0.000000 0.000000 0.000000 0.000000 0.000000 0.000000 0.000000 1.213075 0.874815 0.000000 0.000000 0.000000 0.000000 0.000000 0.000000 0.000000 0.000000 0.000000 0.000000 1.111900 0.000000 0.000000 0.000000 0.000000
0.000000 0.000000 0.000000 0.000000 0.000000 0.000000 0.000000 0.000000 0.000000 0.294193 0.000000 0.000000 0.000000 0.000000 0.000000 0.000000 0.000000 1.064446 0.728133 0.000000 0.000000 0.000000 0.000000 0.000000 0.000000 0.000000 0.000000 0.000000 0.000000 0.000000 0.982496 0.810945 0.000000 0.000000 0.000000 0.000000 0.000000 0.000000 0.000000 0.356319
0.000000 0.000000 0.000000 0.000000 0.000000 0.000000 0.000000 0.000000 0.000000 0.000000 0.000000 0.000000 0.000000 0.000000 0.000000 0.000000 0.000000 0.000000 0.000000 0.000000 0.000000 0.000000 0.000000 0.000000 0.000000 0.000000 0.000000 0.000000 1.134146 0.000000 0.000000 0.000000 0.000000 0.000000 0.000000 0.000000 0.000000 0.000000 1.138407 0.000000
0.000000 0.000000 0.000000 0.000000 0.000000 0.000000 0.000000 0.000000 0.000000 0.000000 0.000000 0.000000 0.000000 0.000000 0.000000 0.000000 0.000000 0.000000 0.000000 0.000000 0.000000 0.000000 0.000000 1.123285 0.000000 0.000000 0.000000 0.000000 0.000000 0.000000 0.000000 0.000000 0.000000 0.000000 0.000000 0.000000 0.000000 0.000000 0.000000 0.000000
0.000000 0.000000 0.000000 0.000000 1.234346 0.000000 0.000000 0.000000 0.000000 0.000000 0.000000 0.000000 0.000000 0.000000 1.187018 0.000000 0.000000 0.000000 0.000000 0.000000 0.000000 0.000000 0.000000 0.000000 0.000000 0.000000 0.000000 0.000000 0.000000 0.000000 0.000000 0.000000 0.000000 1.341363 0.000000 0.000000 0.000000 0.000000 0.000000 0.951037
0.000000 0.000000 0.000000 0.963113 0.000000 0.000000 0.000000 1.229746 0.000000 0.000000 0.000000 0.000000 0.000000 0.000000 1.097541 0.000000 0.000000 0.000000 0.000000 1.055869 0.000000 0.000000 0.000000 0.000000 0.000000 0.000000 0.000000 0.000000 0.000000 0.000000 0.000000 0.000000 0.000000 0.000000 0.000000 0.000000 0.000000 0.000000 0.000000 0.000000
1.762861 0.000000 0.000000 0.000000 0.000000 0.000000 0.000000 0.000000 0.000000 0.000000 0.000000 0.000000 0.000000 0.000000 0.000000 0.000000 0.000000 0.000000 0.991894 0.000000 0.000000 0.000000 0.000000 0.000000 0.000000 0.000000 0.000000 0.000000 0.000000 0.000000 0.000000 0.000000 0.000000 0.000000 0.000000 0.000000 0.000000 0.000000 0.808766 0.616922
0.591372 0.303612 0.000000 0.324048 0.000000 0.250585 0.000000 0.000000 0.000000 0.313550 0.000000 0.000000 0.000000 0.000000 0.000000 0.000000 0.000000 0.156757 0.381792 0.358822 0.000000 0.000000 0.366869 0.000000 0.310583 0.000000 0.000000 0.239251 0.000000 0.433241 0.390507 0.414273 0.000000 1.240605 0.313101 0.418476 0.000000 0.312710 0.000000 0.224904
0.000000 0.000000 1.130350 0.000000 0.000000 0.000000 1.134560 0.000000 0.000000 0.000000 0.000000 0.000000 0.000000 0.000000 0.000000 0.000000 0.000000 0.000000 0.000000 0.788582 0.000000 0.000000 0.000000 0.000000 0.000000 0.000000 0.000000 0.356602 0.000000 0.000000 0.000000 0.000000 0.000000 0.000000 0.000000 0.000000 0.000000 0.000000 0.000000 0.000000
0.000000 0.000000 0.000000 0.000000 0.000000 0.000000 0.000000 0.000000 0.000000 0.000000 0.000000 0.000000 0.000000 0.000000 0.000000 0.000000 0.000000 0.000000 0.000000 0.000000 0.000000 0.000000 0.000000 0.000000 0.000000 0.000000 0.000000 0.822719 0.000000 1.285908 0.000000 0.000000 0.000000 0.000000 0.000000 0.000000 0.000000 0.000000 0.000000 0.000000
0.000000 0.000000 0.000000 0.000000 0.000000 0.000000 0.000000 0.000000 0.000000 0.000000 0.000000 0.000000 0.000000 0.819907 0.000000 0.000000 1.290421 0.000000 0.000000 0.000000 0.000000 0.000000 0.000000 0.000000 0.000000 0.000000 0.000000 0.000000 0.000000 0.000000 0.000000 0.000000 0.000000 0.000000 0.000000 0.000000 0.000000 1.075233 0.000000 0.000000
0.000000 0.000000 1.087240 0.533257 0.000000 0.000000 0.000000 0.000000 0.000000 0.002629 1.105195 0.367954 1.584366 1.177888 0.000000 0.000000 0.000000 0.000000 0.000000 0.000000 0.000000 0.000000 0.299814 0.000000 0.261565 0.000000 0.000000 0.000000 0.000000 0.000000 0.000000 0.000000 0.000000 0.000000 0.359422 1.197049 1.547070 1.208118 0.000000 0.000000
0.000000 0.000000 1.262960 0.401636 0.000000 0.000000 0.000000 0.000000 1.338309 0.000000 0.000000 0.000000 0.000000 0.000000 0.000000 0.000000 0.000000 0.000000 0.000000 0.000000 0.000000 0.000000 0.000000 0.000000 0.000000 0.000000 0.000000 0.000000 0.000000 0.000000 0.000000 0.000000 0.000000 0.000000 0.211707 0.000000 0.000000 0.000000 0.000000 0.000000
0.000000 0.000000 0.000000 0.000000 0.000000 0.000000 0.000000 1.057747 0.000000 0.000000 0.000000 0.000000 0.000000 0.000000 0.000000 0.000000 0.000000 0.000000 0.000000 0.000000 0.000000 0.000000 0.000000 0.000000 0.000000 0.000000 0.000000 0.000000 0.000000 0.000000 0.000000 0.000000 0.000000 0.000000 0.986524 0.000000 0.000000 0.000000 0.000000 0.000000
1.307239 0.000000 0.000000 0.000000 0.000000 0.000000 0.000000 1.144868 0.000000 0.000000 0.000000 0.000000 0.000000 0.000000 0.000000 0.000000 0.000000 0.000000 0.351113 0.000000 0.000000 0.000000 0.925782 0.000000 0.000000 0.000000 0.000000 0.000000 0.000000 0.000000 0.000000 0.000000 0.000000 0.000000 0.000000 0.000000 0.000000 0.000000 1.298555 0.000000
0.000000 1.245710 0.000000 0.000000 0.000000 0.000000 0.000000 1.130735 0.000000 1.000239 0.000000 0.000000 0.000000 0.000000 0.000000 1.123704 0.000000 0.000000 0.000000 0.000000 0.000000 0.000000 0.000000 0.000000 0.000000 0.000000 0.000000 0.000000 0.000000 0.000000 0.000000 0.000000 1.276806 0.000000 0.000000 0.000000 0.000000 0.000000 0.000000 0.000000
0.000000 0.000000 0.000000 0.000000 0.000000 0.000000 0.000000 0.000000 0.000000 0.000000 0.000000 0.000000 0.000000 0.000000 0.000000 0.000000 0.000000 0.000000 0.000000 0.000000 0.000000 0.000000 1.260144 0.000000 0.000000 0.000000 0.000000 0.000000 0.000000 0.000000 0.000000 0.000000 0.000000 0.000000 0.000000 0.000000 0.000000 0.000000 0.000000 0.000000
0.000000 0.000000 0.000000 0.000000 1.003390 0.000000 0.000000 0.000000 0.000000 0.000000 0.000000 0.000000 0.000000 0.000000 1.273272 0.000000 0.000000 0.000000 0.000000 0.000000 0.000000 0.000000 0.000000 0.000000 0.000000 0.000000 0.000000 0.000000 0.000000 0.000000 0.000000 0.000000 0.000000 0.000000 0.000000 0.000000 0.000000 0.000000 0.000000 0.000000
0.000000 0.000000 0.000000 0.000000 0.000000 0.000000 0.000000 0.000000 0.000000 0.000000 0.000000 0.000000 0.000000 0.000000 1.032956 0.000000 0.000000 0.000000 0.000000 0.000000 0.000000 0.000000 0.000000 0.000000 0.000000 0.000000 0.000000 0.000000 0.000000 0.000000 0.000000 0.000000 0.000000 0.000000 0.000000 0.000000 0.000000 0.000000 0.000000 0.000000
0.000000 0.000000 0.000000 0.000000 0.000000 0.000000 0.000000 0.000000 0.000000 0.000000 0.000000 0.000000 0.000000 0.000000 0.000000 0.000000 0.000000 0.000000 0.000000 0.000000 0.000000 0.000000 0.000000 0.000000 0.000000 0.000000 0.000000 0.000000 1.446609 0.000000 1.464939 0.000000 0.000000 0.000000 0.000000 1.135202 0.000000 0.000000 0.000000 0.000000
0.000000 0.000000 0.000000 0.000000 0.000000 0.000000 0.000000 1.265411 0.000000 0.000000 0.000000 0.000000 0.000000 0.000000 0.000000 0.000000 0.000000 1.198773 0.000000 0.000000 1.462197 0.000000 0.000000 0.000000 0.000000 0.000000 0.000000 0.000000 0.000000 0.000000 0.000000 0.000000 0.000000 0.000000 0.000000 1.029345 0.000000 0.000000 0.000000 0.391979
0.000000 0.000000 0.000000 0.000000 0.000000 0.000000 0.000000 0.000000 0.000000 0.000000 1.418319 0.000000 0.000000 0.000000 0.000000 0.000000 0.000000 0.000000 0.000000 0.000000 0.000000 0.000000 0.000000 0.000000 0.000000 0.000000 1.216359 0.386869 0.000000 0.000000 0.000000 0.000000 0.000000 0.000000 0.000000 0.000000 0.000000 0.000000 0.000000 0.000000
1.232046 0.000000 0.000000 0.000000 0.000000 0.000000 1.060942 0.000000 0.000000 0.319746 0.000000 0.000000 0.000000 1.393925 0.000000 0.000000 0.000000 0.000000 0.000000 0.000000 0.000000 0.000000 0.000000 0.000000 1.305306 0.000000 0.000000 0.000000 0.000000 0.000000 0.000000 0.000000 1.487869 1.227843 0.000000 0.000000 0.000000 0.000000 1.206478 1.233176
0.000000 0.000000 0.000000 0.000000 0.000000 0.000000 0.000000 0.000000 0.000000 0.000000 0.000000 0.000000 0.000000 0.000000 0.000000 0.000000 0.000000 0.000000 0.000000 0.000000 0.000000 0.000000 0.000000 0.000000 1.091546 0.000000 0.000000 0.000000 0.000000 0.000000 0.000000 0.000000 0.000000 0.000000 0.000000 0.000000 0.000000 0.000000 1.337564 0.000000
0.000000 0.000000 0.000000 0.791086 0.000000 0.000000 0.000000 0.000000 0.000000 1.028756 0.000000 0.000000 0.000000 0.000000 0.000000 0.000000 0.000000 0.000000 0.000000 0.000000 0.000000 0.000000 0.000000 1.556323 1.008395 0.000000 0.000000 0.000000 0.000000 0.000000 0.000000 0.000000 0.000000 0.000000 0.000000 0.000000 0.000000 0.000000 0.000000 0.000000
0.000000 0.000000 0.000000 0.000000 0.000000 0.000000 0.000000 0.000000 0.000000 0.000000 0.000000 0.000000 0.000000 0.000000 0.000000 1.347683 0.000000 0.000000 0.000000 0.934435 0.000000 0.000000 0.000000 0.000000 0.000000 0.000000 0.000000 1.089606 0.000000 0.000000 0.000000 0.000000 0.000000 0.000000 0.000000 1.120796 1.320091 0.000000 0.000000 0.000000
0.000000 0.000000 0.000000 0.000000 0.000000 0.000000 0.000000 0.000000 0.000000 0.000000 0.000000 0.000000 0.000000 0.000000 0.000000 0.000000 0.000000 1.230766 0.000000 0.997838 0.000000 0.000000 0.000000 0.000000 0.000000 0.000000 0.000000 0.000000 0.000000 0.000000 0.000000 0.000000 0.000000 0.000000 0.000000 0.864490 0.000000 0.000000 0.000000 0.000000
