0.000000 1.102486 0.000000 0.000000 0.000000 0.000000 0.000000 0.000000 0.000000 0.496644 0.000000 0.000000 0.000000 0.000000 0.000000 0.000000 0.000000 0.000000 0.000000 1.270831 0.000000 0.000000 0.738703 0.000000 0.000000 0.000000 0.000000 0.973498 0.000000 0.000000 0.000000 0.000000 0.000000 0.000000 0.000000 0.790392 0.000000 0.000000 1.086242 0.000000
0.000000 0.000000 0.000000 0.000000 0.000000 0.857812 0.000000 0.000000 0.000000 0.000000 0.000000 0.000000 0.000000 0.000000 0.000000 0.000000 0.000000 0.000000 0.000000 0.000000 0.000000 0.000000 0.000000 0.000000 0.000000 0.000000 0.000000 0.000000 1.003370 0.000000 0.000000 0.000000 0.000000 0.000000 0.000000 0.000000 0.000000 0.000000 0.000000 0.000000
0.000000 0.000000 0.000000 0.000000 1.329071 0.000000 1.148718 0.000000 0.000000 1.134587 0.000000 0.000000 1.277454 0.000000 0.000000 0.000000 0.000000 0.000000 0.000000 0.000000 0.000000 1.418325 0.802102 0.000000 0.856637 1.588137 0.000000 0.000000 0.419530 0.000000 0.000000 0.000000 0.000000 0.000000 0.000000 0.000000 0.000000 0.094311 0.000000 0.000000
0.000000 0.000000 0.000000 0.709952 0.000000 0.000000 0.000000 0.000000 0.000000 1.318732 0.000000 0.000000 0.000000 1.278065 0.000000 0.000000 0.000000 0.000000 1.227397 0.000000 0.000000 0.000000 0.250980 0.000000 0.000000 0.000000 0.000000 0.000000 0.000000 0.000000 0.000000 0.540162 0.000000 0.000000 0.000000 0.000000 0.000000 1.071736 0.000000 0.000000
0.000000 0.000000 1.172379 0.000000 0.000000 0.000000 0.000000 0.000000 0.000000 0.000000 1.395924 0.000000 0.000000 0.000000 0.000000 0.000000 0.000000 1.146287 0.000000 0.000000 0.000000 0.000000 0.000000 0.000000 0.000000 0.000000 0.000000 0.000000 0.000000 0.000000 1.245665 0.000000 0.000000 0.000000 0.000000 0.000000 0.000000 0.000000 0.000000 0.000000
0.000000 0.937049 0.000000 0.000000 0.000000 0.000000 0.000000 0.000000 0.000000 0.000000 2.122936 0.000000 0.000000 0.000000 0.000000 0.000000 0.000000 0.000000 0.000000 0.000000 0.000000 0.000000 0.000000 0.000000 0.000000 0.000000 0.000000 0.000000 0.000000 0.000000 0.000000 0.000000 0.000000 0.000000 0.000000 0.000000 0.000000 0.000000 0.000000 0.000000
0.000000 0.000000 1.206000 0.000000 0.000000 0.000000 0.000000 1.133807 0.000000 0.000000 0.000000 0.000000 0.000000 1.263443 0.000000 0.000000 0.000000 0.000000 0.237861 0.000000 0.000000 1.568168 0.000000 0.000000 0.000000 0.000000 0.000000 0.000000 0.000000 0.000000 0.000000 0.000000 0.000000 0.000000 0.000000 1.116820 0.000000 0.000000 0.000000 0.000000
0.000000 0.000000 0.000000 0.000000 0.000000 0.000000 1.318674 0.000000 1.129184 0.000000 0.000000 0.000000 0.000000 0.000000 0.000000 0.000000 0.000000 0.000000 0.980081 0.000000 0.000000 0.000000 0.000000 0.000000 0.000000 0.000000 1.382937 0.971739 1.037876 0.000000 0.000000 0.000000 0.000000 1.226067 0.000000 0.000000 0.000000 0.255708 0.000000 0.000000
0.000000 0.000000 0.000000 0.000000 0.000000 0.000000 0.000000 0.905680 0.000000 0.000000 0.000000 1.064202 0.000000 0.000000 0.000000 0.000000 0.000000 0.000000 0.000000 0.000000 0.000000 0.000000 0.000000 0.000000 0.000000 1.262914 0.000000 0.000000 0.000000 0.000000 0.000000 0.000000 0.000000 0.000000 0.000000 0.000000 0.000000 0.000000 0.000000 0.000000
1.282946 0.000000 1.209085 0.658123 0.000000 0.000000 0.000000 0.000000 0.000000 0.000000 0.000000 0.000000 0.000000 1.130032 0.000000 0.000000 0.000000 0.000000 0.000000 0.000000 0.000000 0.000000 0.000000 0.000000 0.000000 0.000000 0.000000 0.000000 1.035594 0.000000 0.000000 0.000000 0.000000 0.000000 0.000000 0.000000 0.000000 0.872842 0.000000 0.000000
0.000000 0.000000 0.000000 0.000000 1.008080 1.471686 0.000000 0.000000 0.000000 0.000000 0.000000 0.000000 0.000000 0.000000 0.000000 0.000000 0.000000 0.000000 0.000000 0.000000 0.000000 0.000000 0.769313 0.000000 0.000000 0.000000 0.000000 0.000000 0.000000 0.000000 0.000000 1.153030 0.000000 0.000000 0.994875 0.000000 0.000000 0.000000 0.000000 0.000000
0.000000 0.000000 0.000000 0.000000 0.000000 0.308238 0.000000 0.000000 1.204646 0.000000 0.000000 0.432576 0.000000 0.000000 0.370940 0.000000 0.462865 0.000000 0.000000 0.000000 0.000000 0.000000 0.000000 0.000000 0.000000 0.000000 0.000000 0.000000 0.257810 0.000000 0.000000 0.000000 0.000000 0.000000 0.000000 0.000000 0.000000 0.000000 0.000000 0.000000
0.000000 0.407155 1.153025 0.000000 0.000000 0.000000 0.000000 0.000000 0.000000 0.126773 0.604734 0.000000 0.000000 0.000000 0.000000 0.000000 0.000000 0.000000 0.000000 0.381387 0.000000 0.000000 0.248011 0.000000 1.188974 0.000000 0.000000 0.000000 0.000000 0.000000 0.000000 0.000000 0.000000 0.000000 0.000000 0.000000 0.000000 0.000000 0.000000 0.000000
0.000000 0.000000 0.000000 1.001761 0.000000 0.000000 1.183314 0.000000 0.000000 0.979806 0.000000 0.000000 0.000000 0.000000 0.000000 0.000000 0.000000 0.000000 0.000000 0.000000 0.000000 0.000000 0.000000 1.215402 0.875680 0.000000 0.000000 0.000000 0.000000 0.000000 0.000000 0.000000 0.000000 0.000000 0.000000 1.111440 0.000000 0.000000 0.000000 0.000000
0.000000 0.000000 0.000000 0.000000 0.000000 0.000000 0.000000 0.000000 0.000000 0.295740 0.000000 0.000000 0.000000 0.000000 0.000000 0.000000 0.000000 1.065661 0.729159 0.000000 0.000000 0.000000 0.000000 0.000000 0.000000 0.000000 0.000000 0.000000 0.000000 0.000000 0.982754 0.810963 0.000000 0.000000 0.000000 0.000000 0.000000 0.000000 0.000000 0.356191
0.000000 0.000000 0.000000 0.000000 0.000000 0.000000 0.000000 0.000000 0.000000 0.000000 0.000000 0.000000 0.000000 0.000000 0.000000 0.000000 0.000000 0.000000 0.000000 0.000000 0.000000 0.000000 0.000000 0.000000 0.000000 0.000000 0.000000 0.000000 1.132491 0.000000 0.000000 0.000000 0.000000 0.000000 0.000000 0.000000 0.000000 0.000000 1.140359 0.000000
0.000000 0.000000 0.000000 0.000000 0.000000 0.000000 0.000000 0.000000 0.000000 0.000000 0.000000 0.000000 0.000000 0.000000 0.000000 0.000000 0.000000 0.000000 0.000000 0.000000 0.000000 0.000000 0.000000 1.119185 0.000000 0.000000 0.000000 0.000000 0.000000 0.000000 0.000000 0.000000 0.000000 0.000000 0.000000 0.000000 0.000000 0.000000 0.000000 0.000000
0.000000 0.000000 0.000000 0.000000 1.235245 0.000000 0.000000 0.000000 0.000000 0.000000 0.000000 0.000000 0.000000 0.000000 1.187819 0.000000 0.000000 0.000000 0.000000 0.000000 0.000000 0.000000 0.000000 0.000000 0.000000 0.000000 0.000000 0.000000 0.000000 0.000000 0.000000 0.000000 0.000000 1.341213 0.000000 0.000000 0.000000 0.000000 0.000000 0.951109
0.000000 0.000000 0.000000 0.963442 0.000000 0.000000 0.000000 1.229510 0.000000 0.000000 0.000000 0.000000 0.000000 0.000000 1.098564 0.000000 0.000000 0.000000 0.000000 1.054498 0.000000 0.000000 0.000000 0.000000 0.000000 0.000000 0.000000 0.000000 0.000000 0.000000 0.000000 0.000000 0.000000 0.000000 0.000000 0.000000 0.000000 0.000000 0.000000 0.000000
1.765230 0.000000 0.000000 0.000000 0.000000 0.000000 0.000000 0.000000 0.000000 0.000000 0.000000 0.000000 0.000000 0.000000 0.000000 0.000000 0.000000 0.000000 0.990057 0.000000 0.000000 0.000000 0.000000 0.000000 0.000000 0.000000 0.000000 0.000000 0.000000 0.000000 0.000000 0.000000 0.000000 0.000000 0.000000 0.000000 0.000000 0.000000 0.809195 0.618462
0.590505 0.302970 0.000000 0.324834 0.000000 0.250551 0.000000 0.000000 0.000000 0.312804 0.000000 0.000000 0.000000 0.000000 0.000000 0.000000 0.000000 0.156880 0.382665 0.359081 0.000000 0.000000 0.366782 0.000000 0.309890 0.000000 0.000000 0.238849 0.000000 0.433124 0.390884 0.414227 0.000000 1.240238 0.344215 0.417737 0.000000 0.312647 0.000000 0.224837
0.000000 0.000000 1.127811 0.000000 0.000000 0.000000 1.135828 0.000000 0.000000 0.000000 0.000000 0.000000 0.000000 0.000000 0.000000 0.000000 0.000000 0.000000 0.000000 0.788364 0.000000 0.000000 0.000000 0.000000 0.000000 0.000000 0.000000 0.357087 0.000000 0.000000 0.000000 0.000000 0.000000 0.000000 0.000000 0.000000 0.000000 0.000000 0.000000 0.000000
0.000000 0.000000 0.000000 0.000000 0.000000 0.000000 0.000000 0.000000 0.000000 0.000000 0.000000 0.000000 0.000000 0.000000 0.000000 0.000000 0.000000 0.000000 0.000000 0.000000 0.000000 0.000000 0.000000 0.000000 0.000000 0.000000 0.000000 0.822619 0.000000 1.284374 0.000000 0.000000 0.000000 0.000000 0.000000 0.000000 0.000000 0.000000 0.000000 0.000000
0.000000 0.000000 0.000000 0.000000 0.000000 0.000000 0.000000 0.000000 0.000000 0.000000 0.000000 0.000000 0.000000 0.818876 0.000000 0.000000 1.289872 0.000000 0.000000 0.000000 0.000000 0.000000 0.000000 0.000000 0.000000 0.000000 0.000000 0.000000 0.000000 0.000000 0.000000 0.000000 0.000000 0.000000 0.000000 0.000000 0.000000 1.075958 0.000000 0.000000
0.000000 0.000000 1.088125 0.533262 0.000000 0.000000 0.000000 0.000000 0.000000 0.002318 1.105378 0.368063 1.585169 1.177511 0.000000 0.000000 0.000000 0.000000 0.000000 0.000000 0.000000 0.000000 0.300789 0.000000 0.261646 0.000000 0.000000 0.000000 0.000000 0.000000 0.000000 0.000000 0.000000 0.000000 0.393037 1.196924 1.546193 1.207674 0.000000 0.000000
0.000000 0.000000 1.262722 0.400540 0.000000 0.000000 0.000000 0.000000 1.335608 0.000000 0.000000 0.000000 0.000000 0.000000 0.000000 0.000000 0.000000 0.000000 0.000000 0.000000 0.000000 0.000000 0.000000 0.000000 0.000000 0.000000 0.000000 0.000000 0.000000 0.000000 0.000000 0.000000 0.000000 0.000000 0.000000 0.000000 0.000000 0.000000 0.000000 0.000000
0.000000 0.000000 0.000000 0.000000 0.000000 0.000000 0.000000 1.055253 0.000000 0.000000 0.000000 0.000000 0.000000 0.000000 0.000000 0.000000 0.000000 0.000000 0.000000 0.000000 0.000000 0.000000 0.000000 0.000000 0.000000 0.000000 0.000000 0.000000 0.000000 0.000000 0.000000 0.000000 0.000000 0.000000 1.070042 0.000000 0.000000 0.000000 0.000000 0.000000
1.305890 0.000000 0.000000 0.000000 0.000000 0.000000 0.000000 1.143654 0.000000 0.000000 0.000000 0.000000 0.000000 0.000000 0.000000 0.000000 0.000000 0.000000 0.352776 0.000000 0.000000 0.000000 0.924711 0.000000 0.000000 0.000000 0.000000 0.000000 0.000000 0.000000 0.000000 0.000000 0.000000 0.000000 0.000000 0.000000 0.000000 0.000000 1.297182 0.000000
0.000000 1.244056 0.000000 0.000000 0.000000 0.000000 0.000000 1.130917 0.000000 1.000013 0.000000 0.000000 0.000000 0.000000 0.000000 1.124263 0.000000 0.000000 0.000000 0.000000 0.000000 0.000000 0.000000 0.000000 0.000000 0.000000 0.000000 0.000000 0.000000 0.000000 0.000000 0.000000 1.277585 0.000000 0.000000 0.000000 0.000000 0.000000 0.000000 0.000000
0.000000 0.000000 0.000000 0.000000 0.000000 0.000000 0.000000 0.000000 0.000000 0.000000 0.000000 0.000000 0.000000 0.000000 0.000000 0.000000 0.000000 0.000000 0.000000 0.000000 0.000000 0.000000 1.262346 0.000000 0.000000 0.000000 0.000000 0.000000 0.000000 0.000000 0.000000 0.000000 0.000000 0.000000 0.000000 0.000000 0.000000 0.000000 0.000000 0.000000
0.000000 0.000000 0.000000 0.000000 1.003292 0.000000 0.000000 0.000000 0.000000 0.000000 0.000000 0.000000 0.000000 0.000000 1.272479 0.000000 0.000000 0.000000 0.000000 0.000000 0.000000 0.000000 0.000000 0.000000 0.000000 0.000000 0.000000 0.000000 0.000000 0.000000 0.000000 0.000000 0.000000 0.000000 0.000000 0.000000 0.000000 0.000000 0.000000 0.000000
0.000000 0.000000 0.000000 0.000000 0.000000 0.000000 0.000000 0.000000 0.000000 0.000000 0.000000 0.000000 0.000000 0.000000 1.032606 0.000000 0.000000 0.000000 0.000000 0.000000 0.000000 0.000000 0.000000 0.000000 0.000000 0.000000 0.000000 0.000000 0.000000 0.000000 0.000000 0.000000 0.000000 0.000000 0.000000 0.000000 0.000000 0.000000 0.000000 0.000000
0.000000 0.000000 0.000000 0.000000 0.000000 0.000000 0.000000 0.000000 0.000000 0.000000 0.000000 0.000000 0.000000 0.000000 0.000000 0.000000 0.000000 0.000000 0.000000 0.000000 0.000000 0.000000 0.000000 0.000000 0.000000 0.000000 0.000000 0.000000 1.446909 0.000000 1.464391 0.000000 0.000000 0.000000 0.000000 1.135506 0.000000 0.000000 0.000000 0.000000
0.000000 0.000000 0.000000 0.000000 0.000000 0.000000 0.000000 1.266010 0.000000 0.000000 0.000000 0.000000 0.000000 0.000000 0.000000 0.000000 0.000000 1.200249 0.000000 0.000000 1.462411 0.000000 0.000000 0.000000 0.000000 0.000000 0.000000 0.000000 0.000000 0.000000 0.000000 0.000000 0.000000 0.000000 0.000000 1.029661 0.000000 0.000000 0.000000 0.391591
0.000000 0.000000 0.000000 0.000000 0.000000 0.000000 0.000000 0.000000 0.000000 0.000000 1.416945 0.000000 0.000000 0.000000 0.000000 0.000000 0.000000 0.000000 0.000000 0.000000 0.000000 0.000000 0.000000 0.000000 0.000000 0.000000 1.216104 0.387120 0.000000 0.000000 0.000000 0.000000 0.000000 0.000000 0.000000 0.000000 0.000000 0.000000 0.000000 0.000000
1.232827 0.000000 0.000000 0.000000 0.000000 0.000000 1.060425 0.000000 0.000000 0.319912 0.000000 0.000000 0.000000 1.394393 0.000000 0.000000 0.000000 0.000000 0.000000 0.000000 0.000000 0.000000 0.000000 0.000000 1.305469 0.000000 0.000000 0.000000 0.000000 0.000000 0.000000 0.000000 1.488084 1.228553 0.000000 0.000000 0.000000 0.000000 1.206716 1.232146
0.000000 0.000000 0.000000 0.000000 0.000000 0.000000 0.000000 0.000000 0.000000 0.000000 0.000000 0.000000 0.000000 0.000000 0.000000 0.000000 0.000000 0.000000 0.000000 0.000000 0.000000 0.000000 0.000000 0.000000 1.091558 0.000000 0.000000 0.000000 0.000000 0.000000 0.000000 0.000000 0.000000 0.000000 0.000000 0.000000 0.000000 0.000000 1.337084 0.000000
0.000000 0.000000 0.000000 0.790774 0.000000 0.000000 0.000000 0.000000 0.000000 1.029497 0.000000 0.000000 0.000000 0.000000 0.000000 0.000000 0.000000 0.000000 0.000000 0.000000 0.000000 0.000000 0.000000 1.555582 1.008263 0.000000 0.000000 0.000000 0.000000 0.000000 0.000000 0.000000 0.000000 0.000000 0.000000 0.000000 0.000000 0.000000 0.000000 0.000000
0.000000 0.000000 0.000000 0.000000 0.000000 0.000000 0.000000 0.000000 0.000000 0.000000 0.000000 0.000000 0.000000 0.000000 0.000000 1.346902 0.000000 0.000000 0.000000 0.934824 0.000000 0.000000 0.000000 0.000000 0.000000 0.000000 0.000000 1.088127 0.000000 0.000000 0.000000 0.000000 0.000000 0.000000 0.000000 1.120665 1.322198 0.000000 0.000000 0.000000
0.000000 0.000000 0.000000 0.000000 0.000000 0.000000 0.000000 0.000000 0.000000 0.000000 0.000000 0.000000 0.000000 0.000000 0.000000 0.000000 0.000000 1.229681 0.000000 0.997168 0.000000 0.000000 0.000000 0.000000 0.000000 0.000000 0.000000 0.000000 0.000000 0.000000 0.000000 0.000000 0.000000 0.000000 0.000000 0.865298 0.000000 0.000000 0.000000 0.000000
