 1  9  1 0.730903
 2 10  1 0.848889
 3  4  2 0.862500
 4  8  2 0.910714
 5  7  4 0.913978
 6  4  1 1.000000
 7  9  2 0.916667
 8  4  1 0.933333
 9  5  2 1.000000
10  5  1 0.984375
11  5  2 1.000000
12  4  2 1.000000
13  4  2 1.000000
14 10  1 0.993103
15  5  2 1.000000
16  4  2 1.000000
17  4  3 1.000000
18  4  3 1.000000
19  4  2 1.000000
20  4  3 0.946237
21  4  2 1.000000
22  8  1 0.968750
23  4  2 1.000000
24  5  2 0.862069
25  7  1 1.000000
26  6  1 1.000000
27  4  3 1.000000
28  7  1 0.916667
29 10  2 0.924731
30  7  2 0.983333
31  4  3 0.900000
32  7  1 0.869048
33  4  2 0.814394
34  5  2 0.754325
