0.131900 0.159310 0.176380 0.173767 0.210896 0.123990 0.149055 0.164133 0.159851 0.169314 0.183636 0.167950 0.115154 0.100492 0.184991 0.090468 0.132940 0.146858 0.138309 0.149616 0.145502 0.186947 0.158769 0.244531 0.130460 0.191138 0.109121 0.147520 0.114903 0.159525 0.148296 0.119062 0.198707 0.090829 0.175972 0.151414 0.139965 0.097894 0.180272 0.202308
0.088681 0.163471 0.178524 0.188530 0.164386 0.179421 0.138210 0.163885 0.192516 0.129667 0.121535 0.167175 0.109967 0.107323 0.191147 0.077705 0.100083 0.114926 0.094788 0.101901 0.110551 0.141422 0.104796 0.178120 0.095767 0.151179 0.068948 0.125729 0.116058 0.117142 0.155201 0.116038 0.187712 0.085764 0.144500 0.132758 0.176600 0.139402 0.195550 0.193726
0.077244 0.156550 0.150575 0.177797 0.143587 0.150455 0.107317 0.132986 0.131247 0.083191 0.093603 0.120234 0.062416 0.083584 0.149585 0.062032 0.064630 0.076422 0.065012 0.062538 0.072715 0.109811 0.084522 0.159335 0.082165 0.096393 0.064973 0.101059 0.094432 0.091791 0.121232 0.110255 0.178529 0.062338 0.121465 0.092571 0.147441 0.113612 0.154851 0.153852
0.068210 0.155784 0.170316 0.158443 0.145213 0.184660 0.134498 0.150065 0.179403 0.109686 0.107449 0.155495 0.077650 0.086806 0.164192 0.052677 0.064737 0.098208 0.072111 0.086487 0.066344 0.114613 0.078895 0.148009 0.077580 0.081980 0.057977 0.096399 0.076263 0.098765 0.148368 0.118063 0.198872 0.059476 0.107725 0.095249 0.157851 0.096343 0.166351 0.172761
0.055722 0.130965 0.126208 0.134180 0.091782 0.157187 0.080250 0.113364 0.121338 0.070054 0.077324 0.105181 0.057684 0.081736 0.123175 0.035668 0.042195 0.068647 0.057495 0.041607 0.047301 0.069458 0.074211 0.125491 0.060240 0.065874 0.039127 0.086931 0.052393 0.068686 0.110585 0.100798 0.159074 0.050623 0.071439 0.054463 0.119938 0.083729 0.119346 0.116715
0.057570 0.123076 0.122244 0.152680 0.140283 0.158080 0.104884 0.160997 0.152557 0.094855 0.103502 0.117709 0.071974 0.078331 0.151819 0.058530 0.055075 0.072067 0.088330 0.066549 0.070639 0.098604 0.091670 0.160634 0.094761 0.088963 0.083783 0.099035 0.087003 0.096167 0.130632 0.123877 0.176646 0.081076 0.104364 0.097072 0.130057 0.111566 0.141764 0.163617
0.105914 0.121947 0.156095 0.124494 0.136058 0.172219 0.178584 0.224900 0.248089 0.168822 0.177515 0.178078 0.103116 0.095422 0.191446 0.111142 0.100112 0.135775 0.112735 0.128774 0.113558 0.122931 0.161840 0.175748 0.096416 0.110134 0.090568 0.125699 0.106998 0.102565 0.135583 0.186258 0.172991 0.101897 0.134890 0.163784 0.135204 0.140199 0.176578 0.163995
0.106103 0.110101 0.144979 0.124108 0.128544 0.174032 0.174174 0.224965 0.252061 0.187356 0.166573 0.176731 0.121906 0.109217 0.198811 0.119251 0.111162 0.141674 0.139207 0.137497 0.130967 0.129624 0.173684 0.193274 0.109363 0.146895 0.104427 0.136154 0.119996 0.107901 0.143249 0.169163 0.161115 0.111296 0.142500 0.174693 0.132017 0.151284 0.190684 0.160902
0.109642 0.137096 0.170149 0.157132 0.158126 0.197685 0.185789 0.230131 0.249222 0.175145 0.178380 0.194162 0.101787 0.100779 0.208258 0.113852 0.105956 0.145125 0.124073 0.136885 0.109661 0.140528 0.152446 0.187242 0.101646 0.112321 0.108343 0.124115 0.116276 0.111163 0.158084 0.184525 0.199769 0.100003 0.150335 0.167026 0.151041 0.152763 0.193897 0.190154
0.122975 0.105244 0.136232 0.129946 0.154839 0.138923 0.167115 0.237219 0.246742 0.200828 0.190065 0.178646 0.139165 0.111332 0.236875 0.146924 0.141332 0.158126 0.146526 0.169067 0.180282 0.162081 0.196824 0.227366 0.112645 0.183669 0.114774 0.156137 0.139831 0.125476 0.110263 0.176053 0.132209 0.115439 0.162322 0.208766 0.128831 0.157653 0.188410 0.165447
0.107802 0.148939 0.183612 0.138852 0.104770 0.148347 0.142051 0.183307 0.229547 0.175293 0.158544 0.214445 0.124791 0.120976 0.169286 0.110803 0.089961 0.121847 0.122229 0.122128 0.108308 0.123354 0.161911 0.172065 0.126411 0.142587 0.082142 0.123419 0.087997 0.110466 0.145558 0.140838 0.182284 0.104286 0.154216 0.153126 0.136313 0.152598 0.158759 0.153942
0.111472 0.170337 0.159428 0.167660 0.151450 0.154284 0.128077 0.178335 0.177136 0.176220 0.180786 0.207287 0.146499 0.131655 0.200524 0.099809 0.093276 0.122327 0.166090 0.133885 0.130064 0.177173 0.186399 0.251486 0.160250 0.195234 0.104037 0.142789 0.103282 0.152178 0.167603 0.138253 0.217821 0.118808 0.173688 0.149097 0.130149 0.129298 0.153871 0.170219
0.101681 0.115809 0.118779 0.140724 0.139036 0.103827 0.088066 0.116374 0.146378 0.158771 0.173038 0.188178 0.117643 0.105126 0.191631 0.098092 0.131040 0.111524 0.144350 0.146000 0.150980 0.207016 0.190220 0.252292 0.140056 0.185593 0.116697 0.118811 0.085717 0.154040 0.114163 0.092824 0.161807 0.102825 0.174193 0.126838 0.089303 0.079444 0.112926 0.137539
0.016759 0.014627 0.012822 0.036675 0.028123 0.019873 0.011227 0.026225 0.035253 0.015374 0.010676 0.016219 0.030101 0.010365 0.025682 0.040104 0.021569 0.003049 0.024259 0.010089 0.038722 0.031053 0.040874 0.064889 0.019948 0.042858 0.046533 0.008444 0.030953 0.037035 0.017822 0.024948 0.025792 0.005516 0.063361 0.041929 0.020969 0.029212 0.070153 0.026393
0.113004 0.115364 0.118635 0.108055 0.123837 0.077721 0.109826 0.140362 0.151148 0.187397 0.178735 0.154979 0.154244 0.106154 0.162318 0.123274 0.121028 0.110741 0.132755 0.129470 0.175270 0.185580 0.210365 0.220745 0.142609 0.221675 0.079722 0.120535 0.098848 0.150002 0.087427 0.093518 0.127448 0.100878 0.171015 0.154582 0.077668 0.091904 0.125639 0.113999
0.049075 0.046295 0.098684 0.080155 0.080979 0.100173 0.089177 0.096154 0.156807 0.124695 0.074215 0.149301 0.100690 0.079601 0.150405 0.060996 0.092692 0.102870 0.085673 0.111975 0.099893 0.138761 0.090542 0.109762 0.070482 0.128208 0.062400 0.044569 0.057970 0.071956 0.109496 0.036493 0.090683 0.047812 0.097611 0.089246 0.087251 0.073165 0.124018 0.111407
0.089855 0.117754 0.033116 0.127550 0.145315 0.123992 0.106012 0.105110 0.089139 0.121870 0.102151 0.104447 0.091423 0.101783 0.147941 0.118158 0.102655 0.139909 0.186579 0.105498 0.087838 0.117268 0.088120 0.171398 0.108118 0.134284 0.157765 0.082491 0.086915 0.104312 0.129583 0.084919 0.094909 0.064798 0.133053 0.064823 0.107596 0.105066 0.099895 0.084941
0.023028 0.073089 0.010985 0.050877 0.091311 0.058888 0.100853 0.091427 0.046877 0.095105 0.070312 0.017159 0.081976 0.072549 0.106477 0.102147 0.094425 0.040633 0.136520 0.055375 0.096273 0.078396 0.068600 0.131841 0.057289 0.073811 0.107511 0.078966 0.085753 0.065134 0.054029 0.082291 0.066078 0.043107 0.073611 0.052307 0.085676 0.058855 0.100255 0.045277
0.131233 0.137454 0.070259 0.124451 0.155811 0.127380 0.118280 0.117153 0.098137 0.159781 0.152293 0.102424 0.161569 0.137508 0.168878 0.129276 0.134664 0.161074 0.218345 0.137380 0.165226 0.158405 0.173770 0.239045 0.166730 0.208931 0.184361 0.139339 0.088777 0.170919 0.135002 0.102380 0.124457 0.096400 0.159764 0.089210 0.085621 0.080969 0.106630 0.113390
0.137928 0.147460 0.132672 0.126972 0.151666 0.119747 0.132640 0.168496 0.160068 0.218915 0.213808 0.173227 0.193490 0.134825 0.224136 0.146153 0.150253 0.143907 0.194256 0.170543 0.230575 0.232315 0.228296 0.272198 0.172825 0.223995 0.153552 0.168782 0.130589 0.200322 0.129563 0.134302 0.166549 0.130722 0.210337 0.175395 0.091253 0.100907 0.157540 0.140678
0.121275 0.123182 0.109640 0.122054 0.123498 0.101061 0.105411 0.128192 0.132396 0.186192 0.193708 0.150946 0.180854 0.144523 0.187181 0.127624 0.139050 0.130737 0.215437 0.170274 0.192397 0.216689 0.235652 0.259608 0.169441 0.245040 0.158422 0.159946 0.117817 0.171280 0.109711 0.106175 0.144004 0.130501 0.181067 0.136400 0.057527 0.092747 0.119103 0.134781
0.118751 0.098992 0.102056 0.094483 0.127099 0.074924 0.093658 0.121676 0.135179 0.168012 0.180067 0.141525 0.130594 0.093457 0.158429 0.103635 0.119445 0.113766 0.152485 0.148756 0.168377 0.185048 0.209912 0.257170 0.138677 0.191180 0.109108 0.123744 0.074252 0.158660 0.095659 0.102942 0.131111 0.095844 0.164230 0.130911 0.063791 0.053130 0.110640 0.110233
0.132390 0.124616 0.117674 0.135294 0.133233 0.082013 0.090702 0.124444 0.124832 0.169298 0.182705 0.139697 0.164596 0.127432 0.180719 0.118212 0.133564 0.116522 0.170421 0.141310 0.202560 0.209987 0.228677 0.263977 0.175597 0.242512 0.140706 0.156521 0.120665 0.177146 0.100133 0.096749 0.143205 0.122345 0.194016 0.153567 0.067876 0.094588 0.128747 0.134785
0.145245 0.145292 0.119617 0.146131 0.161475 0.134217 0.122620 0.153562 0.178157 0.210654 0.201320 0.227727 0.174838 0.135509 0.198488 0.131626 0.120186 0.168869 0.197868 0.175068 0.157420 0.209366 0.208099 0.261890 0.187034 0.251895 0.134574 0.124995 0.096870 0.173700 0.162493 0.109854 0.158990 0.122611 0.202639 0.160576 0.096996 0.120444 0.128617 0.139826
0.152207 0.125078 0.111171 0.154847 0.176040 0.113052 0.112855 0.133441 0.156773 0.176555 0.179239 0.177751 0.158130 0.126635 0.193881 0.136778 0.146206 0.173739 0.193741 0.177136 0.187377 0.194228 0.200642 0.296038 0.187299 0.269514 0.164433 0.155433 0.115096 0.179012 0.148027 0.099708 0.135935 0.118667 0.216213 0.162405 0.109861 0.119913 0.138592 0.149601
0.130410 0.141481 0.064858 0.132439 0.164850 0.112260 0.112571 0.134994 0.099852 0.172625 0.175728 0.101195 0.147599 0.132473 0.174710 0.120696 0.124500 0.141054 0.230368 0.141394 0.160279 0.168921 0.192751 0.268307 0.168747 0.225410 0.186921 0.162526 0.112059 0.180360 0.120379 0.112229 0.129996 0.110010 0.172631 0.120560 0.078464 0.078430 0.113767 0.115566
0.092712 0.096345 0.112681 0.118342 0.146828 0.084324 0.116470 0.133007 0.131259 0.151951 0.134452 0.150797 0.142019 0.109698 0.168749 0.100764 0.130823 0.118674 0.139329 0.148136 0.168707 0.180461 0.177749 0.227905 0.137051 0.237655 0.105653 0.117912 0.106301 0.134268 0.110291 0.081747 0.128023 0.074079 0.149641 0.145782 0.094754 0.090081 0.131870 0.142063
0.104259 0.102772 0.069719 0.106531 0.125605 0.112817 0.108253 0.113657 0.102536 0.153510 0.118897 0.086350 0.141413 0.113635 0.146415 0.089481 0.107906 0.120346 0.186993 0.116716 0.140953 0.128247 0.127898 0.190300 0.109827 0.183255 0.157151 0.127695 0.116364 0.147194 0.121115 0.098318 0.100008 0.080359 0.147406 0.089964 0.079935 0.074497 0.130589 0.113903
0.041229 0.091330 0.087017 0.083881 0.077662 0.100294 0.094551 0.076125 0.091158 0.067614 0.054027 0.091418 0.059104 0.091005 0.121334 0.034015 0.043574 0.056766 0.089287 0.077682 0.069446 0.132197 0.092294 0.133872 0.126085 0.092071 0.126390 0.101324 0.116831 0.083426 0.119369 0.042494 0.150143 0.041724 0.123779 0.066789 0.095595 0.059494 0.132226 0.133748
0.081022 0.140593 0.129776 0.160588 0.134616 0.170215 0.100851 0.128929 0.146744 0.101823 0.119221 0.112627 0.082286 0.108209 0.169802 0.059721 0.086187 0.096435 0.102044 0.086481 0.070149 0.099907 0.102972 0.168843 0.065982 0.090916 0.077815 0.123510 0.073941 0.096802 0.132157 0.125866 0.162036 0.088886 0.101367 0.064570 0.129734 0.095578 0.140675 0.152484
0.053157 0.152263 0.134176 0.130774 0.104430 0.150460 0.097583 0.124884 0.130367 0.070840 0.082338 0.107838 0.056275 0.080462 0.121641 0.032599 0.026130 0.059658 0.054920 0.044731 0.036492 0.055232 0.062594 0.115764 0.065278 0.048066 0.030148 0.097032 0.059216 0.068693 0.117063 0.122922 0.173295 0.059223 0.065245 0.063208 0.121370 0.084771 0.116755 0.124647
0.050865 0.117684 0.105677 0.112509 0.091770 0.141186 0.083385 0.112257 0.122236 0.067858 0.070074 0.097897 0.060546 0.085284 0.130529 0.037235 0.043287 0.066381 0.063025 0.050045 0.054890 0.069973 0.086577 0.142553 0.075204 0.072563 0.045190 0.096589 0.055658 0.067401 0.116766 0.106514 0.152552 0.061288 0.072480 0.063727 0.119690 0.079965 0.118556 0.113860
0.086113 0.119348 0.162098 0.154348 0.127244 0.141626 0.097948 0.148312 0.173321 0.113922 0.114973 0.171484 0.073286 0.102816 0.189649 0.050866 0.072294 0.097378 0.104853 0.106420 0.080581 0.136996 0.117471 0.184494 0.098586 0.103232 0.093650 0.101381 0.077649 0.100520 0.153896 0.121212 0.171920 0.072816 0.133829 0.089336 0.122089 0.105749 0.148655 0.151264
0.106081 0.067529 0.072176 0.083682 0.116972 0.056904 0.075053 0.082545 0.069067 0.085896 0.098232 0.048762 0.083226 0.063586 0.125235 0.064804 0.088399 0.086887 0.119263 0.088028 0.094307 0.095730 0.106607 0.174653 0.097454 0.113129 0.106144 0.079438 0.042134 0.121223 0.083819 0.112477 0.094277 0.069275 0.109105 0.093261 0.053532 0.023813 0.129553 0.111137
0.094559 0.081124 0.035191 0.079021 0.138574 0.063232 0.077195 0.140434 0.094037 0.106795 0.171400 0.059182 0.098973 0.062886 0.116056 0.080137 0.049141 0.107283 0.144874 0.105895 0.100194 0.083220 0.119808 0.169742 0.145635 0.152288 0.106453 0.107755 0.068419 0.127303 0.072845 0.112414 0.086813 0.109004 0.084471 0.120364 0.028301 0.075416 0.039003 0.097187
0.010134 0.028365 0.034975 0.044543 0.023090 0.027898 0.000015 0.033123 0.037539 0.008556 0.007428 0.023015 0.019084 0.001426 0.012996 0.011865 0.002993 -0.005839 -0.006336 -0.005393 0.010089 0.017271 0.012085 0.014135 0.000790 0.025264 0.007723 0.001341 0.019637 0.033332 0.017945 0.018331 0.019779 0.011276 0.050817 0.022278 0.033382 0.029767 0.049676 0.034237
0.053089 0.048470 0.051995 0.086853 0.082272 0.038268 0.038693 0.049232 0.045738 0.030703 0.039991 0.020221 0.032580 0.018554 0.046854 0.056150 0.061060 0.024438 0.019948 0.014952 0.074844 0.063778 0.054181 0.100091 0.028539 0.080303 0.041964 0.054120 0.080019 0.055533 0.023128 0.041006 0.050115 0.020199 0.083423 0.064817 0.058983 0.066768 0.099317 0.055638
0.061877 0.071635 0.099092 0.105534 0.109195 0.082546 0.067727 0.075445 0.090500 0.057848 0.073104 0.060108 0.059431 0.032749 0.082122 0.062512 0.083963 0.057613 0.022909 0.037838 0.085326 0.088631 0.054718 0.108531 0.030693 0.095476 0.039155 0.070856 0.077986 0.083564 0.050835 0.053008 0.077492 0.026896 0.097676 0.095028 0.110089 0.060824 0.139696 0.107583
0.043411 0.035569 0.091641 0.079038 0.059332 0.080693 0.063484 0.083966 0.087074 0.095037 0.056914 0.121213 0.026203 0.049927 0.112407 0.025629 0.038581 0.082658 0.074878 0.065082 0.015954 0.097415 0.051214 0.083200 0.066817 0.071029 0.076456 0.041062 0.057390 0.035303 0.105803 0.041611 0.084524 0.028675 0.083627 0.059859 0.070853 0.095985 0.081587 0.103374
0.058610 0.144965 0.138320 0.157980 0.118001 0.168990 0.098655 0.130353 0.143887 0.087077 0.080267 0.133698 0.062571 0.084921 0.147102 0.046614 0.047608 0.077294 0.067702 0.061430 0.047914 0.096924 0.078105 0.135854 0.074601 0.078484 0.061155 0.081159 0.068026 0.082057 0.132732 0.106075 0.181177 0.056949 0.107889 0.073276 0.137855 0.105414 0.145540 0.151597
