0.038355 0.039172 0.043376 0.031127 0.020599 0.046283 0.030156 0.036021 0.036728 0.035584 0.028184 0.036044 0.032327 0.042689 0.030415 0.027860 0.030102 0.025405 0.015732 0.017671 0.019097 0.029950 0.018783 0.016305 0.024000 0.013543 0.027229 0.019044 0.023713 0.032411 0.031216 0.034558 0.032401 0.031799 0.021217 0.026230 0.032670 0.033308 0.048355 0.020558
0.045023 0.042099 0.039558 0.044644 0.029825 0.044601 0.026217 0.039009 0.044000 0.045655 0.037575 0.041164 0.035645 0.030321 0.027437 0.022541 0.022281 0.025492 0.014244 0.012546 0.019258 0.031561 0.025712 0.027615 0.018000 0.026142 0.025531 0.022442 0.029216 0.050577 0.041321 0.036341 0.040107 0.035000 0.033296 0.020532 0.033989 0.034216 0.037333 0.037626
0.042275 0.042995 0.040610 0.041637 0.030714 0.041188 0.024557 0.041127 0.043538 0.049004 0.041470 0.041479 0.039312 0.026427 0.031123 0.025166 0.017294 0.022000 0.012940 0.013393 0.023245 0.031766 0.025967 0.027561 0.016329 0.029752 0.023945 0.020449 0.033376 0.052906 0.037874 0.039040 0.040670 0.032341 0.035657 0.028541 0.028416 0.031508 0.040168 0.034098
0.042087 0.040453 0.040214 0.034671 0.027508 0.039044 0.024475 0.036451 0.038137 0.045112 0.038180 0.039483 0.030437 0.022285 0.026305 0.015964 0.014252 0.019013 0.011299 0.008908 0.017459 0.026592 0.021766 0.019091 0.011495 0.021689 0.014234 0.020545 0.028259 0.042128 0.041737 0.033277 0.030309 0.029226 0.031059 0.018824 0.024170 0.028398 0.037684 0.027208
0.041052 0.036696 0.041663 0.046816 0.031880 0.049494 0.027855 0.041151 0.047225 0.047350 0.040746 0.048435 0.034125 0.023713 0.036280 0.016875 0.022602 0.025773 0.017721 0.016780 0.020803 0.037289 0.022551 0.027751 0.015283 0.032395 0.021199 0.025605 0.033216 0.046621 0.049397 0.030108 0.042999 0.025787 0.041423 0.019930 0.034406 0.032801 0.041937 0.037618
0.044068 0.038237 0.041393 0.049962 0.037695 0.048519 0.028139 0.044676 0.049152 0.046239 0.041990 0.043480 0.039066 0.025722 0.037787 0.024778 0.024444 0.023192 0.017031 0.018307 0.027131 0.036605 0.027988 0.026410 0.015000 0.032675 0.024166 0.025589 0.036915 0.056008 0.047583 0.036256 0.045538 0.027983 0.040222 0.028197 0.035677 0.030750 0.047317 0.039379
0.039078 0.028219 0.033969 0.034358 0.030247 0.041204 0.030127 0.038774 0.042945 0.050211 0.029329 0.035790 0.040712 0.023895 0.028810 0.020337 0.018825 0.017871 0.013433 0.019941 0.021805 0.033880 0.025752 0.019230 0.016728 0.032755 0.019247 0.016451 0.027474 0.045597 0.032984 0.018242 0.040672 0.030686 0.031617 0.010273 0.024449 0.019058 0.037903 0.022534
0.044179 0.028977 0.031382 0.041073 0.033774 0.051356 0.040954 0.038163 0.047416 0.054458 0.030834 0.032348 0.040818 0.029940 0.033274 0.028352 0.030301 0.023039 0.023095 0.023869 0.028661 0.036861 0.038387 0.029148 0.025801 0.039371 0.031144 0.025157 0.032691 0.052929 0.035069 0.017701 0.044943 0.029372 0.036738 0.014588 0.031724 0.023131 0.042915 0.027425
0.045294 0.040470 0.041963 0.044201 0.036976 0.050157 0.035817 0.044207 0.045175 0.055098 0.039278 0.039599 0.044306 0.030937 0.034520 0.025469 0.023035 0.022392 0.016086 0.017387 0.023818 0.033444 0.028559 0.021862 0.015280 0.030552 0.021191 0.023693 0.031595 0.052438 0.037009 0.028007 0.047246 0.031827 0.034293 0.017577 0.030524 0.027132 0.045806 0.029323
0.040975 0.018428 0.027872 0.032186 0.026215 0.039086 0.032043 0.033795 0.043118 0.039939 0.021246 0.029853 0.043023 0.038297 0.029961 0.034423 0.032807 0.022674 0.023112 0.025743 0.031065 0.034610 0.039629 0.026751 0.032022 0.038511 0.034801 0.016667 0.022153 0.045657 0.028273 0.015752 0.040987 0.030641 0.031886 0.007549 0.029055 0.019790 0.040309 0.021591
0.051032 0.031872 0.042627 0.043660 0.036801 0.054952 0.031448 0.045004 0.056520 0.049138 0.035390 0.050217 0.046504 0.033781 0.046128 0.027503 0.034641 0.031393 0.017908 0.022923 0.029621 0.046004 0.034301 0.036961 0.021361 0.041050 0.027456 0.020226 0.032268 0.049989 0.046334 0.029974 0.044115 0.026961 0.040803 0.014413 0.040100 0.029544 0.049997 0.035831
0.053625 0.031519 0.046457 0.044146 0.030316 0.053787 0.034892 0.037388 0.056123 0.043114 0.042105 0.051126 0.045963 0.048186 0.048892 0.037807 0.048639 0.035359 0.027211 0.032067 0.039142 0.045700 0.034940 0.035409 0.031185 0.040262 0.041451 0.032564 0.034290 0.048796 0.051166 0.033415 0.041828 0.029733 0.043733 0.020786 0.041817 0.035267 0.052158 0.038154
0.038784 0.023696 0.036173 0.031716 0.014596 0.036437 0.026936 0.028380 0.043011 0.024066 0.027132 0.042558 0.041012 0.058613 0.041289 0.029191 0.040917 0.027792 0.026555 0.031564 0.034931 0.033744 0.033168 0.027705 0.041595 0.032908 0.033145 0.022685 0.023173 0.028719 0.040037 0.032191 0.030928 0.019251 0.026230 0.012836 0.031665 0.030361 0.038572 0.023215
0.018673 0.016602 0.014853 0.027905 0.026486 0.019982 0.014166 0.026052 0.029589 0.019280 0.014937 0.018014 0.026847 0.012442 0.027201 0.029338 0.020751 0.006682 0.017904 0.013455 0.029181 0.025328 0.029616 0.022247 0.021039 0.030485 0.028614 0.012110 0.026699 0.029712 0.019997 0.023698 0.024664 0.008615 0.026006 0.028493 0.020876 0.024011 0.030469 0.023758
0.036275 0.016055 0.027553 0.024738 0.012123 0.037212 0.028251 0.027342 0.045351 0.028642 0.019997 0.035068 0.037785 0.050468 0.039243 0.038068 0.040525 0.027270 0.019585 0.031277 0.037136 0.036991 0.037602 0.032117 0.038374 0.028417 0.039501 0.012926 0.012914 0.030362 0.026259 0.020025 0.028876 0.020496 0.023919 0.006054 0.023427 0.021586 0.037519 0.017987
0.032545 0.025653 0.027586 0.023804 0.013514 0.025722 0.017633 0.019610 0.025996 0.025088 0.024953 0.025426 0.022335 0.036324 0.022981 0.024039 0.032132 0.027608 0.015386 0.011542 0.023719 0.027272 0.030811 0.026485 0.023200 0.017447 0.020098 0.013922 0.001456 0.026321 0.023676 0.021769 0.024881 0.014687 0.019907 0.007236 0.018212 0.016842 0.021884 0.014641
0.022290 0.018337 0.018227 0.014897 0.008056 0.012251 0.018378 0.013950 0.016025 0.019593 0.021236 0.022742 0.016633 0.023382 0.010642 0.029021 0.027503 0.031932 0.018637 0.009551 0.031464 0.031157 0.035574 0.017995 0.019477 0.021900 0.018909 0.024233 0.023457 0.030106 0.016893 0.020306 0.024649 0.014511 0.022026 0.032606 0.026201 0.022748 0.027099 0.020278
0.020330 0.012727 0.012022 0.019409 0.014336 0.014952 0.012838 0.014100 0.019291 0.012061 0.016862 0.014593 0.018628 0.014344 0.016368 0.022497 0.013955 0.020909 0.017267 0.013157 0.023483 0.020449 0.021077 0.010836 0.018080 0.024362 0.016866 0.010912 0.020375 0.023608 0.025465 0.011972 0.025334 0.011129 0.026866 0.032255 0.016654 0.019739 0.025735 0.014274
0.027115 0.015584 0.024358 0.022734 0.008060 0.025952 0.019413 0.022758 0.033705 0.019400 0.019380 0.037189 0.020765 0.037107 0.023983 0.033778 0.042009 0.037342 0.028178 0.026940 0.036675 0.042737 0.039951 0.027770 0.031257 0.034704 0.028187 0.023494 0.028694 0.025759 0.028657 0.018884 0.029377 0.018953 0.028278 0.029673 0.035097 0.025114 0.033361 0.017666
0.038388 0.022830 0.034757 0.035314 0.023377 0.039430 0.030309 0.029624 0.042315 0.023385 0.021471 0.037165 0.036534 0.054782 0.035304 0.041217 0.047153 0.029086 0.024706 0.035930 0.037489 0.037122 0.038347 0.028960 0.034126 0.033575 0.039127 0.017770 0.025354 0.027458 0.032686 0.023741 0.028260 0.021340 0.025201 0.018890 0.031187 0.027625 0.042880 0.020597
0.038799 0.016537 0.033317 0.028288 0.014327 0.035882 0.024741 0.023376 0.038948 0.017857 0.020644 0.041125 0.030339 0.048995 0.035150 0.039205 0.052509 0.039070 0.029987 0.037988 0.038985 0.036587 0.033801 0.034256 0.039925 0.035387 0.040035 0.020826 0.020658 0.027031 0.034492 0.019075 0.029534 0.014570 0.026658 0.016175 0.035097 0.022400 0.033562 0.017738
0.036640 0.014410 0.029706 0.021643 0.014028 0.038319 0.029252 0.030118 0.044883 0.022312 0.019043 0.037780 0.036795 0.049145 0.044467 0.035743 0.040905 0.023201 0.030653 0.038597 0.043991 0.035686 0.038342 0.029092 0.042339 0.033658 0.040350 0.021308 0.024621 0.026244 0.035682 0.023510 0.026012 0.014715 0.029323 0.012560 0.026344 0.021626 0.043292 0.015305
0.040088 0.018452 0.032058 0.035530 0.021093 0.040102 0.027001 0.032176 0.047223 0.025204 0.025407 0.040290 0.042397 0.054846 0.043158 0.044996 0.051269 0.033643 0.029983 0.039304 0.041447 0.040493 0.039226 0.038343 0.045340 0.039619 0.047514 0.020372 0.023853 0.033846 0.035393 0.027515 0.036321 0.023303 0.030676 0.021300 0.036706 0.026728 0.039500 0.025752
0.036830 0.017716 0.031726 0.022045 0.011448 0.031825 0.031253 0.019025 0.038249 0.025230 0.021992 0.038186 0.030020 0.052529 0.032318 0.035999 0.049804 0.029607 0.021101 0.025905 0.040951 0.043399 0.042261 0.027441 0.040009 0.028936 0.034109 0.026369 0.019861 0.028730 0.027888 0.024189 0.024919 0.022399 0.022733 0.012657 0.034346 0.025848 0.040916 0.024870
0.037425 0.021067 0.026240 0.031150 0.014752 0.034233 0.029320 0.026569 0.037336 0.025022 0.025180 0.032169 0.035130 0.052919 0.035245 0.041622 0.046134 0.029294 0.035094 0.030136 0.045079 0.043141 0.053217 0.040417 0.049739 0.041144 0.050113 0.030962 0.030614 0.040648 0.027934 0.030173 0.035009 0.030196 0.032394 0.026067 0.039055 0.026651 0.038561 0.026333
0.029614 0.011027 0.021709 0.018357 0.011473 0.027899 0.026207 0.019867 0.032365 0.018311 0.019022 0.029531 0.022532 0.042683 0.023005 0.037187 0.044736 0.027437 0.035710 0.026612 0.036314 0.032658 0.042272 0.032705 0.042682 0.037558 0.040698 0.035866 0.033643 0.027597 0.027189 0.014893 0.024294 0.020988 0.026579 0.030772 0.035497 0.026314 0.036957 0.018790
0.035395 0.020163 0.027773 0.029612 0.012433 0.033108 0.019635 0.018693 0.033614 0.021661 0.021440 0.029126 0.028796 0.056920 0.032038 0.032362 0.049190 0.025088 0.030524 0.024559 0.031626 0.034381 0.037647 0.032495 0.040475 0.033886 0.046338 0.023145 0.019021 0.034508 0.021992 0.024059 0.026790 0.026871 0.021820 0.011109 0.024575 0.024281 0.028966 0.016005
0.031554 0.024935 0.029635 0.034190 0.024997 0.036244 0.025444 0.034764 0.039809 0.023506 0.024294 0.032189 0.022444 0.023827 0.026307 0.036738 0.034761 0.024880 0.025494 0.017311 0.031434 0.034083 0.041534 0.038107 0.031556 0.041630 0.032307 0.030636 0.041062 0.044180 0.033275 0.023137 0.033736 0.023220 0.034075 0.032930 0.039907 0.026488 0.037381 0.028661
0.028961 0.005481 0.003854 0.011218 0.012639 0.013844 0.010787 0.017620 0.022438 0.024604 0.020455 0.002197 0.016680 0.007496 0.012076 0.024370 0.024969 0.014878 0.016909 0.022320 0.027050 0.007549 0.026949 0.019092 0.009206 0.017580 0.019325 0.016882 0.010777 0.025722 0.016351 0.013771 0.007450 0.020730 0.013680 0.025554 0.015227 0.007863 0.011869 0.007344
0.040104 0.037792 0.043890 0.038504 0.025796 0.045516 0.024135 0.040706 0.042061 0.040593 0.033542 0.051945 0.033138 0.023928 0.030106 0.014340 0.017411 0.024353 0.012976 0.012697 0.019079 0.031240 0.017018 0.022887 0.017765 0.026820 0.015823 0.022852 0.030946 0.044185 0.050789 0.028019 0.045446 0.025333 0.034569 0.023631 0.038220 0.028509 0.038805 0.032938
0.033112 0.026503 0.029108 0.027099 0.022758 0.031967 0.020402 0.027753 0.032251 0.040139 0.029822 0.034367 0.023976 0.009615 0.019433 0.010028 0.007741 0.012248 0.006285 0.009218 0.011088 0.021207 0.013044 0.014020 0.006282 0.019908 0.010745 0.015426 0.031002 0.037679 0.035450 0.022711 0.023741 0.023376 0.027173 0.014053 0.018496 0.020941 0.028724 0.024281
0.035302 0.018682 0.025333 0.032916 0.023486 0.035978 0.020495 0.029270 0.039313 0.040169 0.030358 0.035009 0.031103 0.016926 0.027755 0.016524 0.021905 0.020392 0.017894 0.019007 0.025091 0.033991 0.026089 0.020691 0.018579 0.033695 0.022579 0.022183 0.031333 0.041321 0.043552 0.019394 0.031638 0.030140 0.035416 0.017693 0.026185 0.022887 0.031569 0.030187
0.047339 0.040588 0.050214 0.041399 0.034514 0.047051 0.024646 0.048004 0.051140 0.046431 0.041181 0.055378 0.047698 0.034790 0.039563 0.031784 0.030357 0.027589 0.016434 0.020052 0.034046 0.041251 0.037041 0.032308 0.023950 0.040325 0.022481 0.020673 0.034276 0.053171 0.046409 0.043061 0.046568 0.028033 0.040122 0.026125 0.033723 0.027961 0.045088 0.029531
0.019384 0.023240 0.024993 0.022679 0.018729 0.030093 0.013728 0.025458 0.029864 0.019979 0.016815 0.031754 0.032751 0.026563 0.024925 0.035348 0.023741 0.011194 0.015481 0.014701 0.032386 0.025630 0.028773 0.016147 0.020636 0.029410 0.029626 0.016549 0.035375 0.023868 0.022927 0.022900 0.023893 0.018896 0.027133 0.028202 0.021673 0.023168 0.034715 0.016287
0.014758 0.012305 0.018424 0.014823 -0.000105 0.013894 0.014770 -0.000175 0.002634 0.008438 0.007845 0.016375 0.014153 0.034062 0.008866 0.018836 0.021149 0.005951 0.004058 0.008344 0.013773 0.021536 0.016163 0.013359 0.016738 0.007654 0.017042 0.013882 0.006557 0.007909 0.005833 0.005445 0.015840 0.020586 0.011824 0.015717 0.019806 0.006853 0.024792 0.002693
0.012217 0.022403 0.022451 0.025857 0.021376 0.018335 0.004348 0.024921 0.026776 0.012432 0.009281 0.021990 0.018157 0.004310 0.016488 0.010641 0.006107 -0.001275 -0.001092 -0.000997 0.010885 0.018513 0.010578 0.018789 0.004527 0.020305 0.008331 0.005167 0.018000 0.023527 0.018352 0.018004 0.018313 0.012418 0.016956 0.017530 0.022838 0.021952 0.025966 0.024429
0.021047 0.020777 0.019433 0.029311 0.027637 0.026772 0.020066 0.034746 0.036290 0.028589 0.019854 0.023227 0.030385 0.016532 0.025871 0.023088 0.015227 0.016463 0.017329 0.016682 0.021619 0.023301 0.021389 0.021592 0.021674 0.021881 0.027416 0.013346 0.027659 0.035719 0.023283 0.032027 0.033485 0.018616 0.024459 0.026034 0.022609 0.027144 0.031491 0.028788
0.023134 0.027994 0.023431 0.035280 0.027290 0.028508 0.017737 0.037957 0.038030 0.026961 0.020532 0.025874 0.027677 0.022340 0.028257 0.015211 0.009197 0.010812 0.017438 0.008580 0.011123 0.023451 0.016825 0.020478 0.022101 0.019147 0.024715 0.015881 0.019902 0.032114 0.032645 0.031028 0.034253 0.024482 0.023124 0.022461 0.030665 0.029035 0.034032 0.033364
0.031361 0.023793 0.021277 0.027733 0.017785 0.025842 0.013142 0.016825 0.021885 0.028722 0.021921 0.022518 0.024478 0.019478 0.015480 0.022233 0.023850 0.031750 0.011763 0.003241 0.016826 0.019855 0.023951 0.020570 0.009624 0.016054 0.013080 0.019522 0.010480 0.026710 0.019885 0.016631 0.026180 0.020485 0.018547 0.011930 0.030144 0.024563 0.020852 0.023565
0.043519 0.044304 0.044669 0.045903 0.032551 0.045777 0.026499 0.041189 0.048656 0.050045 0.041601 0.047163 0.038548 0.025307 0.033385 0.025114 0.023459 0.023878 0.013109 0.012529 0.025139 0.035765 0.026920 0.029012 0.013292 0.032934 0.020523 0.024154 0.034457 0.050908 0.044435 0.036213 0.039573 0.029087 0.039226 0.026706 0.034036 0.037195 0.046096 0.038316
