0.586691 0.540043 0.589933 0.542689 0.584985 0.535043 0.560658 0.579734 0.596205 0.547295 0.541642 0.518344 0.56525 0.531732 0.527786 0.520447 0.66819 0.656204 0.664528 0.645918 0.532308 0.473546 0.60101 0.544995 0.540662 0.571342 0.516404 0.459677 0.526926 0.525334 0.587787 0.501052 0.625025 0.500173 0.597114 0.518735 0.684205 0.453534 0.600342 0.638907 
0.970531 0.861375 0.837598 0.924196 1.03799 0.882904 0.805186 0.852102 0.823283 1.02141 0.821528 1.07212 0.806702 1.0949 0.997281 1.12986 0.918641 1.05977 0.932748 1.03117 0.84942 0.835956 1.03868 1.07694 0.869256 1.04096 0.999342 0.854334 0.933332 0.836363 1.10854 0.896813 0.896746 0.961411 0.896088 0.969692 0.908177 0.941886 0.9679 0.872987 
0.885166 0.813106 0.867409 1.01289 0.749924 0.850928 0.896423 0.926524 0.861537 0.733602 0.834977 0.83203 0.818421 0.949382 0.816886 0.821378 0.950885 0.621984 0.850539 0.876599 0.746172 0.681675 0.703997 0.996435 1.06407 1.15745 0.739265 0.823549 0.92722 0.707889 0.843241 0.95252 0.849545 0.742819 0.791937 1.15521 0.990203 1.03927 1.18694 0.991023 
0.619437 0.4976 0.654181 0.550323 0.527823 0.538057 0.582145 0.510826 0.475235 0.518844 0.651937 0.660571 0.573447 0.472644 0.441353 0.565379 0.408773 0.421673 0.535457 0.593941 0.673345 0.657607 0.507138 0.623051 0.592382 0.519715 0.585774 0.543909 0.594791 0.600949 0.562814 0.64257 0.511823 0.52272 0.565551 0.551076 0.577924 0.560003 0.50506 0.512317 
0.661831 0.547553 0.507944 0.61023 0.625706 0.60255 0.503562 0.494364 0.511287 0.644412 0.578389 0.74841 0.645745 0.602788 0.525714 0.516216 0.489249 0.6284 0.697809 0.559226 0.609834 0.530776 0.635388 0.529037 0.462944 0.538057 0.703019 0.629483 0.521219 0.597388 0.625976 0.645586 0.664307 0.549463 0.539813 0.669774 0.499956 0.499171 0.541554 0.511968 
1.12012 1.05895 1.04273 1.1505 0.997416 1.16605 1.1373 1.13989 1.16315 1.31317 1.0184 1.08619 1.12364 1.1332 1.02759 1.23648 1.26302 1.23116 1.01911 1.03692 1.21745 1.32772 1.10891 1.1919 1.14862 0.947707 1.24295 1.09397 0.991818 1.12276 1.24884 1.02077 1.11936 0.946487 1.37751 1.14759 1.0033 1.02144 1.04711 1.12419 
0.649063 0.629778 0.699496 0.657682 0.538157 0.630665 0.587486 0.595983 0.542324 0.556218 0.648196 0.554537 0.587438 0.610607 0.605782 0.602633 0.480541 0.568889 0.539536 0.630409 0.62438 0.561469 0.570699 0.596205 0.617683 0.621133 0.584362 0.498216 0.653246 0.638734 0.606875 0.755846 0.479123 0.620918 0.701128 0.627503 0.656583 0.53819 0.501363 0.475938 
1.4491 1.26184 1.32651 1.46263 1.53769 1.18256 1.39609 1.12248 1.25025 1.34215 1.34673 1.21924 1.43382 1.14904 1.55904 1.51816 1.1541 1.1955 1.30606 1.46115 1.39223 1.08637 1.25828 1.4807 1.22812 1.35702 1.18958 1.08972 1.30864 1.42947 1.29392 1.43699 1.21135 1.44238 1.34277 1.35723 1.24079 1.33741 1.3806 1.31317 
1.11539 1.13464 1.08846 1.229 0.881784 1.19392 1.02495 1.00102 1.15017 1.10045 1.0035 0.967814 0.894035 0.835519 0.97042 1.05939 0.860201 0.897942 1.06802 1.05315 0.958762 1.06427 1.13235 1.08825 1.06894 0.937177 1.09068 1.06343 1.09703 1.05315 0.798313 0.978835 1.16959 1.16223 0.87001 1.08103 1.14403 1.07337 0.857986 1.00781 
1.47929 1.36967 1.59393 1.45887 1.55612 1.58132 1.29244 1.19476 1.59088 1.22378 1.37264 1.62924 1.49488 1.53687 1.71605 1.46508 1.53075 1.48048 1.38225 1.53375 1.36307 1.66501 1.43589 1.32118 1.43346 1.42712 1.64551 1.64658 1.62687 1.23259 1.51059 1.53961 1.46552 1.43611 1.22687 1.71532 1.62379 1.57039 1.48842 1.66645 
1.17085 1.22413 1.11062 1.42508 1.38852 1.41779 1.2034 1.29494 1.33802 1.2128 1.37464 1.2391 1.31634 1.27149 1.26404 1.30091 1.17912 1.37242 1.35791 1.44881 1.24944 1.34272 1.26534 1.3893 1.43992 1.32699 1.31625 1.26713 1.28935 1.23556 1.5993 1.38629 1.23969 1.02635 1.25556 1.36936 1.39544 1.02571 1.23174 1.16163 
0.943005 1.11551 1.19507 1.00505 1.08409 1.32457 0.910871 1.21937 1.14668 1.17007 1.06198 1.07892 1.25382 1.14193 1.16984 1.08137 1.08712 1.09645 1.35812 1.29277 1.31026 1.08311 1.23428 1.24156 1.21126 1.06934 1.03244 1.05687 1.11135 0.870135 0.930655 1.07026 1.27966 1.2861 0.908526 0.934491 1.13288 1.09563 1.43176 0.985652 
0.793478 0.884202 0.646346 0.755236 0.819741 0.863965 0.815951 0.706651 0.816553 1.00004 0.763017 0.894045 0.761568 0.825075 0.963008 0.835903 0.912614 0.81951 0.848711 0.797981 0.868868 0.884722 0.772471 0.876812 0.835938 0.787334 0.873952 0.673977 0.703449 0.747848 0.900127 0.711647 0.992892 0.95784 0.851008 0.723422 0.601128 0.577698 0.79568 0.912144 
0.403499 0.417043 0.514637 0.491706 0.545933 0.387116 0.393097 0.553312 0.562739 0.493599 0.454491 0.485213 0.441675 0.476118 0.468853 0.421079 0.488488 0.475212 0.584344 0.442552 0.532261 0.528067 0.538023 0.607445 0.450416 0.461112 0.519592 0.464979 0.437133 0.502572 0.52929 0.377582 0.472551 0.457425 0.607322 0.521297 0.526873 0.419476 0.435797 0.475224 
0.755811 0.834226 0.87807 0.867742 0.680367 0.793752 0.769336 1.03356 0.790744 0.843758 0.845727 0.948767 0.864997 0.917221 0.820646 0.890478 0.953105 0.956223 1.06044 0.886096 0.953602 0.782001 0.880643 1.09328 0.719123 0.936187 0.873988 0.872546 1.0778 0.967707 0.955511 0.871925 0.770705 0.894663 0.942802 0.888982 1.02783 0.822681 0.8232 0.777488 
0.656558 0.674038 0.75818 0.707605 0.652158 0.62215 0.730068 0.777147 0.747668 0.854692 0.76506 0.795562 0.907922 0.761038 0.813952 0.823917 0.655482 0.753211 0.746392 0.779505 0.722418 0.874503 0.70557 0.785371 0.752807 0.799254 0.819027 0.709878 0.704664 0.799594 0.892168 0.803547 0.777927 0.724513 0.862784 0.661398 0.809891 0.673435 0.733421 0.77382 
0.565043 0.613333 0.5065 0.484746 0.582723 0.571662 0.468336 0.594034 0.505095 0.450906 0.425987 0.511464 0.491121 0.510259 0.525173 0.613217 0.609108 0.600201 0.424084 0.59279 0.571742 0.464306 0.445443 0.52103 0.507671 0.458412 0.452574 0.598628 0.544677 0.521219 0.564435 0.471174 0.59017 0.568627 0.515776 0.481838 0.493693 0.61344 0.486434 0.53362 
1.43392 1.36078 1.82727 1.51799 1.48088 1.77532 1.116 1.27442 1.31007 1.21144 1.31587 1.50666 1.44947 1.73607 1.62853 1.31681 1.41639 1.46634 1.69051 1.60503 1.4654 1.53678 1.79176 1.41369 1.14241 1.23272 1.38389 1.20926 1.44489 1.56977 1.14788 1.38391 1.54515 1.56398 1.25423 1.29444 1.40534 1.23371 1.64639 1.36704 
0.781134 0.797191 0.689308 0.76097 0.67634 0.723919 0.711564 0.721949 0.754056 0.835918 0.623513 0.802846 0.736892 0.813835 0.773458 0.639344 0.621029 0.691479 0.721766 0.648457 0.882984 0.845673 0.595548 0.767255 0.823873 0.796746 0.769133 0.608057 0.584617 0.682933 0.618161 0.751236 0.66905 0.832909 0.736535 0.726795 0.932008 0.66044 0.561571 0.643847 
0.851971 0.85717 0.862602 0.719123 0.809946 0.955511 0.914015 0.819614 0.705269 0.801136 0.795087 0.884295 0.847919 0.824009 0.770925 0.77319 0.903612 0.872007 0.714809 0.632375 0.816985 0.884042 0.770534 0.84397 0.959862 0.909921 0.770024 0.859999 0.627334 0.638604 0.840957 0.925378 0.701515 0.864212 0.83613 0.882882 0.690498 0.571297 0.789067 0.724829 
0.685611 0.634909 0.603841 0.538012 0.641533 0.641583 0.72682 0.616727 0.627503 0.724432 0.667505 0.5762 0.60723 0.74614 0.744127 0.618265 0.727116 0.81469 0.621822 0.732713 0.630987 0.647537 0.752571 0.759022 0.597677 0.77056 0.687012 0.644357 0.696008 0.649295 0.616774 0.664115 0.671486 0.645193 0.597837 0.561315 0.638206 0.585964 0.562567 0.627522 
0.671232 0.482667 0.616076 0.528794 0.577056 0.499157 0.593905 0.628853 0.678419 0.596621 0.530038 0.511394 0.570407 0.592234 0.522893 0.489329 0.539943 0.520636 0.607492 0.507923 0.459668 0.557481 0.526093 0.72203 0.582333 0.52529 0.666945 0.595692 0.652684 0.542205 0.470004 0.507248 0.523462 0.531234 0.571201 0.49154 0.494633 0.614794 0.459154 0.440125 
0.637088 0.728351 0.826404 0.747988 0.689294 0.663601 0.788872 0.585394 0.802023 0.828025 0.726451 0.650283 0.699326 0.690037 0.627396 0.672429 0.713132 0.66887 0.665549 0.856327 0.634251 0.667369 0.696 0.671931 0.619571 0.742102 0.732229 0.662542 0.740343 0.727436 0.832226 0.653568 0.599912 0.807498 0.685115 0.772041 0.704809 0.76522 0.639563 0.802346 
0.504353 0.508497 0.513176 0.585678 0.470286 0.467653 0.50491 0.481637 0.463261 0.506017 0.458014 0.509761 0.547055 0.593365 0.590732 0.641304 0.488041 0.554513 0.481987 0.672944 0.457159 0.468156 0.649879 0.477628 0.454088 0.572861 0.534504 0.524946 0.568101 0.632186 0.611567 0.57918 0.572142 0.490768 0.560942 0.463285 0.464822 0.58464 0.460985 0.487255 
0.751988 0.730278 0.698118 0.85909 0.764606 0.910785 0.688646 0.634981 0.84778 0.622644 0.718872 0.713093 0.827841 0.911735 0.916291 0.962958 0.806592 0.92178 0.760087 0.780923 0.908535 0.792238 0.843222 0.84669 0.854882 0.737746 0.83013 0.777205 0.810194 0.70467 0.612047 0.779732 0.874464 0.69497 0.788457 0.728612 0.641018 0.883273 0.782759 0.820783 
1.09694 0.932522 0.805708 0.819127 0.817133 0.81277 0.854328 0.700899 0.731403 0.943758 0.89599 0.965081 0.983099 0.904549 0.87333 1.13363 0.818979 1.03988 0.91347 0.701481 0.88104 1.16513 0.829198 0.856078 0.931689 0.959886 0.914623 0.796688 0.943308 1.00755 0.754207 0.751166 0.810504 1.00702 1.04239 0.954718 0.915351 0.916291 0.774094 1.2202 
0.624533 0.588409 0.827646 0.76214 0.630437 0.641854 0.62926 0.651795 0.816125 0.604005 0.799254 0.705673 0.697016 0.78546 0.905928 0.789965 0.761177 0.653798 0.786514 0.539524 0.784409 0.809885 0.922722 0.906995 0.781804 0.870156 0.784839 0.680006 0.738329 0.626545 0.709676 0.699973 0.575156 0.644799 0.622089 0.671373 0.797137 0.800364 0.651553 0.780745 
0.450742 0.489627 0.496437 0.421698 0.463035 0.365398 0.461394 0.30084 0.484861 0.358971 0.543988 0.432983 0.388247 0.500029 0.363223 0.374184 0.571085 0.550873 0.533012 0.531796 0.621129 0.363611 0.441661 0.343172 0.477132 0.619765 0.436865 0.394701 0.66712 0.42925 0.386023 0.522546 0.392918 0.553762 0.4258 0.458091 0.483613 0.559931 0.39656 0.398096 
0.53652 0.514569 0.482233 0.582065 0.498069 0.424883 0.492839 0.422376 0.528293 0.423425 0.531304 0.530358 0.40027 0.454867 0.497722 0.468379 0.46762 0.523248 0.52366 0.551401 0.43394 0.383646 0.410021 0.491184 0.485508 0.543108 0.544727 0.488033 0.462624 0.496437 0.456405 0.489486 0.535984 0.572142 0.489465 0.580336 0.464991 0.547665 0.471109 0.445672 
0.646627 0.823917 0.642622 0.717412 0.547216 0.647294 0.633467 0.665792 0.589438 0.689797 0.645827 0.664723 0.609404 0.736822 0.746362 0.805121 0.791458 0.707232 0.597837 0.596123 0.658216 0.684367 0.799207 0.772569 0.594412 0.934309 0.583775 0.748757 0.659678 0.708772 0.668606 0.658462 0.600872 0.765093 0.752644 0.613104 0.645558 0.714112 0.671381 0.720779 
1.25472 1.40222 1.17228 1.1008 1.23694 1.4355 1.08918 1.15815 1.09335 1.12086 1.10914 1.17743 1.32991 1.24031 1.24635 1.11967 1.04835 1.68843 1.35421 1.22288 1.45925 1.23461 1.11224 1.03482 1.29156 1.29325 1.24679 1.48675 1.08821 1.27519 0.866591 1.23214 1.30782 1.11759 1.21138 1.26976 1.39341 1.07803 1.2298 1.35644 
0.778166 0.844317 0.734155 0.804373 0.847298 0.688846 0.795277 0.715486 0.889774 0.831601 0.945759 0.664676 0.710987 0.77269 0.738793 0.748484 0.900192 0.857227 0.693147 0.91851 0.797536 0.810523 0.955511 0.728692 0.905943 0.784204 0.869173 0.703265 0.683448 0.838329 0.757021 0.779325 0.802871 0.844465 0.867742 0.818936 0.609235 0.791587 0.911796 0.759987 
1.26181 1.24022 1.29402 1.23353 1.3497 1.30291 1.54739 1.11722 1.26058 1.16956 1.22038 1.27046 1.25366 1.06618 1.06576 1.27032 1.25031 1.32176 1.33077 1.23655 1.46552 1.2169 1.27715 1.32653 1.15586 1.17788 1.33702 1.1813 1.26126 1.45332 1.05082 1.12883 1.27825 1.0841 1.29015 1.08915 1.19139 1.04145 1.4604 1.11426 
1.38797 1.12703 1.08775 1.02492 0.879477 1.03625 1.20115 1.10526 1.04597 0.967326 1.17919 1.28967 1.01327 1.17734 1.16017 0.986764 1.24157 1.01258 1.07353 0.993987 1.18989 1.09083 1.07243 1.19516 1.02485 1.04226 1.04085 1.32891 1.13516 1.04497 1.12202 1.01566 0.952992 1.17287 0.963217 1.00502 1.19022 1.05939 1.16054 0.880507 
1.07733 1.09138 1.02277 0.890145 1.1026 0.986972 1.01772 1.08601 0.93906 0.948039 1.29782 1.15403 1.09095 1.17818 1.15268 1.12292 1.08148 1.00353 0.971301 1.14486 0.890043 0.949255 1.24356 1.03053 1.07174 1.10996 1.0506 1.31537 0.991468 0.961606 1.15033 1.16238 0.879145 0.95784 1.22026 1.03302 1.04215 1.07114 1.19908 0.875469 
0.977904 1.06317 1.06087 0.77516 1.08197 1.16045 1.0305 1.14154 0.925057 0.9488 1.0507 1.0472 0.857273 1.12567 1.00017 0.835938 0.909936 1.01507 0.96891 1.04882 0.999127 1.21985 0.674685 0.799442 0.90048 0.946289 0.836542 0.906945 1.03434 0.977577 0.975552 1.14483 1.14805 0.973831 0.998969 1.11849 0.951777 0.951255 0.881738 0.894486 
1.1477 1.04818 0.863558 0.979067 1.11867 1.00831 1.1508 1.20589 1.02361 1.06535 1.12275 1.00241 1.20756 1.13191 0.981641 1.1497 1.08283 0.907744 0.933065 0.978811 1.1267 1.22545 1.16899 1.24884 1.11935 0.819027 0.860812 1.27183 1.18351 1.0927 0.906976 1.04842 1.06817 1.13518 1.14844 1.07486 1.17028 1.16499 1.09192 0.978363 
1.28392 1.16588 1.10642 1.12564 1.00578 1.05368 1.05225 0.964264 0.930997 1.15396 1.09242 1.20695 1.17476 1.04684 1.50219 1.30291 1.22094 1.18856 1.08299 1.02924 1.09373 1.22241 1.24906 0.989622 1.20046 1.28364 1.25791 1.04031 0.833294 1.02522 1.22561 1.1502 1.0729 1.23142 1.20839 1.18643 1.20556 1.24858 1.04117 1.15961 
0.889782 0.883837 0.942677 1.09498 0.859419 0.973347 1.01466 0.748516 0.794369 1.20709 1.01467 0.823819 1.25885 1.14564 0.928186 0.981531 0.909449 1.04841 0.934677 0.927396 0.956069 1.15413 1.01041 1.03126 0.982902 1.17067 0.995803 0.929536 0.685365 0.784535 0.849116 0.831678 0.785929 0.99697 0.898353 0.934901 1.07933 1.1434 0.719123 0.751255 
1.05444 0.989758 1.13943 0.914808 0.925158 0.849599 0.912422 1.02272 1.06896 1.01208 0.902082 0.92514 0.984344 1.24511 1.08762 0.951502 1.08455 1.04465 0.980829 1.17222 0.915265 0.924749 1.1867 1.14276 0.937781 1.0042 1.04597 1.00167 1.07968 1.21386 1.1495 1.0307 0.793031 0.839849 1.12625 0.889095 0.926047 1.10966 0.895742 1.14403 
