0.393631 0.124340 0.443669 0.395929 0.218275 0.273687 0.272772 0.173289 0.141208 0.192461 0.143166 0.149404 0.151994 0.220782 0.101797 0.121485 0.176161 0.163914 0.105557 0.201605 0.179271 0.143113 0.143317 0.167697 0.140206 0.184125 0.101840 0.151187 0.119251 0.170746 0.132112 0.141383 0.089863 0.144760 0.180929 0.151426 0.147323 0.107309 0.126800 0.139293
0.436503 0.140110 0.617943 0.532583 0.387746 0.286998 0.293193 0.243817 0.217573 0.265355 0.222971 0.265943 0.190101 0.357412 0.159419 0.192963 0.196217 0.138322 0.211693 0.200905 0.300555 0.170643 0.218682 0.211893 0.137866 0.261095 0.140027 0.174014 0.184136 0.220177 0.168761 0.239211 0.126286 0.190264 0.256974 0.133995 0.200616 0.190423 0.206748 0.196709
0.438738 0.143979 0.583583 0.522752 0.387355 0.294597 0.264084 0.229107 0.219588 0.257635 0.208455 0.285779 0.189817 0.359440 0.153956 0.212025 0.179993 0.121634 0.216118 0.202159 0.297419 0.152185 0.218491 0.206473 0.127034 0.258939 0.148748 0.192903 0.175817 0.212177 0.155034 0.231705 0.123091 0.193723 0.260844 0.135942 0.180549 0.196757 0.204745 0.212293
0.482886 0.135623 0.607135 0.538808 0.373145 0.291234 0.312127 0.243085 0.192435 0.256600 0.215279 0.268272 0.182864 0.347703 0.167110 0.211479 0.182624 0.126225 0.224939 0.222713 0.304470 0.175877 0.239158 0.205765 0.152577 0.259967 0.139997 0.185159 0.205815 0.249909 0.180367 0.246029 0.107889 0.184123 0.242884 0.153025 0.177583 0.189956 0.201731 0.201769
0.403063 0.100584 0.527252 0.486397 0.408621 0.234549 0.261444 0.244610 0.158376 0.177477 0.182314 0.280715 0.157394 0.382060 0.088403 0.208554 0.181733 0.108002 0.153311 0.178273 0.278179 0.155743 0.212441 0.154585 0.147588 0.165574 0.111295 0.203253 0.189585 0.210587 0.110656 0.168819 0.093574 0.189043 0.221141 0.120661 0.183656 0.192097 0.170371 0.180516
0.201521 0.112670 0.294788 0.235157 0.124926 0.152946 0.193972 0.093391 0.133377 0.164602 0.114681 0.087039 0.143258 0.155926 0.118648 0.072450 0.074653 0.064973 0.121725 0.092297 0.122007 0.089761 0.072920 0.061391 0.074642 0.167632 0.077013 0.096840 0.089542 0.120732 0.099462 0.170492 0.127506 0.064656 0.107641 0.048807 0.086008 0.036091 0.126002 0.108025
0.396124 0.083023 0.467855 0.412949 0.269588 0.193181 0.284526 0.210686 0.125247 0.146178 0.141957 0.125874 0.122708 0.258053 0.088578 0.127587 0.185243 0.116710 0.073167 0.180567 0.235184 0.161961 0.130590 0.141499 0.141432 0.104691 0.097891 0.120795 0.178719 0.150778 0.136916 0.119370 0.099306 0.124097 0.130379 0.110650 0.162830 0.113720 0.121228 0.118489
0.415590 0.095389 0.443122 0.444297 0.284397 0.201327 0.303578 0.222975 0.154718 0.203064 0.140002 0.190862 0.164094 0.257336 0.156849 0.135985 0.168247 0.120410 0.118071 0.226013 0.229477 0.151162 0.152964 0.171600 0.207431 0.128401 0.098150 0.155698 0.183478 0.181015 0.152584 0.133589 0.118601 0.150020 0.178594 0.158258 0.167992 0.138819 0.155806 0.128077
0.402394 0.121940 0.552918 0.460222 0.378970 0.257508 0.286904 0.255976 0.142854 0.237767 0.160425 0.221877 0.150581 0.343540 0.136486 0.148989 0.190342 0.124672 0.128120 0.174619 0.292852 0.171514 0.197462 0.224774 0.164152 0.186073 0.131199 0.161396 0.176130 0.189760 0.154243 0.184065 0.128081 0.153718 0.167444 0.164837 0.158170 0.145199 0.177941 0.137819
0.362220 0.102255 0.389392 0.356863 0.145733 0.219246 0.227931 0.143582 0.133536 0.213859 0.161893 0.130476 0.110228 0.200928 0.139454 0.105394 0.152345 0.120317 0.120449 0.226924 0.200119 0.144111 0.157148 0.149503 0.090837 0.143945 0.079193 0.093729 0.123874 0.196633 0.152729 0.125599 0.090646 0.112956 0.100476 0.116556 0.139430 0.105403 0.141936 0.152938
0.389330 0.103178 0.411578 0.380974 0.226423 0.214844 0.250427 0.172134 0.133589 0.169182 0.117820 0.134816 0.113469 0.199060 0.104665 0.126020 0.182703 0.104677 0.106155 0.163081 0.252233 0.134306 0.115093 0.153559 0.114884 0.097849 0.076950 0.134573 0.119224 0.141796 0.145920 0.101569 0.110550 0.113609 0.161092 0.129532 0.157245 0.102898 0.172424 0.127415
0.406912 0.102976 0.544270 0.462702 0.418414 0.247328 0.235963 0.218492 0.158708 0.195842 0.183812 0.244710 0.141109 0.333165 0.101487 0.204666 0.171061 0.084176 0.153448 0.160941 0.278661 0.153708 0.194628 0.139722 0.141253 0.185714 0.100126 0.230668 0.214482 0.165601 0.143837 0.199777 0.092443 0.185077 0.225724 0.130913 0.162074 0.191897 0.185693 0.187922
0.430854 0.148886 0.482788 0.482273 0.304602 0.257028 0.273741 0.210360 0.128015 0.198939 0.199502 0.169943 0.113485 0.245315 0.148079 0.152831 0.195420 0.148996 0.148200 0.228524 0.239443 0.170134 0.152762 0.198405 0.148741 0.215225 0.130168 0.160201 0.171131 0.180666 0.168198 0.177487 0.103477 0.161240 0.205748 0.145818 0.173207 0.118268 0.192121 0.172735
0.402172 0.122965 0.529343 0.494816 0.408252 0.255658 0.271144 0.225691 0.172125 0.205557 0.168953 0.258369 0.191475 0.334183 0.133706 0.199714 0.177327 0.086829 0.128798 0.195724 0.276303 0.173792 0.176321 0.170509 0.163963 0.180241 0.118631 0.226957 0.232227 0.183216 0.143702 0.200847 0.112393 0.183635 0.232605 0.133586 0.167278 0.167779 0.214901 0.184197
0.214298 0.087022 0.270859 0.230639 0.095822 0.165641 0.168264 0.097230 0.134109 0.227987 0.117388 0.060607 0.137704 0.135873 0.110152 0.065166 0.078558 0.110421 0.099633 0.162063 0.176425 0.145940 0.062965 0.174955 0.091440 0.105814 0.054843 0.014655 0.083615 0.105334 0.078162 0.078154 0.070824 0.039360 0.065415 0.067278 0.114589 0.063623 0.128263 0.081673
0.474829 0.145692 0.583456 0.521820 0.374049 0.271047 0.291998 0.239500 0.194281 0.284030 0.210972 0.239555 0.169816 0.316327 0.194243 0.187643 0.179455 0.126265 0.194481 0.224802 0.322587 0.172058 0.217170 0.184213 0.140427 0.234230 0.131792 0.172135 0.193191 0.201448 0.198348 0.209688 0.135186 0.180264 0.234241 0.123926 0.167235 0.184479 0.204782 0.209466
0.363405 0.103909 0.368473 0.365215 0.274982 0.207456 0.270938 0.193188 0.089634 0.163648 0.099005 0.149527 0.137129 0.205536 0.096166 0.129986 0.156261 0.103926 0.092207 0.155681 0.192951 0.139419 0.090831 0.186766 0.148559 0.101886 0.081827 0.147325 0.130278 0.163324 0.142188 0.127345 0.087691 0.119917 0.144535 0.160923 0.119496 0.099581 0.161978 0.134850
0.297110 0.096827 0.353521 0.275511 0.158121 0.180962 0.242788 0.111061 0.075865 0.139332 0.151538 0.086155 0.096596 0.156164 0.093391 0.080534 0.129433 0.132740 0.101551 0.100831 0.138239 0.160633 0.122779 0.124762 0.074093 0.115307 0.055392 0.075281 0.128598 0.168330 0.111434 0.085748 0.099002 0.127488 0.084860 0.115761 0.117580 0.075800 0.134048 0.157528
0.332405 0.107034 0.510697 0.400876 0.304423 0.273984 0.190900 0.169914 0.185550 0.191716 0.143321 0.148811 0.146874 0.239372 0.124058 0.146881 0.126732 0.107082 0.114484 0.124708 0.225256 0.143552 0.169053 0.134645 0.089056 0.196091 0.101921 0.123630 0.141279 0.192328 0.118952 0.161194 0.088404 0.116331 0.126023 0.112061 0.097457 0.157746 0.140382 0.137690
0.244384 0.064301 0.299274 0.279022 0.152140 0.120594 0.196420 0.078181 0.097386 0.183443 0.145793 0.104596 0.072190 0.174649 0.087280 0.055922 0.074016 0.093827 0.104121 0.068964 0.154820 0.101519 0.180425 0.134950 0.076914 0.158807 0.043030 0.048197 0.110335 0.100016 0.087734 0.112498 0.064725 0.073620 0.043110 0.051124 0.098775 0.059474 0.085169 0.113255
0.402803 0.141057 0.463483 0.475263 0.286087 0.214002 0.290631 0.226854 0.165431 0.242104 0.140467 0.181500 0.173257 0.275334 0.125078 0.138382 0.164554 0.148542 0.096968 0.200966 0.269076 0.174260 0.162128 0.222393 0.155622 0.177378 0.113219 0.137446 0.148881 0.158429 0.168949 0.102932 0.129690 0.137376 0.158952 0.114899 0.158722 0.116906 0.166987 0.138776
0.359662 0.152994 0.422133 0.395167 0.236362 0.269895 0.277316 0.154278 0.135194 0.210388 0.120077 0.131717 0.151119 0.165402 0.185489 0.101564 0.162201 0.103201 0.103615 0.177754 0.169176 0.152119 0.117465 0.167437 0.157662 0.180555 0.131278 0.147244 0.166533 0.174368 0.177884 0.146806 0.121211 0.147849 0.159244 0.178236 0.115868 0.076815 0.172467 0.125565
0.347867 0.060567 0.374059 0.388270 0.283417 0.185495 0.213161 0.154348 0.159400 0.203316 0.119535 0.184637 0.138909 0.316416 0.105394 0.124839 0.141966 0.067580 0.072396 0.234309 0.194904 0.136327 0.182363 0.107389 0.136529 0.137094 0.108916 0.163091 0.189880 0.129096 0.131085 0.160224 0.089801 0.121763 0.103555 0.047323 0.122570 0.114036 0.117563 0.152671
0.425830 0.109260 0.559748 0.497607 0.321264 0.251667 0.265628 0.224768 0.170979 0.212354 0.200471 0.191019 0.160378 0.330016 0.104379 0.144270 0.182281 0.151512 0.101197 0.199624 0.284880 0.195743 0.196088 0.212749 0.121349 0.205801 0.097170 0.139054 0.170242 0.190566 0.147845 0.160125 0.092106 0.136237 0.148912 0.112875 0.162246 0.166592 0.182787 0.167975
0.388464 0.101149 0.391925 0.366291 0.223341 0.197815 0.254744 0.210751 0.100706 0.179478 0.132641 0.151626 0.131092 0.244982 0.128460 0.129685 0.141473 0.104566 0.089542 0.184981 0.217343 0.155921 0.160228 0.191696 0.155432 0.139751 0.105048 0.132422 0.161939 0.157897 0.166715 0.148338 0.096405 0.122875 0.118879 0.172455 0.140136 0.096754 0.156288 0.140502
0.393102 0.099115 0.528775 0.441041 0.323910 0.258619 0.274490 0.223014 0.176252 0.201444 0.167693 0.229879 0.161921 0.293156 0.149281 0.146746 0.188116 0.117241 0.154884 0.203370 0.286912 0.176730 0.187906 0.179061 0.144032 0.138294 0.134981 0.129277 0.167163 0.188407 0.152054 0.158082 0.102936 0.181209 0.185695 0.133055 0.189103 0.168040 0.173751 0.156817
0.349030 0.083492 0.385219 0.363806 0.262607 0.171868 0.238360 0.208789 0.125192 0.136130 0.128617 0.185571 0.155666 0.278124 0.102766 0.121625 0.157259 0.080940 0.106479 0.158147 0.229197 0.124187 0.133555 0.182377 0.126944 0.133879 0.099967 0.137032 0.129880 0.134773 0.086091 0.137945 0.137730 0.098102 0.145521 0.098107 0.172495 0.101678 0.163202 0.121219
0.413915 0.127875 0.528286 0.455942 0.432772 0.243846 0.242121 0.213393 0.149836 0.189716 0.146533 0.230300 0.169909 0.343762 0.120111 0.210402 0.169556 0.085458 0.134305 0.149968 0.265323 0.161326 0.182456 0.180306 0.140303 0.185913 0.137401 0.217271 0.191944 0.187102 0.126493 0.212985 0.106618 0.156334 0.203363 0.140603 0.166090 0.145204 0.204768 0.189878
0.371812 0.096444 0.498638 0.445996 0.400118 0.227051 0.254255 0.208221 0.158119 0.182558 0.177316 0.249980 0.161072 0.346998 0.123722 0.173381 0.169436 0.070125 0.151721 0.171347 0.285372 0.166604 0.188775 0.134175 0.146034 0.158334 0.106954 0.214248 0.201678 0.166806 0.116597 0.186966 0.110135 0.181539 0.192299 0.091425 0.177442 0.139252 0.212216 0.200012
0.252233 0.097540 0.379719 0.328949 0.193464 0.167310 0.225676 0.123681 0.154076 0.147309 0.166011 0.121074 0.137938 0.183850 0.105156 0.131118 0.111870 0.101751 0.186517 0.117448 0.167861 0.098360 0.113537 0.089694 0.113906 0.184970 0.072920 0.075197 0.113386 0.113891 0.076179 0.162239 0.135297 0.108732 0.163867 0.054584 0.141024 0.093088 0.135426 0.127032
0.392500 0.117371 0.417157 0.359923 0.194557 0.226060 0.246975 0.174467 0.141365 0.222095 0.124841 0.150721 0.136255 0.202808 0.137303 0.108948 0.169504 0.142089 0.098438 0.175938 0.181160 0.105189 0.166817 0.140979 0.124857 0.152160 0.095623 0.111601 0.124729 0.188026 0.136003 0.149347 0.095289 0.131130 0.139789 0.158235 0.130950 0.116862 0.103067 0.138688
0.396562 0.109198 0.482564 0.476044 0.318703 0.263855 0.295647 0.194895 0.190970 0.251856 0.192896 0.211124 0.186102 0.255084 0.139728 0.146797 0.142116 0.147402 0.137816 0.222852 0.274278 0.159469 0.178917 0.178565 0.154785 0.193942 0.092990 0.151295 0.179562 0.162184 0.143123 0.165758 0.088069 0.157342 0.191876 0.092570 0.151702 0.160877 0.163975 0.150453
0.272546 0.089140 0.396387 0.290334 0.177783 0.182475 0.234732 0.162522 0.138262 0.199689 0.146219 0.103567 0.137889 0.207215 0.090379 0.084573 0.140174 0.112609 0.112499 0.152359 0.179141 0.171625 0.126347 0.149798 0.074069 0.152301 0.066021 0.078373 0.112166 0.185683 0.168790 0.117569 0.080522 0.100184 0.080708 0.105242 0.101486 0.119264 0.144401 0.142628
0.404103 0.107052 0.475916 0.450194 0.309914 0.187118 0.283804 0.210841 0.132644 0.183617 0.132762 0.179207 0.126586 0.253098 0.135271 0.154924 0.179988 0.106650 0.087497 0.173687 0.256100 0.139613 0.173902 0.142202 0.142400 0.142315 0.093123 0.153023 0.150030 0.139907 0.155688 0.129257 0.126873 0.132625 0.167154 0.091217 0.153391 0.116055 0.192373 0.168680
0.433379 0.108181 0.574232 0.490039 0.334207 0.281595 0.246748 0.183774 0.184692 0.233176 0.229520 0.194625 0.133426 0.316859 0.123567 0.145383 0.172558 0.150370 0.140427 0.212186 0.270304 0.165058 0.201371 0.188841 0.125447 0.248188 0.101457 0.176918 0.181641 0.160123 0.137300 0.218262 0.089841 0.159702 0.175111 0.112205 0.169553 0.156680 0.164014 0.174608
0.321920 0.072439 0.346230 0.297235 0.212428 0.160166 0.289186 0.167378 0.084055 0.165303 0.146174 0.110392 0.081161 0.186727 0.094790 0.088878 0.156576 0.158099 0.041249 0.195768 0.167739 0.142315 0.110455 0.105622 0.137452 0.069391 0.060945 0.110141 0.129076 0.168849 0.138345 0.079599 0.108958 0.159122 0.093793 0.110355 0.155302 0.100642 0.101515 0.131761
0.452124 0.121634 0.535120 0.458377 0.323423 0.284129 0.231711 0.194325 0.206473 0.239612 0.178610 0.179459 0.162545 0.289587 0.136672 0.136238 0.189042 0.128091 0.135331 0.198292 0.282776 0.179069 0.194630 0.147859 0.114296 0.216091 0.122837 0.172694 0.160189 0.165111 0.179791 0.155151 0.104573 0.174155 0.191963 0.130970 0.154362 0.143743 0.167081 0.158135
0.386021 0.067353 0.509238 0.429609 0.364628 0.243228 0.205405 0.200543 0.176410 0.218172 0.170866 0.219127 0.147920 0.354739 0.092687 0.133746 0.188098 0.077777 0.130775 0.194914 0.262431 0.154528 0.203086 0.166818 0.155093 0.197803 0.105857 0.213615 0.185557 0.162278 0.128525 0.233182 0.076725 0.117601 0.166212 0.091750 0.169787 0.152375 0.141662 0.156934
0.353115 0.103185 0.522081 0.408635 0.324162 0.239851 0.228567 0.189755 0.177453 0.214295 0.215064 0.178575 0.124785 0.261386 0.116402 0.136911 0.152642 0.152016 0.175410 0.185630 0.246427 0.156361 0.196483 0.160209 0.119165 0.183314 0.094562 0.122232 0.149289 0.160516 0.131643 0.161703 0.073440 0.166227 0.162563 0.117304 0.122766 0.183930 0.125388 0.159983
0.355405 0.082504 0.492424 0.380072 0.290157 0.215928 0.235284 0.165580 0.140515 0.202840 0.184597 0.199173 0.106186 0.267159 0.102147 0.147549 0.146391 0.115369 0.116825 0.176645 0.235766 0.164605 0.185613 0.153912 0.083237 0.203707 0.118123 0.109550 0.182312 0.132424 0.155477 0.182462 0.096939 0.162334 0.141286 0.097615 0.132030 0.147905 0.152155 0.154712
