0.378469 0.119285 0.427357 0.381214 0.210377 0.263153 0.262190 0.166809 0.136316 0.185189 0.137761 0.144056 0.146271 0.213088 0.098090 0.117160 0.169311 0.157482 0.101903 0.193989 0.172944 0.137819 0.138294 0.160988 0.134736 0.177245 0.098133 0.145618 0.115196 0.164322 0.127220 0.136451 0.086497 0.139245 0.173989 0.145250 0.141710 0.103284 0.122266 0.134125
0.421000 0.134845 0.595862 0.513393 0.373751 0.276645 0.282819 0.235136 0.209794 0.255843 0.214742 0.256386 0.183205 0.344584 0.153726 0.186274 0.189046 0.133436 0.204172 0.193845 0.289832 0.164668 0.210921 0.204150 0.132989 0.251829 0.135212 0.167768 0.177737 0.212509 0.163055 0.230690 0.121794 0.183272 0.247441 0.129228 0.193319 0.183332 0.199300 0.189513
0.422942 0.138517 0.562558 0.503775 0.373218 0.283813 0.254777 0.220973 0.211681 0.248334 0.200732 0.275329 0.182874 0.346437 0.148406 0.204483 0.173417 0.117417 0.208372 0.194994 0.286710 0.146863 0.210654 0.198919 0.122533 0.249673 0.143509 0.185808 0.169631 0.204783 0.149764 0.223402 0.118698 0.186526 0.251112 0.131019 0.173995 0.189361 0.197294 0.204356
0.465562 0.130444 0.585761 0.519346 0.359617 0.280838 0.300891 0.234350 0.185793 0.247389 0.207543 0.258587 0.176181 0.335440 0.160973 0.203939 0.176104 0.121869 0.216779 0.214806 0.293719 0.169843 0.230595 0.198173 0.147028 0.250674 0.135098 0.178413 0.198614 0.240969 0.174100 0.237189 0.104097 0.177438 0.233903 0.147417 0.171316 0.182960 0.194491 0.194348
0.388474 0.096790 0.508108 0.468567 0.392959 0.226253 0.252068 0.235577 0.152856 0.171421 0.175584 0.270332 0.151667 0.367830 0.085456 0.200962 0.174951 0.104247 0.147706 0.172201 0.268049 0.150230 0.204651 0.148839 0.142192 0.159934 0.107363 0.195515 0.182680 0.203208 0.107108 0.162697 0.090310 0.181968 0.212897 0.116194 0.176807 0.184859 0.164054 0.173771
0.194762 0.108085 0.285250 0.227084 0.121085 0.147367 0.186836 0.090378 0.128676 0.158378 0.110411 0.084281 0.138070 0.150872 0.114147 0.070045 0.072346 0.062522 0.117155 0.089048 0.117908 0.086734 0.070700 0.059359 0.072147 0.161568 0.074350 0.093555 0.086693 0.116316 0.096045 0.164410 0.122491 0.062349 0.103838 0.047275 0.083042 0.035075 0.121449 0.103975
0.381666 0.080034 0.451410 0.398471 0.259840 0.186482 0.273968 0.202944 0.121106 0.141338 0.136999 0.121741 0.118530 0.249057 0.085738 0.123328 0.178142 0.112468 0.070960 0.174295 0.226877 0.156268 0.126270 0.136356 0.136269 0.101643 0.094553 0.116560 0.172568 0.145467 0.132145 0.115585 0.095734 0.119729 0.125756 0.106520 0.156825 0.109507 0.117219 0.114372
0.400629 0.091902 0.427968 0.428585 0.274197 0.194476 0.292343 0.214731 0.149561 0.196081 0.135272 0.183852 0.158057 0.248321 0.151045 0.131405 0.162062 0.116258 0.114195 0.217978 0.221405 0.146090 0.147667 0.165277 0.199573 0.124200 0.094899 0.149895 0.177185 0.174570 0.147344 0.129154 0.114277 0.144784 0.172108 0.152407 0.161887 0.133730 0.150307 0.123624
0.387581 0.117251 0.532898 0.443363 0.364834 0.248095 0.276301 0.246589 0.137839 0.229164 0.154513 0.213759 0.145138 0.330934 0.131672 0.143745 0.183278 0.120119 0.123580 0.168342 0.282126 0.165358 0.190263 0.216087 0.158078 0.179417 0.126465 0.155282 0.169862 0.182832 0.148809 0.177497 0.123354 0.147981 0.161325 0.158491 0.152504 0.139747 0.171446 0.133064
0.349180 0.098446 0.376127 0.344625 0.141247 0.211583 0.219586 0.138784 0.128868 0.205821 0.155976 0.126155 0.106165 0.194402 0.134309 0.101926 0.146818 0.115723 0.116321 0.218581 0.193458 0.139130 0.151674 0.144110 0.087790 0.138897 0.076446 0.090649 0.119796 0.189543 0.147339 0.121398 0.087223 0.108756 0.097013 0.112363 0.134289 0.101777 0.137076 0.147209
0.374809 0.099307 0.396832 0.367443 0.218213 0.207197 0.241063 0.165771 0.128947 0.163192 0.113706 0.130099 0.109318 0.192271 0.101019 0.121683 0.175591 0.100909 0.102693 0.157425 0.243110 0.129566 0.111263 0.147948 0.110686 0.094997 0.074333 0.129733 0.115230 0.136758 0.140650 0.098411 0.106356 0.109498 0.155037 0.124608 0.151392 0.099032 0.166256 0.122842
0.392208 0.099087 0.524622 0.445725 0.402505 0.238560 0.227608 0.210420 0.153164 0.189119 0.177068 0.235455 0.135937 0.320716 0.098062 0.197142 0.164736 0.081386 0.147814 0.155584 0.268530 0.148330 0.187441 0.134568 0.136194 0.179316 0.096607 0.221903 0.206647 0.159811 0.139083 0.192493 0.089230 0.178119 0.217231 0.126050 0.156107 0.184627 0.178809 0.180854
0.415084 0.143031 0.465828 0.464880 0.293562 0.247724 0.263569 0.202612 0.123842 0.191713 0.192265 0.163942 0.109325 0.236898 0.142574 0.147387 0.188054 0.143516 0.143115 0.220187 0.231240 0.164169 0.147554 0.191034 0.143166 0.207408 0.125460 0.154379 0.165237 0.174017 0.162127 0.171210 0.099623 0.155329 0.197876 0.140248 0.166776 0.114045 0.185193 0.166322
0.387688 0.118263 0.510465 0.476877 0.392726 0.246428 0.261236 0.217429 0.166018 0.198354 0.162996 0.248612 0.184227 0.321940 0.128881 0.192278 0.170746 0.083961 0.124080 0.188957 0.266313 0.167698 0.170012 0.164135 0.157869 0.173898 0.114374 0.218241 0.223836 0.176597 0.138805 0.193437 0.108289 0.176803 0.223782 0.128480 0.161113 0.161464 0.206766 0.177334
0.206945 0.083728 0.261659 0.223015 0.093096 0.159465 0.162147 0.094065 0.129052 0.219205 0.113006 0.058883 0.132482 0.131606 0.106090 0.063042 0.076033 0.106051 0.095996 0.156218 0.169931 0.140555 0.060922 0.168546 0.088392 0.101960 0.053048 0.014608 0.081082 0.101668 0.075574 0.075765 0.068165 0.038132 0.063382 0.065113 0.110496 0.061336 0.123714 0.078871
0.457832 0.140155 0.563027 0.502962 0.360649 0.261548 0.281531 0.230935 0.187472 0.273697 0.203303 0.230912 0.163646 0.305210 0.187034 0.181138 0.173059 0.121878 0.187615 0.216778 0.311099 0.166163 0.209458 0.177601 0.135435 0.225989 0.127236 0.165944 0.186436 0.194412 0.191412 0.202339 0.130293 0.173671 0.225559 0.119659 0.161337 0.177709 0.197463 0.201696
0.349484 0.099829 0.355232 0.351989 0.264427 0.199854 0.260347 0.185827 0.086630 0.157844 0.095576 0.144054 0.131807 0.198359 0.092697 0.125268 0.150075 0.100116 0.089011 0.150060 0.186072 0.134382 0.087854 0.179666 0.142823 0.098502 0.078902 0.141535 0.125799 0.157118 0.136798 0.122866 0.084350 0.115449 0.139044 0.154523 0.115097 0.095777 0.155981 0.129852
0.286602 0.092921 0.341590 0.266129 0.153074 0.174700 0.233645 0.107335 0.073397 0.134438 0.146030 0.083592 0.092958 0.151229 0.090143 0.077956 0.124640 0.127335 0.098017 0.097576 0.134093 0.154904 0.118462 0.120056 0.071839 0.111298 0.053533 0.072739 0.124204 0.162030 0.107624 0.083242 0.095056 0.122519 0.081949 0.111234 0.113437 0.073171 0.129294 0.151588
0.321029 0.103000 0.492527 0.386611 0.293578 0.263701 0.184471 0.164203 0.178678 0.184887 0.138372 0.144046 0.141824 0.231504 0.119793 0.141742 0.122389 0.103084 0.110467 0.120767 0.217617 0.138714 0.163204 0.129756 0.086018 0.188901 0.098483 0.119357 0.136616 0.185389 0.115085 0.155583 0.085456 0.112116 0.121722 0.107825 0.094353 0.151922 0.135541 0.132965
0.235700 0.061902 0.289077 0.268859 0.147159 0.116429 0.189287 0.075863 0.093818 0.176311 0.140196 0.100897 0.069721 0.168427 0.084186 0.054215 0.071771 0.090121 0.100405 0.066664 0.149290 0.098086 0.173246 0.129795 0.074417 0.152773 0.041671 0.046776 0.106431 0.096672 0.084816 0.108663 0.062413 0.070937 0.042156 0.049558 0.095543 0.057314 0.082424 0.109274
0.387784 0.135638 0.446763 0.457981 0.275771 0.206104 0.279673 0.218562 0.159602 0.233161 0.135292 0.174914 0.166842 0.265476 0.120685 0.133565 0.158466 0.142882 0.093647 0.193843 0.259091 0.167912 0.156251 0.213710 0.149931 0.170905 0.109297 0.132457 0.143802 0.152759 0.162952 0.099594 0.124936 0.132447 0.153260 0.110436 0.152907 0.112531 0.160847 0.133890
0.346175 0.146768 0.407081 0.380711 0.227719 0.259588 0.266727 0.148654 0.130374 0.202527 0.115826 0.127039 0.145255 0.160016 0.178256 0.098033 0.155991 0.099316 0.099942 0.171279 0.163412 0.146560 0.113419 0.160979 0.151617 0.173771 0.126285 0.141705 0.160680 0.167613 0.171244 0.141633 0.116438 0.142118 0.153008 0.171172 0.111746 0.074005 0.166101 0.120887
0.335222 0.058453 0.361446 0.374282 0.273017 0.179237 0.205451 0.149111 0.153754 0.195869 0.115447 0.177860 0.133897 0.304759 0.101523 0.120522 0.136848 0.065434 0.070105 0.225485 0.188115 0.131636 0.175554 0.103541 0.131644 0.132340 0.104904 0.156899 0.182850 0.124753 0.126300 0.154345 0.086499 0.117579 0.100180 0.045930 0.118169 0.110005 0.113428 0.146978
0.410599 0.105177 0.540061 0.479909 0.309686 0.242744 0.256205 0.216902 0.164912 0.204740 0.193196 0.184477 0.154651 0.318400 0.100961 0.139447 0.175725 0.145853 0.097987 0.192770 0.274850 0.188926 0.189197 0.204715 0.117215 0.198463 0.093940 0.134165 0.164522 0.184012 0.142908 0.154709 0.088926 0.131384 0.143759 0.108835 0.156435 0.160386 0.176371 0.162068
0.374076 0.097592 0.378505 0.353476 0.215611 0.190976 0.245189 0.203114 0.097577 0.173266 0.128029 0.146133 0.126337 0.236538 0.123982 0.125194 0.136402 0.100700 0.086565 0.178227 0.209479 0.150439 0.154443 0.184451 0.149839 0.134856 0.101313 0.127490 0.156341 0.152187 0.160965 0.143300 0.092829 0.118292 0.114788 0.166131 0.135065 0.093249 0.150617 0.135558
0.378925 0.095530 0.509830 0.425214 0.312071 0.249376 0.264647 0.214808 0.169895 0.194327 0.161784 0.221478 0.155868 0.282562 0.143932 0.141716 0.181005 0.113264 0.149474 0.196021 0.276562 0.170445 0.181253 0.172418 0.138617 0.133685 0.130230 0.124585 0.161238 0.181781 0.146751 0.152415 0.099262 0.174472 0.178630 0.128118 0.182067 0.161690 0.167456 0.151132
0.336299 0.080582 0.371749 0.350878 0.253317 0.165927 0.229394 0.201237 0.120968 0.131749 0.123980 0.178675 0.149948 0.268039 0.099392 0.117453 0.151349 0.078075 0.102879 0.152378 0.220934 0.119757 0.128889 0.175450 0.122440 0.129404 0.096518 0.131911 0.125249 0.130034 0.083296 0.133270 0.132652 0.094660 0.140363 0.094472 0.165970 0.098101 0.157082 0.117021
0.398632 0.122922 0.509064 0.439100 0.416171 0.234896 0.233273 0.205590 0.144506 0.183037 0.141291 0.221665 0.163600 0.330941 0.115949 0.202461 0.163148 0.082543 0.129503 0.144650 0.255728 0.155501 0.175803 0.173458 0.135093 0.179303 0.132381 0.208718 0.184826 0.180165 0.122099 0.205060 0.102798 0.150502 0.195718 0.135100 0.159948 0.139713 0.196981 0.182813
0.358482 0.092888 0.480882 0.429774 0.384936 0.219129 0.245041 0.200640 0.152418 0.176237 0.170816 0.240409 0.154974 0.333954 0.119244 0.167003 0.163235 0.067869 0.146027 0.165292 0.274923 0.160654 0.181746 0.129436 0.140873 0.152861 0.103062 0.205866 0.194183 0.160841 0.112681 0.180066 0.106071 0.174638 0.185131 0.088258 0.170884 0.134145 0.204162 0.192394
0.244132 0.093896 0.367181 0.317784 0.187370 0.161497 0.217627 0.119568 0.148862 0.142298 0.159910 0.117073 0.133067 0.177898 0.101407 0.126620 0.108185 0.098137 0.179739 0.113575 0.162157 0.095155 0.109817 0.086825 0.109915 0.178579 0.070742 0.073025 0.109747 0.110225 0.074119 0.156851 0.130227 0.105003 0.158016 0.053129 0.135917 0.089890 0.130741 0.122391
0.377572 0.112619 0.402106 0.346783 0.187730 0.217727 0.237679 0.168214 0.136443 0.213666 0.120122 0.145609 0.131361 0.196021 0.132183 0.105223 0.162999 0.136606 0.095155 0.169402 0.174869 0.101481 0.160946 0.135602 0.120149 0.146776 0.092245 0.107759 0.120468 0.181086 0.130983 0.144231 0.091642 0.126113 0.134600 0.152068 0.126051 0.112452 0.099626 0.133454
0.382476 0.105093 0.465944 0.458928 0.307339 0.254263 0.284848 0.187986 0.184318 0.242595 0.186026 0.203445 0.179261 0.246330 0.134649 0.141626 0.137340 0.142115 0.133054 0.214840 0.264363 0.154098 0.172584 0.171930 0.149033 0.186971 0.089970 0.145936 0.173428 0.156618 0.138195 0.160052 0.085069 0.151841 0.185023 0.089343 0.146482 0.154941 0.158228 0.145279
0.263482 0.085800 0.383288 0.281222 0.172114 0.176362 0.226386 0.157191 0.133554 0.192633 0.141085 0.100544 0.132726 0.200618 0.087377 0.082037 0.135299 0.108347 0.108648 0.147483 0.173474 0.165548 0.122211 0.144335 0.072093 0.147109 0.063893 0.076005 0.108755 0.179129 0.162961 0.113963 0.077540 0.096647 0.078183 0.101503 0.098229 0.115006 0.139429 0.137383
0.388865 0.102868 0.458650 0.433261 0.298189 0.180593 0.273097 0.202916 0.127932 0.176924 0.127925 0.172523 0.121995 0.243701 0.130252 0.149324 0.173027 0.102807 0.084542 0.167304 0.246665 0.134649 0.167525 0.136816 0.137121 0.137472 0.089833 0.147215 0.144625 0.134813 0.149946 0.124684 0.122044 0.127740 0.160781 0.087880 0.147670 0.111666 0.185072 0.162300
0.417668 0.104117 0.553846 0.472257 0.322187 0.271460 0.238140 0.177342 0.178166 0.224696 0.221074 0.187673 0.128694 0.305468 0.119261 0.140478 0.166305 0.144877 0.135851 0.204532 0.260809 0.159412 0.194080 0.181840 0.121078 0.239167 0.098072 0.170462 0.175329 0.154572 0.132684 0.210532 0.086754 0.153929 0.168764 0.108197 0.163455 0.150877 0.158412 0.168333
0.310183 0.069670 0.334570 0.287117 0.205061 0.154823 0.278154 0.161287 0.081492 0.159346 0.140818 0.106696 0.078329 0.180283 0.091417 0.085979 0.150730 0.151868 0.040205 0.188485 0.162114 0.137323 0.106682 0.101676 0.132536 0.067306 0.058847 0.106192 0.124753 0.162553 0.133362 0.077104 0.104642 0.153021 0.090649 0.106096 0.149547 0.097087 0.098052 0.126902
0.435487 0.116907 0.515745 0.441627 0.311443 0.273640 0.223352 0.187249 0.198858 0.230697 0.171970 0.173099 0.156588 0.279251 0.131657 0.131684 0.181982 0.123322 0.130628 0.191289 0.272522 0.172641 0.187572 0.142379 0.110280 0.208120 0.118383 0.166343 0.154671 0.159350 0.173288 0.149738 0.100782 0.167553 0.184971 0.126052 0.148643 0.138526 0.161129 0.152380
0.371957 0.064963 0.490785 0.413914 0.350816 0.234480 0.198236 0.193306 0.170097 0.210300 0.164686 0.211056 0.142566 0.341587 0.089543 0.129118 0.180977 0.075209 0.126237 0.187904 0.252948 0.149051 0.195486 0.160561 0.149359 0.190800 0.102059 0.205525 0.178803 0.156565 0.124063 0.224534 0.074096 0.113486 0.160277 0.088392 0.163543 0.146613 0.136708 0.151204
0.340528 0.099328 0.502999 0.393906 0.312233 0.231252 0.220280 0.182665 0.171141 0.206335 0.207049 0.172098 0.120358 0.252064 0.112192 0.132119 0.147106 0.146328 0.169043 0.179000 0.237578 0.150862 0.189193 0.154347 0.114723 0.176811 0.091384 0.118151 0.144228 0.154656 0.126991 0.156156 0.070971 0.160012 0.156677 0.112935 0.118487 0.176896 0.121246 0.154112
0.342894 0.079596 0.475451 0.367051 0.280051 0.208636 0.227112 0.159829 0.135846 0.195490 0.178109 0.192066 0.102520 0.257782 0.098702 0.142518 0.141157 0.111305 0.113263 0.170303 0.227535 0.158823 0.178918 0.148278 0.080682 0.196639 0.114054 0.106025 0.175961 0.128024 0.149985 0.176224 0.093422 0.156432 0.136299 0.094239 0.127432 0.142447 0.146799 0.149001
