0.391435 0.123196 0.440705 0.393561 0.217252 0.271114 0.271268 0.172622 0.140505 0.190761 0.142452 0.148820 0.150448 0.219365 0.101358 0.120635 0.174841 0.162332 0.104841 0.199688 0.178083 0.142279 0.142364 0.166177 0.139104 0.182553 0.101526 0.149988 0.118843 0.169939 0.131287 0.140401 0.089201 0.143663 0.179573 0.150225 0.146383 0.106763 0.126052 0.138413
0.434527 0.139064 0.613746 0.529008 0.384581 0.285094 0.291454 0.242492 0.216011 0.263317 0.221712 0.263903 0.188549 0.354420 0.158344 0.191607 0.194993 0.137250 0.209686 0.199421 0.298540 0.169714 0.217022 0.210325 0.136860 0.259298 0.139242 0.172831 0.183078 0.218464 0.167504 0.237349 0.125300 0.188849 0.254570 0.133117 0.199214 0.189178 0.205355 0.195536
0.436701 0.142910 0.579637 0.519149 0.384102 0.292443 0.262696 0.227880 0.218009 0.255569 0.207231 0.283395 0.188244 0.356302 0.152880 0.210411 0.178873 0.120822 0.214074 0.200597 0.295395 0.151472 0.216797 0.204948 0.126145 0.257130 0.147795 0.191325 0.174877 0.210463 0.153902 0.229874 0.122089 0.192280 0.258402 0.135033 0.179359 0.195469 0.203338 0.210828
0.480160 0.134665 0.603054 0.535163 0.370456 0.289288 0.310199 0.241849 0.191394 0.254640 0.214062 0.266211 0.181297 0.344913 0.165956 0.209919 0.181543 0.125418 0.222771 0.221011 0.302457 0.174906 0.237311 0.204055 0.151431 0.258152 0.139311 0.183782 0.204598 0.247915 0.179019 0.244162 0.107219 0.182832 0.240669 0.151874 0.176500 0.188695 0.200432 0.200559
0.400982 0.099906 0.523823 0.482873 0.404996 0.233202 0.259700 0.243065 0.157456 0.176535 0.181187 0.278270 0.156119 0.378619 0.088090 0.206567 0.180460 0.107272 0.151880 0.177062 0.276107 0.154888 0.210563 0.153573 0.146299 0.164731 0.110598 0.201468 0.188535 0.208884 0.110009 0.167732 0.092902 0.187595 0.219120 0.119732 0.182143 0.190924 0.169285 0.179348
0.200599 0.111726 0.292316 0.234328 0.124475 0.151333 0.192884 0.093089 0.132300 0.163218 0.113913 0.086800 0.141852 0.154308 0.117737 0.072070 0.074438 0.064317 0.120559 0.091749 0.121360 0.089264 0.072788 0.061040 0.074156 0.166394 0.076730 0.096158 0.089152 0.119627 0.098564 0.168836 0.126261 0.064371 0.106627 0.048656 0.085404 0.036064 0.124873 0.107145
0.393321 0.082397 0.465052 0.409820 0.267834 0.192307 0.282948 0.209914 0.124799 0.145605 0.141262 0.125543 0.121776 0.256255 0.088326 0.126764 0.183926 0.115742 0.073030 0.179002 0.233172 0.160944 0.129757 0.140596 0.140335 0.104432 0.097612 0.120061 0.177616 0.150202 0.136079 0.118881 0.098420 0.123230 0.129411 0.110018 0.161593 0.113078 0.120610 0.118037
0.412663 0.094806 0.440977 0.441083 0.282992 0.200131 0.301596 0.221603 0.153811 0.201858 0.139546 0.189710 0.162594 0.255530 0.155627 0.134940 0.167230 0.119503 0.117123 0.224147 0.227608 0.150397 0.151753 0.170147 0.205476 0.127788 0.097789 0.154499 0.182400 0.179968 0.151521 0.132767 0.117435 0.148914 0.177041 0.156813 0.166845 0.137679 0.154902 0.127499
0.400510 0.121053 0.548829 0.457346 0.375775 0.255688 0.285329 0.254637 0.142119 0.235938 0.159498 0.220467 0.149603 0.340727 0.135560 0.148080 0.189044 0.123745 0.127175 0.173284 0.290589 0.170514 0.195700 0.222778 0.162879 0.185135 0.130426 0.160059 0.175002 0.188480 0.153243 0.182943 0.126898 0.152574 0.166221 0.163395 0.157264 0.144387 0.176707 0.137352
0.359962 0.101453 0.387544 0.354245 0.145307 0.217544 0.226962 0.142747 0.132652 0.211713 0.161058 0.129763 0.109297 0.200022 0.138569 0.105074 0.151356 0.119411 0.119610 0.224848 0.198909 0.143323 0.155950 0.148077 0.090385 0.142731 0.079057 0.093099 0.123268 0.195326 0.151681 0.124761 0.089864 0.111969 0.099899 0.116045 0.138373 0.104843 0.141287 0.151972
0.386616 0.102435 0.409367 0.378064 0.225206 0.213429 0.249414 0.171622 0.132768 0.168320 0.117389 0.134340 0.112653 0.198293 0.104181 0.125280 0.181483 0.104043 0.105542 0.161813 0.249906 0.133585 0.114380 0.152333 0.114113 0.097358 0.076784 0.133466 0.118613 0.141327 0.145023 0.101063 0.109344 0.112726 0.159761 0.128784 0.156022 0.102296 0.171145 0.126854
0.404848 0.102291 0.540355 0.459378 0.414767 0.245702 0.234674 0.217420 0.157766 0.194620 0.182795 0.242976 0.140096 0.330424 0.101118 0.202709 0.169961 0.083762 0.152002 0.159991 0.276625 0.152790 0.193169 0.138800 0.140126 0.184562 0.099555 0.228478 0.212943 0.164686 0.142812 0.198265 0.091755 0.183617 0.223535 0.129948 0.160940 0.190715 0.184472 0.186708
0.428395 0.147695 0.480359 0.478556 0.302401 0.255076 0.272246 0.209240 0.127513 0.197305 0.198360 0.169216 0.112545 0.244111 0.147120 0.151725 0.194038 0.147679 0.146883 0.226475 0.237812 0.169134 0.152021 0.196607 0.147528 0.213532 0.129507 0.158969 0.170067 0.179823 0.166879 0.176092 0.102858 0.160059 0.203811 0.144789 0.171784 0.117752 0.190834 0.171587
0.400322 0.122182 0.525875 0.491055 0.404916 0.254003 0.269481 0.224676 0.170963 0.204370 0.168170 0.256599 0.189695 0.331397 0.132888 0.197958 0.176218 0.086431 0.127752 0.194286 0.274207 0.172763 0.175052 0.169248 0.162608 0.179157 0.117934 0.224910 0.230454 0.182115 0.142798 0.199274 0.111352 0.182250 0.230488 0.132456 0.166145 0.166778 0.213321 0.183014
0.212850 0.086317 0.269900 0.229259 0.095399 0.164523 0.167346 0.096926 0.132723 0.225490 0.116728 0.060428 0.136300 0.135103 0.109271 0.065048 0.078265 0.109249 0.098867 0.160352 0.174811 0.144899 0.062724 0.173247 0.090693 0.105127 0.054731 0.014785 0.082971 0.104719 0.077791 0.077537 0.070195 0.039175 0.064988 0.066939 0.113473 0.063041 0.127191 0.081128
0.472209 0.144602 0.579922 0.518299 0.371059 0.269366 0.290496 0.238237 0.193065 0.281758 0.209810 0.237982 0.168593 0.313936 0.192630 0.186348 0.178447 0.125432 0.192724 0.223042 0.320216 0.171055 0.215455 0.182808 0.139385 0.232728 0.131075 0.170865 0.191994 0.200129 0.196832 0.208274 0.134089 0.178938 0.231968 0.123278 0.166209 0.183253 0.203429 0.208208
0.361533 0.103139 0.366557 0.362310 0.273203 0.206027 0.269421 0.192577 0.089362 0.162588 0.098616 0.148966 0.135908 0.204577 0.095687 0.129039 0.155117 0.103288 0.091589 0.154319 0.191437 0.138685 0.090330 0.184938 0.147263 0.101356 0.081577 0.145975 0.129544 0.162436 0.141173 0.126594 0.086898 0.119020 0.143448 0.159549 0.118733 0.098967 0.160879 0.134225
0.295901 0.095855 0.351724 0.274262 0.157596 0.179624 0.241430 0.110787 0.075551 0.138003 0.150823 0.086162 0.095666 0.155513 0.093322 0.080256 0.128473 0.131495 0.100773 0.100765 0.137606 0.159588 0.122127 0.123383 0.073736 0.114617 0.055382 0.074799 0.128013 0.167459 0.110702 0.085458 0.097949 0.126162 0.084432 0.115212 0.116933 0.075596 0.133498 0.156709
0.331435 0.106114 0.507036 0.398063 0.301258 0.272201 0.190190 0.168972 0.184062 0.190177 0.142660 0.148206 0.145581 0.237404 0.123492 0.145974 0.126042 0.106303 0.113796 0.124427 0.224084 0.142689 0.167788 0.133717 0.088423 0.194858 0.101412 0.122790 0.140611 0.190739 0.118361 0.160049 0.087749 0.115469 0.125220 0.111192 0.097070 0.156753 0.139590 0.137009
0.243770 0.063639 0.297673 0.277253 0.151508 0.119589 0.195054 0.078076 0.096701 0.181740 0.145118 0.104011 0.071714 0.173156 0.086991 0.055878 0.073589 0.093038 0.103253 0.068928 0.153818 0.100939 0.178825 0.133201 0.076512 0.157637 0.043032 0.047888 0.109615 0.099574 0.087087 0.111956 0.064105 0.072945 0.043005 0.051008 0.098396 0.059116 0.084791 0.112755
0.400194 0.139795 0.460855 0.471377 0.284221 0.212432 0.289091 0.225621 0.164338 0.240182 0.139844 0.180487 0.171679 0.273114 0.124266 0.137492 0.163376 0.147282 0.096471 0.199482 0.266786 0.173148 0.160893 0.220371 0.154370 0.176112 0.112671 0.136506 0.148119 0.157736 0.167593 0.102547 0.128405 0.136385 0.157830 0.114027 0.157539 0.116224 0.165733 0.138043
0.357308 0.151674 0.419490 0.392161 0.234711 0.267510 0.275756 0.153730 0.134372 0.208512 0.119603 0.131260 0.149707 0.164826 0.184049 0.101105 0.161145 0.102437 0.102941 0.176187 0.168020 0.151223 0.116833 0.165861 0.156337 0.179102 0.130616 0.145900 0.165510 0.173480 0.176536 0.145650 0.120017 0.146574 0.157914 0.176817 0.115237 0.076461 0.171319 0.124823
0.346282 0.060291 0.371627 0.385459 0.281490 0.184320 0.211911 0.153834 0.158451 0.201852 0.118964 0.183375 0.137958 0.313337 0.104396 0.124120 0.141044 0.067504 0.072261 0.231717 0.193602 0.135481 0.180703 0.106712 0.135527 0.136294 0.108352 0.161577 0.188783 0.128450 0.130124 0.159168 0.088811 0.120999 0.102974 0.047195 0.121850 0.113492 0.116951 0.151780
0.424078 0.108360 0.556422 0.493666 0.318818 0.250158 0.264299 0.223387 0.169712 0.210932 0.199543 0.189980 0.159011 0.327401 0.104239 0.143304 0.181052 0.150281 0.100693 0.198322 0.282935 0.194522 0.194566 0.210726 0.120502 0.204524 0.096913 0.138164 0.169262 0.189412 0.146886 0.159219 0.091418 0.135265 0.147845 0.112284 0.161120 0.165532 0.181776 0.167164
0.385823 0.100484 0.389647 0.363777 0.222459 0.196110 0.253397 0.209495 0.100387 0.177953 0.131924 0.150828 0.129961 0.243206 0.127677 0.128792 0.140575 0.103827 0.089046 0.183454 0.215497 0.155191 0.159056 0.189639 0.154231 0.138964 0.104621 0.131322 0.160848 0.156974 0.165071 0.147285 0.095482 0.121938 0.118056 0.170846 0.139226 0.096125 0.155387 0.139832
0.390739 0.098437 0.525464 0.438173 0.321294 0.257123 0.272658 0.221692 0.174949 0.200211 0.166873 0.227852 0.160688 0.290978 0.147962 0.145992 0.186864 0.116382 0.153464 0.201556 0.284624 0.175599 0.186262 0.177825 0.142828 0.137557 0.134125 0.128418 0.166242 0.187033 0.151122 0.157145 0.102049 0.179722 0.184155 0.132127 0.187703 0.166818 0.172701 0.156041
0.347229 0.083022 0.383179 0.361951 0.260873 0.170728 0.237001 0.207615 0.124469 0.135545 0.127988 0.184483 0.154319 0.275842 0.102116 0.120925 0.156121 0.080281 0.105920 0.157184 0.227291 0.123805 0.132591 0.180740 0.126072 0.133212 0.099429 0.136040 0.129254 0.134103 0.085650 0.137163 0.136008 0.097317 0.144460 0.097066 0.171276 0.101019 0.162014 0.120736
0.411988 0.126977 0.524395 0.452758 0.428792 0.242206 0.240780 0.212639 0.148979 0.188741 0.145847 0.228955 0.168475 0.340794 0.119379 0.208467 0.168419 0.085031 0.133311 0.148914 0.263352 0.160511 0.181081 0.178757 0.139321 0.184881 0.136422 0.215114 0.190651 0.185899 0.125665 0.211438 0.105776 0.155211 0.201679 0.139395 0.164918 0.144468 0.203296 0.188684
0.370210 0.095936 0.495205 0.443106 0.396512 0.225710 0.252700 0.207264 0.156977 0.181529 0.176305 0.248243 0.159804 0.343984 0.122845 0.171993 0.168399 0.069915 0.150248 0.170136 0.283177 0.165638 0.187277 0.133277 0.144916 0.157596 0.106291 0.212130 0.200301 0.165735 0.115909 0.185686 0.108984 0.180027 0.190581 0.090848 0.176076 0.138547 0.210712 0.198754
0.251210 0.096828 0.377362 0.327474 0.192199 0.166086 0.224173 0.123021 0.153057 0.146158 0.164990 0.120353 0.136486 0.182291 0.104540 0.129948 0.111381 0.100673 0.184549 0.116877 0.166891 0.097816 0.113104 0.089256 0.112888 0.183804 0.072699 0.075008 0.112864 0.113123 0.075475 0.160977 0.133993 0.108019 0.162105 0.054411 0.140052 0.092533 0.134363 0.126113
0.389538 0.116238 0.414653 0.357527 0.193596 0.224202 0.245975 0.173399 0.140673 0.219919 0.124211 0.149896 0.135030 0.201616 0.136478 0.108285 0.168293 0.140890 0.097878 0.174539 0.179792 0.104821 0.165472 0.139782 0.123813 0.150968 0.095347 0.110919 0.124325 0.186805 0.135067 0.148143 0.094558 0.130063 0.138795 0.157148 0.130054 0.116240 0.102651 0.137778
0.395040 0.108442 0.480187 0.473053 0.316473 0.262125 0.293611 0.194054 0.189529 0.249864 0.191988 0.209717 0.184329 0.253199 0.138785 0.145768 0.141363 0.146264 0.136684 0.221072 0.272193 0.158438 0.177590 0.177108 0.153367 0.192728 0.092690 0.150257 0.178351 0.161316 0.142247 0.164683 0.087412 0.156229 0.190339 0.091903 0.150963 0.159646 0.162809 0.149753
0.271471 0.088379 0.393643 0.288667 0.177155 0.181166 0.233397 0.161442 0.137195 0.197956 0.145569 0.103168 0.136719 0.206037 0.090297 0.084333 0.139279 0.111787 0.111664 0.151441 0.178357 0.170366 0.125521 0.148336 0.073709 0.151237 0.065974 0.077941 0.111494 0.184280 0.167557 0.116813 0.079871 0.099378 0.080308 0.104777 0.100922 0.118581 0.143648 0.141850
0.401467 0.106281 0.472558 0.446677 0.307841 0.186227 0.282340 0.209788 0.131877 0.182704 0.132197 0.178291 0.125846 0.251184 0.134329 0.153644 0.178709 0.106082 0.087023 0.172531 0.253846 0.138836 0.172462 0.141073 0.141293 0.141547 0.092797 0.151815 0.149286 0.139236 0.154489 0.128694 0.125529 0.131726 0.165574 0.090696 0.152186 0.115373 0.190847 0.167735
0.431484 0.107322 0.570443 0.486534 0.331593 0.279541 0.245591 0.183090 0.183380 0.231264 0.228337 0.193627 0.132574 0.314310 0.123038 0.144434 0.171474 0.149072 0.139258 0.210463 0.268531 0.164109 0.199926 0.187126 0.124619 0.246305 0.101204 0.175500 0.180469 0.159473 0.136466 0.216690 0.089186 0.158584 0.173692 0.111648 0.168434 0.155730 0.163252 0.173683
0.320239 0.071933 0.344676 0.296067 0.211546 0.158963 0.287309 0.166623 0.083779 0.163726 0.145361 0.110109 0.080744 0.185871 0.094308 0.088219 0.155438 0.156575 0.041219 0.194096 0.166585 0.141446 0.109864 0.104786 0.136263 0.069181 0.060848 0.109370 0.128503 0.167892 0.137337 0.079355 0.107991 0.157738 0.093293 0.109789 0.154098 0.100331 0.101206 0.131221
0.449187 0.120620 0.531745 0.455157 0.320491 0.281930 0.230847 0.193336 0.204951 0.237635 0.177554 0.178742 0.161128 0.287440 0.135804 0.135377 0.187814 0.127182 0.134449 0.196738 0.280552 0.177880 0.193125 0.146904 0.113588 0.214464 0.122207 0.171328 0.159450 0.164284 0.178432 0.154072 0.103666 0.172802 0.190273 0.130211 0.153255 0.143017 0.165970 0.157316
0.384211 0.066930 0.505493 0.426737 0.361625 0.241473 0.204298 0.199628 0.175198 0.216627 0.169970 0.217720 0.146850 0.351579 0.092216 0.132911 0.186754 0.077323 0.129780 0.193232 0.260550 0.153701 0.201530 0.165463 0.153877 0.196342 0.105374 0.211467 0.184274 0.161345 0.127715 0.231170 0.076042 0.116917 0.164881 0.091047 0.168463 0.151515 0.140926 0.156015
0.351636 0.102351 0.518329 0.406136 0.321257 0.238280 0.227109 0.188738 0.176324 0.212431 0.213784 0.177458 0.123770 0.259587 0.115906 0.136055 0.151619 0.150662 0.173619 0.184252 0.244862 0.155218 0.195012 0.159164 0.118088 0.182059 0.094103 0.121467 0.148329 0.159519 0.130904 0.160545 0.073154 0.164859 0.161203 0.116408 0.122181 0.182631 0.124694 0.159098
0.353934 0.082017 0.488993 0.377796 0.288206 0.214384 0.233903 0.165001 0.139929 0.200969 0.183621 0.197527 0.105735 0.265164 0.101724 0.146485 0.145494 0.114598 0.116071 0.175244 0.234149 0.163439 0.184445 0.152799 0.082899 0.202206 0.117508 0.109034 0.180938 0.131684 0.154306 0.181189 0.096098 0.161158 0.140020 0.097166 0.131363 0.147271 0.151340 0.153959
