0.143912 0.143299 0.119526 0.149844 0.132797 0.160059 0.215408 0.173662 0.186285 0.163567 0.169411 0.126018 0.130775 0.187406 0.270600 0.214970 0.222745 0.215131 0.192786 0.116633 0.223613 0.199462 0.109266 0.153500 0.215282 0.144984 0.155044 0.137865 0.129083 0.265904 0.135659 0.093907 0.136942 0.214306 0.146116 0.099012 0.199091 0.223743 0.203688 0.125212 0.243828 0.146466 0.202798 0.154190 0.192044 0.270873 0.127896 0.168521 0.109930 0.108780 0.223171 0.274383 0.158974 0.123980 0.184724 0.093457 0.133366 0.184738 0.111058 0.190167 0.124592 0.172240
0.187504 0.233021 0.134723 0.133551 0.093896 0.174450 0.196120 0.174640 0.150935 0.224785 0.175190 0.095349 0.089846 0.225901 0.238070 0.205975 0.146792 0.285837 0.195719 0.199335 0.217371 0.185885 0.082885 0.126538 0.176812 0.145819 0.207027 0.203246 0.187315 0.194228 0.207110 0.091654 0.152645 0.191510 0.146070 0.112580 0.203545 0.209183 0.202787 0.108731 0.184111 0.171309 0.201584 0.172140 0.126875 0.208446 0.104362 0.154666 0.091027 0.115844 0.192518 0.261522 0.132983 0.074798 0.263051 0.068769 0.120482 0.222149 0.075590 0.151319 0.129487 0.138608
0.110314 0.092416 0.075185 0.085833 0.036311 0.127353 0.126787 0.101162 0.098038 0.088808 0.099774 0.047349 0.041223 0.099235 0.124986 0.106252 0.082854 0.182445 0.109640 0.082630 0.164231 0.138179 0.065143 0.081635 0.133579 0.105459 0.100327 0.081021 0.077433 0.159856 0.121892 0.029321 0.064407 0.064099 0.060408 0.050541 0.105213 0.110675 0.107021 0.048680 0.127718 0.111423 0.120430 0.078430 0.099442 0.144632 0.032052 0.088873 0.035027 0.024936 0.101465 0.159339 0.066775 0.028861 0.147539 0.055857 0.069630 0.150127 0.043499 0.089257 0.043654 0.076491
0.088608 0.086253 0.070703 0.053158 0.043348 0.058486 0.081049 0.072158 0.134490 0.089367 0.081412 0.048102 0.050102 0.086497 0.201998 0.126755 0.118420 0.106057 0.125370 0.080224 0.156384 0.125053 0.041218 0.084987 0.125190 0.055940 0.076597 0.096668 0.108713 0.181675 0.088132 0.025936 0.069871 0.155153 0.112338 0.020864 0.102909 0.143878 0.144232 0.030136 0.138926 0.094397 0.112582 0.145344 0.103782 0.164443 0.087079 0.084831 0.028442 0.065984 0.113596 0.178934 0.085267 0.060153 0.118465 0.067997 0.032965 0.096823 0.032610 0.149078 0.025508 0.092915
0.238458 0.182400 0.151126 0.207940 0.249128 0.173935 0.194934 0.194031 0.257058 0.190021 0.206419 0.222130 0.174008 0.186710 0.288158 0.308005 0.229687 0.220235 0.341921 0.165876 0.250240 0.290252 0.154795 0.239350 0.325254 0.202960 0.157506 0.178031 0.195672 0.417621 0.217384 0.158656 0.162268 0.285684 0.214526 0.175987 0.243817 0.293346 0.235435 0.183928 0.267882 0.179292 0.258829 0.213107 0.188234 0.424799 0.173143 0.180994 0.148131 0.145368 0.321596 0.491121 0.204644 0.141171 0.203159 0.170932 0.149702 0.188782 0.158118 0.259438 0.180002 0.167288
0.066447 0.125757 0.061589 0.058053 0.018324 0.096096 0.120376 0.104451 0.095319 0.134036 0.071297 0.051330 0.014143 0.164537 0.141540 0.123938 0.045615 0.170722 0.120646 0.084269 0.110759 0.085799 0.023833 0.051088 0.124749 0.044532 0.054825 0.092882 0.050206 0.131122 0.073648 0.030087 0.098491 0.106789 0.087527 0.024531 0.079604 0.131996 0.103769 0.051583 0.108235 0.105791 0.083994 0.090421 0.036138 0.137448 0.031637 0.079255 0.038676 0.056756 0.070197 0.157442 0.072064 0.009008 0.130827 0.042320 0.065236 0.199738 0.039470 0.105458 0.045596 0.064216
0.172313 0.152807 0.105803 0.114420 0.056569 0.140410 0.143697 0.112316 0.127749 0.206001 0.121937 0.074945 0.080811 0.194666 0.203076 0.131837 0.122686 0.238724 0.127614 0.130268 0.177764 0.134699 0.065996 0.084975 0.117312 0.120085 0.187416 0.151054 0.140349 0.149805 0.156147 0.081339 0.102938 0.128998 0.083045 0.094026 0.154533 0.162431 0.141412 0.060998 0.132861 0.106603 0.139524 0.083255 0.083245 0.153794 0.070485 0.107840 0.062182 0.089431 0.113628 0.157841 0.123293 0.075376 0.231976 0.037742 0.130201 0.231800 0.027828 0.096302 0.077728 0.116594
0.190639 0.206708 0.156585 0.153055 0.101523 0.191143 0.236245 0.219300 0.166853 0.209665 0.188759 0.135506 0.133099 0.229730 0.272198 0.228883 0.151885 0.316911 0.213963 0.215480 0.243035 0.242920 0.116876 0.116641 0.176929 0.166260 0.207777 0.216894 0.188721 0.233913 0.217516 0.110434 0.173504 0.198533 0.166923 0.119245 0.204449 0.229008 0.220872 0.146348 0.204081 0.184360 0.228185 0.140360 0.127905 0.230721 0.113956 0.160552 0.102006 0.138288 0.185227 0.261174 0.159225 0.099596 0.285791 0.074021 0.153407 0.256870 0.102684 0.177077 0.128676 0.190078
0.103494 0.085369 0.125109 0.133359 0.056652 0.104908 0.078717 0.155677 0.075929 0.059726 0.079647 0.114937 0.066828 0.081004 0.189125 0.156171 0.105337 0.143891 0.116992 0.117184 0.184595 0.137507 0.048740 0.097027 0.134369 0.099914 0.112852 0.084388 0.091545 0.170784 0.123414 0.058645 0.081981 0.150776 0.092022 0.067223 0.122413 0.207492 0.121625 0.076112 0.115324 0.077448 0.106785 0.122262 0.076602 0.181484 0.056534 0.115473 0.044823 0.061916 0.126502 0.199505 0.107984 0.038235 0.138045 0.054967 0.067280 0.138914 0.070771 0.148040 0.053299 0.129120
0.111320 0.152787 0.072133 0.086974 0.058453 0.150710 0.184056 0.141696 0.125752 0.151679 0.120123 0.067106 0.053518 0.186574 0.166786 0.149865 0.075658 0.235667 0.163253 0.119347 0.167291 0.157525 0.065944 0.076626 0.145723 0.102778 0.093030 0.119164 0.089620 0.207070 0.139778 0.049252 0.109810 0.109474 0.095025 0.051025 0.094838 0.144141 0.124467 0.096269 0.121891 0.158979 0.146760 0.071584 0.078652 0.177099 0.031089 0.110267 0.064898 0.052655 0.108714 0.185543 0.099658 0.034965 0.178307 0.056108 0.096820 0.233940 0.068270 0.112550 0.067213 0.084641
0.175300 0.102726 0.154357 0.129734 0.123635 0.121973 0.157500 0.141965 0.118790 0.101180 0.148832 0.101332 0.126130 0.122170 0.157449 0.169972 0.126644 0.172765 0.162771 0.131625 0.183489 0.170563 0.122246 0.122410 0.162822 0.132060 0.139305 0.145048 0.134932 0.219972 0.146915 0.118779 0.092231 0.137648 0.109374 0.081534 0.115746 0.141190 0.138564 0.093603 0.170715 0.157665 0.202265 0.100218 0.104865 0.178549 0.080371 0.159643 0.049421 0.097340 0.129664 0.208501 0.097747 0.100486 0.141155 0.120648 0.082827 0.161989 0.080374 0.147183 0.076797 0.151480
0.234296 0.186309 0.163636 0.201401 0.232548 0.151194 0.170419 0.195080 0.255146 0.190809 0.200717 0.226825 0.168251 0.190208 0.290325 0.311810 0.215874 0.221662 0.334295 0.170860 0.255734 0.281185 0.143112 0.234989 0.317362 0.193401 0.159252 0.187333 0.195694 0.404477 0.215470 0.162269 0.167860 0.294570 0.209732 0.173132 0.239184 0.304676 0.233924 0.173802 0.264877 0.174191 0.244983 0.216998 0.169066 0.420830 0.172242 0.185394 0.132837 0.147118 0.314682 0.479417 0.200961 0.142526 0.211999 0.168024 0.140810 0.206062 0.143260 0.268971 0.165936 0.172130
0.177998 0.186832 0.121852 0.115802 0.067941 0.173606 0.203553 0.140951 0.127356 0.176503 0.150547 0.085344 0.124500 0.188305 0.278453 0.170664 0.209182 0.223337 0.140670 0.177735 0.207217 0.163521 0.082255 0.093840 0.140755 0.128534 0.164497 0.150183 0.182510 0.170728 0.167075 0.070250 0.127403 0.229247 0.157444 0.060427 0.205126 0.218990 0.205175 0.065412 0.180987 0.128740 0.208569 0.154348 0.158981 0.180728 0.109696 0.126238 0.089547 0.112652 0.197246 0.180441 0.143378 0.085779 0.226153 0.052971 0.112414 0.179280 0.104071 0.130325 0.111167 0.144372
0.105708 0.174584 0.089640 0.084526 0.051912 0.156187 0.194854 0.123405 0.141352 0.167472 0.133903 0.095235 0.063783 0.199552 0.171293 0.192158 0.081362 0.262910 0.154848 0.137994 0.148928 0.132815 0.079904 0.102376 0.157718 0.077186 0.108464 0.130757 0.092687 0.153354 0.127207 0.051933 0.154621 0.099683 0.100826 0.053680 0.116502 0.141014 0.141123 0.075031 0.143492 0.178036 0.151542 0.087768 0.094322 0.175586 0.056246 0.097439 0.083266 0.092237 0.113370 0.199242 0.064939 0.061881 0.188949 0.074604 0.105230 0.216868 0.081369 0.138544 0.087835 0.102083
0.197701 0.167455 0.162481 0.199177 0.121140 0.160819 0.146894 0.154887 0.181973 0.168919 0.144507 0.142771 0.138076 0.172983 0.302254 0.198101 0.258631 0.151557 0.176716 0.158119 0.266535 0.200133 0.101105 0.159666 0.241674 0.122257 0.129888 0.133936 0.138753 0.317864 0.176998 0.131128 0.133557 0.308289 0.235917 0.098388 0.158051 0.291947 0.269147 0.134420 0.265037 0.121783 0.205067 0.234001 0.185897 0.280015 0.158825 0.165696 0.111827 0.140618 0.245727 0.314861 0.211633 0.118099 0.181638 0.121470 0.120421 0.193277 0.145050 0.201954 0.117449 0.164720
0.197397 0.148906 0.142509 0.163082 0.165344 0.144686 0.176666 0.170423 0.259496 0.182948 0.179787 0.163908 0.126806 0.177276 0.241195 0.283100 0.160114 0.217540 0.321644 0.126782 0.231706 0.253620 0.133510 0.177961 0.291951 0.150214 0.108663 0.138489 0.141881 0.349298 0.154500 0.109620 0.159550 0.216669 0.159730 0.110388 0.203775 0.245075 0.201672 0.119848 0.235425 0.163726 0.197848 0.140899 0.139133 0.368835 0.129566 0.129639 0.108982 0.121991 0.219724 0.391544 0.159471 0.094344 0.163980 0.159009 0.124224 0.238161 0.097785 0.246547 0.124639 0.164840
0.165140 0.183700 0.138078 0.157337 0.117757 0.142910 0.135865 0.146548 0.208693 0.188847 0.146647 0.122105 0.121901 0.182223 0.282629 0.216777 0.198076 0.189032 0.195316 0.168567 0.251636 0.190769 0.092703 0.122622 0.201263 0.127982 0.101424 0.123461 0.170756 0.276056 0.174715 0.088154 0.137124 0.260073 0.201445 0.074803 0.216833 0.261608 0.243095 0.099915 0.206381 0.100487 0.194264 0.174047 0.181468 0.263046 0.150950 0.119583 0.130454 0.128177 0.227526 0.257100 0.184353 0.077952 0.208417 0.081162 0.117668 0.208357 0.132068 0.189016 0.136603 0.149765
0.182037 0.233808 0.113563 0.112719 0.085952 0.180346 0.211936 0.149599 0.174966 0.239727 0.178134 0.093620 0.087077 0.221909 0.212320 0.171174 0.129796 0.307965 0.182121 0.154440 0.176416 0.178221 0.122717 0.111293 0.150120 0.166867 0.205550 0.212879 0.162673 0.164093 0.192718 0.109271 0.127873 0.148131 0.133563 0.117403 0.186875 0.155114 0.198598 0.108905 0.168441 0.159147 0.188580 0.116173 0.118295 0.190733 0.104207 0.139638 0.104847 0.107010 0.154087 0.227631 0.127183 0.076458 0.234840 0.063184 0.140425 0.202979 0.064814 0.108102 0.132583 0.116854
0.138608 0.143379 0.114352 0.127655 0.127146 0.128339 0.171706 0.151268 0.196118 0.170531 0.158485 0.147140 0.097443 0.157033 0.220561 0.266916 0.127118 0.222703 0.280238 0.129881 0.247587 0.255304 0.102857 0.129721 0.254243 0.116622 0.091040 0.126794 0.103168 0.311952 0.150785 0.095008 0.140758 0.200594 0.180264 0.086134 0.159809 0.192522 0.191426 0.156636 0.228205 0.153749 0.169735 0.155638 0.138567 0.316862 0.110573 0.122677 0.104011 0.104419 0.219117 0.374326 0.145643 0.077637 0.170483 0.117542 0.113965 0.197126 0.092117 0.214301 0.124764 0.122717
0.154371 0.224017 0.120874 0.114628 0.101166 0.176832 0.186120 0.189728 0.140050 0.182050 0.177867 0.118139 0.098335 0.203999 0.234782 0.191070 0.131992 0.283523 0.182239 0.182162 0.211673 0.190317 0.091435 0.131476 0.170715 0.129714 0.174447 0.191684 0.158138 0.182941 0.193521 0.076295 0.138900 0.196431 0.144114 0.110967 0.173785 0.204927 0.204538 0.114910 0.169923 0.161238 0.201103 0.174495 0.132116 0.201831 0.097503 0.135426 0.090008 0.119220 0.182096 0.249318 0.128228 0.067844 0.248617 0.066509 0.129922 0.200569 0.098918 0.142298 0.118469 0.146306
0.102029 0.126788 0.067512 0.043380 0.048468 0.110561 0.166924 0.129495 0.140743 0.099963 0.117622 0.081327 0.061170 0.138728 0.153870 0.151239 0.103793 0.179250 0.178187 0.086435 0.121434 0.123244 0.084129 0.070696 0.154569 0.104192 0.078390 0.081638 0.098387 0.146513 0.074906 0.067952 0.085487 0.115296 0.143453 0.030796 0.116501 0.141297 0.151106 0.077590 0.143640 0.094123 0.119094 0.094428 0.123668 0.184196 0.073514 0.086640 0.085575 0.059151 0.139688 0.175264 0.130198 0.027241 0.074254 0.056247 0.099753 0.138725 0.063379 0.114234 0.094433 0.078143
0.130816 0.132160 0.102219 0.125606 0.117648 0.117505 0.125656 0.151638 0.194814 0.144298 0.124262 0.146648 0.100798 0.162058 0.219237 0.198962 0.142285 0.166199 0.221503 0.110414 0.196678 0.220436 0.066854 0.111498 0.209144 0.093590 0.100916 0.102054 0.128454 0.283324 0.132468 0.072508 0.090963 0.232669 0.132158 0.059115 0.155480 0.255429 0.142241 0.121658 0.159211 0.071457 0.145727 0.121157 0.101627 0.297735 0.101813 0.102244 0.101809 0.087019 0.160822 0.310060 0.178629 0.058407 0.139186 0.089021 0.102484 0.188701 0.066508 0.153463 0.094147 0.144807
0.188822 0.224001 0.143498 0.122663 0.084946 0.173251 0.175702 0.170852 0.170493 0.228777 0.176634 0.120419 0.094638 0.218895 0.223783 0.179992 0.127707 0.324265 0.184186 0.165032 0.212438 0.185474 0.119149 0.123560 0.154869 0.168895 0.231340 0.228473 0.164425 0.185532 0.204315 0.132496 0.138571 0.166042 0.126381 0.132957 0.169907 0.195163 0.203811 0.117620 0.168138 0.158457 0.175332 0.120982 0.110130 0.211793 0.109951 0.156504 0.093336 0.111630 0.147200 0.231519 0.148902 0.081915 0.243679 0.066760 0.140538 0.233725 0.056534 0.136880 0.116196 0.146161
0.189921 0.128217 0.152524 0.158577 0.184128 0.135147 0.161223 0.160853 0.220843 0.156391 0.142471 0.186111 0.138177 0.168760 0.216992 0.248528 0.177391 0.171612 0.271288 0.131175 0.192348 0.224174 0.119735 0.202838 0.277927 0.158748 0.119530 0.125239 0.156715 0.314460 0.167448 0.125166 0.120604 0.225774 0.193075 0.130727 0.221723 0.241928 0.177681 0.155999 0.259464 0.150543 0.185726 0.199375 0.155491 0.347647 0.140788 0.165391 0.138094 0.149607 0.245718 0.421534 0.170959 0.124580 0.142506 0.150153 0.128340 0.168107 0.106278 0.224539 0.146553 0.143972
0.148975 0.155497 0.129961 0.143736 0.142069 0.106356 0.144711 0.156245 0.244789 0.155635 0.161174 0.155613 0.100970 0.160400 0.235285 0.265584 0.126705 0.188619 0.298497 0.121514 0.217076 0.239530 0.087989 0.161401 0.269143 0.151853 0.089467 0.120071 0.124776 0.361534 0.141494 0.102041 0.155036 0.193484 0.160726 0.103918 0.193256 0.225363 0.196712 0.125003 0.196446 0.130998 0.172804 0.135065 0.116219 0.344325 0.109100 0.129697 0.142668 0.106186 0.238904 0.382504 0.169554 0.083782 0.150959 0.101446 0.103513 0.187285 0.104445 0.191674 0.115827 0.119519
0.192049 0.245917 0.123963 0.140195 0.097805 0.215998 0.233181 0.189475 0.178659 0.252869 0.183118 0.113356 0.100957 0.252912 0.248453 0.197160 0.156320 0.350532 0.198030 0.177936 0.211976 0.198426 0.121449 0.120724 0.171535 0.184234 0.231827 0.224255 0.172768 0.216875 0.216117 0.114776 0.146353 0.177938 0.137840 0.121703 0.196452 0.207247 0.208733 0.133510 0.181385 0.176906 0.206607 0.122329 0.136865 0.223717 0.107148 0.160274 0.116837 0.106258 0.165056 0.250726 0.154408 0.077347 0.264284 0.065428 0.156801 0.257036 0.087859 0.133120 0.144699 0.146521
0.155969 0.240219 0.108874 0.105385 0.079441 0.178987 0.198739 0.157677 0.158695 0.236702 0.170672 0.100488 0.077739 0.235533 0.224355 0.180076 0.121526 0.318482 0.186077 0.155503 0.164701 0.172973 0.089240 0.104150 0.146794 0.156089 0.211177 0.216922 0.162553 0.180286 0.188029 0.098375 0.138302 0.164624 0.123669 0.118071 0.185296 0.176983 0.184349 0.109868 0.138978 0.151285 0.167383 0.114588 0.099401 0.195272 0.100206 0.139180 0.107065 0.099326 0.149607 0.227902 0.141009 0.067744 0.251830 0.041939 0.134511 0.209569 0.069191 0.108650 0.135836 0.117785
0.190857 0.246848 0.144319 0.135197 0.110869 0.197464 0.239114 0.198217 0.172619 0.241676 0.192089 0.122821 0.109862 0.241576 0.246612 0.230092 0.132720 0.336610 0.233041 0.204805 0.225099 0.222830 0.112380 0.132361 0.186029 0.177879 0.214362 0.225300 0.184398 0.219435 0.215979 0.115732 0.173513 0.186644 0.164791 0.128582 0.195201 0.204816 0.216762 0.144288 0.179906 0.198561 0.208661 0.143969 0.115093 0.233730 0.105996 0.165505 0.115627 0.127513 0.194825 0.286793 0.144508 0.087685 0.268254 0.080849 0.151395 0.252140 0.087075 0.167304 0.144364 0.144768
0.173777 0.221877 0.141592 0.143085 0.084714 0.185432 0.186341 0.186203 0.181706 0.202188 0.181352 0.118156 0.072053 0.198961 0.219189 0.196388 0.135608 0.299187 0.199759 0.162491 0.239279 0.201494 0.118145 0.135100 0.199537 0.161153 0.187448 0.186942 0.149776 0.229467 0.231074 0.113340 0.138796 0.173248 0.148293 0.111254 0.161350 0.212199 0.201536 0.137676 0.188180 0.166016 0.191585 0.144230 0.125350 0.224130 0.102454 0.173770 0.108382 0.091894 0.169578 0.277808 0.152373 0.051624 0.226052 0.083637 0.121891 0.231263 0.085335 0.158696 0.126744 0.136140
0.129526 0.157617 0.113663 0.104099 0.123947 0.131185 0.171328 0.170159 0.201422 0.142526 0.169999 0.129962 0.083042 0.166738 0.214840 0.241109 0.123562 0.201364 0.255910 0.141912 0.220606 0.238214 0.092652 0.139866 0.238914 0.111427 0.086603 0.119999 0.134600 0.286075 0.155990 0.072790 0.120849 0.209054 0.171643 0.084111 0.156552 0.246692 0.178347 0.139121 0.176578 0.141920 0.145993 0.176563 0.133274 0.291791 0.092335 0.130825 0.115586 0.095559 0.200229 0.352852 0.158751 0.057616 0.169103 0.092321 0.109189 0.186754 0.071090 0.188458 0.107794 0.132587
0.170029 0.192666 0.130271 0.118104 0.081837 0.129929 0.132432 0.151009 0.122137 0.194548 0.137719 0.092352 0.076705 0.195245 0.245484 0.174956 0.142081 0.212269 0.152738 0.177748 0.190801 0.130204 0.064472 0.109371 0.138179 0.121877 0.175166 0.175679 0.168152 0.159134 0.178011 0.088329 0.110005 0.201003 0.134410 0.097720 0.175587 0.207518 0.188715 0.076930 0.143084 0.118360 0.160463 0.160657 0.095003 0.164122 0.091211 0.148569 0.085984 0.117853 0.170902 0.218417 0.138072 0.062235 0.216409 0.045090 0.106117 0.187099 0.056963 0.117734 0.096704 0.118068
0.192377 0.218023 0.150404 0.128286 0.091675 0.185078 0.180733 0.170812 0.166177 0.227104 0.182132 0.127350 0.099836 0.213592 0.222281 0.178928 0.130888 0.322609 0.181022 0.163115 0.210871 0.185332 0.127272 0.127094 0.155953 0.175460 0.239278 0.229989 0.162739 0.188807 0.205190 0.145040 0.140366 0.161660 0.130883 0.142706 0.162710 0.186931 0.205240 0.125267 0.165100 0.159024 0.181557 0.124704 0.116086 0.206017 0.114798 0.161100 0.102005 0.121184 0.144692 0.233563 0.158092 0.080770 0.236286 0.064932 0.148127 0.225965 0.062344 0.136765 0.120826 0.152299
0.165339 0.162377 0.117631 0.118080 0.081300 0.145522 0.189430 0.138173 0.159241 0.205436 0.131251 0.087614 0.084288 0.214866 0.186510 0.202285 0.070334 0.240837 0.181430 0.162138 0.177492 0.157836 0.100421 0.123300 0.162438 0.114897 0.138919 0.150702 0.121204 0.204926 0.150808 0.098614 0.121510 0.097561 0.129622 0.084333 0.114591 0.152637 0.164534 0.112325 0.141627 0.174935 0.159237 0.087189 0.075671 0.208156 0.074824 0.120097 0.087527 0.098568 0.106405 0.219661 0.121247 0.074289 0.182667 0.086488 0.118788 0.250250 0.073663 0.137476 0.084525 0.100551
0.163002 0.158157 0.136456 0.110044 0.044555 0.147404 0.168176 0.111961 0.129968 0.166987 0.140761 0.070991 0.135759 0.160793 0.265542 0.135793 0.204839 0.170434 0.100909 0.149453 0.189553 0.156845 0.078111 0.094723 0.119105 0.138123 0.182403 0.144355 0.161669 0.135635 0.113573 0.102532 0.123654 0.227654 0.160488 0.078009 0.182471 0.196690 0.241332 0.051094 0.171391 0.088601 0.176866 0.145009 0.146848 0.160655 0.138699 0.109973 0.092471 0.120324 0.186364 0.145179 0.160199 0.115337 0.186462 0.038363 0.110007 0.142059 0.082709 0.108526 0.090628 0.141228
0.160666 0.109690 0.101845 0.124483 0.107746 0.148806 0.137523 0.146513 0.151629 0.129362 0.114854 0.131319 0.108679 0.122702 0.274812 0.152009 0.213292 0.163225 0.155914 0.150705 0.232296 0.180324 0.108909 0.130752 0.167525 0.099854 0.103502 0.122387 0.125814 0.246037 0.161988 0.061030 0.082105 0.244108 0.189126 0.074697 0.159319 0.252008 0.212102 0.111227 0.225833 0.140137 0.162045 0.202625 0.206386 0.230803 0.126864 0.131193 0.076357 0.135110 0.186291 0.283854 0.128612 0.105502 0.172560 0.088567 0.116694 0.135009 0.090013 0.192677 0.075038 0.154969
0.124091 0.111261 0.097275 0.084246 0.091146 0.098247 0.150283 0.136714 0.179988 0.111979 0.134238 0.104267 0.066806 0.132122 0.194918 0.205502 0.098531 0.166089 0.237416 0.111435 0.196148 0.216376 0.074550 0.106893 0.220291 0.086019 0.063470 0.091783 0.109048 0.277875 0.115242 0.055505 0.095431 0.178835 0.157636 0.059653 0.119342 0.200896 0.155373 0.104383 0.176012 0.115439 0.131702 0.148346 0.103214 0.268800 0.073674 0.106059 0.078529 0.087862 0.162750 0.325694 0.130716 0.051503 0.139749 0.086326 0.098134 0.162807 0.042052 0.170063 0.068005 0.106112
0.075360 0.068604 0.025178 0.055670 0.044846 0.094876 0.122090 0.076927 0.056672 0.060151 0.065008 0.013897 0.041417 0.064577 0.067691 0.080890 0.064626 0.106659 0.096835 0.081522 0.105991 0.094441 0.054015 0.064002 0.087595 0.054308 0.041370 0.031196 0.050866 0.082813 0.076376 0.005233 0.054436 0.033908 0.061372 0.013721 0.085810 0.060516 0.067422 0.066720 0.107593 0.096478 0.088811 0.056954 0.084732 0.091090 0.019264 0.033520 0.049498 0.022291 0.081629 0.123006 0.019590 0.021504 0.069639 0.062982 0.033665 0.073597 0.051105 0.065375 0.062136 0.043475
0.178546 0.147361 0.132200 0.125926 0.126701 0.147024 0.215891 0.169867 0.202261 0.170341 0.175816 0.135255 0.145416 0.178878 0.241148 0.195287 0.202057 0.211946 0.192764 0.158844 0.206415 0.241610 0.117329 0.110887 0.173834 0.144929 0.160958 0.132498 0.193766 0.199264 0.152774 0.080099 0.123308 0.220938 0.174343 0.089059 0.248080 0.238747 0.175855 0.116577 0.207791 0.098405 0.165744 0.158914 0.168046 0.231390 0.142265 0.116682 0.129177 0.128517 0.204493 0.274550 0.161152 0.101130 0.221289 0.068069 0.146411 0.173822 0.056659 0.154926 0.138719 0.187559
0.138282 0.135009 0.116153 0.122331 0.053981 0.124340 0.139318 0.114965 0.090697 0.093348 0.112003 0.057464 0.100090 0.125601 0.259453 0.148700 0.197279 0.105928 0.108114 0.149854 0.205717 0.139464 0.057978 0.106430 0.154917 0.085323 0.097210 0.097446 0.109285 0.206529 0.095654 0.074587 0.122420 0.226718 0.206018 0.046366 0.112431 0.205258 0.245673 0.080677 0.190284 0.102202 0.163607 0.206133 0.154435 0.174672 0.109096 0.108653 0.071515 0.084694 0.197248 0.189634 0.154119 0.069706 0.128741 0.073117 0.053536 0.117212 0.135340 0.137420 0.083272 0.107848
0.060765 0.080009 0.025046 0.038203 0.024450 0.092482 0.125217 0.065768 0.054071 0.082567 0.051801 0.002823 0.020742 0.094798 0.052650 0.081216 0.042225 0.130704 0.087783 0.068211 0.084949 0.079504 0.037725 0.043624 0.082987 0.052786 0.048746 0.043785 0.036209 0.078233 0.056626 0.003964 0.061363 0.014641 0.045186 0.009837 0.083524 0.041730 0.059388 0.046658 0.095308 0.104671 0.070620 0.038713 0.062969 0.090035 0.014239 0.039492 0.035084 0.010793 0.060108 0.110144 0.011632 0.017079 0.075502 0.050255 0.032506 0.123834 0.033530 0.051687 0.050068 0.028870
0.103735 0.084399 0.099914 0.086050 0.082689 0.048654 0.097143 0.132998 0.087812 0.096833 0.083673 0.080354 0.069343 0.136535 0.203359 0.187832 0.089566 0.100108 0.128503 0.121853 0.128205 0.105539 0.013506 0.084519 0.129644 0.056342 0.094071 0.088926 0.105239 0.146995 0.055564 0.047929 0.078241 0.184319 0.116264 0.041702 0.148576 0.202324 0.102928 0.075964 0.107059 0.053183 0.092826 0.137959 0.059011 0.172433 0.075148 0.085184 0.044122 0.073873 0.128678 0.178250 0.140678 0.042088 0.112476 0.040913 0.048433 0.144504 0.056775 0.125622 0.065532 0.109719
0.130117 0.175951 0.082651 0.094825 0.045629 0.112743 0.143803 0.115736 0.132686 0.216492 0.113133 0.053911 0.038899 0.222950 0.187876 0.130443 0.080151 0.187164 0.121791 0.119280 0.142121 0.100342 0.042494 0.063928 0.111742 0.071298 0.113637 0.130117 0.116316 0.131477 0.134087 0.062791 0.097555 0.129842 0.103824 0.048408 0.132238 0.148728 0.113875 0.073132 0.106874 0.089986 0.129262 0.073697 0.039099 0.135069 0.059419 0.101016 0.074127 0.073028 0.085861 0.147394 0.127216 0.030851 0.188850 0.031972 0.092587 0.239503 0.047417 0.078920 0.088964 0.083940
0.160533 0.124405 0.121252 0.093322 0.052610 0.086103 0.085787 0.086301 0.092198 0.136817 0.114315 0.094626 0.068438 0.113596 0.160887 0.112119 0.113232 0.150393 0.120851 0.128398 0.148133 0.096207 0.058906 0.080891 0.091931 0.078721 0.146006 0.126715 0.116462 0.095641 0.141156 0.098462 0.110647 0.126873 0.105509 0.081590 0.104909 0.124823 0.129288 0.060469 0.114890 0.099321 0.123152 0.100683 0.067323 0.103935 0.058336 0.115755 0.058571 0.115433 0.126576 0.164995 0.098103 0.066672 0.140907 0.046916 0.085542 0.129878 0.018580 0.110498 0.068899 0.104380
0.192841 0.174921 0.165762 0.180599 0.103332 0.154822 0.172868 0.154241 0.154913 0.141982 0.146997 0.097942 0.148292 0.184538 0.291645 0.190412 0.212490 0.147985 0.131253 0.172491 0.209467 0.169428 0.087883 0.147341 0.188537 0.130127 0.173622 0.157970 0.155395 0.261292 0.113241 0.145012 0.143363 0.252380 0.175535 0.096575 0.160778 0.260061 0.239351 0.094237 0.204428 0.103413 0.200646 0.167370 0.144528 0.247720 0.156897 0.148230 0.075312 0.112717 0.188455 0.217092 0.184417 0.129317 0.160349 0.109862 0.091496 0.190068 0.144797 0.181167 0.107746 0.176348
0.127583 0.146042 0.115431 0.133342 0.066431 0.109923 0.156918 0.127079 0.108483 0.125168 0.110703 0.037756 0.087818 0.168424 0.245724 0.162413 0.140820 0.124872 0.120376 0.152203 0.197041 0.143935 0.042760 0.100554 0.144676 0.084608 0.112835 0.120425 0.109758 0.195844 0.074057 0.065889 0.124522 0.173414 0.163649 0.060422 0.139381 0.182944 0.207191 0.090653 0.172764 0.107107 0.152010 0.165685 0.093024 0.174772 0.095782 0.112565 0.067960 0.077891 0.161270 0.203106 0.129936 0.066792 0.139222 0.065094 0.047452 0.158603 0.098168 0.120470 0.081281 0.106064
0.200380 0.144925 0.155370 0.185051 0.185058 0.142193 0.167937 0.179694 0.257178 0.166023 0.188331 0.168835 0.137099 0.170223 0.267033 0.303723 0.187421 0.194217 0.329787 0.145818 0.255851 0.262904 0.120732 0.193953 0.309607 0.146086 0.111052 0.131197 0.163349 0.387429 0.170972 0.105630 0.163299 0.244652 0.171634 0.117325 0.223023 0.277073 0.214082 0.128669 0.240732 0.162029 0.217413 0.175753 0.159854 0.378756 0.137716 0.147599 0.115220 0.130178 0.256012 0.412524 0.177653 0.098232 0.177626 0.151850 0.114526 0.223154 0.116693 0.261894 0.131570 0.180723
0.104737 0.121149 0.072799 0.079143 0.057826 0.103906 0.108406 0.129947 0.064567 0.119728 0.082772 0.103884 0.074258 0.150315 0.224955 0.151482 0.150406 0.145011 0.136178 0.128610 0.158350 0.095608 0.046659 0.076790 0.131165 0.061116 0.074817 0.099502 0.099098 0.157454 0.113406 0.054035 0.106850 0.201726 0.142670 0.060900 0.119079 0.205523 0.157258 0.062249 0.157812 0.109827 0.127043 0.184972 0.129837 0.161382 0.086499 0.106760 0.056472 0.129776 0.179121 0.184100 0.113138 0.061875 0.151302 0.033871 0.109070 0.138969 0.085207 0.148570 0.072980 0.110611
0.136171 0.124003 0.074874 0.080980 0.030440 0.077165 0.070581 0.084216 0.112373 0.139682 0.092403 0.044093 0.021704 0.125034 0.118389 0.078644 0.077243 0.160116 0.104448 0.091672 0.146260 0.093444 0.048501 0.061791 0.102766 0.086465 0.126431 0.114017 0.111789 0.135591 0.147107 0.068153 0.059345 0.089067 0.055818 0.046091 0.079524 0.124040 0.080002 0.041110 0.090886 0.071394 0.111394 0.046188 0.048134 0.119425 0.038380 0.099588 0.033653 0.038647 0.075624 0.134020 0.092166 0.026950 0.143232 0.041801 0.060256 0.161986 0.004656 0.074940 0.042313 0.062569
0.064015 0.146645 0.042953 0.059267 0.029147 0.138250 0.164440 0.120321 0.108455 0.137923 0.093766 0.042649 0.024817 0.176145 0.143846 0.121074 0.062409 0.215945 0.134225 0.091582 0.122260 0.114982 0.044202 0.058080 0.123274 0.067617 0.064624 0.092776 0.058272 0.143898 0.098745 0.017397 0.097392 0.082178 0.092018 0.027825 0.103903 0.117683 0.112041 0.081315 0.109701 0.129535 0.098230 0.072495 0.069051 0.134400 0.031201 0.072759 0.076709 0.037750 0.082588 0.161802 0.077944 0.013625 0.143699 0.038758 0.075372 0.194553 0.069909 0.082077 0.081349 0.062509
0.117132 0.130782 0.081056 0.102316 0.072505 0.107400 0.150024 0.175490 0.104105 0.130601 0.078142 0.089524 0.063439 0.161290 0.220768 0.176241 0.161410 0.155281 0.159960 0.144749 0.186368 0.132664 0.067355 0.088378 0.151599 0.091279 0.062822 0.103221 0.115169 0.202798 0.134450 0.050928 0.112742 0.195014 0.185944 0.041208 0.157401 0.217919 0.176114 0.096520 0.196318 0.119474 0.132003 0.189017 0.155295 0.206898 0.125705 0.111214 0.096271 0.118954 0.188433 0.244213 0.132269 0.058176 0.137772 0.064486 0.099525 0.149946 0.103972 0.159925 0.090277 0.118674
0.191866 0.155145 0.137932 0.173519 0.138170 0.144109 0.144229 0.154704 0.183419 0.171402 0.154381 0.164245 0.140190 0.153245 0.314473 0.238690 0.259182 0.162353 0.245605 0.154458 0.273290 0.209588 0.119278 0.169396 0.225987 0.137500 0.128892 0.167032 0.173310 0.327048 0.180261 0.117328 0.159275 0.280593 0.194358 0.086974 0.214359 0.263400 0.222214 0.108196 0.234782 0.144309 0.239494 0.188673 0.170771 0.336138 0.184837 0.147426 0.110092 0.129526 0.273475 0.354338 0.181970 0.103864 0.171938 0.136240 0.087081 0.165172 0.137187 0.237271 0.119237 0.174947
0.235850 0.173428 0.161907 0.187393 0.229586 0.141709 0.156996 0.179747 0.245906 0.178463 0.196956 0.219476 0.162192 0.171207 0.260275 0.289750 0.201917 0.209878 0.326142 0.153307 0.249002 0.274200 0.146511 0.234814 0.311745 0.190516 0.154225 0.181085 0.185321 0.393944 0.207396 0.163438 0.155956 0.275588 0.196121 0.174166 0.217611 0.276717 0.219199 0.163042 0.254503 0.168287 0.237618 0.206177 0.162137 0.412321 0.166395 0.177562 0.123864 0.143624 0.302329 0.472154 0.190432 0.139322 0.195213 0.170857 0.134941 0.189823 0.128259 0.255278 0.151257 0.158657
0.118354 0.161920 0.092471 0.114490 0.069976 0.150619 0.169756 0.119961 0.185557 0.146338 0.135282 0.072906 0.087073 0.155572 0.261650 0.168462 0.182488 0.166782 0.165073 0.140636 0.215572 0.189530 0.063309 0.112665 0.178788 0.090222 0.098030 0.105193 0.124508 0.274291 0.128267 0.046223 0.109295 0.208346 0.160630 0.054802 0.160775 0.210255 0.227500 0.093314 0.204620 0.127502 0.171219 0.156760 0.172879 0.225658 0.096897 0.124550 0.094910 0.085954 0.180191 0.262809 0.117246 0.093752 0.185044 0.058515 0.092789 0.157322 0.082238 0.144863 0.081876 0.120648
0.148907 0.078697 0.126140 0.114083 0.074606 0.108532 0.089303 0.108769 0.089137 0.087448 0.102784 0.095349 0.106654 0.119015 0.163921 0.137950 0.152001 0.113173 0.130169 0.078078 0.148791 0.116627 0.083033 0.098204 0.164258 0.079803 0.114136 0.096867 0.113465 0.172593 0.090391 0.110745 0.080482 0.180428 0.110151 0.066635 0.088554 0.192649 0.142028 0.041850 0.164882 0.091228 0.138677 0.155412 0.122122 0.167238 0.106079 0.100267 0.038222 0.108024 0.112025 0.154318 0.141093 0.081746 0.105514 0.090652 0.083510 0.139406 0.072513 0.138188 0.074515 0.156539
0.100254 0.135379 0.053686 0.063549 0.044229 0.123874 0.179792 0.107701 0.122641 0.157774 0.091819 0.031704 0.050093 0.187570 0.152288 0.116897 0.052694 0.178841 0.110480 0.097822 0.096529 0.104044 0.063339 0.052030 0.085824 0.079277 0.084998 0.111266 0.076575 0.098460 0.063585 0.040000 0.073966 0.052309 0.088823 0.034025 0.122081 0.079356 0.118581 0.070325 0.109737 0.115754 0.108453 0.044200 0.054429 0.125464 0.056041 0.068844 0.064934 0.053074 0.055241 0.130065 0.076913 0.036392 0.099062 0.046709 0.078872 0.188298 0.052848 0.059518 0.076140 0.070321
0.242921 0.197275 0.180412 0.205914 0.232149 0.177541 0.199757 0.220823 0.291288 0.213764 0.214403 0.243109 0.167827 0.212279 0.302534 0.340457 0.207324 0.260326 0.340400 0.186834 0.267521 0.277418 0.174261 0.253838 0.335362 0.207591 0.159203 0.192767 0.200069 0.397153 0.236721 0.168290 0.162672 0.279036 0.227096 0.163836 0.244085 0.311616 0.254706 0.181323 0.270190 0.204075 0.262846 0.206564 0.185135 0.412629 0.175827 0.195152 0.174759 0.172862 0.300036 0.490549 0.210925 0.143714 0.203947 0.176275 0.166806 0.233606 0.160873 0.268814 0.171250 0.180215
0.110242 0.107897 0.076442 0.099477 0.071671 0.133539 0.160322 0.125816 0.062956 0.135437 0.074832 0.049954 0.063798 0.165554 0.163578 0.161226 0.076953 0.150060 0.126359 0.136735 0.128954 0.107038 0.026226 0.075967 0.122152 0.064482 0.092637 0.087630 0.092635 0.140559 0.070498 0.035022 0.110877 0.109863 0.094789 0.032911 0.116108 0.135963 0.093430 0.077396 0.122817 0.114473 0.122342 0.105834 0.061671 0.150717 0.056663 0.077694 0.053168 0.075291 0.098231 0.179481 0.075591 0.030041 0.118844 0.065855 0.061495 0.181272 0.067894 0.121665 0.080949 0.098492
0.064529 0.141260 0.049237 0.069074 0.036453 0.151176 0.173787 0.129898 0.112686 0.129280 0.094502 0.052816 0.034386 0.166804 0.161518 0.130097 0.072449 0.212628 0.140355 0.098062 0.109334 0.118353 0.058661 0.059297 0.119198 0.082823 0.064812 0.104729 0.059439 0.155700 0.098104 0.026857 0.092971 0.085635 0.106372 0.030674 0.112686 0.121273 0.123216 0.097211 0.115720 0.130121 0.104981 0.072648 0.079392 0.138548 0.038955 0.080771 0.096365 0.047994 0.081908 0.170481 0.087503 0.015898 0.126068 0.038676 0.075891 0.160274 0.084725 0.083195 0.093020 0.072827
0.128637 0.117618 0.116814 0.092396 0.029878 0.076050 0.098101 0.085337 0.094851 0.080939 0.088826 0.052751 0.078130 0.120679 0.213201 0.116428 0.151398 0.091403 0.102966 0.126274 0.172231 0.119269 0.040485 0.088610 0.139268 0.092784 0.109077 0.102240 0.113161 0.193655 0.067887 0.092612 0.103995 0.186521 0.179097 0.054235 0.106923 0.183705 0.220704 0.041757 0.175505 0.094490 0.138855 0.192963 0.115021 0.179730 0.096138 0.113736 0.056538 0.082996 0.177750 0.174555 0.131373 0.080104 0.105780 0.062223 0.046698 0.100889 0.091365 0.118933 0.056832 0.075766
0.211910 0.157904 0.140198 0.185985 0.140894 0.155237 0.162270 0.145228 0.263297 0.207369 0.175674 0.130288 0.113578 0.192673 0.236978 0.244044 0.157950 0.188229 0.259869 0.123001 0.205743 0.210339 0.136106 0.148519 0.247359 0.136718 0.106768 0.139166 0.134511 0.279025 0.147819 0.115705 0.138459 0.179953 0.126668 0.107098 0.224540 0.221635 0.194966 0.099259 0.216213 0.134991 0.193879 0.089546 0.116160 0.310522 0.127959 0.114107 0.112814 0.112501 0.174842 0.319102 0.150398 0.082753 0.142688 0.134937 0.109342 0.233447 0.107938 0.190228 0.133057 0.158358
0.130514 0.162323 0.108094 0.078211 0.087460 0.110057 0.187922 0.121764 0.167647 0.180637 0.144076 0.112866 0.100209 0.196635 0.176287 0.213799 0.061784 0.241405 0.174760 0.152643 0.159174 0.155792 0.077659 0.121750 0.179249 0.095957 0.139685 0.135064 0.135596 0.163037 0.125329 0.089566 0.147262 0.139473 0.132559 0.089957 0.129416 0.170628 0.163192 0.087042 0.132285 0.145112 0.155280 0.114373 0.079588 0.213223 0.079461 0.116404 0.073200 0.110172 0.150221 0.204703 0.106169 0.078572 0.196186 0.074434 0.118248 0.233521 0.057473 0.144407 0.086594 0.113131
0.152266 0.102632 0.120712 0.122161 0.109931 0.119076 0.121395 0.086359 0.157691 0.144618 0.136020 0.085377 0.121060 0.167484 0.166857 0.147718 0.130609 0.141059 0.145453 0.084813 0.153740 0.159068 0.093961 0.100047 0.154446 0.079677 0.129346 0.113457 0.137771 0.208274 0.095195 0.095660 0.045516 0.156772 0.067642 0.069204 0.161837 0.189316 0.106413 0.066599 0.150215 0.091572 0.147963 0.068899 0.090923 0.206616 0.097659 0.117092 0.042245 0.060213 0.077029 0.191816 0.110377 0.101351 0.146481 0.085483 0.080779 0.181945 0.044701 0.102506 0.095055 0.157976
