0.007044 0.009281 0.004819 0.007823 0.001350 0.005809 0.011584 0.005133 0.012613 0.010384 0.009407 0.001335 0.001423 0.012313 0.026672 0.020571 0.012601 0.007733 0.015220 0.004915 0.018478 0.009602 0.000578 0.003380 0.013050 0.001472 0.001195 0.002017 0.004335 0.016099 0.001197 0.000578 0.005868 0.014856 0.010744 0.000452 0.009154 0.013048 0.018205 0.000613 0.021431 0.007317 0.014429 0.010456 0.005402 0.021201 0.000641 0.013485 0.000472 0.000165 0.013577 0.018047 0.007358 0.000743 0.006322 0.005586 0.002241 0.015389 0.002645 0.007429 0.001875 0.000228
0.015772 0.022796 0.007207 0.003265 0.004122 0.007963 0.012314 0.016374 0.012929 0.013203 0.012398 0.004047 0.000275 0.018853 0.015768 0.012942 0.005937 0.027806 0.020081 0.013530 0.020463 0.014272 0.002529 0.008907 0.016440 0.011765 0.013221 0.018400 0.017067 0.021482 0.016326 0.002608 0.008374 0.015298 0.007078 0.002973 0.011691 0.016067 0.010922 0.001094 0.010582 0.012777 0.017397 0.012107 0.005126 0.020844 0.002545 0.011144 0.000582 0.002819 0.014362 0.024167 0.007291 0.001452 0.023354 0.006373 0.004137 0.019641 0.001069 0.010487 0.002195 0.004218
0.008702 0.010190 0.002530 0.002167 0.002102 0.008474 0.009209 0.006390 0.011381 0.009723 0.012955 0.001865 -0.000010 0.012226 0.010052 0.010327 0.002436 0.017997 0.013131 0.005965 0.015122 0.013443 0.000329 0.007499 0.014344 0.005050 0.006180 0.006671 0.008860 0.013581 0.008737 0.000319 0.009310 0.005918 0.004766 0.003284 0.006097 0.009784 0.006746 0.000689 0.008023 0.010375 0.010178 0.008432 0.005157 0.012717 0.001179 0.003970 0.000165 0.001294 0.010509 0.015961 0.005797 0.001092 0.015032 0.004433 0.004061 0.016831 0.000943 0.010747 0.001942 0.004212
0.015314 0.012701 0.004849 0.008891 0.003365 0.006839 0.009365 0.010622 0.024051 0.011409 0.012002 0.003464 0.002109 0.014354 0.037038 0.024004 0.015398 0.015028 0.026755 0.008839 0.024105 0.021340 0.000858 0.009284 0.025797 0.005805 0.006705 0.007033 0.012227 0.029745 0.006023 0.000995 0.007638 0.023533 0.015277 0.002853 0.012256 0.026954 0.025230 0.000542 0.022081 0.009707 0.013478 0.027438 0.011293 0.028368 0.002964 0.009221 0.000389 0.007414 0.026013 0.033273 0.014586 0.001671 0.013339 0.007916 0.004034 0.015457 0.004105 0.021679 0.001697 0.006318
0.021821 0.006843 0.005396 0.010945 0.012427 0.003459 0.004991 0.009110 0.021645 0.005062 0.010898 0.012345 -0.000016 0.004942 0.033490 0.039689 0.015879 0.008093 0.049887 0.004935 0.023366 0.032398 0.000831 0.021656 0.041752 0.004496 0.004588 0.005644 0.008966 0.051536 0.006983 0.000830 0.003111 0.029265 0.007902 0.004079 0.021913 0.030444 0.012175 -0.000039 0.018081 0.003987 0.014473 0.014929 0.006838 0.062857 0.004756 0.008897 -0.000026 0.003271 0.029216 0.076925 0.015618 0.003355 0.006074 0.020760 0.001152 0.004255 0.002286 0.019842 0.001394 0.002489
0.017325 0.028320 0.003392 0.009892 0.001710 0.023458 0.032866 0.017275 0.015164 0.044482 0.008518 0.001732 -0.000021 0.046399 0.019669 0.021402 0.008352 0.040966 0.028411 0.013557 0.017000 0.013359 0.003139 0.005922 0.029705 0.009707 0.011104 0.014294 0.009031 0.028434 0.007038 0.003138 0.022313 0.018843 0.010008 0.002562 0.014950 0.020542 0.015769 0.003117 0.025260 0.024069 0.012332 0.015615 0.005901 0.037126 0.003933 0.009398 0.002381 0.005855 0.012196 0.030054 0.008074 0.000786 0.031080 0.012391 0.015327 0.057850 0.001280 0.018462 0.007698 0.002910
0.009054 0.017853 0.001886 0.001831 0.000625 0.011648 0.015381 0.010881 0.007487 0.020872 0.005785 0.000457 0.000373 0.024797 0.009493 0.009900 0.002867 0.035958 0.011195 0.008818 0.013250 0.009061 0.000502 0.002993 0.012891 0.006261 0.010944 0.010273 0.005630 0.014508 0.008227 0.000650 0.012946 0.009071 0.004908 0.001353 0.006970 0.010312 0.007005 0.002174 0.011484 0.014529 0.006129 0.006050 0.002855 0.016924 0.001777 0.003018 0.001254 0.001004 0.006790 0.015722 0.003428 0.001688 0.021851 0.005005 0.009070 0.034159 0.000753 0.008581 0.003666 0.002129
0.008815 0.015264 0.003572 0.001734 0.001652 0.006654 0.009730 0.009126 0.006373 0.013286 0.004308 0.001529 0.000300 0.015374 0.009774 0.010949 0.002622 0.026614 0.012434 0.009972 0.009674 0.007370 0.001744 0.003787 0.007839 0.008591 0.008859 0.015455 0.008004 0.016402 0.010644 0.001842 0.005715 0.007397 0.003152 0.001130 0.007672 0.008819 0.005349 0.002631 0.009809 0.010417 0.008109 0.005128 0.002370 0.015608 0.001492 0.005844 0.001687 0.001238 0.006174 0.015950 0.003084 0.001559 0.019542 0.004213 0.004048 0.014835 0.000489 0.004278 0.002592 0.001644
0.007335 0.001830 0.003719 0.006652 0.002726 0.000874 0.001204 0.006711 0.005794 0.001161 0.003649 0.002817 -0.000008 0.001130 0.011382 0.012485 0.004284 0.002391 0.016489 0.001889 0.011762 0.009946 -0.000015 0.005284 0.014834 0.001304 0.002600 0.000890 0.006736 0.014381 0.000903 -0.000016 0.001241 0.013337 0.002765 0.002670 0.009291 0.019374 0.005155 -0.000015 0.004284 0.001190 0.004828 0.007806 0.000883 0.025312 0.000914 0.001195 -0.000010 0.001876 0.007597 0.025428 0.007192 0.002484 0.002376 0.005629 0.000911 0.001090 -0.000025 0.010269 -0.000033 0.001305
0.017025 0.030538 0.005687 0.004627 0.002753 0.023360 0.031376 0.018770 0.014398 0.033970 0.014742 0.002589 -0.000017 0.041557 0.017172 0.019876 0.004934 0.049250 0.023282 0.013919 0.020471 0.016592 0.001557 0.007479 0.023146 0.012187 0.014728 0.017323 0.010861 0.026691 0.012986 0.001538 0.022439 0.012727 0.005320 0.003246 0.012534 0.013248 0.008860 0.003342 0.017619 0.027016 0.014038 0.010026 0.005036 0.031373 0.001867 0.011004 0.002251 0.001957 0.011654 0.026177 0.006517 0.001258 0.032754 0.010049 0.010506 0.052263 0.001172 0.014186 0.006670 0.003573
0.010644 0.016654 0.006370 0.000369 0.003543 0.002318 0.006804 0.010749 0.005150 0.006031 0.005292 0.003543 -0.000005 0.008769 0.004922 0.005876 0.002065 0.016881 0.008881 0.007985 0.010215 0.004235 0.003108 0.004391 0.004395 0.009091 0.008813 0.014347 0.009194 0.013408 0.011801 0.003108 0.002489 0.005355 0.000476 0.000127 0.005016 0.002489 0.001038 0.000135 0.003514 0.005795 0.012411 0.000537 0.000560 0.011623 0.000187 0.010664 0.000142 0.000278 0.005355 0.010791 0.000160 0.000316 0.012797 0.003912 0.000460 0.008990 -0.000018 0.000495 0.000119 0.000350
0.022619 0.008961 0.005762 0.011264 0.012252 0.004044 0.005753 0.010220 0.023298 0.007028 0.011903 0.012351 0.000187 0.007213 0.035094 0.040406 0.016150 0.010928 0.050652 0.006476 0.024790 0.033367 0.001021 0.022025 0.042114 0.005315 0.005775 0.007050 0.010414 0.051695 0.008656 0.001099 0.003972 0.030417 0.008537 0.004305 0.023430 0.032137 0.013605 0.000199 0.019557 0.005020 0.015364 0.015356 0.007268 0.063774 0.005222 0.009352 -0.000028 0.003180 0.030404 0.077148 0.015703 0.004212 0.008734 0.021090 0.001747 0.007270 0.002235 0.020466 0.001819 0.002887
0.011324 0.010782 0.006184 0.004974 0.002051 0.002621 0.004694 0.006894 0.007727 0.005903 0.006590 0.001905 0.004151 0.008719 0.020867 0.005018 0.017108 0.012041 0.006239 0.005082 0.019472 0.008895 0.001525 0.003214 0.008781 0.004956 0.005585 0.007410 0.006063 0.007226 0.007754 0.001633 0.003154 0.024049 0.011753 0.000524 0.005065 0.020690 0.016435 0.000373 0.015014 0.004216 0.011093 0.020732 0.007715 0.011016 0.000927 0.007675 -0.000013 0.005121 0.015472 0.007761 0.010543 0.001588 0.009634 0.003012 0.001224 0.010032 0.003290 0.004541 0.000701 0.003337
0.012087 0.026263 0.001401 0.005720 0.001413 0.022655 0.031863 0.010896 0.012148 0.039385 0.009142 0.001262 -0.000008 0.039331 0.010535 0.018972 0.000763 0.041759 0.019153 0.009050 0.010380 0.012322 0.003102 0.004826 0.019742 0.011139 0.010464 0.012688 0.004043 0.018221 0.006208 0.003063 0.022712 0.003208 0.000816 0.001967 0.010604 0.006427 0.003417 0.002653 0.017032 0.023923 0.007081 0.002425 0.002618 0.029722 0.000672 0.004970 0.001694 0.000181 0.005469 0.019501 0.002249 0.001305 0.026295 0.011556 0.010581 0.051652 -0.000035 0.013611 0.008089 0.001861
0.019857 0.005441 0.010177 0.012893 0.003883 0.002797 0.003675 0.009080 0.008535 0.006895 0.008546 0.003912 0.002468 0.009600 0.042963 0.022494 0.029666 0.005378 0.018300 0.006124 0.035161 0.018146 0.000065 0.007499 0.027887 0.001194 0.002536 0.003301 0.007638 0.032055 0.005078 0.000064 0.002679 0.044118 0.027654 0.001424 0.006555 0.036809 0.038071 0.000587 0.027916 0.003105 0.013339 0.039360 0.015676 0.025600 0.005707 0.010070 0.000418 0.009378 0.030208 0.032266 0.026722 0.001670 0.009117 0.005765 0.003639 0.009167 0.009125 0.010590 0.000568 0.003966
0.021541 0.019805 0.002726 0.012638 0.007844 0.015643 0.023141 0.012782 0.028875 0.029312 0.012844 0.007818 0.000202 0.028196 0.032010 0.045973 0.009868 0.029227 0.055497 0.008886 0.020150 0.031725 0.002239 0.018006 0.045075 0.008308 0.008469 0.009470 0.008938 0.050560 0.005934 0.002309 0.016223 0.022075 0.005197 0.005096 0.026192 0.029299 0.011278 0.001747 0.026519 0.016487 0.012983 0.011606 0.004712 0.070635 0.003211 0.008966 0.001080 0.002386 0.022706 0.069498 0.009940 0.003575 0.019164 0.022528 0.008377 0.036457 -0.000069 0.028603 0.006348 0.003166
0.008508 0.008521 0.006142 0.006086 0.001053 0.002157 0.002691 0.008150 0.009036 0.007695 0.009273 0.000910 0.001842 0.009835 0.025148 0.012403 0.013534 0.008895 0.010295 0.006928 0.026505 0.010436 0.000287 0.003595 0.014200 0.002157 0.004478 0.003767 0.008750 0.013986 0.005449 0.000412 0.004024 0.022997 0.015880 0.001761 0.005581 0.021728 0.023535 0.000337 0.017890 0.003846 0.013761 0.018267 0.005701 0.014748 0.002090 0.008813 -0.000016 0.001770 0.016713 0.015407 0.011517 0.001370 0.011402 0.002444 0.003403 0.011893 0.003525 0.008872 0.000647 0.002425
0.011978 0.023468 0.005869 0.003228 0.002606 0.004538 0.013724 0.010902 0.010531 0.020052 0.005144 0.002609 0.000320 0.018160 0.008877 0.008789 0.003095 0.021280 0.012351 0.008878 0.009888 0.005512 0.005941 0.003760 0.007554 0.012634 0.009468 0.017527 0.009652 0.013434 0.010939 0.006016 0.006775 0.006777 0.002187 0.000460 0.009341 0.004958 0.005024 0.000629 0.007771 0.009345 0.011242 0.001338 0.001234 0.016386 0.001547 0.010644 0.000485 0.000198 0.006316 0.011201 0.000903 0.001624 0.017074 0.006087 0.003559 0.020311 -0.000025 0.003878 0.002452 0.000558
0.020008 0.014952 0.007186 0.010216 0.006267 0.011449 0.013578 0.010262 0.017545 0.017322 0.013565 0.006175 -0.000020 0.018705 0.033115 0.043971 0.013309 0.026277 0.042058 0.006464 0.032489 0.032434 0.000449 0.014480 0.040973 0.006270 0.007734 0.007290 0.005633 0.056688 0.007495 0.000443 0.011158 0.025408 0.010166 0.005454 0.014362 0.026377 0.017548 0.002007 0.024162 0.012829 0.008880 0.017552 0.005945 0.060351 0.001648 0.007846 0.001247 0.000071 0.023247 0.063375 0.017263 0.003303 0.015002 0.014934 0.004779 0.024313 0.003440 0.018609 0.004386 0.002673
0.013700 0.020840 0.007209 0.003172 0.003750 0.004932 0.008389 0.015603 0.009726 0.010711 0.009412 0.003623 -0.000016 0.016506 0.012080 0.009480 0.005593 0.023160 0.016367 0.011913 0.019540 0.010128 0.002361 0.007376 0.013318 0.009109 0.011401 0.016175 0.014417 0.018267 0.015893 0.002331 0.005990 0.015207 0.006333 0.002357 0.008945 0.014502 0.009445 0.001109 0.008766 0.008952 0.015493 0.011589 0.003819 0.016446 0.001797 0.010870 0.000541 0.003158 0.012018 0.018711 0.006423 0.000575 0.022026 0.004903 0.004041 0.017213 0.001197 0.007151 0.001138 0.003037
0.004788 0.006919 0.001873 0.003804 0.001822 0.002080 0.005740 0.003689 0.014613 0.006184 0.005247 0.001826 0.000446 0.007571 0.015777 0.015574 0.007551 0.007647 0.019651 0.003966 0.005404 0.009223 0.001190 0.004719 0.009347 0.003628 0.002976 0.004913 0.006256 0.014020 0.002024 0.001361 0.002654 0.005844 0.003024 0.000721 0.013510 0.007255 0.009786 0.000934 0.010206 0.005109 0.007656 0.001563 0.004214 0.018108 0.002219 0.009247 0.000736 -0.000031 0.009304 0.018700 0.001252 0.002226 0.003614 0.005372 0.001566 0.007057 -0.000021 0.007009 0.001198 0.000588
0.020144 0.012253 0.004970 0.008464 0.007802 0.006936 0.009364 0.012951 0.018123 0.012636 0.008879 0.007895 0.000290 0.014840 0.027536 0.031486 0.010800 0.020021 0.045317 0.007502 0.021992 0.028325 0.001201 0.015447 0.037702 0.006534 0.007244 0.008854 0.009573 0.051222 0.007736 0.001322 0.006713 0.031287 0.006407 0.005221 0.017700 0.033927 0.010543 0.001415 0.018160 0.007480 0.011346 0.013888 0.002282 0.060501 0.003820 0.007720 0.001014 0.003143 0.019834 0.062853 0.011676 0.003630 0.012154 0.016490 0.004037 0.012496 -0.000061 0.019718 0.002632 0.002572
0.011390 0.022488 0.005860 0.001231 0.002919 0.007924 0.013730 0.012579 0.009204 0.014469 0.006264 0.002850 0.000305 0.017538 0.010738 0.010164 0.002770 0.034117 0.014570 0.010727 0.013048 0.008240 0.003254 0.004920 0.008526 0.012422 0.012425 0.018550 0.009966 0.019969 0.013953 0.003320 0.007597 0.008608 0.002009 0.000961 0.007658 0.007843 0.005108 0.002450 0.009294 0.012806 0.011401 0.001448 0.001463 0.019265 0.001489 0.010483 0.001539 -0.000048 0.007434 0.017039 0.001255 0.002013 0.020295 0.005987 0.003617 0.018305 -0.000029 0.004466 0.002254 0.000737
0.012595 0.002584 0.002734 0.008314 0.008215 0.002481 0.003728 0.005942 0.016740 0.005628 0.005895 0.008213 -0.000013 0.007138 0.023987 0.027688 0.011553 0.003716 0.041961 0.003938 0.013898 0.022397 0.000073 0.015744 0.031219 0.001498 0.001964 0.002809 0.007505 0.036437 0.001546 0.000072 0.002439 0.019436 0.004897 0.003123 0.020734 0.024644 0.008981 0.000733 0.014428 0.002553 0.011347 0.011166 0.004406 0.050673 0.001942 0.006092 0.000546 0.003759 0.020392 0.060439 0.008180 0.001335 0.004706 0.015565 0.002112 0.004139 0.000417 0.018523 0.001850 0.001389
0.023477 0.015165 0.008353 0.012531 0.009139 0.008471 0.011027 0.010582 0.026954 0.013822 0.015223 0.009069 -0.000023 0.015257 0.041679 0.053355 0.016445 0.023333 0.055250 0.008377 0.033382 0.037612 0.001204 0.019678 0.046735 0.007991 0.007438 0.011645 0.010316 0.066168 0.011064 0.001195 0.007581 0.027289 0.010498 0.005427 0.022188 0.029550 0.019408 0.002447 0.027935 0.011457 0.014825 0.019203 0.007658 0.070697 0.001926 0.013120 0.001587 0.000684 0.030346 0.077589 0.017844 0.003018 0.017163 0.018450 0.002934 0.014259 0.003679 0.022251 0.003669 0.002945
0.012010 0.025074 0.005364 0.000804 0.002384 0.010316 0.017394 0.014815 0.007608 0.019043 0.004647 0.002387 0.000291 0.023020 0.009557 0.010989 0.002807 0.038817 0.013423 0.011316 0.012015 0.007817 0.003058 0.003373 0.010170 0.012912 0.014536 0.018391 0.008756 0.019652 0.011408 0.003162 0.009922 0.007509 0.001970 0.000403 0.008049 0.005839 0.004565 0.001987 0.009458 0.015046 0.010170 0.001169 0.001101 0.019887 0.001409 0.009694 0.001469 0.000167 0.005773 0.017897 0.000773 0.001486 0.020658 0.006122 0.005546 0.028822 -0.000030 0.005097 0.002936 0.000493
0.014165 0.024289 0.006176 0.001436 0.003238 0.011624 0.017868 0.014605 0.010582 0.016981 0.008835 0.003274 0.000301 0.021596 0.014577 0.014063 0.004229 0.038304 0.018981 0.012871 0.014227 0.012415 0.003124 0.006204 0.012664 0.015339 0.014195 0.022178 0.013103 0.024987 0.014249 0.003232 0.009501 0.010518 0.003512 0.001815 0.009824 0.009895 0.006659 0.002812 0.010517 0.017125 0.013326 0.005840 0.003198 0.022695 0.002015 0.010742 0.002093 0.000999 0.009579 0.023665 0.004051 0.001476 0.023318 0.006565 0.003873 0.019978 0.000488 0.007586 0.003496 0.002283
0.014841 0.027440 0.005781 0.001976 0.003814 0.013977 0.020080 0.017485 0.010949 0.020673 0.009210 0.003736 0.000263 0.024530 0.013168 0.015209 0.003318 0.043301 0.021262 0.013121 0.017633 0.014283 0.002680 0.007296 0.017797 0.014855 0.017139 0.019895 0.012884 0.025131 0.013671 0.002755 0.013102 0.010701 0.003108 0.002070 0.010510 0.011832 0.007101 0.002157 0.011917 0.018420 0.013234 0.004896 0.002790 0.027308 0.001766 0.009669 0.001355 0.000889 0.010349 0.027070 0.003415 0.001738 0.024550 0.008982 0.005947 0.031309 -0.000043 0.011289 0.003901 0.002322
0.012122 0.021176 0.006233 0.003144 0.004068 0.004454 0.009116 0.011682 0.014881 0.009710 0.010347 0.003949 -0.000010 0.013905 0.015504 0.013439 0.004731 0.021679 0.018288 0.008747 0.019977 0.012501 0.002787 0.008837 0.014351 0.008654 0.009675 0.013918 0.010663 0.024278 0.015218 0.002755 0.005863 0.012300 0.003533 0.002672 0.007961 0.011686 0.009304 0.000941 0.010069 0.008944 0.014892 0.005878 0.002552 0.021204 0.002715 0.012725 0.000467 0.000826 0.011257 0.022793 0.003928 0.002639 0.016837 0.006386 0.003131 0.016434 0.000604 0.006499 0.000775 0.001496
0.016541 0.011964 0.004359 0.008585 0.006080 0.007628 0.009320 0.011031 0.022402 0.011386 0.015533 0.005982 -0.000016 0.014891 0.028155 0.034253 0.008148 0.016051 0.042467 0.006402 0.025236 0.030956 0.000408 0.016847 0.037903 0.005272 0.006190 0.007350 0.010321 0.045138 0.008361 0.000402 0.008941 0.023008 0.007668 0.008148 0.018760 0.030547 0.013309 0.001571 0.016293 0.010140 0.010865 0.018306 0.004801 0.051864 0.003534 0.006108 0.000939 0.002575 0.020676 0.057683 0.015670 0.003683 0.014096 0.013065 0.003951 0.014464 0.001046 0.021266 0.003545 0.005168
0.017792 0.021832 0.008687 0.005654 0.004156 0.004677 0.009633 0.019047 0.012759 0.013477 0.009595 0.004250 0.000297 0.019427 0.025031 0.015944 0.012212 0.020565 0.022166 0.015789 0.025517 0.012330 0.002558 0.007715 0.019842 0.009301 0.011080 0.016265 0.018406 0.031729 0.014591 0.002671 0.004800 0.027696 0.013453 0.001761 0.011025 0.023840 0.020571 0.000717 0.018201 0.008194 0.021916 0.018164 0.006392 0.024336 0.003828 0.016363 0.000517 0.005169 0.018654 0.028912 0.009936 0.000825 0.020901 0.006149 0.004783 0.018014 0.002530 0.011118 0.001041 0.002752
0.009752 0.019998 0.005380 0.000465 0.002587 0.007419 0.013038 0.011105 0.006407 0.011962 0.004601 0.002616 -0.000006 0.014757 0.007712 0.008193 0.001980 0.031239 0.012181 0.008686 0.010496 0.005909 0.003100 0.003650 0.006718 0.011678 0.011061 0.017050 0.007819 0.018804 0.011877 0.003100 0.006493 0.006136 0.000800 0.000482 0.004779 0.004214 0.002704 0.002218 0.006988 0.011668 0.010209 0.000382 0.000568 0.016372 0.000688 0.009996 0.001635 -0.000040 0.004961 0.014828 0.000375 0.000698 0.016948 0.004935 0.002882 0.014511 -0.000024 0.002894 0.001650 0.000078
0.014379 0.025709 0.002169 0.005815 0.002389 0.020231 0.030199 0.012287 0.014221 0.039582 0.010711 0.002284 0.000274 0.039817 0.015503 0.024955 0.002644 0.039935 0.027674 0.010814 0.012392 0.017701 0.002958 0.007066 0.025178 0.011287 0.010439 0.014506 0.006471 0.025948 0.006659 0.003030 0.023058 0.008503 0.003306 0.003542 0.014918 0.013147 0.006706 0.003045 0.019040 0.023125 0.007130 0.007707 0.003485 0.038024 0.001857 0.005459 0.001988 0.000927 0.010479 0.032336 0.005941 0.001882 0.027554 0.013006 0.010129 0.048104 0.000455 0.016767 0.009626 0.002506
0.006366 0.001941 0.003091 0.005051 -0.000038 -0.000058 0.000745 0.001537 0.004926 0.002069 0.003026 -0.000035 0.004811 0.002622 0.021420 0.003569 0.018258 0.001926 0.001422 0.002207 0.014026 0.006159 0.000404 -0.000081 0.005754 0.001194 0.001181 0.001988 0.002155 0.000802 0.000750 0.000573 0.000337 0.022514 0.013733 -0.000023 0.002634 0.019675 0.018785 -0.000010 0.015088 0.000726 0.006306 0.024082 0.008202 0.004473 0.001110 0.003344 -0.000007 0.005693 0.013210 0.003895 0.011637 0.001112 0.001439 0.000320 0.000512 0.002028 0.004080 0.003606 0.000383 0.003235
0.013963 0.003183 0.003888 0.007834 0.003508 0.003068 0.004280 0.008305 0.006367 0.005120 0.001785 0.003507 0.001714 0.006925 0.024194 0.010963 0.017970 0.004342 0.015885 0.004823 0.013210 0.010652 0.000106 0.006728 0.019542 0.001698 0.002407 0.003507 0.005981 0.018158 0.002207 0.000105 0.001576 0.031815 0.015784 0.001202 0.007861 0.031411 0.019245 0.000800 0.015126 0.002681 0.006212 0.026425 0.011672 0.014781 0.006979 0.003418 0.000563 0.011948 0.017643 0.022206 0.017361 0.002268 0.006258 0.005481 0.002807 0.005246 0.004457 0.010147 0.000793 0.004246
0.020743 0.014331 0.005636 0.010651 0.006447 0.011592 0.013692 0.014062 0.023482 0.017991 0.015589 0.006446 -0.000024 0.021260 0.038442 0.042274 0.012973 0.023871 0.050580 0.009946 0.031692 0.033240 0.000485 0.017151 0.045760 0.006586 0.007082 0.009613 0.012311 0.062075 0.007974 0.000483 0.010751 0.033042 0.012856 0.007636 0.018585 0.038160 0.020966 0.002520 0.026407 0.013083 0.015912 0.023272 0.006904 0.063069 0.004395 0.010325 0.001861 0.004634 0.025127 0.069268 0.018357 0.003200 0.018431 0.015247 0.006447 0.019491 0.002147 0.025645 0.004061 0.004818
0.003059 0.005974 0.001190 0.001422 0.001558 0.002844 0.002117 0.002357 0.004287 0.004750 0.004688 0.001083 -0.000003 0.004731 0.002780 0.004735 -0.000043 0.009307 0.005938 0.002379 0.007802 0.005727 -0.000011 0.004701 0.005393 0.001516 0.002851 0.002358 0.002378 0.004701 0.005786 -0.000015 0.003584 0.002816 -0.000053 0.001566 0.003584 0.006228 0.001503 0.001212 0.004279 0.003234 0.002841 0.001385 0.001555 0.007105 -0.000017 0.001055 -0.000007 -0.000014 0.004286 0.005328 0.001525 0.001450 0.009385 0.003097 0.001540 0.009313 -0.000010 0.003575 0.001082 0.001090
0.005806 0.002005 0.000525 0.002358 0.001439 -0.000059 0.000747 0.003774 0.008073 0.002116 0.002471 0.001443 0.000419 0.002702 0.009256 0.010127 0.003292 0.001969 0.010439 0.002278 0.002708 0.008248 0.000404 0.004081 0.007659 0.001217 0.001192 0.002040 0.002227 0.009825 0.000772 0.000573 0.000343 0.008714 0.003785 0.001455 0.008642 0.007491 0.002682 -0.000010 0.004437 0.000732 0.001040 0.004741 0.000522 0.013925 0.001086 0.000729 -0.000006 -0.000019 0.005592 0.013073 0.004677 0.001073 0.001504 0.003356 0.000533 0.002091 -0.000013 0.003760 0.000384 0.002440
0.019757 0.005523 0.011951 0.013376 0.002913 0.001691 0.002037 0.007476 0.007647 0.006045 0.009771 0.002912 0.003209 0.009591 0.046802 0.023739 0.032745 0.004916 0.012194 0.004921 0.039964 0.018024 -0.000029 0.005582 0.024119 0.000653 0.001393 0.003206 0.005460 0.029776 0.005383 -0.000030 0.002414 0.045871 0.030245 0.001224 0.005067 0.035002 0.044678 0.000762 0.028879 0.002935 0.011565 0.043542 0.018260 0.021441 0.005468 0.009972 0.000550 0.008186 0.031269 0.025795 0.031341 0.002023 0.009444 0.003426 0.002717 0.008815 0.012157 0.006584 0.000745 0.003948
0.006346 0.017189 0.001554 0.001266 0.001010 0.010865 0.013880 0.010031 0.004214 0.019316 0.003951 0.000690 -0.000005 0.022527 0.002744 0.010452 0.000245 0.027502 0.008297 0.006350 0.009926 0.008423 0.000223 0.003474 0.012251 0.004654 0.010111 0.005912 0.002010 0.008426 0.004657 0.000209 0.012111 0.001807 0.000595 0.001325 0.007844 0.004708 0.002298 0.001116 0.007721 0.012019 0.002895 0.001195 0.001556 0.013992 0.000299 0.002028 0.000263 -0.000037 0.003549 0.012366 0.001242 0.001342 0.016248 0.005130 0.006751 0.038827 -0.000020 0.006780 0.003831 0.000995
0.017038 0.004249 0.005940 0.009996 0.004865 0.001336 0.002714 0.011016 0.012459 0.005034 0.005420 0.005080 0.000409 0.007893 0.027381 0.027829 0.012725 0.004857 0.024964 0.004591 0.015790 0.019535 0.000398 0.010538 0.023096 0.002212 0.001918 0.005240 0.006235 0.027961 0.002270 0.000570 0.001037 0.031800 0.011708 0.003720 0.020056 0.032291 0.011579 0.000990 0.011282 0.002958 0.003857 0.016622 0.005974 0.034553 0.007321 0.001662 0.000715 0.003441 0.016078 0.038336 0.019439 0.005766 0.006632 0.008558 0.001581 0.004971 0.003411 0.008962 0.001463 0.003612
0.017484 0.032139 0.007091 0.008313 0.001902 0.015139 0.026437 0.018534 0.014891 0.038549 0.011801 0.001780 0.000312 0.041685 0.021522 0.019592 0.008294 0.033044 0.017550 0.014304 0.023430 0.011307 0.003911 0.004529 0.019759 0.009388 0.010894 0.014493 0.011715 0.020837 0.010953 0.003961 0.018373 0.019134 0.009641 0.001764 0.014255 0.015465 0.015291 0.001123 0.021263 0.019600 0.016012 0.013026 0.005062 0.027354 0.002119 0.013752 0.000544 0.002003 0.013348 0.017701 0.008018 0.001473 0.031372 0.008801 0.010526 0.053875 0.002577 0.012084 0.006221 0.002631
0.013370 0.010204 0.007609 0.003385 0.004695 0.002122 0.004531 0.006848 0.002037 0.002938 0.006624 0.004833 -0.000010 0.006605 0.007154 0.006646 0.008767 0.009823 0.009214 0.003152 0.012947 0.008283 0.001712 0.005712 0.009193 0.004942 0.004935 0.006792 0.004911 0.016642 0.010732 0.001712 0.002177 0.013668 0.003436 -0.000034 0.002009 0.005569 0.004784 -0.000014 0.003254 0.003148 0.007041 0.006744 0.003390 0.016607 -0.000038 0.010067 -0.000009 -0.000040 0.014059 0.013515 0.006798 -0.000026 0.006261 0.005709 -0.000049 0.006246 0.002451 -0.000152 -0.000030 -0.000033
0.008053 0.006367 0.003173 0.004649 0.002774 0.001168 0.003584 0.004795 0.009917 0.003920 0.003277 0.002856 0.000347 0.004809 0.020270 0.013730 0.007830 0.004464 0.012554 0.002485 0.011247 0.009463 0.000773 0.005999 0.012368 0.002289 0.001823 0.002961 0.002363 0.017244 0.002940 0.000915 0.001559 0.019103 0.006701 0.001565 0.007164 0.016771 0.013467 0.000569 0.008144 0.002995 0.003059 0.006047 0.004152 0.015918 0.007714 0.004051 0.000406 0.001546 0.009781 0.019454 0.008851 0.005573 0.002057 0.004996 0.001042 0.004241 0.002279 0.004323 0.000744 0.000310
0.015559 0.010551 0.011660 0.011228 0.001929 0.003952 0.006500 0.011626 0.010067 0.009659 0.009995 0.001929 0.001490 0.013771 0.040602 0.023870 0.022917 0.010474 0.016068 0.007393 0.038554 0.015614 0.000489 0.005337 0.023603 0.003093 0.004307 0.005836 0.008826 0.029601 0.004765 0.000488 0.004924 0.038646 0.027064 0.002428 0.008660 0.032636 0.040448 0.001447 0.026311 0.006996 0.014140 0.030770 0.012731 0.022363 0.006761 0.010988 0.001095 0.004548 0.023274 0.027409 0.024342 0.002744 0.012699 0.003132 0.004112 0.013090 0.008416 0.009208 0.001304 0.002654
0.019104 0.009800 0.003692 0.010944 0.008449 0.007126 0.009023 0.010164 0.028904 0.010643 0.014554 0.008374 -0.000018 0.013454 0.033929 0.041619 0.012025 0.013246 0.053392 0.006392 0.022974 0.033332 0.000409 0.020528 0.043259 0.004321 0.005110 0.006137 0.010988 0.050898 0.007136 0.000404 0.007334 0.025080 0.008011 0.006431 0.023949 0.032797 0.014641 0.001286 0.021501 0.008417 0.014284 0.017661 0.006604 0.062022 0.003713 0.009112 0.000753 0.003903 0.026765 0.070679 0.013640 0.003140 0.011935 0.017573 0.004211 0.013296 0.000839 0.026358 0.002811 0.004442
0.013058 0.006370 0.002789 0.007242 0.002074 0.004508 0.005682 0.009349 0.010857 0.008365 0.005521 0.002107 0.001967 0.012730 0.023732 0.008188 0.017324 0.008338 0.017417 0.007425 0.016038 0.011817 0.000113 0.006165 0.020679 0.001884 0.003946 0.005191 0.009383 0.018181 0.005284 0.000113 0.004080 0.027666 0.015205 0.002229 0.007589 0.028376 0.021225 0.000887 0.017898 0.004809 0.010592 0.031142 0.011623 0.015005 0.003952 0.005528 0.000647 0.012955 0.018805 0.021406 0.014485 0.000057 0.011533 0.004198 0.005636 0.011796 0.003527 0.013416 0.000911 0.005862
0.017969 0.026840 0.007920 0.002056 0.005184 0.008498 0.013887 0.017014 0.014883 0.014465 0.015381 0.005165 0.000399 0.019386 0.015540 0.013427 0.004767 0.032487 0.019481 0.013953 0.022529 0.015679 0.003457 0.010046 0.015604 0.014008 0.014998 0.020473 0.018774 0.022978 0.020005 0.003507 0.009751 0.012662 0.005298 0.002579 0.010631 0.012095 0.007644 0.000417 0.009869 0.014274 0.021191 0.008063 0.004594 0.021412 0.001918 0.014299 -0.000029 0.001096 0.015411 0.024142 0.005226 0.001849 0.025164 0.007534 0.003823 0.022388 0.000819 0.009739 0.001916 0.003913
0.010778 0.023094 0.003449 0.003038 0.000551 0.017298 0.020520 0.014011 0.010464 0.028832 0.008275 0.000350 -0.000015 0.035120 0.013934 0.015973 0.004446 0.043230 0.017494 0.010819 0.017756 0.013295 0.000611 0.004615 0.019018 0.008398 0.012669 0.014230 0.006591 0.022742 0.009673 0.000598 0.016855 0.010796 0.006693 0.003045 0.010061 0.013370 0.011405 0.004370 0.015253 0.020833 0.006838 0.010915 0.004747 0.022538 0.002428 0.005889 0.003099 0.002284 0.008931 0.021798 0.006878 0.001501 0.029175 0.005713 0.011224 0.045456 0.001534 0.011043 0.005436 0.002776
0.015402 0.007981 0.005527 0.007392 0.003451 0.004280 0.006470 0.012527 0.009565 0.009942 0.005720 0.003503 0.000328 0.014429 0.023613 0.013699 0.013920 0.010039 0.020436 0.009082 0.017770 0.011596 0.000451 0.008034 0.021647 0.003098 0.004832 0.006791 0.010772 0.022941 0.005334 0.000593 0.004365 0.030440 0.016793 0.002210 0.012314 0.029879 0.021971 0.000967 0.014693 0.005768 0.010447 0.019872 0.009436 0.018739 0.009390 0.006230 0.000744 0.008228 0.017973 0.026403 0.015547 0.003409 0.012107 0.006000 0.005627 0.013195 0.003723 0.010728 0.001329 0.003229
0.013910 0.007147 0.005938 0.009509 0.007664 0.002554 0.004243 0.007928 0.013935 0.003655 0.008234 0.007732 0.001255 0.005400 0.029739 0.020994 0.018168 0.006083 0.032243 0.003873 0.025185 0.018946 0.000875 0.012580 0.026725 0.003043 0.003791 0.003918 0.008729 0.031705 0.005303 0.000874 0.001828 0.029725 0.008728 0.002218 0.015298 0.027003 0.015827 -0.000027 0.017273 0.002289 0.018875 0.013078 0.004714 0.045462 0.002675 0.011478 -0.000018 0.002983 0.021289 0.048914 0.009158 0.002589 0.004954 0.012945 0.001508 0.005549 0.001203 0.012311 -0.000063 0.000751
0.024699 0.011857 0.007354 0.011165 0.013462 0.004981 0.007186 0.012171 0.023235 0.007194 0.013116 0.013501 -0.000018 0.008491 0.034541 0.040187 0.016522 0.013832 0.052444 0.006634 0.027293 0.033946 0.001464 0.023364 0.043244 0.006645 0.007104 0.008633 0.011283 0.054450 0.010867 0.001455 0.004707 0.032144 0.007745 0.004371 0.023176 0.032104 0.012240 0.000199 0.018812 0.005905 0.017575 0.015010 0.007040 0.066202 0.004674 0.011619 -0.000030 0.003196 0.031294 0.079611 0.015559 0.003670 0.010641 0.022024 0.001460 0.008816 0.002256 0.020243 0.001623 0.002702
0.013123 0.010791 0.006626 0.008941 0.002195 0.004515 0.007338 0.008369 0.014899 0.010622 0.008534 0.002171 -0.000026 0.014636 0.033211 0.024548 0.015890 0.008973 0.023315 0.007674 0.028334 0.016454 0.000585 0.007615 0.025760 0.002264 0.002752 0.005403 0.007915 0.040309 0.006035 0.000584 0.004059 0.027429 0.016628 0.002968 0.008092 0.024391 0.028842 0.001397 0.023700 0.006170 0.013154 0.021209 0.008116 0.029216 0.004610 0.011184 0.001054 0.004255 0.017630 0.033784 0.014537 0.002243 0.011245 0.005111 0.004653 0.014119 0.004231 0.011440 0.001219 0.001964
0.007773 0.004121 0.002250 0.005062 0.000848 0.002434 0.003354 0.005574 0.006155 0.004446 0.002451 0.000865 0.002139 0.006624 0.017332 0.005286 0.012825 0.005491 0.008464 0.003950 0.009536 0.007617 0.000143 0.002576 0.010846 0.002152 0.003053 0.004417 0.005499 0.006602 0.002806 0.000142 0.002058 0.018309 0.009321 0.001500 0.005259 0.019332 0.014140 0.000998 0.010947 0.003478 0.003733 0.025878 0.008663 0.008377 0.001550 0.002320 0.000707 0.009656 0.012134 0.011203 0.011058 0.000102 0.007861 0.001723 0.002049 0.004623 0.002969 0.008678 0.001018 0.005549
0.007525 0.021226 0.001843 0.004094 -0.000079 0.014534 0.025422 0.012403 0.009711 0.025281 0.005487 -0.000074 0.000445 0.030988 0.010563 0.013820 0.002201 0.028229 0.010446 0.009656 0.005645 0.006347 0.001190 0.000764 0.011431 0.005750 0.008501 0.007061 0.003389 0.007885 0.001977 0.001364 0.016191 0.003099 0.002977 0.000680 0.011089 0.004429 0.006894 0.000930 0.013320 0.017800 0.005333 0.001489 0.001487 0.017099 0.002159 0.006894 0.000735 -0.000049 0.003511 0.010327 0.001212 0.002172 0.014778 0.006329 0.007564 0.044039 -0.000026 0.008164 0.005583 0.000574
0.020710 0.011533 0.004188 0.009643 0.009328 0.006000 0.008744 0.012377 0.022603 0.010502 0.009614 0.009385 0.000193 0.011596 0.030706 0.039297 0.011643 0.015140 0.047149 0.007310 0.020219 0.029052 0.001029 0.018413 0.038834 0.005964 0.007621 0.007569 0.010079 0.046729 0.005892 0.001114 0.005945 0.025649 0.007279 0.004049 0.022498 0.029959 0.011442 -0.000046 0.018595 0.006932 0.013059 0.012320 0.005606 0.055416 0.005308 0.007776 -0.000031 0.003255 0.023717 0.067670 0.012806 0.003921 0.009400 0.018455 0.003151 0.015007 0.001266 0.021434 0.002480 0.002669
0.014889 0.020457 0.000851 0.005904 0.003177 0.024278 0.030112 0.015549 0.008725 0.028719 0.007924 0.003177 -0.000014 0.032963 0.014380 0.019421 0.005146 0.039818 0.027142 0.012130 0.012502 0.014877 -0.000065 0.007157 0.027939 0.008612 0.011633 0.009156 0.007887 0.028606 0.004133 -0.000065 0.020046 0.014070 0.004774 0.001800 0.009859 0.016778 0.007664 0.001907 0.020750 0.022184 0.011125 0.009236 0.004250 0.036194 0.002053 0.005263 0.001374 0.004283 0.009830 0.033207 0.004696 -0.000076 0.021596 0.013319 0.011292 0.044474 -0.000054 0.018527 0.006310 0.002414
0.005742 0.012646 0.002504 0.001884 -0.000081 0.011618 0.013961 0.006680 0.006032 0.017401 0.003244 -0.000079 -0.000009 0.020623 0.011153 0.011223 0.003256 0.029178 0.012961 0.006683 0.007078 0.007246 0.000777 0.001740 0.009495 0.007442 0.006383 0.012316 0.003439 0.018874 0.005270 0.000777 0.008832 0.007334 0.003743 0.001736 0.006240 0.008820 0.007716 0.004584 0.010552 0.014444 0.002497 0.006624 0.002747 0.016722 0.001892 0.004409 0.003726 0.001710 0.004207 0.015242 0.004280 0.001044 0.018006 0.003356 0.005652 0.018386 0.000807 0.005720 0.003752 0.001308
0.018006 0.008713 0.011169 0.012774 0.001931 0.002553 0.004208 0.009096 0.010930 0.008892 0.011013 0.001975 0.003377 0.012809 0.043997 0.022055 0.030076 0.008797 0.015725 0.008133 0.039199 0.018410 0.000397 0.004719 0.024428 0.002681 0.004230 0.005846 0.009620 0.028542 0.006804 0.000525 0.003806 0.040468 0.028021 0.001890 0.007460 0.032896 0.043203 0.000851 0.029696 0.005107 0.014132 0.042710 0.015657 0.025141 0.002834 0.011823 0.000644 0.007597 0.030056 0.027629 0.025838 0.001026 0.012465 0.003495 0.003747 0.011730 0.009960 0.010427 0.001173 0.005114
0.015171 0.014304 0.002673 0.012591 0.005795 0.007083 0.014942 0.007025 0.028469 0.019642 0.009990 0.005700 0.000252 0.017299 0.028361 0.037856 0.008370 0.011943 0.041071 0.004661 0.013878 0.022916 0.002723 0.013842 0.029462 0.004402 0.002606 0.005552 0.005465 0.033129 0.004448 0.002795 0.009058 0.015577 0.003029 0.003540 0.024695 0.020612 0.008422 0.000816 0.019870 0.009112 0.009789 0.006206 0.002927 0.052895 0.002467 0.008905 0.000392 0.000124 0.016973 0.046830 0.007076 0.004233 0.011393 0.016675 0.004556 0.023047 -0.000044 0.019965 0.003531 0.002138
0.015721 0.026331 0.002703 0.006660 0.002792 0.019924 0.029225 0.014188 0.016699 0.038218 0.012845 0.002720 0.000263 0.039267 0.016866 0.023789 0.003414 0.040380 0.030150 0.011348 0.017883 0.019193 0.002838 0.008174 0.029269 0.010741 0.011894 0.013217 0.008775 0.027293 0.007886 0.002911 0.023479 0.011643 0.005797 0.004119 0.014564 0.016943 0.010325 0.002235 0.020156 0.022697 0.010214 0.010237 0.004123 0.039552 0.002451 0.006478 0.001408 0.001526 0.013328 0.034311 0.007046 0.001809 0.027937 0.013513 0.011424 0.049053 0.000562 0.019985 0.008981 0.003300
0.007653 0.005613 0.003624 0.005198 0.002147 0.001911 0.003170 0.004979 0.008170 0.005428 0.005362 0.002011 0.000401 0.006041 0.011540 0.013435 0.003551 0.007773 0.013179 0.004044 0.010541 0.010030 0.000719 0.005185 0.010779 0.002459 0.003252 0.004312 0.005646 0.012616 0.004435 0.000865 0.002594 0.009610 0.002178 0.002149 0.010851 0.015342 0.004383 0.000609 0.006452 0.003621 0.005427 0.003950 0.001784 0.021139 0.001293 0.002447 0.000145 0.000270 0.007084 0.019869 0.005151 0.004091 0.007076 0.005042 0.001673 0.007903 -0.000021 0.007430 0.001014 0.001396
