0.142908 0.142617 0.118842 0.148700 0.131839 0.159017 0.213927 0.172313 0.185327 0.162822 0.168355 0.125122 0.129910 0.186505 0.268512 0.214058 0.221027 0.214003 0.191840 0.116027 0.222144 0.198137 0.108608 0.152528 0.213757 0.144137 0.153822 0.137331 0.128431 0.264136 0.134948 0.093255 0.136208 0.212925 0.145310 0.098435 0.197807 0.222086 0.202325 0.124326 0.242252 0.145656 0.201725 0.153469 0.190513 0.268942 0.126939 0.167711 0.109168 0.108088 0.221322 0.272344 0.157823 0.122902 0.183699 0.092867 0.132566 0.183980 0.110240 0.189126 0.123823 0.170794
0.186470 0.231761 0.133988 0.132933 0.093472 0.173466 0.194742 0.173807 0.150644 0.223231 0.174505 0.094985 0.089349 0.224655 0.236512 0.205131 0.146010 0.283990 0.195073 0.198106 0.216644 0.184985 0.082478 0.126009 0.176453 0.145007 0.205516 0.202195 0.186374 0.193651 0.205880 0.091134 0.151778 0.190672 0.145484 0.111948 0.202308 0.208335 0.201837 0.108111 0.183288 0.170628 0.200625 0.171264 0.126048 0.208054 0.103794 0.154145 0.090505 0.115237 0.191617 0.260524 0.132411 0.074492 0.261397 0.068572 0.119893 0.221277 0.075234 0.150664 0.128730 0.137804
0.109683 0.092327 0.074831 0.085387 0.036265 0.126537 0.125786 0.100493 0.097960 0.088849 0.099618 0.047186 0.041131 0.099266 0.124586 0.106061 0.082484 0.181473 0.109408 0.082322 0.163217 0.137564 0.064772 0.081437 0.133369 0.104471 0.099839 0.081002 0.077322 0.159229 0.121419 0.029233 0.064388 0.064133 0.060147 0.050412 0.104538 0.110135 0.106605 0.048454 0.127140 0.111079 0.120009 0.078248 0.098675 0.144153 0.032134 0.088621 0.034909 0.025000 0.101109 0.158710 0.066509 0.028895 0.146883 0.055676 0.069452 0.149828 0.043361 0.089053 0.043538 0.076100
0.088455 0.086197 0.070250 0.053050 0.043220 0.058196 0.080860 0.071856 0.133856 0.089208 0.081180 0.047960 0.049845 0.086406 0.200454 0.126284 0.117327 0.105890 0.124893 0.079766 0.155608 0.124376 0.041116 0.084539 0.125048 0.055903 0.076211 0.096310 0.108170 0.180347 0.087743 0.025910 0.069615 0.154227 0.111612 0.020934 0.102425 0.143458 0.143297 0.030177 0.138266 0.093946 0.112021 0.144382 0.102930 0.163513 0.086414 0.084490 0.028245 0.065574 0.113295 0.177904 0.084957 0.059858 0.117981 0.067771 0.032906 0.096781 0.032451 0.148146 0.025411 0.092189
0.236819 0.181269 0.150363 0.206508 0.247061 0.172858 0.193610 0.192693 0.255414 0.188740 0.205192 0.220408 0.172628 0.185772 0.286322 0.306055 0.227942 0.219000 0.339618 0.164907 0.248788 0.288118 0.153685 0.237784 0.323273 0.201502 0.156383 0.176956 0.194504 0.414213 0.215859 0.157370 0.161110 0.283857 0.213041 0.174661 0.242231 0.291406 0.234049 0.182441 0.266169 0.178034 0.257083 0.211927 0.186892 0.421557 0.171932 0.179886 0.147100 0.144507 0.318814 0.486968 0.203483 0.140170 0.201953 0.169943 0.148889 0.187794 0.156933 0.257770 0.178645 0.166155
0.066444 0.125342 0.061268 0.057902 0.018409 0.095712 0.120162 0.103833 0.094965 0.133771 0.071116 0.051010 0.014260 0.163980 0.140786 0.123468 0.045552 0.169940 0.120499 0.083768 0.110495 0.085571 0.023736 0.051035 0.124613 0.044588 0.054902 0.092667 0.050199 0.130886 0.073464 0.030028 0.098171 0.106629 0.087188 0.024547 0.079444 0.131528 0.103576 0.051419 0.107990 0.105722 0.083934 0.089980 0.036221 0.137392 0.031678 0.079098 0.038439 0.056537 0.070081 0.157094 0.071800 0.009071 0.130606 0.042266 0.065039 0.198951 0.039253 0.105033 0.045448 0.063946
0.171020 0.152138 0.105181 0.113741 0.056341 0.139841 0.142810 0.111903 0.127378 0.204439 0.121450 0.074586 0.080216 0.193561 0.201578 0.131497 0.121885 0.237113 0.127225 0.129674 0.176912 0.134023 0.065678 0.084640 0.117128 0.119204 0.185690 0.150274 0.139398 0.149255 0.155059 0.080775 0.102466 0.128455 0.082845 0.093521 0.153360 0.161534 0.140879 0.060811 0.132570 0.106347 0.138864 0.083137 0.082825 0.153414 0.070070 0.107326 0.061931 0.088873 0.113101 0.157193 0.122428 0.074979 0.230507 0.037758 0.129460 0.230571 0.027881 0.096047 0.077422 0.115571
0.189592 0.205815 0.155629 0.152310 0.101005 0.190015 0.234451 0.217853 0.166301 0.208667 0.187796 0.134697 0.132217 0.228508 0.270278 0.227686 0.150981 0.314612 0.212882 0.213954 0.241757 0.241184 0.116209 0.116406 0.176546 0.165291 0.206308 0.215900 0.187586 0.232703 0.216334 0.109855 0.172455 0.197736 0.166008 0.118599 0.203124 0.227831 0.219740 0.145402 0.203183 0.183582 0.226870 0.139713 0.127116 0.230038 0.113398 0.159978 0.101425 0.137429 0.184155 0.260186 0.158303 0.099077 0.283890 0.073808 0.152520 0.255703 0.102205 0.176158 0.127935 0.188809
0.103054 0.084848 0.124111 0.132627 0.056588 0.104240 0.078311 0.154409 0.075855 0.059668 0.079591 0.114282 0.066726 0.080566 0.187668 0.155313 0.104821 0.142834 0.116955 0.116312 0.183493 0.136951 0.048530 0.096792 0.134204 0.098993 0.112273 0.084222 0.091365 0.169775 0.122646 0.058334 0.081533 0.150353 0.091680 0.067038 0.121597 0.206148 0.121299 0.075858 0.114851 0.077340 0.106576 0.121405 0.076350 0.180750 0.056520 0.114872 0.044646 0.061624 0.125923 0.198901 0.107471 0.038241 0.136920 0.054824 0.067068 0.138022 0.070390 0.147247 0.053055 0.128172
0.110825 0.152328 0.072012 0.086568 0.058142 0.149878 0.183036 0.140781 0.125384 0.151510 0.119702 0.066725 0.053234 0.186065 0.165912 0.149209 0.075334 0.234738 0.162550 0.118595 0.166481 0.156603 0.065515 0.076543 0.145518 0.102361 0.092880 0.118924 0.089363 0.205920 0.139163 0.049028 0.109564 0.109225 0.094469 0.050842 0.094519 0.143343 0.124001 0.095601 0.121554 0.158435 0.146101 0.071513 0.078166 0.176688 0.031204 0.109901 0.064510 0.052508 0.108188 0.184987 0.099135 0.034844 0.177862 0.055996 0.096414 0.232973 0.067888 0.112253 0.066942 0.084265
0.174073 0.102652 0.153153 0.128671 0.122642 0.121184 0.156207 0.141106 0.118534 0.100998 0.147865 0.100817 0.125169 0.121986 0.156747 0.168851 0.125802 0.172363 0.161620 0.130590 0.182195 0.169383 0.121540 0.121795 0.161928 0.131424 0.138674 0.144652 0.134254 0.218441 0.146355 0.117902 0.091853 0.137213 0.108560 0.081047 0.115114 0.140621 0.137872 0.093007 0.169582 0.156701 0.201034 0.099583 0.104094 0.177806 0.080019 0.158951 0.049287 0.096694 0.129084 0.207523 0.097333 0.099688 0.140742 0.119727 0.082427 0.161511 0.079829 0.146278 0.076301 0.150161
0.232827 0.185226 0.162653 0.200032 0.230657 0.150403 0.169500 0.193801 0.253525 0.189571 0.199585 0.225069 0.166962 0.189314 0.288519 0.309814 0.214283 0.220554 0.332156 0.169896 0.254340 0.279202 0.142121 0.233499 0.315496 0.192081 0.158169 0.186234 0.194600 0.401205 0.214021 0.160965 0.166640 0.292793 0.208351 0.171860 0.237769 0.302772 0.232664 0.172482 0.263275 0.173090 0.243448 0.215634 0.168049 0.417708 0.171048 0.184248 0.131940 0.146178 0.312043 0.475441 0.199856 0.141549 0.210812 0.167108 0.140046 0.205053 0.142219 0.267157 0.164697 0.170908
0.176832 0.185779 0.121266 0.115319 0.067653 0.172274 0.201759 0.140110 0.127056 0.175389 0.149863 0.084950 0.123577 0.186792 0.275664 0.169831 0.207238 0.221810 0.140101 0.176394 0.206234 0.162801 0.081850 0.093491 0.140301 0.127714 0.163263 0.149382 0.181129 0.169768 0.166114 0.069830 0.126664 0.227306 0.156365 0.060177 0.203477 0.217538 0.203480 0.065124 0.180096 0.128041 0.207113 0.153560 0.157378 0.180043 0.108929 0.125803 0.088979 0.111977 0.195916 0.179850 0.142275 0.085312 0.224449 0.052792 0.111658 0.178332 0.103309 0.129669 0.110503 0.143486
0.105325 0.173816 0.089133 0.084226 0.051845 0.155282 0.193793 0.122587 0.140627 0.167080 0.133240 0.094549 0.063458 0.198710 0.170045 0.191078 0.080839 0.261115 0.154382 0.136831 0.148371 0.132397 0.079255 0.101870 0.157245 0.077069 0.108103 0.130284 0.092263 0.153001 0.126588 0.051773 0.153945 0.099286 0.100218 0.053464 0.115999 0.140342 0.140206 0.074658 0.142835 0.177279 0.150595 0.087209 0.093609 0.175302 0.055976 0.097264 0.082554 0.091555 0.112823 0.198562 0.064700 0.061435 0.187953 0.074294 0.104605 0.216104 0.080707 0.137943 0.087466 0.101587
0.196398 0.166301 0.161334 0.197665 0.120392 0.159696 0.146057 0.153880 0.180600 0.167755 0.143832 0.141733 0.137188 0.172056 0.299732 0.197082 0.256341 0.151048 0.176032 0.157175 0.264860 0.198622 0.100499 0.158634 0.240272 0.121617 0.129030 0.133292 0.138091 0.315252 0.175798 0.130028 0.132489 0.306015 0.234144 0.097866 0.157233 0.289970 0.267135 0.133476 0.263203 0.121249 0.203930 0.232605 0.184563 0.277984 0.157658 0.164689 0.110995 0.139807 0.243846 0.312199 0.210303 0.117338 0.180756 0.120521 0.119672 0.192088 0.143937 0.200712 0.116664 0.163439
0.196258 0.148620 0.141602 0.161948 0.163942 0.143920 0.175777 0.169357 0.257762 0.182260 0.178692 0.162616 0.125873 0.176834 0.240169 0.281346 0.158966 0.216640 0.319484 0.126129 0.230173 0.251940 0.132620 0.176998 0.290212 0.149432 0.108270 0.138031 0.141268 0.346770 0.153710 0.108878 0.158663 0.215606 0.158630 0.109693 0.202733 0.243673 0.200574 0.119137 0.234108 0.162880 0.196680 0.140217 0.138131 0.366502 0.128841 0.129190 0.108302 0.121170 0.218108 0.388732 0.158463 0.093819 0.163497 0.158127 0.123590 0.237186 0.097135 0.244945 0.123811 0.163619
0.164243 0.182722 0.137367 0.156369 0.116873 0.141852 0.135077 0.145717 0.206970 0.187594 0.146098 0.121246 0.121013 0.180831 0.279857 0.215091 0.196218 0.187983 0.194087 0.167521 0.250051 0.189312 0.092115 0.122088 0.200023 0.127166 0.100838 0.122830 0.169799 0.273489 0.173472 0.087475 0.136206 0.257897 0.200038 0.074426 0.215210 0.259458 0.241290 0.099374 0.205174 0.100094 0.192985 0.173230 0.179805 0.261018 0.149938 0.119096 0.129500 0.127244 0.225661 0.254843 0.182991 0.077694 0.206981 0.080667 0.116943 0.206976 0.131110 0.187545 0.135578 0.148753
0.180924 0.232582 0.113095 0.112218 0.085505 0.179243 0.210467 0.148943 0.174285 0.237940 0.177098 0.093151 0.086509 0.220679 0.211054 0.170661 0.129054 0.305284 0.181255 0.153645 0.175748 0.177016 0.121930 0.110733 0.149669 0.165845 0.203813 0.211572 0.161684 0.163747 0.191437 0.108650 0.127184 0.147419 0.132871 0.116664 0.185686 0.154560 0.197472 0.108200 0.167757 0.158460 0.187563 0.115658 0.117385 0.190288 0.103578 0.139250 0.104154 0.106451 0.153277 0.226445 0.126398 0.076100 0.233193 0.063019 0.139555 0.202196 0.064582 0.107759 0.131828 0.116180
0.138241 0.142996 0.113711 0.126992 0.126299 0.127620 0.170708 0.150330 0.194894 0.169750 0.157636 0.145931 0.096847 0.156641 0.219521 0.265225 0.126378 0.221425 0.278393 0.129093 0.246062 0.253348 0.102228 0.129317 0.252945 0.116193 0.090747 0.126259 0.102765 0.310092 0.149974 0.094442 0.139989 0.199489 0.178864 0.085774 0.159008 0.191612 0.190331 0.155354 0.226715 0.153016 0.168794 0.154764 0.137502 0.315020 0.109891 0.122122 0.103325 0.103775 0.217309 0.371220 0.144823 0.077350 0.169715 0.116983 0.113322 0.196416 0.091621 0.212825 0.123857 0.122093
0.153758 0.222745 0.120276 0.114191 0.100683 0.175631 0.184750 0.188620 0.139625 0.181091 0.177032 0.117445 0.097733 0.202767 0.233036 0.190181 0.131327 0.281119 0.181549 0.180863 0.210996 0.189272 0.090870 0.131031 0.170319 0.128942 0.173332 0.190543 0.157528 0.182446 0.192700 0.076005 0.138180 0.195601 0.143477 0.110340 0.172688 0.204119 0.203367 0.114229 0.169138 0.160491 0.200128 0.173508 0.131157 0.201380 0.097113 0.135094 0.089449 0.118593 0.181160 0.248392 0.127708 0.067490 0.246989 0.066282 0.129186 0.199800 0.098426 0.141632 0.117804 0.145515
0.101420 0.126253 0.067381 0.043303 0.048202 0.109613 0.165695 0.128606 0.140158 0.099786 0.116869 0.080659 0.060868 0.138216 0.153544 0.150465 0.103118 0.178061 0.177079 0.086070 0.120784 0.122675 0.083600 0.070422 0.153382 0.103750 0.078192 0.081430 0.097913 0.146028 0.074716 0.067534 0.085185 0.114476 0.142157 0.030781 0.116211 0.140333 0.150303 0.077084 0.142818 0.093782 0.118502 0.093723 0.122343 0.183175 0.073168 0.086583 0.084975 0.058895 0.138455 0.174446 0.128650 0.027275 0.074228 0.056049 0.098985 0.138218 0.063002 0.113641 0.093865 0.077909
0.130321 0.131523 0.101821 0.124805 0.116977 0.116774 0.125085 0.150693 0.193418 0.143458 0.123681 0.145397 0.100118 0.161020 0.217891 0.197863 0.141352 0.165416 0.220575 0.109925 0.195632 0.218773 0.066463 0.111275 0.207920 0.093370 0.100335 0.101673 0.127865 0.281477 0.131742 0.072216 0.090532 0.231302 0.131410 0.059054 0.154803 0.253533 0.141852 0.120922 0.158449 0.071310 0.145155 0.120668 0.101032 0.295982 0.101364 0.101872 0.101078 0.086578 0.159619 0.307850 0.177149 0.058279 0.138602 0.088601 0.101982 0.187364 0.066191 0.152805 0.093597 0.143656
0.187713 0.222851 0.142627 0.122028 0.084588 0.172399 0.174843 0.170053 0.169785 0.227123 0.175713 0.119750 0.094123 0.217757 0.222344 0.179370 0.127002 0.321752 0.183496 0.164220 0.211462 0.184329 0.118397 0.123016 0.154498 0.167904 0.229432 0.227094 0.163506 0.184970 0.203008 0.131648 0.137760 0.165362 0.125798 0.132190 0.168935 0.194224 0.202780 0.117031 0.167569 0.158016 0.174554 0.120181 0.109512 0.211217 0.109318 0.155939 0.092778 0.110935 0.146519 0.230444 0.147938 0.081554 0.242083 0.066648 0.139671 0.232707 0.056455 0.136187 0.115570 0.145048
0.188655 0.127643 0.151427 0.157478 0.182697 0.134249 0.160177 0.159856 0.219224 0.155365 0.141682 0.184536 0.137172 0.168029 0.216068 0.247059 0.176184 0.170852 0.269815 0.130503 0.191302 0.222533 0.118901 0.201474 0.275930 0.157635 0.118729 0.124711 0.155788 0.312146 0.166281 0.124156 0.119838 0.224317 0.191703 0.129808 0.220388 0.240451 0.176937 0.154746 0.257436 0.149563 0.184614 0.198119 0.154430 0.345057 0.139817 0.164337 0.137082 0.148496 0.243853 0.417616 0.169900 0.123638 0.141901 0.149123 0.127560 0.167343 0.105514 0.223068 0.145556 0.142897
0.148313 0.154801 0.129266 0.142816 0.140876 0.105831 0.144129 0.155155 0.242834 0.154902 0.160275 0.154200 0.100230 0.159653 0.233991 0.263956 0.125873 0.187774 0.296491 0.120895 0.215782 0.237752 0.087386 0.160448 0.267417 0.150764 0.088951 0.119630 0.124199 0.358633 0.140632 0.101168 0.153948 0.192344 0.159704 0.103232 0.192160 0.223717 0.195297 0.124153 0.195351 0.130324 0.171733 0.134500 0.115540 0.341894 0.108440 0.129037 0.141499 0.105438 0.236740 0.379428 0.168438 0.083243 0.150310 0.101060 0.102938 0.186349 0.103765 0.190453 0.115037 0.118844
0.190823 0.244545 0.123507 0.139447 0.097348 0.214688 0.231672 0.188415 0.178024 0.251179 0.182180 0.112772 0.100386 0.251463 0.246681 0.196489 0.155383 0.347877 0.197229 0.176983 0.211009 0.197198 0.120656 0.120216 0.171088 0.183145 0.230023 0.223038 0.171787 0.216061 0.214693 0.114101 0.145603 0.177069 0.137211 0.120993 0.195204 0.205999 0.207668 0.132698 0.180750 0.176260 0.205581 0.121830 0.135887 0.223074 0.106595 0.159731 0.116082 0.105765 0.164180 0.249646 0.153398 0.077021 0.262574 0.065283 0.155936 0.255696 0.087431 0.132674 0.143856 0.145555
0.155105 0.238771 0.108453 0.104888 0.079055 0.178084 0.197752 0.156919 0.158056 0.234963 0.169776 0.099968 0.077263 0.234073 0.222680 0.179467 0.120835 0.315922 0.185393 0.154733 0.164272 0.171925 0.088655 0.103697 0.146378 0.155254 0.209406 0.215633 0.161591 0.179813 0.186670 0.097794 0.137552 0.163758 0.123238 0.117343 0.184164 0.176048 0.183484 0.109227 0.138655 0.150874 0.166584 0.114134 0.098908 0.194865 0.099593 0.138710 0.106375 0.098821 0.148791 0.226983 0.140161 0.067404 0.250007 0.041943 0.133680 0.208545 0.068865 0.108346 0.135037 0.117067
0.189805 0.245577 0.143521 0.134582 0.110221 0.196376 0.237548 0.197154 0.172051 0.240090 0.191127 0.122176 0.109149 0.240226 0.245000 0.228959 0.132003 0.334276 0.231974 0.203396 0.224245 0.221380 0.111704 0.131840 0.185617 0.176895 0.212922 0.224016 0.183387 0.218496 0.214550 0.115036 0.172582 0.185799 0.163875 0.127810 0.194031 0.204011 0.215629 0.143327 0.179137 0.197705 0.207491 0.143178 0.114339 0.233296 0.105461 0.164877 0.114916 0.126758 0.193741 0.285602 0.143743 0.087242 0.266426 0.080635 0.150494 0.250964 0.086664 0.166574 0.143551 0.143961
0.172838 0.220704 0.140810 0.142335 0.084436 0.184234 0.185178 0.185020 0.181046 0.200979 0.180576 0.117589 0.071956 0.198182 0.218119 0.195685 0.134945 0.297124 0.199062 0.161609 0.238197 0.200331 0.117362 0.134528 0.199057 0.160124 0.186236 0.186059 0.149089 0.228506 0.229631 0.112624 0.138042 0.172586 0.147486 0.110712 0.160429 0.211042 0.200617 0.136851 0.187369 0.165475 0.190925 0.143372 0.124600 0.223485 0.101983 0.173114 0.107617 0.091553 0.168885 0.276521 0.151504 0.051620 0.224908 0.083400 0.121364 0.230378 0.084914 0.157964 0.125961 0.135358
0.129175 0.156936 0.113114 0.103748 0.123080 0.130282 0.170346 0.169063 0.200266 0.142058 0.169153 0.129023 0.082596 0.166149 0.213995 0.239869 0.122882 0.200494 0.254757 0.140945 0.219661 0.236618 0.092035 0.139406 0.237960 0.110962 0.086482 0.119426 0.134085 0.284134 0.155149 0.072443 0.120411 0.207944 0.170420 0.083823 0.156017 0.245156 0.177647 0.138180 0.175672 0.141320 0.145454 0.175482 0.132245 0.290370 0.092017 0.130319 0.114751 0.095046 0.198992 0.350517 0.157842 0.057434 0.168438 0.092083 0.108656 0.186100 0.070764 0.187533 0.107166 0.131872
0.169082 0.191481 0.129467 0.117531 0.081426 0.129271 0.131634 0.150375 0.121839 0.192921 0.137165 0.091941 0.076244 0.193934 0.243690 0.174163 0.141307 0.210780 0.152423 0.176650 0.190218 0.129726 0.064134 0.108849 0.137938 0.121120 0.173831 0.174570 0.167260 0.158716 0.176706 0.087758 0.109374 0.200136 0.134013 0.097200 0.174399 0.206579 0.187973 0.076664 0.142653 0.117916 0.159840 0.159814 0.094536 0.163954 0.090746 0.147969 0.085489 0.117150 0.170076 0.217634 0.137398 0.061925 0.214917 0.045012 0.105539 0.186111 0.056756 0.117256 0.096227 0.117255
0.191190 0.216789 0.149467 0.127599 0.091260 0.184119 0.179814 0.169953 0.165427 0.225342 0.181132 0.126622 0.099276 0.212371 0.220723 0.178277 0.130124 0.319890 0.180293 0.162229 0.209825 0.184111 0.126450 0.126481 0.155534 0.174377 0.237218 0.228518 0.161738 0.188207 0.203780 0.144085 0.139498 0.160937 0.130227 0.141862 0.161665 0.185923 0.204114 0.124617 0.164502 0.158559 0.180722 0.123847 0.115397 0.205418 0.114103 0.160503 0.101380 0.120415 0.143966 0.232435 0.157033 0.080377 0.234602 0.064808 0.147186 0.224879 0.062234 0.136033 0.120154 0.151111
0.164279 0.161839 0.116908 0.117465 0.080846 0.144874 0.188278 0.137443 0.158458 0.204298 0.130685 0.087084 0.083774 0.213917 0.185637 0.201102 0.070173 0.239630 0.180630 0.160914 0.176503 0.156998 0.099665 0.122628 0.162026 0.114425 0.138154 0.150096 0.120576 0.203912 0.149774 0.097985 0.121131 0.097544 0.128725 0.083980 0.114220 0.152196 0.163772 0.111635 0.141095 0.174200 0.158171 0.086768 0.075209 0.207643 0.074469 0.119602 0.086938 0.097929 0.106063 0.218675 0.120533 0.073941 0.181993 0.086199 0.118143 0.248993 0.073247 0.136891 0.084259 0.099904
0.161869 0.157042 0.135412 0.109411 0.044350 0.146354 0.166728 0.111368 0.129197 0.165541 0.139875 0.070616 0.134630 0.159257 0.262720 0.135126 0.202793 0.168877 0.100433 0.148419 0.188227 0.155702 0.077733 0.093994 0.118394 0.136884 0.180484 0.143291 0.160252 0.134638 0.112701 0.101640 0.122609 0.225397 0.159304 0.077594 0.180940 0.195350 0.238629 0.050887 0.170354 0.088156 0.175361 0.144172 0.145391 0.159674 0.137494 0.109460 0.091783 0.119476 0.184747 0.144387 0.158773 0.114432 0.184678 0.038283 0.109125 0.141065 0.082214 0.107870 0.090133 0.140177
0.159849 0.109329 0.101256 0.123971 0.107203 0.147617 0.136547 0.145599 0.150541 0.128887 0.114314 0.130316 0.108041 0.122342 0.272304 0.151474 0.211395 0.162280 0.155322 0.149727 0.230606 0.179058 0.108211 0.130171 0.167216 0.099402 0.102914 0.121853 0.125259 0.244053 0.161100 0.060794 0.081657 0.242443 0.187526 0.074378 0.158286 0.250372 0.210507 0.110437 0.224351 0.139278 0.161130 0.201395 0.204415 0.229252 0.126053 0.130393 0.075853 0.134235 0.185207 0.281390 0.128085 0.104902 0.171571 0.088231 0.115945 0.134552 0.089469 0.191347 0.074590 0.153782
0.123766 0.111075 0.096752 0.084030 0.090544 0.097669 0.149453 0.135934 0.178903 0.111869 0.133572 0.103473 0.066422 0.131969 0.194499 0.204587 0.098081 0.165406 0.236271 0.110758 0.195211 0.214822 0.074135 0.106612 0.219458 0.085744 0.063444 0.091571 0.108657 0.276290 0.114766 0.055287 0.095133 0.178149 0.156448 0.059512 0.119015 0.199932 0.154854 0.103661 0.175132 0.115026 0.131270 0.147600 0.102462 0.267499 0.073423 0.105720 0.078023 0.087363 0.161864 0.323525 0.129985 0.051337 0.139344 0.086120 0.097631 0.162421 0.041981 0.169221 0.067657 0.105539
0.074754 0.068552 0.025215 0.055425 0.044648 0.093936 0.120443 0.076349 0.056689 0.060124 0.064804 0.013927 0.041205 0.064515 0.067627 0.080599 0.064234 0.106329 0.096377 0.080799 0.105407 0.094078 0.053677 0.063804 0.087452 0.053959 0.041404 0.031218 0.050735 0.082558 0.076263 0.005286 0.054347 0.033866 0.060760 0.013739 0.085212 0.060553 0.066897 0.066146 0.106637 0.095709 0.088124 0.056727 0.083570 0.090966 0.019330 0.033559 0.049139 0.022298 0.081323 0.122342 0.019630 0.021529 0.069622 0.062580 0.033620 0.073633 0.050740 0.065176 0.061776 0.043462
0.177486 0.146764 0.131397 0.125356 0.125812 0.145963 0.213950 0.168881 0.200920 0.169140 0.174702 0.134201 0.144263 0.177633 0.239640 0.194398 0.200447 0.210258 0.191712 0.157892 0.205180 0.239566 0.116662 0.110474 0.172691 0.143935 0.159501 0.131706 0.192337 0.197816 0.151785 0.079758 0.122611 0.219281 0.173139 0.088689 0.246187 0.236681 0.175075 0.115846 0.206485 0.097864 0.164795 0.158139 0.166504 0.229853 0.141311 0.116257 0.128309 0.127590 0.202933 0.272066 0.159832 0.100594 0.219348 0.067848 0.145519 0.172910 0.056497 0.154086 0.137823 0.186077
0.137503 0.133940 0.115423 0.121662 0.053808 0.123234 0.138033 0.114097 0.090292 0.092934 0.111542 0.057245 0.099451 0.124797 0.257132 0.147948 0.195513 0.105539 0.107734 0.148552 0.204532 0.138732 0.057713 0.105700 0.154312 0.084781 0.096661 0.096862 0.108661 0.204890 0.095253 0.073957 0.121391 0.224990 0.204369 0.046194 0.111810 0.204031 0.243273 0.080196 0.188955 0.101676 0.162453 0.204707 0.152994 0.173516 0.108363 0.108212 0.070940 0.084309 0.195798 0.188681 0.153245 0.069280 0.128022 0.072638 0.053262 0.116533 0.134321 0.136461 0.082732 0.107335
0.060353 0.079984 0.025095 0.038068 0.024380 0.091764 0.124052 0.065410 0.054090 0.082495 0.051679 0.002922 0.020669 0.094667 0.052635 0.081010 0.042008 0.130455 0.087456 0.067763 0.084535 0.079243 0.037518 0.043515 0.082869 0.052537 0.048788 0.043827 0.036148 0.078063 0.056575 0.004026 0.061289 0.014733 0.044802 0.009868 0.083172 0.041796 0.059039 0.046286 0.094616 0.104149 0.070148 0.038592 0.062181 0.089926 0.014306 0.039542 0.034861 0.010846 0.059924 0.109626 0.011707 0.017110 0.075485 0.049984 0.032499 0.123485 0.033299 0.051564 0.049826 0.028904
0.103378 0.083979 0.099279 0.085679 0.082185 0.048480 0.096492 0.132123 0.087736 0.096171 0.083403 0.079819 0.068980 0.135400 0.201973 0.186705 0.089321 0.099893 0.128149 0.120866 0.127841 0.105427 0.013604 0.084275 0.128871 0.056267 0.093498 0.088544 0.104731 0.146483 0.055417 0.047766 0.077854 0.183459 0.115802 0.041681 0.147903 0.201191 0.102886 0.075660 0.106666 0.053116 0.092498 0.137039 0.058867 0.171597 0.074929 0.084874 0.044000 0.073489 0.127842 0.177742 0.139725 0.042037 0.111973 0.040829 0.048303 0.143484 0.056475 0.124716 0.065182 0.108991
0.129345 0.175105 0.082381 0.094344 0.045449 0.112274 0.143064 0.115207 0.132047 0.214858 0.112691 0.053660 0.038726 0.221521 0.186594 0.130050 0.079821 0.186304 0.121463 0.118647 0.141851 0.099928 0.042241 0.063718 0.111541 0.071169 0.112822 0.129464 0.115549 0.131062 0.133224 0.062405 0.097178 0.129415 0.103465 0.048255 0.131464 0.148025 0.113721 0.072770 0.106786 0.089889 0.128848 0.073676 0.039189 0.134968 0.059073 0.100642 0.073615 0.072727 0.085666 0.146885 0.126345 0.030833 0.188253 0.032010 0.092174 0.238115 0.047166 0.078824 0.088497 0.083377
0.159419 0.123597 0.120301 0.092810 0.052527 0.085711 0.085263 0.085999 0.091741 0.135489 0.113696 0.094110 0.068019 0.113071 0.159663 0.111658 0.112362 0.149217 0.120331 0.127480 0.147478 0.095806 0.058691 0.080400 0.091780 0.078460 0.144688 0.125944 0.115581 0.095399 0.140028 0.097680 0.109701 0.126194 0.104838 0.081069 0.104158 0.124222 0.128514 0.060220 0.114247 0.098859 0.122504 0.099949 0.066922 0.103898 0.057871 0.115184 0.058208 0.114443 0.125961 0.164148 0.097533 0.066195 0.139831 0.046767 0.084811 0.129304 0.018628 0.109750 0.068516 0.103498
0.191290 0.173688 0.164440 0.179106 0.102669 0.153769 0.171651 0.153174 0.154223 0.141034 0.146191 0.097478 0.147232 0.183021 0.288706 0.189420 0.210358 0.147635 0.130974 0.171085 0.208015 0.168567 0.087463 0.146379 0.187294 0.129438 0.172320 0.156990 0.154427 0.259189 0.112725 0.143731 0.142230 0.250367 0.174100 0.096066 0.159904 0.258178 0.237185 0.093834 0.203018 0.103145 0.199192 0.165943 0.143326 0.245994 0.155892 0.147535 0.074833 0.112018 0.186944 0.216012 0.182982 0.128409 0.159379 0.109023 0.090957 0.188649 0.143576 0.179897 0.107049 0.174849
0.126884 0.145167 0.114733 0.132561 0.066106 0.109242 0.155634 0.126254 0.108170 0.124397 0.110324 0.037676 0.087189 0.167257 0.244062 0.161702 0.139988 0.124620 0.120203 0.150906 0.196119 0.143183 0.042608 0.099996 0.144285 0.084165 0.112134 0.119698 0.109236 0.194754 0.073897 0.065457 0.123630 0.172748 0.162773 0.060206 0.138584 0.182210 0.205978 0.090155 0.171689 0.106777 0.151168 0.164790 0.092538 0.174008 0.095287 0.112265 0.067515 0.077562 0.160279 0.202147 0.129430 0.066423 0.138494 0.064669 0.047408 0.157722 0.097575 0.119865 0.080838 0.105449
0.199163 0.144523 0.154400 0.183733 0.183497 0.141369 0.166980 0.178472 0.255607 0.165399 0.187325 0.167573 0.136091 0.169693 0.265628 0.301740 0.186073 0.193665 0.327639 0.144919 0.254258 0.261270 0.119970 0.192921 0.307777 0.145299 0.110615 0.130837 0.162609 0.384493 0.170056 0.104892 0.162308 0.243354 0.170580 0.116594 0.221758 0.275282 0.212978 0.127895 0.239333 0.161141 0.216125 0.174966 0.158739 0.376217 0.136939 0.147026 0.114529 0.129339 0.254132 0.409672 0.176636 0.097671 0.176957 0.150941 0.114013 0.222220 0.115847 0.260183 0.130626 0.179393
0.104281 0.120330 0.072372 0.078924 0.057594 0.103246 0.107809 0.129074 0.064568 0.119179 0.082549 0.103128 0.073802 0.149374 0.222981 0.150581 0.149241 0.144044 0.135725 0.127705 0.157745 0.095497 0.046391 0.076595 0.130954 0.060936 0.074546 0.099082 0.098673 0.156808 0.112894 0.053699 0.106148 0.200636 0.141826 0.060584 0.118323 0.204375 0.156440 0.061834 0.156938 0.109292 0.126509 0.183800 0.128838 0.160660 0.085767 0.106165 0.056165 0.128891 0.177739 0.183310 0.112464 0.061426 0.150465 0.033812 0.108175 0.138378 0.084595 0.147731 0.072537 0.109982
0.135243 0.123586 0.074532 0.080437 0.030448 0.076959 0.070330 0.084003 0.111980 0.138658 0.092181 0.044023 0.021762 0.124753 0.118012 0.078632 0.076838 0.159793 0.104219 0.091534 0.145548 0.093113 0.048262 0.061553 0.102660 0.086132 0.125510 0.113709 0.111211 0.134986 0.146171 0.067616 0.059087 0.088872 0.055645 0.045939 0.079167 0.123330 0.079956 0.040972 0.090742 0.071361 0.111186 0.046234 0.048040 0.119130 0.038144 0.099087 0.033456 0.038532 0.075548 0.133554 0.091496 0.026992 0.143011 0.041813 0.060058 0.161330 0.004755 0.074792 0.042110 0.062023
0.063789 0.146103 0.043029 0.059044 0.029120 0.137318 0.163490 0.119479 0.108060 0.137729 0.093423 0.042391 0.024812 0.175515 0.143041 0.120686 0.062137 0.214855 0.133840 0.091016 0.121945 0.114539 0.043872 0.058008 0.123039 0.067480 0.064677 0.092577 0.058175 0.143500 0.098438 0.017427 0.097200 0.081969 0.091560 0.027816 0.103477 0.117144 0.111679 0.080814 0.109258 0.129173 0.097840 0.072375 0.068575 0.134263 0.031275 0.072683 0.076150 0.037736 0.082311 0.161246 0.077605 0.013679 0.143397 0.038625 0.075103 0.193803 0.069409 0.081941 0.080923 0.062375
0.116622 0.130184 0.080671 0.101944 0.072176 0.106602 0.148934 0.174249 0.103679 0.130095 0.078101 0.089016 0.063263 0.160508 0.219474 0.175257 0.160238 0.154745 0.159454 0.143860 0.185446 0.132041 0.066977 0.088119 0.151315 0.090948 0.062894 0.102991 0.114766 0.201537 0.133727 0.050633 0.112124 0.194237 0.184683 0.041164 0.156599 0.216828 0.175494 0.095863 0.194913 0.118915 0.131504 0.187801 0.153874 0.205627 0.124784 0.110688 0.095533 0.118173 0.187170 0.242549 0.131441 0.058061 0.137267 0.064238 0.098920 0.149376 0.103245 0.159019 0.089729 0.117961
0.190650 0.154270 0.137146 0.172371 0.137281 0.143202 0.143339 0.153545 0.182281 0.170198 0.153607 0.163104 0.139179 0.152310 0.311480 0.236977 0.256529 0.161641 0.243982 0.153439 0.271429 0.208356 0.118532 0.168348 0.225067 0.136805 0.128119 0.166023 0.172047 0.324243 0.179062 0.116473 0.157968 0.278589 0.192839 0.086597 0.212739 0.261775 0.220431 0.107666 0.233298 0.143369 0.237921 0.187348 0.169290 0.333538 0.183195 0.146653 0.109303 0.128738 0.270843 0.351578 0.180648 0.103383 0.170965 0.135455 0.086627 0.164285 0.136064 0.235539 0.118324 0.173591
0.234373 0.172482 0.160899 0.186106 0.227690 0.141004 0.156163 0.178658 0.244266 0.177256 0.195797 0.217761 0.160907 0.170506 0.258800 0.287905 0.200414 0.208814 0.323973 0.152486 0.247597 0.272206 0.145491 0.233276 0.309865 0.189177 0.153140 0.179976 0.184259 0.390793 0.206037 0.162103 0.154805 0.273948 0.194743 0.172868 0.216298 0.275072 0.217929 0.161786 0.252900 0.167196 0.236110 0.204842 0.161121 0.409197 0.165189 0.176466 0.123032 0.142672 0.299766 0.468066 0.189381 0.138330 0.194171 0.169927 0.134178 0.188995 0.127371 0.253497 0.150125 0.157499
0.117841 0.161051 0.092102 0.113919 0.069683 0.149382 0.168678 0.119193 0.184290 0.145874 0.134617 0.072421 0.086442 0.154912 0.259309 0.167964 0.180871 0.166023 0.164491 0.139714 0.214283 0.188040 0.063028 0.112020 0.178179 0.089777 0.097328 0.104841 0.123921 0.272257 0.127634 0.045976 0.108642 0.206720 0.159485 0.054565 0.159908 0.208663 0.225421 0.092639 0.203413 0.126905 0.170171 0.156171 0.171239 0.224306 0.096339 0.124069 0.094141 0.085490 0.179055 0.260807 0.116739 0.093062 0.183893 0.058324 0.092312 0.156731 0.081661 0.144150 0.081377 0.119863
0.147763 0.078378 0.125038 0.113086 0.074088 0.107855 0.088804 0.108150 0.088877 0.087181 0.102112 0.094828 0.105910 0.118504 0.163150 0.137109 0.150823 0.112831 0.129433 0.077658 0.147797 0.116179 0.082561 0.097668 0.163247 0.079478 0.113459 0.096608 0.112777 0.171534 0.090193 0.109748 0.080032 0.179588 0.109404 0.066306 0.088122 0.191558 0.141405 0.041843 0.163886 0.090869 0.137957 0.154317 0.121272 0.166294 0.105286 0.099820 0.038110 0.107332 0.111532 0.153849 0.140041 0.081081 0.105397 0.089936 0.082939 0.138800 0.072002 0.137413 0.073951 0.155021
0.099627 0.135058 0.053617 0.063302 0.043984 0.123104 0.178515 0.107145 0.122137 0.156923 0.091357 0.031499 0.049729 0.186389 0.151511 0.116546 0.052549 0.177882 0.110045 0.097182 0.096109 0.103536 0.062891 0.051907 0.085641 0.079055 0.084622 0.110655 0.076181 0.098386 0.063454 0.039896 0.073920 0.052392 0.088279 0.033973 0.121461 0.079326 0.118148 0.069910 0.109250 0.115358 0.107807 0.044119 0.053913 0.125276 0.055887 0.068873 0.064514 0.052847 0.055134 0.129459 0.076354 0.036344 0.098825 0.046517 0.078479 0.187240 0.052599 0.059439 0.075823 0.069936
0.241389 0.196218 0.179299 0.204524 0.230279 0.176453 0.198538 0.219338 0.289182 0.212422 0.213097 0.241109 0.166634 0.211240 0.300765 0.338065 0.205915 0.258733 0.338196 0.185658 0.265910 0.275552 0.172866 0.252062 0.333263 0.206148 0.158312 0.191727 0.198939 0.394102 0.234981 0.166950 0.161694 0.277459 0.225570 0.162718 0.242581 0.309703 0.253218 0.179979 0.268503 0.202670 0.261098 0.205346 0.183840 0.409716 0.174663 0.193990 0.173414 0.171696 0.297602 0.486513 0.209661 0.142691 0.202982 0.175295 0.165858 0.232363 0.159644 0.267110 0.170083 0.178979
0.109634 0.107430 0.075955 0.099003 0.071329 0.132777 0.159078 0.124983 0.063004 0.134625 0.074774 0.049771 0.063435 0.164186 0.162284 0.160330 0.076644 0.149638 0.126201 0.135461 0.128420 0.106856 0.026175 0.075791 0.122057 0.064351 0.092319 0.087242 0.092211 0.140175 0.070303 0.034905 0.110445 0.109602 0.094309 0.032902 0.115302 0.135451 0.093167 0.077014 0.122119 0.114043 0.121713 0.105182 0.061194 0.150614 0.056514 0.077499 0.052909 0.074907 0.097924 0.179094 0.075254 0.030016 0.118367 0.065574 0.061412 0.180043 0.067443 0.121085 0.080531 0.097876
0.064238 0.140605 0.049301 0.068780 0.036384 0.150031 0.172685 0.128834 0.112192 0.129081 0.094059 0.052469 0.034335 0.166102 0.160505 0.129609 0.072082 0.211291 0.139881 0.097364 0.108923 0.117802 0.058213 0.059185 0.118903 0.082605 0.064851 0.104472 0.059292 0.155216 0.097693 0.026842 0.092735 0.085376 0.105737 0.030645 0.112162 0.120610 0.122737 0.096585 0.115187 0.129700 0.104487 0.072481 0.078766 0.138358 0.039007 0.080664 0.095651 0.047931 0.081551 0.169831 0.087043 0.015944 0.125689 0.038495 0.075548 0.159644 0.084091 0.083024 0.092495 0.072631
0.127993 0.116875 0.115949 0.091921 0.029840 0.075541 0.097508 0.084964 0.094388 0.080636 0.088464 0.052392 0.077636 0.120093 0.211563 0.115957 0.150004 0.091219 0.102650 0.125463 0.171269 0.118638 0.040358 0.087938 0.138695 0.092051 0.108257 0.101671 0.112524 0.191997 0.067698 0.091659 0.103099 0.185207 0.177704 0.053982 0.106473 0.182837 0.218693 0.041637 0.174367 0.094079 0.137875 0.191502 0.114099 0.178534 0.095423 0.113064 0.055984 0.082471 0.176367 0.173450 0.130611 0.079525 0.105293 0.061894 0.046420 0.100518 0.090732 0.118111 0.056481 0.075405
0.210321 0.157464 0.139333 0.184583 0.139666 0.154307 0.161246 0.144369 0.261538 0.206024 0.174567 0.129234 0.112713 0.191645 0.235746 0.242697 0.156764 0.187365 0.258207 0.122381 0.204311 0.209134 0.135064 0.147680 0.245772 0.135940 0.106140 0.138494 0.133694 0.277218 0.147015 0.114830 0.137540 0.179017 0.125923 0.106392 0.223109 0.220167 0.193842 0.098718 0.215012 0.134376 0.192629 0.089404 0.115362 0.308646 0.127204 0.113845 0.112056 0.111766 0.173658 0.316719 0.149417 0.082375 0.142334 0.134057 0.108820 0.232239 0.107129 0.189013 0.132095 0.157102
0.129975 0.161695 0.107396 0.077911 0.086839 0.109713 0.186869 0.121229 0.166612 0.179722 0.143256 0.111932 0.099305 0.195704 0.175239 0.212145 0.061548 0.239810 0.173928 0.151410 0.158621 0.154990 0.077116 0.120995 0.178168 0.095653 0.138787 0.134373 0.134808 0.162447 0.124437 0.089008 0.146622 0.138765 0.131657 0.089464 0.128785 0.169770 0.162343 0.086495 0.131692 0.144522 0.154135 0.113510 0.079139 0.212462 0.079014 0.115875 0.072732 0.109315 0.149074 0.203924 0.105442 0.077983 0.195002 0.074225 0.117491 0.232357 0.057181 0.143651 0.086105 0.112342
0.151120 0.102436 0.119938 0.121152 0.109024 0.118420 0.120746 0.086068 0.156851 0.143736 0.135105 0.084782 0.119941 0.166406 0.165815 0.147236 0.129723 0.140915 0.144750 0.084458 0.152871 0.158044 0.093316 0.099634 0.153494 0.079462 0.128313 0.112996 0.136849 0.206925 0.095016 0.094989 0.045547 0.155928 0.067386 0.068881 0.160936 0.187955 0.106284 0.066281 0.149576 0.091308 0.147194 0.068816 0.090517 0.205570 0.097061 0.116577 0.042198 0.059933 0.077031 0.190412 0.109744 0.100669 0.146046 0.084913 0.080445 0.180990 0.044388 0.102211 0.094300 0.156223
