-0.000073 0.966598 0.844247 -0.000015 0.012590 -0.000024 0.000049 0.000164 0.000048 0.000086 -0.000098 0.000136 0.000001 -0.000009 -0.000076 0.000080 -0.000001 -0.000102 0.000124 -0.000071 0.092174 0.058527 -0.000082 0.057186 0.100277 0.670242 0.000048 0.047279 0.000067 -0.000032 0.000011 -0.000008 -0.025927 -0.000034 0.000007 0.000037 0.000076 0.000133 0.904355 0.858793
0.716948 0.000118 0.889694 0.914602 0.254486 0.005547 -0.000012 0.149159 0.000091 -0.000036 -0.000011 0.000095 -0.000047 0.000011 0.098745 0.047210 0.079559 0.910828 0.183353 0.091908 0.000007 0.003470 0.974857 0.029803 -0.000113 -0.000096 -0.000029 0.000071 -0.000043 0.000030 0.074609 -0.000023 0.000017 0.072650 0.000015 0.000118 -0.000037 0.000123 -0.000030 0.900166
0.653744 0.703088 0.031316 0.840403 0.752989 0.059887 0.000113 0.124692 0.000110 0.000007 0.000057 0.000068 0.002110 0.000128 0.000089 0.021087 0.065855 0.219788 0.016582 0.762435 0.215604 0.062562 0.000004 0.000083 -0.000035 0.000087 -0.000009 -0.000009 0.000068 0.000137 -0.000067 -0.000025 -0.000051 0.000103 -0.000056 -0.000056 0.000072 0.001984 0.000117 0.000092
0.000048 0.000092 0.008500 -0.000021 0.000003 0.000056 0.000090 -0.000042 -0.000053 0.000015 -0.000008 0.000063 -0.000052 0.000097 0.018925 -0.000084 0.000111 0.000011 -0.000054 -0.000007 0.000037 0.000040 0.000087 -0.000012 0.000089 -0.000060 -0.000072 0.000078 0.000094 -0.000011 0.000102 0.000029 0.000034 0.000123 -0.000055 -0.000013 0.000037 0.000090 -0.000047 -0.000020
0.060480 -0.000066 0.777157 0.917420 0.011436 0.872833 0.815711 0.077589 0.033037 -0.000055 -0.000057 0.000082 0.000011 0.000022 0.000017 -0.000073 -0.000109 -0.000016 -0.000097 0.000028 0.677288 -0.000123 -0.000001 -0.000042 -0.000066 -0.000008 0.000067 0.000069 0.000099 -0.020748 -0.000014 0.000058 -0.000088 -0.092237 -0.000044 -0.054330 -0.000045 0.000108 -0.000112 0.000072
0.382430 0.289299 0.080865 0.886710 0.659890 0.091339 0.823547 0.735008 -0.000034 0.000058 -0.000033 -0.000080 0.000051 0.000048 0.684318 0.000169 0.000008 -0.000013 0.000016 0.000075 0.091037 -0.000055 0.000063 -0.000005 0.000071 -0.000057 0.000056 0.014647 0.000006 -0.000063 -0.000026 0.000013 -0.000030 0.000053 -0.000051 0.000024 0.005390 0.171759 0.006478 0.816063
0.112667 0.000048 0.000001 0.056061 0.697323 0.788930 0.249480 0.689658 0.744718 0.308440 0.162630 0.000021 0.030428 0.000026 -0.000082 0.000174 -0.000140 0.000003 0.000031 -0.000049 -0.000582 -0.000135 -0.047649 -0.000077 0.000041 -0.000017 0.000091 -0.000027 -0.000007 0.035715 0.000012 0.055354 0.077219 0.118417 0.095548 0.061367 0.000053 0.005642 -0.000003 0.000120
0.029805 -0.000003 0.000068 -0.000023 -0.000018 0.837584 0.835050 0.103044 1.018912 0.828163 -0.000138 0.011741 0.017174 -0.000006 0.000124 0.007165 0.000085 0.935428 -0.000911 -0.000129 0.000011 -0.000024 -0.000075 0.000138 -0.000034 0.000124 0.040146 0.000049 0.000040 0.000107 0.000042 -0.000058 -0.000067 -0.000063 0.000042 -0.000020 0.066634 0.000111 -0.000021 0.029705
-0.000056 0.000103 0.000100 0.000143 0.286465 0.134793 0.794160 0.990219 0.127765 0.744904 0.703390 0.034310 0.000130 -0.000061 0.000070 0.000006 -0.003738 -0.000013 -0.000015 0.050299 -0.000046 -0.037979 0.069460 -0.000059 -0.000012 0.000028 0.000088 0.000100 -0.000053 0.000023 0.000090 0.023132 0.105933 0.021995 0.000119 -0.000062 0.033391 -0.000073 -0.000010 0.000002
-0.000005 0.000076 0.020587 -0.000106 -0.000081 0.000117 0.057735 0.724763 0.866867 0.000016 0.948278 0.954512 0.009315 -0.000076 0.029628 -0.000064 -0.009083 -0.000162 -0.000064 -0.000091 0.000100 -0.000056 0.000107 0.000144 0.930237 0.039001 0.006514 -0.000017 -0.000094 -0.000045 0.773106 0.000077 0.000119 0.003413 0.000034 0.036455 -0.000025 -0.074863 0.000026 -0.000053
-0.000001 0.000135 0.000004 -0.000050 0.000002 0.058545 0.016065 0.083542 0.991927 0.860394 0.218289 0.864787 0.882763 0.000009 -0.004176 0.000228 -0.000100 -0.000002 0.000082 -0.000083 -0.000020 -0.000024 -0.000098 -0.000080 0.000010 0.000020 0.003173 -0.000145 0.000008 0.068534 0.081076 0.848603 0.816768 0.090385 0.000100 0.000074 0.000086 -0.000017 0.000084 -0.000015
0.000028 0.009361 -0.000047 0.000101 0.000022 0.000069 0.000088 0.113791 0.044667 0.978403 0.977899 0.094044 0.992852 0.980999 -0.000093 0.000126 0.000055 -0.000133 -0.000055 -0.000079 0.000058 -0.000014 -0.000046 0.000503 0.039704 -0.000070 0.898054 0.000117 -0.000049 -0.000027 0.074505 0.038804 0.028106 0.000067 0.052623 -0.000012 0.031089 0.050912 0.000100 -0.000151
-0.046932 -0.000036 0.000109 -0.000039 0.047519 0.042565 0.000028 0.000002 -0.000042 0.000039 0.927027 0.910228 0.001381 0.960540 1.000872 0.000014 -0.000050 -0.000061 -0.000063 -0.000037 -0.000031 -0.000096 -0.000045 0.000042 -0.000031 -0.000107 0.000122 0.000072 -0.000093 -0.041034 0.059089 -0.000057 -0.000001 0.046584 -0.000005 -0.000029 -0.046918 0.000111 0.016750 -0.005124
0.000008 0.000009 0.000055 -0.000002 -0.000080 0.075066 0.000076 0.000079 -0.000008 0.099240 0.000142 0.938776 0.986110 0.040150 0.787574 0.915554 0.059672 0.000125 -0.000044 -0.000034 0.000069 -0.000054 -0.000001 0.011528 -0.005471 0.000019 0.000096 -0.000020 0.000073 -0.012468 -0.011057 0.021445 0.000007 -0.001305 0.000020 0.000061 0.000099 -0.000042 0.000061 -0.000048
0.003854 0.000155 0.008989 -0.000038 -0.023871 0.845071 -0.000044 -0.027160 -0.000023 -0.000050 0.000060 -0.000088 0.947519 0.864363 -0.000034 1.007093 0.843604 0.025152 0.000076 -0.000065 0.073875 0.001988 0.000016 0.900847 -0.000023 0.000021 0.000083 -0.030561 0.000075 0.134400 -0.011236 -0.000020 0.044736 0.034556 0.000100 0.069218 0.073182 -0.000062 0.000052 -0.000001
0.059046 0.101895 0.090043 0.000030 0.015308 0.013894 -0.000096 0.000005 -0.000079 -0.037047 -0.000023 -0.000027 0.000021 0.769613 0.602494 -0.000049 0.804278 0.717136 -0.000100 0.000096 0.000021 0.000089 -0.000039 -0.000027 0.000032 -0.000064 -0.000104 0.000114 0.000023 -0.000034 0.707154 0.000106 0.000006 0.208123 0.222606 0.146150 0.000089 0.328668 0.118198 0.000005
0.000028 0.115933 0.000014 0.000076 -0.000000 0.000115 0.000050 0.000061 -0.000043 0.049209 -0.000103 -0.000060 0.000095 -0.000071 0.519637 0.806233 0.000021 0.510654 0.563335 0.000054 -0.000121 0.000051 0.000047 -0.000004 -0.000012 -0.000054 -0.000129 -0.000115 0.003564 -0.000047 0.000039 0.000090 0.068017 0.035019 0.000024 0.000065 0.041734 0.201299 -0.000036 -0.000035
0.045385 0.667467 0.119241 0.037657 0.000091 -0.000024 0.000122 0.698358 0.000057 -0.000045 -0.000073 0.000011 0.000079 0.000143 0.033947 0.818395 0.772695 0.396582 1.060068 0.819666 0.193543 0.142041 0.004462 -0.000021 0.000002 -0.000078 -0.000084 -0.000012 0.000031 0.020327 0.000063 0.000032 0.000016 -0.000152 -0.004147 -0.000006 -0.000021 0.506462 0.000059 0.044973
0.057312 0.038598 0.026870 0.071720 0.241845 0.000056 0.026664 0.000048 -0.000067 0.000117 -0.000017 0.000077 0.000050 -0.000014 0.123463 0.011700 0.826883 0.714728 0.059534 1.019937 0.551615 0.782448 0.053798 0.000088 0.000002 0.000026 -0.046882 0.000048 0.000029 0.016500 -0.000112 0.000025 0.007729 0.127590 0.045520 0.108490 0.100020 0.173564 0.023785 0.176226
0.138159 0.186676 0.510319 0.000138 0.000110 0.000006 0.000061 -0.000036 -0.000020 0.000036 -0.000093 0.000050 0.000020 0.032452 -0.000112 0.046008 0.231842 0.700701 0.650440 0.210450 0.288468 0.500121 0.000141 -0.000062 -0.034266 -0.000035 0.000048 -0.000004 0.000024 0.118360 0.000087 -0.000017 -0.000048 0.000053 -0.001116 0.022080 0.222087 0.221835 0.129973 0.358890
0.095681 0.088327 0.183278 -0.000085 0.702504 0.000004 -0.000051 0.000093 -0.000002 -0.000059 -0.000003 0.006769 -0.000088 0.000054 0.000106 -0.000031 0.000069 0.179707 0.918987 0.857953 0.470946 1.231700 0.900732 0.058404 0.126398 -0.000012 -0.011117 0.000081 0.000041 -0.000024 0.000010 -0.000185 0.000046 0.000042 -0.000099 0.000124 0.000020 -0.012239 0.000081 0.798577
0.179852 0.064411 -0.000075 0.000021 -0.000004 -0.000017 0.000108 -0.000065 -0.000125 0.041717 0.008305 0.000099 -0.000082 0.000047 -0.000079 0.000046 0.000122 -0.043263 0.492345 0.696749 0.491124 -0.000091 0.781772 0.688230 0.000019 0.000081 0.000062 0.000093 0.000059 -0.000004 -0.000150 0.004350 0.000122 0.034906 0.230433 0.000010 0.089265 0.300431 -0.000024 0.000032
0.000061 0.753283 -0.000157 0.000010 0.113198 0.000005 -0.028507 -0.000043 0.020618 -0.000114 -0.000094 0.000054 0.000036 -0.000027 0.000054 -0.000067 -0.000024 -0.000109 0.000111 -0.000052 0.396240 0.742228 0.042198 0.750027 0.836623 0.119281 -0.000014 0.000092 0.000044 -0.000011 -0.000034 -0.018282 -0.000011 -0.000078 0.000033 -0.000106 -0.000054 -0.017331 0.000034 0.184929
0.000033 0.000063 -0.000102 -0.000108 0.000026 0.000034 0.000078 -0.000128 -0.000028 0.000015 0.109453 0.000083 -0.002023 0.000055 0.706085 -0.021944 0.000005 -0.000130 -0.000011 0.003583 0.105345 0.962782 0.968526 0.068866 0.901952 0.856654 0.082451 0.065222 0.000055 0.000124 0.180877 -0.000008 -0.000029 0.126758 0.056696 -0.000067 0.000019 0.092335 0.000044 -0.000126
0.066676 0.056077 -0.000075 0.000124 -0.000031 -0.000029 0.000157 0.014553 0.000070 0.920933 0.047992 0.014900 0.000051 0.000075 0.021838 -0.000031 -0.000095 -0.069495 0.000697 0.007353 0.000067 -0.000024 1.001498 1.075188 0.082989 0.975991 0.949845 -0.000038 0.000108 0.000061 -0.023926 0.000112 -0.000101 0.000038 0.008017 -0.000029 0.000016 -0.000039 0.000050 0.000001
0.753148 0.043804 -0.000012 0.000107 0.000012 0.035625 0.050509 0.000079 -0.000014 0.176573 0.000068 0.000141 0.000055 -0.000046 0.000042 -0.000011 -0.000049 -0.031049 -0.000091 0.066759 0.074705 -0.000061 0.006687 0.876696 0.833085 0.244390 0.919549 0.890245 0.162031 0.026140 0.085210 0.000033 -0.000024 0.000072 0.726850 -0.000103 0.000113 0.029221 0.000060 0.000041
0.070358 0.047640 0.055864 -0.000055 0.040060 -0.000029 0.000015 0.000050 0.000100 -0.000032 -0.000051 0.790419 -0.000013 0.000075 -0.000108 0.000045 -0.000032 -0.000055 0.000060 -0.000045 0.022689 0.030478 -0.000062 0.061012 0.897161 1.079949 0.234495 0.906572 0.906380 0.092061 0.000075 0.000110 -0.000065 -0.000026 0.130269 0.022884 0.059289 0.057367 0.005990 0.054289
0.000068 -0.000005 -0.013568 -0.000004 -0.000104 0.000009 0.000044 -0.024402 0.013071 0.000131 -0.140419 0.115093 0.000064 0.000020 -0.004310 -0.000029 -0.000128 -0.000060 -0.000026 0.000035 -0.000008 0.000027 0.000046 -0.000049 0.184222 0.852675 0.840278 0.248841 0.874988 0.703474 0.000161 0.093747 0.080433 -0.000044 0.025260 -0.000045 -0.000014 0.000035 0.000011 -0.063088
0.000012 -0.114301 -0.009284 -0.010747 -0.124335 0.000026 -0.000005 -0.000040 0.000004 0.000033 0.000047 -0.000104 -0.000110 -0.000035 -0.000076 -0.000016 0.000010 -0.000067 0.000016 -0.052915 -0.050256 -0.000034 0.000065 -0.000063 0.000065 0.078230 0.910398 0.872363 0.044534 1.045743 0.801902 0.003706 0.054604 -0.000042 0.006258 -0.000029 0.062777 0.000072 -0.000082 0.000010
0.036000 -0.000005 0.000139 -0.000009 0.022545 -0.000014 0.000070 -0.014698 -0.016482 0.000123 0.022187 -0.000006 -0.000039 0.000037 0.105495 -0.000104 0.000088 0.046899 0.000086 -0.000064 0.000088 0.000063 -0.000069 -0.000126 0.000027 -0.000107 0.017821 0.851927 0.986605 0.131160 0.855389 0.826617 -0.000066 -0.000147 0.000111 -0.013508 -0.124940 0.696175 -0.000012 0.000056
-0.000037 -0.000105 -0.000049 -0.000057 0.028195 -0.000097 -0.000012 -0.000073 -0.006464 0.830905 0.058146 -0.000025 -0.000078 0.000037 0.059121 1.035577 0.042172 0.049716 0.012900 0.000002 -0.108945 -0.025230 0.000026 -0.000058 0.000013 -0.000124 0.021635 0.105075 0.929404 0.886648 0.086315 0.996995 0.825400 -0.000032 0.000002 -0.000079 0.000082 0.009470 0.000037 0.032563
0.039764 0.051225 -0.000097 0.000138 0.000528 0.000099 -0.059990 -0.000035 0.000053 0.000094 0.736887 -0.000091 0.000118 0.018358 -0.000091 0.000024 0.015075 -0.000015 -0.000023 0.039763 -0.000012 0.000023 0.000111 -0.000065 -0.000019 0.000076 -0.000022 0.000039 0.000005 0.780015 0.796606 0.102708 0.879734 0.706956 0.000049 0.000084 0.000081 0.014901 0.034563 -0.000014
0.000091 -0.000041 0.000111 -0.000077 0.000015 0.115307 -0.000050 0.071596 0.112893 0.121807 0.902002 0.063557 0.016247 0.000165 0.000000 -0.000026 0.000033 0.041143 0.000010 -0.007511 -0.000059 0.000048 0.000074 -0.000095 -0.000064 -0.000088 -0.000035 -0.000017 0.000030 0.000036 0.935241 1.023525 0.139079 0.945398 0.975873 0.017432 0.014840 0.043328 0.013833 0.000044
0.000100 0.017602 -0.004695 0.000017 -0.000116 0.018451 -0.000007 0.000040 0.000081 0.000130 0.035480 -0.000094 0.050015 -0.000013 0.000095 0.002017 0.000154 -0.000026 0.023561 0.000026 0.105936 0.000048 -0.000031 0.092146 0.000015 0.000032 0.095085 0.000016 0.000047 0.039379 0.050491 0.828421 0.929944 0.124186 0.942234 0.890756 0.795310 -0.000028 0.049218 0.000044
-0.000029 -0.000087 0.000051 0.000018 0.000026 0.000140 0.000031 0.107461 -0.000014 -0.000023 0.071204 0.031180 0.000046 0.000028 0.111545 -0.000082 0.000090 0.040686 -0.000041 0.000033 -0.000018 0.000102 0.000083 -0.000023 0.084192 0.731901 0.000041 0.000015 0.000048 0.000046 0.032085 0.000098 0.748663 0.798506 0.047168 0.916591 0.892262 -0.032069 0.000052 -0.000107
0.024683 0.000045 0.000038 0.000047 -0.060778 -0.000051 0.000133 0.000038 0.000042 0.000041 0.000106 0.000113 0.000068 0.008354 0.103630 0.033955 0.049119 0.200858 0.201480 0.039322 0.174816 0.032762 0.000091 0.025517 -0.000002 0.047652 -0.000047 0.000067 0.000096 -0.000083 -0.016050 -0.000002 -0.000005 0.655710 0.696148 0.000050 0.816424 0.553293 0.000006 -0.000057
0.000034 0.004294 0.000052 -0.000101 0.016548 0.125420 -0.000124 -0.000089 0.000001 -0.000139 0.000118 0.000101 -0.000005 0.068620 0.100785 -0.000105 0.045867 0.080180 -0.000111 -0.000016 0.000096 -0.000025 0.000021 0.000007 -0.000013 0.000085 0.000055 -0.000033 -0.000013 -0.000067 0.080992 -0.000010 0.000106 0.292817 0.273248 0.320938 0.000058 0.263028 0.402528 -0.000027
0.063413 0.011817 0.033322 0.000109 0.012378 0.000258 -0.000023 -0.000030 -0.000078 -0.000003 0.000039 -0.000043 -0.000031 0.000131 -0.031390 0.001497 0.018789 0.766793 0.062887 0.000026 0.052428 0.194310 -0.000031 0.000102 -0.000067 0.000026 -0.000034 0.000086 -0.000087 0.674264 0.000021 -0.000072 -0.000007 0.000093 0.000021 0.628480 0.722258 0.049482 0.640877 0.637401
0.716036 0.213614 0.212111 0.046470 0.137675 0.324066 0.116746 0.074300 0.000037 0.000096 0.000066 -0.000059 0.000087 -0.000031 -0.000020 0.000112 0.000095 0.155604 0.058177 0.056685 0.486739 0.038319 0.000134 0.001526 0.000063 -0.000006 -0.000098 0.000011 0.000040 0.000121 -0.000022 0.000057 -0.000006 0.000022 -0.000093 0.000116 0.616802 0.811617 0.254627 0.804711
0.759583 0.635195 0.000053 0.011461 0.165023 0.609635 0.039617 0.044914 -0.011797 0.000024 0.000045 -0.000050 -0.000019 0.000055 0.257171 0.000047 -0.000009 0.000159 0.110983 0.032980 0.748086 -0.000060 0.025920 0.000102 0.000010 0.000031 -0.000005 0.000364 -0.000065 0.000028 -0.000060 0.008085 -0.000053 0.049116 0.050032 0.201679 0.287773 0.945759 0.866127 0.220975
