-0.000011 0.965865 0.840749 -0.000012 0.012951 -0.000000 0.000026 0.000070 0.000048 0.000078 -0.000128 0.000116 0.000055 0.000058 0.000009 -0.000019 -0.000049 0.000071 0.000028 0.000048 0.091258 0.058805 -0.000023 0.058453 0.101223 0.664563 -0.000105 0.048529 -0.000042 0.000046 -0.000053 -0.000076 -0.026321 -0.000031 0.000096 -0.000077 0.000027 0.000048 0.901885 0.856278
0.712428 -0.000026 0.883529 0.911353 0.255169 0.005047 0.000122 0.152017 -0.000073 0.000027 -0.000009 0.000049 0.000056 -0.000031 0.100317 0.049891 0.081691 0.908100 0.188416 0.094742 0.000060 0.004960 0.972099 0.030472 -0.000086 -0.000031 -0.000037 -0.000010 0.000060 0.000072 0.075730 0.000047 0.000041 0.074921 -0.000076 0.000031 -0.000021 -0.000035 -0.000039 0.896286
0.647630 0.698470 0.032059 0.835103 0.747646 0.061385 0.000080 0.126464 -0.000045 0.000072 0.000067 0.000020 0.002873 0.000084 0.000067 0.021556 0.067561 0.222324 0.016710 0.758206 0.216504 0.062091 -0.000098 -0.000070 -0.000095 -0.000026 0.000088 0.000000 -0.000041 0.000058 0.000069 0.000060 0.000077 -0.000011 0.000046 -0.000091 0.000140 0.003696 0.000124 0.000097
0.000124 -0.000020 0.001581 -0.000072 0.000174 0.000072 0.000038 0.000068 0.000007 -0.000019 0.000094 0.000041 0.000089 0.000057 0.018131 0.000095 0.000126 0.000011 -0.000037 0.000114 0.000079 0.000043 0.000049 -0.000056 0.000036 0.000002 -0.000130 -0.000059 -0.000048 0.000029 -0.000009 0.000101 0.000091 0.000105 -0.000009 0.000125 -0.000067 0.000040 -0.000049 0.000102
0.060644 -0.000005 0.772086 0.914636 0.013622 0.868764 0.811839 0.079007 0.033185 0.000039 -0.000109 0.000024 0.000051 -0.000065 -0.000046 -0.000067 -0.000013 0.000044 -0.000112 -0.000112 0.673165 -0.000137 -0.000014 -0.000128 -0.000043 -0.000065 -0.000027 0.000120 -0.000084 -0.020113 -0.000057 -0.000006 -0.000069 -0.093425 0.000067 -0.054363 0.000011 -0.000005 -0.000059 0.000104
0.386795 0.291499 0.082341 0.880998 0.654385 0.092714 0.817210 0.728962 -0.000128 0.000025 0.000005 0.000104 0.000020 -0.000016 0.678915 0.000154 0.000028 -0.000055 0.000045 0.000159 0.094872 -0.000063 0.000116 -0.000022 0.000041 -0.000051 -0.000131 0.013839 -0.000126 0.000046 -0.000130 0.000045 0.000041 -0.000045 -0.000075 -0.000032 0.006933 0.178188 0.010088 0.811290
0.113360 0.000138 0.000005 0.058182 0.695131 0.786607 0.253512 0.686297 0.740627 0.312636 0.164170 0.000028 0.031364 0.000060 0.000055 0.000040 -0.000070 0.000135 -0.000135 -0.000087 -0.000121 -0.000142 -0.047130 0.000029 -0.000063 -0.000085 0.000033 -0.000069 -0.000030 0.035393 -0.000013 0.056972 0.079097 0.118927 0.095666 0.061171 0.000107 0.004126 0.000172 -0.000063
0.029921 0.000018 0.000121 0.000044 0.000009 0.834012 0.831513 0.104831 1.018564 0.824323 -0.000025 0.014141 0.018274 0.000102 -0.000035 0.007124 -0.000080 0.933002 -0.000142 -0.000098 -0.000071 0.000143 -0.000119 0.000066 0.000119 0.000073 0.040304 -0.000023 -0.000012 0.000059 0.000047 -0.000032 -0.000002 -0.000151 -0.000036 0.000006 0.067605 0.000157 0.000051 0.029134
-0.000008 -0.000000 -0.000022 0.000006 0.287366 0.136356 0.789829 0.986427 0.129940 0.741173 0.698142 0.035543 0.000114 -0.000023 0.000062 -0.000004 -0.003385 0.000068 0.000027 0.050207 -0.000033 -0.036988 0.069604 -0.000062 -0.000080 0.000071 0.000091 0.000039 0.000049 -0.000001 0.000010 0.024517 0.108275 0.024856 0.000080 0.000114 0.035417 0.000056 -0.000100 0.000118
-0.000030 0.000013 0.019117 -0.000000 0.000013 0.000083 0.057628 0.719346 0.864657 0.000082 0.945739 0.951866 0.010632 -0.000034 0.029033 -0.000013 -0.009791 -0.000030 -0.000102 -0.000094 0.000015 0.000045 0.000099 0.000084 0.927534 0.039980 0.008660 -0.000114 -0.000015 0.000026 0.767684 0.000068 0.000153 0.003559 0.000008 0.036672 0.000033 -0.076138 -0.000061 -0.000105
0.000129 0.000011 -0.000033 0.000123 0.000071 0.061339 0.018290 0.086223 0.990773 0.858056 0.222761 0.860849 0.878147 -0.000066 -0.001987 0.000317 -0.000113 -0.000052 0.000004 -0.000050 -0.000053 -0.000036 -0.000040 0.000067 -0.000010 -0.000040 0.003275 -0.000120 -0.000005 0.068740 0.083118 0.845297 0.813389 0.092455 0.000062 0.000089 0.000022 0.000009 0.000048 -0.000075
0.000117 0.010253 0.000097 0.000067 -0.000121 0.000022 -0.000051 0.115129 0.046207 0.978954 0.977508 0.097256 0.991855 0.980279 -0.000066 0.000033 -0.000069 0.000037 0.000046 -0.000075 0.000063 0.000051 0.000030 0.001230 0.040541 0.000042 0.895412 0.000076 -0.000101 0.000097 0.075744 0.040257 0.029300 0.000137 0.053970 0.000005 0.031481 0.051646 0.000121 -0.000063
-0.046746 0.000014 0.000022 0.000020 0.045556 0.042018 -0.000047 0.000023 -0.000053 0.000089 0.926762 0.907796 0.002947 0.959622 1.000036 0.000019 0.000112 -0.000054 -0.000104 -0.000052 0.000070 -0.000072 -0.000028 0.000022 -0.000032 -0.000004 0.000099 -0.000031 -0.000077 -0.040965 0.061684 0.000077 0.000045 0.046022 -0.000017 -0.000008 -0.048143 -0.000028 0.015895 -0.004584
0.000098 0.000071 0.000059 -0.000054 -0.000077 0.076091 0.000009 0.000086 0.000058 0.100917 0.000048 0.936525 0.985129 0.042234 0.783868 0.913312 0.061028 0.000013 -0.000073 -0.000074 -0.000016 -0.000063 0.000002 0.012924 -0.005647 0.000054 0.000069 -0.000007 0.000085 -0.011989 -0.011930 0.021867 0.000011 -0.001413 0.000009 0.000145 0.000091 -0.000045 0.000151 0.000024
0.003092 0.000023 0.007791 -0.000081 -0.023437 0.841096 -0.000048 -0.026651 -0.000114 -0.000071 0.000097 0.000084 0.946084 0.860109 0.000091 1.006934 0.839579 0.024814 -0.000041 -0.000066 0.072849 0.001304 -0.000037 0.897061 -0.000084 -0.000008 0.000102 -0.031311 0.000054 0.136168 -0.012055 0.000025 0.046470 0.035253 -0.000044 0.070344 0.075193 -0.000096 0.000031 0.000097
0.059035 0.099534 0.086860 -0.000004 0.014761 0.012504 -0.000109 0.000079 0.000085 -0.037043 0.000005 -0.000066 -0.000107 0.762806 0.596977 -0.000069 0.798908 0.711062 0.000068 -0.000057 -0.000009 0.000049 0.000057 0.000021 0.000025 0.000076 -0.000010 -0.000023 -0.000001 -0.000010 0.700002 0.000007 0.000047 0.208114 0.220686 0.146040 0.000071 0.327460 0.117218 -0.000056
0.000106 0.114978 0.000084 0.000022 -0.000020 -0.000009 0.000056 0.000091 0.000109 0.049833 -0.000075 -0.000102 0.000057 -0.000052 0.509657 0.799601 -0.000045 0.504636 0.555831 -0.000041 -0.000062 0.000078 -0.000095 -0.000107 0.000040 0.000104 0.000051 0.000008 0.002620 0.000019 0.000025 0.000107 0.068731 0.034703 0.000045 -0.000110 0.040604 0.197621 -0.000120 0.000059
0.048970 0.663930 0.123333 0.039850 0.000106 0.000096 0.000055 0.690721 0.000012 -0.000004 -0.000052 -0.000119 0.000093 -0.000001 0.032194 0.810976 0.766655 0.401749 1.054695 0.813886 0.193030 0.142536 0.005050 0.000128 -0.000092 0.000002 0.000016 0.000023 -0.000113 0.022650 0.000064 -0.000114 0.000080 -0.000037 -0.001662 -0.000003 0.000000 0.502654 -0.000071 0.051688
0.058813 0.038342 0.026068 0.073889 0.242915 0.000023 0.026937 0.000043 -0.000067 0.000035 0.000087 0.000121 -0.000053 0.000064 0.125352 0.013777 0.822424 0.712495 0.062865 1.017979 0.548316 0.780017 0.055578 -0.000008 -0.000058 -0.000001 -0.046188 -0.000031 0.000031 0.016305 0.000034 -0.000077 0.007403 0.128175 0.044450 0.108467 0.100941 0.173358 0.023472 0.178464
0.138500 0.189351 0.504930 0.000014 0.000078 -0.000052 -0.000106 -0.000014 -0.000045 0.000055 0.000029 -0.000106 0.000008 0.033462 0.000023 0.046943 0.235103 0.698767 0.646848 0.213027 0.286271 0.496287 -0.000023 0.000049 -0.033317 -0.000016 -0.000007 0.000049 -0.000084 0.119542 0.000010 0.000054 -0.000034 0.000001 -0.000010 0.025342 0.225132 0.222509 0.133644 0.360376
0.096193 0.089402 0.187046 0.000032 0.699440 0.000069 -0.000135 -0.000033 -0.000074 -0.000109 -0.000073 0.007481 0.000065 -0.000059 -0.000072 0.000075 0.000113 0.180946 0.914618 0.856198 0.472637 1.232579 0.898364 0.060247 0.128899 -0.000033 -0.012103 -0.000061 -0.000021 0.000025 0.000056 0.000007 0.000021 0.000082 -0.000059 0.000134 -0.000165 -0.009987 0.000109 0.796588
0.179148 0.061127 0.000090 -0.000058 0.000014 0.000045 -0.000016 0.000002 -0.000150 0.040581 0.007040 0.000076 0.000027 0.000098 0.000012 -0.000050 0.000132 -0.039889 0.485120 0.688555 0.486228 -0.000087 0.775587 0.680014 0.000046 -0.000090 0.000051 0.000012 -0.000111 0.000018 -0.000098 0.003686 0.000126 0.034352 0.231014 -0.000005 0.090423 0.300318 -0.000068 0.000079
0.000141 0.748807 0.000002 0.000003 0.113026 0.000109 -0.027615 0.000134 0.020271 -0.000015 -0.000042 0.000114 -0.000041 0.000013 0.000124 -0.000071 0.000084 -0.000107 -0.000010 0.000007 0.392432 0.739934 0.043647 0.744625 0.834047 0.122106 -0.000055 -0.000049 0.000014 -0.000076 -0.000132 -0.019100 -0.000054 -0.000118 -0.000045 0.000029 0.000034 -0.017880 0.000002 0.187575
0.000025 0.000030 -0.000147 -0.000056 -0.000085 -0.000018 0.000104 -0.000070 -0.000060 -0.000016 0.109909 -0.000035 -0.002818 -0.000083 0.702490 -0.023035 0.000132 -0.000112 0.000034 0.003717 0.105712 0.961025 0.967482 0.071176 0.898898 0.852797 0.085169 0.066506 0.000084 0.000004 0.183572 -0.000099 -0.000068 0.128171 0.056731 -0.000034 -0.000125 0.092339 0.000090 -0.000052
0.068833 0.057057 -0.000078 0.000017 0.000072 -0.000008 0.000160 0.015272 -0.000078 0.918069 0.049311 0.016061 0.000097 0.000071 0.022817 0.000013 -0.000066 -0.071121 0.000553 0.007511 0.000096 -0.000099 1.001485 1.076314 0.086318 0.975632 0.947615 -0.000018 0.000047 0.000123 -0.023146 -0.000019 -0.000095 0.000093 0.009780 -0.000016 -0.000103 0.000042 0.000077 -0.000003
0.748522 0.043871 0.000073 -0.000048 0.000145 0.035771 0.051468 0.000075 0.000093 0.179276 0.000094 0.000068 0.000039 -0.000002 -0.000008 -0.000006 0.000070 -0.027751 -0.000137 0.067271 0.075440 0.000102 0.007491 0.871645 0.829826 0.251384 0.917034 0.887984 0.166953 0.027122 0.086447 -0.000009 0.000137 -0.000063 0.722934 -0.000045 0.000123 0.029602 0.000062 0.000118
0.072806 0.047744 0.055258 0.000073 0.039006 0.000071 0.000090 0.000032 0.000115 -0.000042 -0.000091 0.784842 -0.000064 -0.000002 -0.000048 -0.000063 0.000011 -0.000055 0.000037 -0.000034 0.022406 0.031404 -0.000064 0.063526 0.893924 1.078057 0.240053 0.904447 0.903117 0.094835 0.000129 0.000129 0.000029 -0.000035 0.130812 0.023782 0.060178 0.057239 0.006271 0.054426
0.000100 -0.000033 -0.012742 -0.000067 -0.000039 0.000079 0.000109 -0.024467 0.013572 0.000358 -0.139571 0.117008 -0.000057 -0.000057 -0.004663 0.000028 0.000022 -0.000123 0.000008 -0.000100 -0.000002 0.000030 -0.000021 0.000007 0.188862 0.850306 0.837366 0.254174 0.871342 0.698450 0.000517 0.094435 0.081493 -0.000079 0.025329 -0.000078 -0.000021 -0.000024 0.000015 -0.062501
0.000091 -0.114988 -0.008114 -0.011250 -0.124158 0.000034 0.000010 0.000016 -0.000124 0.000160 -0.000023 0.000021 -0.000009 0.000093 -0.000128 -0.000077 0.000072 -0.000136 -0.000106 -0.053092 -0.049588 -0.000038 0.000139 -0.000050 0.000027 0.080994 0.907142 0.869812 0.047039 1.044834 0.797691 0.005935 0.056963 -0.000013 0.007847 0.000011 0.064262 0.000130 0.000017 0.000004
0.035917 -0.000068 0.000113 0.000062 0.021804 -0.000046 0.000017 -0.014959 -0.016851 -0.000026 0.020771 0.000067 -0.000095 0.000028 0.105565 -0.000066 0.000017 0.044778 -0.000006 -0.000073 0.000166 0.000020 0.000036 -0.000074 0.000131 -0.000066 0.019013 0.848467 0.985471 0.133534 0.851418 0.821986 -0.000045 -0.000119 -0.000053 -0.014209 -0.127369 0.692762 0.000101 0.000058
0.000040 0.000052 0.000012 -0.000097 0.028276 -0.000025 -0.000061 0.000017 -0.006894 0.826940 0.058662 0.000089 -0.000042 0.000006 0.060387 1.036312 0.042884 0.049586 0.012840 0.000023 -0.108461 -0.025161 -0.000022 0.000095 -0.000050 -0.000132 0.023112 0.107164 0.928227 0.884949 0.089400 0.996622 0.821248 0.000041 0.000141 -0.000123 0.000060 0.010663 -0.000045 0.031917
0.039875 0.051039 0.000017 0.000004 0.002337 0.000084 -0.061065 -0.000053 -0.000028 0.000113 0.731389 -0.000096 -0.000026 0.019896 0.000022 0.000131 0.015797 -0.000023 0.000085 0.039898 0.000039 -0.000055 -0.000037 -0.000111 -0.000108 -0.000003 -0.000063 -0.000078 -0.000060 0.776065 0.792429 0.105101 0.876008 0.701490 0.000069 0.000052 0.000093 0.015151 0.034719 0.000024
0.000081 -0.000035 -0.000022 -0.000029 -0.000008 0.116558 0.000092 0.072571 0.115135 0.125597 0.901096 0.064424 0.016891 0.000088 0.000112 0.000045 -0.000093 0.042669 -0.000082 -0.007431 -0.000046 0.000055 0.000026 -0.000107 -0.000094 -0.000026 0.000075 0.000057 -0.000085 0.000084 0.932821 1.022628 0.141901 0.943009 0.973672 0.018546 0.015021 0.043807 0.014150 0.000025
0.000064 0.018655 -0.002859 -0.000074 -0.000010 0.018598 0.000090 -0.000037 0.000017 0.000049 0.036348 -0.000032 0.052554 0.000086 0.000112 0.002552 0.000125 0.000087 0.023583 0.000092 0.105478 0.000031 0.000116 0.094681 -0.000021 0.000028 0.096710 0.000048 -0.000024 0.041179 0.051903 0.823509 0.927313 0.126149 0.939682 0.888148 0.791685 -0.000124 0.049571 0.000021
0.000111 0.000004 -0.000004 0.000055 -0.000019 0.000171 0.000118 0.110476 0.000011 0.000128 0.071393 0.032916 -0.000032 0.000059 0.112497 0.000092 -0.000067 0.039515 -0.000140 0.000015 -0.000104 0.000040 -0.000034 0.000007 0.086028 0.726012 0.000110 0.000062 0.000102 -0.000057 0.033472 -0.000066 0.742755 0.793398 0.050347 0.914098 0.888401 -0.029949 -0.000044 -0.000051
0.025302 0.000026 0.000112 0.000121 -0.057452 -0.000018 -0.000010 0.000006 0.000021 0.000087 -0.000065 -0.000054 0.000036 0.009041 0.103168 0.034412 0.050759 0.200464 0.202296 0.041835 0.176216 0.031933 -0.000021 0.027026 0.000113 0.048728 -0.000051 -0.000067 -0.000058 0.000042 -0.015050 -0.000016 -0.000055 0.650614 0.690752 -0.000092 0.813469 0.550074 -0.000052 -0.000109
0.000060 0.002320 0.000061 0.000080 0.013320 0.117208 -0.000104 0.000030 -0.000064 -0.000081 0.000003 -0.000007 0.000076 0.066238 0.099954 -0.000030 0.043615 0.075689 0.000055 0.000074 0.000011 0.000048 0.000119 0.000059 -0.000037 -0.000070 -0.000103 0.000050 -0.000080 -0.000087 0.079849 -0.000028 -0.000023 0.283092 0.265468 0.310629 -0.000089 0.255932 0.390326 -0.000066
0.064470 0.015026 0.033768 0.000016 0.012678 0.002854 0.000003 0.000043 -0.000099 0.000000 -0.000012 -0.000030 0.000091 0.000013 -0.028266 0.003028 0.021916 0.761279 0.066028 0.000020 0.054379 0.195588 0.000089 -0.000029 -0.000053 0.000151 0.000044 0.000129 -0.000009 0.667171 0.000032 -0.000058 0.000044 -0.000045 0.000020 0.620279 0.716341 0.051066 0.633895 0.631758
0.711738 0.215628 0.212423 0.048764 0.138423 0.324901 0.118911 0.076281 -0.000002 0.000021 -0.000014 0.000037 -0.000018 -0.000043 -0.000057 0.000104 0.000121 0.157696 0.059619 0.058376 0.487327 0.038707 0.000026 0.000273 0.000107 0.000059 -0.000135 0.000169 -0.000127 0.000083 -0.000020 0.000092 0.000055 0.000094 -0.000005 0.000090 0.611382 0.806600 0.257961 0.801140
0.756888 0.630279 0.000050 0.013129 0.166779 0.603796 0.042483 0.047392 -0.011953 -0.000045 -0.000014 0.000063 0.000102 -0.000035 0.260535 0.000126 0.000089 0.000034 0.111942 0.034291 0.744779 0.000080 0.026404 0.000052 -0.000105 0.000095 -0.000081 0.000548 -0.000142 -0.000042 0.000066 0.007780 -0.000077 0.049438 0.051757 0.203614 0.290920 0.943904 0.861427 0.225576
