0.000066 0.961649 0.838301 -0.000005 0.019588 -0.000069 0.000018 0.000126 -0.000110 0.000100 0.000020 0.000106 0.000041 -0.000072 -0.000011 0.000007 -0.000016 -0.000067 0.000077 0.000056 0.071500 0.059781 -0.000036 0.057337 0.101570 0.650787 0.000035 0.047599 0.000080 0.000059 0.000066 -0.000105 -0.025764 0.000048 -0.000003 0.000057 -0.000101 -0.000031 0.900582 0.844915
0.688053 0.000117 0.856248 0.890434 0.261190 0.001142 -0.000045 0.160746 -0.000018 -0.000015 0.000123 0.000045 -0.000091 0.000136 0.103734 0.071510 0.089774 0.770080 0.216076 0.095724 0.000057 0.002686 0.968793 0.028429 0.000025 -0.000125 -0.000074 0.000113 -0.000019 -0.000083 0.084106 0.000019 -0.000022 0.077646 -0.000075 -0.000033 0.000018 0.000006 0.000037 0.813740
0.633061 0.681799 0.043221 0.793092 0.718041 0.064841 0.000037 0.136274 0.000076 -0.000012 0.000059 0.000001 0.002302 0.000093 0.000104 0.032356 0.052004 0.107045 0.039327 0.722700 0.217601 0.054767 -0.000105 -0.000020 0.000048 -0.000050 0.000003 -0.000068 0.000055 0.000163 0.000016 0.000052 -0.000011 0.000072 0.000030 0.000054 -0.000027 0.020120 -0.000008 0.000083
0.000057 0.000059 0.000084 0.000002 0.000142 -0.000026 -0.000030 0.000013 -0.000020 -0.000060 0.000019 0.000006 -0.000022 0.000068 0.000060 0.000039 0.000132 0.000138 0.000014 0.000101 0.000021 -0.000035 0.000014 -0.000024 0.000073 0.000092 0.000014 0.000028 0.000054 0.000042 0.000092 0.000010 0.000020 0.000026 -0.000016 -0.000013 0.000003 -0.000053 0.000024 -0.000017
0.066981 -0.000096 0.754979 0.904779 0.033012 0.858540 0.801505 0.076975 0.032736 -0.000006 -0.000012 0.000108 -0.000054 -0.000110 -0.000079 -0.000070 -0.000116 -0.000023 -0.000026 0.000009 0.666703 -0.000019 -0.000112 -0.000096 0.000068 -0.000038 -0.000005 -0.000028 0.000040 -0.019961 0.000079 -0.000001 0.000024 -0.089505 0.000095 -0.051715 -0.000084 0.000072 -0.000061 0.000023
0.402679 0.291497 0.084248 0.834039 0.622981 0.091539 0.810040 0.718563 -0.000137 0.000120 0.000069 -0.000025 -0.000108 -0.000026 0.650888 0.000164 0.000086 0.104731 -0.000072 0.000134 0.091865 -0.000066 -0.000008 0.000118 -0.000025 -0.000039 -0.000030 0.013704 -0.000032 -0.000001 -0.000080 -0.000012 0.000052 -0.000094 0.000044 -0.000067 0.023392 0.178814 0.034473 0.728307
0.117793 0.000002 0.000037 0.059168 0.694094 0.780144 0.258913 0.672056 0.739731 0.319602 0.166907 -0.000022 0.031859 0.000094 -0.000056 0.000052 -0.000098 0.000112 0.000029 0.000007 0.000014 -0.000031 -0.045535 0.000028 -0.000140 -0.000080 0.000016 0.000041 0.000030 0.034269 0.000010 0.059161 0.086797 0.104782 0.085358 0.050600 0.000095 0.000181 -0.000025 -0.000012
0.017739 -0.000063 0.000014 0.000002 0.000061 0.826593 0.828449 0.120155 1.018966 0.820810 -0.000067 0.015650 0.017998 -0.000062 0.000083 0.009293 0.000004 0.905393 -0.000149 -0.000146 -0.000111 -0.000045 -0.000049 0.000117 0.000062 0.000038 0.040684 -0.000084 0.000051 0.000035 -0.000019 -0.000010 -0.000003 -0.000082 0.000147 -0.000052 0.056879 -0.000023 -0.000048 0.043903
0.000116 -0.000016 0.000141 0.000071 0.272765 0.141526 0.788024 0.978185 0.130005 0.736307 0.690458 0.035545 0.000137 -0.000024 0.000035 0.000085 -0.002993 -0.000001 0.000103 0.083748 -0.000059 -0.029398 0.066944 -0.000054 0.000054 0.000118 0.000043 -0.000003 0.000085 0.000037 0.000129 0.023291 0.114491 0.037220 0.000116 0.000119 0.059914 -0.000062 -0.000019 -0.000063
0.000117 0.000041 0.014923 -0.000001 0.000039 0.000162 0.058061 0.708903 0.863546 0.000045 0.938447 0.950224 0.010416 -0.000036 0.026374 0.000045 -0.014696 -0.000046 0.000033 0.000042 -0.000017 0.000034 0.000083 0.000057 0.925986 0.039146 0.008982 -0.000002 0.000078 0.000083 0.748527 0.000108 0.000078 0.008680 0.000112 0.038021 0.005676 -0.087761 -0.000005 0.000011
0.000004 0.000039 -0.000018 0.000101 0.000040 0.065102 0.018909 0.089826 0.990827 0.853875 0.231954 0.857205 0.878455 0.000122 -0.000141 0.000023 -0.000118 0.000044 -0.000077 0.000029 -0.000088 0.000011 0.000002 0.000034 -0.000106 0.000055 0.003345 0.000003 0.000065 0.069129 0.086945 0.844223 0.804203 0.093253 0.000086 -0.000017 0.000151 0.000078 0.000074 -0.000045
0.000140 0.012463 -0.000031 0.000068 0.000052 -0.000036 0.000103 0.112835 0.045857 0.979609 0.977608 0.100280 0.992573 0.979570 -0.000093 0.006553 0.000093 -0.000022 0.000075 -0.000023 0.008153 0.000042 -0.000058 0.001306 0.040171 0.000004 0.893595 0.000022 -0.000083 0.000105 0.082280 0.040051 0.028989 0.000163 0.054682 0.000108 0.027939 0.058224 0.000068 -0.000087
-0.041999 -0.000010 0.000173 -0.000108 0.035639 0.042337 -0.000032 -0.000039 -0.000013 0.000013 0.927123 0.903692 0.002132 0.960270 0.995688 0.000090 -0.000056 0.000154 -0.000050 -0.000090 -0.000076 -0.000096 -0.000027 -0.000010 -0.000031 -0.000020 -0.000028 0.000082 -0.000105 -0.040338 0.071118 0.000004 0.000070 0.040197 0.000074 0.000033 -0.055710 0.000056 0.013883 -0.017121
0.000020 -0.000040 0.000101 0.000054 -0.000007 0.076545 -0.000003 0.000084 -0.000055 0.102728 0.000134 0.934494 0.985319 0.043056 0.775677 0.906014 0.066516 0.015401 -0.000040 -0.000055 0.000059 0.000002 0.000034 0.017411 -0.005135 0.000000 0.000076 0.000012 0.000116 -0.011188 -0.007533 0.023386 -0.000022 -0.001424 0.000137 0.000116 0.000108 -0.000021 0.000025 -0.000075
0.005110 0.000107 0.002210 0.000001 -0.019975 0.834395 -0.000103 -0.022466 -0.000034 0.000028 0.000057 -0.000051 0.946538 0.859407 -0.000047 1.009564 0.833927 0.000018 -0.000008 0.000071 0.053002 0.000187 -0.000044 0.892738 -0.000106 0.000114 0.000146 -0.031388 0.000085 0.134746 -0.009971 -0.000014 0.054057 0.037698 0.000056 0.070807 0.086593 -0.000103 0.000139 0.000014
0.047297 0.093429 0.065359 -0.000055 0.012924 0.010100 0.000048 0.000017 -0.000040 -0.035143 -0.000071 0.000088 -0.000104 0.753448 0.584477 0.000072 0.748245 0.622053 0.000029 0.000105 0.000124 0.000076 0.000001 -0.000018 -0.000071 -0.000043 -0.000070 0.000149 0.000019 -0.000141 0.677162 0.000034 -0.000025 0.205380 0.202645 0.134268 0.000058 0.279485 0.084542 0.000043
0.000016 0.100660 -0.000027 0.000091 0.000059 0.000011 -0.000080 0.000088 0.000034 0.051716 0.000042 0.000006 -0.000068 0.000017 0.467707 0.751475 0.000054 0.383685 0.458329 0.000129 -0.000097 0.000051 0.000035 -0.000128 0.000048 0.000003 -0.000055 -0.000003 0.002929 0.000024 -0.000038 0.000120 0.072050 0.031950 0.000015 0.000065 0.001052 0.190755 0.000058 0.000067
0.046249 0.648388 0.126666 0.065757 0.000052 0.000012 0.000090 0.663603 -0.000006 -0.000013 -0.000065 -0.000017 0.000071 0.000151 0.037410 0.764697 0.745283 0.422198 0.904800 0.786214 0.188717 0.141717 0.003544 0.000051 0.000015 0.000049 -0.000032 0.000040 -0.000007 0.027505 0.000031 -0.000088 -0.000069 -0.000028 -0.000097 -0.000060 0.000004 0.496081 0.000036 0.096972
0.051369 0.030214 0.027191 0.090191 0.250596 0.000005 0.029477 0.000006 -0.000078 -0.000049 -0.000045 0.000063 0.000115 0.000069 0.126973 0.022337 0.793070 0.590313 0.112044 0.956163 0.518707 0.766462 0.058459 -0.000013 0.000022 0.000116 -0.046273 0.000107 0.000078 0.015338 -0.000077 -0.000078 0.008855 0.128855 0.043538 0.111848 0.089105 0.133212 0.027043 0.168111
0.158867 0.189252 0.489276 0.000083 0.000101 0.000087 -0.000097 0.000092 0.000049 0.000082 -0.000023 0.000022 -0.000023 0.034246 -0.000036 0.063798 0.236433 0.634753 0.587173 0.208384 0.271249 0.494261 0.000026 0.000005 -0.034151 0.000055 0.000049 0.000116 0.000040 0.123179 0.000106 0.000012 -0.000083 0.000022 -0.000009 0.044383 0.226834 0.247818 0.146572 0.356229
0.097335 0.100136 0.193151 -0.000059 0.684976 -0.000001 0.000054 -0.000032 0.000023 -0.000079 -0.000069 0.007551 -0.000077 0.000048 -0.000026 0.000064 0.000044 0.191681 0.879336 0.866638 0.487049 1.239376 0.898437 0.063134 0.132529 0.000001 -0.013022 0.000106 -0.000101 0.000023 0.000012 -0.000137 0.000101 -0.000113 0.000039 0.000128 -0.000006 -0.000103 0.000015 0.823521
0.154339 0.055509 0.000105 0.000122 0.000023 0.000131 0.000170 -0.000051 -0.000002 0.040941 0.006314 0.000103 0.000104 -0.000049 0.000046 -0.000056 0.012012 -0.000065 0.437954 0.614605 0.437278 -0.000071 0.762580 0.655578 -0.000031 0.000009 0.000021 0.000097 0.000015 0.000000 -0.000145 0.005215 0.000097 0.034318 0.239953 -0.000006 0.072972 0.272821 -0.000000 -0.000051
0.000085 0.731925 -0.000163 -0.000080 0.105637 0.000000 -0.026634 0.000096 0.020999 -0.000178 -0.000174 0.000114 -0.000032 -0.000057 0.000058 -0.000034 0.000102 -0.060520 0.013803 0.000110 0.387628 0.725863 0.043384 0.736681 0.826527 0.128366 -0.000010 0.000024 -0.000100 -0.000037 0.000025 -0.018738 -0.000005 -0.000080 0.000113 -0.000081 0.000042 -0.028907 -0.000003 0.160961
0.000100 0.000119 -0.000124 0.000047 -0.000010 0.000152 0.000082 -0.000114 0.000037 0.000089 0.111645 0.000091 -0.002775 -0.000077 0.694464 -0.028814 0.000152 -0.000126 -0.000030 0.016397 0.109341 0.961969 0.967377 0.079977 0.897587 0.845881 0.085568 0.067598 0.000031 -0.000026 0.191022 -0.000017 0.000016 0.124498 0.053274 -0.000065 -0.000036 0.090500 -0.000018 -0.000143
0.069021 0.060426 -0.000121 0.000007 0.000167 0.000034 0.000110 0.016293 0.000010 0.916363 0.050994 0.016689 -0.000037 -0.000077 0.021378 0.000087 -0.000048 -0.022834 0.004836 0.001173 -0.000019 0.000030 1.002249 1.075089 0.088466 0.976837 0.947140 -0.000046 0.000047 0.000100 -0.017924 0.000044 0.000056 -0.000022 0.012014 -0.000063 -0.000071 0.000101 0.000074 0.012461
0.701527 0.047981 0.000065 -0.000031 0.008411 0.035856 0.052654 0.000127 -0.000034 0.182188 0.000075 0.000178 -0.000014 0.000072 -0.000003 0.000008 -0.000040 -0.000139 0.000025 0.054074 0.065389 -0.000037 0.007096 0.855953 0.827151 0.262000 0.914610 0.887515 0.171354 0.026279 0.094461 0.000030 0.000130 -0.000026 0.719400 -0.000017 0.000119 0.047634 0.000060 0.029136
0.095700 0.043542 0.048969 -0.000066 0.036723 0.000135 0.000105 0.000003 0.000081 0.000050 0.000050 0.779089 0.000017 0.000042 0.000085 0.000028 -0.000018 -0.000028 -0.000002 -0.000035 0.016587 0.030903 -0.000074 0.076515 0.895578 1.078368 0.246419 0.903740 0.900814 0.100149 0.000014 0.000133 0.000127 0.000096 0.140450 0.023573 0.046554 0.035744 0.009149 0.000080
0.018428 -0.000049 -0.007391 -0.000066 0.000061 0.000103 0.000014 -0.026403 0.013953 0.001894 -0.136190 0.120395 0.000048 -0.000022 -0.000069 -0.000155 -0.000040 0.000042 -0.009243 0.000009 -0.000063 0.000088 -0.000069 0.000020 0.189160 0.846921 0.834330 0.256269 0.869008 0.693310 0.003881 0.095590 0.086005 0.000010 0.016988 0.000040 0.000135 0.000111 -0.000049 -0.048835
0.000023 -0.116804 -0.004514 -0.009402 -0.121607 -0.000099 0.000059 0.000010 -0.000097 -0.000004 0.000032 -0.000063 0.000057 -0.000052 -0.000126 0.000010 -0.000039 0.000018 -0.000012 -0.045461 -0.031454 0.000010 0.000138 0.000062 0.000088 0.084469 0.906444 0.867888 0.047168 1.044690 0.788928 0.007807 0.058029 -0.000028 0.010547 -0.000006 0.089365 0.002293 -0.000042 0.000074
0.039916 -0.000075 0.000150 -0.000009 0.007057 -0.000062 0.000080 -0.014308 -0.017028 -0.000010 0.018917 0.000096 -0.000070 -0.000026 0.100610 -0.000045 -0.000067 0.014795 0.000023 0.000085 0.000083 -0.000006 -0.000075 -0.000039 0.000019 0.000012 0.019130 0.847003 0.986169 0.134564 0.840231 0.818797 0.000019 -0.000023 -0.000001 -0.012651 -0.138066 0.696789 0.000106 -0.000090
0.000123 -0.000090 -0.000002 -0.000123 0.024489 0.000008 -0.000007 -0.000008 -0.006806 0.822858 0.057978 -0.000058 0.000063 0.000047 0.061241 1.037613 0.047670 0.040253 0.016708 -0.000001 -0.097506 -0.027363 -0.000031 0.000047 0.000006 -0.000037 0.022673 0.109130 0.927963 0.883407 0.091491 0.996832 0.813995 0.000002 0.002779 0.000050 0.000100 0.005131 -0.000082 0.028794
0.031366 0.053268 -0.000033 0.000057 0.004290 -0.000004 -0.061304 -0.000021 0.000067 0.000028 0.718428 0.000006 0.000112 0.020048 -0.000018 0.000063 0.021920 0.000009 0.000128 0.032505 0.000052 -0.000007 0.000067 -0.000012 0.000007 -0.000013 0.000015 -0.000026 -0.000038 0.771115 0.773159 0.105135 0.864172 0.691367 0.000001 0.000105 0.000011 0.003723 0.023348 0.000070
0.000001 -0.000043 0.000152 -0.000009 0.000158 0.119357 0.000038 0.077573 0.116744 0.128692 0.901829 0.067337 0.016830 -0.000003 -0.000038 -0.000023 -0.000078 0.001781 -0.000051 -0.019128 -0.000023 -0.000140 -0.000055 0.000025 0.000011 -0.000089 -0.000070 -0.000001 0.000036 -0.000083 0.927248 1.023260 0.146769 0.940702 0.973212 0.021464 0.012651 0.036845 0.016324 0.000001
0.000037 0.022580 -0.002799 0.000021 -0.000128 0.022821 0.000068 0.000017 -0.000057 0.000061 0.037215 -0.000039 0.051660 0.000082 0.000002 0.006773 -0.000025 0.004654 0.023371 0.000123 0.094975 0.000003 0.000035 0.094664 -0.000029 0.000101 0.097912 -0.000072 0.000032 0.044076 0.054490 0.819074 0.923672 0.126088 0.929331 0.880876 0.757371 -0.000039 0.042328 -0.000119
0.000031 0.000073 -0.000077 0.000015 0.000086 0.000167 -0.000035 0.118651 -0.000023 -0.000001 0.069785 0.034843 0.000018 -0.000011 0.110161 0.000032 -0.000048 0.072879 -0.000041 -0.000144 -0.000071 0.000065 0.000039 0.000122 0.086551 0.715959 -0.000006 0.000034 -0.000061 0.000127 0.026560 0.000032 0.730667 0.787079 0.059667 0.916476 0.885861 -0.019584 0.000013 0.000051
0.045637 0.000036 0.000022 -0.000010 -0.045128 -0.000033 0.000056 0.000020 -0.000041 0.000024 0.000014 0.000124 0.000015 0.009530 0.106335 0.036658 0.039086 0.032691 0.227312 0.041652 0.177075 0.023503 -0.000030 0.030914 -0.000056 0.052158 -0.000050 0.000064 -0.000063 0.000108 -0.012649 -0.000028 -0.000084 0.638137 0.681828 -0.000002 0.732139 0.559887 0.000021 -0.000035
0.000002 0.000211 -0.000013 -0.000056 0.012517 0.104346 -0.000042 0.000087 -0.000079 -0.000082 -0.000039 0.000117 -0.000033 0.068252 0.094660 -0.000113 0.055462 0.066065 -0.000009 -0.000007 0.000069 -0.000059 -0.000028 -0.000058 0.000024 -0.000047 -0.000081 0.000110 -0.000017 0.000041 0.081955 0.000030 -0.000047 0.247433 0.229674 0.279272 0.000052 0.143429 0.310578 -0.000055
0.071325 0.009908 0.039322 -0.000069 0.018857 0.009691 -0.000127 0.000127 0.000064 -0.000095 -0.000065 0.000102 0.000032 0.000065 -0.018357 0.005246 0.026377 0.691695 0.108204 0.000103 0.054907 0.195592 0.000088 0.000075 -0.000072 -0.000028 -0.000059 -0.000056 -0.000074 0.653322 -0.000013 -0.000015 0.000026 0.000003 0.000022 0.595410 0.669274 0.050092 0.613947 0.535902
0.654897 0.217454 0.215171 0.077503 0.151234 0.328447 0.119963 0.077212 -0.000103 0.000130 0.000083 0.000024 0.000029 -0.000002 0.000006 0.000042 0.000005 0.045975 0.091301 0.065137 0.497753 0.032871 0.000081 0.000096 -0.000011 0.000049 0.000016 0.000135 -0.000114 0.000122 0.000051 0.000087 0.000043 0.000137 -0.000096 -0.000040 0.549187 0.729842 0.273106 0.634543
0.752082 0.624613 0.000102 0.011678 0.159376 0.593601 0.045855 0.048682 -0.012049 -0.000042 0.000065 -0.000026 0.000085 0.000055 0.264787 0.000116 0.000148 0.056462 0.142916 0.057110 0.741625 0.000041 0.027281 0.000093 -0.000035 0.000073 -0.000121 0.000746 -0.000001 -0.000028 0.000025 0.007895 0.000092 0.049893 0.052351 0.207055 0.355988 0.934787 0.835789 0.252712
