-0.111420 0.339150 0.339343 0.221414 0.125322 0.156072 0.170696 0.146227 0.172588 0.061139 0.145011 0.084472 -0.120818 0.181403 0.071005 0.085823 0.078802 0.115391 0.063503 0.129919 0.070102 0.110476 0.080933 0.123992 0.079356 0.086202 0.071167 0.100841 0.075428 0.121683 0.128021 0.195673 0.285607 0.412156
-0.013688 0.260248 0.268388 0.181847 0.100694 0.111772 0.114867 0.135263 0.135849 0.046039 0.100279 0.047521 0.000000 0.149918 0.053568 0.052529 0.056435 0.091775 0.052901 0.116925 0.051338 0.088931 0.050545 0.103626 0.056091 0.064137 0.052707 0.087447 0.058746 0.097218 0.113242 0.146982 0.241171 0.347109
0.000000 0.169999 0.192457 0.111280 0.099756 0.137963 0.118366 0.135794 0.097757 0.093768 0.065747 0.035735 0.838579 0.142585 0.051931 0.044770 0.086048 0.071542 0.059015 0.067628 0.049682 0.042431 0.071653 0.074196 0.051305 0.058489 0.048190 0.098477 0.080177 0.074286 0.074089 0.111190 0.170542 0.202828
1.305369 0.303573 0.316652 0.176607 0.116377 0.152070 0.153631 0.164710 0.149930 0.073747 0.107492 0.057744 1.590161 0.184919 0.068389 0.077899 0.079329 0.093816 0.075065 0.112891 0.073442 0.085241 0.087893 0.116638 0.073375 0.078472 0.075084 0.105360 0.072282 0.115707 0.120455 0.165267 0.262201 0.375360
1.021836 0.280538 0.278262 0.187965 0.134870 0.163027 0.173210 0.155876 0.145161 0.081673 0.135829 0.055417 0.030168 0.164125 0.068243 0.075750 0.093039 0.092004 0.073482 0.106732 0.067790 0.084240 0.086698 0.109497 0.067248 0.071467 0.060479 0.100132 0.071410 0.110475 0.118094 0.165000 0.236267 0.321679
-0.217300 0.240680 0.251300 0.167989 0.102196 0.128222 0.140912 0.112216 0.132634 0.049464 0.115346 0.045453 0.000000 0.125001 0.054360 0.058744 0.070077 0.071532 0.052644 0.098561 0.055015 0.074555 0.055583 0.109674 0.057926 0.062175 0.051065 0.089509 0.062264 0.095642 0.102041 0.159804 0.249557 0.357165
-0.191008 0.269601 0.264988 0.173433 0.140070 0.165310 0.140794 0.137435 0.149317 0.063691 0.103511 0.044296 -0.081811 0.139818 0.057203 0.065553 0.084682 0.076031 0.061273 0.099734 0.060431 0.071502 0.067102 0.105185 0.067751 0.066533 0.061173 0.083290 0.071326 0.104448 0.113051 0.150589 0.241725 0.351941
1.120132 0.266160 0.269589 0.171203 0.092352 0.117773 0.117088 0.115856 0.105221 0.044061 0.086311 0.049030 -0.063806 0.142978 0.048279 0.048277 0.057570 0.086232 0.049202 0.100932 0.046470 0.077152 0.054805 0.080185 0.049855 0.053975 0.044704 0.079466 0.053205 0.078557 0.087732 0.125815 0.200893 0.275011
0.000000 0.240298 0.284343 0.135907 0.078480 0.102877 0.110263 0.097421 0.116584 0.061767 0.085513 0.056429 -0.478901 0.129178 0.064303 0.073469 0.058816 0.063960 0.064346 0.085687 0.063608 0.059244 0.079351 0.124635 0.086050 0.082127 0.056140 0.118441 0.064368 0.105268 0.109461 0.176091 0.304694 0.422023
0.000000 0.184846 0.227952 0.108114 0.082932 0.101343 0.088280 0.098251 0.103467 0.056397 0.066798 0.029732 0.000000 0.116816 0.059128 0.049961 0.048932 0.062431 0.065463 0.067289 0.057214 0.049759 0.063541 0.112367 0.057687 0.071283 0.042948 0.093250 0.054021 0.110983 0.091144 0.137089 0.227528 0.323547
2.101375 0.260611 0.267748 0.172424 0.145940 0.174582 0.151775 0.142917 0.147852 0.077839 0.108853 0.041913 -0.633128 0.149378 0.066467 0.067192 0.091970 0.085291 0.071919 0.096557 0.064677 0.071595 0.076288 0.115997 0.068662 0.078671 0.063945 0.097428 0.079065 0.114719 0.115798 0.161592 0.254613 0.345915
2.270633 0.354477 0.359516 0.220708 0.129468 0.168233 0.177389 0.156884 0.181185 0.075587 0.142539 0.088611 2.050076 0.200876 0.083927 0.095964 0.087096 0.124113 0.076279 0.136194 0.079301 0.111633 0.096194 0.134048 0.083375 0.091461 0.078384 0.118549 0.084144 0.133892 0.134557 0.206421 0.303614 0.437052
2.342861 0.298762 0.310486 0.213352 0.119631 0.146334 0.159023 0.155450 0.150580 0.082176 0.133268 0.074950 0.380996 0.172335 0.075296 0.076811 0.088646 0.106819 0.066923 0.116853 0.076044 0.099556 0.087753 0.130149 0.089676 0.097162 0.076262 0.104717 0.072706 0.119801 0.128478 0.182270 0.294831 0.407827
0.547181 0.310868 0.316406 0.210259 0.118354 0.139926 0.153947 0.133602 0.159532 0.060355 0.131019 0.062396 -0.452973 0.154002 0.066210 0.082080 0.075625 0.090496 0.071008 0.114536 0.066811 0.091886 0.078422 0.125358 0.076008 0.072612 0.058981 0.101962 0.066134 0.115817 0.120850 0.181170 0.279141 0.418163
0.000000 0.251565 0.292978 0.140076 0.090196 0.099843 0.101101 0.108997 0.161776 0.062624 0.088470 0.050676 0.000000 0.133555 0.083965 0.089397 0.051273 0.075107 0.084536 0.106792 0.088642 0.069371 0.088307 0.186182 0.103502 0.108544 0.083883 0.125528 0.082484 0.158228 0.137932 0.215293 0.396545 0.545106
0.000000 0.242578 0.291326 0.135657 0.089357 0.103448 0.112951 0.101432 0.161254 0.064239 0.095092 0.050489 0.000000 0.126537 0.084028 0.091402 0.051126 0.071263 0.086214 0.104234 0.087926 0.065351 0.091208 0.188842 0.101451 0.105531 0.080751 0.129274 0.080414 0.156019 0.136485 0.224950 0.387979 0.542498
0.717965 0.249505 0.256864 0.167161 0.105147 0.142379 0.155465 0.114995 0.138240 0.051584 0.117754 0.042576 0.000000 0.130913 0.057898 0.068610 0.066020 0.073537 0.064175 0.093146 0.059306 0.072450 0.064815 0.113981 0.060132 0.058738 0.051529 0.087530 0.061051 0.107428 0.104095 0.154515 0.236955 0.343755
1.853232 0.326089 0.320546 0.197856 0.116193 0.138991 0.151637 0.143505 0.145489 0.065102 0.126085 0.072867 0.413897 0.173557 0.065834 0.072932 0.077767 0.101864 0.065567 0.124994 0.064389 0.095664 0.077228 0.118123 0.072086 0.072838 0.059454 0.112648 0.066375 0.102388 0.116689 0.181198 0.275445 0.387983
0.219092 0.254475 0.310621 0.148044 0.102276 0.118874 0.123851 0.124509 0.165884 0.073747 0.094202 0.053644 0.000000 0.140210 0.086262 0.091928 0.065430 0.076169 0.087169 0.113306 0.094532 0.069604 0.098401 0.184316 0.111988 0.114875 0.092648 0.127372 0.086181 0.158467 0.150196 0.224949 0.396888 0.556268
0.382621 0.284845 0.294099 0.159868 0.098362 0.116242 0.121569 0.117489 0.156821 0.061131 0.107983 0.061489 0.000000 0.143963 0.076634 0.076513 0.056869 0.086586 0.067296 0.107522 0.077692 0.085654 0.074370 0.146339 0.083157 0.093493 0.073938 0.106854 0.066809 0.130651 0.129762 0.197369 0.320824 0.471560
3.029629 0.263731 0.319155 0.140544 0.103462 0.128296 0.128929 0.133237 0.168456 0.085510 0.087987 0.055609 1.332328 0.159581 0.095279 0.097118 0.076157 0.083689 0.095056 0.115789 0.098952 0.070416 0.110416 0.179736 0.106549 0.114891 0.094696 0.142591 0.090773 0.163545 0.148136 0.228702 0.396978 0.553349
0.374200 0.320165 0.314160 0.188096 0.113090 0.134628 0.143193 0.137383 0.161670 0.052019 0.113555 0.063909 -1.167270 0.168602 0.065445 0.079475 0.066177 0.104779 0.068948 0.122089 0.067522 0.092533 0.076172 0.131990 0.071148 0.080350 0.069304 0.100628 0.071420 0.129869 0.130377 0.184080 0.277331 0.408327
0.000000 0.236944 0.290185 0.132040 0.101164 0.118717 0.120653 0.115095 0.161398 0.074757 0.090546 0.047646 0.000000 0.129038 0.083148 0.089446 0.065842 0.065649 0.084267 0.103456 0.090245 0.060315 0.096326 0.180335 0.105840 0.108820 0.087780 0.127264 0.083799 0.154851 0.144607 0.224191 0.380744 0.542486
-2.440089 0.259385 0.311203 0.148456 0.092425 0.107570 0.112466 0.113804 0.159772 0.059473 0.093433 0.051345 0.000000 0.138353 0.080124 0.085154 0.051186 0.076070 0.080657 0.107766 0.083683 0.071851 0.084248 0.184886 0.103540 0.107706 0.078518 0.126631 0.077661 0.158637 0.138078 0.218510 0.389976 0.551395
0.000000 0.224450 0.277612 0.111182 0.072918 0.090359 0.100206 0.097501 0.143476 0.072196 0.072723 0.047461 0.000000 0.130660 0.084263 0.088713 0.053908 0.073006 0.086921 0.096850 0.082486 0.056288 0.094922 0.164193 0.088583 0.103600 0.075793 0.142283 0.080384 0.140835 0.126169 0.214174 0.350440 0.480251
0.000000 0.247334 0.294344 0.138006 0.092510 0.109887 0.107644 0.102934 0.158299 0.059638 0.091617 0.048026 0.000000 0.125490 0.078716 0.086305 0.052200 0.067249 0.079359 0.096749 0.082972 0.061618 0.085570 0.184112 0.106474 0.102083 0.074423 0.119947 0.080234 0.154506 0.127122 0.213704 0.379032 0.540892
0.000000 0.254716 0.300851 0.130973 0.091393 0.112262 0.110478 0.112416 0.164274 0.074999 0.084404 0.052681 -1.162128 0.147640 0.091010 0.094638 0.063043 0.080253 0.092514 0.105377 0.090569 0.066308 0.101872 0.181769 0.098322 0.105212 0.080991 0.141043 0.085400 0.161769 0.131359 0.223340 0.388466 0.539792
0.000000 0.208748 0.279858 0.106740 0.079504 0.110289 0.113384 0.108283 0.136762 0.082545 0.069503 0.051774 0.380846 0.131116 0.079773 0.088138 0.062607 0.065443 0.084488 0.091536 0.087989 0.046136 0.103463 0.161675 0.109118 0.101004 0.081675 0.131249 0.086704 0.132584 0.124389 0.201546 0.327396 0.467304
0.000000 0.240011 0.287635 0.128932 0.101227 0.109852 0.122457 0.122720 0.142823 0.095930 0.095511 0.065576 0.000000 0.143797 0.095959 0.098302 0.083932 0.094505 0.090945 0.105570 0.080711 0.082125 0.111114 0.172961 0.108787 0.117681 0.074531 0.145598 0.098767 0.151806 0.129025 0.229945 0.352624 0.473285
0.743858 0.266057 0.306059 0.140060 0.088660 0.109168 0.115304 0.119872 0.161355 0.075137 0.089436 0.058418 0.053723 0.157919 0.091603 0.095153 0.059793 0.087620 0.092905 0.114449 0.092597 0.073865 0.102114 0.185223 0.097730 0.108467 0.090992 0.143058 0.085548 0.158172 0.135159 0.219128 0.393458 0.524474
0.000000 0.243598 0.262422 0.137396 0.094958 0.101558 0.091969 0.098847 0.153349 0.052621 0.083310 0.042093 0.000000 0.120511 0.069919 0.071706 0.054211 0.066659 0.067658 0.093581 0.070189 0.063039 0.070193 0.154671 0.082765 0.086092 0.066688 0.103043 0.068898 0.132969 0.112662 0.186297 0.337486 0.480585
0.000000 0.219686 0.267230 0.130194 0.083874 0.094345 0.088651 0.099449 0.138432 0.052251 0.076646 0.044788 0.000000 0.113396 0.067710 0.074898 0.043758 0.065977 0.066972 0.091355 0.071165 0.061613 0.070809 0.156400 0.102931 0.100801 0.069627 0.099575 0.084032 0.129047 0.117006 0.181630 0.342163 0.473606
0.000000 0.249835 0.300097 0.136397 0.093275 0.107868 0.108287 0.106783 0.165331 0.065044 0.091432 0.048567 0.000000 0.130690 0.086465 0.092280 0.051713 0.070956 0.087512 0.103836 0.090476 0.065186 0.092288 0.189421 0.103132 0.106493 0.079232 0.129050 0.081988 0.164154 0.139362 0.224562 0.388788 0.555049
0.000000 0.251063 0.293482 0.139148 0.094872 0.108821 0.114123 0.109050 0.166546 0.069131 0.098039 0.050461 0.000000 0.136114 0.087297 0.094150 0.053208 0.074285 0.090480 0.112186 0.092524 0.068149 0.093717 0.186018 0.097681 0.103250 0.084902 0.133007 0.087832 0.158517 0.140284 0.223342 0.381496 0.529360
