0.959024 0.261898 0.265513 0.169502 0.097806 0.119206 0.127666 0.113292 0.129123 0.043508 0.107171 0.060222 0.872718 0.137233 0.051013 0.059852 0.057589 0.084684 0.047613 0.099584 0.051252 0.082094 0.057349 0.095790 0.061144 0.065459 0.051911 0.077264 0.056288 0.091371 0.097730 0.149307 0.225032 0.325734
0.387012 0.210362 0.219291 0.147550 0.080522 0.090209 0.093145 0.108730 0.108372 0.036346 0.080054 0.038634 0.000000 0.121794 0.042867 0.042118 0.045639 0.074430 0.042432 0.094041 0.041140 0.071767 0.041081 0.082285 0.045456 0.051996 0.042483 0.070127 0.046077 0.078102 0.091272 0.118130 0.193869 0.280601
0.000000 0.108716 0.118651 0.076911 0.063838 0.083336 0.067276 0.083075 0.065280 0.049631 0.045051 0.019052 0.000000 0.081782 0.025869 0.024035 0.044753 0.037057 0.029538 0.040855 0.026418 0.026174 0.032679 0.046227 0.032251 0.032057 0.025024 0.055970 0.049138 0.044930 0.047791 0.068945 0.108334 0.139702
1.157439 0.225760 0.237407 0.134819 0.085574 0.106981 0.105605 0.118712 0.110116 0.045068 0.081242 0.040087 1.112711 0.130604 0.045384 0.051785 0.051335 0.065381 0.048842 0.081828 0.049472 0.063642 0.054411 0.086544 0.054338 0.056969 0.050581 0.073610 0.050352 0.084767 0.088669 0.121237 0.197062 0.288849
1.081841 0.207757 0.208438 0.135570 0.093671 0.115290 0.122845 0.109752 0.106220 0.052123 0.097822 0.038711 0.000000 0.118547 0.046894 0.051023 0.059466 0.064136 0.049205 0.077976 0.046514 0.060870 0.055687 0.078931 0.045997 0.047531 0.040872 0.071192 0.049810 0.078339 0.084647 0.120328 0.173091 0.243458
-0.166168 0.192386 0.202123 0.134903 0.080924 0.102471 0.113436 0.088284 0.104216 0.038545 0.090991 0.036292 0.000000 0.099066 0.042885 0.045949 0.055989 0.056929 0.041572 0.077868 0.043216 0.059045 0.044035 0.085994 0.046167 0.049025 0.040108 0.070746 0.047810 0.075667 0.080733 0.127372 0.198138 0.284935
0.887978 0.211837 0.209280 0.134866 0.106695 0.125285 0.103385 0.102299 0.113603 0.044845 0.079405 0.034317 0.000000 0.107648 0.043089 0.047575 0.062257 0.058460 0.044965 0.076066 0.043907 0.055894 0.047490 0.081499 0.051272 0.049614 0.042421 0.065675 0.053397 0.080077 0.083613 0.117301 0.190362 0.279633
0.000000 0.205127 0.206669 0.138182 0.074472 0.088268 0.084958 0.086201 0.081825 0.026895 0.068584 0.035400 0.000000 0.101579 0.031625 0.032968 0.040179 0.062011 0.031821 0.076360 0.032571 0.059530 0.033797 0.061296 0.039590 0.041524 0.032610 0.053792 0.038562 0.059354 0.069607 0.094670 0.154636 0.217544
0.000000 0.181597 0.215548 0.104320 0.062417 0.077244 0.078897 0.071376 0.088888 0.039171 0.063927 0.037886 0.000000 0.089185 0.043658 0.049935 0.038060 0.043601 0.043610 0.062164 0.045518 0.042838 0.050274 0.097458 0.067420 0.064034 0.042146 0.081756 0.048246 0.081449 0.086550 0.132428 0.235814 0.332792
0.000000 0.144783 0.182409 0.082299 0.061467 0.075350 0.066177 0.074716 0.082297 0.039227 0.050762 0.023147 0.000000 0.088053 0.043902 0.039793 0.034417 0.043717 0.047543 0.053310 0.043599 0.037583 0.046824 0.084739 0.044707 0.052680 0.033051 0.071142 0.040300 0.084104 0.073160 0.108414 0.177166 0.264254
1.847297 0.199551 0.207579 0.130289 0.106872 0.127287 0.108755 0.103175 0.111672 0.052805 0.081554 0.031740 0.000000 0.110564 0.047798 0.048351 0.063390 0.060201 0.049845 0.072948 0.045998 0.054062 0.051594 0.085960 0.049918 0.054722 0.044135 0.073791 0.057362 0.083478 0.085152 0.123233 0.194915 0.271964
1.172219 0.264989 0.270883 0.166905 0.099907 0.123394 0.125669 0.116740 0.133086 0.049077 0.103952 0.059656 0.321396 0.141884 0.056441 0.063991 0.059114 0.085483 0.052588 0.100191 0.055315 0.080349 0.062193 0.101380 0.063687 0.067649 0.055090 0.083511 0.060532 0.098455 0.101869 0.152031 0.231521 0.338893
2.188687 0.225369 0.237487 0.160497 0.086028 0.103618 0.114558 0.111789 0.111532 0.051703 0.095834 0.052182 0.000000 0.125595 0.050856 0.053567 0.058894 0.076643 0.046993 0.087992 0.052136 0.072443 0.058545 0.096281 0.063977 0.067778 0.053127 0.076221 0.051818 0.087391 0.093806 0.133586 0.221809 0.313111
0.622497 0.239745 0.248641 0.161582 0.091436 0.108974 0.117513 0.102951 0.122330 0.044306 0.097572 0.046497 0.000000 0.118507 0.050204 0.058992 0.056391 0.069619 0.052881 0.088204 0.050557 0.069680 0.057210 0.097563 0.058803 0.056614 0.045635 0.077555 0.051070 0.089659 0.092909 0.140307 0.218876 0.330770
0.000000 0.202143 0.236324 0.112544 0.072343 0.080794 0.081053 0.087000 0.128375 0.049501 0.069661 0.040282 0.000000 0.107809 0.066610 0.070626 0.041710 0.060483 0.067198 0.085346 0.070071 0.055443 0.070229 0.146698 0.082180 0.086350 0.066527 0.100286 0.065048 0.125917 0.109727 0.171393 0.316469 0.435685
0.000000 0.194864 0.234977 0.109226 0.071554 0.083637 0.091237 0.080835 0.127766 0.050821 0.075229 0.040262 0.000000 0.101712 0.066676 0.071989 0.041534 0.057132 0.068486 0.083126 0.069432 0.052149 0.072348 0.148969 0.080580 0.083794 0.063942 0.103160 0.063095 0.124053 0.108562 0.179892 0.309662 0.433378
0.203745 0.193380 0.202662 0.129699 0.080946 0.110175 0.120006 0.089162 0.105232 0.039411 0.090375 0.033223 0.000000 0.101431 0.044625 0.050417 0.051466 0.055417 0.047613 0.072098 0.044968 0.055552 0.048334 0.088084 0.047606 0.045447 0.038898 0.068929 0.046506 0.082736 0.080510 0.122372 0.188021 0.275761
1.526140 0.249298 0.244638 0.154757 0.091267 0.105604 0.112997 0.107276 0.110652 0.042075 0.095947 0.052004 0.000000 0.125183 0.045066 0.049770 0.054067 0.074154 0.044820 0.093687 0.045965 0.072011 0.050073 0.089783 0.055343 0.055707 0.044555 0.077671 0.048471 0.077293 0.090763 0.135590 0.209125 0.300019
0.000000 0.203399 0.248825 0.118526 0.078084 0.090568 0.095800 0.093870 0.129632 0.053668 0.074491 0.042072 0.000000 0.110326 0.066919 0.070912 0.048341 0.061297 0.067814 0.088468 0.071796 0.056141 0.074193 0.144866 0.086248 0.088919 0.068798 0.101340 0.065463 0.125079 0.115098 0.177546 0.315204 0.442101
0.564294 0.228813 0.236849 0.127423 0.079523 0.092457 0.095568 0.094311 0.122577 0.045994 0.082744 0.046139 0.000000 0.113825 0.058620 0.059568 0.045797 0.066869 0.054345 0.085488 0.059411 0.065160 0.058608 0.116057 0.065780 0.072871 0.056893 0.086036 0.052768 0.103831 0.103185 0.156759 0.256911 0.379180
1.860254 0.199685 0.243094 0.110163 0.077578 0.091216 0.090635 0.094695 0.128187 0.055471 0.068096 0.038956 0.000000 0.112074 0.067759 0.069918 0.050068 0.059510 0.067382 0.084859 0.071243 0.053235 0.074059 0.138851 0.081677 0.086432 0.067219 0.103266 0.065681 0.126033 0.112531 0.173173 0.305570 0.432313
0.757975 0.253224 0.250770 0.148019 0.089054 0.104871 0.110041 0.109055 0.123787 0.040522 0.088833 0.048925 0.000000 0.131948 0.050256 0.058526 0.050609 0.078962 0.052725 0.095508 0.052162 0.072442 0.056950 0.102416 0.056521 0.062640 0.051893 0.079813 0.053194 0.099217 0.102208 0.144995 0.221338 0.327881
0.000000 0.190294 0.233100 0.105523 0.076971 0.090925 0.093619 0.086488 0.126052 0.054683 0.071787 0.037355 0.000000 0.101539 0.064893 0.069313 0.048233 0.052625 0.066143 0.080262 0.068833 0.048426 0.072808 0.142663 0.081768 0.083854 0.064847 0.101502 0.063514 0.122845 0.110953 0.177747 0.302314 0.431959
-0.591895 0.211521 0.254452 0.121234 0.075208 0.088576 0.092004 0.092474 0.128168 0.047527 0.074940 0.041501 0.000000 0.113389 0.064330 0.067979 0.042221 0.062058 0.064789 0.087227 0.066734 0.058262 0.067639 0.147380 0.083523 0.086693 0.062879 0.102291 0.061743 0.128043 0.111389 0.176578 0.314933 0.447058
0.000000 0.167010 0.209057 0.086609 0.056654 0.064403 0.070160 0.070207 0.108770 0.048058 0.055698 0.032649 0.000000 0.089087 0.059236 0.063298 0.035605 0.049166 0.060814 0.070607 0.060358 0.040847 0.063845 0.125895 0.068694 0.079187 0.056272 0.101175 0.058315 0.107331 0.098700 0.161984 0.267406 0.372105
0.000000 0.200039 0.238800 0.111480 0.074596 0.089684 0.087124 0.082628 0.125939 0.047298 0.072650 0.038343 0.000000 0.101581 0.062685 0.068363 0.042668 0.054226 0.063379 0.077416 0.065695 0.049318 0.068177 0.145798 0.085358 0.081212 0.058786 0.096112 0.063253 0.123929 0.101589 0.171594 0.303776 0.435947
0.000000 0.193085 0.229797 0.103204 0.071864 0.083454 0.079194 0.083117 0.126654 0.051229 0.065242 0.037031 0.000000 0.103905 0.065266 0.069091 0.043786 0.056229 0.066327 0.078280 0.067249 0.049226 0.070504 0.140844 0.078134 0.080805 0.060553 0.101703 0.063500 0.125543 0.103422 0.170571 0.299851 0.424367
0.000000 0.151956 0.204990 0.081902 0.057480 0.073827 0.075921 0.071968 0.100128 0.050359 0.053078 0.034415 0.000000 0.084845 0.053766 0.060290 0.037161 0.042741 0.056522 0.063605 0.060263 0.033480 0.064864 0.122425 0.081692 0.073570 0.054698 0.089516 0.059932 0.099589 0.091339 0.148555 0.245599 0.357978
0.000000 0.165408 0.207157 0.093202 0.067463 0.074343 0.081197 0.080369 0.105844 0.056069 0.065854 0.038754 0.000000 0.093594 0.059470 0.063032 0.047679 0.056082 0.058914 0.069833 0.055439 0.050349 0.066992 0.122197 0.076692 0.078248 0.049499 0.096235 0.064363 0.106807 0.091607 0.161479 0.256101 0.356994
0.000000 0.200518 0.232059 0.110006 0.069150 0.079797 0.082736 0.088448 0.123269 0.051106 0.068768 0.041443 0.000000 0.112076 0.065043 0.068625 0.041158 0.061872 0.065774 0.085463 0.068100 0.055393 0.070038 0.142075 0.076288 0.083261 0.068579 0.103006 0.063151 0.120795 0.105580 0.165813 0.302854 0.407713
0.000000 0.196707 0.213742 0.111195 0.076362 0.082705 0.074327 0.078985 0.122229 0.041795 0.065940 0.033791 0.000000 0.097400 0.055991 0.057342 0.044003 0.053943 0.054565 0.075337 0.056281 0.050390 0.056763 0.122955 0.066597 0.068889 0.053326 0.082894 0.054694 0.106822 0.090301 0.149586 0.270553 0.386273
0.000000 0.176435 0.215098 0.104550 0.068036 0.076814 0.070640 0.079215 0.109730 0.041059 0.060189 0.035801 0.000000 0.091908 0.053601 0.058843 0.035718 0.053266 0.052978 0.073127 0.056125 0.049601 0.056198 0.122618 0.081530 0.079897 0.055004 0.078911 0.065772 0.102407 0.092716 0.143280 0.272633 0.377821
0.000000 0.201738 0.242916 0.109860 0.075180 0.088030 0.087316 0.085788 0.131873 0.051718 0.072259 0.038635 0.000000 0.105905 0.069119 0.073340 0.042257 0.057222 0.070064 0.083018 0.071853 0.052047 0.073755 0.150023 0.082321 0.084900 0.062836 0.103474 0.064847 0.131726 0.111449 0.180056 0.310765 0.445901
0.000000 0.199589 0.234382 0.110288 0.075034 0.086745 0.090644 0.085802 0.131126 0.054327 0.076347 0.039750 0.000000 0.108141 0.069044 0.073924 0.042673 0.058932 0.071482 0.088227 0.072727 0.053657 0.074127 0.146176 0.076902 0.081811 0.066919 0.105393 0.068296 0.125371 0.110793 0.177307 0.302555 0.420376
