0.313272 0.297126 0.318045 0.201650 0.119592 0.145859 0.156604 0.139081 0.163584 0.058192 0.133452 0.077716 0.272191 0.168146 0.067931 0.079583 0.074529 0.107120 0.061239 0.124814 0.067251 0.103723 0.076057 0.117170 0.076517 0.082987 0.067888 0.097468 0.071290 0.115250 0.124525 0.183522 0.256450 0.341534
0.231726 0.234606 0.257168 0.168302 0.097230 0.107519 0.110564 0.129195 0.132723 0.045296 0.096192 0.046720 0.000000 0.143726 0.052415 0.051745 0.055549 0.089194 0.051846 0.112864 0.050464 0.085695 0.049898 0.098530 0.054832 0.062868 0.051914 0.084965 0.056481 0.094220 0.110212 0.141308 0.217161 0.290996
0.000000 0.148088 0.164007 0.101546 0.087905 0.117579 0.101818 0.116602 0.092445 0.078537 0.062685 0.033333 0.000000 0.117324 0.046875 0.041705 0.072917 0.060014 0.052160 0.063084 0.045193 0.040856 0.058115 0.068585 0.048163 0.052293 0.042335 0.083873 0.073352 0.068720 0.068686 0.102764 0.149517 0.169685
1.246459 0.265501 0.287891 0.164382 0.109252 0.138524 0.137874 0.149971 0.143876 0.065946 0.102942 0.055246 1.447340 0.165490 0.064942 0.072762 0.072564 0.086999 0.069891 0.107963 0.069206 0.081652 0.077737 0.111245 0.070474 0.075782 0.070142 0.097554 0.068471 0.110920 0.115021 0.158169 0.238021 0.315528
1.467112 0.246299 0.258780 0.169582 0.123107 0.147105 0.155938 0.142159 0.138992 0.073111 0.125048 0.052268 0.214951 0.152283 0.065304 0.070247 0.082830 0.085394 0.068585 0.102246 0.064481 0.080225 0.078105 0.103112 0.063893 0.066510 0.056265 0.095226 0.067197 0.103941 0.112221 0.156567 0.214814 0.275415
0.000000 0.218687 0.242245 0.157992 0.098212 0.122580 0.134829 0.108760 0.130103 0.048772 0.110763 0.044517 0.000000 0.121023 0.053466 0.057490 0.068845 0.070253 0.052136 0.095536 0.054008 0.072612 0.054596 0.105231 0.056414 0.060408 0.050282 0.087644 0.059317 0.093488 0.100302 0.153613 0.227350 0.298887
0.664619 0.241324 0.252432 0.160157 0.130150 0.151618 0.127016 0.127175 0.143798 0.058994 0.098471 0.043439 -0.354436 0.133357 0.055839 0.062175 0.079093 0.073463 0.058707 0.096457 0.057914 0.069102 0.062107 0.100919 0.065066 0.064200 0.056851 0.082186 0.067902 0.100643 0.107192 0.146621 0.221745 0.294427
0.000000 0.232937 0.244241 0.158073 0.088505 0.109455 0.108577 0.107552 0.103498 0.040140 0.083382 0.047082 -0.169793 0.126679 0.045302 0.045861 0.054001 0.080044 0.045780 0.096759 0.044478 0.074120 0.048710 0.076239 0.048347 0.052424 0.043583 0.071530 0.050868 0.075361 0.086581 0.119761 0.180663 0.234363
0.000000 0.214754 0.259542 0.126442 0.076299 0.097781 0.102758 0.091846 0.113512 0.056597 0.079854 0.052346 0.000000 0.114844 0.060767 0.068314 0.053948 0.059244 0.060537 0.082453 0.060825 0.056816 0.070834 0.116977 0.082182 0.079317 0.054420 0.106729 0.062375 0.101200 0.107032 0.163504 0.266014 0.336046
0.000000 0.170563 0.216046 0.102177 0.077638 0.094583 0.083707 0.093562 0.101442 0.051556 0.064160 0.029149 0.000000 0.109166 0.056633 0.048927 0.045391 0.056952 0.061389 0.065394 0.055355 0.048403 0.060307 0.104734 0.055829 0.066659 0.042277 0.089328 0.051525 0.104387 0.088888 0.132529 0.205572 0.268299
1.811308 0.234268 0.254634 0.159111 0.133641 0.157738 0.136249 0.131071 0.142406 0.070486 0.103312 0.041123 0.092403 0.140203 0.063982 0.063847 0.083902 0.079091 0.067489 0.093241 0.061961 0.069027 0.069967 0.109559 0.065632 0.073403 0.059645 0.094528 0.074664 0.108194 0.109998 0.155840 0.231104 0.290762
1.973337 0.308153 0.329840 0.201554 0.123883 0.156035 0.160662 0.147699 0.171538 0.069901 0.131288 0.080984 1.368906 0.179574 0.078971 0.088585 0.081080 0.113013 0.071980 0.130197 0.075498 0.104704 0.087416 0.126343 0.080366 0.088000 0.074465 0.109653 0.079332 0.126551 0.130828 0.192707 0.270631 0.359877
2.414627 0.264157 0.290892 0.194796 0.111239 0.133865 0.146630 0.142848 0.144899 0.073127 0.122344 0.068996 0.499099 0.160002 0.070888 0.072527 0.080186 0.099243 0.063815 0.112692 0.071435 0.093093 0.080357 0.121127 0.084781 0.090495 0.070999 0.099529 0.068977 0.113356 0.122300 0.170666 0.261272 0.339064
0.305881 0.274555 0.297721 0.191265 0.113513 0.133570 0.142379 0.127723 0.154091 0.058258 0.121597 0.059278 -0.590262 0.146733 0.064585 0.076878 0.072019 0.087299 0.068269 0.110684 0.065103 0.087932 0.074335 0.118905 0.073544 0.071118 0.057805 0.098432 0.063901 0.111666 0.117729 0.172820 0.252356 0.342992
0.000000 0.234294 0.283285 0.136955 0.088432 0.098377 0.099384 0.106333 0.158265 0.061571 0.086053 0.049728 0.000000 0.130968 0.081971 0.086718 0.051221 0.073950 0.082411 0.104622 0.086136 0.067842 0.085850 0.173348 0.099399 0.104781 0.082044 0.121777 0.079831 0.151550 0.133954 0.203116 0.346561 0.433644
0.000000 0.227659 0.282311 0.133604 0.087613 0.101881 0.110115 0.099482 0.157805 0.063163 0.092411 0.049547 0.000000 0.124618 0.082045 0.088695 0.051062 0.070394 0.084062 0.102102 0.085464 0.064305 0.088687 0.176065 0.097281 0.102064 0.079021 0.125377 0.077733 0.149557 0.132575 0.212162 0.341315 0.431767
0.000000 0.224445 0.243925 0.155089 0.100945 0.134572 0.142989 0.111217 0.133290 0.050667 0.111793 0.041621 0.000000 0.125578 0.056645 0.064800 0.064583 0.070946 0.061268 0.090492 0.057814 0.070124 0.061994 0.109021 0.058777 0.057681 0.050632 0.086254 0.058441 0.103369 0.101838 0.150447 0.220186 0.294998
1.867315 0.286197 0.294791 0.182241 0.111528 0.131591 0.141839 0.134640 0.141413 0.060400 0.118155 0.068698 0.227634 0.157235 0.062540 0.068625 0.072747 0.095804 0.062228 0.119591 0.061814 0.091419 0.070144 0.110897 0.069299 0.071058 0.057977 0.102892 0.063532 0.098652 0.114245 0.170304 0.245579 0.321758
0.000000 0.238223 0.298581 0.144641 0.097254 0.112340 0.117504 0.116472 0.161816 0.069060 0.091666 0.052670 0.000000 0.136631 0.084019 0.088994 0.061708 0.075123 0.084751 0.110347 0.090479 0.068188 0.092918 0.172474 0.106410 0.110304 0.087432 0.123683 0.082726 0.152047 0.142865 0.212088 0.349872 0.446331
0.351246 0.257167 0.282917 0.152407 0.095878 0.111972 0.116355 0.113921 0.152034 0.058715 0.101605 0.057608 0.000000 0.138129 0.073621 0.074266 0.056394 0.082884 0.066056 0.104637 0.074655 0.080627 0.072585 0.137662 0.080149 0.089983 0.071613 0.103946 0.064684 0.125682 0.125962 0.186468 0.283619 0.382044
1.556905 0.241661 0.297506 0.137482 0.098432 0.118897 0.119068 0.122637 0.163767 0.077495 0.085706 0.053524 0.294965 0.145534 0.090942 0.093021 0.070065 0.078876 0.090441 0.111599 0.094050 0.068541 0.100009 0.169120 0.101555 0.110176 0.088949 0.131839 0.086487 0.156649 0.141105 0.213940 0.348227 0.443915
0.307231 0.283426 0.297261 0.173015 0.108693 0.127236 0.133198 0.131459 0.154334 0.051241 0.108688 0.061307 -0.786569 0.158948 0.063758 0.074673 0.063756 0.097825 0.066063 0.117514 0.065487 0.088895 0.072438 0.123867 0.068886 0.078000 0.066641 0.098265 0.067293 0.122327 0.126533 0.174527 0.249151 0.339519
0.000000 0.223472 0.281066 0.129957 0.095894 0.111785 0.114301 0.107767 0.157405 0.070009 0.088065 0.046833 0.000000 0.126232 0.081144 0.086858 0.061909 0.064977 0.082276 0.100637 0.086557 0.059342 0.091064 0.169443 0.100575 0.104335 0.082617 0.123608 0.080206 0.148733 0.137345 0.211393 0.335987 0.432516
0.000000 0.242959 0.300248 0.144695 0.090861 0.105975 0.109950 0.111032 0.156469 0.058611 0.090978 0.050498 0.000000 0.135532 0.078358 0.082786 0.051204 0.074982 0.078774 0.105524 0.081467 0.070320 0.082119 0.173162 0.099591 0.104308 0.076922 0.123153 0.075287 0.152399 0.134408 0.206919 0.345059 0.443630
0.000000 0.204235 0.257867 0.109825 0.071862 0.086485 0.093785 0.092277 0.139573 0.067436 0.070975 0.045488 0.000000 0.117534 0.080059 0.084599 0.051152 0.067613 0.082147 0.093241 0.079324 0.054890 0.086892 0.153018 0.084808 0.099669 0.073529 0.129795 0.076517 0.134389 0.122275 0.198018 0.303139 0.377057
0.000000 0.231840 0.284195 0.135110 0.090792 0.108107 0.105477 0.100930 0.154983 0.058856 0.089075 0.047128 0.000000 0.123499 0.076945 0.083801 0.052165 0.066485 0.077761 0.095150 0.080747 0.060675 0.083337 0.171834 0.102207 0.098636 0.072932 0.116925 0.077571 0.148373 0.124479 0.202801 0.335432 0.432412
0.000000 0.232824 0.280933 0.128416 0.089641 0.107668 0.104510 0.107605 0.160112 0.070393 0.082142 0.050549 0.000000 0.134324 0.086817 0.090709 0.060416 0.075281 0.088058 0.102121 0.087265 0.064732 0.094087 0.170289 0.094751 0.101497 0.078791 0.129702 0.081850 0.154625 0.127825 0.209114 0.339528 0.429330
0.000000 0.191703 0.255930 0.105040 0.074863 0.100356 0.102633 0.097081 0.131630 0.073489 0.068096 0.049484 0.000000 0.115864 0.075417 0.083276 0.055717 0.060406 0.079211 0.087819 0.082346 0.045472 0.091316 0.149487 0.102779 0.096454 0.075300 0.118174 0.082060 0.126669 0.117821 0.185560 0.284342 0.364649
0.000000 0.213434 0.262913 0.120999 0.092726 0.102117 0.112859 0.112921 0.138577 0.084772 0.088584 0.059296 0.000000 0.127620 0.088271 0.090858 0.074521 0.083632 0.084654 0.098762 0.077436 0.074876 0.099210 0.157323 0.101901 0.107276 0.070255 0.130103 0.090718 0.140876 0.121269 0.206668 0.303826 0.374482
0.000000 0.241672 0.285526 0.136942 0.086941 0.104704 0.109297 0.114042 0.157085 0.070493 0.087131 0.056076 0.000000 0.143586 0.087218 0.090868 0.057251 0.082259 0.088070 0.110707 0.088889 0.071788 0.094081 0.172529 0.093844 0.104641 0.088407 0.131907 0.082079 0.150901 0.131351 0.204647 0.342031 0.417944
0.000000 0.225484 0.254799 0.132492 0.092395 0.099742 0.090421 0.096748 0.150021 0.051876 0.080866 0.041339 0.000000 0.118618 0.068551 0.070385 0.053824 0.065505 0.066819 0.091924 0.068891 0.061718 0.069118 0.145679 0.080148 0.083885 0.065625 0.100881 0.066741 0.128511 0.110560 0.178092 0.298102 0.383012
0.000000 0.205381 0.257459 0.126969 0.081783 0.092585 0.087264 0.096656 0.135692 0.051611 0.074757 0.044022 0.000000 0.111656 0.066247 0.072478 0.043680 0.065055 0.065585 0.089866 0.069403 0.060392 0.069047 0.145307 0.098981 0.097000 0.068072 0.096797 0.081142 0.124161 0.114406 0.170555 0.298557 0.372512
0.000000 0.234480 0.290126 0.133896 0.091595 0.106199 0.106000 0.104800 0.161913 0.064000 0.088892 0.047699 0.000000 0.128810 0.084470 0.089634 0.051679 0.070132 0.085403 0.101881 0.087989 0.064107 0.089826 0.176850 0.099097 0.103058 0.077578 0.125270 0.079354 0.157491 0.135568 0.212270 0.343332 0.442960
0.000000 0.233740 0.283701 0.136206 0.092519 0.106269 0.110989 0.106015 0.162771 0.067807 0.094796 0.049508 0.000000 0.132570 0.085270 0.091423 0.052994 0.073182 0.088163 0.109016 0.089920 0.066844 0.091200 0.173334 0.093703 0.099824 0.083061 0.128854 0.084433 0.152090 0.136267 0.210742 0.335205 0.420271
