0.509194 0.533981 0.512821 0.509735 0.534375 0.53632 0.501572 0.550347 0.49584 0.53125 0.510479 0.501734 0.545305 0.480392 0.522976 0.469484 0.549479 0.393004 0.457721 0.509545 0.544218 0.532915 0.491749 0.591415 0.480211 0.53869 0.588148 0.512315 0.539867 0.524422 0.487106 0.5 0.475641 0.484787 0.505512 0.51505 0.427039 0.490884 0.530043 0.46723 
0.45873 0.477922 0.485258 0.525316 0.447791 0.52 0.530973 0.501066 0.457895 0.445087 0.446064 0.556196 0.514451 0.4375 0.509761 0.487552 0.557292 0.433898 0.437838 0.542017 0.394737 0.549878 0.556561 0.496047 0.447761 0.402367 0.520913 0.462715 0.545714 0.44098 0.556086 0.381333 0.509709 0.397561 0.481481 0.507937 0.501639 0.568396 0.558282 0.431122 
0.485849 0.512438 0.515195 0.510345 0.537967 0.506826 0.539634 0.495238 0.549168 0.5074 0.567729 0.445652 0.498778 0.568528 0.493261 0.512887 0.54932 0.535156 0.458716 0.56875 0.516393 0.524834 0.530249 0.467312 0.482897 0.501182 0.519174 0.558273 0.530233 0.493042 0.466258 0.477707 0.584615 0.53758 0.566092 0.466797 0.5 0.479839 0.521277 0.537415 
0.484094 0.498073 0.489194 0.444043 0.479543 0.44808 0.47561 0.553684 0.466042 0.445312 0.451004 0.42521 0.479876 0.362385 0.394251 0.363218 0.461694 0.430928 0.471555 0.443548 0.472991 0.459945 0.437898 0.445074 0.464342 0.426349 0.494382 0.480926 0.536449 0.450276 0.333333 0.497253 0.477387 0.473888 0.425581 0.467791 0.487521 0.482702 0.406619 0.540146 
0.491924 0.48984 0.499318 0.436673 0.462598 0.479592 0.45 0.524051 0.448378 0.499055 0.512758 0.533465 0.456897 0.419283 0.454175 0.542553 0.431548 0.415909 0.489655 0.367232 0.489237 0.371212 0.512195 0.45245 0.504451 0.526906 0.405286 0.47981 0.430642 0.52495 0.416523 0.464991 0.445087 0.443956 0.452381 0.54902 0.491484 0.467391 0.493023 0.506048 
0.478345 0.480907 0.520882 0.515504 0.529791 0.518421 0.537209 0.443936 0.461017 0.466667 0.47398 0.34349 0.374757 0.508918 0.502831 0.525424 0.533424 0.498155 0.479422 0.462585 0.519298 0.536977 0.40691 0.370526 0.49115 0.479218 0.466942 0.393204 0.536082 0.459736 0.537838 0.4752 0.458248 0.460411 0.45156 0.438596 0.386809 0.397394 0.419426 0.469008 
0.439601 0.443678 0.465753 0.417335 0.406694 0.451178 0.381517 0.471215 0.448 0.465193 0.484966 0.395963 0.49696 0.466772 0.385604 0.406953 0.459559 0.397149 0.419178 0.443497 0.393817 0.482639 0.443769 0.422907 0.475177 0.45098 0.403875 0.530726 0.474642 0.513746 0.547297 0.427907 0.422789 0.432099 0.525066 0.476259 0.469014 0.40155 0.420144 0.438131 
0.526448 0.531469 0.529412 0.542274 0.537482 0.544762 0.474041 0.504777 0.542373 0.45481 0.488304 0.497951 0.502846 0.453252 0.406593 0.510526 0.457983 0.460938 0.50497 0.501066 0.449791 0.539936 0.428571 0.489749 0.482143 0.507491 0.510582 0.43662 0.449871 0.445714 0.5138 0.505208 0.534694 0.448 0.452055 0.542373 0.545455 0.493036 0.508197 0.416667 
0.539039 0.485816 0.480861 0.479021 0.482496 0.525547 0.585366 0.488372 0.535714 0.383598 0.419825 0.480541 0.412214 0.448718 0.45805 0.443299 0.443966 0.559796 0.505112 0.334337 0.308271 0.443595 0.397119 0.495845 0.469055 0.31068 0.385167 0.483871 0.501071 0.404092 0.395197 0.386486 0.443333 0.606509 0.470423 0.426087 0.491979 0.497159 0.497537 0.358757 
0.459502 0.553073 0.502752 0.542662 0.488444 0.568384 0.509244 0.441026 0.47619 0.558095 0.554649 0.549777 0.537967 0.40812 0.515548 0.596234 0.50463 0.490683 0.452514 0.482051 0.429708 0.55863 0.505992 0.490405 0.559083 0.558524 0.50266 0.514652 0.497992 0.441935 0.548515 0.540741 0.44382 0.378378 0.492228 0.469854 0.502582 0.450178 0.496329 0.411058 
0.524 0.583333 0.522013 0.50346 0.518018 0.482533 0.493716 0.478175 0.607053 0.455263 0.436047 0.520107 0.438406 0.495845 0.504975 0.546218 0.445 0.533632 0.435115 0.451537 0.434156 0.411765 0.475728 0.600917 0.480249 0.478814 0.5 0.416268 0.478599 0.5 0.505051 0.562633 0.481553 0.525939 0.471519 0.496 0.539295 0.531469 0.523596 0.444444 
0.47896 0.482375 0.490985 0.502262 0.491525 0.389831 0.390625 0.484004 0.48581 0.432473 0.506887 0.344383 0.348294 0.353271 0.346154 0.313596 0.383577 0.342965 0.337386 0.334471 0.496016 0.388206 0.454243 0.470707 0.374088 0.494179 0.482955 0.466234 0.239193 0.352496 0.510791 0.53317 0.307125 0.370572 0.354601 0.497872 0.324786 0.478788 0.501773 0.260504 
0.519451 0.541735 0.532488 0.577778 0.530093 0.561538 0.465608 0.520593 0.574866 0.577299 0.549383 0.526667 0.528678 0.550898 0.463592 0.516355 0.441767 0.536817 0.604222 0.430636 0.494898 0.548128 0.453083 0.535714 0.58114 0.6 0.527132 0.479911 0.328125 0.476 0.595628 0.517906 0.539924 0.561446 0.490526 0.502857 0.528646 0.589641 0.493857 0.524155 
0.48169 0.453398 0.492114 0.504026 0.469359 0.44186 0.478205 0.471002 0.463497 0.492081 0.480198 0.538618 0.362385 0.398169 0.511719 0.445175 0.461538 0.506787 0.473558 0.448378 0.463235 0.4375 0.450607 0.465116 0.476994 0.524655 0.469697 0.419825 0.436066 0.450501 0.536164 0.504 0.486043 0.464 0.474801 0.437358 0.458418 0.434938 0.405751 0.458418 
0.5028 0.494805 0.504373 0.495528 0.434655 0.47588 0.449477 0.459283 0.446499 0.537671 0.457505 0.471429 0.44376 0.509025 0.284404 0.368313 0.451172 0.473182 0.528474 0.407166 0.397436 0.500975 0.446181 0.485294 0.438073 0.35814 0.482655 0.391502 0.443726 0.502773 0.457187 0.428169 0.468198 0.485214 0.406977 0.563715 0.445623 0.477756 0.491018 0.538194 
0.56193 0.496629 0.589852 0.570175 0.534985 0.479744 0.564482 0.522417 0.437367 0.484487 0.527273 0.47817 0.543478 0.489552 0.639144 0.547619 0.521739 0.530249 0.454774 0.581907 0.619958 0.62565 0.549505 0.442623 0.569767 0.415902 0.602381 0.595294 0.467706 0.521739 0.544018 0.544959 0.478555 0.493036 0.493274 0.507014 0.511278 0.514085 0.577215 0.513447 
0.406926 0.542 0.425254 0.419231 0.38992 0.437805 0.42998 0.3859 0.547273 0.512048 0.512518 0.384929 0.413717 0.538978 0.52008 0.405512 0.308989 0.553425 0.52381 0.541596 0.558824 0.383613 0.54485 0.39738 0.411765 0.515152 0.413889 0.586441 0.365591 0.377644 0.421978 0.525381 0.557214 0.369963 0.348101 0.423862 0.548209 0.598624 0.564103 0.586081 
0.49945 0.553166 0.484674 0.466912 0.442136 0.523052 0.455202 0.517056 0.567863 0.544025 0.465278 0.467105 0.508152 0.567775 0.584936 0.504744 0.490798 0.5 0.393939 0.467136 0.479885 0.502664 0.47861 0.49298 0.530075 0.494802 0.450805 0.490698 0.532213 0.576819 0.434109 0.500739 0.534091 0.48538 0.470356 0.386301 0.610738 0.553156 0.536424 0.512974 
0.419919 0.44523 0.45438 0.440063 0.423037 0.436006 0.381089 0.427574 0.388704 0.373178 0.434436 0.45922 0.5 0.449749 0.486076 0.466931 0.45122 0.503333 0.488889 0.440492 0.315972 0.395437 0.36246 0.384134 0.353723 0.448718 0.477633 0.388571 0.45895 0.413613 0.438596 0.443841 0.43349 0.396597 0.430407 0.330532 0.375959 0.427146 0.489362 0.502755 
0.514286 0.504425 0.472687 0.368 0.448878 0.498353 0.507722 0.522727 0.503937 0.516896 0.465046 0.436681 0.579618 0.532374 0.459168 0.48855 0.417969 0.506329 0.494346 0.557505 0.479839 0.452328 0.594495 0.534579 0.449905 0.52188 0.403226 0.492958 0.542083 0.551253 0.45297 0.443564 0.399598 0.452381 0.415584 0.412869 0.51448 0.483495 0.535714 0.455422 
0.464213 0.43061 0.474522 0.458991 0.482569 0.443268 0.509244 0.362595 0.470016 0.477922 0.461187 0.310573 0.36457 0.290698 0.329866 0.324519 0.333333 0.510204 0.311558 0.329983 0.483734 0.319616 0.452525 0.3 0.284501 0.321569 0.328616 0.467466 0.469027 0.488417 0.311983 0.309582 0.33105 0.321508 0.483801 0.315678 0.312 0.492982 0.284672 0.461369 
0.461842 0.564795 0.471386 0.487587 0.537604 0.5 0.386517 0.478372 0.568259 0.539617 0.530928 0.510015 0.514658 0.524715 0.372197 0.464242 0.420635 0.43361 0.480118 0.500709 0.520062 0.410619 0.505976 0.498003 0.518459 0.554128 0.474699 0.57 0.441331 0.566188 0.476427 0.382353 0.469055 0.470732 0.485822 0.461538 0.545775 0.45098 0.534884 0.529412 
0.510351 0.530752 0.527778 0.489828 0.419355 0.565714 0.506375 0.551724 0.53125 0.505327 0.535857 0.54798 0.548523 0.487654 0.466825 0.555789 0.569014 0.495223 0.486957 0.482883 0.51989 0.469012 0.47973 0.492228 0.458265 0.475703 0.547038 0.493151 0.467049 0.486862 0.538593 0.474194 0.444724 0.510909 0.466814 0.54371 0.476619 0.508503 0.511545 0.504615 
0.498567 0.520309 0.505435 0.507803 0.495069 0.499093 0.432692 0.531915 0.548193 0.551648 0.505556 0.491396 0.382199 0.407821 0.518041 0.465649 0.557009 0.478261 0.364706 0.538053 0.494048 0.526087 0.438073 0.394068 0.471074 0.442073 0.338028 0.505155 0.451531 0.489703 0.571717 0.504292 0.413203 0.501279 0.409677 0.560241 0.465553 0.508889 0.551724 0.435165 
0.570902 0.524523 0.534404 0.535124 0.521212 0.55157 0.534404 0.507109 0.561281 0.462338 0.551247 0.524079 0.495913 0.54717 0.55335 0.541209 0.497504 0.5 0.49453 0.533442 0.579505 0.511962 0.585648 0.551786 0.551724 0.549565 0.536842 0.604839 0.461538 0.544148 0.536341 0.515152 0.571138 0.454861 0.498099 0.576208 0.501292 0.519231 0.427046 0.497863 
0.475262 0.503704 0.521168 0.424354 0.474333 0.44652 0.472 0.504132 0.519463 0.470588 0.487069 0.519293 0.535957 0.394495 0.46114 0.438326 0.44086 0.433333 0.36859 0.538136 0.547135 0.4829 0.485646 0.536451 0.441176 0.45977 0.453488 0.478947 0.557604 0.535783 0.479279 0.386774 0.547445 0.421739 0.482014 0.472477 0.333333 0.440878 0.484375 0.471042 
0.548544 0.530011 0.545584 0.455078 0.487395 0.490964 0.47449 0.471939 0.466019 0.539062 0.528477 0.552434 0.451765 0.566154 0.449631 0.425868 0.499162 0.505521 0.467368 0.493056 0.470356 0.482072 0.509138 0.382184 0.49577 0.462136 0.493827 0.363905 0.465409 0.491143 0.5 0.458065 0.459916 0.488273 0.552204 0.457983 0.340996 0.485232 0.485185 0.494145 
0.52451 0.549254 0.545794 0.469799 0.509356 0.565947 0.504444 0.553429 0.545861 0.469751 0.503958 0.479339 0.512894 0.558522 0.490364 0.469136 0.480519 0.532348 0.542787 0.535336 0.445161 0.506356 0.515873 0.409091 0.4 0.56051 0.520325 0.540984 0.559772 0.457906 0.432526 0.535783 0.495951 0.391931 0.458967 0.521739 0.373272 0.518293 0.503185 0.564338 
0.56 0.547684 0.53168 0.560748 0.519722 0.540359 0.532294 0.535627 0.574124 0.549414 0.464968 0.596899 0.577566 0.571734 0.544 0.493088 0.410909 0.548961 0.502604 0.507194 0.558541 0.582329 0.451613 0.541573 0.4775 0.432584 0.576613 0.530675 0.514806 0.467949 0.524691 0.528926 0.43871 0.504043 0.44473 0.430052 0.514085 0.50303 0.508696 0.526998 
0.342424 0.47933 0.539171 0.363104 0.501014 0.297935 0.414226 0.549098 0.391398 0.473945 0.263975 0.516966 0.331808 0.515625 0.545126 0.326829 0.512048 0.363257 0.541667 0.353333 0.390977 0.5 0.363235 0.5 0.391576 0.33427 0.537102 0.335505 0.379562 0.519751 0.516746 0.362445 0.521905 0.513514 0.380137 0.333333 0.386256 0.541885 0.513995 0.504868 
0.504505 0.579121 0.563588 0.524735 0.485765 0.537855 0.471074 0.413889 0.51632 0.522282 0.484973 0.546652 0.507389 0.453773 0.444759 0.535332 0.486567 0.54007 0.376623 0.579454 0.501736 0.489185 0.554745 0.535836 0.584862 0.586331 0.567442 0.497006 0.439791 0.468599 0.454545 0.560254 0.526839 0.596721 0.507326 0.456562 0.472272 0.533884 0.462532 0.507653 
0.486301 0.46953 0.475395 0.423881 0.491379 0.480549 0.410926 0.496774 0.366723 0.357766 0.500816 0.43951 0.377083 0.453901 0.439667 0.524625 0.403922 0.525937 0.427196 0.385417 0.348361 0.468013 0.39307 0.439703 0.403915 0.408451 0.452465 0.401163 0.424015 0.439535 0.448529 0.379257 0.451031 0.448649 0.496454 0.438131 0.467181 0.509934 0.45202 0.454717 
0.629325 0.631808 0.572193 0.504484 0.513447 0.581818 0.54321 0.516637 0.597561 0.567493 0.408805 0.443709 0.618799 0.610465 0.581132 0.427419 0.516981 0.514085 0.644628 0.536585 0.498339 0.583032 0.503205 0.389513 0.582589 0.563131 0.592896 0.606335 0.566225 0.55132 0.55914 0.568493 0.577825 0.430493 0.482323 0.635783 0.572093 0.616279 0.595469 0.62259 
0.479277 0.465181 0.532986 0.491803 0.516064 0.475054 0.545106 0.523694 0.483929 0.408776 0.476804 0.455657 0.494141 0.414966 0.458175 0.381944 0.459155 0.469083 0.400442 0.410211 0.463007 0.476692 0.381696 0.393836 0.426439 0.44822 0.467167 0.485 0.446154 0.507599 0.501684 0.425041 0.485294 0.444206 0.418919 0.454012 0.464 0.455714 0.432482 0.411565 
0.537179 0.491124 0.407801 0.474194 0.527928 0.4531 0.427778 0.533101 0.503234 0.445887 0.5 0.453461 0.362245 0.333333 0.458891 0.455422 0.446721 0.419192 0.463964 0.47067 0.538462 0.525974 0.450882 0.287066 0.571695 0.506446 0.547074 0.377358 0.522388 0.408451 0.442495 0.413163 0.48773 0.43686 0.516393 0.464066 0.546154 0.436869 0.480663 0.401923 
0.5 0.49422 0.411371 0.468852 0.56 0.515957 0.470954 0.515075 0.522189 0.392617 0.466307 0.481481 0.493606 0.491935 0.46875 0.396624 0.479419 0.47216 0.451411 0.43 0.544207 0.509009 0.459574 0.489311 0.478682 0.458947 0.435768 0.477778 0.469072 0.43083 0.501433 0.453826 0.493182 0.484277 0.448276 0.505983 0.463221 0.517312 0.46789 0.505855 
0.564103 0.523256 0.533333 0.510303 0.55298 0.596091 0.5125 0.531481 0.578093 0.44427 0.51117 0.56383 0.503497 0.437647 0.54418 0.420428 0.464953 0.590361 0.489899 0.5575 0.580793 0.509985 0.459459 0.591209 0.568273 0.433333 0.435443 0.391304 0.604752 0.532362 0.402326 0.584615 0.517081 0.446886 0.591093 0.522936 0.472973 0.533451 0.486154 0.492228 
0.417965 0.428894 0.433368 0.397196 0.441092 0.406288 0.371134 0.41635 0.359209 0.466165 0.462527 0.404339 0.360417 0.46564 0.376894 0.346831 0.437383 0.372093 0.371353 0.375465 0.27673 0.422325 0.409548 0.451342 0.402469 0.493802 0.423497 0.380814 0.464768 0.478723 0.34901 0.459504 0.347458 0.330623 0.367713 0.369835 0.40404 0.383275 0.445289 0.308743 
0.518092 0.48062 0.479303 0.482645 0.56513 0.463918 0.500982 0.540434 0.508539 0.451299 0.447699 0.433225 0.500971 0.453682 0.418605 0.459658 0.438287 0.548161 0.440529 0.444186 0.559944 0.526074 0.508685 0.418018 0.403704 0.491773 0.502033 0.463822 0.481013 0.470219 0.460765 0.426267 0.531202 0.342365 0.435165 0.382716 0.482456 0.480427 0.439791 0.410959 
0.476323 0.471248 0.48659 0.452975 0.447816 0.492647 0.33046 0.438424 0.412533 0.494662 0.492386 0.483969 0.462647 0.493088 0.404605 0.382979 0.495007 0.385609 0.475275 0.479578 0.525253 0.49177 0.450617 0.454545 0.425163 0.445378 0.438228 0.45641 0.483254 0.488417 0.483271 0.407407 0.373464 0.355769 0.539941 0.481685 0.498516 0.415663 0.469854 0.411661 
