0.089865 0.543802 0.000007 0.000088 0.000062 0.000110 0.115941 0.077926 0.000098 0.634441 0.097232 0.000100 -0.000055 0.008862 -0.000050 0.000079 0.000089 0.000076 0.134171 0.762768 0.000098 0.125798 0.631260 -0.000021 0.089399 0.000088 0.243805 0.831801 0.068653 0.000074 -0.000021 0.000036 0.000077 0.124906 0.000144 0.834682 0.085862 0.000026 0.817613 0.044230
0.793887 0.000036 -0.000007 0.000087 -0.000035 0.758119 0.047152 0.143479 0.000091 -0.000089 0.000002 0.010588 0.000001 -0.000005 0.128396 0.000112 0.000070 0.127814 0.075522 0.064336 0.000091 0.000066 0.000033 -0.000028 0.000004 0.016957 0.032218 0.000141 0.829006 0.000001 0.000008 0.000063 0.054457 0.046177 -0.000098 0.000141 0.000103 0.000038 0.000458 0.000073
0.000001 0.132624 0.056696 0.052088 0.999204 0.000073 0.481898 -0.000033 0.000023 0.830095 0.121980 0.000045 0.900659 0.084998 0.266558 -0.000021 -0.000106 0.000007 -0.000010 -0.000108 -0.000097 0.639318 0.756405 0.004133 0.716535 0.756331 -0.010558 0.000026 0.000055 0.000047 0.062618 0.000133 0.009086 -0.000032 -0.000017 0.000122 0.066706 0.151218 0.000013 -0.000019
-0.000037 -0.023388 -0.000044 0.137746 0.090681 0.000091 0.000130 0.000095 0.000061 0.728236 0.630708 -0.000008 -0.000052 0.618815 0.161805 -0.000068 0.000068 0.035481 0.865325 0.088770 -0.000083 0.000108 0.061701 0.074106 0.083345 -0.000025 -0.000059 -0.000007 -0.032437 -0.000025 0.010148 0.028289 -0.000082 0.001271 0.000127 -0.000069 -0.000011 0.628026 0.000033 0.070596
-0.000013 -0.000010 0.807292 0.000071 0.188485 0.000130 0.117675 -0.193867 0.016151 0.129018 0.916384 -0.000104 0.069325 0.000025 0.101579 0.013633 0.000012 0.735891 0.000038 -0.000011 -0.000141 0.002921 0.075346 0.000124 0.000080 -0.000038 -0.000076 0.085327 -0.001421 0.010246 0.808228 -0.000017 0.000006 0.000082 0.000044 0.000091 0.061275 0.022860 -0.000057 -0.000014
0.092238 0.618226 0.028842 0.013968 0.273861 0.038225 0.299003 0.145764 -0.000042 0.000127 0.525187 -0.000004 0.146548 0.000047 0.161005 0.000003 -0.000010 0.028945 0.000048 -0.000115 -0.000021 0.109097 0.130809 0.000133 0.171516 0.116838 0.000112 0.000034 0.000019 0.000068 -0.000016 0.089753 0.134962 0.031991 0.146821 0.012375 -0.000064 0.000008 -0.000068 0.000113
0.000024 0.000096 0.305548 -0.000067 0.000163 -0.000039 -0.015234 0.342680 0.070364 -0.000011 0.029540 -0.000037 0.000028 0.547776 -0.000011 0.000015 0.000113 0.000119 0.000056 -0.000074 0.000088 0.515955 -0.000050 0.000059 0.000053 -0.000038 0.025035 -0.000006 0.000052 0.000115 0.000058 0.000063 0.000009 0.000019 0.000029 0.673649 0.000052 0.000058 -0.000034 0.000125
0.143724 0.000063 0.000043 0.000047 -0.000015 0.063090 0.611141 0.016832 0.644670 -0.000022 0.000008 0.000109 -0.000023 0.000014 0.000095 -0.000051 0.000019 0.043502 0.686115 0.188844 0.000022 0.048950 0.247735 0.000008 0.000072 -0.000041 0.635411 0.669725 0.613886 0.000110 0.000117 0.004573 -0.000071 0.534781 0.004542 0.277473 -0.000096 0.000120 0.232128 0.039226
0.206039 0.196429 -0.000076 -0.000073 0.000043 -0.000062 -0.000027 0.786674 0.000070 0.219851 0.071307 0.627062 -0.051257 -0.000126 0.009100 0.237090 0.000086 0.000092 0.000040 0.000108 0.099881 0.000132 0.000020 0.000033 0.126385 0.490279 -0.000080 0.000096 0.000135 0.000126 -0.000095 0.000026 0.238104 0.161804 -0.000007 0.000092 -0.000097 -0.000064 0.130998 0.161870
0.535152 -0.000131 0.745091 0.941239 0.085413 0.000039 0.000025 0.000104 0.000006 -0.030855 0.021991 0.000050 0.008635 0.744445 0.027081 -0.041427 -0.000025 -0.000151 -0.117672 0.000086 -0.000069 -0.000040 0.055930 0.011030 0.000050 0.000032 0.000120 -0.030034 0.796512 -0.000047 -0.000038 0.000050 -0.082572 -0.000027 0.022386 0.000060 0.000069 0.812691 0.000010 0.000029
0.021524 -0.000018 0.232063 0.864169 0.422076 0.704905 0.000064 0.184521 0.030122 -0.000127 0.482191 -0.000006 0.755105 0.200536 -0.000005 0.000006 0.000134 0.073218 0.046109 0.000021 0.000088 0.145031 0.475763 0.662469 -0.000116 0.000041 0.071116 0.000002 0.016752 0.000085 0.000037 0.724114 -0.029337 -0.005760 0.813649 0.138861 0.000097 0.156463 0.000060 -0.000052
-0.000019 -0.000028 0.163315 -0.000055 -0.000020 -0.028645 0.000073 0.229690 0.805641 0.000017 0.000114 0.000057 0.000028 0.153206 0.004516 0.047634 0.000014 0.000159 0.000014 0.000077 -0.000028 0.000075 -0.000104 -0.004506 0.000009 0.000089 0.000096 0.000006 0.017692 0.000069 0.012842 -0.026224 0.037801 0.191981 0.000010 0.109506 0.000061 0.052024 -0.000050 0.000049
0.000029 0.053349 1.201179 0.027935 0.000105 0.015477 0.035633 0.000067 0.000149 0.066080 0.681138 0.000081 0.183023 0.292083 -0.039906 -0.000018 0.000075 0.000045 0.000012 0.000039 0.000029 0.039769 0.086616 0.015727 0.726285 0.062989 -0.000028 0.064061 -0.000012 0.007961 -0.027997 0.000015 -0.000926 -0.000092 0.000105 0.453662 0.209432 0.215195 0.010076 0.000086
0.044489 0.000116 0.074442 0.892480 0.074105 -0.000026 0.832525 0.034886 -0.000045 0.763656 0.032931 -0.000002 0.012035 0.057142 0.000112 -0.007042 0.012722 -0.000049 0.075806 0.000003 0.000026 0.000030 0.010809 0.837135 0.754988 -0.000048 -0.000103 0.000112 0.000101 0.000022 0.000133 0.037410 -0.000505 0.000123 0.037692 0.729363 0.000022 0.136413 0.020886 0.006021
0.044654 -0.000040 -0.000041 -0.000055 0.000070 0.017902 0.194947 0.000041 0.000074 0.000045 0.052654 0.000169 0.024178 0.102926 0.000093 0.000027 0.000133 0.789408 0.815033 0.000011 0.000004 0.052021 -0.000013 0.000107 0.000011 0.000151 0.026719 0.000096 0.009591 0.000061 0.732385 0.728848 -0.000060 0.000068 0.000074 0.096082 0.031811 0.080289 0.000099 0.052304
0.096452 0.023020 -0.000031 0.000133 -0.000057 -0.000020 -0.000092 0.085155 0.000065 0.159055 0.000021 0.000047 0.000073 -0.000128 0.000028 0.167860 0.000119 0.179727 -0.000022 0.173973 0.008474 0.001784 0.000017 -0.000039 0.000083 0.000058 -0.000112 0.016709 0.944381 -0.000055 0.153321 -0.000069 0.000082 0.000132 0.000040 0.543995 0.120981 0.000024 0.687478 0.000050
0.000524 0.000043 -0.000061 0.000025 -0.000032 0.000007 -0.008436 0.053482 0.000112 0.000000 0.151620 0.000051 -0.000026 0.115491 0.000094 -0.000038 0.122856 -0.000027 0.000077 -0.036266 -0.000078 0.000028 0.000094 0.812550 0.000023 0.000016 0.014342 -0.000076 0.003299 0.000002 0.000067 -0.000005 -0.000064 -0.001128 0.000028 0.000055 -0.000044 0.133113 -0.000015 -0.000056
0.022945 0.000074 0.018434 0.000023 0.263630 -0.000096 0.031833 0.000080 0.000009 0.104285 0.000042 0.000047 -0.007841 0.000032 0.422239 0.000098 -0.000067 -0.000080 0.000058 0.000085 0.000035 0.215444 -0.000023 -0.059307 0.059494 0.082986 -0.000094 -0.000094 -0.000068 0.000106 0.006626 -0.000041 0.000080 0.498596 -0.138927 0.000052 -0.011621 -0.000042 0.036373 0.583775
0.131756 -0.000052 0.000024 0.863105 0.036167 0.200615 0.158727 0.828672 0.033632 0.212497 0.000024 0.000004 0.041101 0.155964 0.548726 0.000041 0.000065 0.039363 0.104375 0.713359 0.000022 0.000137 0.156297 0.113170 0.075935 0.000085 -0.000024 0.000120 0.174602 -0.000076 0.000052 0.049078 -0.000006 0.207050 0.138745 0.051549 0.000001 0.011987 0.034459 0.109691
0.412124 0.000019 0.000067 0.000075 0.047210 0.000059 0.000058 0.201980 0.000276 0.000108 0.154830 0.000152 0.000085 -0.000013 0.027150 -0.000032 0.002272 0.000146 0.675852 -0.000018 0.000016 0.414572 0.031383 -0.000058 -0.000019 -0.000047 0.176081 0.321610 0.000103 0.000046 0.016972 0.002564 0.000083 0.180590 0.115874 0.000059 -0.005073 -0.000129 0.526433 0.575164
-0.000007 0.110385 -0.000007 -0.000023 -0.000026 0.000029 -0.000034 0.024019 0.000021 0.017887 0.027673 0.018336 0.000080 0.057882 0.000085 0.000001 -0.000034 -0.000133 0.000071 0.000049 -0.000109 0.013883 -0.000097 -0.000045 -0.000072 0.026956 0.000042 0.000056 -0.000038 0.000048 -0.000004 -0.000032 -0.000035 0.756124 0.016302 0.000015 -0.000015 0.000059 -0.000045 0.041205
0.000121 0.000005 0.704259 0.000047 -0.029915 0.000042 0.685208 0.000019 -0.000073 -0.041220 0.281386 -0.000010 -0.020014 0.000033 0.037513 -0.000048 0.000030 0.070982 0.000027 0.857392 0.000043 -0.152554 -0.068305 -0.004371 0.000025 0.000002 -0.000025 -0.000003 0.000038 0.000030 0.012585 -0.000003 -0.000017 0.000035 -0.000090 -0.000045 0.000067 0.000020 0.000074 0.000094
0.871872 0.000033 0.808799 0.000032 0.022126 0.028514 0.006591 -0.000074 0.000155 0.083264 0.992490 0.000105 0.000071 0.000021 -0.000089 0.000018 0.000078 0.067236 0.013850 -0.000094 0.000032 0.062382 0.060982 0.126649 0.097394 0.000086 -0.000059 0.774213 0.000052 0.881409 0.059432 0.019794 -0.000027 0.000003 0.000008 0.002350 -0.000129 -0.000049 0.000084 0.063183
0.000092 0.000009 0.004624 0.087519 -0.000044 0.000122 0.000051 0.028093 0.011146 -0.000011 0.764170 0.000158 0.000031 0.634018 0.050371 0.000094 0.813292 0.000065 0.003287 0.000055 0.000092 0.012572 0.009639 0.218327 0.000036 -0.000008 0.013913 0.000086 0.000106 0.000144 0.000096 0.017333 -0.000069 -0.000006 0.018147 0.000058 -0.012134 0.638262 0.000094 -0.000035
-0.030549 -0.000001 0.826479 0.023666 0.000119 0.039465 0.107843 -0.024024 0.000089 0.076268 -0.000019 -0.000040 0.839445 0.379836 -0.150503 -0.012705 -0.000024 -0.000062 -0.046428 -0.004866 -0.000016 0.000016 0.258353 0.131815 0.309578 0.009456 0.000017 0.000039 0.025802 -0.000025 0.000050 0.065985 -0.000078 -0.000083 0.000146 0.425055 0.549256 0.456570 0.000035 -0.135072
0.035254 -0.000009 1.039571 -0.000001 0.071630 0.044785 0.000039 -0.000012 0.918700 -0.017514 0.235378 -0.000046 0.025521 0.194606 0.000037 -0.000018 -0.000028 0.010590 -0.000090 -0.000030 0.000000 0.000081 -0.000039 -0.000125 0.000077 0.000045 0.000051 -0.000054 0.000076 -0.000009 0.000057 -0.000016 0.022620 -0.000041 0.000093 0.000030 0.057741 0.152669 -0.000105 0.000008
0.000755 0.224158 -0.200236 0.056245 -0.000008 -0.000024 -0.000006 0.452219 0.000079 0.098475 0.000008 0.000063 0.003812 0.000041 -0.000023 -0.000061 -0.000027 0.000121 0.124609 0.197498 -0.000040 0.000063 0.168767 0.072012 -0.000082 0.000096 -0.000043 0.000091 -0.000011 -0.000056 0.000047 0.039216 0.000072 -0.000022 0.667465 0.000021 -0.000112 -0.000047 0.267160 -0.000029
1.017483 0.000028 0.000063 0.000079 0.000079 -0.000067 0.074102 0.791936 0.113760 0.085659 -0.000015 0.000164 0.000118 0.000055 0.009400 0.064708 0.000115 -0.044194 0.014422 0.012815 -0.000126 0.000016 0.853518 -0.000118 0.000158 0.021540 -0.000020 0.152973 0.071404 0.000008 -0.000025 0.000055 0.000058 -0.000047 0.000102 0.029223 0.115607 0.031639 0.826842 0.000115
-0.000057 0.414700 -0.000023 0.000000 -0.000041 -0.000067 0.000026 0.805990 -0.000033 0.317098 -0.000086 0.199692 0.000013 -0.006860 0.041764 0.478986 -0.000027 -0.000005 0.000081 0.000083 0.016514 0.013399 -0.000059 -0.000113 0.000084 0.273110 -0.000092 0.000012 0.000018 -0.000075 0.000764 -0.000074 0.544242 0.000064 -0.000118 0.019537 -0.000068 -0.202257 0.050319 0.085150
0.032342 0.157792 0.000053 0.000008 0.036951 0.000107 0.000125 0.000045 0.000178 0.075894 0.170869 0.002169 0.000081 0.071070 0.000066 -0.000062 0.005566 0.016296 0.078744 0.000009 0.000032 -0.000045 1.001579 0.000045 -0.000007 0.000027 0.000076 0.000084 0.000114 0.042687 0.047769 0.000080 0.000087 0.025243 0.000036 0.000076 -0.017060 0.034715 0.060163 0.050424
-0.000039 0.000062 -0.000023 -0.000040 0.651425 0.000026 -0.000038 -0.096597 -0.000030 0.078891 0.105477 -0.000108 0.000008 -0.000033 0.422455 0.000118 -0.000116 0.000104 0.000035 -0.000143 -0.000025 0.000030 0.037629 0.029915 0.000011 -0.000022 0.000117 -0.000021 0.000093 0.000101 0.000049 -0.000002 0.750842 -0.000042 0.000058 0.000106 -0.000014 -0.000019 0.000032 0.000032
0.000119 0.000047 0.053286 0.000083 0.000060 0.039556 0.049902 0.061173 -0.000025 0.000020 0.903037 0.007573 0.010950 -0.000024 0.701129 0.000109 0.010022 0.086528 0.000157 -0.000002 0.000126 0.040026 -0.000027 0.000029 0.000021 0.061063 0.000011 0.000020 0.008058 0.015864 0.136937 0.084226 -0.000009 -0.000111 0.011499 -0.000027 -0.000120 -0.000056 -0.000073 -0.000046
-0.000033 0.131917 0.000167 0.028543 0.059650 -0.000106 0.000038 0.255321 0.069054 0.083028 -0.023002 0.000043 0.000108 -0.024243 0.174058 0.000034 0.000004 0.000078 0.000016 0.000019 -0.000026 0.061359 -0.000055 0.000021 -0.000076 -0.000065 0.000087 -0.000005 0.850804 0.000029 0.658179 0.000030 0.000135 0.000112 0.000035 0.719634 -0.051457 0.000066 0.051149 0.000070
0.000127 0.085458 -0.000012 -0.000053 0.000062 -0.000036 0.000011 0.627091 0.000006 0.000013 -0.000070 0.048512 -0.000097 -0.000107 0.000111 0.023949 0.000102 0.513458 0.000009 0.018408 0.586499 -0.000003 -0.000082 -0.000102 0.000072 0.000138 0.000025 0.000072 -0.000052 0.000098 0.000052 -0.000021 0.028703 -0.000092 -0.000007 0.562033 0.000053 -0.021467 0.013105 0.000122
0.424704 0.076342 0.322224 0.000132 0.077263 0.038443 -0.000091 0.000209 0.009081 0.000063 0.575015 0.000091 -0.000021 0.151529 0.198464 0.022655 0.000111 -0.000011 0.178538 0.185773 0.000027 0.199648 0.046789 -0.000004 -0.000090 -0.000044 0.729303 0.223597 0.060833 0.000079 0.000135 0.136664 0.059556 0.000083 -0.000037 0.042934 0.008249 0.000075 0.027001 0.031312
0.697914 0.156821 0.000017 -0.000083 -0.000007 -0.000058 0.636725 0.221643 0.035291 0.022519 0.007396 0.066210 -0.026281 0.513247 0.000109 0.093752 -0.000031 0.059050 0.000100 0.092306 0.070311 -0.000032 -0.000030 -0.001887 0.583951 0.000025 0.000048 0.025775 -0.000088 -0.000013 -0.000092 0.000057 0.736780 0.793510 0.000014 0.000029 0.000019 -0.000080 0.642768 0.722724
0.017214 0.000029 0.000080 0.018844 0.000044 0.000065 0.098002 0.000653 -0.026754 0.000111 -0.000015 -0.000020 0.011444 0.015771 -0.000007 -0.000036 0.000059 -0.001671 -0.000075 0.045310 0.000052 0.000024 0.111381 -0.000002 1.102152 0.000787 -0.000043 0.022180 0.000000 0.000022 -0.000138 -0.000050 0.000074 0.000069 0.000038 0.045285 0.007830 -0.009713 0.955272 -0.000022
-0.032278 0.000007 0.000025 0.826152 -0.000086 -0.000032 0.000007 -0.000009 -0.019847 0.951295 0.000146 -0.000029 -0.000067 -0.000020 0.000087 -0.000095 -0.000090 -0.000089 -0.047453 0.095576 -0.000037 -0.000017 0.000101 0.818964 0.843894 0.043200 -0.034948 0.000123 -0.048344 -0.000031 -0.000040 -0.000050 -0.000032 -0.102441 -0.000056 0.010132 0.000155 0.080472 0.000042 -0.078785
0.858883 0.095241 0.000104 -0.000055 -0.000133 0.000019 -0.000030 0.145950 -0.000015 -0.000001 0.144795 0.000116 -0.037070 -0.000040 0.000121 0.710715 0.000019 0.100446 0.000118 0.808238 0.000083 0.000043 0.010333 -0.000081 0.000014 0.000095 0.000128 0.725778 -0.000094 0.000143 -0.000063 -0.000067 0.021379 0.000117 -0.000100 0.548981 0.559284 -0.000061 0.514629 0.062778
0.029911 0.000118 0.000026 0.026160 -0.000071 0.000090 0.000078 0.002054 0.139364 -0.000063 0.000041 0.000099 0.000047 0.000008 0.000139 -0.000100 0.000081 0.712385 0.069176 0.824801 0.037396 -0.000077 -0.000011 -0.000041 -0.000090 0.000031 0.012192 0.126895 0.284784 0.000105 0.107962 0.013866 0.000087 0.016535 0.024565 0.750514 0.000103 0.000095 0.000137 -0.000056
