0.091656 0.537285 0.000038 0.000108 -0.000087 0.000077 0.116467 0.075240 0.000111 0.627880 0.097666 0.000132 0.000095 0.010133 -0.000089 0.000016 0.000020 0.000137 0.136433 0.758755 0.000117 0.125768 0.626623 -0.000075 0.088933 -0.000060 0.246549 0.826565 0.071315 -0.000022 0.000055 -0.000041 0.000089 0.125857 0.000001 0.832038 0.085736 0.000031 0.814589 0.042814
0.788489 -0.000068 -0.000086 0.000024 0.000131 0.750975 0.049027 0.147337 -0.000030 -0.000118 -0.000097 0.010948 0.000132 0.000052 0.128599 0.000040 0.000108 0.131429 0.078165 0.067384 0.000096 -0.000022 -0.000028 -0.000049 -0.000058 0.016615 0.031904 0.000116 0.823729 0.000070 0.000074 0.000029 0.057442 0.047436 0.000001 0.000109 0.000027 0.000041 0.001934 0.000049
-0.000097 0.132010 0.058903 0.055326 0.995847 -0.000037 0.475149 -0.000079 -0.000002 0.825679 0.122496 0.000041 0.898034 0.085689 0.265697 0.000056 -0.000025 -0.000053 0.000008 -0.000035 -0.000104 0.633460 0.753563 0.006288 0.713583 0.750940 -0.009788 0.000041 -0.000052 -0.000060 0.064561 0.000066 0.008010 0.000092 -0.000021 0.000090 0.068065 0.152711 -0.000032 -0.000027
0.000118 -0.021083 -0.000080 0.142475 0.091985 0.000141 0.000079 0.000086 -0.000026 0.725718 0.625126 0.000140 0.000098 0.613115 0.162188 -0.000022 -0.000055 0.037277 0.860084 0.091417 -0.000105 0.000090 0.064060 0.076418 0.085722 0.000099 0.000000 -0.000052 -0.032562 -0.000030 0.012260 0.028688 -0.000047 0.001155 0.000079 0.000036 -0.000084 0.621952 0.000085 0.071136
0.000010 0.000029 0.804498 -0.000052 0.190150 0.000028 0.119485 -0.192841 0.016852 0.130495 0.915797 -0.000167 0.070754 0.000060 0.103389 0.012648 0.000018 0.729665 -0.000001 0.000108 -0.000056 0.003485 0.074609 0.000031 0.000134 -0.000034 0.000048 0.086241 -0.001611 0.011247 0.802089 0.000100 0.000155 -0.000029 0.000008 0.000118 0.060599 0.024009 -0.000079 0.000011
0.093646 0.615999 0.028436 0.015078 0.277777 0.039562 0.303189 0.146317 0.000101 0.000136 0.522893 0.000087 0.147926 0.000098 0.164668 -0.000065 0.000016 0.030920 -0.000107 0.000033 0.000148 0.110925 0.134079 0.000109 0.175738 0.119648 0.000020 0.000041 -0.000014 -0.000001 0.000015 0.091977 0.137966 0.032943 0.149379 0.012998 0.000088 0.000031 0.000083 0.000031
-0.000093 0.000071 0.299590 -0.000029 -0.000004 0.000095 -0.011538 0.334757 0.071096 0.000055 0.026916 0.000063 0.000058 0.537628 0.000111 0.000054 0.000092 0.000072 -0.000045 -0.000106 0.000066 0.508768 0.000092 0.000053 0.000026 0.000041 0.024221 0.000010 0.000161 0.000082 0.000054 -0.000044 -0.000034 -0.000062 0.000083 0.664168 -0.000058 0.000061 0.000047 0.000064
0.146153 0.000066 -0.000073 -0.000023 -0.000034 0.065245 0.602037 0.021394 0.634254 -0.000059 0.000059 0.000108 0.000113 0.000109 0.000010 0.000030 0.000042 0.044516 0.679942 0.190074 -0.000024 0.050693 0.250504 -0.000048 -0.000063 0.000050 0.628344 0.664516 0.604937 0.000052 0.000102 0.005367 -0.000052 0.526874 0.007212 0.279703 0.000056 0.000122 0.233331 0.041787
0.207414 0.197711 -0.000131 0.000023 -0.000068 0.000021 0.000035 0.784436 0.000084 0.217832 0.068505 0.620232 -0.051234 -0.000015 0.010349 0.237721 0.000010 0.000114 0.000055 0.000021 0.101624 0.000128 0.000001 0.000042 0.125906 0.484081 -0.000096 0.000073 0.000009 -0.000025 -0.000052 -0.000083 0.239216 0.166439 -0.000028 0.000079 -0.000135 -0.000040 0.132637 0.164623
0.525866 -0.000066 0.740512 0.936539 0.085845 0.000043 0.000039 -0.000039 -0.000075 -0.028456 0.019735 -0.000042 0.009883 0.738530 0.025529 -0.040330 0.000017 0.000035 -0.118111 -0.000018 -0.000067 -0.000126 0.056353 0.009972 -0.000033 -0.000055 0.000062 -0.029419 0.791366 0.000012 -0.000098 0.000112 -0.081919 0.000055 0.022365 0.000012 0.000076 0.808959 -0.000065 -0.000014
0.021494 -0.000001 0.234908 0.859174 0.416655 0.698594 0.000070 0.182554 0.031456 -0.000059 0.487415 0.000089 0.751435 0.203374 -0.000034 -0.000044 0.000174 0.073913 0.048757 0.000075 0.000022 0.147306 0.470734 0.657594 0.000052 0.000069 0.071675 -0.000055 0.018421 0.000177 0.000141 0.717826 -0.028242 -0.003976 0.810315 0.139750 0.000007 0.158963 0.000010 -0.000014
0.000007 0.000036 0.163420 0.000067 -0.000037 -0.028517 -0.000010 0.232116 0.800949 0.000132 -0.000023 -0.000030 -0.000050 0.152543 0.004615 0.048219 0.000095 0.000011 0.000095 0.000053 0.000064 0.000038 0.000029 -0.004095 0.000128 0.000122 -0.000031 0.000004 0.018873 0.000060 0.013510 -0.026609 0.038154 0.193513 -0.000108 0.110834 -0.000084 0.050132 -0.000049 -0.000027
0.000113 0.054160 1.202867 0.029387 0.000055 0.017171 0.037632 0.000100 0.000073 0.066303 0.678012 0.000027 0.185909 0.294346 -0.040438 -0.000146 -0.000044 0.000088 -0.000027 -0.000058 0.000155 0.040148 0.087782 0.017882 0.724387 0.062428 -0.000020 0.064732 0.000158 0.008831 -0.027712 0.000105 -0.000132 -0.000051 0.000138 0.459426 0.211679 0.215798 0.009428 -0.000065
0.042608 0.000012 0.073811 0.887828 0.074293 -0.000016 0.828217 0.035616 0.000069 0.759134 0.033491 0.000108 0.013112 0.058169 0.000014 -0.005642 0.012759 -0.000007 0.076827 -0.000022 -0.000053 0.000108 0.011245 0.832246 0.747605 -0.000022 -0.000013 0.000045 0.000157 0.000076 0.000150 0.037759 -0.000434 -0.000013 0.037667 0.724046 -0.000145 0.138533 0.020232 0.005296
0.046901 0.000129 0.000120 0.000009 0.000064 0.019124 0.198931 0.000089 -0.000064 0.000125 0.055543 0.000042 0.023327 0.103112 -0.000018 0.000055 0.000051 0.783454 0.808347 0.000108 0.000056 0.052064 -0.000041 0.000095 0.000090 0.000157 0.026962 -0.000077 0.011092 0.000015 0.725732 0.721513 0.000047 -0.000040 0.000036 0.096685 0.030055 0.079591 0.000037 0.052664
0.099069 0.025491 -0.000036 -0.000039 -0.000005 0.000106 -0.000099 0.087898 0.000024 0.161440 0.000058 0.000124 -0.000075 -0.000021 0.000001 0.169659 0.000127 0.182057 -0.000070 0.178128 0.008757 0.004557 0.000111 0.000027 -0.000020 -0.000008 0.000047 0.018306 0.942865 -0.000002 0.156575 -0.000005 0.000089 -0.000043 0.000084 0.550727 0.121736 0.000094 0.683883 0.000117
0.001714 -0.000058 0.000016 0.000056 0.000013 0.000083 -0.007337 0.053399 0.000115 0.000033 0.152759 0.000167 0.000131 0.117087 -0.000015 -0.000078 0.125799 -0.000040 0.000085 -0.035005 -0.000089 -0.000034 0.000081 0.810437 -0.000014 0.000031 0.014484 0.000056 0.002777 -0.000009 0.000050 -0.000017 0.000061 -0.000061 0.000170 -0.000053 -0.000101 0.134329 -0.000074 0.000038
0.022058 0.000087 0.016627 0.000044 0.254779 -0.000036 0.028561 -0.000033 -0.000033 0.102066 0.000125 0.000005 -0.005321 -0.000014 0.413589 0.000131 0.000066 -0.000049 0.000032 0.000112 0.000073 0.211861 -0.000059 -0.056931 0.055745 0.083121 -0.000049 -0.000118 -0.000013 0.000084 0.005516 -0.000112 0.000079 0.490530 -0.136501 -0.000056 -0.008287 0.000047 0.032710 0.572266
0.133245 0.000107 -0.000082 0.857066 0.037484 0.202742 0.161334 0.823128 0.035559 0.215812 0.000059 0.000095 0.038792 0.157418 0.544015 -0.000017 0.000109 0.041508 0.107543 0.707950 -0.000024 0.000157 0.157216 0.111998 0.077575 0.000007 0.000166 0.000083 0.178186 -0.000015 0.000057 0.049523 -0.000022 0.209238 0.140224 0.054975 0.000015 0.012106 0.038714 0.113058
0.408772 0.000112 0.000029 -0.000091 0.045260 -0.000009 -0.000041 0.202727 0.000291 0.000048 0.155532 0.000187 -0.000048 0.000013 0.028043 0.000054 0.002258 0.000066 0.670757 -0.000040 -0.000061 0.406668 0.031259 0.000063 0.000015 0.000093 0.180006 0.327116 0.000055 0.000047 0.018049 0.002947 -0.000040 0.181630 0.114521 -0.000004 -0.001404 0.000024 0.519906 0.568008
-0.000064 0.112285 -0.000081 0.000103 0.000047 0.000065 0.000019 0.026471 0.000340 0.020930 0.025644 0.018382 -0.000039 0.058788 -0.000066 -0.000001 0.000013 -0.000119 0.000002 0.000058 0.000055 0.014195 0.000071 -0.000014 0.000092 0.027573 0.000061 -0.000091 0.000042 -0.000060 0.000036 0.000028 -0.000036 0.748947 0.014901 0.000093 0.000119 0.000086 0.000142 0.040552
-0.000027 0.000137 0.700042 0.000079 -0.027886 0.000021 0.680339 -0.000145 0.000069 -0.039181 0.281826 0.000034 -0.018183 -0.000036 0.036776 0.000008 -0.000005 0.072384 -0.000072 0.852996 0.000124 -0.151136 -0.066402 -0.002910 0.000097 0.000061 0.000095 0.000008 -0.000016 0.000036 0.013295 0.000022 0.000006 -0.000040 -0.000099 0.000014 0.000114 0.000029 -0.000038 -0.000029
0.865636 0.000029 0.806771 0.000107 0.022925 0.028615 0.008108 -0.000016 -0.000005 0.085419 0.990936 0.000026 0.000062 0.000037 0.000060 0.000079 0.000115 0.069377 0.014766 -0.000003 0.000106 0.063540 0.062845 0.127987 0.100092 0.000162 0.000084 0.770191 0.000109 0.875571 0.060826 0.021610 0.000033 -0.000003 0.000033 0.003816 -0.000075 -0.000104 0.000142 0.063398
0.000111 0.000072 0.004572 0.090617 0.000053 0.000091 -0.000025 0.028941 0.011480 -0.000079 0.761309 0.000139 -0.000041 0.630931 0.051123 0.000062 0.808376 0.000540 0.003636 0.000084 0.000068 0.012529 0.010462 0.221924 0.000086 -0.000111 0.014082 -0.000022 0.000144 -0.000000 0.000068 0.017499 -0.000091 0.000057 0.018526 0.000094 -0.011031 0.635026 -0.000079 0.000073
-0.028321 0.000082 0.824982 0.024597 0.002558 0.039314 0.106257 -0.024246 0.000117 0.076222 0.000056 0.000026 0.835092 0.373450 -0.147481 -0.012837 0.000018 0.000033 -0.047506 -0.003927 0.000012 0.000096 0.260289 0.131878 0.311673 0.011452 -0.000031 -0.000051 0.024801 0.000126 0.000011 0.067259 -0.000078 -0.000114 0.000119 0.418589 0.544285 0.452009 -0.000011 -0.136475
0.036949 0.000034 1.040214 -0.000086 0.071874 0.045702 0.000000 0.000050 0.915749 -0.016005 0.239004 -0.000121 0.027567 0.199063 0.000088 0.000047 0.000029 0.010809 -0.000001 0.000033 0.000129 -0.000042 -0.000115 -0.000109 0.000008 -0.000075 0.000008 0.000063 0.000048 0.000030 0.000063 0.000050 0.022222 -0.000012 0.000013 0.000048 0.058455 0.154674 0.000053 0.000023
0.000444 0.225343 -0.197796 0.059926 0.000036 0.000041 0.000094 0.447526 -0.000008 0.098671 0.000110 0.000034 0.004796 -0.000011 0.000100 0.000058 0.000045 0.000059 0.126831 0.200836 0.000057 0.000128 0.168954 0.074074 -0.000053 0.000099 -0.000040 0.000047 0.000042 0.000120 0.000012 0.041344 0.000031 0.000004 0.661759 -0.000079 0.000072 0.000065 0.266852 0.000035
1.016977 0.000044 0.000076 0.000049 0.000022 -0.000007 0.075331 0.787519 0.116494 0.087339 0.000032 0.000099 -0.000019 0.000103 0.010268 0.066150 0.000049 -0.043407 0.014815 0.012921 -0.000039 0.000135 0.851319 -0.000163 0.001596 0.022009 0.000045 0.155141 0.072843 -0.000051 0.000045 -0.000068 0.000045 0.000090 0.000015 0.030252 0.116666 0.032699 0.826829 0.000090
-0.000018 0.408559 -0.000091 -0.000071 -0.000041 -0.000016 0.000078 0.799913 0.000100 0.310316 -0.000090 0.200860 -0.000075 -0.002939 0.042369 0.471845 0.000085 0.000071 -0.000067 0.000004 0.017662 0.013300 -0.000117 0.000013 -0.000049 0.273684 0.000071 0.000086 -0.000010 0.000088 0.001562 0.000024 0.537795 -0.000073 -0.000147 0.020645 -0.000067 -0.200684 0.050825 0.087234
0.036310 0.158486 0.000125 -0.000035 0.037572 0.000138 0.000153 -0.000063 0.000094 0.078104 0.173104 0.002058 0.000072 0.071703 0.000051 -0.000066 0.005785 0.015443 0.079350 0.000049 0.000002 0.000078 0.999052 0.000091 0.000132 -0.000001 -0.000010 0.000102 0.000047 0.045236 0.048573 0.000179 0.000107 0.024243 0.000023 0.000066 -0.016870 0.034434 0.060835 0.051821
-0.000029 0.000036 0.000020 -0.000082 0.646591 0.000138 0.000141 -0.096844 -0.000057 0.078824 0.104852 -0.000089 0.000031 -0.000072 0.415641 -0.000072 -0.000062 -0.000050 0.000015 -0.000047 -0.000107 0.000019 0.037289 0.029723 -0.000003 -0.000009 -0.000000 -0.000128 0.000041 0.000054 0.000098 0.000030 0.743647 -0.000132 -0.000038 0.000075 0.000056 0.000037 -0.000103 0.000004
0.000028 -0.000030 0.053379 -0.000010 -0.000033 0.040542 0.050522 0.062834 0.000007 -0.000002 0.900453 0.007864 0.010967 0.000002 0.696940 0.000050 0.010735 0.088167 0.000053 0.000052 0.000148 0.040534 -0.000016 0.000065 -0.000104 0.062174 0.000145 0.000092 0.008175 0.017174 0.140279 0.085298 -0.000020 -0.000105 0.012034 0.000029 -0.000006 0.000132 -0.000030 0.000070
-0.000071 0.132232 0.000084 0.028796 0.059200 -0.000015 0.000045 0.259669 0.070665 0.084094 -0.018100 -0.000016 0.000070 -0.022386 0.173843 0.000510 0.000113 0.000000 0.000118 -0.000009 0.000162 0.061583 0.000089 -0.000002 -0.000102 0.000098 -0.000052 0.000031 0.846265 0.000029 0.649295 -0.000049 0.000081 0.000000 0.000044 0.716550 -0.051798 -0.000065 0.051430 -0.000040
-0.000036 0.084489 -0.000024 -0.000064 0.000018 0.000065 0.000037 0.618547 0.000007 0.000054 0.000060 0.049389 -0.000001 0.000017 -0.000077 0.024420 0.000100 0.503642 0.000085 0.018376 0.575915 -0.000003 0.000068 0.000006 0.000005 0.000042 0.000002 0.000085 0.000060 0.000030 -0.000030 -0.000066 0.028143 0.000048 -0.000099 0.552984 -0.000002 -0.020728 0.013479 -0.000062
0.426650 0.078271 0.323464 0.000092 0.076766 0.038930 0.000034 0.000236 0.010393 -0.000044 0.573342 0.000016 -0.000043 0.154673 0.198949 0.022364 0.000142 0.000097 0.179999 0.188397 0.000046 0.200200 0.045970 0.000067 0.000005 -0.000035 0.725542 0.228179 0.062246 0.000025 0.000107 0.138810 0.058551 0.000087 0.000010 0.046275 0.007565 0.000041 0.029385 0.031199
0.691926 0.157507 -0.000043 -0.000045 0.000009 0.000105 0.629272 0.225886 0.035952 0.021463 0.008372 0.067715 -0.026416 0.503827 0.000070 0.096626 -0.000010 0.058654 0.000023 0.094314 0.071675 0.000041 -0.000089 -0.002086 0.577080 0.000070 0.000021 0.026521 -0.000082 0.000116 -0.000056 -0.000093 0.730561 0.789036 0.000008 0.000054 -0.000046 -0.000031 0.636681 0.716717
0.018519 -0.000040 -0.000035 0.019019 0.000087 -0.000076 0.099710 0.002568 -0.027314 0.000105 0.000109 0.000105 0.012851 0.016012 0.000098 -0.000012 0.000022 -0.001112 -0.000139 0.046184 0.000019 0.000021 0.112831 0.000086 1.101422 0.000661 0.000078 0.022704 -0.000090 0.000057 -0.000038 0.000077 0.000068 -0.000000 0.000084 0.045286 0.008861 -0.008760 0.953778 0.000099
-0.032754 -0.000100 0.000030 0.819995 -0.000093 -0.000054 -0.000068 -0.000009 -0.019962 0.949503 0.000121 0.000010 -0.000029 0.000050 0.000061 -0.000014 -0.000032 0.000063 -0.046364 0.095525 0.000043 -0.000029 -0.000025 0.814411 0.839545 0.043486 -0.034678 0.000092 -0.047560 0.000109 0.000068 0.000058 0.000078 -0.102855 0.000009 0.007776 -0.000005 0.081969 -0.000037 -0.078640
0.857533 0.093953 -0.000006 0.000030 -0.000112 -0.000028 -0.000132 0.146356 0.000009 0.000156 0.144938 0.000068 -0.037385 0.000119 -0.000008 0.706078 0.000085 0.101878 0.000108 0.804247 -0.000043 0.000134 0.011271 -0.000142 0.000049 -0.000001 0.000046 0.721658 0.000003 0.000025 -0.000073 -0.000015 0.023242 -0.000005 0.000034 0.543139 0.553421 0.000071 0.519912 0.065331
0.030795 0.000008 -0.000005 0.028130 0.000075 0.001174 -0.000078 0.004864 0.141357 0.000066 0.000082 0.000007 0.000004 -0.000076 0.001314 0.000000 0.000047 0.704401 0.070729 0.820156 0.037889 0.000078 0.000049 -0.000077 0.000001 0.000049 0.013538 0.127889 0.289574 -0.000051 0.109299 0.014197 -0.000030 0.019306 0.026052 0.745846 -0.000026 -0.000015 0.000074 0.000127
