0.092708 0.534004 -0.000007 0.000137 -0.000012 0.000077 0.113758 0.034422 0.000101 0.586125 0.096765 0.000120 0.000108 0.032365 -0.000075 0.000093 0.000111 0.001772 0.128812 0.756000 -0.000022 0.131709 0.624544 0.000039 0.080064 0.000014 0.252014 0.807881 0.170181 0.000136 -0.000083 0.000029 0.000023 0.125277 0.000153 0.761126 0.085259 0.000123 0.815592 0.041252
0.776733 -0.000034 0.000034 -0.000039 0.000112 0.747841 0.059706 0.144654 0.000088 -0.000128 -0.000015 0.009771 -0.000028 -0.000061 0.133845 0.000033 -0.000073 0.139281 0.095834 0.072366 0.000060 0.000114 -0.000099 -0.000127 0.000095 0.014792 0.030513 -0.000043 0.765374 -0.000060 0.000137 0.000060 0.056152 0.031090 -0.000016 0.000059 0.000028 -0.000063 0.004912 0.001588
0.000052 0.135093 0.063694 0.027794 0.996657 0.000111 0.453560 -0.000035 -0.000102 0.808213 0.134725 0.000005 0.896725 0.082283 0.266460 -0.000078 0.000092 0.000011 -0.000022 -0.000142 0.000041 0.626332 0.750650 0.009159 0.697657 0.748510 -0.010264 0.000021 -0.000025 0.000056 0.063592 0.000018 0.004727 -0.000015 0.000043 -0.000019 0.069685 0.150563 -0.000000 0.000023
0.000047 -0.018231 0.000030 0.187115 0.093534 0.000019 0.003545 0.054152 0.000048 0.741933 0.605957 0.000082 -0.000055 0.588576 0.162017 -0.000076 0.000091 0.035833 0.807948 0.095038 -0.000026 0.000108 0.065427 0.077080 0.107165 -0.000011 -0.000027 -0.000011 -0.000115 0.000098 0.014707 0.029159 0.000086 0.000054 0.000102 -0.000009 0.000021 0.611004 -0.000036 0.070708
-0.000015 0.000039 0.793929 0.000111 0.192654 0.000095 0.125876 -0.203104 0.018110 0.124617 0.917897 -0.000098 0.072971 0.000146 0.108286 0.012256 0.000083 0.712283 0.000038 0.000046 0.000041 0.006746 0.074343 -0.000048 -0.000042 0.000041 0.000054 0.090276 -0.003420 0.010724 0.795067 0.000149 0.000018 -0.000019 -0.000123 -0.000053 0.061321 0.028172 0.000015 0.000028
0.093055 0.611826 0.050326 0.033414 0.290852 0.042257 0.318167 0.170027 0.000037 0.000035 0.515577 0.000090 0.152688 -0.000004 0.175593 0.000112 -0.000001 0.035697 0.000045 -0.000116 -0.000042 0.113214 0.135338 0.000109 0.210476 0.121425 -0.000014 -0.000059 0.000117 0.000135 0.000029 0.094546 0.145045 0.035540 0.153445 0.002739 0.000036 -0.000017 0.000098 0.005290
-0.000091 -0.000037 0.245622 0.000089 0.000055 -0.000079 -0.002599 0.097156 0.071932 0.000002 0.025390 0.000082 -0.000021 0.476763 0.000086 0.000011 0.000024 0.000017 0.000094 -0.000078 0.000041 0.503033 0.000117 -0.000011 -0.000060 -0.000079 0.024303 0.000053 0.012126 0.000060 0.000008 -0.000066 -0.000021 -0.000017 0.000041 0.379261 0.000068 0.000058 -0.000032 0.000071
0.144943 -0.000030 -0.000023 -0.000030 0.000013 0.066544 0.565518 0.024299 0.611676 -0.000008 -0.000082 0.000097 -0.000004 -0.000005 -0.000012 0.000079 0.000073 0.058249 0.645540 0.189958 -0.000035 0.057310 0.251183 0.000025 0.000065 -0.000094 0.624738 0.649603 0.419664 0.000008 0.000113 0.006290 0.000002 0.519644 0.007682 0.282667 0.000019 0.000097 0.235007 0.059133
0.205286 0.199006 0.000043 -0.000069 -0.000096 -0.000086 0.000041 0.759833 0.000003 0.207538 0.055447 0.615570 -0.051011 -0.000074 0.014924 0.238389 0.000010 -0.000039 0.000053 0.000113 0.102255 -0.000017 -0.000039 -0.000154 0.128985 0.480549 0.000001 0.000005 0.000116 -0.000032 0.000061 -0.000119 0.242554 0.166473 -0.000038 0.000080 -0.000049 -0.000112 0.137557 0.170468
0.478536 0.000044 0.692420 0.891824 0.080128 -0.000066 0.000023 0.006403 0.000078 -0.016680 0.013414 -0.000023 0.010478 0.716700 0.026962 -0.039311 0.000122 -0.000146 -0.124245 -0.000094 -0.000021 -0.000091 0.057417 0.012670 0.000074 -0.000018 -0.000025 -0.026276 0.732099 -0.000083 -0.000049 -0.000029 -0.083137 -0.000115 0.020863 0.006846 0.000076 0.802750 -0.000012 0.000049
0.019527 -0.000081 0.234409 0.832090 0.409253 0.696272 0.000047 0.057202 0.032042 -0.000012 0.495850 0.000003 0.748732 0.213880 -0.000015 -0.000037 0.000002 0.101731 0.064725 0.000036 0.000086 0.151843 0.465038 0.649180 -0.000057 -0.000067 0.072184 0.000033 0.001972 0.000042 0.000146 0.715469 -0.025832 -0.000038 0.807951 0.074892 -0.000010 0.162100 -0.000066 -0.000016
0.000045 0.000100 0.159188 0.000035 0.000041 -0.028026 -0.000027 0.173577 0.790235 0.000136 0.000125 0.000076 -0.000036 0.154489 0.003406 0.049064 0.000044 0.000134 -0.000042 0.000017 -0.000014 0.000133 -0.000070 -0.003595 0.000091 0.000053 -0.000059 -0.000053 0.000072 -0.000013 0.013859 -0.025856 0.038331 0.202935 -0.000107 0.000878 0.000027 0.048148 0.000067 0.000025
-0.000023 0.051294 1.197096 0.050844 0.000117 0.018520 0.038782 0.018139 0.000006 0.067321 0.657253 0.000118 0.188331 0.311653 -0.043096 -0.000095 0.000024 -0.000056 -0.000035 0.000092 -0.000005 0.039528 0.090215 0.016117 0.726337 0.061597 0.000014 0.071388 -0.000008 0.008233 -0.025382 0.000022 -0.000078 0.000049 -0.000008 0.451116 0.212426 0.219352 0.010630 -0.000014
0.046417 -0.000033 0.055637 0.842192 0.071000 0.000010 0.828070 0.078671 0.000048 0.725307 0.038517 0.000114 0.011724 0.062511 0.000041 -0.003852 0.012230 -0.000021 0.084413 -0.000100 -0.000097 0.000020 0.011453 0.822670 0.708373 0.000085 -0.000038 0.000035 0.000104 0.000011 -0.000008 0.036394 -0.000911 -0.000040 0.037076 0.666513 0.000034 0.140546 0.015001 0.000046
0.054045 0.000073 0.000009 0.000033 0.000084 0.019110 0.209324 0.000115 0.000012 0.000067 0.059096 0.000056 0.021792 0.100384 0.000100 0.000045 0.000161 0.761314 0.776474 -0.000051 -0.000008 0.046393 0.000075 0.000008 0.000114 0.000160 0.027877 -0.000033 0.000036 0.000108 0.719631 0.718028 -0.000006 0.000047 0.000155 0.212375 0.030813 0.080176 -0.000005 0.038503
0.107024 0.026679 0.007404 0.007527 0.000047 -0.000001 0.000033 0.106502 0.000051 0.154598 0.000080 0.000083 0.000056 0.000066 -0.000014 0.173166 -0.000058 0.191525 0.000134 0.183488 0.007806 0.006178 0.000021 0.000063 0.000090 0.000082 -0.000066 0.015709 0.914427 -0.000027 0.162085 -0.000092 0.000124 0.000073 0.000077 0.593299 0.123790 0.000124 0.671642 0.000165
0.006739 -0.000002 0.000019 0.000054 0.000040 -0.000016 -0.003693 0.052821 0.000119 0.000127 0.154395 0.000170 0.000027 0.121565 0.000090 0.000039 0.129157 -0.000039 -0.000006 -0.033261 0.000015 -0.000021 -0.000014 0.804470 0.000073 0.000084 0.014356 0.000076 0.000062 -0.000003 0.000106 0.000008 -0.000038 -0.000014 0.000673 0.000021 -0.000096 0.137985 0.000110 0.000028
0.033255 -0.000023 0.000103 -0.000030 0.235546 0.000001 0.020607 0.095694 -0.000025 0.100359 0.000037 -0.000011 -0.005879 0.000050 0.393120 0.000028 -0.000012 0.000024 0.000056 -0.000033 0.000053 0.203986 -0.000079 -0.057692 0.051464 0.082842 -0.000116 0.000025 0.000045 -0.000048 0.002741 -0.000018 0.000147 0.443432 -0.134979 0.000004 -0.005742 -0.000022 0.025787 0.495876
0.147035 0.000048 0.000075 0.790051 0.039140 0.202812 0.173912 0.820953 0.039725 0.232220 0.000012 0.000129 0.036480 0.176147 0.533749 0.000025 -0.000003 0.031595 0.113792 0.703869 0.000078 -0.000003 0.158966 0.114113 0.086463 0.000039 0.000036 0.000099 0.172778 -0.000051 0.000144 0.049244 0.000099 0.200172 0.142408 0.074042 -0.000109 0.014390 0.053419 0.131934
0.395230 0.000149 -0.000079 -0.000032 0.043243 -0.000002 0.000091 0.192286 0.000732 0.000041 0.153961 0.000121 -0.000008 0.000022 0.032743 0.000088 0.002449 0.008108 0.642058 0.000363 -0.000039 0.387635 0.030346 -0.000083 0.000001 -0.000047 0.182116 0.331295 0.029676 0.000035 0.021898 0.003588 0.000002 0.193403 0.113500 0.000063 -0.000174 -0.000006 0.509638 0.518331
-0.000066 0.113458 -0.000005 0.000001 0.000104 0.000019 -0.000035 -0.000043 0.000051 0.030793 0.019808 0.016551 -0.000006 0.054071 -0.000042 0.000081 0.000126 -0.000080 0.000005 0.000061 -0.000045 0.009424 -0.000057 -0.000095 -0.000007 0.026208 0.000005 -0.000072 0.000076 -0.000100 0.000028 -0.000116 0.000042 0.701509 0.013705 0.000061 0.000041 -0.000011 -0.000052 0.018110
0.000024 0.000005 0.686191 -0.000030 -0.025548 0.000094 0.675855 -0.000072 -0.000047 -0.023257 0.278178 0.000104 -0.018131 -0.000030 0.033759 0.000052 0.000149 0.071802 -0.000060 0.848379 -0.000022 -0.146381 -0.065421 -0.000022 0.000091 0.000010 0.000067 -0.000070 -0.000032 -0.000049 0.009630 -0.000032 -0.000105 0.000103 -0.000070 -0.000070 0.000086 0.000074 0.000002 0.000020
0.845780 0.000004 0.807049 0.014626 0.021313 0.026744 0.013577 0.000001 0.000054 0.083879 0.989757 0.000133 0.000008 0.000019 0.000079 0.000047 0.000184 0.067069 0.012233 0.000011 0.000061 0.062409 0.067823 0.132548 0.104628 0.000117 -0.000059 0.753087 -0.000057 0.877871 0.061852 0.021787 0.000070 0.000025 -0.000010 0.093159 0.000017 -0.000050 0.000110 0.062879
0.000061 0.000013 -0.000011 0.097377 -0.000025 0.000085 -0.000068 0.079515 0.010180 0.000045 0.751661 0.000056 -0.000012 0.617596 0.051232 0.000091 0.806325 0.011067 0.008577 0.000079 0.000038 0.012578 0.010777 0.228557 0.000100 -0.000065 0.013550 -0.000059 0.000083 0.000062 0.000006 0.016208 -0.000093 -0.000008 0.017983 0.000019 -0.010133 0.626708 -0.000056 0.000048
-0.022789 0.000132 0.841576 0.046262 0.002322 0.038868 0.102083 -0.054705 -0.000028 0.067712 -0.000020 -0.000030 0.831960 0.354320 -0.144022 -0.013030 -0.000034 -0.000060 -0.031854 -0.003981 0.000019 -0.000010 0.261376 0.135452 0.301091 0.012471 -0.000065 -0.000021 0.000044 -0.000044 -0.000009 0.067019 -0.000136 0.000062 0.000008 0.375284 0.541318 0.445826 -0.000019 -0.139173
0.047326 0.000122 1.023132 0.000023 0.070906 0.045867 0.000039 0.062385 0.910499 -0.010847 0.252497 0.000039 0.025224 0.214442 0.000040 -0.000006 -0.000017 0.010622 -0.000058 0.000007 0.000119 0.000153 0.000008 0.000054 -0.000001 -0.000023 -0.000059 -0.000012 -0.000018 0.000011 0.000100 -0.000001 0.019132 0.000057 -0.000044 0.061624 0.059006 0.157656 0.000033 -0.000035
0.001520 0.226420 -0.165636 0.057270 -0.000034 0.000157 0.000105 0.415046 0.000118 0.117616 -0.000034 -0.000003 0.005164 -0.000053 0.000107 0.000071 -0.000007 0.000007 0.108127 0.205857 0.000034 0.000078 0.168867 0.079512 -0.000049 0.000078 -0.000064 0.000094 -0.000018 0.000019 -0.000064 0.041873 -0.000078 -0.000037 0.659505 -0.000038 -0.000019 0.000041 0.264374 0.000066
1.017623 0.000025 0.000037 0.000144 0.000047 0.000050 0.071582 0.797947 0.121130 0.086679 -0.000099 0.000038 0.000043 -0.000049 0.012252 0.065954 0.000111 -0.039667 0.014193 0.012966 0.000009 0.000095 0.848731 -0.000050 0.013365 0.023188 0.000133 0.170322 0.084935 0.000080 0.000054 -0.000077 0.000066 -0.000023 -0.000066 0.085232 0.116862 0.035320 0.828613 0.000058
-0.000011 0.402338 -0.000028 -0.002426 -0.000051 -0.000075 0.000037 0.618024 0.000025 0.299431 0.000051 0.207292 -0.000151 -0.000062 0.043266 0.466742 -0.000062 -0.000028 -0.000020 0.000020 0.017792 0.015358 0.000019 -0.000017 -0.000021 0.274757 0.000057 0.000032 0.016548 0.000042 0.002040 -0.000122 0.532464 -0.000031 0.000022 -0.000030 -0.000000 -0.199867 0.054239 0.082266
0.035726 0.162487 0.000123 0.004648 0.036648 0.000026 0.000074 0.000097 0.005666 0.105149 0.180978 0.001705 0.000115 0.073709 -0.000002 0.000107 0.005506 0.007979 0.078980 -0.000039 -0.000095 0.000075 0.996761 -0.000023 0.000134 0.000104 0.000111 0.002924 0.037786 0.044861 0.050021 0.000000 0.000043 0.010518 -0.000054 0.000017 -0.015869 0.036618 0.065786 0.052092
-0.000022 0.000086 -0.000076 -0.000069 0.640732 -0.000000 0.000147 -0.135965 0.000080 0.080657 0.107405 -0.000057 0.000042 -0.000057 0.402629 0.000118 -0.000041 0.000021 -0.000016 -0.000104 0.000045 -0.000082 0.037385 0.023894 0.000066 0.000056 0.000142 -0.000008 -0.000083 -0.000057 0.000104 0.000079 0.735360 -0.000021 0.000001 -0.000039 0.000019 0.000080 -0.000017 0.000059
0.002912 0.000081 0.060531 -0.000030 0.000034 0.041347 0.050695 0.085628 0.000104 -0.000112 0.889798 0.006956 0.009271 0.000128 0.687657 -0.000023 0.010337 0.083447 0.000093 0.000046 0.000118 0.040072 0.000005 0.000002 -0.000102 0.063076 -0.000017 0.000075 0.009770 0.016507 0.143812 0.086288 0.000083 -0.000046 0.011722 -0.000044 0.000018 0.000009 -0.000045 -0.000058
0.000103 0.130396 0.000085 0.031272 0.054668 -0.000079 0.000031 0.213879 0.069883 0.094786 -0.000120 -0.000008 0.000022 -0.009100 0.173002 0.000015 0.000029 0.000148 -0.000018 0.000017 0.000057 0.059633 0.000072 0.000090 -0.000094 0.000067 0.000017 0.000115 0.771325 0.000078 0.639120 0.000079 0.000058 0.000050 -0.000044 0.631816 -0.052102 -0.000088 0.046620 0.000022
0.000077 0.081811 -0.000049 0.000076 -0.000052 -0.000061 -0.000074 0.350372 0.000029 0.000148 -0.000061 0.051388 -0.000007 0.000089 0.000027 0.025357 -0.000080 0.467476 0.000059 0.015804 0.568846 -0.000061 -0.000037 -0.000028 0.000101 0.000047 -0.000079 0.000018 0.073649 -0.000023 -0.000014 0.000098 0.031223 -0.000083 0.000012 0.426985 -0.000014 -0.020329 0.023956 0.000087
0.447029 0.077353 0.309546 0.000041 0.074021 0.039922 -0.000090 0.029334 0.018492 0.000004 0.572167 0.000005 0.000016 0.153817 0.194904 0.022981 0.000125 0.000125 0.168073 0.190362 0.000019 0.202295 0.044425 -0.000025 0.000060 0.000010 0.721154 0.233647 0.130668 0.000086 0.000061 0.141086 0.060775 -0.000003 0.000149 0.033416 0.006750 0.000055 0.031257 0.037334
0.667369 0.157374 -0.000070 0.000091 0.000011 0.000051 0.613974 0.170491 0.040651 0.006652 0.005884 0.066595 -0.026843 0.484908 0.000213 0.099495 0.000115 0.054454 -0.000033 0.094932 0.071688 0.000077 -0.000002 -0.002277 0.534233 0.000113 0.000132 0.023951 -0.000015 -0.000021 0.000011 0.000008 0.712463 0.777659 -0.000083 -0.000027 -0.000043 0.000018 0.603206 0.719499
0.026805 -0.000015 0.000016 0.018998 0.000103 -0.000078 0.100430 0.057724 -0.032802 -0.000016 -0.000024 -0.000077 0.014604 0.005756 0.000098 -0.000020 -0.000063 -0.001463 0.000013 0.048356 0.000046 -0.000011 0.114036 0.000113 1.093887 0.000732 -0.000055 0.018202 0.000019 0.000137 -0.000051 0.000130 0.000007 -0.000006 0.000043 0.069666 0.007822 -0.008359 0.944464 -0.000056
-0.026245 -0.000044 -0.000077 0.798272 0.000064 -0.000081 0.000037 0.000058 -0.018804 0.918525 0.000056 0.000137 0.000098 0.000108 -0.000039 -0.000034 -0.000002 -0.000044 -0.045650 0.094398 -0.000076 -0.000104 0.000072 0.806107 0.810414 0.044500 -0.033408 -0.000048 -0.045401 0.000116 -0.000004 0.000019 0.000093 -0.094225 0.000020 0.024001 0.000007 0.081707 0.000004 -0.071463
0.848690 0.093233 0.000032 0.000064 0.000027 0.000076 -0.000082 0.113616 -0.000028 0.000081 0.147218 0.000111 -0.036770 0.000057 0.000088 0.701901 0.000119 0.104558 0.009071 0.798720 0.000007 0.000135 0.012309 0.000001 0.000008 -0.000057 -0.000042 0.713425 0.000058 0.000083 -0.000059 0.000024 0.026026 -0.000026 -0.000018 0.456764 0.546771 -0.000060 0.538410 0.078693
0.026283 0.000117 0.000058 0.068553 0.000069 0.001453 0.000097 0.057982 0.143735 0.000001 0.000117 0.000158 0.000022 -0.000028 0.001063 0.000065 0.000131 0.677369 0.109340 0.809773 0.037756 -0.000071 0.000142 -0.000060 0.000058 0.000062 0.015183 0.139322 0.281544 -0.000049 0.107690 0.013286 0.000043 0.060545 0.026786 0.726754 -0.000001 0.000037 -0.000015 -0.000002
