0.459883 0.282044 0.392928 0.278451 0.264683 0.225162 0.281393 0.301698 0.213144 0.328348 0.352765 0.255103 0.291695 0.362378 0.261006 0.241442 0.293024 0.264635 0.250317 0.367789 0.278645 0.277828 0.327936 0.236257 0.315090 0.228410 0.185579 0.340664 0.361429 0.230325 0.211730 0.213290 0.280219 0.275472 0.230016 0.433094 0.260437 0.315444 0.392654 0.315105
0.334090 0.189695 0.291880 0.172723 0.179372 0.217258 0.189596 0.259572 0.185379 0.244588 0.232017 0.168010 0.249479 0.264984 0.164110 0.173920 0.197084 0.198527 0.201409 0.250023 0.219266 0.172314 0.155046 0.197014 0.276990 0.194675 0.105502 0.231607 0.267431 0.179579 0.137332 0.152101 0.146046 0.208887 0.177277 0.273097 0.212410 0.238297 0.280913 0.218204
0.234673 0.282018 0.305928 0.145513 0.237465 0.229708 0.183534 0.253134 0.217474 0.281039 0.331119 0.176056 0.259776 0.230142 0.179579 0.215112 0.183972 0.212761 0.202580 0.254470 0.167701 0.255787 0.325525 0.205628 0.244780 0.255602 0.163121 0.216531 0.240666 0.179990 0.221462 0.198639 0.241089 0.253023 0.241212 0.243518 0.178094 0.273325 0.213417 0.213031
0.268059 0.203128 0.315087 0.188730 0.173359 0.207624 0.216546 0.286199 0.186752 0.280570 0.311797 0.157088 0.225445 0.295434 0.162631 0.242312 0.192962 0.205597 0.235441 0.243761 0.205293 0.221255 0.245477 0.196914 0.239922 0.201058 0.129346 0.194450 0.208778 0.190473 0.167263 0.200991 0.218498 0.234423 0.215893 0.234512 0.193195 0.309134 0.261313 0.216880
0.317528 0.309664 0.350028 0.223082 0.290753 0.208969 0.235147 0.268085 0.212550 0.304512 0.396302 0.209882 0.284262 0.221188 0.246871 0.194428 0.188170 0.280812 0.238122 0.296922 0.229340 0.261384 0.299500 0.265296 0.216267 0.244556 0.220694 0.259063 0.278091 0.176088 0.231596 0.168307 0.256090 0.266765 0.246068 0.311622 0.174058 0.265162 0.274204 0.251019
0.314220 0.307210 0.329043 0.205040 0.288194 0.197205 0.213143 0.255414 0.246593 0.284673 0.386808 0.199968 0.253454 0.203323 0.238374 0.211197 0.164488 0.241706 0.193669 0.269667 0.245817 0.226544 0.300582 0.221556 0.239631 0.211459 0.184569 0.254740 0.270151 0.196465 0.236830 0.208768 0.241722 0.280127 0.224226 0.261068 0.188614 0.255882 0.272679 0.224284
0.222317 0.182871 0.285177 0.184886 0.202814 0.166647 0.206319 0.227607 0.175710 0.279321 0.185288 0.121012 0.246909 0.209471 0.155598 0.152732 0.128024 0.166792 0.163048 0.205697 0.198293 0.167251 0.165892 0.174766 0.182282 0.173999 0.143435 0.220885 0.187105 0.157828 0.083708 0.157085 0.181012 0.220135 0.154044 0.193956 0.155837 0.193495 0.203660 0.188602
0.320630 0.228477 0.281607 0.234734 0.200527 0.198780 0.204634 0.252608 0.166888 0.235533 0.273847 0.173174 0.191552 0.275393 0.186488 0.188422 0.216594 0.214384 0.226550 0.246567 0.247790 0.161852 0.214525 0.185111 0.172790 0.201333 0.159773 0.278306 0.294083 0.170064 0.131373 0.155174 0.195741 0.218238 0.174674 0.294547 0.155806 0.221341 0.275394 0.243173
0.360145 0.208725 0.284533 0.238347 0.233312 0.157948 0.194144 0.248338 0.190415 0.239238 0.280900 0.155997 0.213681 0.231643 0.197177 0.160028 0.195874 0.212389 0.173640 0.274186 0.236776 0.136812 0.240078 0.185014 0.212531 0.153109 0.139238 0.260147 0.273327 0.197272 0.155708 0.168795 0.181476 0.214152 0.146325 0.288806 0.212368 0.234874 0.286758 0.238533
0.350271 0.226182 0.370631 0.267806 0.206940 0.201850 0.215311 0.233593 0.206216 0.248412 0.269701 0.209076 0.204633 0.347539 0.224675 0.168347 0.227236 0.214673 0.201333 0.254558 0.205583 0.280381 0.269361 0.202970 0.257551 0.209615 0.145128 0.235957 0.295998 0.183180 0.203485 0.172341 0.188446 0.216915 0.189113 0.302881 0.211908 0.240050 0.340422 0.276083
0.352765 0.313032 0.350959 0.238351 0.286321 0.218891 0.226847 0.263099 0.233421 0.272025 0.407909 0.213546 0.271725 0.237204 0.255453 0.213857 0.209711 0.273533 0.270044 0.282536 0.248929 0.218375 0.314678 0.257000 0.216997 0.230937 0.229404 0.295540 0.314855 0.221013 0.216303 0.184025 0.263549 0.263480 0.257389 0.284858 0.206685 0.277240 0.261703 0.271602
0.339530 0.229767 0.240657 0.203224 0.208024 0.172973 0.173187 0.265102 0.166773 0.204710 0.294597 0.142961 0.175696 0.215774 0.169256 0.176015 0.170927 0.201186 0.156489 0.240354 0.229539 0.133238 0.213064 0.166268 0.184595 0.170286 0.121050 0.232298 0.266476 0.175649 0.168006 0.161246 0.191958 0.217117 0.174009 0.254693 0.198578 0.203780 0.260562 0.195390
0.338309 0.301364 0.372115 0.232839 0.293249 0.228401 0.213594 0.258043 0.254974 0.271232 0.423390 0.216591 0.259138 0.231864 0.240777 0.232258 0.211650 0.275249 0.223193 0.288038 0.232225 0.218591 0.307368 0.246986 0.269971 0.248425 0.201681 0.293975 0.319571 0.240759 0.240533 0.181874 0.241524 0.302048 0.258936 0.304738 0.234957 0.284316 0.299326 0.249051
0.231759 0.144932 0.267211 0.186753 0.205063 0.115397 0.144133 0.173546 0.112645 0.189257 0.207001 0.120196 0.170488 0.138558 0.187660 0.053913 0.101529 0.157801 0.111119 0.196174 0.169214 0.158420 0.157509 0.131622 0.139548 0.086609 0.129611 0.196799 0.180779 0.094850 0.098513 0.074956 0.095036 0.138327 0.103247 0.272075 0.088350 0.145553 0.194558 0.200919
0.188562 0.097698 0.246845 0.146238 0.127060 0.083786 0.147820 0.138725 0.132038 0.144838 0.205933 0.127631 0.095964 0.171655 0.123250 0.115505 0.118345 0.107529 0.117467 0.088409 0.131517 0.126768 0.120539 0.086359 0.100750 0.051785 0.082367 0.173907 0.141842 0.157442 0.078310 0.134937 0.116757 0.111992 0.105482 0.174269 0.092183 0.205084 0.192091 0.210288
0.359494 0.317646 0.358399 0.255454 0.299213 0.248876 0.222569 0.306661 0.266861 0.325676 0.339479 0.234036 0.262031 0.294055 0.241574 0.219160 0.219756 0.241442 0.250785 0.322123 0.296593 0.281383 0.230701 0.261493 0.276132 0.234249 0.209591 0.273702 0.316751 0.218102 0.215862 0.216840 0.250659 0.274024 0.234582 0.312501 0.217976 0.273844 0.382797 0.305372
0.327506 0.249368 0.375496 0.249732 0.265298 0.212569 0.239801 0.276486 0.222560 0.318055 0.303312 0.191129 0.242314 0.291117 0.225086 0.210871 0.191488 0.252198 0.164056 0.267710 0.227652 0.190866 0.247121 0.257913 0.284167 0.178486 0.157143 0.279915 0.282310 0.214060 0.180712 0.192776 0.199399 0.282906 0.192491 0.334597 0.244746 0.288407 0.350550 0.213717
0.242554 0.174010 0.326576 0.224590 0.228138 0.119977 0.183109 0.174961 0.162174 0.201308 0.249839 0.157234 0.165648 0.203849 0.211134 0.114953 0.143289 0.134161 0.175524 0.185734 0.144742 0.183378 0.211122 0.180387 0.159724 0.125474 0.149760 0.193418 0.168727 0.157040 0.117908 0.112459 0.154238 0.183184 0.114614 0.237570 0.163951 0.234427 0.256675 0.235533
0.284394 0.184459 0.266269 0.191761 0.187527 0.123624 0.202216 0.243185 0.118631 0.237348 0.261049 0.147370 0.161313 0.211208 0.196387 0.131367 0.178293 0.159966 0.115365 0.233700 0.170575 0.145702 0.208309 0.145207 0.190653 0.122100 0.105691 0.152813 0.192265 0.086851 0.145932 0.133776 0.166584 0.188049 0.117842 0.281995 0.138548 0.195317 0.271977 0.215721
0.476493 0.266726 0.407630 0.295965 0.241802 0.226174 0.272581 0.299364 0.210138 0.326025 0.330209 0.250863 0.276264 0.384473 0.258304 0.224811 0.292089 0.265421 0.274414 0.352656 0.285360 0.278695 0.294072 0.243366 0.305433 0.210128 0.178898 0.319932 0.360782 0.222311 0.191505 0.210560 0.274703 0.271836 0.237896 0.404431 0.267800 0.309733 0.406541 0.300233
0.292514 0.203004 0.291045 0.210567 0.198282 0.133019 0.192255 0.218003 0.145415 0.221664 0.283429 0.152193 0.179791 0.211166 0.203172 0.140391 0.156801 0.168938 0.155489 0.208483 0.178005 0.162067 0.197518 0.150981 0.183408 0.141743 0.133506 0.171038 0.191198 0.136903 0.128444 0.139540 0.172122 0.234143 0.128026 0.240274 0.156622 0.209779 0.267966 0.206908
0.329055 0.241319 0.344575 0.231064 0.218376 0.216555 0.206115 0.242442 0.203490 0.296479 0.294872 0.197749 0.226451 0.271925 0.209241 0.206565 0.230824 0.189759 0.273510 0.229303 0.161704 0.219244 0.255341 0.177556 0.249081 0.274312 0.141311 0.224907 0.254063 0.166431 0.187430 0.217885 0.218901 0.244525 0.220652 0.220769 0.237034 0.292699 0.266747 0.250500
0.400485 0.312944 0.401761 0.278081 0.280670 0.230162 0.245800 0.250154 0.242099 0.281081 0.379025 0.271452 0.297515 0.331655 0.276368 0.234918 0.247596 0.262745 0.312409 0.299232 0.272602 0.279929 0.321587 0.274232 0.259470 0.246778 0.251935 0.382136 0.341650 0.258142 0.224860 0.178018 0.292187 0.265989 0.255095 0.352844 0.273309 0.315957 0.361060 0.291932
0.352908 0.224098 0.376805 0.232462 0.257170 0.226696 0.231969 0.288113 0.188006 0.317056 0.292126 0.192236 0.235136 0.310199 0.187427 0.184131 0.222347 0.215147 0.186566 0.218120 0.228175 0.208986 0.293228 0.155676 0.246482 0.196306 0.140678 0.279366 0.296755 0.216015 0.167860 0.199295 0.160852 0.232927 0.213457 0.355973 0.204990 0.296995 0.280645 0.268093
0.377347 0.251143 0.436289 0.269493 0.272215 0.243251 0.269711 0.318457 0.209846 0.355550 0.320071 0.229748 0.274011 0.379936 0.232873 0.229276 0.239485 0.248383 0.212356 0.289867 0.252352 0.282319 0.295393 0.239006 0.316382 0.192677 0.160629 0.299330 0.307376 0.225140 0.191299 0.201584 0.212526 0.263210 0.227826 0.398055 0.240470 0.330346 0.377104 0.287101
0.262226 0.223816 0.336620 0.164174 0.239064 0.175348 0.200256 0.213480 0.208794 0.225071 0.288381 0.189507 0.189693 0.204230 0.205723 0.179469 0.171248 0.189679 0.182166 0.195772 0.167698 0.205176 0.272196 0.182706 0.168011 0.157904 0.149446 0.207698 0.239941 0.219806 0.165032 0.164468 0.210339 0.182906 0.213387 0.226167 0.156212 0.261262 0.218402 0.258631
0.290082 0.236898 0.239410 0.173196 0.217743 0.160395 0.186913 0.267060 0.155281 0.232128 0.268960 0.106742 0.212428 0.188107 0.168200 0.152175 0.164243 0.208607 0.179221 0.242838 0.205660 0.118488 0.229242 0.172128 0.188764 0.179012 0.149931 0.209859 0.262967 0.143807 0.127664 0.142961 0.158773 0.193564 0.190872 0.246599 0.156810 0.177105 0.214911 0.180174
0.447278 0.282898 0.405211 0.295883 0.246988 0.238892 0.265171 0.294980 0.211081 0.324110 0.346246 0.248224 0.273924 0.369448 0.262751 0.247777 0.280039 0.273452 0.297561 0.351384 0.264666 0.280614 0.336472 0.259447 0.284800 0.225674 0.203915 0.333988 0.355684 0.222503 0.220699 0.225998 0.293752 0.269202 0.248959 0.364419 0.284595 0.332214 0.401077 0.280780
0.234645 0.227036 0.275220 0.186031 0.237547 0.219150 0.175695 0.288881 0.221004 0.285419 0.245688 0.149460 0.213388 0.226839 0.174422 0.203900 0.175991 0.169946 0.154192 0.246994 0.214107 0.197933 0.205928 0.190271 0.224034 0.232566 0.167651 0.159320 0.226180 0.151085 0.187486 0.187746 0.190768 0.250458 0.172059 0.228606 0.162377 0.182517 0.279012 0.227297
0.379280 0.302567 0.419501 0.272716 0.264481 0.222265 0.252001 0.242888 0.240808 0.278142 0.369516 0.260868 0.286405 0.303136 0.288860 0.233060 0.244935 0.259376 0.284776 0.297928 0.257357 0.273504 0.332596 0.256688 0.270904 0.234512 0.244484 0.374353 0.342440 0.214977 0.225929 0.207668 0.261911 0.267343 0.254442 0.363090 0.263700 0.300335 0.318514 0.321277
0.225046 0.137493 0.268065 0.178208 0.224925 0.114818 0.137973 0.131513 0.173585 0.205022 0.175499 0.134403 0.139490 0.140217 0.178908 0.102942 0.117574 0.146462 0.127958 0.151883 0.159265 0.166002 0.172980 0.135291 0.127730 0.129575 0.097435 0.149911 0.161783 0.142950 0.111471 0.130534 0.136529 0.147331 0.110180 0.179142 0.116133 0.170543 0.199123 0.210729
0.270288 0.317473 0.352118 0.206065 0.252275 0.184278 0.229552 0.240155 0.194932 0.269963 0.370292 0.188803 0.258001 0.203269 0.231169 0.207928 0.182884 0.230806 0.253728 0.256671 0.212572 0.229358 0.260274 0.276581 0.196703 0.218772 0.248499 0.266809 0.269859 0.179498 0.184536 0.198228 0.241943 0.275442 0.243614 0.260609 0.184367 0.249132 0.255447 0.233682
0.326889 0.197554 0.298068 0.194602 0.197811 0.211387 0.182662 0.228218 0.197052 0.233821 0.215252 0.175122 0.200910 0.273423 0.156878 0.183433 0.188617 0.187585 0.190184 0.235693 0.221323 0.246001 0.213569 0.194382 0.216731 0.174148 0.130470 0.266609 0.294778 0.192658 0.160869 0.202471 0.196125 0.182285 0.184208 0.302196 0.194765 0.262676 0.327616 0.237636
0.315065 0.157856 0.266398 0.192692 0.177054 0.139187 0.164291 0.219000 0.152574 0.198406 0.239665 0.148633 0.162462 0.238366 0.196630 0.132270 0.205539 0.207742 0.143439 0.211548 0.203393 0.132518 0.208655 0.155205 0.175326 0.132925 0.122383 0.223020 0.253535 0.174470 0.111754 0.085338 0.135148 0.176882 0.130574 0.323010 0.157948 0.180668 0.215640 0.234586
0.306453 0.281481 0.336076 0.201263 0.232769 0.148351 0.211425 0.241698 0.203911 0.235872 0.360833 0.187352 0.224071 0.221376 0.210306 0.157099 0.185315 0.220753 0.223304 0.219058 0.246457 0.201896 0.224995 0.202813 0.182048 0.172067 0.199033 0.231353 0.264557 0.193536 0.155814 0.159887 0.220830 0.251742 0.222939 0.254665 0.162591 0.225195 0.287569 0.217170
0.472608 0.305809 0.459193 0.323275 0.268691 0.248810 0.314467 0.339746 0.251894 0.343229 0.376465 0.267986 0.309466 0.396838 0.273368 0.238117 0.284168 0.288551 0.297503 0.385105 0.302332 0.311262 0.311312 0.273648 0.321081 0.248833 0.211594 0.337296 0.374492 0.243717 0.199663 0.233615 0.314072 0.314310 0.272147 0.413584 0.275515 0.328264 0.416870 0.335304
0.385043 0.269226 0.402712 0.240157 0.268434 0.226265 0.263052 0.288731 0.198436 0.332536 0.338964 0.235932 0.237468 0.351662 0.257274 0.234423 0.241447 0.263043 0.216401 0.289043 0.240457 0.251202 0.288735 0.253085 0.302845 0.168212 0.158898 0.304642 0.327614 0.223941 0.194127 0.181619 0.237311 0.259685 0.221409 0.366379 0.224277 0.316749 0.388806 0.247354
0.321461 0.213934 0.358332 0.235769 0.254303 0.235931 0.217421 0.247708 0.194885 0.336989 0.264649 0.189136 0.246435 0.325222 0.181828 0.217920 0.204208 0.249889 0.187925 0.263301 0.214951 0.259044 0.234738 0.230028 0.290096 0.181020 0.131260 0.250341 0.286542 0.200710 0.174485 0.176006 0.207002 0.253332 0.223339 0.298445 0.201581 0.282266 0.320881 0.214157
0.455637 0.274643 0.366616 0.280201 0.246187 0.224871 0.253274 0.314097 0.216482 0.310338 0.330241 0.223907 0.268542 0.363725 0.228229 0.248328 0.271899 0.269544 0.249267 0.355902 0.280218 0.267532 0.301603 0.236673 0.295317 0.234466 0.163772 0.321807 0.357169 0.234744 0.206743 0.226007 0.282577 0.266249 0.236311 0.382886 0.275162 0.314409 0.397974 0.290220
0.419483 0.262171 0.386199 0.297803 0.256299 0.216213 0.268507 0.298255 0.237844 0.295607 0.352999 0.240934 0.269294 0.312723 0.245501 0.185444 0.257155 0.239998 0.260518 0.344753 0.278796 0.244376 0.282160 0.209431 0.282790 0.218902 0.179790 0.317449 0.335829 0.187409 0.182372 0.222532 0.237600 0.267076 0.222855 0.403296 0.231958 0.287061 0.360193 0.337656
