0.424825 0.260735 0.364827 0.258138 0.245541 0.207688 0.260389 0.279203 0.197184 0.303754 0.326671 0.234891 0.268973 0.334585 0.241544 0.223164 0.269793 0.244344 0.231204 0.339004 0.257771 0.256279 0.303395 0.218742 0.290291 0.210347 0.172021 0.314265 0.333640 0.213297 0.195158 0.197367 0.258403 0.255298 0.212295 0.399732 0.240476 0.291925 0.363030 0.290951
0.304711 0.173708 0.268285 0.158516 0.164466 0.197646 0.174215 0.237194 0.169319 0.223998 0.213244 0.154040 0.227141 0.243385 0.149641 0.158966 0.179981 0.181794 0.183229 0.227639 0.199304 0.156779 0.143646 0.179289 0.252212 0.177984 0.096639 0.212638 0.245068 0.164202 0.126263 0.139657 0.133696 0.190665 0.162247 0.251043 0.194652 0.218158 0.256691 0.199551
0.214049 0.255850 0.277747 0.132966 0.216279 0.208287 0.166974 0.230705 0.197916 0.255511 0.300087 0.159624 0.235664 0.209403 0.162986 0.195322 0.166974 0.193277 0.183777 0.231286 0.153153 0.232025 0.295291 0.186814 0.222170 0.232250 0.147613 0.196006 0.218273 0.163618 0.200390 0.180319 0.219036 0.230201 0.219023 0.221168 0.162556 0.247507 0.194977 0.193306
0.246337 0.187177 0.290297 0.173873 0.160653 0.190183 0.199320 0.263180 0.171977 0.257441 0.286307 0.144357 0.206554 0.271254 0.149476 0.222822 0.177822 0.188777 0.215020 0.223828 0.188215 0.202623 0.225750 0.181118 0.220000 0.184522 0.119114 0.179298 0.192765 0.175502 0.153180 0.184270 0.200939 0.215588 0.197888 0.216497 0.178010 0.283607 0.241430 0.200170
0.292953 0.283812 0.322715 0.206207 0.267206 0.191557 0.216205 0.246695 0.195499 0.279535 0.363062 0.192614 0.260435 0.203789 0.227103 0.177888 0.172508 0.257649 0.218232 0.272445 0.211394 0.240430 0.274227 0.243156 0.198649 0.223655 0.201816 0.237794 0.255636 0.162124 0.211482 0.154548 0.234628 0.244792 0.225408 0.286628 0.160082 0.243379 0.253371 0.230589
0.289989 0.282022 0.303795 0.189661 0.265303 0.181180 0.196876 0.235767 0.226818 0.262895 0.355774 0.184256 0.233142 0.188342 0.219249 0.194360 0.152461 0.222504 0.178502 0.248481 0.226436 0.208714 0.276478 0.203771 0.220578 0.193882 0.169527 0.234672 0.248936 0.180873 0.216200 0.192226 0.222100 0.257923 0.206248 0.241615 0.173904 0.236163 0.252416 0.207441
0.203156 0.168041 0.261021 0.169009 0.185927 0.152319 0.187937 0.208455 0.160361 0.255671 0.170434 0.110939 0.225298 0.191635 0.142790 0.139924 0.117984 0.152814 0.149691 0.188413 0.180672 0.153464 0.152392 0.160050 0.166992 0.159406 0.131075 0.201936 0.171456 0.144133 0.077419 0.143288 0.165789 0.201036 0.140439 0.178068 0.142350 0.177758 0.187469 0.172785
0.298677 0.212717 0.263133 0.217350 0.186917 0.183296 0.190316 0.234998 0.154794 0.218633 0.255555 0.160587 0.177862 0.254755 0.174306 0.174704 0.200462 0.199261 0.209541 0.228551 0.229052 0.150645 0.199418 0.171722 0.161761 0.185282 0.147873 0.257761 0.272968 0.158231 0.122232 0.143906 0.182364 0.202364 0.162555 0.273707 0.145718 0.206878 0.256244 0.225762
0.335717 0.194905 0.267319 0.222591 0.217966 0.147985 0.182311 0.231492 0.177806 0.223969 0.262672 0.146583 0.199276 0.217054 0.184720 0.150182 0.183056 0.197996 0.162508 0.254954 0.220617 0.129261 0.224781 0.172461 0.198485 0.143007 0.130197 0.242694 0.255216 0.183868 0.144970 0.157902 0.169856 0.200036 0.137010 0.270365 0.197269 0.220022 0.267692 0.223772
0.321966 0.208225 0.341287 0.246376 0.191595 0.184005 0.198473 0.214895 0.188959 0.227201 0.248922 0.191484 0.187989 0.317274 0.206490 0.154361 0.208136 0.196727 0.184459 0.234330 0.188717 0.255719 0.246792 0.186742 0.236337 0.191488 0.133771 0.215708 0.271189 0.168985 0.185759 0.157206 0.173912 0.200308 0.173598 0.277660 0.195156 0.220801 0.312638 0.252673
0.327031 0.287796 0.325577 0.221192 0.264519 0.201612 0.210088 0.243654 0.215374 0.251282 0.375309 0.196649 0.249650 0.220158 0.235832 0.197128 0.193779 0.252304 0.248123 0.260405 0.230518 0.201897 0.289793 0.236061 0.200601 0.212086 0.210104 0.272146 0.291167 0.204174 0.198389 0.170193 0.242375 0.242757 0.236797 0.263994 0.190656 0.255959 0.243198 0.251260
0.315127 0.213227 0.225231 0.188956 0.193355 0.160818 0.162234 0.245973 0.154923 0.191172 0.274137 0.133560 0.163528 0.201332 0.158402 0.164587 0.159601 0.187234 0.145960 0.223122 0.212949 0.124625 0.198941 0.154327 0.172179 0.158114 0.112929 0.216203 0.247615 0.163121 0.155231 0.149678 0.178813 0.201791 0.161530 0.238050 0.183731 0.190595 0.242126 0.182957
0.313118 0.276757 0.344258 0.215631 0.270172 0.209659 0.197837 0.238867 0.234482 0.249885 0.389078 0.199283 0.237763 0.215174 0.222092 0.213552 0.195470 0.252933 0.205409 0.264895 0.214834 0.202104 0.283046 0.226311 0.248063 0.227798 0.184956 0.270261 0.294510 0.221725 0.219810 0.167748 0.222020 0.277369 0.237862 0.281841 0.216095 0.262173 0.276853 0.230377
0.216985 0.136164 0.249924 0.174604 0.191288 0.107899 0.135062 0.161896 0.105685 0.176763 0.193913 0.112946 0.158992 0.130249 0.175132 0.051184 0.095232 0.146999 0.104545 0.183246 0.157743 0.148538 0.147885 0.123235 0.130547 0.081631 0.121108 0.184001 0.169257 0.089668 0.092509 0.071009 0.089821 0.129454 0.096733 0.253305 0.083510 0.137326 0.182489 0.187603
0.179222 0.093429 0.233519 0.138532 0.120730 0.080040 0.140011 0.131927 0.124794 0.137650 0.194844 0.120670 0.091429 0.162733 0.116892 0.109867 0.112504 0.102353 0.111384 0.085083 0.124819 0.120190 0.115135 0.082383 0.096249 0.049839 0.078438 0.164449 0.135297 0.148593 0.074601 0.127606 0.110872 0.106659 0.100261 0.165511 0.087945 0.193753 0.181888 0.198491
0.328889 0.290890 0.329784 0.234672 0.273868 0.225962 0.204732 0.280131 0.243173 0.298757 0.311610 0.213589 0.240465 0.268297 0.221722 0.200034 0.200391 0.221740 0.228731 0.294246 0.270661 0.257234 0.212746 0.238988 0.251999 0.213649 0.191298 0.251518 0.289571 0.199255 0.196901 0.197857 0.229327 0.251631 0.214341 0.286294 0.199191 0.251110 0.349229 0.278298
0.301612 0.229334 0.346055 0.229617 0.243633 0.194816 0.221420 0.255150 0.203813 0.292418 0.279760 0.175965 0.222762 0.268147 0.207947 0.193992 0.177127 0.231002 0.152099 0.246643 0.209507 0.176418 0.227906 0.236622 0.260699 0.164109 0.144981 0.257343 0.259749 0.196381 0.166035 0.177027 0.184440 0.259116 0.175918 0.308547 0.224062 0.266143 0.323167 0.198348
0.228054 0.163455 0.306433 0.210578 0.213365 0.113386 0.172035 0.164953 0.151973 0.188986 0.234149 0.147443 0.155833 0.191428 0.197452 0.108320 0.134507 0.126649 0.164110 0.174650 0.136617 0.172234 0.197521 0.168519 0.150150 0.118021 0.140041 0.181804 0.159475 0.147457 0.110884 0.106325 0.145330 0.171690 0.107991 0.223023 0.153350 0.219592 0.241006 0.220489
0.265885 0.172624 0.249957 0.179377 0.175327 0.116038 0.188916 0.226672 0.111682 0.221257 0.243819 0.137972 0.150724 0.198039 0.183836 0.123873 0.166231 0.149485 0.108680 0.217704 0.159426 0.136398 0.194811 0.136369 0.178361 0.114003 0.099409 0.144117 0.180396 0.083010 0.135904 0.125322 0.156247 0.175959 0.110376 0.263092 0.130301 0.183640 0.254220 0.201543
0.439314 0.247260 0.377728 0.273726 0.224975 0.208183 0.252433 0.276685 0.194329 0.301174 0.306397 0.231174 0.254804 0.354056 0.239353 0.207969 0.269055 0.244972 0.252375 0.325406 0.263233 0.257038 0.272905 0.225115 0.281396 0.193701 0.166069 0.295551 0.333075 0.205936 0.177173 0.194421 0.253535 0.251701 0.219076 0.373924 0.246701 0.286636 0.375196 0.277740
0.275240 0.190849 0.274360 0.198129 0.186646 0.125721 0.181089 0.205336 0.137248 0.208615 0.266443 0.143337 0.169013 0.199130 0.190713 0.132893 0.147906 0.159212 0.146446 0.196291 0.167720 0.152922 0.186280 0.142347 0.172742 0.133334 0.125640 0.162001 0.181043 0.129553 0.121047 0.131844 0.162235 0.219441 0.121298 0.226585 0.147526 0.198054 0.252039 0.195272
0.301199 0.221093 0.316305 0.211845 0.201447 0.197276 0.189450 0.222494 0.186449 0.270188 0.269978 0.180230 0.206792 0.248807 0.191783 0.188927 0.210697 0.173664 0.248556 0.209920 0.148090 0.199948 0.233857 0.162745 0.227371 0.250566 0.129168 0.205268 0.232461 0.153169 0.171138 0.198065 0.200806 0.223870 0.201109 0.202588 0.216609 0.267203 0.245058 0.228985
0.368715 0.286901 0.371207 0.256332 0.258434 0.210721 0.226622 0.230579 0.222192 0.258182 0.348339 0.248689 0.272413 0.304826 0.254107 0.215144 0.227358 0.241126 0.285980 0.274964 0.250924 0.257360 0.295019 0.251395 0.238169 0.225770 0.230522 0.349673 0.313903 0.237366 0.205674 0.163557 0.267645 0.244486 0.233658 0.324802 0.250401 0.290375 0.332433 0.268487
0.325472 0.206497 0.348517 0.214912 0.236856 0.208166 0.214514 0.265422 0.173653 0.291258 0.269960 0.177170 0.216535 0.285657 0.173645 0.169785 0.204996 0.198049 0.172737 0.202167 0.210490 0.193312 0.269846 0.144380 0.226862 0.180557 0.130447 0.257921 0.273992 0.199227 0.154742 0.183775 0.149465 0.214238 0.195896 0.327964 0.188947 0.274398 0.259628 0.248573
0.347696 0.231644 0.402996 0.249061 0.250938 0.223091 0.248987 0.293375 0.193571 0.326708 0.295690 0.211354 0.251977 0.349066 0.215185 0.210974 0.220679 0.228266 0.195877 0.267575 0.232385 0.260163 0.272309 0.220491 0.290580 0.177597 0.148986 0.276053 0.283566 0.207545 0.176246 0.185813 0.196590 0.242367 0.209086 0.366495 0.221557 0.304683 0.347971 0.265619
0.244117 0.206677 0.313410 0.153705 0.221288 0.162486 0.185825 0.198510 0.193143 0.209458 0.267156 0.175137 0.175584 0.190733 0.190272 0.166341 0.158906 0.175802 0.169418 0.181328 0.156660 0.190396 0.251279 0.169057 0.155789 0.145435 0.138567 0.193129 0.223037 0.203121 0.152200 0.153423 0.194029 0.169701 0.197160 0.210670 0.144947 0.242498 0.204145 0.239735
0.270142 0.220077 0.223732 0.161606 0.202542 0.149501 0.173924 0.247801 0.144594 0.216308 0.250250 0.100182 0.197046 0.175348 0.157078 0.142108 0.153116 0.194135 0.166475 0.225560 0.190997 0.111012 0.213189 0.160004 0.176198 0.166553 0.138691 0.195746 0.245003 0.133731 0.119046 0.133303 0.147611 0.180223 0.177152 0.229979 0.145908 0.165356 0.200473 0.168446
0.412374 0.261116 0.374958 0.273093 0.229214 0.219068 0.245276 0.272323 0.194924 0.298490 0.320144 0.228505 0.252153 0.340149 0.242997 0.228006 0.257798 0.251718 0.272526 0.323500 0.244386 0.258489 0.310311 0.238939 0.262424 0.207090 0.187758 0.307372 0.327965 0.205916 0.202890 0.207687 0.270175 0.248515 0.228487 0.337108 0.261243 0.306055 0.369771 0.259647
0.211652 0.206092 0.249343 0.168107 0.214700 0.196506 0.158872 0.261250 0.198990 0.257965 0.222644 0.134190 0.193178 0.203941 0.157925 0.183104 0.158135 0.154032 0.138477 0.223276 0.192590 0.178499 0.186930 0.171601 0.202713 0.209517 0.150490 0.143869 0.203644 0.135945 0.168763 0.168902 0.172535 0.227173 0.156146 0.206242 0.147147 0.165060 0.251643 0.203659
0.350163 0.277689 0.387689 0.251480 0.244126 0.203840 0.232507 0.224940 0.220903 0.256348 0.340279 0.239152 0.262442 0.279845 0.265542 0.213965 0.225537 0.238071 0.261300 0.273662 0.237477 0.251204 0.305366 0.235137 0.249044 0.214280 0.223742 0.343168 0.315340 0.198753 0.206721 0.190676 0.240178 0.245543 0.233163 0.334511 0.241634 0.276905 0.294753 0.295457
0.210855 0.129030 0.251233 0.167156 0.209609 0.107832 0.129909 0.123967 0.161877 0.191407 0.165284 0.125853 0.130948 0.132520 0.167227 0.097295 0.110603 0.137124 0.120221 0.142651 0.149200 0.155564 0.162317 0.126691 0.119852 0.120710 0.091938 0.140882 0.151986 0.134099 0.104542 0.122445 0.128534 0.138186 0.103514 0.168339 0.109116 0.160551 0.186754 0.197172
0.249487 0.290550 0.324475 0.189607 0.231754 0.169150 0.211036 0.222120 0.178772 0.248310 0.339259 0.172924 0.235716 0.187969 0.212464 0.191121 0.168423 0.211955 0.232652 0.235031 0.195967 0.210388 0.238350 0.252670 0.181081 0.199551 0.226425 0.243968 0.248264 0.165040 0.168572 0.181550 0.221515 0.252230 0.222956 0.239812 0.168821 0.229073 0.236912 0.214734
0.299721 0.181342 0.275672 0.179018 0.182086 0.192918 0.169009 0.209449 0.180497 0.216424 0.199687 0.161537 0.184926 0.251875 0.144007 0.168503 0.172916 0.172952 0.174554 0.216152 0.203208 0.225267 0.197075 0.177869 0.198451 0.158777 0.120127 0.246033 0.270503 0.177583 0.147375 0.186243 0.179859 0.167928 0.169158 0.278666 0.178487 0.241898 0.299846 0.218516
0.294459 0.148570 0.250142 0.180331 0.166090 0.130539 0.154285 0.204867 0.142572 0.185864 0.224622 0.139166 0.151694 0.223059 0.184045 0.124609 0.191784 0.193468 0.134663 0.197876 0.189940 0.124597 0.195878 0.145118 0.164372 0.124324 0.114598 0.208790 0.237321 0.163193 0.105015 0.081267 0.127350 0.165129 0.122471 0.300958 0.147966 0.170438 0.202587 0.219594
0.286182 0.261247 0.313904 0.188214 0.217219 0.138869 0.197605 0.225334 0.189831 0.220421 0.335828 0.174701 0.208104 0.206852 0.196351 0.147594 0.173111 0.205656 0.207447 0.204447 0.228914 0.188311 0.210152 0.188262 0.170306 0.159970 0.184473 0.216029 0.246720 0.180369 0.145227 0.149805 0.205244 0.234367 0.207121 0.238068 0.151672 0.211121 0.268215 0.203625
0.435111 0.282732 0.424037 0.297838 0.248992 0.228748 0.289894 0.313303 0.231600 0.316972 0.348045 0.246142 0.284867 0.365278 0.252470 0.220190 0.261910 0.265940 0.273340 0.353841 0.278424 0.286346 0.287786 0.252287 0.295229 0.228751 0.195393 0.311089 0.345188 0.225207 0.184464 0.215130 0.288881 0.289905 0.250160 0.381610 0.253403 0.303635 0.384454 0.308970
0.354459 0.248050 0.371288 0.221700 0.246775 0.207164 0.242609 0.266084 0.182561 0.305196 0.312297 0.216664 0.218369 0.322780 0.237425 0.215534 0.222416 0.241574 0.199292 0.266424 0.221534 0.231286 0.265887 0.232883 0.277621 0.155050 0.147117 0.280571 0.301670 0.205796 0.178455 0.166986 0.218923 0.238578 0.202819 0.337556 0.206198 0.291591 0.357760 0.228958
0.293139 0.195472 0.327089 0.215815 0.231921 0.214268 0.198475 0.226228 0.177909 0.306841 0.241576 0.172254 0.225074 0.295903 0.166236 0.198420 0.186385 0.227649 0.171864 0.240811 0.196159 0.237058 0.214315 0.210206 0.263716 0.165710 0.120572 0.228523 0.261141 0.183143 0.158898 0.160584 0.189365 0.231146 0.203076 0.272022 0.183970 0.256881 0.292735 0.196373
0.420983 0.254315 0.340739 0.259713 0.229099 0.207816 0.235254 0.290335 0.200326 0.287781 0.306539 0.206876 0.248368 0.335726 0.211888 0.230002 0.250962 0.249236 0.230298 0.328418 0.259149 0.247110 0.279692 0.219109 0.272672 0.216490 0.152220 0.297831 0.330022 0.217557 0.190692 0.208822 0.261072 0.247130 0.218151 0.354499 0.253625 0.291143 0.367323 0.268973
0.387378 0.242853 0.358262 0.274771 0.237902 0.199319 0.248549 0.275644 0.218800 0.274096 0.326704 0.221730 0.248686 0.289135 0.227255 0.172345 0.237397 0.221845 0.239985 0.317169 0.257416 0.225340 0.261421 0.193919 0.260688 0.201411 0.166473 0.293302 0.310217 0.174459 0.168559 0.205409 0.219411 0.247117 0.205357 0.372370 0.214121 0.266564 0.333288 0.311135
