0.458939 0.281679 0.392406 0.278028 0.264303 0.224879 0.281076 0.301255 0.212890 0.327799 0.352216 0.254773 0.291278 0.361635 0.260608 0.241075 0.292528 0.264277 0.249945 0.367103 0.278285 0.277382 0.327318 0.235874 0.314522 0.228026 0.185360 0.339967 0.360845 0.229964 0.211488 0.212977 0.279735 0.275064 0.229713 0.432114 0.260032 0.315062 0.391893 0.314509
0.333185 0.189385 0.291394 0.172464 0.179105 0.216852 0.189342 0.259008 0.185161 0.244157 0.231790 0.167770 0.248947 0.264444 0.163903 0.173630 0.196692 0.198171 0.200948 0.249461 0.218845 0.171968 0.154847 0.196608 0.276322 0.194323 0.105388 0.231266 0.266980 0.179294 0.137164 0.151866 0.145886 0.208516 0.177085 0.272430 0.211982 0.237876 0.280287 0.217821
0.234336 0.281428 0.305211 0.145365 0.236973 0.229217 0.183287 0.252592 0.217048 0.280453 0.330201 0.175763 0.259179 0.229664 0.179284 0.214646 0.183673 0.212388 0.202143 0.253974 0.167385 0.255183 0.324540 0.205277 0.244259 0.255008 0.162754 0.216021 0.240247 0.179675 0.220985 0.198271 0.240600 0.252517 0.240663 0.243010 0.177795 0.272706 0.213114 0.212627
0.267647 0.202869 0.314492 0.188434 0.173193 0.207241 0.216246 0.285587 0.186496 0.280000 0.311116 0.156912 0.225020 0.294879 0.162444 0.241808 0.192648 0.205256 0.234958 0.243328 0.205003 0.220838 0.244873 0.196630 0.239431 0.200719 0.129151 0.194150 0.208589 0.190162 0.166963 0.200637 0.218163 0.234027 0.215537 0.234100 0.192862 0.308528 0.260862 0.216535
0.316996 0.309064 0.349404 0.222810 0.290153 0.208625 0.234822 0.267558 0.212208 0.304025 0.395307 0.209582 0.283746 0.220834 0.246441 0.194079 0.187898 0.280300 0.237725 0.296409 0.228969 0.260958 0.298811 0.264784 0.216033 0.244021 0.220249 0.258576 0.277713 0.175783 0.231154 0.168029 0.255634 0.266242 0.245554 0.310936 0.173809 0.264732 0.273785 0.250534
0.313693 0.306578 0.328391 0.204766 0.287623 0.196864 0.212875 0.254917 0.246130 0.284258 0.385844 0.199680 0.252998 0.203036 0.237971 0.210807 0.164308 0.241296 0.193369 0.269255 0.245412 0.226165 0.299942 0.221233 0.239260 0.211008 0.184228 0.254251 0.269650 0.196148 0.236285 0.208364 0.241302 0.279650 0.223797 0.260625 0.188321 0.255534 0.272243 0.223971
0.221891 0.182625 0.284540 0.184557 0.202462 0.166366 0.205870 0.227083 0.175383 0.278639 0.185031 0.120885 0.246375 0.209063 0.155437 0.152482 0.127884 0.166491 0.162799 0.205315 0.197871 0.167009 0.165565 0.174450 0.181961 0.173718 0.143168 0.220343 0.186868 0.157549 0.083687 0.156846 0.180713 0.219687 0.153702 0.193557 0.155528 0.193179 0.203353 0.188298
0.319992 0.228212 0.281276 0.234373 0.200256 0.198483 0.204372 0.252149 0.166673 0.235170 0.273451 0.172934 0.191369 0.274875 0.186266 0.188074 0.216263 0.214119 0.226137 0.246143 0.247383 0.161687 0.214227 0.184831 0.172676 0.200868 0.159569 0.277707 0.293583 0.169881 0.131271 0.154903 0.195454 0.217840 0.174405 0.294048 0.155626 0.221158 0.274998 0.242771
0.359450 0.208481 0.284255 0.237950 0.233034 0.157880 0.193977 0.247915 0.190183 0.238915 0.280523 0.155876 0.213423 0.231379 0.196955 0.159810 0.195611 0.212136 0.173388 0.273720 0.236467 0.136769 0.239765 0.184736 0.212231 0.152904 0.139081 0.259670 0.272858 0.196999 0.155525 0.168569 0.181252 0.213863 0.146189 0.288328 0.211997 0.234691 0.286355 0.238213
0.349545 0.225829 0.369924 0.267301 0.206599 0.201483 0.215088 0.233272 0.205836 0.247916 0.269289 0.208807 0.204378 0.346653 0.224351 0.168047 0.226818 0.214355 0.201031 0.254101 0.205346 0.279736 0.268809 0.202657 0.257012 0.209191 0.144931 0.235506 0.295501 0.182861 0.203130 0.172030 0.188237 0.216620 0.188917 0.302298 0.211533 0.239702 0.339625 0.275518
0.352147 0.312483 0.350437 0.238021 0.285791 0.218591 0.226577 0.262591 0.233069 0.271674 0.406930 0.213224 0.271244 0.236884 0.255070 0.213489 0.209415 0.273134 0.269510 0.282105 0.248548 0.218089 0.314037 0.256522 0.216793 0.230442 0.228936 0.294919 0.314380 0.220665 0.215917 0.183732 0.263062 0.263015 0.256860 0.284478 0.206352 0.276869 0.261421 0.271144
0.338767 0.229400 0.240408 0.202899 0.207772 0.172770 0.173036 0.264531 0.166615 0.204484 0.294138 0.142800 0.175461 0.215492 0.169087 0.175695 0.170690 0.200921 0.156253 0.239965 0.229216 0.133073 0.212752 0.166035 0.184382 0.169975 0.120939 0.231918 0.265950 0.175419 0.167701 0.160962 0.191691 0.216751 0.173779 0.254297 0.198244 0.203649 0.260160 0.195175
0.337719 0.300756 0.371501 0.232520 0.292669 0.227987 0.213422 0.257568 0.254536 0.270868 0.422377 0.216283 0.258665 0.231557 0.240381 0.231811 0.211341 0.274779 0.222806 0.287585 0.231893 0.218272 0.306748 0.246515 0.269501 0.247872 0.201334 0.293419 0.319020 0.240335 0.240026 0.181556 0.241134 0.301464 0.258470 0.304175 0.234560 0.283918 0.298810 0.248668
0.231412 0.144768 0.266780 0.186447 0.204711 0.115293 0.144017 0.173243 0.112510 0.189035 0.206693 0.120108 0.170303 0.138465 0.187296 0.053908 0.101477 0.157583 0.111055 0.195893 0.168962 0.158278 0.157354 0.131479 0.139389 0.086532 0.129419 0.196503 0.180570 0.094763 0.098476 0.074905 0.094994 0.138126 0.103124 0.271322 0.088310 0.145443 0.194340 0.200544
0.188436 0.097623 0.246460 0.145983 0.126959 0.083785 0.147669 0.138535 0.131907 0.144790 0.205721 0.127507 0.095917 0.171539 0.123078 0.115393 0.118226 0.107522 0.117377 0.088424 0.131417 0.126689 0.120491 0.086334 0.100681 0.051750 0.082383 0.173658 0.141752 0.157205 0.078270 0.134759 0.116630 0.111970 0.105430 0.174086 0.092176 0.204842 0.191897 0.209916
0.358755 0.317036 0.357653 0.255051 0.298552 0.248388 0.222291 0.306079 0.266298 0.325121 0.338820 0.233603 0.261663 0.293339 0.241153 0.218740 0.219420 0.241094 0.250342 0.321427 0.296041 0.280841 0.230355 0.261031 0.275603 0.233761 0.209189 0.273199 0.316093 0.217757 0.215455 0.216428 0.250230 0.273561 0.234151 0.311877 0.217553 0.273452 0.381917 0.304726
0.326909 0.248933 0.374713 0.249331 0.264834 0.212242 0.239462 0.276011 0.222170 0.317439 0.302849 0.190874 0.241934 0.290623 0.224752 0.210522 0.191231 0.251717 0.163850 0.267244 0.227295 0.190599 0.246704 0.257387 0.283486 0.178237 0.156959 0.279358 0.281810 0.213692 0.180462 0.192455 0.199157 0.282359 0.192206 0.333834 0.244243 0.287979 0.349812 0.213432
0.242297 0.173808 0.326008 0.224222 0.227802 0.119960 0.182950 0.174757 0.161952 0.201072 0.249381 0.157083 0.165561 0.203677 0.210782 0.114832 0.143184 0.134095 0.175268 0.185521 0.144614 0.183233 0.210807 0.180165 0.159540 0.125347 0.149546 0.193148 0.168626 0.156824 0.117873 0.112383 0.154113 0.182963 0.114506 0.237219 0.163715 0.234094 0.256275 0.235153
0.283928 0.184230 0.265918 0.191474 0.187326 0.123545 0.201981 0.242772 0.118544 0.236934 0.260637 0.147271 0.161136 0.211025 0.196108 0.131243 0.178034 0.159783 0.115310 0.233307 0.170365 0.145547 0.208041 0.145105 0.190364 0.121922 0.105602 0.152672 0.192027 0.086803 0.145769 0.133623 0.166421 0.187738 0.117752 0.281400 0.138453 0.195163 0.271505 0.215338
0.475418 0.266435 0.407023 0.295487 0.241500 0.225863 0.272284 0.298935 0.209882 0.325452 0.329756 0.250567 0.275923 0.383664 0.257942 0.224521 0.291601 0.265053 0.273946 0.352017 0.284976 0.278233 0.293572 0.242961 0.304879 0.209824 0.178682 0.319329 0.360208 0.221970 0.191306 0.210263 0.274247 0.271413 0.237556 0.403584 0.267333 0.309348 0.405733 0.299692
0.292046 0.202707 0.290679 0.210224 0.198075 0.132948 0.192085 0.217642 0.145292 0.221430 0.282994 0.152072 0.179632 0.210943 0.202892 0.140183 0.156610 0.168780 0.155352 0.208288 0.177844 0.161907 0.197328 0.150889 0.183191 0.141497 0.133360 0.170921 0.191069 0.136753 0.128369 0.139398 0.171925 0.233753 0.127933 0.239994 0.156448 0.209661 0.267584 0.206651
0.328295 0.240966 0.343936 0.230640 0.218012 0.216178 0.205891 0.242050 0.203171 0.295779 0.294219 0.197457 0.226088 0.271464 0.208975 0.206181 0.230403 0.189545 0.272888 0.228924 0.161494 0.218793 0.254733 0.177339 0.248601 0.273721 0.141089 0.224461 0.253710 0.166188 0.187104 0.217483 0.218624 0.244075 0.220222 0.220548 0.236526 0.292102 0.266274 0.250016
0.399660 0.312406 0.401111 0.277656 0.280159 0.229802 0.245527 0.249789 0.241725 0.280644 0.378223 0.271018 0.297013 0.330958 0.275901 0.234526 0.247214 0.262364 0.311783 0.298743 0.272175 0.279493 0.320945 0.273660 0.259138 0.246323 0.251472 0.381223 0.341135 0.257674 0.224509 0.177733 0.291634 0.265565 0.254661 0.352208 0.272786 0.315460 0.360310 0.291399
0.352215 0.223774 0.376115 0.232084 0.256726 0.226354 0.231668 0.287540 0.187766 0.316428 0.291737 0.191978 0.234722 0.309669 0.187196 0.183812 0.221988 0.214868 0.186304 0.217844 0.227787 0.208682 0.292530 0.155519 0.246038 0.195974 0.140548 0.278813 0.296308 0.215657 0.167647 0.199014 0.160673 0.232532 0.213148 0.355101 0.204667 0.296512 0.280305 0.267634
0.376702 0.250780 0.435434 0.269065 0.271754 0.242865 0.269383 0.317900 0.209559 0.354844 0.319639 0.229452 0.273560 0.379135 0.232529 0.228893 0.239129 0.248006 0.212077 0.289386 0.251955 0.281818 0.294794 0.238638 0.315680 0.192427 0.160459 0.298780 0.306972 0.224775 0.191083 0.201312 0.212266 0.262804 0.227529 0.397078 0.240077 0.329792 0.376405 0.286614
0.261939 0.223455 0.335996 0.163999 0.238560 0.175107 0.199962 0.213061 0.208438 0.224852 0.287810 0.189198 0.189435 0.203968 0.205373 0.179194 0.171049 0.189442 0.181905 0.195529 0.167484 0.204936 0.271572 0.182467 0.167842 0.157573 0.149245 0.207310 0.239604 0.219400 0.164758 0.164267 0.209919 0.182667 0.212939 0.225823 0.156032 0.260882 0.218197 0.258164
0.289518 0.236588 0.239122 0.172990 0.217366 0.160270 0.186670 0.266470 0.155084 0.231804 0.268514 0.106670 0.212086 0.187816 0.168025 0.151896 0.164004 0.208313 0.178951 0.242438 0.205372 0.118392 0.228819 0.171852 0.188582 0.178652 0.149618 0.209474 0.262554 0.143652 0.127541 0.142741 0.158534 0.193241 0.190490 0.246176 0.156591 0.176995 0.214702 0.179991
0.446325 0.282556 0.404592 0.295406 0.246690 0.238501 0.264890 0.294560 0.210805 0.323519 0.345672 0.247935 0.273590 0.368713 0.262351 0.247382 0.279562 0.273045 0.296998 0.350759 0.264348 0.280141 0.335809 0.258966 0.284371 0.225325 0.203608 0.333272 0.355141 0.222163 0.220355 0.225600 0.293206 0.268759 0.248569 0.363771 0.284041 0.331750 0.400261 0.280316
0.234145 0.226503 0.274549 0.185676 0.236924 0.218561 0.175382 0.288116 0.220469 0.284696 0.245178 0.149166 0.212940 0.226215 0.174071 0.203344 0.175647 0.169618 0.153914 0.246406 0.213607 0.197527 0.205506 0.189954 0.223557 0.231968 0.167251 0.159012 0.225570 0.150822 0.187037 0.187281 0.190372 0.249895 0.171701 0.227966 0.162035 0.182239 0.278265 0.226775
0.378576 0.302073 0.418795 0.272285 0.264061 0.221930 0.251703 0.242544 0.240402 0.277737 0.368754 0.260474 0.285922 0.302652 0.288376 0.232684 0.244572 0.258991 0.284225 0.297432 0.257000 0.273034 0.331937 0.256161 0.270522 0.234083 0.244035 0.373503 0.341916 0.214667 0.225564 0.207283 0.261438 0.266890 0.254006 0.362379 0.263202 0.299892 0.317963 0.320644
0.224807 0.137336 0.267648 0.177921 0.224413 0.114759 0.137871 0.131430 0.173244 0.204681 0.175292 0.134234 0.139401 0.140108 0.178613 0.102854 0.117498 0.146322 0.127877 0.151759 0.159024 0.165889 0.172827 0.135151 0.127575 0.129317 0.097379 0.149642 0.161581 0.142736 0.111327 0.130404 0.136397 0.147162 0.109961 0.178854 0.116031 0.170418 0.198920 0.210374
0.269904 0.316831 0.351398 0.205814 0.251795 0.184060 0.229199 0.239744 0.194623 0.269572 0.369342 0.188513 0.257501 0.203018 0.230765 0.207599 0.182635 0.230466 0.253220 0.256180 0.212233 0.228955 0.259744 0.275987 0.196502 0.218282 0.247929 0.266206 0.269458 0.179211 0.184252 0.197830 0.241495 0.274895 0.243085 0.260259 0.184049 0.248773 0.255032 0.233235
0.326186 0.197261 0.297616 0.194315 0.197462 0.210983 0.182453 0.227805 0.196746 0.233556 0.215047 0.174867 0.200652 0.272856 0.156597 0.183150 0.188271 0.187274 0.189868 0.235261 0.220990 0.245484 0.213208 0.193947 0.216374 0.173858 0.130366 0.266100 0.294142 0.192357 0.160584 0.202069 0.195727 0.182053 0.183946 0.301447 0.194415 0.262282 0.326837 0.237177
0.314499 0.157754 0.266190 0.192431 0.176833 0.139105 0.164172 0.218652 0.152436 0.198171 0.239383 0.148486 0.162271 0.238011 0.196387 0.132148 0.205224 0.207420 0.143289 0.211287 0.203131 0.132441 0.208414 0.154948 0.175182 0.132751 0.122255 0.222655 0.253172 0.174213 0.111680 0.085285 0.135018 0.176583 0.130477 0.322207 0.157791 0.180573 0.215426 0.234194
0.305930 0.280956 0.335454 0.201018 0.232419 0.148254 0.211170 0.241280 0.203620 0.235667 0.360156 0.187123 0.223736 0.221052 0.210003 0.156911 0.185091 0.220507 0.222979 0.218773 0.246083 0.201649 0.224659 0.202513 0.181931 0.171697 0.198666 0.230980 0.264189 0.193240 0.155641 0.159701 0.220460 0.251347 0.222532 0.254361 0.162429 0.225003 0.287135 0.216875
0.471585 0.305414 0.458369 0.322711 0.268350 0.248466 0.314017 0.339153 0.251506 0.342676 0.375870 0.267605 0.309039 0.396024 0.272989 0.237789 0.283721 0.288146 0.296987 0.384324 0.301920 0.310709 0.310743 0.273170 0.320510 0.248426 0.211294 0.336675 0.373926 0.243345 0.199474 0.233267 0.313511 0.313777 0.271702 0.412754 0.275029 0.327842 0.416055 0.334666
0.384284 0.268837 0.401889 0.239861 0.267951 0.225869 0.262712 0.288266 0.198170 0.331879 0.338395 0.235594 0.237155 0.350900 0.256870 0.234047 0.241076 0.262602 0.216091 0.288540 0.240122 0.250714 0.288104 0.252608 0.302169 0.167997 0.158723 0.304019 0.327111 0.223547 0.193856 0.181367 0.236950 0.259250 0.221108 0.365643 0.223913 0.316201 0.387994 0.246960
0.320807 0.213615 0.357582 0.235378 0.253751 0.235412 0.217137 0.247240 0.194538 0.336176 0.264176 0.188872 0.246022 0.324394 0.181590 0.217501 0.203859 0.249362 0.187664 0.262818 0.214594 0.258492 0.234154 0.229557 0.289321 0.180767 0.131122 0.249834 0.286062 0.200322 0.174193 0.175783 0.206668 0.252842 0.222908 0.297694 0.201172 0.281677 0.320191 0.213781
0.454666 0.274297 0.366184 0.279759 0.245878 0.224591 0.253027 0.313548 0.216214 0.309849 0.329781 0.223639 0.268223 0.362980 0.227954 0.247908 0.271450 0.269160 0.248891 0.355247 0.279870 0.267063 0.301053 0.236266 0.294824 0.234082 0.163613 0.321207 0.356559 0.234386 0.206463 0.225663 0.282092 0.265859 0.235971 0.382131 0.274660 0.314028 0.397197 0.289737
0.418602 0.261866 0.385597 0.297265 0.255968 0.215978 0.268170 0.297777 0.237421 0.295154 0.352405 0.240590 0.268920 0.312237 0.245143 0.185223 0.256756 0.239726 0.260049 0.344011 0.278410 0.244007 0.281715 0.209115 0.282283 0.218525 0.179558 0.316858 0.335275 0.187210 0.182206 0.222174 0.237261 0.266653 0.222527 0.402398 0.231597 0.286724 0.359541 0.336929
