0 1
0 39
0 2
0 38
0 25
1 0
1 2
1 3
1 39
1 17
1 22
2 1
2 3
2 0
2 4
2 19
3 2
3 4
3 1
3 5
4 3
4 5
4 2
4 6
4 20
5 4
5 6
5 3
5 7
5 39
5 14
6 5
6 7
6 4
6 8
7 6
7 8
7 5
7 9
7 17
8 7
8 9
8 6
8 10
9 8
9 10
9 7
9 11
9 24
9 30
10 9
10 11
10 8
10 12
10 31
10 32
11 10
11 12
11 9
11 13
11 26
12 11
12 13
12 10
12 14
13 12
13 14
13 11
13 15
14 13
14 15
14 12
14 16
14 5
14 23
15 14
15 16
15 13
15 17
15 30
16 15
16 17
16 14
16 18
17 16
17 18
17 15
17 19
17 1
17 7
17 37
18 17
18 19
18 16
18 20
18 21
19 18
19 20
19 17
19 21
19 2
20 19
20 21
20 18
20 22
20 4
20 39
21 20
21 22
21 19
21 23
21 18
22 21
22 23
22 20
22 24
22 1
23 22
23 24
23 21
23 25
23 14
24 23
24 25
24 22
24 26
24 9
25 24
25 26
25 23
25 27
25 0
25 34
26 25
26 27
26 24
26 28
26 11
27 26
27 28
27 25
27 29
28 27
28 29
28 26
28 30
29 28
29 30
29 27
29 31
29 37
30 29
30 31
30 28
30 32
30 15
30 9
31 30
31 32
31 29
31 33
31 10
32 31
32 33
32 30
32 34
32 10
33 32
33 34
33 31
33 35
33 36
34 33
34 35
34 32
34 36
34 25
35 34
35 36
35 33
35 37
36 35
36 37
36 34
36 38
36 33
37 36
37 38
37 35
37 39
37 17
37 29
38 37
38 39
38 36
38 0
39 38
39 0
39 37
39 1
39 5
39 20
