-0.000120 0.010814 1.042781 0.000912 0.203042 -0.112466 0.000256 -0.001190 0.000151 -0.291001 0.000654 -0.012426 0.000166 0.000278 -0.001611 -0.001243 0.000891 0.000056 -0.000361 -0.529619 0.000298 0.001320 0.459616 0.000696 -0.000404 0.068914 0.045004 -0.000392 -0.000918 -0.132139 -0.000540 0.000928 -0.001870 0.000348 -0.001441 -0.000300 0.000287 -0.001382 0.000734 0.592434
1.570800 0.962839 0.694670 1.184262 1.887681 0.570442 0.571926 -0.000228 -0.000375 0.201638 0.000152 -0.000660 0.000798 0.263268 0.275415 0.192569 0.499932 2.438179 0.628724 0.000572 1.027458 0.223593 0.712535 0.799094 1.215616 0.191125 0.630414 0.000680 0.704994 0.000277 0.802288 0.123817 -0.000299 0.001290 0.000970 0.000089 0.000748 1.000649 0.255795 2.021704
1.175809 0.000370 0.408204 0.804995 0.880590 0.898297 0.001431 -0.000653 -0.000417 -0.000660 -0.000748 0.878015 0.254481 0.000620 0.000744 0.000315 0.000792 0.000747 0.000394 1.752589 0.412733 0.867634 -0.000610 -0.000133 0.001563 0.001618 0.001114 0.000376 -0.000144 0.000085 -0.000063 0.001592 0.000907 -0.000241 0.001164 -0.000301 0.000530 0.001337 0.000524 0.000180
0.006014 0.442134 0.748679 0.000244 0.318935 -0.000088 -0.000114 0.387329 -0.000051 0.000163 -0.000601 -0.000124 -0.000128 -0.000406 1.166131 0.000761 -0.000496 0.000848 -0.000468 -0.000164 -0.001118 0.000233 -0.000683 0.123748 0.000987 0.000997 -0.001196 -0.043843 -0.000028 0.000167 -0.000067 -0.001634 0.564285 0.000271 0.379110 0.964775 0.000349 0.000127 0.000309 -0.000031
-0.000490 -0.000283 0.000249 0.000176 -0.095576 -0.000601 -0.000574 -0.001026 -0.001350 -1.231870 -0.698674 -0.001664 0.000384 -1.369802 0.000223 -1.291651 -1.805248 -0.040755 -0.050901 0.000064 -0.000327 -0.000156 -0.396911 -1.572827 -0.935652 -0.000070 -0.398821 -0.000135 -1.206611 0.001302 -1.158838 0.000985 0.000639 0.000511 -0.001106 -0.647366 -0.211343 -1.204653 -0.001127 -0.001021
-0.782114 0.001071 0.354062 0.894197 0.157218 0.000112 0.000534 0.000113 -0.000699 0.000142 -0.199391 -0.001013 -0.553909 0.001288 0.022035 -0.000366 -0.000553 0.000241 -0.001666 -0.001006 0.000532 -0.255130 -0.090234 -0.000570 -0.329976 0.001387 0.000359 -0.000819 -0.000171 -0.000027 -0.152051 0.000178 -0.000247 0.000201 -0.000479 -0.000191 -0.412932 -0.000187 -0.000280 -0.000854
0.001240 -0.000642 0.488669 0.000651 1.623480 0.001566 0.501548 1.338734 1.555816 -0.422401 -0.000206 0.001335 -0.000635 0.351997 -0.001787 -0.137516 0.304562 -0.293174 0.150980 -0.629591 0.001412 -0.434263 -0.000503 0.001314 0.337213 0.494414 0.000029 -0.322814 -0.000578 -0.001480 0.000314 -0.000207 -0.588092 -0.000203 0.000050 0.036527 0.673412 0.000988 0.273571 -0.605997
0.656839 0.236695 -0.000091 0.000098 1.099675 1.534790 1.294490 0.573041 1.125497 1.186771 0.054649 -0.000068 0.735611 0.778364 0.507899 0.000172 0.604345 0.804157 0.909839 0.070259 1.490927 0.000583 0.001798 0.047739 0.514455 -0.000152 0.521813 0.000420 0.000122 0.569500 1.795519 0.507399 0.408462 0.026434 1.051326 0.217374 0.000551 -0.000839 0.918680 0.476203
-0.000103 -0.000893 -0.001073 -0.039969 0.206491 0.000826 0.849469 0.070474 0.000653 0.433250 0.754261 -0.000778 -0.398871 -0.000525 -0.000304 -0.000572 0.000220 -0.066264 0.000682 -0.001320 -0.017424 -0.253791 -0.078249 0.000110 -0.000875 -0.617279 0.000877 -0.028321 -0.484649 0.783313 0.783469 0.001681 0.000090 0.000342 0.001424 0.001037 -0.000106 -0.198298 0.000801 0.000403
0.118792 0.000170 -0.000130 0.000512 0.000145 -0.001385 0.000151 0.196350 0.151468 0.000543 1.639081 -0.000808 0.272029 0.000110 -0.000940 -0.000897 0.000761 0.000454 0.262440 -0.000256 -0.000274 -0.267671 -0.001053 0.000595 0.001841 -0.001405 0.000536 -0.000526 -0.000595 0.000600 0.014682 0.955641 -0.000047 -0.000296 0.066047 -0.001074 0.090443 0.000195 0.000307 -0.000920
-0.000466 0.000488 -0.000098 0.000445 -0.001118 0.327765 0.000451 0.637670 1.876995 0.822839 -0.000371 0.688165 0.001110 0.620672 0.073079 -0.001128 0.000769 0.001408 0.823051 0.001063 0.000945 0.000905 -0.000956 0.000770 0.000256 -0.000541 0.090457 0.000599 -0.001201 0.000410 0.481857 0.000105 0.921584 0.886824 0.289519 -0.000977 0.000876 0.157239 0.000889 0.000353
0.000164 -0.043047 -0.097957 -0.717876 -0.000458 -0.375251 0.000647 0.000665 0.000046 -0.000298 0.795755 -0.000817 -0.000463 0.059608 -0.000348 -0.182732 -0.000569 0.000665 0.000740 0.000119 0.000674 0.000379 0.000107 -0.225947 0.000845 -0.000586 -0.000306 0.000093 -0.004171 -1.169937 -0.000004 -0.349333 -0.001804 -0.886034 0.000120 -0.025974 -0.001176 -0.327114 -0.221298 0.179659
-0.216378 -0.063343 0.376043 0.125905 -0.000579 -0.001439 0.001099 -0.000675 0.001910 -0.001490 0.000671 1.309309 0.000165 -0.000073 1.386943 -0.000451 0.001713 -0.000095 0.093908 -0.000008 0.273337 -0.026371 -0.654199 0.000465 -0.001203 -0.051887 -0.000801 -0.000922 -0.000764 -0.000013 -0.000435 1.026736 -0.000665 -0.000504 0.000839 -0.000461 0.000371 0.452713 -0.000285 0.000279
0.337639 -0.000115 0.001040 0.115809 0.000182 0.617331 -0.000971 1.321376 1.872246 0.610305 0.000243 2.622296 0.934261 0.567438 0.738540 0.951352 0.106250 -0.000191 0.000702 0.197621 1.051145 0.000693 0.000307 -0.000573 0.769376 1.578066 0.088473 0.000591 0.966125 0.000578 1.975720 -0.000927 0.000683 0.000336 0.000107 -0.000491 1.489925 0.531552 0.000340 0.107083
-0.000179 2.108239 0.950214 0.000932 0.812072 2.834733 0.001167 0.214675 3.038613 0.001116 2.709828 0.778189 0.363823 0.944736 0.000677 2.644066 0.218847 0.001044 1.279784 0.161259 0.000285 0.000484 0.335382 0.896035 1.358823 0.683024 0.408232 0.168310 0.542424 1.248709 0.315887 0.033590 -0.000036 1.614637 0.000295 0.040811 1.433448 0.668078 0.000486 0.444883
1.382469 0.746161 0.001317 0.355007 -0.000271 0.105478 0.000396 -0.001559 -0.001013 0.998977 0.616879 -0.000754 0.000502 0.856428 0.254632 0.001114 2.180327 1.923230 0.129050 0.001368 1.294707 0.000533 0.000442 0.655772 1.647633 0.000200 0.590655 0.539088 0.221618 0.000957 0.919124 0.000420 0.001212 0.000658 0.001672 0.335314 0.340765 0.927074 1.246714 0.000437
0.569658 1.126927 -0.000591 0.000730 0.000325 0.272296 0.000183 1.087760 -0.000045 1.136331 0.442248 0.450930 -0.000058 1.123062 0.435326 1.419734 0.000707 1.699118 0.000685 1.002736 0.001502 1.424052 1.589234 1.278830 1.069377 0.000361 0.000340 0.000990 0.863887 0.970777 0.766372 -0.001174 0.161627 0.001513 0.001079 0.587443 0.826866 0.733224 0.829938 1.120732
0.000541 0.201447 0.000209 0.508123 0.001104 0.091831 -0.001228 0.000168 -0.000001 0.000612 -0.000262 0.000181 0.000023 0.000296 0.000522 1.002472 0.256470 0.000061 0.000304 0.597085 0.021766 0.000945 -0.000909 -0.060861 -0.000517 0.000525 -0.001762 -0.000282 -0.000346 0.200128 -0.000668 0.000079 -0.000881 -0.001248 -0.050228 0.056477 0.000480 0.193114 0.084739 -0.000298
0.001362 0.000087 0.000154 0.000294 -0.000366 0.215146 0.532801 0.000900 0.226927 -0.001107 0.067231 0.001802 0.001176 -0.000509 -0.001026 0.383912 0.224410 1.119464 0.000817 0.992968 0.688245 -0.000199 0.513966 0.244091 0.000896 0.000331 0.995466 -0.000684 0.000861 -0.000048 0.000584 0.000484 0.000286 0.105119 -0.236397 0.674422 -0.000121 0.311772 -0.000126 0.114360
0.000696 1.563433 1.461122 -0.000402 -0.000071 0.000218 0.000374 0.158018 -0.000318 -0.001245 0.107680 0.116186 0.000581 0.437242 0.304106 0.000179 0.000819 0.894905 2.480720 0.000037 2.469758 0.964411 -0.162763 -0.000952 -0.001250 -0.244565 0.001022 0.001003 0.000530 -0.000029 0.000229 0.000445 0.019903 1.038149 -0.418675 -0.000011 -0.093974 0.570407 -0.000666 0.589177
-0.000542 0.001386 -0.070558 -0.276533 -0.493931 -1.045726 -0.394569 -0.364276 -0.799234 -0.008574 -0.001418 0.000157 -0.656356 -0.358829 -0.024012 -0.000538 -0.001099 -0.316951 -0.579006 0.000209 -0.175112 0.000019 0.001271 -0.588592 -0.975007 -0.856021 -0.482144 -0.000994 -0.248276 -0.299366 -0.664166 -0.000442 -0.974516 -1.201033 -0.771479 -0.600451 -0.103941 -0.548428 -0.000124 0.000208
-0.001613 -0.000912 -0.001222 -0.000458 0.000166 -1.122424 -0.145129 0.000299 -0.000922 -0.001007 -0.000663 -0.485838 0.000258 -0.001092 0.000403 -0.335428 -0.000584 -0.001597 -0.000095 -0.000471 0.000366 -0.000270 -0.000664 0.104318 0.000063 -0.000916 -0.000377 -0.000357 -0.001062 -0.782323 -0.001018 -0.000254 -0.000987 0.000319 -0.192626 -0.001363 -0.001310 -0.000779 -0.188153 0.001014
0.033714 1.199618 0.007186 0.879003 0.357099 1.650579 1.261147 -0.000176 1.243976 0.766066 0.000218 0.713797 0.052911 0.944366 0.221409 1.004516 2.138374 0.632971 -0.000586 1.323170 0.671529 1.297075 1.546043 1.822003 1.632409 1.593034 0.213803 1.176544 0.721816 0.332662 0.366502 1.205543 0.363547 1.640475 0.429868 0.704190 1.371572 0.947125 2.070161 0.000915
0.000527 -0.000690 0.000694 0.620537 0.000582 0.001217 -0.000683 0.000427 0.000554 -0.000416 0.001355 0.000562 0.616856 0.000129 0.481947 -0.000311 0.000616 -0.000971 -0.000751 -0.001018 0.001017 -0.000646 0.001637 0.001315 -0.000303 0.728865 -0.000791 0.000536 0.000031 0.000716 -0.000570 0.000263 0.000974 0.000204 -0.000411 0.000416 0.000880 -0.000540 -0.000756 -0.000303
0.000024 -0.148752 -0.000607 -0.000573 0.000383 0.000254 -0.000550 -0.000858 -0.001226 0.001280 0.000374 -0.000408 0.000861 0.000111 -0.000589 -0.000183 0.000346 0.000159 0.000051 -0.000854 -0.001161 -0.001411 -0.000030 0.001505 0.000334 0.000968 -0.000357 -0.001674 0.000215 0.000491 0.000718 0.000617 0.000468 0.000754 -0.326191 -0.001400 -0.000283 -0.000332 -0.000678 -0.000657
0.000432 -0.000695 0.358483 0.001173 0.982051 -0.000302 -0.000102 0.000981 0.000090 0.000269 -0.000716 0.000342 -0.000165 -0.001187 0.504547 0.075448 0.000360 0.001118 0.000874 0.000523 0.232814 0.001565 0.000233 0.001093 0.302514 1.566801 0.000765 0.799302 -0.000699 -0.000504 -0.000048 -0.001802 -0.000632 0.000082 1.110534 -0.000324 0.712380 0.365577 -0.000447 0.081458
0.001867 0.637252 0.000581 0.810354 0.000464 0.417497 0.583609 0.774156 0.001609 0.306333 0.000839 0.881595 -0.000911 0.001108 0.597496 0.001024 0.000648 0.455986 -0.000896 -0.000158 -0.000095 0.000694 -0.000140 -0.000600 0.676385 1.886317 -0.000474 1.321873 2.049884 0.917725 0.001259 -0.000254 -0.000160 0.000291 -0.000323 0.321151 0.751411 0.272533 -0.000618 0.180941
0.000754 0.000421 0.000538 0.001797 0.000568 0.000410 0.000455 0.000371 0.000602 0.000168 0.000897 -0.000348 0.336448 0.000515 0.087756 -0.000346 0.000405 -0.000352 0.000405 -0.000935 0.001511 -0.000506 -0.000252 -0.000729 -0.000185 0.000793 0.000033 0.398713 0.000779 -0.000745 0.000452 0.000785 0.001065 0.001466 -0.000380 -0.000961 0.000911 -0.000404 -0.000291 0.000758
0.000464 -0.515474 0.000517 0.000824 0.000546 -0.000125 -0.000336 0.000554 0.000710 -0.000320 -0.000983 -0.000549 0.001572 -0.001571 0.000516 0.244929 -0.000384 0.001111 -0.000566 0.000732 -0.000385 -0.000150 0.520886 -0.000544 0.000830 0.816762 1.363860 0.001429 0.001311 1.514012 -0.033997 0.000007 0.001604 0.001780 -0.268520 0.177369 0.000398 0.000052 -0.214422 -0.000460
0.000418 0.000545 0.000560 0.231880 0.001523 -0.000994 0.200519 0.000425 0.000522 1.711695 0.066962 0.001562 -0.000582 -0.001335 0.508144 0.000431 -0.000109 2.599790 0.288108 -0.254083 -0.000771 0.408391 1.098658 0.000698 0.459708 1.788996 -0.000937 1.959054 1.374974 0.035187 2.396946 1.355774 1.149522 0.001114 0.001073 2.049727 0.916248 0.109339 -0.001046 0.500267
0.000364 -0.001424 -0.000983 0.435495 -0.001164 -0.283934 -0.000001 -0.000483 0.000436 1.348405 1.018014 0.000885 1.139464 -0.000497 -0.000122 0.230749 -0.001380 0.802558 -0.000752 0.001083 -0.000828 0.356500 0.000492 0.000123 0.496030 0.500577 -0.000000 0.001098 1.623908 0.183355 0.000995 1.108715 1.579421 0.323119 0.131716 -0.000641 1.235702 0.000055 0.000362 0.000108
0.000504 -0.172417 -0.001289 0.001278 -0.000309 0.000390 -0.100524 -0.000675 -0.000294 0.000300 -0.001437 0.000752 0.000137 -0.001262 0.000107 0.000467 -0.000961 -0.000681 -0.293908 0.001854 0.000470 -0.001315 -0.000425 -0.000391 -0.001159 0.000439 -0.000084 0.000413 0.000679 0.000109 -0.213337 -0.001301 0.001002 0.477766 0.001138 -0.000834 0.000120 0.001111 0.000639 -0.000925
-1.426048 0.000240 -0.001319 -0.609549 -0.464012 -1.281707 -0.000032 -0.001367 0.000516 -1.584630 -0.000989 -0.000170 -0.417266 -0.673355 -0.654178 -0.924078 -0.614278 0.000190 -0.201514 -0.001501 -0.299377 -0.327520 -0.001225 -0.722875 0.000297 0.000496 -1.657875 0.001657 -0.995348 -0.187915 -0.000450 -0.000301 -0.000301 0.557718 0.000192 -0.000508 -0.000951 -0.070711 0.000312 0.000321
-0.394455 -2.080461 -0.935967 -0.162066 -1.554484 -0.933913 -2.156428 -0.799941 -0.343749 -0.001340 -0.361085 -0.525259 -0.307871 -0.521314 -0.515144 -0.397889 -1.923665 -0.113167 -1.277980 -0.001061 -0.999327 -0.860709 -1.172941 -0.000891 -0.685207 -0.483100 -0.993594 -1.010308 -0.000031 -0.320635 -0.112283 -0.000706 -0.000063 -0.000476 0.000962 -0.001738 -0.000186 -0.001644 -1.537718 -0.000297
0.000576 0.000017 -0.000166 -0.000197 -0.035991 0.000369 -0.000491 0.001471 0.001599 0.000540 -0.000382 0.050104 0.000061 -0.000761 -0.000184 0.001404 -0.000001 0.000696 0.000227 0.034145 -0.000154 0.000442 0.000723 0.343620 0.000307 0.383070 0.601006 -0.001109 -0.000705 -0.000322 -0.001222 -0.000109 0.066737 0.648710 0.000696 0.210406 0.000381 0.000331 -0.000250 0.000332
0.000160 0.000352 -0.000101 -0.000085 -0.001331 0.485241 0.372444 0.000535 -0.000197 -0.799032 0.000646 0.085704 0.374189 0.000862 -0.001705 0.001102 0.000676 0.000919 -0.086889 0.001008 0.000626 -0.075213 -0.001572 -0.001531 0.136482 -0.001543 -0.000027 0.426866 0.000947 -0.000031 -0.000595 0.001277 -0.000550 1.830927 -0.001139 -0.001462 0.676780 -0.000138 0.000901 -0.006692
-0.000466 0.000045 -0.243710 -0.001209 -0.000525 0.000147 -0.000377 -0.000088 -1.392084 -0.000938 -0.171027 -0.313045 -0.055244 0.000163 -0.001572 -0.000308 -0.000723 -0.000224 -0.001274 -0.001164 -0.001114 -0.000525 -0.000833 -0.000993 0.000274 -0.000490 -0.371282 0.000180 -0.000589 -0.000850 0.000251 -0.001154 -0.000999 -0.000572 0.000529 0.000775 -0.000970 -0.000351 -0.000268 -0.000206
-0.000380 0.439331 -0.001161 -1.353766 -0.001077 0.000548 0.000312 0.000489 -0.000221 -0.218970 0.000435 -0.346464 -0.438438 -0.350096 0.000179 -0.000870 -0.000240 -0.073006 -0.001161 -0.001322 -0.000475 -0.000326 0.459734 0.000248 -0.000612 -0.123713 -0.000952 0.221009 -0.107326 0.000226 -0.654225 -1.277239 -0.000264 -0.000595 0.000318 0.001123 0.000512 -0.000574 -0.000379 0.724608
0.949739 0.000505 0.000978 0.000167 0.000994 0.231940 1.393216 -0.000728 -0.000936 -0.000122 -0.110631 0.517732 0.000574 -0.001051 1.478745 0.000605 0.001583 -0.001421 -0.000047 0.377268 0.000127 0.469678 0.180690 0.000557 -0.000491 -0.000883 -0.000599 0.093957 0.001078 0.000384 0.790894 -0.014884 1.165918 0.000706 0.782244 0.370244 0.609391 0.590767 0.000296 0.444584
1.218229 1.040262 0.001574 -0.000271 0.000289 0.001328 -0.000320 -0.000466 0.000241 0.864804 -0.000683 0.001158 -0.001236 0.000134 0.000048 0.001049 0.001263 0.000856 -0.070918 0.567874 0.666149 0.000305 0.000902 0.874708 -0.000063 0.564607 0.511995 -0.001041 0.000275 0.000669 0.000760 -0.707610 0.001035 -0.000290 0.224375 -0.000159 0.000097 1.071175 0.284536 1.177754
