-0.000596 0.055729 0.928651 -0.000086 0.110378 -0.001191 -0.000929 0.000292 0.000122 -0.213221 0.000466 0.000023 0.001071 -0.001128 -0.001026 0.000515 -0.000184 -0.001539 0.000903 -0.141375 -0.000350 0.000104 0.446668 -0.000363 -0.000972 0.000267 0.000716 0.000047 -0.000987 -0.000052 -0.001313 0.000307 -0.000437 0.000826 -0.000810 -0.000736 0.000663 -0.000871 0.001456 0.489134
1.595078 1.027526 0.829522 1.407202 2.023406 0.741138 0.701625 0.001115 0.000036 0.159704 -0.000410 0.000463 0.000739 0.245505 0.509841 0.232618 0.589114 2.405931 0.626005 -0.000472 1.080894 0.407740 0.730837 0.919886 1.306263 0.264405 0.504591 -0.000330 0.752368 0.001435 0.850784 0.010535 0.000226 0.000768 0.000796 0.001035 0.001570 1.205042 0.401717 2.154436
1.218558 0.001016 0.247507 0.621550 0.878453 0.951487 -0.000013 -0.000277 -0.000373 0.000437 -0.001451 0.961166 0.001305 0.001211 0.000431 -0.000218 0.001466 0.000066 0.000825 1.587892 0.328219 0.742709 -0.000055 -0.000408 0.001665 0.000704 0.000715 0.000382 -0.000424 0.000789 0.000096 0.000275 -0.000083 0.001082 0.001506 -0.000263 0.000695 0.001067 0.000402 0.001137
-0.000259 0.428307 0.707802 0.000904 0.285679 0.000171 -0.000006 0.452765 0.000305 0.001183 -0.001283 -0.000172 -0.000367 -0.000224 0.874042 0.000325 -0.000843 -0.000789 0.001055 -0.000447 -0.000064 -0.000255 0.000385 0.000860 0.000571 0.001011 -0.000521 -0.000926 0.000216 -0.000048 -0.000227 -0.001057 0.406783 0.000625 0.208347 0.898060 0.000550 0.000234 0.001590 0.000677
-0.001404 -0.000954 -0.000290 0.000492 -0.000421 -0.000301 0.000094 -0.000746 -0.000727 -1.134169 -0.571251 -0.000267 -0.001623 -1.204051 0.000836 -1.089182 -1.604481 -0.062713 -0.001908 -0.000824 -0.000369 0.000126 -0.240727 -1.389479 -0.819090 -0.000614 -0.148440 -0.000321 -1.039923 -0.000118 -1.057463 -0.000964 0.001155 0.000564 0.000363 -0.417362 -0.000209 -0.958825 -0.001278 -0.000767
-0.576257 0.000659 0.426013 0.777983 0.001672 -0.000322 0.000556 0.000290 0.000507 0.000538 -0.125740 -0.000271 -0.278911 -0.000212 0.001222 -0.000273 -0.000186 0.000172 -0.001538 -0.001505 -0.000387 -0.068149 -0.082844 -0.001305 -0.235127 0.000203 -0.000376 -0.001269 -0.000545 0.000048 -0.115582 0.000191 -0.000126 -0.001214 -0.001414 -0.000626 -0.376969 0.000009 -0.000547 -0.000074
0.000602 0.000820 0.293360 0.000625 1.479243 0.001605 0.386855 1.250825 1.341161 -0.307624 -0.001114 0.000832 -0.000965 0.224680 -0.001213 -0.028905 0.140716 -0.210683 0.059487 -0.485338 0.001134 -0.445337 -0.000821 0.001301 0.216693 0.230361 -0.000651 -0.178255 0.000479 0.000201 -0.000415 0.000960 -0.415927 -0.000333 0.000903 0.034180 0.475546 -0.000780 0.351521 -0.337320
0.534176 0.075843 0.000241 0.000471 0.876640 1.174602 1.026990 0.325280 1.078678 0.934893 0.000714 0.000546 0.363711 0.638099 0.368636 0.001135 0.365726 0.560385 0.776283 0.000553 1.279915 0.001102 0.000813 0.001283 0.389501 -0.000608 0.407560 -0.001357 -0.000554 0.345350 1.596260 0.457599 0.351775 0.000265 0.882759 0.234145 0.001101 0.000844 0.795620 0.431307
0.000653 -0.000634 -0.000313 -0.001485 0.175542 -0.000755 0.759326 0.044268 0.000395 0.469234 0.606714 -0.000461 -0.035167 -0.000761 0.000006 -0.000631 0.001188 -0.001250 -0.000628 -0.001248 -0.000202 -0.253738 -0.021014 -0.000636 0.000064 -0.259873 0.001218 -0.000492 -0.254610 0.580758 0.813385 0.000890 -0.000590 -0.000511 0.000454 0.000560 0.000408 -0.000775 0.000113 0.000685
0.001421 -0.000301 0.000480 -0.000522 -0.001229 0.000310 -0.000704 0.000874 0.045611 0.001071 1.731583 0.000256 0.030277 -0.001015 0.000495 0.000054 0.001230 0.000136 0.278985 0.001156 -0.000355 -0.123834 -0.000340 -0.000233 0.063935 -0.000087 -0.000245 -0.001442 0.000114 -0.000802 0.115925 0.881717 0.000259 0.001323 0.081899 -0.000515 0.140643 -0.000803 -0.000129 0.000321
-0.000025 0.000037 0.000164 -0.000267 -0.000082 0.004002 0.000811 0.659413 1.685560 0.839849 0.000104 0.482101 -0.000314 0.597974 0.010516 -0.000561 0.001367 -0.000052 0.731542 -0.000332 0.000331 0.000404 0.000120 0.000821 0.000347 -0.000045 0.000307 0.000659 -0.000355 0.000714 0.405477 0.103316 0.926225 0.721361 0.324532 -0.000606 0.000738 0.000735 0.000135 0.132592
0.000799 -0.001579 -0.001396 -0.454853 0.001175 -0.000250 0.000377 0.000085 0.000200 0.000648 0.631812 0.000504 0.000093 0.068480 0.000640 -0.000386 -0.000074 0.000283 0.000546 -0.000111 0.000647 -0.000786 -0.000472 -0.053525 0.001709 -0.000336 0.000667 -0.000229 -0.001425 -0.808197 -0.000352 -0.018328 -0.000019 -0.687281 0.000006 -0.000407 -0.000549 -0.000406 -0.218617 0.009609
-0.001609 -0.000241 0.001438 0.000293 -0.000692 -0.000849 -0.000071 0.000243 0.001726 -0.001300 0.000849 1.142197 0.000177 -0.000466 1.253207 -0.000654 0.001242 0.000134 0.001676 -0.000070 0.184741 -0.000807 -0.576241 -0.000713 -0.001221 -0.058904 -0.001460 0.000359 -0.000168 -0.000786 0.000641 0.764811 -0.000341 -0.000851 0.001758 -0.000784 0.000412 0.229877 0.000116 0.000432
0.262194 -0.000689 0.001420 0.000635 -0.000197 0.396905 -0.000487 1.252765 1.745306 0.516891 0.000690 2.200020 0.809982 0.405590 0.658764 0.814458 0.000195 -0.000733 0.001447 0.261236 0.949453 0.000342 -0.000502 0.000592 0.558935 1.449564 0.001221 0.000115 0.583019 0.000041 1.739682 0.000442 -0.001093 -0.000251 0.001044 -0.000713 1.377767 0.326324 0.000713 0.178734
-0.000431 1.822242 0.911906 0.001411 0.601976 2.567954 0.000145 0.001548 2.903510 -0.000386 2.550077 0.492765 0.000770 0.713605 0.000445 2.423095 0.199560 0.000424 1.116022 0.001596 0.000702 0.000250 0.124893 0.793981 1.170045 0.614894 0.318257 0.001431 0.136274 1.048843 0.058289 0.001097 0.000822 1.599103 0.000097 0.000777 1.065307 0.542547 0.000382 0.318988
1.244569 0.710470 -0.000092 0.410151 -0.000142 0.014199 0.000667 -0.000505 -0.000313 0.901720 0.679552 -0.000468 0.123661 0.869982 0.313811 -0.000069 2.093026 1.909642 0.226219 0.000028 1.342527 0.000062 0.001050 0.575115 1.723610 0.000416 0.623623 0.499046 0.333940 0.000691 0.933271 0.001841 0.001328 0.001445 0.000233 0.430823 0.372743 1.016260 1.041639 0.001510
0.395870 1.113599 0.000693 0.001243 0.000341 0.329855 0.000198 1.042733 0.000684 1.046473 0.278729 0.411248 0.001352 0.956583 0.482787 1.397293 0.000165 1.630223 0.000932 0.916520 0.001629 1.272878 1.525969 1.219208 1.013649 0.000273 0.000033 0.001687 0.717462 0.835493 0.737325 -0.000938 0.112394 0.001805 0.000728 0.697435 0.765320 0.697067 0.756765 1.146966
0.000223 0.330262 0.014879 0.451521 0.000841 0.132932 -0.000324 0.000494 0.000013 0.000661 -0.000221 0.001559 -0.000076 0.000771 -0.000347 0.831560 0.168931 -0.000656 0.000236 0.714566 0.128423 0.000899 0.000304 -0.001577 -0.000186 -0.000632 -0.001130 -0.000729 0.000860 0.153068 0.000070 -0.000968 -0.000915 0.000084 -0.001900 0.000614 0.000408 0.114199 0.077667 -0.000661
0.087908 0.001147 -0.000311 0.000174 0.000730 0.053262 0.616005 0.000661 0.143387 0.000547 0.151980 -0.000221 -0.000166 0.000948 -0.000238 0.272364 0.295614 1.178443 0.000358 0.854776 0.655386 0.000088 0.535680 0.429690 0.001094 -0.000006 1.167472 -0.000499 0.000964 -0.000436 -0.000814 -0.000170 0.000889 0.091982 -0.207919 0.596146 0.000929 0.273019 0.000785 0.107847
0.001753 1.564851 1.391834 -0.000582 0.001143 0.001760 -0.000198 0.124265 0.000441 -0.000257 0.017244 0.122583 0.058635 0.410767 0.427389 0.000747 -0.000686 0.887982 2.420672 -0.000349 2.470904 0.932185 -0.001857 -0.000167 -0.001193 -0.071863 0.000633 -0.000267 -0.000428 0.000345 -0.000082 -0.000204 0.032055 0.880376 -0.234616 -0.001247 -0.001585 0.564287 -0.000149 0.570142
-0.000084 0.001602 -0.001787 -0.208725 -0.373965 -0.733439 -0.110954 -0.070040 -0.518752 -0.000095 0.000369 -0.000323 -0.238761 -0.211220 -0.001525 -0.001236 0.000237 -0.130057 -0.515914 0.000193 -0.000640 -0.000046 -0.000191 -0.421625 -0.834114 -0.628276 -0.283448 -0.000308 -0.035131 -0.201600 -0.425869 -0.000110 -0.739785 -0.871693 -0.587916 -0.474636 -0.000370 -0.320168 -0.000616 -0.000286
-0.000391 -0.001497 -0.001121 -0.000751 -0.001301 -0.756060 -0.001279 -0.000059 -0.000754 -0.001093 -0.000474 -0.205614 -0.000196 -0.000658 -0.001102 -0.000940 0.000474 -0.000893 0.000485 -0.000710 -0.000521 0.000930 -0.000109 0.001111 0.000025 -0.001417 0.000807 0.001137 -0.000462 -0.363154 -0.000931 -0.000013 0.000275 -0.000864 -0.068537 -0.000259 0.000096 0.000289 -0.001858 0.000699
0.211304 1.082312 0.116862 0.848684 0.342713 1.596798 1.239121 -0.000317 1.389578 0.811913 -0.000058 0.728159 0.142256 0.970367 0.022954 1.071246 2.049794 0.760400 0.000637 1.243400 0.704093 1.179097 1.449725 1.713802 1.555209 1.738616 0.322252 1.268961 0.718025 0.376053 0.354573 1.205566 0.306746 1.574403 0.343481 0.643120 1.550628 1.005834 2.011738 0.001269
-0.000683 -0.000751 0.001348 0.199197 0.000160 0.000430 0.000239 0.001045 0.000936 -0.000485 -0.000104 0.000345 0.128547 -0.000726 0.035535 0.000294 0.000291 -0.000373 0.000280 -0.000864 -0.000365 0.000174 0.000230 -0.000561 -0.000244 0.275724 0.000194 0.000516 0.000744 0.000146 0.000114 0.000789 0.001149 0.000892 -0.000965 0.000062 0.000843 0.000594 -0.000412 0.001120
0.000728 -0.000174 0.000486 -0.000604 0.000367 -0.000361 -0.000768 -0.000913 0.000070 0.001329 -0.000496 -0.000681 0.000488 0.000108 -0.000339 0.000796 0.000570 0.000691 -0.000156 0.000240 0.000207 0.000210 0.000164 0.001340 0.000248 0.001049 0.000984 -0.001034 0.000519 -0.000613 -0.000337 0.000515 0.000537 -0.000389 -0.141292 0.000601 0.000521 -0.000368 -0.001764 -0.000774
0.000723 -0.000413 0.053050 -0.000204 0.653328 -0.000118 0.000274 -0.000345 -0.000031 -0.000117 -0.000199 -0.000701 0.001395 0.000282 0.133585 0.000898 -0.000145 0.000678 0.001271 0.001124 0.021619 0.000622 0.000022 0.000494 0.177991 1.330941 0.000120 0.420591 -0.000949 0.000309 -0.001330 -0.001680 0.000733 0.000225 0.665549 0.000169 0.620589 0.288145 0.000005 -0.000011
0.001705 0.253776 0.000811 0.636889 -0.000333 0.093511 0.364215 0.577767 0.001207 0.203726 -0.000142 0.747153 0.000643 0.001765 0.677198 0.000177 0.000782 0.336100 -0.000452 0.001147 0.000277 0.000042 -0.000185 -0.000239 0.604000 2.001407 -0.000452 1.301582 2.026856 0.622886 0.001065 0.000698 0.000813 -0.000191 0.000230 0.173312 0.634592 0.085347 0.000055 0.053139
0.000203 0.000466 0.001033 0.000394 0.001039 0.000400 0.001238 0.001029 0.000167 -0.000190 -0.000864 -0.000213 0.000771 -0.000070 0.001107 0.000581 -0.001001 0.000595 -0.000575 -0.000716 0.001065 -0.001237 0.000154 -0.000894 -0.000401 0.000798 0.000263 0.001568 0.001043 -0.000447 -0.000715 0.001111 -0.000492 0.000530 -0.001268 0.001023 0.000387 0.000492 -0.000832 0.000369
0.000325 -0.348056 0.000443 0.000155 0.000273 0.000321 -0.000461 -0.000181 -0.000571 -0.000423 -0.000015 -0.001352 0.001777 -0.001558 0.000431 0.039519 0.000670 -0.000138 0.000986 0.000516 -0.000998 0.000961 0.328442 -0.000796 0.000677 0.658159 1.166802 0.000966 -0.000164 1.162031 -0.000178 -0.000146 -0.000162 0.001367 -0.214310 0.000983 -0.000055 0.000168 -0.070610 -0.000813
0.000959 -0.000195 0.000905 0.000173 0.001457 -0.000508 0.005128 0.001296 0.001121 1.511649 0.197033 0.000832 0.000594 -0.000766 0.144551 0.001058 0.000948 2.424878 0.164919 -0.059976 -0.000020 0.274512 0.826302 0.000698 0.430560 1.446009 -0.001445 1.501568 1.441359 0.001257 2.073162 1.317108 1.154626 0.000454 -0.000100 2.060233 0.711752 0.000121 0.000261 0.372523
-0.000313 -0.000493 0.000394 0.148845 -0.000673 -0.051629 0.000274 0.001469 -0.000245 1.423971 0.795534 -0.000414 0.870145 0.000224 -0.000398 0.013064 -0.000063 0.780272 -0.001339 0.000270 -0.000273 0.176799 0.001470 -0.000434 0.368712 0.270980 0.000392 0.001166 1.466168 0.100100 -0.000013 1.103683 1.554142 0.426331 0.043715 -0.000325 1.284517 -0.000808 -0.000422 0.000983
0.000684 -0.220836 -0.000977 0.000077 -0.000161 -0.000495 -0.000288 -0.000727 0.000159 -0.001265 -0.000153 -0.000495 -0.000632 -0.000672 0.000064 0.000980 -0.000946 0.000427 -0.365681 0.001589 0.000266 -0.000340 0.000412 0.000469 0.000396 -0.000178 0.000509 -0.000203 0.000642 0.000747 -0.079551 0.000110 -0.000260 0.362655 0.001694 -0.000428 -0.000522 0.000126 0.000086 -0.000711
-1.353143 0.000398 -0.000387 -0.479363 -0.397509 -1.217855 -0.000567 -0.000933 -0.000116 -1.466095 -0.000539 -0.000972 -0.325070 -0.630203 -0.701155 -0.755706 -0.518673 -0.001197 -0.098298 -0.000149 -0.278026 -0.417255 0.000107 -0.608352 -0.001039 -0.000636 -1.495824 0.000498 -1.007495 -0.126798 -0.000646 0.000049 -0.000544 0.453539 0.000987 -0.000002 -0.000700 -0.060150 -0.000277 -0.000139
-0.343774 -1.816819 -0.755057 -0.014715 -1.310965 -0.617596 -1.844360 -0.497740 -0.250779 -0.000234 -0.295077 -0.271901 -0.122298 -0.369530 -0.209827 -0.339300 -1.708670 -0.000466 -1.016263 0.000017 -0.830471 -0.590880 -1.035768 -0.000074 -0.408226 -0.190003 -0.805106 -0.666203 -0.001718 -0.000726 -0.000478 -0.001055 0.000257 0.000394 0.000789 -0.001284 -0.001184 -0.000161 -1.519629 0.000314
0.000614 0.000300 -0.000224 -0.001143 -0.000481 -0.000475 -0.000352 0.000930 0.001576 0.000864 -0.000544 0.000719 -0.000014 -0.000697 -0.001624 0.001206 -0.000034 -0.000477 -0.000064 0.000269 0.000204 -0.000200 0.000642 0.094896 0.000906 0.128192 0.507318 0.000152 -0.000750 0.000106 -0.000542 -0.000274 0.011621 0.669300 -0.000715 0.108617 0.001497 0.000705 0.000133 -0.000694
-0.000041 0.000500 -0.000692 0.000382 -0.001252 0.516480 0.379513 -0.000283 -0.000245 -0.670761 -0.000741 0.002911 0.245701 0.000579 -0.000643 0.000168 -0.000132 -0.000424 -0.000870 -0.000074 0.000205 -0.001882 -0.001027 0.000004 0.085793 -0.000218 0.000110 0.085655 0.000054 0.001226 0.000257 0.000922 0.000067 1.638864 -0.000174 0.000498 0.529365 0.001267 0.000213 -0.000717
-0.000562 -0.000888 -0.001199 0.000216 -0.000891 0.000425 -0.000055 -0.000184 -1.021039 0.000615 -0.000693 -0.001017 -0.001036 -0.000408 -0.001352 0.000552 -0.000368 -0.000726 -0.000482 0.000061 -0.000854 -0.001073 0.000730 -0.001236 -0.000103 -0.001365 -0.113684 -0.000233 -0.000177 0.000423 0.000667 -0.000678 -0.000581 -0.000195 -0.000112 0.000925 -0.000084 0.000656 -0.000058 -0.000726
0.000573 0.331065 -0.000091 -1.161840 -0.000606 0.000107 0.000647 -0.001046 -0.000848 -0.098568 0.000931 -0.301702 -0.242432 -0.289927 0.000707 -0.000052 -0.000365 -0.001746 -0.001155 -0.001281 -0.000446 0.001125 0.416777 0.000010 -0.000014 -0.023482 -0.000950 0.000973 -0.165249 -0.000587 -0.631000 -1.071361 -0.000817 0.001116 -0.001358 0.000121 0.000600 -0.000546 -0.000996 0.541199
1.022936 -0.000249 -0.000569 -0.000146 0.001558 0.073582 1.063530 -0.000513 -0.000854 0.000192 -0.001429 0.457331 -0.000940 0.000178 1.536566 -0.000221 0.000614 -0.000594 0.000312 0.268858 0.000811 0.330160 0.088303 0.001102 0.000528 -0.000704 -0.000774 0.097204 0.000329 -0.000211 0.664551 -0.000833 1.013233 -0.001046 0.721152 0.295652 0.474435 0.471559 0.000632 0.517689
0.997326 1.069015 -0.000182 -0.001472 -0.000447 -0.000009 0.000498 -0.000197 0.000935 0.703463 -0.000242 0.000827 0.000166 -0.001221 0.000291 -0.000361 -0.000063 0.000635 -0.000156 0.392066 0.580464 -0.000278 -0.000257 0.619348 -0.000761 0.222741 0.342345 0.000386 -0.000471 -0.000642 -0.000053 -0.470128 -0.000133 0.000261 0.158328 -0.000787 -0.001075 0.785061 0.197199 1.241507
