0 2
0 38
0 21
1 2
1 3
1 39
2 1
2 3
2 0
2 32
3 2
3 4
3 1
3 5
4 3
4 5
4 36
5 4
5 3
5 7
5 29
5 39
6 7
6 8
7 6
7 8
7 5
7 9
8 7
8 9
8 6
8 10
8 32
9 8
9 7
9 38
9 14
10 11
10 8
10 34
11 10
11 12
11 23
11 32
12 11
12 13
12 14
13 12
13 15
13 26
13 34
14 15
14 12
14 9
14 22
14 29
15 14
15 16
15 13
15 17
16 15
16 17
16 18
16 26
17 16
17 18
17 15
17 38
18 17
18 16
18 20
18 25
19 20
19 21
20 19
20 21
20 18
20 22
21 20
21 22
21 19
21 23
21 0
22 21
22 23
22 20
22 24
22 14
22 26
23 22
23 24
23 21
23 25
23 11
24 23
24 25
24 22
24 34
25 24
25 26
25 23
25 27
25 18
26 25
26 13
26 16
26 22
27 28
27 25
27 29
28 27
28 30
28 36
29 30
29 27
29 5
29 14
30 29
30 31
30 28
30 32
31 30
31 32
31 33
32 31
32 30
32 8
32 2
32 11
33 34
33 31
33 35
34 33
34 35
34 10
34 24
34 13
35 34
35 36
35 33
35 37
36 35
36 37
36 38
36 28
36 4
37 36
37 38
37 35
37 39
38 37
38 39
38 36
38 0
38 9
38 17
39 38
39 37
39 1
39 5
