0.039087 0.049236 0.065493 0.009753 0.031115 0.062431 0.029361 0.043395 0.052050 0.050069 0.041020 0.053402 0.030225 0.061938 0.045259 0.049735 0.039222 0.065424 0.034202 0.045048 0.065313 0.076515 0.060872 0.059125 0.080528 0.061043 0.049391 0.040927 0.039350 0.038734 0.044343 0.032846 0.071137 0.067982 0.081966 0.068795 0.088587 0.091479 0.118102 0.056840
0.096659 0.070035 0.066968 0.098371 0.060172 0.101043 0.051083 0.085564 0.069293 0.107543 0.100254 0.060910 0.032913 0.051682 0.079276 0.051167 0.073051 0.053319 0.055179 0.020974 0.049999 0.057279 0.061726 0.069013 0.071304 0.099219 0.054048 0.065518 0.088675 0.072246 0.062668 0.044984 0.059129 0.058802 0.088380 0.089148 0.111555 0.122031 0.137658 0.134245
0.116284 0.120089 0.094004 0.090687 0.085946 0.124523 0.104147 0.108254 0.087153 0.106334 0.061087 0.085677 0.053328 0.096738 0.095045 0.081885 0.064936 0.085726 0.069036 0.049181 0.080905 0.070479 0.095593 0.109190 0.119557 0.103643 0.117842 0.081903 0.057001 0.083306 0.084363 0.077735 0.115858 0.085502 0.102520 0.071482 0.108142 0.069996 0.117608 0.112257
0.141930 0.120406 0.094049 0.119885 0.087254 0.159946 0.085981 0.144603 0.126682 0.173578 0.104608 0.124365 0.105246 0.099134 0.142614 0.073310 0.112136 0.086699 0.097372 0.061570 0.054830 0.084037 0.130535 0.124811 0.103603 0.130035 0.106040 0.098759 0.095965 0.142569 0.105181 0.117382 0.126246 0.070963 0.083106 0.076150 0.122618 0.082896 0.150388 0.123226
0.098720 0.082548 0.087180 0.133092 0.069028 0.176349 0.081933 0.102306 0.103617 0.158596 0.111925 0.095359 0.099053 0.092568 0.110234 0.081687 0.092357 0.081921 0.101880 0.066868 0.076550 0.062031 0.118646 0.080494 0.095933 0.108481 0.089810 0.120151 0.095665 0.104723 0.092171 0.096787 0.093637 0.084619 0.089778 0.112736 0.171061 0.089838 0.138777 0.107821
0.085579 0.051873 0.089096 0.112409 0.070471 0.118530 0.079173 0.135774 0.124351 0.152756 0.107684 0.103523 0.077105 0.064830 0.117469 0.050659 0.110423 0.063702 0.104621 0.093799 0.117257 0.113100 0.137463 0.097496 0.091465 0.107377 0.107058 0.101714 0.089983 0.123152 0.077422 0.075095 0.083370 0.076450 0.094225 0.090698 0.099856 0.063735 0.107222 0.103454
0.069493 0.053809 0.040622 0.051315 0.042315 0.047184 0.062635 0.114879 0.110431 0.076102 0.069069 0.070603 0.047152 0.070461 0.078498 0.049674 0.089121 0.050202 0.078767 0.065746 0.106778 0.115051 0.146396 0.140609 0.114269 0.113319 0.095832 0.060283 0.031881 0.060336 0.038876 0.024542 0.068577 0.040916 0.082566 0.046135 0.047057 0.037325 0.057499 0.037131
0.069154 0.037426 0.066436 0.065989 0.056756 0.098327 0.090456 0.077580 0.115698 0.124884 0.079043 0.069586 0.067669 0.097060 0.089237 0.046804 0.099571 0.064439 0.084610 0.073712 0.137009 0.101999 0.157776 0.104702 0.111386 0.118331 0.080733 0.084234 0.038156 0.037954 0.059441 0.034805 0.069774 0.057957 0.090330 0.077321 0.094627 0.042163 0.071621 0.069459
0.102483 0.075351 0.088739 0.111177 0.066883 0.125674 0.112293 0.161690 0.155324 0.163537 0.126912 0.110331 0.081923 0.099619 0.128256 0.065877 0.119959 0.071411 0.115617 0.093000 0.129578 0.133425 0.186714 0.145365 0.135435 0.145849 0.139712 0.116964 0.083384 0.112218 0.088166 0.065864 0.114581 0.078849 0.116774 0.088172 0.122605 0.068039 0.113061 0.095087
0.069205 0.072847 0.065821 0.065529 0.055612 0.100619 0.066614 0.097108 0.112944 0.089923 0.073966 0.069576 0.046899 0.084114 0.088939 0.064543 0.057631 0.072765 0.057205 0.029185 0.054283 0.077881 0.107730 0.076022 0.101674 0.107630 0.075248 0.080385 0.060613 0.042203 0.083138 0.052440 0.068863 0.075319 0.097637 0.093985 0.124028 0.066017 0.125462 0.078444
0.078828 0.050339 0.057291 0.057316 0.063438 0.095750 0.062401 0.085875 0.108033 0.095576 0.084244 0.090093 0.052326 0.084487 0.084449 0.062886 0.082328 0.068396 0.069798 0.047469 0.092815 0.100985 0.129453 0.109276 0.105348 0.139249 0.068280 0.075456 0.068372 0.058869 0.065810 0.057702 0.081510 0.063207 0.124650 0.096365 0.111061 0.078369 0.120099 0.084764
0.114747 0.082180 0.070089 0.062914 0.091856 0.100660 0.056991 0.081504 0.095258 0.112051 0.086501 0.093518 0.100700 0.077916 0.104776 0.081558 0.110871 0.082289 0.101460 0.065584 0.076784 0.090940 0.125638 0.165326 0.108122 0.134266 0.066304 0.071177 0.058884 0.094061 0.067978 0.090983 0.107537 0.058851 0.100851 0.105540 0.104792 0.098760 0.140437 0.100249
0.038664 0.032807 0.035306 0.024025 0.037198 0.052757 0.024469 0.049778 0.042846 0.040742 0.032773 0.074926 0.040747 0.094544 0.086635 0.065969 0.069328 0.058620 0.051015 0.053697 0.084608 0.073514 0.099611 0.068542 0.083794 0.082094 0.061643 0.058594 0.034846 0.042291 0.037677 0.026056 0.051274 0.049771 0.065519 0.040738 0.054314 0.041387 0.052405 0.033643
0.090674 0.076871 0.069471 0.088145 0.061943 0.101771 0.090065 0.089725 0.109960 0.109872 0.090871 0.062420 0.074000 0.115322 0.104400 0.078290 0.101610 0.075387 0.096545 0.086024 0.117170 0.088752 0.159208 0.112630 0.135076 0.124480 0.139569 0.103457 0.055265 0.063201 0.083100 0.029843 0.064263 0.071553 0.108998 0.088669 0.120390 0.060481 0.079700 0.073573
0.062856 0.031842 0.023957 0.050588 0.041110 0.062303 0.046035 0.048758 0.038233 0.087941 0.045372 0.048386 0.041646 0.054507 0.057369 0.055456 0.055463 0.033868 0.042219 0.022163 0.089692 0.080364 0.108338 0.078180 0.062767 0.084832 0.049608 0.042564 0.032750 0.062946 0.023359 0.017761 0.038272 0.020129 0.051455 0.043463 0.061764 0.037859 0.055228 0.054978
0.024609 0.006921 0.015072 0.008789 0.018481 0.032463 0.020435 0.036887 0.031662 0.035659 0.036580 0.040616 0.014816 0.066119 0.064349 0.024302 0.056311 0.035230 0.032608 0.029942 0.058831 0.051355 0.061894 0.052649 0.046270 0.045798 0.029715 0.024252 0.016527 0.020639 0.020258 0.001163 0.025661 0.024749 0.020710 0.021352 0.014250 0.015252 0.025452 0.011233
0.029413 0.020790 0.018568 0.025894 0.025001 0.044740 0.019155 0.017910 0.014638 0.016671 0.026827 0.031708 0.021810 0.025665 0.026832 0.055241 0.029845 0.043753 0.050188 0.025801 0.036842 0.029850 0.054468 0.061833 0.038005 0.061716 0.049595 0.037849 0.029448 0.035491 0.023552 0.036999 0.038299 0.021222 0.061875 0.050418 0.058207 0.039443 0.051429 0.026732
0.098608 0.069886 0.087625 0.098144 0.096978 0.117980 0.070029 0.089072 0.107894 0.128032 0.120790 0.092372 0.080661 0.088924 0.115791 0.097441 0.129221 0.092430 0.110420 0.080254 0.113005 0.096079 0.140147 0.129247 0.114735 0.133178 0.085654 0.104313 0.087708 0.096003 0.097878 0.067829 0.079923 0.087654 0.115264 0.142056 0.149733 0.119291 0.156722 0.113894
0.063173 0.030355 0.033366 0.037423 0.042871 0.044209 0.035818 0.069775 0.069612 0.068163 0.050092 0.070425 0.048857 0.069996 0.072482 0.050794 0.101083 0.062554 0.081523 0.064799 0.135863 0.133736 0.160048 0.138827 0.106868 0.132949 0.078716 0.053863 0.030738 0.046625 0.029080 0.026058 0.050728 0.032654 0.076010 0.047706 0.033581 0.032392 0.048656 0.036908
0.094322 0.046421 0.064903 0.062670 0.063288 0.084519 0.078884 0.089761 0.107678 0.117706 0.084947 0.090877 0.079597 0.097407 0.109558 0.068421 0.110841 0.072852 0.108122 0.094919 0.176961 0.167139 0.207417 0.171051 0.149500 0.169801 0.111330 0.085713 0.053470 0.066203 0.052005 0.041932 0.072418 0.061209 0.113183 0.090583 0.089362 0.065889 0.087387 0.077502
0.046919 0.013765 0.023524 0.014490 0.022059 0.023078 0.028431 0.063006 0.063728 0.049930 0.044782 0.072222 0.046068 0.073235 0.071962 0.045631 0.088605 0.052395 0.082446 0.069763 0.123092 0.137451 0.169890 0.136530 0.116912 0.136045 0.083280 0.051829 0.026785 0.034371 0.024768 0.018986 0.044792 0.029153 0.074076 0.028325 0.022394 0.014296 0.032074 0.018808
0.087944 0.044142 0.061650 0.062079 0.067974 0.080029 0.069568 0.083081 0.100786 0.100215 0.082791 0.091748 0.078943 0.095432 0.103957 0.073736 0.117542 0.077370 0.116150 0.104195 0.169874 0.151282 0.196122 0.173286 0.141906 0.162032 0.109700 0.085625 0.051631 0.068316 0.050471 0.047765 0.072661 0.063182 0.114111 0.096459 0.082084 0.064933 0.078822 0.063930
0.063913 0.025312 0.029590 0.029130 0.036642 0.033723 0.042228 0.071178 0.059850 0.069706 0.055674 0.073602 0.051120 0.060453 0.078275 0.052925 0.083383 0.050681 0.087307 0.075900 0.140616 0.156510 0.166041 0.160405 0.122039 0.143212 0.092553 0.047407 0.032630 0.057389 0.022417 0.014157 0.048507 0.031182 0.075482 0.042738 0.027247 0.036402 0.047610 0.038407
0.091462 0.060629 0.051438 0.060253 0.059556 0.085736 0.075860 0.102829 0.104431 0.097525 0.078726 0.099275 0.071289 0.092271 0.101286 0.082250 0.094765 0.077814 0.103664 0.080277 0.150589 0.165456 0.207188 0.181577 0.155447 0.180640 0.118826 0.085665 0.051582 0.071158 0.050624 0.048067 0.076780 0.056341 0.114813 0.083932 0.093113 0.060972 0.096432 0.067806
0.112233 0.084280 0.068548 0.075517 0.081792 0.104078 0.076153 0.114532 0.121184 0.115938 0.103132 0.105682 0.080448 0.108582 0.118578 0.092371 0.117415 0.092077 0.107084 0.083986 0.143680 0.155342 0.201753 0.181896 0.159120 0.187165 0.124537 0.098061 0.074155 0.090037 0.076183 0.057266 0.094907 0.076304 0.147167 0.117886 0.129372 0.101745 0.138210 0.096506
0.089223 0.052742 0.061685 0.075880 0.055340 0.089574 0.097029 0.101977 0.108940 0.115012 0.086492 0.084060 0.076340 0.100800 0.106513 0.070887 0.105875 0.070916 0.118837 0.099040 0.170491 0.151238 0.203423 0.171424 0.159133 0.162981 0.134634 0.094379 0.042517 0.059600 0.051521 0.026688 0.072021 0.061583 0.105756 0.074314 0.079645 0.046244 0.069266 0.066580
0.080725 0.054727 0.038093 0.048713 0.041080 0.073245 0.066603 0.093762 0.096448 0.088156 0.068273 0.076560 0.066893 0.102194 0.091360 0.065408 0.108439 0.066136 0.090847 0.072072 0.128730 0.131536 0.200720 0.155831 0.134756 0.154715 0.115067 0.076671 0.033362 0.049722 0.043402 0.024718 0.069744 0.037927 0.090141 0.044248 0.069019 0.036044 0.056406 0.043262
0.067836 0.041900 0.036606 0.052469 0.050456 0.058831 0.036404 0.061138 0.041300 0.058442 0.064247 0.053206 0.035767 0.050445 0.070461 0.065841 0.054019 0.053437 0.064056 0.044758 0.076544 0.094501 0.089162 0.096929 0.086834 0.114829 0.081920 0.048855 0.066454 0.077696 0.037647 0.036354 0.046902 0.049272 0.088391 0.080084 0.065114 0.063907 0.070145 0.055901
0.085006 0.092193 0.091325 0.095533 0.079206 0.151739 0.073821 0.122878 0.116301 0.121848 0.113146 0.122320 0.072329 0.109326 0.115171 0.105570 0.090846 0.102487 0.087965 0.066763 0.076057 0.091825 0.133811 0.088462 0.115301 0.126132 0.108816 0.123520 0.112404 0.105402 0.123164 0.098390 0.111561 0.107909 0.130381 0.128277 0.188382 0.109366 0.181792 0.111954
0.113067 0.092715 0.096356 0.104723 0.091829 0.160184 0.113845 0.080988 0.101867 0.141661 0.089481 0.077462 0.080183 0.123413 0.116417 0.087322 0.099590 0.097280 0.094179 0.062380 0.080791 0.054546 0.118480 0.105033 0.109372 0.118058 0.114814 0.102523 0.067572 0.084549 0.103893 0.067767 0.087596 0.089719 0.113020 0.116907 0.153320 0.074932 0.128691 0.114894
0.153212 0.121092 0.135376 0.122257 0.123954 0.178556 0.119778 0.143131 0.147197 0.186453 0.139067 0.156148 0.120528 0.104015 0.149099 0.126701 0.121048 0.108596 0.120733 0.113605 0.113366 0.132031 0.155678 0.140717 0.148005 0.174544 0.131928 0.138049 0.150500 0.174998 0.153220 0.170111 0.180870 0.120408 0.165938 0.142626 0.179124 0.133246 0.178177 0.182664
0.150621 0.117571 0.135816 0.111705 0.112658 0.174195 0.120857 0.135688 0.134743 0.189419 0.129306 0.143832 0.114345 0.109248 0.145246 0.112309 0.118760 0.105080 0.108627 0.117282 0.115606 0.130993 0.138937 0.125039 0.147264 0.152214 0.131262 0.121787 0.134771 0.168177 0.147082 0.145163 0.170618 0.123253 0.145775 0.119484 0.158371 0.126794 0.161848 0.173282
0.143414 0.117009 0.138030 0.110835 0.116594 0.156955 0.102412 0.138732 0.142619 0.175929 0.125716 0.150634 0.121702 0.091602 0.143415 0.112201 0.122007 0.101504 0.111918 0.119251 0.102932 0.129055 0.137528 0.126357 0.137550 0.154712 0.120220 0.123664 0.142225 0.168222 0.149332 0.166113 0.172612 0.116877 0.146032 0.123496 0.145778 0.120171 0.153478 0.169902
0.086968 0.093339 0.087794 0.069261 0.091838 0.135143 0.059942 0.093923 0.088173 0.102542 0.092724 0.107550 0.090367 0.086127 0.075323 0.096875 0.089476 0.096508 0.069730 0.083024 0.097000 0.105009 0.118736 0.098070 0.098709 0.122301 0.094101 0.097475 0.115897 0.118204 0.091860 0.116771 0.122990 0.116564 0.166707 0.170295 0.174034 0.163548 0.177610 0.129549
0.084017 0.061984 0.084713 0.063222 0.073427 0.108618 0.056018 0.060693 0.098956 0.102353 0.102006 0.076009 0.074401 0.113273 0.094642 0.071140 0.103034 0.092508 0.081308 0.074487 0.103491 0.082854 0.123246 0.097613 0.113492 0.115536 0.076115 0.086226 0.079376 0.062721 0.082227 0.060980 0.077946 0.099921 0.138185 0.149340 0.147503 0.115213 0.140520 0.088496
0.084963 0.072478 0.065073 0.059291 0.071035 0.110319 0.044419 0.048505 0.078134 0.084206 0.080797 0.064685 0.055011 0.081182 0.064857 0.067846 0.061121 0.080720 0.047503 0.034613 0.059069 0.056871 0.087588 0.065306 0.080593 0.099529 0.051289 0.067926 0.079268 0.058683 0.078062 0.069000 0.070428 0.086271 0.132934 0.149240 0.179877 0.138408 0.167394 0.109237
0.102712 0.085175 0.092228 0.084347 0.101607 0.126041 0.061153 0.059021 0.095994 0.114161 0.098482 0.068377 0.081129 0.089413 0.089710 0.076607 0.093298 0.095605 0.076422 0.069271 0.100002 0.071078 0.103125 0.095181 0.096972 0.109050 0.070217 0.083350 0.086706 0.077425 0.084149 0.070825 0.077318 0.102014 0.138295 0.183259 0.179191 0.157953 0.172047 0.125742
0.105898 0.087334 0.076941 0.072674 0.083798 0.123730 0.056968 0.065952 0.080899 0.106706 0.082755 0.064984 0.065496 0.066862 0.071079 0.076429 0.057814 0.091269 0.052441 0.047736 0.083613 0.085634 0.092558 0.092206 0.092104 0.115474 0.064039 0.065075 0.083341 0.072867 0.072677 0.065153 0.073645 0.084308 0.118773 0.154902 0.185197 0.163029 0.189097 0.140655
0.116360 0.093087 0.096621 0.090749 0.091160 0.142850 0.069907 0.062783 0.092737 0.129005 0.090356 0.065330 0.076426 0.081647 0.081706 0.076829 0.076082 0.100307 0.065061 0.062138 0.103718 0.081363 0.104439 0.092626 0.097275 0.113834 0.072226 0.078441 0.084641 0.073806 0.082120 0.067003 0.080788 0.094378 0.120541 0.161372 0.194859 0.163897 0.181928 0.147736
0.109956 0.091358 0.098888 0.091867 0.085754 0.132452 0.059963 0.073206 0.092345 0.123955 0.099382 0.070350 0.073221 0.068649 0.086254 0.076907 0.085962 0.096540 0.072099 0.066861 0.087922 0.078429 0.095038 0.093794 0.097556 0.114572 0.070297 0.081209 0.093083 0.083170 0.084044 0.066794 0.071310 0.093242 0.115189 0.155707 0.182136 0.173899 0.189899 0.150309
