0.007268 0.007128 0.010502 0.001712 0.004337 0.009177 0.002654 0.006625 0.008079 0.010856 0.007378 0.006656 0.004243 0.006166 0.006784 0.005245 0.004445 0.009139 0.005267 0.002437 0.007341 0.015661 0.011580 0.011340 0.008618 0.012149 0.004429 0.004358 0.007324 0.005997 0.006074 0.006693 0.008684 0.008248 0.012761 0.015172 0.017456 0.016625 0.024471 0.012392
0.006810 0.005883 0.008547 0.008726 0.002213 0.009909 0.001200 0.002400 0.001744 0.007924 0.005526 0.000828 0.002510 0.002576 0.002437 0.003700 0.002175 0.007805 0.003765 -0.000021 -0.000052 0.001141 0.001138 0.003794 0.002336 0.002407 0.001195 0.003145 0.003719 0.001723 0.003132 0.003827 0.004966 0.003751 0.005523 0.009982 0.015985 0.016954 0.015532 0.015291
0.003842 0.003951 0.003119 0.001455 0.001973 0.001912 -0.000004 -0.000005 0.002029 0.001967 -0.000008 0.001919 -0.000003 -0.000008 -0.000005 -0.000004 -0.000006 0.001916 -0.000003 -0.000002 -0.000006 -0.000006 -0.000008 -0.000008 -0.000005 -0.000008 -0.000001 -0.000005 0.002029 0.002031 0.002911 0.002913 0.004237 0.001970 -0.000008 -0.000013 0.001906 0.001962 -0.000014 0.001913
0.005694 0.004531 0.003694 0.002370 0.003774 0.007060 0.001363 -0.000022 0.003104 0.005676 0.002673 0.002611 0.001865 0.005572 0.002847 0.001860 0.005286 0.004434 0.000915 0.000941 0.003946 0.000901 0.003926 0.002697 0.001356 0.002703 -0.000020 0.001304 0.003051 0.002620 0.003845 0.002362 0.004927 0.002884 -0.000032 0.002667 0.003395 0.004219 0.001907 0.002876
0.004891 0.003542 0.003673 0.008331 0.002861 0.013432 0.002477 0.001328 0.002184 0.009345 0.006044 0.004045 0.004064 0.007763 0.003720 0.006334 0.007572 0.005041 0.003732 0.000804 0.003382 0.000754 0.005113 0.003508 0.002335 0.002303 -0.000033 0.005428 0.003173 0.004112 0.007482 0.003211 0.005354 0.005746 0.003204 0.006851 0.018629 0.009009 0.009297 0.005963
0.001099 0.000467 0.001101 0.001161 0.001564 0.001000 0.001578 0.003111 0.003187 0.002392 0.001563 0.002905 0.001033 0.002613 0.003133 0.001642 0.003379 0.001802 0.002379 0.001962 0.003415 0.003740 0.003918 0.003699 0.003113 0.002891 0.002201 0.002119 0.000487 0.002072 0.001845 0.000235 0.002504 0.001553 0.001953 0.000822 0.001167 0.000297 0.002355 0.001492
0.005021 0.001573 0.003664 0.001373 0.002363 0.003151 0.004234 0.011822 0.013669 0.006370 0.006463 0.008555 0.004065 0.007816 0.007609 0.003994 0.008160 0.004570 0.007924 0.006828 0.011710 0.013445 0.015759 0.013407 0.011769 0.012553 0.007328 0.005045 0.004035 0.004340 0.003452 0.003133 0.005642 0.004207 0.008490 0.004462 0.003695 0.003358 0.005935 0.002645
0.005040 0.002212 0.003554 0.002263 0.003660 0.008474 0.004941 0.005443 0.007614 0.009845 0.006583 0.006325 0.004186 0.010491 0.007282 0.003733 0.011379 0.006496 0.005739 0.005536 0.012020 0.009191 0.013119 0.010992 0.008030 0.010024 0.004212 0.004485 0.002482 0.003043 0.003808 0.000396 0.005377 0.003321 0.004151 0.004326 0.003532 0.003694 0.005082 0.002904
0.003622 0.001384 0.004979 0.003332 0.002374 0.005269 0.005758 0.009045 0.008224 0.007760 0.008006 0.007242 0.003462 0.006628 0.007302 0.004224 0.006589 0.004517 0.007502 0.004796 0.007566 0.009833 0.011097 0.010881 0.008909 0.010300 0.006586 0.005963 0.005300 0.005317 0.006087 0.004372 0.009507 0.005193 0.007515 0.004647 0.006390 0.003528 0.006344 0.003269
0.002909 0.002432 0.005711 0.002039 0.003262 0.004265 0.002301 0.007037 0.008272 0.004220 0.005843 0.005425 0.002560 0.004459 0.006217 0.004308 0.003852 0.004079 0.005101 0.001904 0.003976 0.005763 0.006094 0.007367 0.004876 0.006337 0.002936 0.004426 0.005386 0.004161 0.005072 0.006121 0.007132 0.004925 0.008362 0.008069 0.008028 0.007633 0.012974 0.005473
0.003800 0.002319 0.005598 0.002114 0.003223 0.005067 0.004048 0.008355 0.010087 0.006950 0.007068 0.007177 0.003663 0.005821 0.006472 0.004405 0.006625 0.005035 0.006913 0.004067 0.007762 0.009588 0.010781 0.010945 0.008012 0.009541 0.004556 0.005146 0.004632 0.004144 0.004816 0.005020 0.007778 0.004510 0.009538 0.007087 0.006974 0.006500 0.011298 0.004962
0.006578 0.003567 0.006454 0.004488 0.004771 0.010068 0.003150 0.004748 0.007210 0.008368 0.010119 0.005215 0.006344 0.009212 0.006419 0.006952 0.010942 0.007012 0.007672 0.003490 0.008839 0.007908 0.011863 0.012459 0.007900 0.009814 0.003093 0.005907 0.005514 0.003804 0.005354 0.005508 0.008577 0.005757 0.008850 0.011202 0.011347 0.011020 0.014505 0.007349
0.005291 0.001581 0.002296 0.003720 0.003022 0.008112 0.002562 0.003811 0.003889 0.011023 0.004874 0.014408 0.007814 0.018914 0.015943 0.011318 0.011734 0.005668 0.007136 0.004704 0.010517 0.007756 0.016903 0.009049 0.007228 0.008738 0.004627 0.006289 0.003154 0.008670 0.004807 0.000519 0.003529 0.003397 0.003616 0.003762 0.006919 0.003414 0.005436 0.002241
0.002864 0.000446 0.000615 0.000594 0.000428 0.000625 0.001147 0.003516 0.002103 0.001833 0.002898 0.003318 0.002204 0.004184 0.004290 0.002893 0.003732 0.002578 0.004642 0.003818 0.005773 0.006801 0.007970 0.006829 0.006753 0.007073 0.005878 0.002223 0.002443 0.002367 0.000863 0.000689 0.001669 0.001786 0.004266 0.001412 0.000535 0.000759 0.000475 0.000587
0.005394 0.002871 0.003100 0.003769 0.002841 0.009959 0.001976 0.001171 0.002246 0.014308 0.003697 0.009990 0.009093 0.013379 0.010723 0.012670 0.010416 0.005712 0.005339 0.002923 0.010392 0.009940 0.018336 0.008703 0.006276 0.010574 0.003197 0.005316 0.003333 0.011233 0.003854 0.000102 0.002346 0.001707 0.003112 0.004443 0.009800 0.005119 0.007802 0.003881
0.006944 0.002863 0.003957 0.002779 0.005039 0.010979 0.004843 0.005567 0.006534 0.010013 0.008502 0.007083 0.004845 0.015390 0.012387 0.006063 0.013847 0.008509 0.006133 0.005729 0.013411 0.008835 0.014124 0.011146 0.008703 0.010314 0.004789 0.005379 0.004193 0.004375 0.004622 0.000596 0.005449 0.005235 0.003562 0.006437 0.004795 0.005463 0.006216 0.003589
0.002567 0.001971 0.004512 0.002347 0.002189 0.004491 0.002059 0.004574 0.003434 0.003254 0.004840 0.002559 0.002896 0.002725 0.004918 0.005730 0.003246 0.005007 0.006220 0.001358 0.002551 0.004792 0.005219 0.007372 0.003948 0.006689 0.004770 0.004110 0.004906 0.003310 0.003658 0.004369 0.006326 0.003387 0.008292 0.006524 0.006629 0.006662 0.009701 0.005086
0.005895 0.003377 0.005774 0.005883 0.004775 0.010939 0.002861 0.005065 0.006863 0.009009 0.008840 0.006935 0.006426 0.010435 0.008255 0.009609 0.011789 0.006942 0.008703 0.003296 0.008145 0.007271 0.012103 0.011059 0.007242 0.008720 0.003094 0.007538 0.005245 0.005592 0.007113 0.005025 0.007851 0.005816 0.008212 0.010265 0.014469 0.010120 0.015823 0.007487
0.007036 0.002135 0.003327 0.002326 0.003302 0.007700 0.004330 0.005450 0.006962 0.008958 0.006418 0.008591 0.005864 0.012059 0.009256 0.006026 0.014847 0.008142 0.009928 0.008604 0.017879 0.015260 0.021101 0.017371 0.012681 0.015782 0.008385 0.006446 0.002860 0.003961 0.003510 0.000645 0.005692 0.003374 0.006840 0.003838 0.003448 0.003624 0.005074 0.002835
0.008372 0.003317 0.005023 0.001981 0.003449 0.007699 0.004141 0.007599 0.009069 0.010521 0.008025 0.010487 0.007049 0.012261 0.010762 0.007255 0.013695 0.008542 0.010156 0.009077 0.019046 0.020539 0.024091 0.019649 0.015590 0.019761 0.009779 0.006705 0.005445 0.006744 0.004034 0.002739 0.006428 0.004645 0.009923 0.006639 0.006648 0.006312 0.009077 0.004653
0.006253 0.001070 0.002424 0.001684 0.001850 0.002912 0.004120 0.008056 0.006922 0.006827 0.006649 0.009547 0.005362 0.009887 0.009261 0.005639 0.011987 0.006270 0.011702 0.009974 0.017489 0.018565 0.022284 0.019069 0.015843 0.017374 0.011856 0.006520 0.003413 0.004543 0.002741 0.001054 0.005828 0.003565 0.009163 0.002613 0.002006 0.001540 0.003553 0.001834
0.007911 0.002476 0.004220 0.002028 0.003562 0.007011 0.004290 0.007786 0.009296 0.008893 0.008304 0.009978 0.006325 0.012550 0.010248 0.006553 0.014245 0.007945 0.010538 0.009230 0.017720 0.017307 0.022591 0.018732 0.014557 0.017189 0.009021 0.006926 0.004681 0.005089 0.004168 0.002803 0.006637 0.004845 0.009394 0.005927 0.005014 0.005145 0.007280 0.003478
0.006536 0.002038 0.003296 0.001542 0.001694 0.003761 0.003768 0.007212 0.006344 0.008262 0.005947 0.009775 0.005891 0.008989 0.009445 0.006216 0.010985 0.006877 0.010480 0.009165 0.017683 0.021675 0.023480 0.019252 0.016289 0.019682 0.011595 0.006104 0.004129 0.006249 0.002476 0.000958 0.005272 0.003259 0.009288 0.003389 0.003966 0.002928 0.005567 0.003210
0.006440 0.002369 0.004116 0.001323 0.002112 0.003786 0.003161 0.007467 0.008067 0.007693 0.006100 0.009808 0.005627 0.008317 0.008627 0.005873 0.010008 0.006361 0.009351 0.008109 0.015948 0.019575 0.020941 0.017910 0.014873 0.017643 0.009793 0.005792 0.004569 0.006084 0.003074 0.002725 0.005433 0.003728 0.009846 0.004772 0.005240 0.004392 0.007620 0.003679
0.006761 0.003518 0.005925 0.001879 0.003465 0.005630 0.003472 0.007885 0.008012 0.008656 0.007889 0.008997 0.005559 0.008961 0.008882 0.006533 0.009187 0.007562 0.009449 0.006704 0.013401 0.018043 0.019270 0.017372 0.014214 0.017289 0.009073 0.006078 0.006545 0.006345 0.004620 0.004479 0.007798 0.006320 0.012918 0.009024 0.008784 0.008759 0.012709 0.006216
0.005313 0.000935 0.002142 0.001472 0.001635 0.002529 0.003504 0.006833 0.006064 0.005864 0.005576 0.008042 0.004446 0.008621 0.008041 0.004792 0.010226 0.005403 0.009603 0.008418 0.013986 0.015451 0.018657 0.016096 0.013372 0.015173 0.009795 0.005578 0.002931 0.004015 0.002363 0.000918 0.004972 0.003041 0.007683 0.002229 0.001748 0.001342 0.003130 0.001598
0.007294 0.001776 0.002712 0.001869 0.002651 0.006459 0.004146 0.005677 0.006040 0.008650 0.007412 0.007781 0.006147 0.012161 0.008885 0.006089 0.013552 0.007011 0.009886 0.008556 0.016716 0.014940 0.020929 0.017373 0.013570 0.016403 0.009503 0.005811 0.003920 0.004252 0.002547 0.000815 0.005218 0.003254 0.007314 0.004044 0.002706 0.003351 0.003477 0.002109
0.004522 0.002538 0.004329 0.001695 0.001719 0.004337 0.002648 0.006042 0.003927 0.006426 0.006098 0.005511 0.004617 0.005190 0.007974 0.006155 0.004329 0.005220 0.006703 0.003370 0.007576 0.013465 0.011686 0.011037 0.009545 0.013133 0.007315 0.004301 0.006868 0.007251 0.002527 0.003106 0.005526 0.003822 0.009092 0.006634 0.007110 0.006642 0.009381 0.005463
0.002989 0.002378 0.006111 0.006427 0.003103 0.007896 0.002718 0.005821 0.006401 0.006656 0.007197 0.006532 0.003960 0.005660 0.005333 0.007131 0.005275 0.003543 0.006055 0.001220 0.002618 0.003794 0.005663 0.005819 0.004194 0.004125 0.001916 0.006887 0.005510 0.005613 0.009082 0.007105 0.008674 0.006276 0.007070 0.008453 0.015202 0.008155 0.013398 0.006051
0.003733 0.002408 0.004153 0.002416 0.003566 0.008282 0.002714 0.002664 0.003404 0.006454 0.005894 0.001981 0.003265 0.007441 0.005663 0.004556 0.006740 0.005191 0.003548 0.001010 0.004159 0.002312 0.005399 0.005599 0.002475 0.005612 0.001316 0.003340 0.004478 0.003266 0.003493 0.002666 0.005383 0.003265 0.003873 0.006837 0.006028 0.006825 0.008180 0.004352
0.004062 0.003790 0.006277 0.003098 0.002995 0.005000 0.002115 0.004518 0.006414 0.004264 0.004256 0.004711 0.001621 0.001597 0.002531 0.002510 0.001319 0.003109 0.002531 0.000478 0.001339 0.002404 0.002919 0.003367 0.001644 0.003236 0.000921 0.003196 0.005386 0.004555 0.007589 0.008145 0.009929 0.004941 0.004690 0.004678 0.008397 0.005915 0.007187 0.004295
0.003702 0.003942 0.004841 0.002679 0.003155 0.004137 0.001801 0.002610 0.003445 0.004379 0.003022 0.003962 0.000067 0.002515 0.001694 0.000356 0.001295 0.003232 0.000834 0.000763 0.001300 0.002608 0.002349 0.002450 0.002119 0.002102 0.000998 0.002169 0.003680 0.003182 0.007297 0.005167 0.008179 0.006172 0.003178 0.003795 0.006863 0.004783 0.004677 0.003547
0.003793 0.003441 0.004861 0.002377 0.002222 0.003508 0.001326 0.002908 0.005582 0.003229 0.002423 0.004460 0.000770 0.000744 0.000741 0.000745 0.000738 0.001933 0.000751 0.000544 0.001527 0.001635 0.002261 0.001608 0.001069 0.001516 -0.000018 0.002066 0.003574 0.003482 0.006767 0.006904 0.007866 0.003947 0.002189 0.002152 0.006293 0.003505 0.003324 0.002489
0.003866 0.003551 0.005881 0.003232 0.003832 0.006242 0.000997 0.003461 0.004441 0.004315 0.006925 0.002331 0.002884 0.004054 0.002707 0.003803 0.002555 0.004193 0.003889 0.000504 0.001424 0.003855 0.004383 0.006074 0.004027 0.004655 0.000972 0.003322 0.005611 0.002134 0.005148 0.006525 0.006698 0.007758 0.009976 0.012663 0.012740 0.012828 0.015560 0.008066
0.007568 0.004735 0.007481 0.004217 0.005784 0.010642 0.003842 0.007204 0.008064 0.009972 0.012279 0.006457 0.005742 0.012182 0.008793 0.006573 0.010089 0.008396 0.008044 0.004362 0.009070 0.010356 0.013255 0.013404 0.010743 0.011393 0.004883 0.006428 0.007925 0.004671 0.007010 0.006237 0.009653 0.010126 0.012833 0.015366 0.013980 0.014128 0.017678 0.009069
0.005544 0.005345 0.006042 0.004864 0.004053 0.009297 0.001024 0.003650 0.004569 0.006209 0.007459 0.002434 0.002963 0.004330 0.002815 0.003951 0.002659 0.006025 0.003998 0.000525 0.001479 0.003965 0.004499 0.006340 0.004294 0.004841 0.001024 0.003463 0.005887 0.002281 0.005233 0.006630 0.006712 0.009344 0.012385 0.015263 0.020279 0.017702 0.019445 0.011068
0.007201 0.005957 0.006417 0.003714 0.006624 0.011484 0.001966 0.003269 0.005151 0.008779 0.008634 0.002951 0.004123 0.008068 0.004715 0.005005 0.006551 0.008149 0.004365 0.001234 0.004411 0.004425 0.007219 0.007804 0.004898 0.006502 0.000897 0.004164 0.007779 0.002785 0.005687 0.005872 0.007080 0.007871 0.009451 0.017328 0.016597 0.018149 0.020587 0.011391
0.008984 0.009125 0.008628 0.005295 0.004499 0.012543 0.000807 0.002851 0.003598 0.010979 0.005667 0.002781 0.003190 0.003358 0.002854 0.003975 0.002066 0.010166 0.003162 0.000412 0.002875 0.008226 0.005462 0.006295 0.004632 0.006493 0.001664 0.002739 0.006775 0.003533 0.004026 0.005164 0.005249 0.007077 0.010158 0.018330 0.026122 0.023601 0.026914 0.018415
0.013397 0.012282 0.011626 0.007695 0.006315 0.017328 0.001564 0.002603 0.005094 0.015032 0.006814 0.004115 0.004074 0.006450 0.004364 0.004785 0.005221 0.013798 0.003456 0.000977 0.005093 0.008105 0.007446 0.007364 0.004997 0.007589 0.001505 0.003312 0.007951 0.004823 0.005934 0.006099 0.007703 0.008225 0.009195 0.018096 0.027621 0.027203 0.027079 0.021004
0.009917 0.011876 0.009514 0.006489 0.004187 0.015571 0.000747 0.002640 0.003352 0.011670 0.005173 0.002562 0.002957 0.003104 0.002620 0.003689 0.001912 0.011183 0.002927 0.000380 0.002666 0.007648 0.005053 0.005748 0.004195 0.006006 0.001530 0.002526 0.006225 0.003263 0.003741 0.004811 0.004930 0.006483 0.009382 0.016601 0.025767 0.027150 0.028279 0.019907
