0.036345 0.039278 0.052972 0.010619 0.028155 0.048555 0.026429 0.036424 0.043994 0.046802 0.037793 0.044185 0.027923 0.046302 0.038987 0.034822 0.035240 0.051834 0.030917 0.033456 0.048826 0.062440 0.052755 0.051187 0.055616 0.053917 0.035550 0.031643 0.035095 0.035042 0.038451 0.029256 0.048256 0.046546 0.059364 0.058038 0.065598 0.063800 0.084955 0.048875
0.070009 0.056599 0.056852 0.067995 0.047945 0.072073 0.035583 0.053444 0.051122 0.067008 0.063148 0.045741 0.032020 0.041494 0.055267 0.043943 0.048072 0.047916 0.045060 0.019815 0.033912 0.043904 0.041127 0.050601 0.052678 0.061650 0.041392 0.051322 0.058513 0.048563 0.044393 0.039478 0.050098 0.049828 0.063179 0.066387 0.078556 0.085965 0.087553 0.087906
0.067203 0.076041 0.065310 0.059240 0.059980 0.072234 0.064642 0.068751 0.060790 0.062462 0.048332 0.057942 0.043404 0.056786 0.060779 0.055955 0.048960 0.061367 0.054754 0.036522 0.048667 0.052561 0.061222 0.058397 0.068716 0.065939 0.069699 0.056121 0.046876 0.052104 0.060274 0.051802 0.070078 0.057654 0.065771 0.053755 0.066059 0.049082 0.069784 0.064081
0.083150 0.079965 0.070783 0.073939 0.064905 0.086125 0.056340 0.078654 0.081538 0.088193 0.065096 0.071385 0.065595 0.070443 0.084609 0.057432 0.067020 0.066971 0.068209 0.049782 0.044523 0.058023 0.077091 0.071559 0.065848 0.079759 0.063749 0.069958 0.055619 0.070161 0.073780 0.051552 0.083368 0.058453 0.061984 0.056472 0.078440 0.059159 0.081949 0.072753
0.070439 0.060595 0.059541 0.080654 0.054631 0.095161 0.051583 0.057721 0.062018 0.078710 0.072036 0.061993 0.062015 0.067793 0.071814 0.063524 0.059975 0.065527 0.068452 0.043354 0.046336 0.042405 0.070289 0.061565 0.060854 0.068000 0.054177 0.078982 0.058268 0.057974 0.068832 0.051109 0.069374 0.066248 0.063591 0.072642 0.098436 0.065498 0.085258 0.070154
0.061957 0.041725 0.056475 0.061724 0.054379 0.056598 0.054103 0.074409 0.076823 0.075129 0.065404 0.062215 0.050925 0.049833 0.075059 0.044160 0.066641 0.054161 0.071193 0.058734 0.064142 0.071193 0.083020 0.068463 0.064867 0.074151 0.070569 0.065624 0.051035 0.065308 0.053553 0.042625 0.064154 0.055415 0.064822 0.052667 0.053857 0.042626 0.065602 0.064340
0.056058 0.034503 0.036610 0.034406 0.034012 0.036800 0.050857 0.082949 0.081757 0.063062 0.059737 0.063474 0.043163 0.058536 0.065467 0.044148 0.072761 0.044689 0.068533 0.058396 0.081994 0.087766 0.103055 0.097851 0.087814 0.089376 0.071558 0.052010 0.029621 0.047419 0.035411 0.022412 0.057625 0.036915 0.071159 0.038143 0.038648 0.030351 0.047197 0.031365
0.056967 0.033539 0.045462 0.041395 0.046823 0.061302 0.058340 0.062279 0.078040 0.074662 0.063270 0.060656 0.052003 0.073935 0.068561 0.042843 0.076812 0.055913 0.063990 0.048498 0.085420 0.078245 0.097562 0.083089 0.081001 0.084058 0.060056 0.059487 0.034350 0.036061 0.047590 0.028058 0.060057 0.044609 0.064742 0.048432 0.047435 0.037128 0.055297 0.047701
0.077022 0.053717 0.065074 0.067672 0.053325 0.071256 0.078375 0.102171 0.101623 0.096135 0.090701 0.079910 0.062515 0.076621 0.092062 0.057535 0.082569 0.062049 0.089408 0.066893 0.083727 0.094379 0.115909 0.103294 0.096739 0.104407 0.095244 0.083973 0.056649 0.069567 0.067433 0.045400 0.090171 0.063409 0.089093 0.061163 0.073105 0.050554 0.074825 0.063078
0.056765 0.053113 0.057428 0.049194 0.047710 0.065531 0.045157 0.071797 0.079382 0.062015 0.061360 0.059978 0.041330 0.063820 0.070672 0.055619 0.051718 0.059214 0.052208 0.028399 0.044129 0.062693 0.070119 0.064459 0.072013 0.075330 0.054629 0.063608 0.049771 0.040099 0.066434 0.043665 0.059461 0.062790 0.075891 0.069943 0.079226 0.054238 0.087757 0.059904
0.066005 0.044376 0.052858 0.048257 0.054068 0.071428 0.048753 0.072292 0.085444 0.073355 0.071393 0.076586 0.047991 0.071210 0.070433 0.053230 0.071975 0.059795 0.063160 0.044238 0.074697 0.080210 0.088403 0.087293 0.083671 0.099700 0.057544 0.065026 0.056561 0.051527 0.054821 0.047512 0.070995 0.054723 0.091882 0.070405 0.071864 0.061561 0.085844 0.064153
0.074022 0.059786 0.058262 0.047558 0.068340 0.074658 0.046134 0.062812 0.072731 0.076950 0.071902 0.068747 0.071546 0.065006 0.072860 0.067319 0.083318 0.066443 0.078285 0.056346 0.065769 0.072554 0.089267 0.101409 0.082067 0.094950 0.052222 0.060611 0.047605 0.062396 0.054899 0.051679 0.080394 0.051519 0.079899 0.075252 0.076301 0.074273 0.093608 0.069148
0.036160 0.023925 0.026766 0.023360 0.031080 0.038872 0.022676 0.040156 0.035353 0.038322 0.030392 0.062069 0.036184 0.072095 0.070559 0.049190 0.058974 0.045532 0.045535 0.042036 0.062181 0.056666 0.072213 0.056402 0.056511 0.061398 0.044374 0.046263 0.030369 0.039958 0.031681 0.020255 0.032017 0.032765 0.043719 0.031090 0.038191 0.029790 0.037581 0.026999
0.071202 0.053889 0.046711 0.053381 0.048177 0.056684 0.054843 0.064861 0.069651 0.062729 0.069393 0.057141 0.059398 0.082667 0.080286 0.066179 0.075244 0.061217 0.074845 0.060158 0.074278 0.071665 0.100639 0.083341 0.095562 0.090961 0.094105 0.071401 0.046264 0.052404 0.061238 0.027811 0.050822 0.054605 0.082672 0.054960 0.062021 0.048657 0.054535 0.050884
0.047270 0.025380 0.022494 0.034394 0.032402 0.044272 0.030292 0.033015 0.029850 0.061860 0.035801 0.044446 0.039415 0.043508 0.049232 0.049769 0.047031 0.031837 0.037437 0.021110 0.063381 0.058525 0.072668 0.056149 0.048327 0.059712 0.038858 0.037018 0.028743 0.051455 0.021363 0.015495 0.032485 0.018750 0.041051 0.033164 0.042905 0.031234 0.041905 0.037932
0.024017 0.007770 0.015674 0.010003 0.018167 0.026823 0.020378 0.030145 0.028569 0.032909 0.033592 0.035232 0.014586 0.052028 0.050975 0.023393 0.046467 0.031904 0.030144 0.027753 0.048525 0.040772 0.050214 0.044452 0.038330 0.040496 0.026778 0.023651 0.016558 0.020779 0.019225 0.002141 0.024742 0.023611 0.020073 0.021809 0.015781 0.015226 0.023596 0.012443
0.027333 0.020085 0.018646 0.023184 0.020615 0.034551 0.017907 0.018420 0.015841 0.017965 0.024107 0.027355 0.021597 0.024374 0.026551 0.043502 0.027734 0.037635 0.042522 0.022907 0.029758 0.026070 0.041574 0.047625 0.033270 0.048092 0.039442 0.032171 0.025738 0.027004 0.022509 0.030754 0.032534 0.020223 0.048171 0.035437 0.036627 0.032922 0.037077 0.025145
0.079259 0.059139 0.066088 0.065902 0.076464 0.084441 0.053682 0.063157 0.077767 0.085169 0.086888 0.074854 0.066252 0.073250 0.086354 0.082498 0.092954 0.077078 0.085712 0.059470 0.076060 0.074893 0.101015 0.094459 0.089302 0.096319 0.067814 0.078526 0.064736 0.072580 0.074296 0.056316 0.070786 0.070348 0.086972 0.090594 0.095881 0.086520 0.106645 0.081411
0.054410 0.024946 0.031035 0.028851 0.034776 0.040295 0.032966 0.053771 0.056660 0.057622 0.044449 0.062536 0.044453 0.061325 0.062707 0.046862 0.085651 0.055903 0.071152 0.059232 0.101511 0.099090 0.110370 0.101971 0.086637 0.099709 0.067000 0.050206 0.027879 0.038920 0.027408 0.020837 0.046265 0.029351 0.063451 0.033877 0.028533 0.027508 0.040995 0.030105
0.078532 0.040056 0.049413 0.040241 0.049945 0.059185 0.054690 0.072251 0.079012 0.079407 0.070344 0.080713 0.065824 0.078808 0.088465 0.063126 0.091293 0.065691 0.087360 0.072257 0.122068 0.124944 0.139036 0.125643 0.114910 0.125372 0.087405 0.067605 0.048621 0.057830 0.044238 0.035398 0.064162 0.050654 0.089436 0.061953 0.055207 0.052712 0.066400 0.055166
0.045299 0.013043 0.022664 0.015719 0.020247 0.024144 0.027745 0.054653 0.052496 0.046004 0.041471 0.063831 0.041866 0.064920 0.061957 0.042554 0.077505 0.047597 0.072859 0.063115 0.097204 0.104290 0.114382 0.104280 0.093884 0.102420 0.072255 0.048466 0.025276 0.032900 0.023019 0.015296 0.041819 0.026847 0.064497 0.022731 0.018735 0.014178 0.027986 0.018010
0.075578 0.038220 0.046277 0.041048 0.052972 0.058296 0.053149 0.068789 0.075676 0.072595 0.070429 0.080683 0.064857 0.079475 0.085090 0.065106 0.096423 0.068211 0.093023 0.079919 0.118046 0.114224 0.135873 0.125735 0.111294 0.122587 0.087023 0.067870 0.047054 0.057439 0.043740 0.039316 0.065227 0.052056 0.089241 0.063290 0.051251 0.051197 0.061949 0.048072
0.055128 0.021206 0.028030 0.022096 0.028511 0.032190 0.037194 0.057476 0.051627 0.059418 0.048652 0.065821 0.046179 0.054398 0.066597 0.048644 0.073496 0.047896 0.075387 0.066628 0.106285 0.114923 0.117698 0.112401 0.098594 0.109560 0.078549 0.045681 0.030399 0.048040 0.022012 0.013489 0.044779 0.028986 0.067508 0.034063 0.026576 0.027269 0.039418 0.030108
0.077235 0.046307 0.046911 0.044211 0.047730 0.062023 0.057009 0.078748 0.079340 0.075903 0.067677 0.086691 0.063327 0.076593 0.084964 0.070912 0.084519 0.068368 0.089836 0.071741 0.115816 0.123822 0.140328 0.131020 0.119294 0.131105 0.093946 0.072417 0.046579 0.059941 0.045237 0.039845 0.067823 0.050420 0.094548 0.062280 0.061938 0.048310 0.071873 0.051750
0.092366 0.064491 0.062230 0.057180 0.066054 0.078464 0.059323 0.087186 0.092251 0.091931 0.086901 0.092526 0.071718 0.090196 0.098313 0.079115 0.098541 0.079772 0.093687 0.074429 0.112637 0.119750 0.140000 0.131760 0.124689 0.139106 0.097423 0.083433 0.063844 0.074158 0.063808 0.049241 0.080990 0.066494 0.116305 0.084878 0.088037 0.077784 0.099205 0.074243
0.072830 0.038397 0.043797 0.045643 0.042863 0.054733 0.064162 0.077083 0.075620 0.073589 0.070140 0.075138 0.062308 0.078100 0.085037 0.062710 0.087688 0.062628 0.094418 0.074247 0.112447 0.113367 0.132522 0.122380 0.116926 0.119751 0.099593 0.070660 0.038511 0.050787 0.042854 0.024705 0.063354 0.049821 0.085144 0.050666 0.045190 0.035722 0.053375 0.044926
0.067891 0.037887 0.034600 0.036961 0.034807 0.050937 0.048703 0.069138 0.068537 0.066858 0.059032 0.068543 0.059573 0.081960 0.076262 0.058083 0.088546 0.057846 0.079947 0.064339 0.100946 0.101933 0.128892 0.114128 0.102105 0.112661 0.086083 0.064367 0.030821 0.042762 0.037636 0.021037 0.057846 0.034369 0.075507 0.036535 0.044216 0.031719 0.044081 0.033875
0.055065 0.033746 0.032896 0.037662 0.038012 0.045514 0.032946 0.049095 0.038430 0.049256 0.052872 0.048247 0.035081 0.043530 0.060535 0.055478 0.048588 0.046740 0.055681 0.040427 0.058322 0.071098 0.069981 0.071970 0.070078 0.086123 0.066545 0.043427 0.055586 0.060849 0.030870 0.030970 0.041633 0.041919 0.070423 0.056790 0.047377 0.050548 0.052923 0.043893
0.069286 0.069240 0.073869 0.072417 0.066291 0.093562 0.056054 0.077925 0.082866 0.078898 0.081601 0.084657 0.058915 0.082110 0.084258 0.079123 0.068258 0.079111 0.074360 0.052895 0.058371 0.066047 0.087861 0.072592 0.077640 0.086608 0.072316 0.092089 0.075700 0.068321 0.093330 0.069578 0.079966 0.081206 0.091853 0.089563 0.116532 0.078165 0.113290 0.081079
0.072333 0.065948 0.063106 0.065889 0.067220 0.092491 0.069053 0.059302 0.065138 0.076413 0.070101 0.055874 0.060994 0.083077 0.078802 0.070757 0.070083 0.075014 0.069085 0.039978 0.045832 0.047709 0.076819 0.068096 0.074324 0.082384 0.074264 0.068159 0.056239 0.057055 0.073032 0.046257 0.067278 0.068125 0.078265 0.077977 0.083470 0.062453 0.085961 0.069816
0.092090 0.088051 0.093437 0.078693 0.089084 0.097857 0.074895 0.092776 0.096440 0.093883 0.088833 0.098279 0.074199 0.074321 0.090756 0.082617 0.071644 0.083033 0.084181 0.071600 0.069677 0.080626 0.092779 0.089685 0.089932 0.103506 0.081933 0.092032 0.097335 0.090779 0.104276 0.099015 0.113078 0.086677 0.101974 0.093172 0.106354 0.086478 0.103807 0.104157
0.086582 0.083856 0.091123 0.068493 0.080877 0.091796 0.074121 0.083638 0.086866 0.094103 0.080226 0.088660 0.066849 0.076322 0.084662 0.070559 0.068351 0.079828 0.072736 0.073026 0.068508 0.079408 0.082319 0.077372 0.088555 0.088827 0.080683 0.078964 0.084308 0.084465 0.099129 0.077465 0.104101 0.087345 0.089290 0.080262 0.094636 0.076623 0.093970 0.096055
0.081846 0.082310 0.091489 0.067975 0.081444 0.082354 0.063531 0.086599 0.090813 0.086370 0.076407 0.090291 0.069899 0.063896 0.081932 0.069007 0.067879 0.075212 0.073673 0.072941 0.060517 0.074807 0.081369 0.076463 0.080764 0.089677 0.070927 0.079378 0.087228 0.081055 0.097577 0.089638 0.100784 0.080426 0.085380 0.078198 0.089888 0.073401 0.086269 0.092525
0.072279 0.074065 0.071923 0.054693 0.073557 0.087453 0.045534 0.062734 0.069828 0.074222 0.077426 0.073491 0.066056 0.067655 0.061099 0.065540 0.066033 0.075375 0.059803 0.059067 0.071236 0.066001 0.079000 0.071295 0.071370 0.083490 0.061988 0.073799 0.083785 0.069920 0.070487 0.079943 0.081516 0.085434 0.110599 0.114585 0.109858 0.105616 0.116153 0.094078
0.073312 0.055057 0.065404 0.045800 0.061831 0.079176 0.043797 0.054236 0.074722 0.076506 0.085645 0.066693 0.061419 0.090834 0.076945 0.061249 0.083027 0.076586 0.065942 0.055326 0.073824 0.068985 0.091525 0.082868 0.090012 0.091433 0.060382 0.066358 0.068474 0.055577 0.066082 0.051990 0.069917 0.080829 0.099847 0.099987 0.090698 0.087621 0.101456 0.069685
0.070439 0.062914 0.057831 0.049620 0.060388 0.082598 0.033380 0.041402 0.061894 0.064748 0.067118 0.055257 0.049059 0.066338 0.054497 0.056459 0.053832 0.066438 0.043939 0.031785 0.049388 0.048286 0.062314 0.056737 0.064833 0.071049 0.042080 0.056797 0.066138 0.050276 0.062956 0.058002 0.061010 0.073090 0.096713 0.103132 0.111819 0.103151 0.112989 0.084275
0.083899 0.072161 0.070291 0.057404 0.080459 0.091725 0.045682 0.048195 0.071177 0.081625 0.080659 0.059507 0.064882 0.071222 0.071498 0.064939 0.073736 0.078479 0.059794 0.049036 0.066373 0.056836 0.077393 0.072317 0.076661 0.082845 0.053578 0.062767 0.073809 0.062998 0.067415 0.059868 0.067918 0.080863 0.096905 0.119022 0.112033 0.115317 0.120796 0.094036
0.085817 0.074589 0.068118 0.057040 0.067746 0.094711 0.043558 0.051482 0.064715 0.083587 0.068336 0.055904 0.056701 0.055619 0.058632 0.063722 0.051202 0.076600 0.046848 0.041172 0.065046 0.066709 0.067799 0.069106 0.073379 0.082854 0.052544 0.055457 0.070199 0.059578 0.059853 0.055225 0.063512 0.071246 0.088064 0.109995 0.124205 0.121067 0.132086 0.106643
0.095038 0.080397 0.076863 0.064878 0.073309 0.103327 0.048791 0.049743 0.069084 0.091932 0.073165 0.057340 0.062290 0.063993 0.065143 0.064863 0.061042 0.084400 0.051796 0.044582 0.070367 0.064456 0.074493 0.071328 0.075354 0.083595 0.055207 0.059406 0.072305 0.061599 0.066276 0.057237 0.069484 0.076418 0.086094 0.109774 0.125449 0.124559 0.129704 0.110781
0.088330 0.078353 0.076343 0.062701 0.068212 0.097773 0.045053 0.051981 0.066531 0.086676 0.070926 0.056343 0.059108 0.055889 0.063574 0.063806 0.059818 0.080236 0.054351 0.048096 0.059272 0.062409 0.070112 0.070184 0.075619 0.082282 0.055026 0.059291 0.070715 0.062448 0.063399 0.056224 0.061947 0.074291 0.083058 0.104564 0.120616 0.126427 0.130571 0.109453
