0.513628 -0.000552 0.782119 0.001528 -0.000755 0.610676 1.136281 0.177042 0.001147 -0.000602 0.177578 -0.000184 0.290083 0.000689 0.000472 -0.000595 0.000451 -0.000647 -0.000071 0.000369 -0.000931 -0.000108 -0.000725 -0.000287 0.216428 -0.000219 0.000714 -0.000774 0.000941 0.073243 0.001783 -0.000254 0.001032 -0.000203 1.031138 0.000649 0.450260 0.000605 0.001013 0.000062
0.614349 1.721767 2.606327 1.409505 1.281775 1.701891 0.856411 0.771572 0.586182 0.001529 0.023623 1.765867 0.765908 0.029425 0.550525 0.874605 0.000189 2.150609 1.025963 0.608047 -0.000250 0.862434 0.269443 1.210915 -0.000068 1.327694 -0.000586 0.071778 0.387511 0.000783 0.435525 0.743536 0.332188 0.143974 1.736580 0.359366 1.149862 0.812289 0.792633 1.209497
-0.001350 0.000916 0.001004 0.000680 0.000868 0.000057 -0.000347 0.000997 0.000960 0.000325 -0.000240 -0.000242 -0.000310 -0.000844 -0.044351 -0.001171 -0.007154 0.000644 -0.000125 -0.169043 -0.001499 0.000090 -0.000450 -0.000814 -0.000908 -0.000026 -0.161881 0.000389 -0.000681 -0.001202 0.000380 -0.000375 0.000233 0.000317 0.000329 -0.000211 -0.000821 -0.000705 0.000066 -0.000731
0.157051 0.000030 0.393553 0.001463 0.001408 0.165600 0.517202 0.261957 0.270517 -0.000319 0.000222 -0.001073 0.000372 0.386172 0.371965 0.567273 0.000540 -0.000992 0.000074 -0.000237 0.330172 -0.000437 -0.001222 -0.293261 0.233994 0.001032 -0.001032 -0.000895 -0.000353 0.001552 0.000659 0.000440 0.000032 0.000409 0.286502 -0.000598 0.159907 -0.001277 0.275478 -0.000306
-0.656813 -0.216002 0.078928 -0.000263 -0.128589 -0.000093 0.001752 -0.312041 0.001006 0.001795 -0.000878 0.000368 -0.000788 -0.000133 0.194716 -0.000693 -0.000431 -0.021719 -0.267211 -0.366582 -0.000590 0.000246 0.000017 -0.000409 0.000493 0.001059 -0.917077 0.364460 0.000252 -0.000201 -0.514506 -0.000596 -0.000923 0.224481 0.000718 -0.413913 -0.079688 0.001262 0.000299 0.000064
2.041750 0.000228 0.000504 1.663113 -0.000194 0.001791 0.001207 0.000158 0.000439 0.799216 1.528602 -0.000612 1.458902 0.665731 1.404964 0.001652 0.513679 0.836214 0.115780 0.000178 -0.000332 0.000938 0.439142 0.110954 0.184007 0.171745 0.000327 -0.000355 0.223362 0.714880 -0.000137 0.422205 0.001447 0.001470 -0.000100 0.000661 0.000424 0.710340 0.703619 0.342649
2.188841 0.855833 0.137750 1.189737 0.391704 1.532711 2.473927 2.160927 -0.000098 0.423030 1.896421 0.001118 0.925663 1.027261 1.055968 0.206733 0.645076 1.519054 0.000454 0.545407 0.210137 1.489107 1.027934 0.000029 1.144053 0.567785 0.000574 0.544499 -0.000368 0.405336 0.915019 0.346182 0.946965 1.492426 0.384950 0.838378 0.121666 1.428481 0.000639 0.106960
0.000763 -0.000877 0.069824 0.460642 -0.000360 -0.000372 0.766345 0.000098 0.461477 0.000652 0.000704 0.000152 -0.000388 0.000432 0.001355 -0.000902 0.000054 0.000018 -0.260587 0.000646 -0.001078 0.001271 -0.000719 -0.000756 0.168921 0.001107 -0.478480 0.000014 0.000663 -0.000961 -0.000712 0.000636 0.631218 0.000999 -0.000055 0.090684 -0.000601 0.001228 0.004703 -0.001589
0.000325 -0.000685 0.000543 0.000317 -0.000912 0.000117 0.001303 0.624401 -0.059721 0.009951 0.000475 -0.869852 0.001391 -0.454576 -0.258781 -0.000193 -0.533632 -0.392863 -0.000318 -0.006978 -0.000457 -0.175313 0.000957 0.000246 -0.409677 -0.000667 0.000096 0.000309 -1.096145 0.013415 0.293082 0.000749 -0.305618 -0.000114 -0.000693 -0.484833 -0.209621 -0.079275 0.000455 0.000280
0.001131 0.001028 -0.001121 0.000839 0.001286 0.811543 -0.000326 -0.000068 -0.000582 0.000623 0.000488 0.001379 0.000306 -0.000832 0.000736 -0.000174 -0.000441 0.001131 0.000132 0.001386 0.001194 -0.000233 -0.000692 0.145095 0.001061 0.570931 0.001405 -0.001373 0.141828 0.000007 -0.000816 -0.000081 0.670000 0.000033 -0.100524 0.000101 0.000825 0.000475 0.000634 -0.001280
0.000299 -0.823827 0.000497 0.001199 -0.001048 -0.030936 -0.000699 -0.001146 -0.839406 -0.001167 0.000582 -0.249721 -0.471478 -0.001108 -1.128281 -0.000209 -0.000519 -0.184007 -0.445056 -0.000847 -0.000507 -0.985747 0.001022 -0.000661 -0.326289 -0.020837 -0.000342 -0.290506 -0.000678 -0.000384 -0.000163 0.000292 -1.774883 -0.233905 -0.213140 0.085772 -0.048610 0.000967 -0.650625 0.001046
-0.001091 -0.000237 0.927321 -0.001228 -0.000328 0.000827 0.044193 0.000436 -0.001253 -0.330300 -0.596336 -0.001148 0.000390 -0.050460 -0.105443 -0.001079 -0.524460 -0.417637 0.000258 -0.544549 0.128694 -0.000418 -0.441245 -0.001007 -0.137645 -0.913446 -0.000232 0.740478 0.005181 -0.000337 0.000218 0.064382 -0.497500 -0.000562 -0.000833 -0.001221 -0.000225 -0.130531 -0.108354 -0.001157
0.000877 -0.380728 -0.663162 -0.001025 -0.581033 -0.747715 -0.000395 -1.780683 -1.312138 -0.479829 -1.787600 -0.543735 -0.625301 -1.457066 -0.342334 -1.004966 -1.647809 -0.609576 -0.043631 -0.764822 -0.766818 -0.168114 -1.093617 -0.330796 -0.263071 -0.707725 -0.563080 -0.578330 -0.862939 -0.398679 -0.000703 -1.607083 -0.429565 0.000659 0.000221 -0.546410 -0.330965 -0.495859 -0.000261 -0.813326
0.000283 -0.000731 0.479133 1.422300 1.562112 0.684657 0.001041 0.000403 0.001044 0.001021 -0.069102 -0.000016 0.037824 0.000400 0.000261 0.001635 -0.490027 -0.000503 -0.000600 0.000867 0.642243 0.023404 -0.001504 -0.001052 -0.000858 0.000486 0.856773 0.001245 0.001302 0.000353 0.000848 0.339759 0.000224 0.053323 0.000775 -0.022522 -0.001035 -0.001119 0.000040 -0.033016
1.076172 0.061803 0.000678 -0.000462 1.413715 2.564796 0.000036 1.170339 -0.000483 1.121223 0.468211 -0.000549 0.032955 0.000876 0.682554 0.170122 -0.000240 1.178486 0.357610 0.785282 0.198730 0.049045 -0.000171 0.233573 1.487195 -0.000555 0.567633 0.000955 -0.000120 0.000330 -0.241750 -0.000350 0.000976 0.000738 0.036385 0.001280 0.033606 -0.000469 0.000341 0.000260
-0.001080 -0.000965 0.001146 0.562846 0.062672 -0.000655 -0.001220 -0.000146 -0.000854 -0.001309 -0.367010 -0.001205 0.000267 -0.860120 0.000001 -0.000481 -0.000018 -0.925766 -0.001151 0.000247 -0.104676 -0.000918 0.000085 -0.267725 -0.812133 -0.000297 0.078289 0.000933 0.000567 0.001039 0.074419 0.387586 -0.001771 0.122770 -0.000491 -0.000215 0.001088 -1.413613 -0.302387 -0.001338
0.689092 0.001391 -0.000143 -0.000529 -0.000572 -1.044564 -0.000590 -0.000211 -0.229085 -0.001247 0.000114 -0.000332 -0.001302 0.000848 -0.028087 -0.000526 -0.129796 -0.000468 0.000249 -0.964482 0.000077 -0.001572 0.000361 0.000512 -0.285896 -0.000374 -0.116528 -0.170553 -0.000294 -1.405341 0.000019 -0.000220 0.000395 -1.223793 -0.233554 0.000086 -0.000009 -0.868432 -0.588580 -0.194111
0.996721 -0.000192 -0.000982 -0.000930 -0.210470 -0.000953 0.000853 -0.000121 -0.409321 -0.063418 0.000686 -0.167515 -0.407992 -0.000119 0.000066 0.000677 0.043360 0.000073 0.000220 -0.000601 -0.165532 -1.133494 -0.493556 0.000329 0.000331 0.000287 -0.298541 -0.716587 -0.591953 -0.815713 -0.424386 -0.091877 -0.000926 -0.121731 -1.332820 0.091342 0.000310 -0.794298 0.000321 -0.743089
0.169266 -0.064103 0.897774 0.000693 0.000091 -0.000002 -0.000425 0.000979 0.460486 0.997588 0.620246 -0.000296 -0.061826 -0.000046 0.476978 0.000316 0.000259 -0.000530 -0.000398 0.000940 -0.000129 0.000811 0.063011 0.000040 -0.000334 0.001647 -0.000494 -0.000362 -0.000645 -0.000111 -0.000072 -0.000830 0.797628 -0.001451 0.612311 0.000501 -0.220937 0.235620 0.000549 0.000691
1.383892 0.001373 0.711570 0.932685 0.228961 0.896455 0.203921 0.000349 -0.000563 -0.000486 -0.000266 0.000828 0.437741 1.829306 -0.001018 0.636567 -0.000728 0.590608 0.000344 0.013838 0.069630 0.158318 1.082837 0.000350 -0.001206 0.648174 -0.000310 -0.000151 0.264634 0.305323 0.874790 1.306998 0.001185 0.162735 0.001205 0.000466 -0.000068 1.034160 0.167339 0.001152
-0.000154 0.001242 0.000495 1.092781 0.001261 0.000867 0.001721 -0.000733 0.000873 0.157056 -0.000529 0.487371 -0.001187 0.531528 0.222715 0.000146 0.047464 0.000696 -0.001532 0.358194 0.000007 0.001515 0.000241 0.001177 -0.000767 0.740760 -0.000029 0.000364 0.001228 0.744430 0.502226 -0.000929 0.142167 0.533334 0.616010 0.096246 0.000540 0.120797 -0.000440 -0.000756
-0.000791 -0.000861 -0.118002 -0.001056 -0.001497 -0.472394 -0.015042 -0.066688 -0.000896 -0.000946 -0.001210 0.000216 0.000185 -0.001293 0.385087 -0.000134 -0.000757 0.001367 -0.000376 0.059179 0.000154 -0.000205 0.231940 -1.061473 -0.586272 -0.001009 0.000189 -0.000675 -0.001472 -0.660454 -0.357233 -0.018837 -0.578814 -0.000662 0.000106 -0.000197 -0.335861 0.000419 -1.009175 -0.037133
0.000369 -1.189838 0.000613 0.001407 -0.295806 -0.587635 -0.001583 -0.592359 -0.334873 -0.819088 -0.087664 -0.544197 -1.811401 -0.654201 0.000407 -1.027052 -0.365385 -0.685602 -1.272355 -0.000133 -0.663194 -0.809911 -0.001220 -0.000849 -0.000793 -0.110569 -0.719710 -0.471928 -0.084305 -0.928443 -0.365963 -0.590201 -1.634088 -0.878607 -0.311444 0.001121 -0.760247 -0.000287 -0.552137 -0.000760
-0.000366 -0.000147 1.861511 0.393826 0.000230 0.353514 0.000288 0.001126 1.030652 0.174487 0.001186 -0.000181 -0.000759 0.000095 0.000649 -0.011538 1.045302 -0.164439 0.000388 0.000593 -0.000704 -0.000849 -0.553082 -0.182776 0.000205 0.684045 0.364627 -0.489378 0.001846 0.001168 0.103880 0.000206 0.000850 0.090250 -0.000092 -0.091047 -0.000502 0.001353 0.730766 -0.000528
0.703336 0.120392 0.000774 -0.000801 0.598538 0.000586 1.027557 1.824447 0.001036 0.008286 0.498656 0.757389 0.001348 0.076570 0.000421 0.751168 0.587124 0.001438 0.001054 0.633939 0.738665 1.667548 1.170263 0.210501 0.000602 0.118880 0.000327 -0.000040 0.001272 1.220433 0.628303 0.467715 1.007707 -0.000366 0.000182 1.203623 0.371562 0.446753 0.244437 0.471423
-0.001234 -0.001316 0.283467 -1.175747 0.000233 -0.000917 0.000802 0.000716 -0.607102 0.056498 -0.000962 -0.162607 -0.000610 0.000415 -0.001671 -0.133091 0.000517 -0.000835 0.001283 -0.001235 0.000217 -0.000939 0.000709 0.000234 -0.433825 -0.456550 -0.000168 -0.132141 -0.353967 -0.073697 -0.558751 -1.073032 0.000652 -0.000341 -1.200933 0.000462 -0.149327 -0.137605 -0.000764 -0.000043
-0.001062 -0.024915 0.000062 -0.000728 -0.742935 0.000598 0.000746 -0.316998 -0.078613 -0.822039 -0.001604 -0.000063 -0.000260 -0.001180 -0.314113 0.001004 -0.000492 -0.314171 -0.001561 0.000913 -0.716787 -0.000488 -0.001001 0.000081 -0.173764 -1.191180 -0.000913 -0.001050 -0.119143 -0.001440 -0.000725 -0.181129 -0.181550 -0.000945 -0.531982 0.000264 -0.207603 -0.259224 -0.001418 -0.210669
0.316168 -0.000425 0.000520 0.000704 0.873223 0.000529 -0.000338 -0.000837 -0.000005 -0.144214 -0.000075 0.000277 0.000282 0.201645 -0.000668 0.000649 -0.000064 -0.000236 -0.001539 -0.000411 -0.000961 0.001226 -0.176588 -0.000131 0.000292 0.191918 -0.257733 -0.149005 0.000835 0.000031 -0.000896 0.000141 0.001178 0.000486 -0.010917 -0.068402 0.023946 0.001188 0.136360 0.000874
1.176279 0.069655 0.001459 -0.000662 0.761087 0.001620 0.300850 -0.044998 0.000762 -0.000075 0.463712 0.783566 -0.000432 0.775043 -0.000663 0.331827 0.378184 0.001579 0.246827 0.001063 0.000142 0.000827 0.001210 0.178389 -0.000420 0.001136 0.001131 -0.000129 0.943210 0.000067 0.000621 0.000994 0.017263 -0.000207 -0.000146 1.514915 0.000511 0.000468 0.000757 0.000758
-0.000551 0.001593 0.000086 1.564320 -0.000495 0.986883 0.000975 0.001135 0.738531 0.000278 0.000516 0.007738 1.065736 0.000675 0.000283 0.000804 1.062797 -0.000492 0.000336 0.000370 0.393249 1.081555 0.000743 0.000406 -0.000002 -0.001503 0.000642 0.001411 0.438059 0.254155 -0.000021 0.000688 2.063601 0.213583 0.000367 0.078185 -0.083443 0.267545 0.591044 -0.522178
1.882756 -0.001099 0.425809 0.240046 0.267409 1.043484 0.016311 0.000366 0.457622 0.767759 0.767149 -0.000003 0.001695 -0.000369 0.001717 0.269673 0.000676 0.826537 -0.000099 0.397420 -0.087828 0.001055 0.000300 0.000291 0.002479 0.000303 0.058788 0.351780 0.473828 0.001059 0.611832 0.996241 -0.000493 0.000421 0.000414 0.000259 1.138261 0.195166 1.317088 0.264002
0.001521 0.000293 0.000807 0.453260 0.555760 0.315930 0.302132 1.472611 0.117218 -0.000132 0.000307 0.271289 0.369530 0.322469 0.000066 0.000489 0.754596 -0.000543 0.015071 1.190462 0.000684 0.873138 -0.000083 -0.000869 0.001192 0.313607 0.161337 -0.000313 0.213541 0.000772 0.000185 0.290217 0.000669 0.000055 0.000812 0.001394 0.000143 -0.001055 -0.000477 0.005834
-1.846592 -0.869550 -1.851895 -0.001868 -0.619997 -2.580853 -1.862844 -2.078715 -0.012436 -0.000439 -1.780375 0.000003 -1.685048 -1.965959 -1.232460 -2.662117 -1.223371 -1.004272 -0.456713 -0.650535 -1.843286 -1.117573 -2.033793 -0.187588 -1.624237 -0.177294 -0.516213 -0.001413 -1.201875 -0.001349 -0.000465 -1.360254 -1.356538 -1.356830 -0.313591 -2.007891 -1.318763 -0.743743 -1.389956 -0.211314
0.684076 1.113456 1.290465 0.504722 0.513421 0.000028 0.652831 0.061396 1.045301 1.002405 0.755011 0.882635 0.830627 2.179107 0.143926 0.000261 1.144897 0.376567 1.136857 1.273776 0.770462 0.293967 0.627231 2.339104 0.891575 0.949563 1.238802 0.950480 0.733193 0.624640 1.389645 0.822130 0.747749 0.000144 0.419429 0.047964 0.502521 0.386669 0.587086 0.508127
0.001396 0.000581 1.398341 0.386716 -0.000501 0.000134 0.220564 -0.387332 0.000676 -0.208508 0.000352 0.000254 -0.000388 0.001045 0.000070 -0.222113 -0.001685 -0.000539 -0.000157 -0.000744 -0.279908 -0.109015 0.001349 -0.001445 0.001031 -0.000704 -0.435666 -0.296752 0.067106 0.000170 -0.000074 -0.014318 -0.000139 0.001021 -0.000252 -0.000691 0.001226 -0.010684 0.000465 -0.000175
0.000081 0.675132 0.570276 0.000186 0.843305 0.000637 1.368122 1.421496 0.632631 0.102684 -0.000509 0.000035 0.000502 0.088875 1.393583 0.000924 2.202090 1.152417 0.362954 0.578915 1.590703 1.024180 1.214613 -0.000136 0.037849 1.680207 1.324340 0.000640 0.682938 0.000368 -0.000143 0.543963 0.001412 0.001621 0.982544 0.388677 0.228653 0.308167 0.000508 0.000289
0.350167 -0.968943 0.001315 0.001275 0.000213 -0.000773 -0.397740 -0.000992 0.000064 -0.000269 -0.001581 -0.001153 -0.478347 -0.000010 -0.001039 -0.348533 -0.109613 -0.786338 -0.285266 0.001676 -0.000491 -0.001040 -0.001085 -0.000472 -0.000073 0.000350 -0.000245 -0.000865 0.566160 0.000231 0.000760 -0.000870 -0.135283 -0.004476 0.001019 0.000219 -0.001143 0.000404 -0.000460 -0.000771
0.001345 0.635838 2.176673 0.001358 0.444114 1.460682 0.778344 0.655789 0.806011 0.583980 0.000694 0.498419 0.743232 2.030108 0.976783 0.902517 0.875419 0.000919 1.045405 -0.000061 0.897242 1.233634 1.653139 1.207555 2.054412 0.000937 0.000436 1.166936 1.341281 0.786172 0.000335 0.803649 0.204757 0.001124 0.621536 2.141877 -0.000825 0.902155 0.593817 1.215862
-0.001667 -0.989309 0.505055 -0.376544 -0.001463 -0.000078 -0.000687 0.000527 -0.000193 0.467766 -0.347715 -0.001401 -0.242639 -0.176432 0.000618 -0.050445 -0.000239 -1.001202 -0.255265 -0.034237 -0.000549 0.000314 -0.172516 -0.000583 -0.001355 -0.003848 0.000305 0.842586 0.000583 0.000685 0.000307 0.000955 -0.655058 -0.456117 -0.000160 0.001511 0.000654 0.000215 -0.001670 0.000942
1.118819 0.072855 0.569386 1.247315 0.682553 0.950052 0.000068 0.001778 0.000144 0.102466 0.000953 -0.001030 0.689803 0.000529 0.912898 0.230408 -0.000806 0.627550 -0.000592 0.730425 0.000848 0.001372 0.001098 0.000909 0.367703 0.299846 0.333447 0.000627 0.216078 0.288272 0.085766 0.000692 1.358176 0.774468 -0.000131 -0.001178 0.993920 0.000356 0.349827 0.000694
