2.6158 2.5105 2.66079 2.47003 2.56783 2.60626 2.508 2.51518 2.61255 2.46078 2.86533 2.34449 2.33685 2.43014 2.6924 2.55682 2.66457 2.67272 2.69232 2.55247 2.52891 2.50995 2.54769 2.62579 2.47939 2.57466 2.28444 2.71498 2.67482 2.58719 2.64656 2.44575 2.71384 2.30895 2.78179 2.68325 2.48063 2.45368 2.5494 2.75199 
0.245423 0.252214 0.202681 0.262663 0.254058 0.246645 0.211322 0.254905 0.208002 0.248889 0.241934 0.217227 0.21576 0.214076 0.257151 0.24692 0.241459 0.243497 0.249624 0.209359 0.253987 0.250374 0.195128 0.267547 0.255472 0.243797 0.253952 0.24711 0.214982 0.256105 0.244812 0.264099 0.255171 0.251802 0.261364 0.198956 0.254019 0.203549 0.255946 0.2476 
2.89325 2.90021 2.8226 2.89405 2.7602 2.65897 2.66812 2.69124 3.19347 2.74607 2.89489 2.90384 3.00099 2.73329 3.11693 2.88609 2.88203 2.85678 2.85674 3.48558 2.95261 2.96878 2.77094 2.96003 2.68269 2.70684 2.78521 2.92432 3.0845 2.90029 2.69627 3.20164 2.88539 3.02195 2.89729 2.81746 2.70605 2.91224 2.96425 2.68877 
1.92229 2.2241 2.0859 1.85764 1.80618 1.85964 1.72928 1.882 1.91111 2.01201 1.94702 1.83417 1.70326 1.84136 1.75833 1.83399 1.90572 1.94458 1.80149 1.76622 1.87845 1.76669 1.87919 1.70313 1.77512 1.77461 1.77685 1.87022 2.00689 1.84676 2.04217 1.82079 1.75403 1.86852 1.87435 2.06234 1.9784 1.92459 1.69915 2.09882 
0.748451 0.860764 0.775638 0.819431 0.718002 0.857634 0.841322 0.739616 0.723284 0.74992 0.760652 0.785518 0.731141 0.76763 0.753241 0.749631 0.776087 0.791383 0.791649 0.765454 0.786655 0.821614 0.750495 0.846336 0.776475 0.737172 0.817273 0.717151 0.806133 0.819098 0.779518 0.800028 0.94675 0.917053 0.886169 0.861553 0.851583 0.684073 0.772656 0.64934 
0.85129 0.726141 0.742445 0.776858 0.794589 0.726373 0.716306 0.786279 0.721433 0.890377 0.740415 0.763977 0.738004 0.713538 0.844871 0.75451 0.80292 0.752067 0.71307 0.741125 0.676303 0.753241 0.806967 0.847869 0.766455 0.811944 0.690608 0.777343 0.815255 0.769702 0.729222 0.906988 0.849519 0.761172 0.825645 0.792295 0.749104 0.754608 0.804579 0.802656 
0.768946 0.639529 0.695357 0.655304 0.607037 0.647036 0.653402 0.691202 0.62604 0.666373 0.660119 0.55076 0.647802 0.643056 0.663447 0.634464 0.632357 0.634139 0.65896 0.66132 0.650127 0.708858 0.661165 0.719803 0.730569 0.730643 0.800081 0.64474 0.717657 0.655018 0.628513 0.658872 0.766961 0.655761 0.644619 0.651432 0.657225 0.688382 0.729406 0.668242 
0.400047 0.400087 0.442873 0.40398 0.436678 0.365257 0.395801 0.428902 0.406991 0.429569 0.36958 0.318548 0.315807 0.387664 0.326622 0.447003 0.418934 0.372267 0.349295 0.427422 0.361931 0.374959 0.406162 0.405156 0.484052 0.437217 0.485428 0.378439 0.378023 0.485991 0.396019 0.377523 0.371405 0.385582 0.444695 0.330245 0.327972 0.453578 0.479119 0.401887 
0.460871 0.404703 0.532574 0.534587 0.545252 0.469539 0.537806 0.464367 0.461565 0.36024 0.456655 0.454969 0.460152 0.408832 0.475153 0.406918 0.465829 0.483292 0.51707 0.463054 0.457769 0.469026 0.517241 0.532019 0.540562 0.548637 0.547166 0.515129 0.466094 0.461252 0.384758 0.454591 0.464334 0.38977 0.468828 0.52644 0.406256 0.468366 0.399044 0.461689 
1.6658 1.50807 1.43939 1.50845 1.64027 1.40479 1.45451 1.50013 1.56462 1.49886 1.49017 1.50427 1.4085 1.41331 1.6639 1.49592 1.36871 1.32747 1.33966 1.51602 1.66541 1.41376 1.5543 1.44939 1.53584 1.42285 1.42539 1.31425 1.42037 1.68149 1.55551 1.33341 1.85264 1.38053 1.49486 1.48781 1.62004 1.49825 1.50749 1.54072 
0.449771 0.506964 0.38434 0.518526 0.505703 0.389502 0.462187 0.527513 0.455473 0.45155 0.500595 0.496298 0.405154 0.514921 0.378439 0.455211 0.450298 0.399225 0.496979 0.39395 0.45853 0.401371 0.457253 0.406954 0.459623 0.465783 0.493324 0.450909 0.507912 0.511392 0.454167 0.460772 0.454569 0.461878 0.367781 0.547733 0.387848 0.509983 0.458411 0.50638 
0.441967 0.475275 0.446026 0.496352 0.382275 0.491885 0.389083 0.42675 0.440646 0.440958 0.406518 0.40476 0.421037 0.448648 0.445637 0.494362 0.448362 0.440737 0.454022 0.449948 0.472815 0.510681 0.487851 0.479914 0.526838 0.485269 0.444292 0.557017 0.474883 0.441726 0.411217 0.454721 0.433448 0.478895 0.490139 0.485661 0.543897 0.449044 0.48856 0.452826 
0.666283 0.610039 0.657437 0.608658 0.609527 0.601026 0.606167 0.60152 0.580857 0.663431 0.549762 0.6565 0.544494 0.606584 0.657801 0.609214 0.642626 0.713562 0.646923 0.534175 0.675291 0.594663 0.670393 0.660461 0.522569 0.663496 0.616088 0.69809 0.527598 0.526852 0.680796 0.674693 0.66727 0.663963 0.597516 0.610175 0.66268 0.65902 0.608461 0.594917 
0.750422 0.718465 0.637791 0.675232 0.574644 0.627869 0.66437 0.664758 0.71277 0.669306 0.689389 0.777957 0.709241 0.610389 0.66245 0.746915 0.672532 0.680838 0.810228 0.658343 0.668586 0.63371 0.66317 0.659563 0.714807 0.734253 0.672171 0.75056 0.694345 0.722834 0.832919 0.666344 0.704522 0.664279 0.702826 0.603751 0.656614 0.64901 0.621712 0.596989 
0.639327 0.708574 0.604686 0.616021 0.655122 0.600988 0.650652 0.749563 0.655214 0.713694 0.605168 0.650303 0.650034 0.65358 0.821695 0.601886 0.746502 0.701583 0.689087 0.709028 0.658856 0.752516 0.657845 0.667378 0.619661 0.65347 0.707462 0.601183 0.647446 0.698635 0.691097 0.690848 0.695433 0.644791 0.717019 0.508122 0.652998 0.803924 0.710012 0.789513 
0.380392 0.387183 0.43475 0.413641 0.430647 0.336371 0.39232 0.388266 0.413319 0.349058 0.38685 0.378457 0.418965 0.436436 0.409488 0.421991 0.350389 0.430353 0.350488 0.410452 0.416644 0.423822 0.380263 0.416155 0.421195 0.410246 0.427841 0.430212 0.33332 0.384957 0.424718 0.38366 0.410104 0.430173 0.43063 0.374512 0.380435 0.415704 0.413627 0.419122 
0.243362 0.232882 0.302203 0.223991 0.300926 0.224715 0.203588 0.239897 0.22866 0.194989 0.275779 0.198747 0.234336 0.233372 0.206446 0.236453 0.237962 0.276728 0.208885 0.19153 0.1934 0.187415 0.197687 0.268274 0.275207 0.222374 0.203483 0.236343 0.197053 0.207502 0.211999 0.247262 0.270228 0.26614 0.205777 0.262359 0.213437 0.268406 0.234234 0.296464 
0.504381 0.495373 0.492211 0.517219 0.447681 0.49458 0.443277 0.448335 0.406087 0.456728 0.427905 0.454296 0.497941 0.407558 0.434277 0.441373 0.502774 0.475487 0.533643 0.457007 0.39996 0.507546 0.453565 0.462004 0.526669 0.45464 0.491446 0.507177 0.548025 0.492096 0.507442 0.408449 0.487939 0.493268 0.509074 0.450573 0.453353 0.459739 0.497246 0.448595 
0.532404 0.604719 0.546157 0.608902 0.436333 0.593679 0.484315 0.519892 0.540511 0.482111 0.475214 0.536192 0.603827 0.529413 0.535201 0.531772 0.618727 0.480227 0.542151 0.584558 0.606024 0.529444 0.452027 0.531017 0.629603 0.586835 0.538234 0.599235 0.532957 0.521197 0.600674 0.529183 0.591582 0.540231 0.533687 0.53927 0.512832 0.600795 0.445275 0.528721 
0.839797 0.84402 0.826646 0.849164 0.858586 0.724405 0.77782 0.732083 0.774562 0.7747 0.781334 0.89685 0.789926 0.833159 0.834204 0.78414 0.715234 0.830258 0.695571 0.908036 0.818428 0.779265 0.830734 0.824661 0.818849 0.772414 0.706936 0.727996 0.715071 0.908569 0.730396 0.78283 0.729113 0.749498 0.800434 0.710606 0.977216 0.714165 0.877925 0.841318 
0.668609 0.713893 0.616025 0.61875 0.619413 0.670285 0.616363 0.617771 0.59757 0.66709 0.759151 0.734335 0.698212 0.599943 0.620926 0.563122 0.604656 0.738157 0.660749 0.668456 0.613242 0.706418 0.655517 0.613346 0.768879 0.599935 0.666971 0.71802 0.736516 0.735557 0.725323 0.725738 0.705051 0.616495 0.61311 0.669333 0.65504 0.640357 0.539948 0.67841 
0.437851 0.38509 0.429284 0.425211 0.418663 0.371801 0.402265 0.364678 0.389925 0.432307 0.429279 0.515724 0.414382 0.488425 0.433659 0.391738 0.424692 0.458035 0.456256 0.538013 0.42145 0.361497 0.46179 0.524847 0.396428 0.346683 0.452385 0.353293 0.446118 0.376919 0.451897 0.438522 0.438076 0.371318 0.395276 0.448205 0.429242 0.415885 0.471091 0.446825 
0.531146 0.593973 0.614679 0.523555 0.628359 0.620959 0.525928 0.603799 0.524079 0.570145 0.528221 0.483888 0.579368 0.528207 0.643218 0.456886 0.474526 0.522458 0.562743 0.583758 0.534771 0.572932 0.445774 0.468343 0.512726 0.610738 0.533496 0.565919 0.463393 0.528192 0.531421 0.489578 0.529425 0.596311 0.561801 0.561487 0.518735 0.567838 0.514599 0.512021 
0.633585 0.561615 0.645987 0.466944 0.62159 0.545076 0.578503 0.632895 0.54913 0.57184 0.523098 0.562982 0.533516 0.581733 0.626127 0.70711 0.673974 0.518857 0.574196 0.567765 0.533469 0.668003 0.665607 0.618751 0.625631 0.632808 0.627349 0.598266 0.564916 0.567536 0.649768 0.561051 0.57231 0.708651 0.542512 0.630795 0.645567 0.62108 0.554937 0.548058 
0.161722 0.130376 0.125515 0.194585 0.148073 0.160352 0.128949 0.164974 0.1967 0.162918 0.129843 0.158089 0.128796 0.155527 0.132308 0.136908 0.192422 0.154372 0.16099 0.160453 0.166917 0.163175 0.132782 0.131039 0.130323 0.132261 0.161147 0.195409 0.134759 0.133992 0.16155 0.15683 0.183205 0.161111 0.191121 0.140316 0.158493 0.21024 0.162675 0.192275 
0.38314 0.380332 0.396039 0.340927 0.347127 0.304275 0.338071 0.339973 0.306085 0.341382 0.314414 0.348496 0.385639 0.381739 0.349987 0.338764 0.284594 0.35023 0.373496 0.370431 0.355537 0.417954 0.348678 0.348084 0.38346 0.382747 0.332637 0.394643 0.345821 0.341921 0.396647 0.333283 0.38079 0.346238 0.368788 0.402213 0.343581 0.341957 0.396315 0.296809 
0.197156 0.198503 0.242231 0.196707 0.200043 0.195332 0.242189 0.241242 0.294514 0.209613 0.237074 0.202655 0.201396 0.205061 0.240284 0.199975 0.281982 0.301928 0.313202 0.201385 0.196378 0.237922 0.242051 0.242587 0.312547 0.27354 0.202529 0.24195 0.249184 0.246084 0.237799 0.240338 0.246109 0.192108 0.20645 0.295004 0.240654 0.2909 0.299074 0.249718 
0.20517 0.242699 0.242795 0.242428 0.244459 0.283474 0.277925 0.201157 0.242309 0.195774 0.199673 0.237494 0.238828 0.237672 0.244288 0.280293 0.30082 0.290929 0.240893 0.274027 0.23676 0.23934 0.287593 0.240391 0.207095 0.243327 0.241539 0.180608 0.273155 0.212903 0.239386 0.208502 0.235502 0.255793 0.284334 0.247291 0.241748 0.288089 0.238552 0.246464 
0.252089 0.30042 0.293014 0.351362 0.293362 0.238296 0.332206 0.237699 0.306746 0.301528 0.346435 0.249025 0.235852 0.295496 0.260288 0.259888 0.250273 0.2439 0.258498 0.248281 0.254263 0.348435 0.388484 0.248267 0.24365 0.292825 0.254673 0.294325 0.36359 0.3027 0.259738 0.366411 0.300385 0.298027 0.377562 0.253283 0.250113 0.256589 0.250812 0.294136 
0.410309 0.455085 0.361901 0.433293 0.33184 0.422805 0.387983 0.428869 0.424067 0.428871 0.414257 0.381921 0.368997 0.419508 0.388803 0.462429 0.44173 0.412669 0.416576 0.422171 0.387413 0.391693 0.393748 0.421052 0.383468 0.416753 0.386035 0.388291 0.423683 0.338415 0.356652 0.38903 0.430614 0.395627 0.396743 0.384473 0.391232 0.431527 0.428348 0.464021 
0.545858 0.619647 0.518627 0.543954 0.543676 0.545906 0.60566 0.557372 0.622626 0.622525 0.556598 0.60667 0.551293 0.600607 0.631128 0.552033 0.545864 0.56253 0.561979 0.562904 0.548582 0.614974 0.599518 0.548185 0.54089 0.447706 0.597786 0.556945 0.594114 0.55488 0.609156 0.523683 0.546603 0.542097 0.603992 0.625805 0.552948 0.549261 0.478387 0.616551 
0.366251 0.372218 0.324253 0.379739 0.372294 0.322135 0.289537 0.324725 0.32133 0.359188 0.291533 0.325437 0.326726 0.326893 0.271081 0.321093 0.391457 0.360448 0.324146 0.275941 0.323798 0.319149 0.3533 0.368525 0.32364 0.290279 0.370643 0.261783 0.280697 0.322094 0.382631 0.280593 0.326349 0.325754 0.286997 0.328297 0.383891 0.327178 0.336823 0.318254 
0.259833 0.295756 0.234622 0.297998 0.258289 0.303995 0.295134 0.289487 0.33755 0.257235 0.263559 0.297876 0.292709 0.340078 0.336033 0.298966 0.294721 0.29652 0.361069 0.335898 0.294497 0.297883 0.294574 0.304813 0.297338 0.296318 0.351147 0.258741 0.29663 0.33101 0.289682 0.334219 0.29524 0.266234 0.296442 0.241755 0.254655 0.248572 0.299431 0.303762 
0.384252 0.449511 0.526526 0.310171 0.475033 0.310735 0.390777 0.382595 0.318026 0.389714 0.380424 0.441941 0.382069 0.392492 0.392328 0.391127 0.31572 0.408771 0.300716 0.397029 0.379774 0.306703 0.379753 0.386896 0.332182 0.396698 0.487658 0.3898 0.280752 0.443816 0.327625 0.379095 0.396473 0.316891 0.3965 0.384089 0.382839 0.397746 0.32466 0.39442 
0.709421 0.55043 0.704018 0.627418 0.643942 0.624038 0.720405 0.692904 0.639252 0.57855 0.647076 0.647751 0.63357 0.65124 0.650259 0.644682 0.692104 0.699026 0.729985 0.603257 0.687946 0.733102 0.693213 0.707761 0.70867 0.715991 0.703094 0.638386 0.629378 0.679639 0.548287 0.711549 0.622437 0.619697 0.680392 0.636763 0.64326 0.700861 0.643533 0.650954 
0.197975 0.200487 0.291674 0.246816 0.178704 0.251724 0.314802 0.191372 0.200156 0.179057 0.183183 0.250752 0.188672 0.199859 0.201045 0.227592 0.2517 0.202068 0.24601 0.255487 0.192257 0.172871 0.175919 0.179336 0.245463 0.243425 0.197345 0.229816 0.227421 0.193609 0.197981 0.245598 0.257776 0.247359 0.236603 0.242482 0.194662 0.202197 0.243935 0.249994 
0.436803 0.350965 0.434154 0.452916 0.406503 0.403865 0.430591 0.403874 0.400431 0.397596 0.440192 0.33218 0.431082 0.402841 0.405808 0.403353 0.374681 0.434512 0.42713 0.34522 0.438377 0.437938 0.44199 0.338948 0.436823 0.404682 0.40241 0.439667 0.402614 0.392511 0.435263 0.348272 0.42512 0.40025 0.446091 0.392393 0.441384 0.395137 0.388537 0.394795 
0.215357 0.222489 0.217929 0.183596 0.290116 0.179627 0.258558 0.185992 0.223065 0.213071 0.219679 0.218771 0.188987 0.184473 0.194827 0.189906 0.18698 0.223983 0.222987 0.259197 0.220225 0.176465 0.24585 0.223159 0.246813 0.221944 0.22847 0.187995 0.269432 0.196112 0.252681 0.22837 0.222139 0.226697 0.219999 0.217983 0.252867 0.179757 0.220837 0.184918 
0.401373 0.44859 0.425318 0.352271 0.391098 0.354647 0.345186 0.394958 0.443963 0.3862 0.387769 0.384431 0.356851 0.40292 0.423298 0.321817 0.399592 0.437874 0.39401 0.33144 0.39803 0.429972 0.448505 0.437767 0.397047 0.436918 0.430647 0.31571 0.392524 0.385845 0.444958 0.389383 0.379499 0.383756 0.33511 0.458853 0.392495 0.43772 0.348124 0.39758 
0.314917 0.309625 0.275893 0.355588 0.305402 0.28774 0.315019 0.340882 0.340922 0.291361 0.318454 0.309602 0.315796 0.359379 0.355563 0.356201 0.322229 0.356281 0.252848 0.278115 0.313667 0.34479 0.309159 0.312538 0.269372 0.371358 0.382542 0.312292 0.29373 0.348202 0.320913 0.353538 0.347823 0.257857 0.319722 0.30775 0.35582 0.356823 0.312608 0.268225 
