0.061064 0.065170 0.105448 0.085290 0.064549 0.114325 0.095906 0.114634 0.145446 0.119549 0.122785 0.107074 0.080096 0.104760 0.124960 0.107749 0.101790 0.117443 0.111539 0.068478 0.085079 0.176998 0.103293 0.082984 0.102134 0.114233 0.125762 0.100780 0.094490 0.104730 0.084009 0.124998 0.120572 0.123136 0.127102 0.110502 0.118987 0.112793 0.178323 0.113117
0.089462 0.062976 0.091927 0.087356 0.055520 0.071993 0.061708 0.099890 0.080480 0.086919 0.086589 0.092463 0.057699 0.058002 0.100892 0.068016 0.089374 0.101856 0.084484 0.048968 0.091435 0.088185 0.094523 0.075164 0.083579 0.092362 0.072895 0.068564 0.084899 0.095592 0.078161 0.083701 0.073365 0.065443 0.066821 0.088321 0.099230 0.091659 0.115379 0.095038
0.026211 0.023260 0.033263 0.050259 0.015961 0.068584 0.026834 0.035663 0.046483 0.060849 0.029841 0.026206 0.024821 0.031551 0.035737 0.042762 0.036041 0.023536 0.017527 0.010153 0.067760 0.042231 0.018011 0.027134 0.018129 0.034996 0.061341 0.057254 0.051554 0.055578 0.043089 0.040188 0.028960 0.029306 0.010054 0.038224 0.008889 0.044725 0.062888 0.007768
0.082960 0.112038 0.111524 0.065182 0.100420 0.156703 0.088319 0.110301 0.137575 0.105607 0.109290 0.115964 0.099127 0.112754 0.152814 0.088911 0.117940 0.109259 0.090217 0.084815 0.110064 0.112449 0.116402 0.108954 0.126823 0.116887 0.091066 0.092599 0.076127 0.096566 0.122368 0.090141 0.093638 0.068748 0.085087 0.091667 0.115305 0.082085 0.091681 0.100324
0.101421 0.092897 0.128490 0.137364 0.112438 0.192185 0.106581 0.184042 0.192052 0.160243 0.126013 0.131266 0.122966 0.082250 0.164188 0.130579 0.090079 0.092126 0.087837 0.098030 0.108846 0.111886 0.138068 0.089703 0.102920 0.110454 0.126447 0.117680 0.104252 0.168113 0.155222 0.113965 0.132671 0.101495 0.117999 0.092219 0.154172 0.118369 0.157302 0.130851
0.096202 0.081839 0.106269 0.126090 0.127874 0.197156 0.109743 0.205704 0.198616 0.173310 0.127080 0.140675 0.143107 0.090353 0.161365 0.123225 0.088685 0.081914 0.070007 0.099038 0.112558 0.116036 0.105148 0.091494 0.106276 0.100798 0.136188 0.121171 0.120396 0.198458 0.148384 0.130447 0.134990 0.112550 0.117994 0.110705 0.135614 0.117510 0.159474 0.129674
0.172269 0.152380 0.158048 0.167002 0.176013 0.252644 0.217185 0.311620 0.321444 0.271151 0.213993 0.225765 0.195510 0.160690 0.256894 0.205584 0.170468 0.180995 0.156865 0.166304 0.197641 0.202631 0.220878 0.167175 0.178893 0.188188 0.198403 0.185677 0.169861 0.237279 0.203048 0.184226 0.216795 0.173823 0.201373 0.181251 0.199498 0.180950 0.237832 0.164687
0.136977 0.131252 0.135657 0.134293 0.143938 0.236536 0.192581 0.275951 0.291642 0.239137 0.193904 0.200699 0.169562 0.154355 0.219332 0.172942 0.139423 0.151725 0.142018 0.141673 0.178188 0.186577 0.181826 0.137129 0.136483 0.164321 0.158218 0.164522 0.141081 0.198648 0.168674 0.160987 0.191896 0.142597 0.161534 0.144645 0.148955 0.134644 0.208500 0.144725
0.177511 0.164254 0.174574 0.166144 0.187292 0.249300 0.225047 0.321140 0.332363 0.288681 0.228143 0.242662 0.202165 0.183691 0.259219 0.214957 0.182499 0.191438 0.166077 0.173449 0.202401 0.224926 0.235101 0.175567 0.190762 0.193692 0.215200 0.194226 0.175698 0.235674 0.218214 0.195660 0.222551 0.186922 0.220669 0.198540 0.215158 0.194178 0.263860 0.177546
0.163873 0.149208 0.162205 0.155723 0.163163 0.241592 0.202060 0.302441 0.317883 0.265831 0.220684 0.226048 0.190010 0.189784 0.266921 0.203177 0.187339 0.186893 0.162069 0.165593 0.191347 0.230828 0.229032 0.160322 0.179164 0.189989 0.204820 0.170348 0.175171 0.232307 0.188373 0.196228 0.226546 0.191744 0.221322 0.209589 0.198253 0.179093 0.263972 0.181216
0.132055 0.145482 0.138220 0.120318 0.152457 0.181841 0.166858 0.248241 0.271297 0.232076 0.166376 0.207810 0.175013 0.158876 0.210654 0.186931 0.155142 0.166048 0.147066 0.156647 0.148116 0.187518 0.184713 0.147884 0.166907 0.153494 0.172221 0.145226 0.135427 0.181970 0.156015 0.146460 0.174639 0.164860 0.199324 0.146627 0.155232 0.148228 0.196261 0.144948
0.078532 0.064415 0.102483 0.058594 0.079136 0.075910 0.107132 0.133431 0.108675 0.115934 0.146874 0.089017 0.127186 0.160269 0.147848 0.130536 0.122560 0.131347 0.106131 0.097395 0.086919 0.117678 0.135526 0.104495 0.129015 0.087520 0.133524 0.091069 0.081913 0.095247 0.071573 0.104917 0.086078 0.096430 0.120064 0.145020 0.118150 0.085991 0.099634 0.076025
0.094222 0.086538 0.128772 0.095476 0.099408 0.166956 0.119242 0.179708 0.191570 0.174473 0.169581 0.166050 0.175107 0.183548 0.196706 0.174650 0.124727 0.132374 0.115574 0.109972 0.120950 0.152090 0.169708 0.124103 0.162319 0.121671 0.169109 0.133293 0.107386 0.168876 0.146621 0.150613 0.150761 0.129417 0.148983 0.160294 0.141716 0.130357 0.159534 0.104861
0.092630 0.082151 0.090736 0.070498 0.069020 0.118907 0.103004 0.142914 0.151093 0.144751 0.151970 0.115044 0.158445 0.171281 0.171292 0.168034 0.117495 0.110440 0.109228 0.100211 0.113226 0.131636 0.158754 0.118829 0.155494 0.104489 0.169097 0.097748 0.084313 0.120613 0.113198 0.102396 0.127686 0.119213 0.158283 0.132935 0.114300 0.117595 0.115749 0.060671
0.149767 0.139473 0.164730 0.156507 0.167066 0.230243 0.181226 0.265800 0.273931 0.249179 0.214702 0.216643 0.207084 0.190853 0.259049 0.213343 0.161246 0.168037 0.142273 0.151129 0.169689 0.198531 0.226040 0.153479 0.202633 0.163622 0.217141 0.162294 0.158884 0.238427 0.200371 0.183692 0.201905 0.176646 0.214308 0.204810 0.202798 0.170909 0.227171 0.150032
0.107738 0.116335 0.143604 0.086661 0.126850 0.169204 0.137392 0.180334 0.193838 0.160211 0.184632 0.146261 0.163015 0.193992 0.220440 0.177440 0.172723 0.164242 0.135297 0.133882 0.138329 0.161403 0.183706 0.146586 0.192609 0.149331 0.173291 0.130245 0.118311 0.135937 0.147312 0.134654 0.138769 0.134981 0.163554 0.184022 0.177263 0.130324 0.143473 0.112165
0.085305 0.081092 0.118037 0.086430 0.072839 0.115441 0.089204 0.104398 0.124061 0.137403 0.128539 0.119872 0.113286 0.143784 0.128853 0.142944 0.109957 0.125203 0.140514 0.073005 0.127142 0.177207 0.120883 0.120200 0.148432 0.142114 0.165818 0.113249 0.095719 0.112509 0.119929 0.112546 0.110320 0.080135 0.119289 0.095894 0.102397 0.109151 0.113513 0.082071
0.080462 0.062346 0.075375 0.050120 0.072274 0.080606 0.104740 0.114656 0.126004 0.109698 0.091801 0.096782 0.071748 0.110766 0.100018 0.122048 0.123200 0.095278 0.130940 0.089449 0.088920 0.114890 0.141994 0.126169 0.115133 0.114379 0.121228 0.082310 0.064133 0.057407 0.077912 0.071479 0.086091 0.075864 0.106665 0.118864 0.102585 0.070483 0.107983 0.090619
0.052848 0.039171 0.100314 0.083787 0.076787 0.132614 0.073778 0.112510 0.148869 0.110030 0.109434 0.114325 0.088874 0.085416 0.126768 0.119169 0.113785 0.111571 0.105282 0.073045 0.114305 0.145008 0.085393 0.069235 0.092724 0.105145 0.088396 0.113457 0.090290 0.128658 0.093404 0.114329 0.103735 0.094989 0.074652 0.094353 0.075207 0.072357 0.143498 0.079557
0.109209 0.096810 0.098670 0.109400 0.096572 0.154321 0.148991 0.186559 0.203181 0.156200 0.144176 0.159723 0.112183 0.104812 0.162720 0.134028 0.135477 0.138135 0.122200 0.116103 0.166780 0.167601 0.167466 0.107102 0.116780 0.147684 0.107960 0.133624 0.113045 0.139824 0.109844 0.116818 0.146070 0.110854 0.120845 0.121626 0.104085 0.094235 0.170897 0.109548
0.089268 0.089792 0.095794 0.095882 0.100424 0.125222 0.116904 0.130692 0.161187 0.131366 0.122507 0.144443 0.089671 0.091087 0.155747 0.118143 0.113417 0.117182 0.107708 0.095799 0.114361 0.161404 0.166543 0.077229 0.124952 0.126368 0.101253 0.102052 0.089467 0.116064 0.094838 0.102096 0.113350 0.103346 0.136923 0.120222 0.123308 0.095402 0.146855 0.089361
0.114922 0.108774 0.090957 0.074147 0.108420 0.112737 0.131402 0.155274 0.178529 0.142076 0.122136 0.149866 0.117749 0.116577 0.154626 0.121222 0.149463 0.125182 0.132339 0.130071 0.145572 0.154082 0.166993 0.127222 0.148668 0.149028 0.098840 0.113200 0.103330 0.118325 0.102456 0.107295 0.114710 0.087325 0.123474 0.127253 0.111195 0.076616 0.123539 0.112548
0.108229 0.085371 0.123975 0.109107 0.108631 0.161908 0.125191 0.145432 0.168315 0.155721 0.160054 0.141847 0.117953 0.141070 0.182892 0.129917 0.122838 0.139528 0.102842 0.087528 0.133935 0.187160 0.158148 0.133978 0.165679 0.127433 0.185425 0.125472 0.116185 0.134385 0.139079 0.136701 0.138001 0.118304 0.163224 0.158933 0.148759 0.148243 0.171217 0.117265
0.114098 0.112403 0.099290 0.069789 0.076353 0.108136 0.114709 0.119019 0.165693 0.137277 0.122304 0.144468 0.110949 0.133142 0.135284 0.125489 0.128613 0.106958 0.158849 0.095151 0.127120 0.194569 0.173753 0.137618 0.154883 0.163639 0.149274 0.101736 0.096801 0.102391 0.090460 0.095517 0.123529 0.091660 0.139277 0.101601 0.122114 0.095470 0.120125 0.111599
0.069541 0.064986 0.077283 0.063705 0.064700 0.108546 0.094052 0.088673 0.129337 0.117199 0.122011 0.103126 0.092152 0.125622 0.124170 0.121938 0.073960 0.093148 0.094562 0.051114 0.078241 0.143985 0.139246 0.115594 0.139691 0.101483 0.155311 0.087015 0.058744 0.074961 0.104658 0.084086 0.112269 0.096949 0.154501 0.106388 0.111352 0.101494 0.123879 0.077086
0.128289 0.106996 0.110344 0.085465 0.103949 0.129555 0.130917 0.149475 0.165899 0.149751 0.139764 0.148311 0.130965 0.163858 0.151737 0.151319 0.150789 0.132782 0.172937 0.107798 0.143580 0.180247 0.178743 0.159977 0.177543 0.173193 0.180725 0.143194 0.102261 0.113265 0.124262 0.125652 0.119895 0.092668 0.142009 0.134707 0.130407 0.116393 0.131585 0.115302
0.104175 0.085132 0.104639 0.069365 0.086434 0.093711 0.091551 0.126015 0.128531 0.090449 0.094650 0.128861 0.075476 0.101308 0.116997 0.076599 0.135060 0.124275 0.128455 0.087447 0.126579 0.133468 0.143820 0.105857 0.113266 0.139865 0.082330 0.096509 0.101195 0.114189 0.086414 0.104493 0.089007 0.070489 0.082617 0.117330 0.111148 0.090307 0.110884 0.109048
0.097444 0.099299 0.127028 0.114092 0.119374 0.164327 0.110863 0.173357 0.180092 0.135612 0.111367 0.127467 0.111995 0.087384 0.159053 0.095875 0.109314 0.098869 0.075215 0.083557 0.120514 0.103487 0.124080 0.086354 0.114941 0.128628 0.121543 0.117282 0.146099 0.178251 0.124508 0.105580 0.119591 0.099236 0.099511 0.090314 0.147575 0.102673 0.136336 0.110233
0.104627 0.101351 0.121423 0.131920 0.123210 0.168876 0.107617 0.193848 0.196144 0.159590 0.123449 0.144774 0.110631 0.078415 0.161394 0.089255 0.088578 0.108544 0.053305 0.094995 0.116316 0.109528 0.117644 0.088164 0.110863 0.100027 0.130863 0.126761 0.144887 0.169108 0.164839 0.129752 0.123088 0.114661 0.131472 0.128888 0.190103 0.146468 0.178669 0.137378
0.116253 0.115406 0.131729 0.125039 0.131136 0.210193 0.151947 0.212014 0.235853 0.190952 0.162959 0.176404 0.155544 0.134788 0.210272 0.171076 0.137665 0.130802 0.108900 0.120577 0.155956 0.162407 0.174487 0.128478 0.162282 0.152551 0.153724 0.159753 0.121839 0.179710 0.197199 0.137685 0.163464 0.134446 0.159957 0.138623 0.167074 0.147343 0.170087 0.122241
0.099752 0.071143 0.111771 0.120195 0.095110 0.161194 0.110382 0.181245 0.186497 0.167852 0.135375 0.154564 0.119279 0.097571 0.161394 0.118510 0.094457 0.108828 0.079428 0.082135 0.119278 0.145023 0.126461 0.093668 0.112985 0.120937 0.140577 0.125343 0.131331 0.175359 0.147222 0.142048 0.143846 0.130155 0.137083 0.135182 0.144811 0.146859 0.191745 0.142424
0.074166 0.065136 0.070352 0.076668 0.076075 0.130508 0.095023 0.129269 0.134820 0.125213 0.113245 0.117881 0.096890 0.092379 0.132136 0.123122 0.083893 0.077068 0.078491 0.063839 0.093461 0.105560 0.131901 0.091826 0.112412 0.114639 0.117277 0.077783 0.076632 0.114478 0.132986 0.066452 0.137529 0.106020 0.116809 0.080758 0.120257 0.105715 0.121998 0.084896
0.109583 0.110417 0.145999 0.125317 0.126889 0.187127 0.155060 0.193410 0.221956 0.199991 0.193249 0.183801 0.147181 0.167020 0.196910 0.171617 0.148753 0.160783 0.141182 0.116649 0.140300 0.202744 0.186923 0.149080 0.176813 0.152295 0.190983 0.161796 0.121115 0.162555 0.187830 0.152841 0.161801 0.135611 0.173176 0.166764 0.166867 0.158264 0.179766 0.112022
0.089068 0.050522 0.098990 0.072239 0.085268 0.083321 0.095737 0.120154 0.101082 0.114936 0.121523 0.108945 0.105337 0.139651 0.144434 0.112369 0.108578 0.129270 0.102839 0.081116 0.089230 0.134808 0.112138 0.090746 0.140775 0.090471 0.140933 0.077882 0.089047 0.099673 0.069825 0.134928 0.090047 0.097057 0.124868 0.168373 0.115626 0.103009 0.133535 0.099857
0.100891 0.091516 0.114805 0.058529 0.097085 0.121357 0.114142 0.134326 0.150986 0.134956 0.162042 0.129595 0.142392 0.204222 0.186697 0.167369 0.153105 0.144981 0.139819 0.117164 0.119290 0.154180 0.175421 0.128266 0.172839 0.122805 0.152147 0.106066 0.084170 0.097677 0.116889 0.117357 0.111653 0.109042 0.148950 0.172903 0.125703 0.104708 0.109168 0.073529
0.103973 0.098418 0.110060 0.112652 0.089785 0.138622 0.098764 0.150659 0.142374 0.146602 0.130812 0.142075 0.107091 0.114185 0.162880 0.119419 0.102726 0.139821 0.097069 0.077595 0.114363 0.145106 0.138799 0.085758 0.139053 0.111163 0.160041 0.101152 0.124953 0.131648 0.123833 0.146222 0.120924 0.147221 0.159530 0.154420 0.167067 0.182547 0.186045 0.109809
0.120691 0.113209 0.121876 0.096817 0.119295 0.148461 0.092598 0.136955 0.165116 0.139318 0.120908 0.156099 0.080980 0.102791 0.164348 0.083742 0.125293 0.150265 0.100826 0.097375 0.118481 0.141073 0.128632 0.082847 0.119636 0.128759 0.110747 0.116861 0.164469 0.119085 0.126746 0.136833 0.099886 0.127812 0.128375 0.164934 0.167372 0.172682 0.206690 0.151557
0.119797 0.114546 0.101757 0.094946 0.098159 0.134691 0.098382 0.143315 0.160079 0.142654 0.101230 0.142784 0.073212 0.081102 0.134238 0.083211 0.107684 0.127755 0.097211 0.093490 0.110649 0.122152 0.132270 0.083631 0.104175 0.120021 0.118524 0.108879 0.153435 0.116751 0.121238 0.121625 0.102144 0.127535 0.129640 0.147047 0.170922 0.183859 0.212925 0.156423
0.126912 0.115229 0.107782 0.090880 0.092102 0.136429 0.113145 0.159827 0.185315 0.163368 0.107109 0.140597 0.083186 0.086167 0.152449 0.085814 0.119846 0.132755 0.108828 0.097543 0.110718 0.133381 0.140050 0.084423 0.110349 0.122888 0.125242 0.118653 0.159364 0.125491 0.119751 0.126733 0.116966 0.141233 0.145319 0.146879 0.175960 0.192255 0.220916 0.158582
0.127102 0.128119 0.116074 0.129126 0.112024 0.186588 0.104949 0.148766 0.176838 0.166860 0.136047 0.153682 0.099296 0.107117 0.168347 0.108624 0.107787 0.130768 0.102096 0.096627 0.135238 0.155922 0.143263 0.095068 0.123551 0.133930 0.152958 0.134090 0.159103 0.146712 0.157088 0.141653 0.127410 0.139879 0.153728 0.149020 0.180964 0.196742 0.229204 0.141264
