0.061185 0.065287 0.105610 0.085460 0.064680 0.114504 0.096079 0.114833 0.145623 0.119720 0.122966 0.107248 0.080227 0.104890 0.125173 0.107890 0.101921 0.117605 0.111670 0.068612 0.085170 0.177104 0.103425 0.083150 0.102313 0.114396 0.125923 0.100950 0.094607 0.104856 0.084129 0.125155 0.120730 0.123285 0.127247 0.110603 0.119107 0.112918 0.178449 0.113264
0.089570 0.063054 0.092068 0.087463 0.055629 0.072153 0.061827 0.100030 0.080635 0.087061 0.086707 0.092622 0.057828 0.058073 0.101038 0.068134 0.089452 0.101977 0.084587 0.049066 0.091572 0.088288 0.094651 0.075256 0.083729 0.092489 0.073038 0.068689 0.085000 0.095695 0.078242 0.083820 0.073493 0.065514 0.066933 0.088429 0.099318 0.091750 0.115501 0.095167
0.026261 0.023306 0.033310 0.050287 0.015989 0.068569 0.026884 0.035731 0.046547 0.060863 0.029904 0.026259 0.024871 0.031604 0.035800 0.042820 0.036090 0.023588 0.017566 0.010168 0.067744 0.042297 0.018044 0.027186 0.018158 0.035047 0.061361 0.057260 0.051584 0.055605 0.043136 0.040244 0.029014 0.029361 0.010060 0.038284 0.008893 0.044775 0.062916 0.007776
0.083088 0.112167 0.111716 0.065321 0.100546 0.156809 0.088479 0.110461 0.137729 0.105813 0.109467 0.116157 0.099307 0.112914 0.152982 0.089079 0.118095 0.109418 0.090333 0.084966 0.110254 0.112576 0.116580 0.109118 0.127018 0.117051 0.091241 0.092781 0.076272 0.096679 0.122544 0.090317 0.093796 0.068899 0.085276 0.091805 0.115492 0.082222 0.091884 0.100476
0.101566 0.093041 0.128690 0.137547 0.112621 0.192338 0.106769 0.184222 0.192256 0.160455 0.126242 0.131494 0.123157 0.082433 0.164419 0.130752 0.090202 0.092315 0.087958 0.098211 0.109048 0.112053 0.138234 0.089902 0.103126 0.110646 0.126675 0.117903 0.104407 0.168248 0.155409 0.114174 0.132855 0.101664 0.118219 0.092366 0.154360 0.118554 0.157506 0.131047
0.096342 0.081999 0.106437 0.126283 0.128038 0.197273 0.109889 0.205835 0.198797 0.173505 0.127286 0.140867 0.143298 0.090533 0.161587 0.123390 0.088826 0.082084 0.070122 0.099231 0.112750 0.116225 0.105331 0.091688 0.106458 0.100972 0.136399 0.121352 0.120557 0.198599 0.148583 0.130642 0.135183 0.112710 0.118191 0.110854 0.135778 0.117685 0.159678 0.129844
0.172561 0.152655 0.158354 0.167278 0.176285 0.252954 0.217475 0.311903 0.321728 0.271497 0.214339 0.226114 0.195826 0.160971 0.257252 0.205894 0.170750 0.181315 0.157127 0.166597 0.197937 0.202952 0.221197 0.167450 0.179184 0.188507 0.198746 0.185987 0.170133 0.237568 0.203345 0.184557 0.217134 0.174129 0.201680 0.181552 0.199795 0.181212 0.238178 0.164951
0.137216 0.131476 0.135906 0.134519 0.144154 0.236782 0.192830 0.276133 0.291857 0.239399 0.194198 0.200984 0.169843 0.154636 0.219632 0.173230 0.139661 0.151970 0.142249 0.141921 0.178440 0.186834 0.182086 0.137367 0.136735 0.164588 0.158494 0.164793 0.141329 0.198871 0.168926 0.161272 0.192187 0.142858 0.161812 0.144889 0.149215 0.134858 0.208831 0.144955
0.177823 0.164555 0.174906 0.166428 0.187590 0.249622 0.225362 0.321443 0.332677 0.289049 0.228505 0.243034 0.202506 0.183993 0.259602 0.215283 0.182800 0.191772 0.166351 0.173756 0.202712 0.225253 0.235422 0.175866 0.191076 0.194027 0.215562 0.194553 0.175981 0.235974 0.218532 0.196007 0.222906 0.187245 0.220999 0.198863 0.215483 0.194463 0.264209 0.177831
0.164153 0.149479 0.162502 0.155997 0.163426 0.241920 0.202341 0.302718 0.318178 0.266159 0.221023 0.226394 0.190332 0.190085 0.267261 0.203482 0.187618 0.187197 0.162320 0.165898 0.191624 0.231132 0.229338 0.160616 0.179471 0.190302 0.205157 0.170640 0.175447 0.232580 0.188640 0.196548 0.226882 0.192048 0.221649 0.209875 0.198560 0.179332 0.264317 0.181502
0.132298 0.145746 0.138467 0.120545 0.152693 0.182134 0.167077 0.248508 0.271524 0.232377 0.166653 0.208106 0.175286 0.159120 0.210941 0.187182 0.155428 0.166340 0.147299 0.156937 0.148360 0.187752 0.184948 0.148124 0.167166 0.153791 0.172502 0.145483 0.135666 0.182236 0.156261 0.146739 0.174930 0.165129 0.199620 0.146895 0.155533 0.148451 0.196549 0.145194
0.078678 0.064556 0.102656 0.058724 0.079298 0.076074 0.107306 0.133627 0.108881 0.116135 0.147038 0.089218 0.127332 0.160385 0.148017 0.130715 0.122716 0.131496 0.106286 0.097574 0.087085 0.117796 0.135717 0.104661 0.129213 0.087672 0.133698 0.091215 0.082043 0.095414 0.071704 0.105097 0.086255 0.096555 0.120205 0.145198 0.118328 0.086170 0.099768 0.076168
0.094409 0.086706 0.128994 0.095656 0.099602 0.167135 0.119457 0.179940 0.191787 0.174721 0.169823 0.166279 0.175313 0.183735 0.196940 0.174874 0.124922 0.132577 0.115759 0.110169 0.121157 0.152306 0.169936 0.124327 0.162542 0.121886 0.169352 0.133493 0.107571 0.169085 0.146812 0.150849 0.150976 0.129633 0.149215 0.160464 0.141956 0.130592 0.159757 0.105031
0.092830 0.082309 0.090924 0.070627 0.069184 0.119068 0.103164 0.143150 0.151281 0.144996 0.152176 0.115277 0.158620 0.171419 0.171498 0.168201 0.117687 0.110645 0.109429 0.100388 0.113412 0.131843 0.158960 0.119008 0.155665 0.104691 0.169315 0.097909 0.084452 0.120812 0.113355 0.102596 0.127889 0.119412 0.158455 0.133100 0.114524 0.117814 0.115938 0.060807
0.150025 0.139738 0.165022 0.156768 0.167341 0.230518 0.181489 0.266099 0.274230 0.249514 0.215026 0.216963 0.207386 0.191101 0.259371 0.213613 0.161500 0.168324 0.142514 0.151403 0.169976 0.198822 0.226351 0.153755 0.202915 0.163924 0.217469 0.162567 0.159138 0.238702 0.200640 0.184007 0.202214 0.176927 0.214621 0.205081 0.203085 0.171159 0.227472 0.150273
0.107935 0.116530 0.143860 0.086845 0.127057 0.169413 0.137619 0.180609 0.194095 0.160510 0.184892 0.146534 0.163243 0.194179 0.220684 0.177656 0.172944 0.164476 0.135499 0.134114 0.138577 0.161601 0.183970 0.146826 0.192862 0.149562 0.173546 0.130474 0.118501 0.136144 0.147533 0.134905 0.139006 0.135205 0.163789 0.184237 0.177504 0.130544 0.143697 0.112362
0.085492 0.081220 0.118231 0.086595 0.073022 0.115561 0.089386 0.104626 0.124268 0.137588 0.128717 0.120112 0.113499 0.143962 0.129082 0.143106 0.110127 0.125402 0.140714 0.073174 0.127328 0.177376 0.121060 0.120369 0.148620 0.142303 0.166017 0.113456 0.095892 0.112646 0.120062 0.112744 0.110516 0.080319 0.119467 0.096043 0.102612 0.109354 0.113706 0.082219
0.080602 0.062441 0.075523 0.050234 0.072410 0.080783 0.104872 0.114827 0.126156 0.109878 0.091972 0.096983 0.071878 0.110885 0.100187 0.122179 0.123317 0.095443 0.131067 0.089603 0.089064 0.114972 0.142111 0.126280 0.115281 0.114518 0.121359 0.082478 0.064235 0.057507 0.078037 0.071621 0.086256 0.076010 0.106786 0.119033 0.102732 0.070632 0.108146 0.090752
0.052941 0.039250 0.100446 0.083915 0.076875 0.132753 0.073922 0.112682 0.149009 0.110167 0.109602 0.114477 0.089010 0.085544 0.126926 0.119317 0.113882 0.111711 0.105420 0.073178 0.114399 0.145126 0.085499 0.069374 0.092874 0.105301 0.088498 0.113614 0.090387 0.128759 0.093542 0.114471 0.103864 0.095128 0.074761 0.094438 0.075301 0.072483 0.143642 0.079662
0.109393 0.096967 0.098847 0.109568 0.096707 0.154553 0.149168 0.186745 0.203371 0.156418 0.144400 0.159950 0.112388 0.105003 0.162937 0.134250 0.135638 0.138317 0.122370 0.116285 0.166935 0.167770 0.167636 0.107268 0.116993 0.147903 0.108120 0.133841 0.113188 0.139983 0.110007 0.117015 0.146267 0.111053 0.121004 0.121799 0.104242 0.094378 0.171126 0.109722
0.089410 0.089933 0.095961 0.096038 0.100570 0.125441 0.117059 0.130894 0.161375 0.131565 0.122716 0.144611 0.089840 0.091242 0.155932 0.118318 0.113531 0.117346 0.107851 0.095954 0.114505 0.161542 0.166695 0.077382 0.125150 0.126557 0.101386 0.102245 0.089562 0.116191 0.094982 0.102290 0.113517 0.103519 0.137065 0.120376 0.123415 0.095500 0.147058 0.089529
0.115123 0.108925 0.091147 0.074304 0.108576 0.112965 0.131577 0.155492 0.178718 0.142306 0.122352 0.150101 0.117947 0.116777 0.154841 0.121421 0.149637 0.125354 0.132526 0.130276 0.145778 0.154273 0.167205 0.127382 0.148880 0.149243 0.099028 0.113399 0.103492 0.118499 0.102631 0.107475 0.114935 0.087500 0.123664 0.127441 0.111376 0.076756 0.123749 0.112729
0.108413 0.085541 0.124185 0.109298 0.108816 0.162103 0.125376 0.145697 0.168557 0.155969 0.160279 0.142100 0.118165 0.141201 0.183124 0.130071 0.123002 0.139750 0.102982 0.087694 0.134119 0.187345 0.158341 0.134164 0.165876 0.127617 0.185650 0.125688 0.116335 0.134563 0.139246 0.136895 0.138209 0.118493 0.163393 0.159125 0.148938 0.148427 0.171422 0.117437
0.114325 0.112564 0.099499 0.069948 0.076534 0.108331 0.114887 0.119258 0.165881 0.137499 0.122507 0.144723 0.111171 0.133329 0.135518 0.125684 0.128812 0.107155 0.159057 0.095337 0.127344 0.194718 0.173942 0.137793 0.155101 0.163835 0.149484 0.101961 0.096976 0.102555 0.090585 0.095725 0.123762 0.091867 0.139470 0.101781 0.122366 0.095658 0.120379 0.111799
0.069698 0.065105 0.077439 0.063838 0.064848 0.108698 0.094196 0.088864 0.129487 0.117396 0.122197 0.103294 0.092292 0.125712 0.124356 0.122047 0.074081 0.093318 0.094694 0.051215 0.078376 0.144088 0.139389 0.115715 0.139815 0.101634 0.155474 0.087190 0.058843 0.075099 0.104786 0.084231 0.112421 0.097115 0.154629 0.106519 0.111503 0.101648 0.124039 0.077210
0.128521 0.107158 0.110565 0.085642 0.104163 0.129760 0.131119 0.149743 0.166145 0.150007 0.140000 0.148598 0.131174 0.164056 0.151997 0.151539 0.150993 0.133029 0.173161 0.107999 0.143804 0.180421 0.178956 0.160173 0.177764 0.173404 0.180956 0.143423 0.102430 0.113435 0.124447 0.125888 0.120129 0.092856 0.142208 0.134925 0.130629 0.116616 0.131800 0.115505
0.104330 0.085243 0.104822 0.069497 0.086559 0.093899 0.091705 0.126200 0.128715 0.090635 0.094809 0.129070 0.075652 0.101476 0.117150 0.076772 0.135186 0.124444 0.128597 0.087612 0.126770 0.133646 0.143962 0.106009 0.113472 0.140009 0.082491 0.096691 0.101336 0.114311 0.086526 0.104677 0.089184 0.070627 0.082781 0.117476 0.111308 0.090436 0.111046 0.109216
0.097599 0.099483 0.127245 0.114221 0.119516 0.164450 0.111053 0.173552 0.180294 0.135819 0.111572 0.127672 0.112207 0.087565 0.159231 0.096040 0.109460 0.099044 0.075364 0.083726 0.120709 0.103670 0.124281 0.086547 0.115151 0.128812 0.121737 0.117473 0.146272 0.178417 0.124666 0.105777 0.119779 0.099400 0.099688 0.090444 0.147744 0.102830 0.136486 0.110407
0.104788 0.101543 0.121641 0.132109 0.123385 0.169063 0.107803 0.194044 0.196340 0.159826 0.123660 0.144962 0.110846 0.078573 0.161612 0.089413 0.088728 0.108728 0.053413 0.095173 0.116531 0.109725 0.117829 0.088358 0.111063 0.100204 0.131107 0.126958 0.145063 0.169289 0.165032 0.129956 0.123273 0.114825 0.131700 0.129055 0.190270 0.146624 0.178824 0.137561
0.116432 0.115584 0.131943 0.125247 0.131330 0.210393 0.152142 0.212239 0.236069 0.191213 0.163234 0.176645 0.155765 0.135010 0.210530 0.171291 0.137845 0.131043 0.109076 0.120781 0.156174 0.162649 0.174699 0.128708 0.162492 0.152787 0.153966 0.159992 0.122012 0.179880 0.197422 0.137925 0.163687 0.134662 0.160192 0.138813 0.167266 0.147538 0.170321 0.122429
0.099890 0.071285 0.111943 0.120392 0.095279 0.161378 0.110542 0.181435 0.186701 0.168031 0.135581 0.154759 0.119469 0.097717 0.161626 0.118681 0.094592 0.108995 0.079538 0.082296 0.119442 0.145211 0.126626 0.093863 0.113178 0.121103 0.140792 0.125528 0.131481 0.175519 0.147376 0.142219 0.144018 0.130324 0.137264 0.135305 0.144945 0.147020 0.191933 0.142589
0.074275 0.065235 0.070485 0.076797 0.076215 0.130636 0.095123 0.129430 0.134980 0.125394 0.113415 0.118074 0.097048 0.092489 0.132315 0.123254 0.083980 0.077217 0.078636 0.063962 0.093614 0.105692 0.132032 0.091957 0.112524 0.114793 0.117444 0.077943 0.076742 0.114575 0.133094 0.066560 0.137652 0.106168 0.116952 0.080843 0.120382 0.105841 0.122174 0.085006
0.109778 0.110607 0.146249 0.125537 0.127103 0.187353 0.155311 0.193682 0.222192 0.200267 0.193533 0.184068 0.147415 0.167248 0.197196 0.171841 0.148945 0.161046 0.141392 0.116860 0.140521 0.203004 0.187137 0.149309 0.177035 0.152554 0.191234 0.162047 0.121315 0.162755 0.188068 0.153098 0.162046 0.135859 0.173418 0.166988 0.167087 0.158503 0.179987 0.112204
0.089226 0.050646 0.099173 0.072398 0.085428 0.083503 0.095890 0.120367 0.101300 0.115134 0.121687 0.109147 0.105506 0.139752 0.144613 0.112502 0.108713 0.129421 0.102957 0.081271 0.089395 0.134943 0.112330 0.090891 0.140972 0.090613 0.141118 0.078040 0.089182 0.099856 0.069960 0.135093 0.090216 0.097199 0.125016 0.168500 0.115796 0.103180 0.133683 0.099985
0.101085 0.091671 0.115021 0.058667 0.097273 0.121559 0.114338 0.134581 0.151208 0.135213 0.162263 0.129842 0.142582 0.204383 0.186905 0.167564 0.153301 0.145184 0.140017 0.117362 0.119501 0.154354 0.175646 0.128459 0.173040 0.123011 0.152361 0.106257 0.084343 0.097841 0.117062 0.117580 0.111866 0.109245 0.149159 0.173118 0.125957 0.104908 0.109388 0.073689
0.104166 0.098585 0.110281 0.112840 0.089955 0.138847 0.098938 0.150925 0.142613 0.146867 0.131002 0.142300 0.107286 0.114315 0.163102 0.119576 0.102894 0.140047 0.097244 0.077744 0.114559 0.145346 0.138980 0.085943 0.139258 0.111366 0.160291 0.101335 0.125106 0.131843 0.123990 0.146445 0.121115 0.147422 0.159745 0.154556 0.167243 0.182711 0.186205 0.109964
0.120888 0.113388 0.122109 0.096988 0.119474 0.148733 0.092799 0.137208 0.165374 0.139578 0.121118 0.156338 0.081175 0.102947 0.164582 0.083921 0.125465 0.150477 0.100975 0.097559 0.118673 0.141277 0.128817 0.083040 0.119871 0.128970 0.110964 0.117067 0.164641 0.119250 0.126938 0.137036 0.100085 0.128009 0.128578 0.165138 0.167551 0.172803 0.206849 0.151763
0.120000 0.114729 0.101972 0.095113 0.098330 0.134947 0.098556 0.143548 0.160320 0.142912 0.101423 0.143028 0.073395 0.081250 0.134471 0.083382 0.107863 0.127978 0.097347 0.093663 0.110831 0.122361 0.132418 0.083807 0.104398 0.120222 0.118745 0.109075 0.153596 0.116928 0.121419 0.121821 0.102343 0.127733 0.129846 0.147250 0.171100 0.183994 0.213058 0.156617
0.127135 0.115415 0.108014 0.091043 0.092263 0.136698 0.113337 0.160073 0.185539 0.163622 0.107312 0.140846 0.083380 0.086333 0.152695 0.085998 0.120047 0.132987 0.108986 0.097733 0.110912 0.133611 0.140224 0.084601 0.110589 0.123088 0.125477 0.118868 0.159535 0.125695 0.119942 0.126939 0.117187 0.141449 0.145532 0.147083 0.176164 0.192408 0.221074 0.158792
0.127333 0.128323 0.116320 0.129315 0.112228 0.186825 0.105158 0.149045 0.177115 0.167148 0.136288 0.153945 0.099511 0.107287 0.168629 0.108816 0.107970 0.131013 0.102273 0.096806 0.135436 0.156165 0.143456 0.095275 0.123775 0.134170 0.153207 0.134311 0.159269 0.146889 0.157304 0.141885 0.127639 0.140101 0.153950 0.149236 0.181160 0.196916 0.229390 0.141466
