 1  6  2 0.725694
 2  8  1 0.702222
 3  6  2 0.758333
 4  6  2 0.755952
 5  5  1 0.860215
 6  5  2 0.691667
 7  9  4 0.858333
 8  5  1 0.808333
 9  6  2 0.703448
10  4  4 0.875000
11  6  1 0.860215
12 10  1 1.000000
13  7  3 0.984375
14  9  4 0.765517
15  9  4 0.828125
16  4  1 0.812500
17  7  2 0.953125
18  7  2 0.968750
19  8  1 0.765625
20  5  2 0.827957
21  8  1 0.703125
22  6  4 0.968750
23  6  2 0.859375
24  4  4 0.848276
25  8  2 0.795699
26  5  2 0.870968
27  6  1 0.734375
28 10  1 0.708333
29  9  2 0.838710
30  7  2 0.825000
31  5  2 0.875000
32  4  3 0.776786
33  9  2 0.659091
34  6  3 0.653979
