1.11276 1.20342 1.10827 1.19879 1.24086 1.17199 1.14902 1.12861 1.17171 1.1983 1.16775 1.12586 1.16184 1.12343 1.05092 1.18936 1.20857 1.23676 1.14326 1.17865 1.16089 1.10712 1.14117 1.13718 1.14579 1.18538 1.12794 1.15732 1.21249 1.19316 1.09861 1.09637 1.16824 1.12943 1.18604 1.24668 1.12005 1.11346 1.23655 1.10957 
0.426646 0.441927 0.447173 0.438023 0.457159 0.440257 0.470786 0.389688 0.407064 0.4172 0.411296 0.423871 0.428561 0.457033 0.410871 0.425832 0.444591 0.492249 0.416573 0.463011 0.447853 0.428598 0.388838 0.382737 0.410365 0.373817 0.42065 0.473955 0.432864 0.458524 0.46424 0.45576 0.425506 0.433775 0.455313 0.44841 0.451846 0.427977 0.432585 0.395199 
0.932164 0.92154 0.999178 0.972778 0.935091 0.950559 0.941208 1.01122 1.06145 1.03524 0.971779 1.02226 0.868933 0.936769 0.976751 0.902239 0.916906 0.844342 0.910785 0.904095 0.947903 0.979638 0.962004 0.905117 0.908487 1.00602 0.859132 0.949206 0.957482 0.970603 0.917018 0.937885 0.940053 1.01684 0.922676 0.942559 0.951359 0.991487 0.926059 0.953027 
0.874196 0.995428 0.992924 0.907454 0.875469 1.00436 0.916884 0.931656 0.941449 0.914774 0.967117 0.861028 0.934844 0.847867 0.945086 0.997238 1.01778 0.902561 0.900575 0.955511 0.940608 0.949081 0.983196 0.959776 1.07064 0.950976 0.894486 0.933129 0.919564 0.943308 0.886459 0.889751 0.928391 0.953224 0.951673 1.03308 0.905783 0.99995 0.989367 0.906721 
0.49538 0.434702 0.485998 0.473141 0.557939 0.523429 0.481982 0.547874 0.475636 0.447868 0.484144 0.464514 0.49298 0.476996 0.455923 0.454878 0.467517 0.445924 0.501609 0.516536 0.525038 0.532767 0.548621 0.476083 0.498382 0.419391 0.515722 0.588127 0.490534 0.49581 0.574332 0.503008 0.507192 0.509835 0.508832 0.506492 0.4933 0.470409 0.506744 0.501429 
0.283107 0.335716 0.349033 0.311213 0.352113 0.327035 0.392796 0.351863 0.385586 0.339231 0.356299 0.331001 0.367725 0.362708 0.348789 0.304076 0.347525 0.379581 0.320999 0.333397 0.319523 0.326511 0.336647 0.365609 0.295751 0.341592 0.322928 0.365814 0.314493 0.352221 0.326886 0.339627 0.300421 0.341696 0.296394 0.328858 0.358823 0.331474 0.338821 0.297013 
0.806416 0.767971 0.80653 0.707962 0.71335 0.788072 0.660311 0.737701 0.734465 0.699859 0.7523 0.774613 0.739005 0.687406 0.744696 0.661398 0.756409 0.698894 0.758105 0.697703 0.701446 0.77936 0.730888 0.798182 0.683056 0.750102 0.741242 0.668952 0.75204 0.671641 0.712479 0.729079 0.725621 0.746554 0.738869 0.74569 0.814021 0.670713 0.718465 0.740976 
0.804806 0.840531 0.80877 0.792402 0.826447 0.811359 0.766835 0.79247 0.830717 0.811307 0.914241 0.867894 0.866419 0.757285 0.838234 0.814292 0.809127 0.744228 0.775267 0.750776 0.806171 0.804939 0.857227 0.83658 0.772157 0.824175 0.792087 0.805675 0.846198 0.747342 0.821907 0.84862 0.803745 0.84117 0.822016 0.81688 0.793836 0.823288 0.816973 0.762305 
0.354944 0.37583 0.316862 0.353051 0.368204 0.373899 0.318182 0.381494 0.373996 0.326716 0.369307 0.36616 0.361052 0.329573 0.390819 0.379211 0.39096 0.392415 0.375332 0.417775 0.333871 0.414802 0.385336 0.369334 0.326397 0.305204 0.345811 0.349011 0.372995 0.390539 0.362494 0.328173 0.403652 0.476245 0.411488 0.315638 0.339951 0.380083 0.361477 0.377833 
0.879249 0.89089 0.898308 0.866658 0.859677 0.861361 0.827016 0.800022 0.890973 0.947631 0.859413 0.825075 0.810584 0.760087 0.944864 0.880558 0.720904 0.843308 0.870636 0.800709 0.855545 0.818564 0.856335 0.851186 0.848785 0.983059 0.90151 0.856525 0.90778 0.873817 0.822712 0.905832 0.800567 0.853429 0.874539 0.882241 0.904854 0.870984 0.912625 0.855666 
1.02991 1.02094 0.911401 0.975079 1.06954 1.024 1.02051 0.988974 1.11095 1.0447 0.978926 0.969401 0.95032 0.850734 1.03973 0.978835 0.996876 1.09704 1.05428 1.01405 1.08047 1.04544 1.07212 0.972082 1.09861 0.9529 0.990516 1.04145 0.995782 1.05102 1.0626 1.07841 1.04755 0.97173 0.85392 1.08627 1.15359 1.08038 1.18562 0.995803 
0.1677 0.165806 0.154791 0.166005 0.15775 0.208378 0.184132 0.165569 0.180918 0.181485 0.175756 0.171158 0.157629 0.168045 0.171445 0.157554 0.181223 0.178834 0.174929 0.162105 0.178731 0.162583 0.16619 0.200671 0.167272 0.189594 0.157604 0.141923 0.155405 0.168546 0.145875 0.20306 0.19437 0.177133 0.171226 0.166848 0.209575 0.190237 0.171792 0.214855 
0.49538 0.538421 0.507652 0.537494 0.624519 0.613416 0.543086 0.555747 0.537277 0.561684 0.529547 0.465095 0.572769 0.491342 0.477726 0.508928 0.541642 0.569329 0.513806 0.568382 0.498104 0.488353 0.570647 0.562391 0.562094 0.471361 0.520847 0.494267 0.53577 0.569993 0.563211 0.499071 0.548066 0.536999 0.506719 0.486104 0.533891 0.5688 0.530295 0.576801 
0.896998 0.869256 0.924887 0.906127 0.86471 0.905709 0.886338 0.85294 0.958305 0.858487 0.988492 0.917164 0.885166 0.878688 0.884369 0.850151 0.79766 0.901272 0.827077 0.906721 0.939909 0.973831 0.945517 0.898624 0.938957 1.00948 0.834285 0.906598 0.955511 1.01902 1.09342 0.943127 0.867283 0.891818 0.86586 0.95037 0.843191 0.890068 0.939417 0.911836 
0.52318 0.470993 0.528963 0.509738 0.549888 0.420135 0.551497 0.544329 0.543615 0.58016 0.537992 0.600347 0.578544 0.516075 0.552132 0.537931 0.509306 0.563241 0.571329 0.518632 0.508814 0.539777 0.550046 0.510121 0.615898 0.568521 0.635633 0.50197 0.619416 0.625184 0.581229 0.559305 0.494073 0.521425 0.553936 0.552375 0.523822 0.544038 0.567136 0.576784 
0.419135 0.472128 0.470719 0.443184 0.485699 0.464044 0.404248 0.428475 0.453862 0.396905 0.451854 0.479172 0.500143 0.506241 0.404908 0.451066 0.441378 0.402115 0.426672 0.506147 0.491184 0.437499 0.476924 0.424785 0.444098 0.480586 0.44695 0.42848 0.430624 0.426697 0.524431 0.450955 0.397773 0.450046 0.474505 0.399126 0.459432 0.411445 0.424316 0.433439 
0.290356 0.22559 0.294163 0.27438 0.253736 0.260132 0.306547 0.276253 0.326744 0.246004 0.253978 0.240543 0.252896 0.265595 0.241816 0.24608 0.28106 0.263762 0.263169 0.24238 0.245197 0.297783 0.228471 0.242066 0.30088 0.232225 0.210886 0.299036 0.264387 0.242641 0.244757 0.252067 0.309924 0.308269 0.244374 0.275193 0.254206 0.281056 0.293066 0.229164 
0.644829 0.680338 0.711125 0.729617 0.718931 0.64462 0.700672 0.73622 0.743578 0.736072 0.786644 0.713462 0.720176 0.806702 0.695548 0.665996 0.747449 0.717759 0.734899 0.70651 0.817876 0.785222 0.898087 0.802477 0.718465 0.698627 0.729681 0.702005 0.629968 0.680763 0.730499 0.762632 0.743337 0.720031 0.74207 0.640961 0.719514 0.735181 0.797681 0.726247 
0.600316 0.570107 0.609723 0.63761 0.596297 0.544604 0.591795 0.59257 0.557481 0.625325 0.593064 0.66989 0.685712 0.628778 0.585177 0.620985 0.611415 0.550781 0.572366 0.555572 0.643401 0.628427 0.644262 0.638188 0.660301 0.687814 0.572276 0.600253 0.536305 0.60038 0.666218 0.599155 0.643876 0.638641 0.6577 0.596493 0.580434 0.64428 0.578026 0.589216 
0.859791 0.888176 0.813369 0.837819 0.764891 0.824462 0.866619 0.852212 0.758067 0.905614 0.920537 0.837328 0.789088 0.785397 0.860721 0.86592 0.85672 0.878615 0.755165 0.828489 0.834263 0.905322 0.926102 0.833485 0.828606 0.802767 0.820708 0.702156 0.848138 0.889994 0.92433 0.974464 0.906019 0.98461 0.773836 0.884295 0.874124 0.73482 0.884112 0.883455 
0.192626 0.17856 0.195008 0.23404 0.198013 0.186436 0.164504 0.186102 0.185111 0.181718 0.21198 0.174523 0.201386 0.189973 0.176362 0.152926 0.220658 0.243978 0.190778 0.18067 0.207268 0.236159 0.242182 0.221255 0.198949 0.177093 0.170175 0.172599 0.181462 0.178342 0.23344 0.228047 0.180359 0.189525 0.231112 0.226586 0.213574 0.239176 0.162859 0.196484 
0.564992 0.604999 0.519715 0.526093 0.585232 0.524715 0.492239 0.530012 0.555971 0.606655 0.563368 0.594316 0.577711 0.499652 0.516338 0.559976 0.564017 0.565181 0.529335 0.57456 0.584362 0.528655 0.623189 0.554561 0.639839 0.579263 0.617519 0.543229 0.603199 0.513192 0.602239 0.534287 0.481929 0.594625 0.509805 0.568627 0.550187 0.578868 0.567403 0.531003 
0.908493 0.882737 0.945773 0.884382 0.895191 0.817178 0.886554 0.87761 0.834726 0.975066 0.8744 0.84834 0.922791 0.838732 0.957162 0.810561 0.846546 0.896257 0.901737 0.946272 0.872241 0.869407 0.799961 0.755479 0.990399 0.986582 0.882661 1.01338 0.891677 0.790945 0.956513 0.887061 0.988861 0.853062 0.891306 0.845586 0.922181 0.910494 0.851662 0.937839 
0.626136 0.766329 0.759981 0.652007 0.632876 0.642059 0.684883 0.705401 0.671373 0.668988 0.749981 0.733439 0.635194 0.639274 0.652971 0.638145 0.655202 0.769626 0.632391 0.714966 0.652464 0.704678 0.642385 0.652163 0.71244 0.636966 0.686146 0.595358 0.743431 0.764945 0.764914 0.681047 0.636517 0.762991 0.755078 0.725766 0.710557 0.755701 0.729427 0.666691 
0.559616 0.559616 0.65027 0.583713 0.556761 0.635989 0.566395 0.641854 0.616999 0.643203 0.621688 0.636794 0.658487 0.654956 0.624396 0.622195 0.599083 0.599733 0.573494 0.564102 0.571312 0.626024 0.627359 0.622136 0.640961 0.558588 0.650292 0.640266 0.626136 0.591472 0.592184 0.665262 0.621904 0.608449 0.630926 0.647074 0.664552 0.630205 0.645339 0.633172 
0.357234 0.319193 0.357897 0.309159 0.34811 0.349495 0.37711 0.300961 0.34197 0.342184 0.317241 0.33275 0.358668 0.334696 0.376831 0.305104 0.349924 0.336906 0.327297 0.377584 0.329238 0.357718 0.331631 0.347687 0.395561 0.321841 0.326494 0.343275 0.297 0.311872 0.396654 0.311128 0.373045 0.351501 0.352102 0.369022 0.404797 0.326936 0.325798 0.371306 
0.350202 0.370294 0.380423 0.414944 0.417019 0.412532 0.32298 0.37678 0.363056 0.356039 0.374577 0.360716 0.418327 0.380825 0.40276 0.342095 0.411221 0.367456 0.382011 0.358764 0.376908 0.347178 0.36878 0.423916 0.358436 0.33689 0.37634 0.381532 0.403536 0.37625 0.402402 0.340968 0.371686 0.43026 0.358479 0.363425 0.418067 0.396701 0.328897 0.373899 
0.750826 0.675085 0.681171 0.661953 0.712029 0.717976 0.668101 0.723584 0.658175 0.688673 0.680686 0.75248 0.687662 0.693147 0.746862 0.656446 0.715335 0.683973 0.57934 0.654332 0.699472 0.649058 0.709827 0.579488 0.725937 0.696347 0.734469 0.757906 0.535438 0.734532 0.777535 0.664327 0.630527 0.70185 0.711085 0.699339 0.713408 0.724696 0.691485 0.739501 
0.734103 0.827297 0.835241 0.935412 0.820686 0.87707 0.792906 0.77319 0.83844 0.691671 0.851371 0.802679 0.803428 0.758681 0.736975 0.755668 0.828735 0.784691 0.677256 0.861739 0.895698 0.835408 0.781116 0.783042 0.828374 0.791229 0.717759 0.743379 0.709148 0.825075 0.666027 0.76999 0.822119 0.727164 0.901971 0.740153 0.795635 0.773415 0.951408 0.94407 
0.30914 0.358128 0.38398 0.362083 0.360839 0.374693 0.373143 0.373927 0.309915 0.358382 0.340518 0.344135 0.300368 0.330107 0.38504 0.283717 0.327535 0.284892 0.356401 0.309026 0.332233 0.370374 0.290788 0.339131 0.304637 0.369859 0.38762 0.298664 0.33575 0.304134 0.396596 0.331291 0.406694 0.324017 0.330792 0.326704 0.305181 0.372415 0.385519 0.374316 
0.488097 0.522045 0.465448 0.569934 0.550831 0.480615 0.528598 0.45826 0.621884 0.476509 0.517652 0.496523 0.487015 0.576451 0.425059 0.438041 0.566328 0.467203 0.472268 0.493118 0.418924 0.600171 0.548266 0.588041 0.487344 0.601971 0.510826 0.540806 0.526296 0.536685 0.564478 0.551793 0.48583 0.498788 0.551328 0.585166 0.527496 0.508384 0.51611 0.490159 
0.442865 0.43551 0.390799 0.433978 0.446222 0.438868 0.490113 0.464059 0.484746 0.470187 0.420335 0.485271 0.514592 0.46072 0.402602 0.447868 0.489606 0.481511 0.417093 0.477172 0.540753 0.406454 0.412717 0.489615 0.433254 0.463722 0.473447 0.477115 0.526093 0.514692 0.512898 0.453321 0.465652 0.40087 0.467233 0.432171 0.502539 0.505855 0.486558 0.456138 
0.641854 0.693147 0.596671 0.71702 0.67153 0.646118 0.689139 0.674988 0.674975 0.69193 0.693147 0.703457 0.616413 0.68283 0.629616 0.737297 0.595713 0.665186 0.651225 0.67187 0.759105 0.713126 0.687076 0.713119 0.728239 0.607569 0.647528 0.741156 0.638571 0.686217 0.59989 0.696307 0.696421 0.679979 0.663223 0.646751 0.65206 0.647454 0.675715 0.599702 
0.387894 0.494423 0.462373 0.475568 0.446902 0.448721 0.448733 0.390606 0.446287 0.479716 0.40095 0.440818 0.491857 0.42163 0.500266 0.421726 0.497593 0.504969 0.478108 0.515493 0.530784 0.500181 0.54921 0.428551 0.501824 0.396782 0.402035 0.45944 0.501919 0.510411 0.494552 0.502092 0.426084 0.474632 0.495321 0.429857 0.44216 0.462456 0.483458 0.436334 
0.459885 0.414256 0.43155 0.380959 0.483051 0.463263 0.448305 0.435662 0.518193 0.481468 0.462278 0.428629 0.447138 0.390336 0.408547 0.467369 0.472983 0.437701 0.400006 0.41955 0.452781 0.507018 0.453356 0.414161 0.429351 0.401408 0.4496 0.479722 0.488758 0.483576 0.421073 0.444727 0.375906 0.480422 0.405934 0.449966 0.491491 0.511635 0.460462 0.467579 
0.94998 0.995826 1.03045 1.11552 1.18311 1.01892 1.0623 1.06471 1.1331 0.979121 1.14314 1.07942 1.20063 1.04582 1.03175 1.03752 1.0141 1.03972 0.978208 1.00552 1.1046 1.12037 1.16017 0.916291 1.17204 1.16956 0.959207 1.03877 1.06047 1.22595 1.06427 1.02585 1.03791 0.965575 1.09861 1.15942 1.03587 0.985672 1.12059 1.15958 
0.541597 0.556905 0.554432 0.424747 0.426279 0.458944 0.462933 0.401874 0.485176 0.444907 0.453078 0.536177 0.546544 0.546132 0.477005 0.50627 0.480366 0.414338 0.448136 0.436284 0.401469 0.483864 0.528844 0.469034 0.523328 0.459108 0.502393 0.477842 0.558626 0.526418 0.425987 0.495683 0.424455 0.502967 0.428869 0.494178 0.52342 0.478036 0.502048 0.526963 
0.602582 0.574555 0.57209 0.560312 0.568966 0.566823 0.568274 0.517068 0.537967 0.553662 0.532609 0.475646 0.61177 0.553333 0.531392 0.514072 0.53344 0.526991 0.556811 0.573024 0.536143 0.58177 0.544592 0.512794 0.46407 0.515813 0.537419 0.55091 0.54599 0.536657 0.61228 0.518189 0.581922 0.602996 0.567921 0.633385 0.54047 0.580718 0.600902 0.579497 
0.981375 0.984805 1.02962 0.983069 0.886087 1.00759 0.924504 0.983821 0.928754 1.06525 0.970358 1.02319 0.895174 0.972033 1.01675 1.00961 0.91775 0.910871 0.96154 0.905847 0.943503 1.08718 1.04109 0.862992 1.04081 0.890678 1.02799 0.921682 0.935044 0.966014 0.970779 0.956477 0.91766 0.979906 0.984236 0.959415 0.955511 0.943568 0.883704 0.882389 
0.56578 0.642134 0.616571 0.626819 0.628438 0.694419 0.665191 0.565702 0.657011 0.704258 0.588692 0.593671 0.671663 0.62755 0.713556 0.646741 0.5677 0.650588 0.587787 0.610405 0.641707 0.610163 0.646466 0.615059 0.670645 0.646499 0.599846 0.551177 0.690553 0.687912 0.568617 0.600774 0.66757 0.609018 0.693147 0.708268 0.555277 0.66469 0.644065 0.73782 
