0.669999 0.445902 0.405275 0.315900 0.262576 0.285546 0.311565 0.269677 0.305967 0.185955 0.246927 0.134801 0.230007 0.295154 0.181572 0.153225 0.148682 0.194758 0.177250 0.213238 0.178715 0.163070 0.176659 0.216297 0.179878 0.200879 0.179571 0.229480 0.220159 0.216437 0.244727 0.335926 0.414052 0.537278
0.475036 0.292326 0.270541 0.226341 0.158896 0.179638 0.186429 0.211138 0.160716 0.120419 0.159817 0.072708 0.138721 0.239423 0.095447 0.093150 0.092177 0.146287 0.093812 0.168773 0.102236 0.133597 0.102547 0.123473 0.115516 0.130144 0.102519 0.149467 0.130047 0.116735 0.189112 0.186871 0.242768 0.334792
0.651193 0.399248 0.363597 0.301617 0.229683 0.265925 0.296585 0.274244 0.279548 0.167310 0.248700 0.124424 0.206345 0.275356 0.151870 0.136609 0.137259 0.175584 0.160338 0.198229 0.160102 0.147265 0.160496 0.183951 0.152893 0.171950 0.156134 0.228981 0.192462 0.173864 0.221924 0.276874 0.345869 0.432876
0.577305 0.347697 0.316623 0.244739 0.193283 0.228383 0.233502 0.238885 0.233535 0.127377 0.174763 0.095667 0.189510 0.261070 0.097754 0.113474 0.128791 0.156675 0.129677 0.167972 0.127609 0.140892 0.114250 0.152209 0.126531 0.172495 0.115855 0.185705 0.148501 0.151696 0.190110 0.239765 0.296820 0.427865
0.656627 0.385668 0.348764 0.291257 0.230161 0.269977 0.302980 0.267050 0.272828 0.156346 0.242395 0.127007 0.211451 0.277229 0.155556 0.140495 0.159134 0.183181 0.159339 0.188187 0.160123 0.161700 0.157597 0.193175 0.167433 0.194474 0.165828 0.233729 0.184437 0.194387 0.214493 0.286117 0.332388 0.454075
0.602210 0.330056 0.329545 0.267490 0.198992 0.242889 0.277789 0.240705 0.233699 0.144525 0.218010 0.117964 0.183951 0.256022 0.136339 0.121547 0.152176 0.169669 0.132185 0.193365 0.145355 0.143056 0.145839 0.160261 0.151735 0.186724 0.149763 0.205656 0.163430 0.153760 0.212989 0.263551 0.310086 0.409205
0.540420 0.321124 0.306787 0.230041 0.182327 0.225499 0.211857 0.210155 0.214993 0.120725 0.191411 0.096578 0.158625 0.239176 0.133590 0.100127 0.143947 0.140386 0.117975 0.165048 0.146577 0.128312 0.130809 0.161275 0.129010 0.136799 0.136979 0.176768 0.147677 0.166219 0.188924 0.237349 0.351265 0.454121
0.539402 0.350072 0.322689 0.245682 0.183165 0.214193 0.211923 0.193182 0.184986 0.130987 0.182149 0.092325 0.141911 0.206544 0.128758 0.075463 0.094370 0.126903 0.107810 0.142212 0.137133 0.117937 0.132745 0.144334 0.125046 0.118267 0.125117 0.155997 0.149553 0.128953 0.150538 0.199257 0.253477 0.336321
0.506952 0.350656 0.397002 0.246274 0.217414 0.224498 0.247367 0.224398 0.272156 0.155434 0.205351 0.123675 0.183450 0.245937 0.164637 0.184884 0.127808 0.180473 0.177673 0.198763 0.180385 0.127584 0.172531 0.218536 0.187435 0.189686 0.161450 0.205438 0.204689 0.215153 0.246008 0.309211 0.454782 0.578725
0.486497 0.312291 0.377077 0.222671 0.183181 0.197046 0.211225 0.211326 0.238814 0.135820 0.196312 0.118988 0.163032 0.225915 0.160871 0.136904 0.115816 0.160700 0.137312 0.178142 0.178435 0.119104 0.153058 0.223236 0.167804 0.175363 0.154800 0.162387 0.178874 0.202557 0.205010 0.284935 0.417546 0.557429
0.649102 0.411078 0.386303 0.298254 0.257013 0.276786 0.300526 0.273765 0.277176 0.181440 0.231316 0.127131 0.227552 0.264614 0.178945 0.156839 0.140015 0.186456 0.163199 0.190229 0.170519 0.150057 0.182558 0.206731 0.171973 0.201808 0.171415 0.225134 0.190677 0.197064 0.228854 0.296822 0.332296 0.454624
0.653758 0.425119 0.378710 0.294756 0.250808 0.276476 0.307196 0.261539 0.298460 0.179570 0.235069 0.125454 0.218883 0.288791 0.153919 0.149820 0.145019 0.185328 0.170014 0.205595 0.163515 0.162408 0.162400 0.195184 0.169376 0.183194 0.161159 0.225699 0.213790 0.200582 0.233400 0.303200 0.385703 0.494092
0.661018 0.424207 0.366586 0.303828 0.245036 0.269560 0.292130 0.255713 0.259374 0.166707 0.213514 0.130765 0.228077 0.278826 0.165141 0.138516 0.145309 0.186917 0.158870 0.193011 0.168841 0.154429 0.162376 0.189307 0.159375 0.204124 0.168431 0.213453 0.182924 0.196195 0.220399 0.302382 0.351227 0.485620
0.559055 0.382931 0.344913 0.262147 0.215949 0.241424 0.241216 0.199436 0.194086 0.147209 0.182651 0.107383 0.186072 0.228936 0.164163 0.106601 0.125449 0.138494 0.139864 0.163534 0.154870 0.115600 0.155851 0.177911 0.141025 0.159224 0.149762 0.179478 0.147899 0.156820 0.191540 0.264691 0.324352 0.461686
0.425526 0.276783 0.342875 0.197525 0.202030 0.212969 0.208050 0.227976 0.257861 0.159517 0.185557 0.117903 0.205037 0.230678 0.179154 0.204550 0.156971 0.171905 0.183238 0.184584 0.183355 0.133643 0.167366 0.219643 0.182474 0.171955 0.186073 0.234444 0.185033 0.228088 0.230850 0.274592 0.462696 0.589069
0.423063 0.282286 0.319085 0.190849 0.178486 0.192531 0.184546 0.191761 0.204901 0.149106 0.166640 0.093784 0.176577 0.219424 0.132199 0.159382 0.118627 0.153756 0.163621 0.160313 0.162424 0.118351 0.140591 0.193567 0.150637 0.158751 0.177881 0.218289 0.176673 0.218762 0.179781 0.267821 0.417727 0.543837
0.542064 0.363026 0.342761 0.235362 0.234613 0.253267 0.264250 0.240930 0.232321 0.162189 0.194708 0.118399 0.213458 0.240606 0.168508 0.148890 0.135941 0.176939 0.145483 0.163732 0.155561 0.140442 0.173113 0.194869 0.159386 0.189030 0.161833 0.207387 0.161993 0.200218 0.205993 0.268018 0.313841 0.466512
0.593588 0.370489 0.292421 0.253562 0.209490 0.252249 0.249666 0.227388 0.221406 0.126615 0.199316 0.114032 0.177421 0.237199 0.140480 0.109637 0.144592 0.155272 0.143073 0.161170 0.143745 0.156027 0.138210 0.169799 0.149600 0.166822 0.145338 0.209112 0.148352 0.150155 0.180737 0.236444 0.269726 0.358948
0.417210 0.288380 0.334794 0.192406 0.159448 0.166141 0.177275 0.165882 0.197932 0.138628 0.161843 0.074688 0.140932 0.203190 0.116648 0.149095 0.083649 0.125786 0.159357 0.160677 0.165505 0.093893 0.145099 0.201905 0.143854 0.137000 0.155446 0.193911 0.176877 0.209079 0.185911 0.251868 0.443641 0.544736
0.550027 0.376045 0.325552 0.247784 0.210849 0.240822 0.239533 0.206249 0.230266 0.147927 0.194502 0.098142 0.173914 0.245403 0.157708 0.125712 0.140444 0.149692 0.160668 0.186726 0.157315 0.145360 0.144416 0.196330 0.154443 0.173738 0.143036 0.200037 0.168567 0.174541 0.224304 0.276183 0.334470 0.488902
0.441269 0.286418 0.347084 0.218376 0.186333 0.196973 0.202226 0.204830 0.225222 0.142022 0.174622 0.116087 0.167188 0.243766 0.169994 0.172183 0.125384 0.165442 0.143876 0.185727 0.184070 0.120623 0.169520 0.205082 0.187923 0.172385 0.171644 0.187869 0.191481 0.217787 0.204217 0.287626 0.477182 0.579057
0.570355 0.397075 0.322409 0.236388 0.219288 0.234168 0.242890 0.209617 0.229492 0.156218 0.164892 0.107286 0.199613 0.244239 0.151284 0.123084 0.122842 0.178828 0.156860 0.173787 0.153819 0.139613 0.157379 0.172316 0.140227 0.180309 0.165503 0.182903 0.179891 0.199482 0.193980 0.263554 0.301347 0.451033
0.455407 0.325472 0.385841 0.225954 0.224031 0.230018 0.225891 0.230609 0.287950 0.175572 0.211605 0.126067 0.208480 0.252934 0.201595 0.200101 0.148309 0.203034 0.209164 0.205490 0.208000 0.144656 0.189930 0.250041 0.211020 0.196722 0.213390 0.223370 0.235179 0.269439 0.245588 0.334980 0.475182 0.606078
0.424601 0.279522 0.341443 0.216694 0.208249 0.203503 0.214720 0.206082 0.251160 0.169683 0.209816 0.098105 0.189889 0.218826 0.159190 0.191036 0.129413 0.143033 0.190424 0.190781 0.205765 0.128809 0.181045 0.249685 0.195836 0.180143 0.191277 0.251691 0.209275 0.247445 0.233205 0.292947 0.454257 0.550609
0.473179 0.305254 0.344335 0.231542 0.196907 0.193812 0.216960 0.200529 0.227543 0.155798 0.198465 0.111076 0.182032 0.228972 0.144645 0.142117 0.114951 0.147578 0.165724 0.212363 0.178321 0.116105 0.184622 0.213427 0.188966 0.183596 0.176282 0.233133 0.192866 0.193886 0.209686 0.328307 0.417672 0.515453
0.396531 0.234022 0.259867 0.170904 0.136235 0.143675 0.146161 0.179717 0.173495 0.093666 0.172638 0.068406 0.139004 0.197211 0.086733 0.105454 0.106276 0.128168 0.111927 0.136987 0.110363 0.104300 0.088191 0.159713 0.126286 0.110076 0.103293 0.169239 0.139245 0.157671 0.161071 0.219819 0.314866 0.415398
0.375268 0.283646 0.333172 0.174784 0.172154 0.170981 0.175850 0.152322 0.200213 0.128196 0.150591 0.096695 0.146110 0.183866 0.157489 0.164899 0.107411 0.144619 0.178992 0.168502 0.193262 0.102639 0.156268 0.202907 0.183025 0.169893 0.167265 0.169362 0.190904 0.217349 0.200146 0.255851 0.390963 0.532368
0.417314 0.260786 0.374339 0.214170 0.180087 0.178775 0.194410 0.214732 0.220039 0.138864 0.187889 0.110161 0.175979 0.213108 0.162510 0.161234 0.120807 0.164874 0.132653 0.154154 0.169203 0.129484 0.161895 0.219708 0.201585 0.172569 0.181529 0.207488 0.170656 0.217628 0.196915 0.274090 0.367661 0.523967
0.547420 0.357397 0.387218 0.249625 0.233165 0.248392 0.259610 0.225291 0.250632 0.156539 0.205406 0.135622 0.206581 0.264349 0.163942 0.138604 0.144434 0.175273 0.156023 0.195983 0.191060 0.151518 0.168259 0.227716 0.183098 0.218171 0.192289 0.211918 0.186377 0.213978 0.235829 0.329057 0.383894 0.557231
0.337515 0.236864 0.312854 0.171536 0.143508 0.135684 0.150574 0.148488 0.184068 0.128988 0.151056 0.068137 0.124564 0.179982 0.097717 0.142041 0.073268 0.107893 0.151948 0.155042 0.165223 0.096687 0.122694 0.184016 0.143109 0.137975 0.149426 0.185196 0.171920 0.185650 0.200068 0.220275 0.398243 0.500081
0.461813 0.300670 0.347744 0.208687 0.185867 0.197427 0.198709 0.213569 0.233218 0.146170 0.167817 0.091050 0.188763 0.231012 0.112471 0.154538 0.107027 0.132342 0.143638 0.168542 0.151932 0.118995 0.148444 0.198624 0.159996 0.171151 0.133423 0.201217 0.155638 0.185279 0.214046 0.265052 0.413007 0.564052
0.440920 0.290385 0.322222 0.209032 0.185022 0.178618 0.189325 0.187202 0.220860 0.146178 0.157314 0.089887 0.165493 0.209957 0.140345 0.151697 0.108557 0.148767 0.123179 0.156093 0.140223 0.125128 0.155560 0.168644 0.175280 0.157713 0.142858 0.186017 0.182273 0.200388 0.187996 0.258905 0.400655 0.518244
0.467817 0.351575 0.398606 0.235322 0.242154 0.236063 0.251500 0.237218 0.294296 0.185717 0.215424 0.122750 0.212669 0.246544 0.214541 0.229099 0.133322 0.191029 0.206817 0.185140 0.212187 0.136190 0.210497 0.270128 0.221969 0.197649 0.201778 0.233995 0.234419 0.281515 0.245847 0.324625 0.480726 0.605118
0.417428 0.261866 0.329852 0.196074 0.168372 0.179735 0.189644 0.185851 0.203884 0.135863 0.162989 0.109488 0.154051 0.227760 0.160119 0.172105 0.132149 0.154465 0.155141 0.190649 0.192205 0.114129 0.168127 0.212453 0.178385 0.172784 0.184714 0.200925 0.181688 0.218663 0.204660 0.278014 0.454260 0.572019
