-0.000000 1.000000 1.030902 1.000000 0.036683 0.041902 0.042195 0.047857 0.047839 0.017541 0.036629 0.016786 0.027477 0.450105 0.007860 0.000000 0.016145 1.000000 0.007576 0.027412 0.007862 0.024217 0.007763 0.020985 0.014221 0.012650 0.006742 -0.011680 0.026122 0.013063 0.024044 0.039853 0.054092 -0.525968
1.000000 0.000000 1.036742 1.000000 0.017480 0.019055 0.023032 0.035134 0.027097 0.013755 0.020463 0.006940 0.012519 1.115911 0.006983 0.000000 0.013350 1.000000 0.006053 0.029210 0.006599 0.022702 0.006486 0.017529 0.010213 0.008818 0.010186 -0.024323 0.019901 0.010524 0.028437 0.027427 0.124876 0.475945
1.000000 1.000000 -0.085811 1.000000 0.034674 0.039993 0.042007 0.046153 0.043064 0.017113 0.035429 0.015089 0.024703 0.417303 0.005343 0.000000 0.014379 -0.000000 0.004971 0.021759 0.005263 0.021540 0.004924 0.014656 0.010736 0.008322 0.003657 1.016800 0.023472 0.006771 0.020164 0.031201 0.929104 0.831395
1.000000 1.000000 0.914894 -0.000000 0.032610 0.039676 0.028069 0.043797 0.038629 0.012615 0.023571 0.012433 0.026464 -0.235326 0.005927 0.000000 0.012700 0.000000 0.005952 0.021492 0.006247 0.019198 0.005842 0.016772 0.010445 0.007362 0.003314 0.027165 0.016835 0.011723 0.017070 0.033967 -0.088965 -0.333000
1.000000 0.000000 -0.002348 0.000000 0.025047 0.032709 0.039805 0.035649 0.035061 0.012898 0.033651 0.011497 0.018194 -1.148664 0.006089 0.000000 0.013689 0.000000 0.005389 0.017847 0.006006 0.017652 0.006228 0.015677 0.012346 0.008919 0.003209 0.004294 0.019028 0.011095 0.018990 0.029306 -0.029202 -0.557453
1.000000 0.000000 -0.011944 -0.000000 0.023277 0.025077 0.036212 0.028917 0.025703 0.012859 0.031558 0.009285 0.014260 0.207786 0.003163 0.000000 0.019571 0.000000 0.002728 0.019624 0.003186 0.016131 0.003404 0.012901 0.010251 0.007235 0.004939 0.013808 0.016837 0.004673 0.017161 0.026866 -0.027570 0.000000
1.000000 0.000000 -0.023595 0.000000 0.032267 0.038579 0.026097 0.031833 0.033964 0.013838 0.022413 0.009353 0.017462 -0.687528 0.010010 0.000000 0.021774 0.000000 0.009428 0.021292 0.009815 0.014267 0.010371 0.018713 0.011453 0.011025 0.008061 0.013720 0.020748 0.019429 0.021807 0.031958 -0.086448 -0.872681
1.000000 1.000000 1.019076 1.000000 0.028221 0.032477 0.030767 0.035699 0.035739 0.014376 0.025895 0.010742 0.019357 -0.080716 0.007559 -0.000000 0.009862 0.000000 0.005941 0.020398 0.007240 0.018987 0.006309 0.015195 0.012471 0.009625 0.005778 0.006785 0.023144 0.012223 0.019761 0.024365 -0.047967 -0.386701
1.000000 0.000000 0.948261 0.000000 0.025186 0.029125 0.030082 0.032311 0.037178 0.014142 0.026458 0.011428 0.017823 -0.246509 0.009108 -0.000000 0.013050 0.000000 0.008822 0.019994 0.009398 0.016984 0.009319 0.024412 0.012522 0.008381 0.009783 0.015848 0.019725 0.013186 0.029159 0.033156 0.919841 0.837752
0.000000 -0.000000 0.949728 0.000000 0.020779 0.023697 0.023497 0.028988 0.037013 0.012951 0.022409 0.009970 0.016157 -0.226972 0.011745 -0.000000 0.010641 0.000000 0.010779 0.019517 0.011499 0.015444 0.010866 0.028273 0.013097 0.009150 0.012691 0.006973 0.020237 0.017368 0.025289 0.032091 0.001388 1.211123
1.000000 -0.000000 0.117887 -0.000000 0.030889 0.037188 0.031274 0.036012 0.034382 0.013157 0.024756 0.011013 0.020367 1.872703 0.005496 0.000000 0.011903 0.000000 0.005165 0.016068 0.005749 0.015700 0.005101 0.013788 0.009468 0.006487 0.002682 -0.027929 0.017644 0.008798 0.015659 0.026966 0.112782 -0.471735
1.000000 -0.000000 0.091856 0.000000 0.035831 0.040538 0.042336 0.046798 0.045520 0.017150 0.036348 0.016201 0.026750 0.960313 0.006728 0.000000 0.016009 -0.000000 0.006136 0.026860 0.006692 0.023956 0.006585 0.018791 0.013505 0.011604 0.006292 -0.043877 0.025498 0.011161 0.022599 0.036897 0.172188 1.157190
1.000000 -0.000000 -0.058459 1.000000 0.032487 0.039348 0.035328 0.043556 0.040030 0.014464 0.030562 0.013571 0.023792 0.331773 0.006298 0.000000 0.014742 -0.000000 0.005989 0.023854 0.006611 0.021698 0.006422 0.015434 0.011688 0.009313 0.003580 0.035214 0.021444 0.012737 0.020342 0.032682 -0.140317 -0.987819
1.000000 1.000000 1.058283 1.000000 0.023559 0.028435 0.024326 0.028806 0.027990 0.010735 0.023528 0.008216 0.015737 0.933732 0.006470 0.000000 0.018478 0.000000 0.006010 0.019283 0.006521 0.014340 0.006684 0.014920 0.009335 0.006694 0.006054 -0.025525 0.015242 0.012363 0.017193 0.027656 0.079291 1.639343
0.000000 0.000000 0.036243 0.000000 0.017021 0.021007 0.012750 0.020745 0.024298 0.008919 0.012766 0.007102 0.011806 0.000000 0.008603 -0.000000 0.009383 0.000000 0.008536 0.014419 0.008661 0.009652 0.008934 0.018423 0.006408 0.006803 0.009001 -0.013720 0.012581 0.015506 0.019133 0.024881 1.089985 1.641106
0.000000 0.000000 -0.052648 0.000000 0.018042 0.021162 0.015463 0.021663 0.029770 0.010001 0.014654 0.007279 0.012575 -0.399189 0.011648 -0.000000 0.009567 0.000000 0.011020 0.018804 0.011101 0.012400 0.011843 0.022582 0.011052 0.014140 0.011304 0.019917 0.016959 0.019757 0.019679 0.030613 0.907402 1.015476
0.000000 0.000000 0.000000 0.000000 0.018695 0.026749 0.023618 0.018534 0.019966 0.007671 0.016976 0.005886 0.011362 0.000000 0.003879 0.000000 0.010091 0.000000 0.003456 0.009287 0.004164 0.007517 0.004200 0.007573 0.007422 0.005735 0.001378 0.000000 0.011126 0.010022 0.009679 0.016812 0.000000 0.000000
1.000000 1.000000 -0.030345 0.000000 0.028878 0.032215 0.030350 0.036951 0.032563 0.012777 0.023658 0.010738 0.018771 -0.837697 0.004991 0.000000 0.011177 0.000000 0.004277 0.021616 0.005036 0.019764 0.004638 0.013521 0.010121 0.009428 0.006047 -0.002479 0.020476 0.008232 0.019499 0.025328 0.009084 0.716639
0.000000 -0.000000 -0.015290 0.000000 0.017693 0.022985 0.018618 0.023366 0.035626 0.010927 0.017088 0.007311 0.012403 0.268839 0.016191 0.000000 0.009627 0.000000 0.014309 0.021601 0.016226 0.014132 0.015908 0.035663 0.016165 0.015836 0.017524 0.006372 0.019941 0.026772 0.029593 0.035587 0.974774 0.972576
1.000000 1.000000 0.022862 0.000000 0.018680 0.023355 0.026468 0.029617 0.030940 0.013609 0.022435 0.008399 0.013561 0.902304 0.009476 -0.000000 0.011168 0.000000 0.008657 0.021998 0.009026 0.016559 0.009628 0.020970 0.010939 0.009806 0.009758 0.004707 0.019376 0.017604 0.026075 0.029029 -0.061564 0.905929
0.000000 0.000000 0.063214 0.000000 0.018561 0.020969 0.014519 0.025556 0.029927 0.010430 0.015117 0.008338 0.013749 0.963630 0.010491 0.000000 0.009897 0.000000 0.010329 0.020096 0.009925 0.014023 0.010676 0.022257 0.011703 0.012203 0.011382 -0.007073 0.019053 0.018333 0.022922 0.029255 1.024410 0.472651
1.000000 1.000000 -0.029729 -0.000000 0.026118 0.031940 0.025658 0.030765 0.032160 0.013983 0.020575 0.007946 0.015053 0.034547 0.009863 -0.000000 0.015474 0.000000 0.008386 0.022002 0.009348 0.015846 0.009772 0.016973 0.010854 0.012042 0.008475 0.006347 0.021219 0.019479 0.022279 0.027451 -0.000770 0.197794
0.000000 0.000000 -0.025385 0.000000 0.013672 0.016261 0.010530 0.016921 0.024588 0.008760 0.009265 0.006039 0.010110 0.000000 0.010943 -0.000000 0.004695 0.000000 0.010228 0.015147 0.010869 0.009757 0.010074 0.023915 0.008750 0.006660 0.011843 0.019091 0.013998 0.016442 0.019929 0.023798 0.887930 0.334765
0.000000 0.000000 0.000000 0.000000 0.009211 0.014158 0.010210 0.009194 0.017818 0.004037 0.008363 0.003730 0.006277 0.000000 0.007250 -0.000000 0.003191 0.000000 0.006344 0.004929 0.007062 0.003701 0.007563 0.010788 0.006846 0.011557 0.004487 1.000000 0.009633 0.015480 0.009191 0.013350 1.000000 0.000000
0.000000 0.000000 0.000000 0.000000 0.009252 0.008727 0.010723 0.016291 0.016674 0.005104 0.010313 0.004232 0.008089 0.000000 0.004407 0.000000 0.007291 0.000000 0.003966 0.012950 0.004512 0.009077 0.004454 0.014657 0.008220 0.010194 0.006490 1.001953 0.008312 0.006188 0.009679 0.022341 -0.047651 0.000000
0.000000 0.000000 -0.028789 0.000000 0.015766 0.019549 0.017698 0.022471 0.021687 0.005060 0.015888 0.006439 0.012938 0.000000 0.005456 0.000000 0.009530 0.000000 0.005486 0.012515 0.005470 0.010541 0.005742 0.019672 0.015725 0.009732 0.002755 0.000000 0.010558 0.011650 0.012003 0.027949 -0.000990 0.591084
0.000000 0.000000 0.000000 0.000000 0.012481 0.015698 0.009052 0.011590 0.019202 0.007771 0.008854 0.003825 0.007047 0.000000 0.010980 0.000000 0.008665 0.000000 0.009961 0.014412 0.010470 0.007365 0.010860 0.019659 0.012079 0.009716 0.009279 -0.003443 0.014222 0.024401 0.017985 0.021163 0.005964 1.786198
0.000000 0.000000 1.032282 0.000000 0.008555 0.010231 0.016128 0.015344 0.018195 0.006749 0.013584 0.004294 0.008098 0.000000 0.007428 -0.000000 0.005250 0.000000 0.006088 0.009609 0.007429 0.007861 0.006693 0.024863 0.012747 0.001738 0.006426 0.000000 0.007647 0.009876 0.016787 0.022513 -0.005095 0.000000
0.000000 0.000000 0.949728 0.000000 0.014972 0.017389 0.020808 0.019378 0.023253 0.008949 0.018454 0.006491 0.012159 0.000000 0.005683 0.000000 0.010021 0.000000 0.005235 0.014299 0.005726 0.010818 0.005625 0.016557 0.007376 0.005443 0.007467 0.006973 0.009516 0.007850 0.014314 0.027873 0.001388 1.211123
0.000000 0.000000 0.004256 0.000000 0.012753 0.013148 0.012068 0.015263 0.030095 0.009128 0.011944 0.005728 0.009152 0.000000 0.014375 -0.000000 0.006112 0.000000 0.012743 0.015394 0.014020 0.010108 0.013805 0.033422 0.010483 0.012410 0.019637 0.017113 0.015968 0.017331 0.025627 0.028597 0.908813 -0.070857
-0.000000 1.000000 0.074483 0.000000 0.023867 0.030083 0.024018 0.032356 0.038285 0.010487 0.020833 0.009821 0.018990 0.497384 0.009269 0.000000 0.011621 0.000000 0.008828 0.018608 0.009538 0.015265 0.009044 0.022452 0.012409 0.012099 0.007783 -0.013845 0.016027 0.015550 0.020576 0.036619 1.045432 0.928910
1.000000 0.000000 -0.026559 0.000000 0.019904 0.022684 0.021936 0.021819 0.030348 0.009595 0.019092 0.008161 0.012471 -0.036143 0.009832 0.000000 0.009818 0.000000 0.008671 0.017844 0.009070 0.014174 0.009448 0.018202 0.017056 0.019827 0.008102 0.012656 0.024120 0.017648 0.019744 0.024658 0.965665 0.516317
0.000000 0.000000 1.030491 0.000000 0.014957 0.020589 0.014368 0.016138 0.028573 0.006365 0.011872 0.006342 0.010684 0.000000 0.011740 1.000000 0.004072 0.000000 0.010390 0.007985 0.011569 0.006954 0.011476 0.024316 0.011644 0.010953 0.008380 -0.039333 0.013011 0.017346 0.016671 0.023263 0.201668 3.260529
0.000000 0.000000 0.009713 0.000000 0.012038 0.012867 0.008725 0.013918 0.020784 0.010824 0.009485 0.003768 0.005999 0.000000 0.012422 1.000000 0.010632 0.000000 0.011314 0.019715 0.012066 0.009976 0.012101 0.024434 0.009287 0.009266 0.015625 0.977492 0.015817 0.021410 0.024658 0.025932 1.120464 0.502371
