0.088266 0.070480 0.051087 0.040682 0.041146 0.040051 0.042145 0.053546 0.082959 0.033648 0.096767 0.040296 0.037344 0.042446 0.206977 0.000000 0.094684 0.088192 0.000000 0.055113 0.131563 0.132336 0.011644 0.079668 0.000000 0.028567 0.044981 0.064313 0.057747 0.000000 0.056310 0.013126 0.027469 0.143044 0.075818 0.032921 0.089258 0.191398 0.118018 0.036101 0.153873 0.050111 0.099619 0.117621 0.063581 0.156046 0.037257 0.077068 0.019403 0.024692 0.124293 0.000000 0.077578 0.036438 0.065344 0.061358 0.017803 0.000000 0.033281 0.100938 0.013908 0.046895
0.080436 0.159633 0.071516 0.051047 0.037146 0.107518 0.142144 0.095615 0.124957 0.158622 0.070716 0.036912 0.033993 0.176850 0.172317 0.000000 0.114926 0.211295 0.000000 0.116709 0.165906 0.110606 0.033755 0.091151 0.000000 0.059413 0.088292 0.118750 0.129539 0.000000 0.083461 0.035822 0.079024 0.136500 0.084864 0.033491 0.163788 0.188689 0.129909 0.065362 0.140348 0.154274 0.096842 0.105723 0.080775 0.143587 0.045243 0.098463 0.041382 0.039020 0.115644 0.000000 0.069586 0.055308 0.173512 0.048242 0.054534 0.000000 0.035695 0.115951 0.036390 0.052960
0.079104 0.066879 0.065304 0.049741 0.042341 0.049572 0.057838 0.061894 0.091358 0.056174 0.093028 0.041488 0.027531 0.055259 0.163133 0.000000 0.098989 0.095680 0.000000 0.046751 0.153498 0.102634 0.016170 0.072300 0.000000 0.026094 0.037108 0.037719 0.082139 0.000000 0.053437 0.012360 0.046813 0.131465 0.079580 0.033311 0.097907 0.163275 0.142772 0.032107 0.102703 0.066594 0.126424 0.115458 0.098729 0.150498 0.032839 0.090304 0.023418 0.028383 0.123805 0.000000 0.080007 0.035965 0.073176 0.053253 0.019324 0.000000 0.038690 0.083472 0.028253 0.069883
0.100338 0.065674 0.058360 0.058644 0.040282 0.035735 0.048653 0.046004 0.133551 0.053145 0.078234 0.036610 0.034784 0.053189 0.218330 0.000000 0.115793 0.075661 0.000000 0.062420 0.148496 0.127969 0.012691 0.087092 0.000000 0.021402 0.049031 0.061633 0.092015 0.000000 0.056702 0.022318 0.035052 0.153964 0.090642 0.038999 0.131631 0.212436 0.149372 0.039045 0.140082 0.060631 0.097526 0.124154 0.073047 0.168029 0.045252 0.074655 0.020315 0.039404 0.137333 0.000000 0.079524 0.045640 0.075562 0.051119 0.019994 0.000000 0.027789 0.128303 0.016360 0.047767
0.111296 0.070360 0.072367 0.076666 0.074733 0.041189 0.040111 0.061217 0.124276 0.050742 0.101659 0.074480 0.048700 0.047493 0.228566 0.036792 0.153062 0.075840 1.345878 0.062877 0.182637 0.179439 0.023665 0.125360 -0.060001 0.029282 0.050861 0.060883 0.105824 0.000000 0.067814 0.026015 0.038033 0.202172 0.120028 0.052146 0.122321 0.248682 0.189477 0.043343 0.168140 0.053951 0.114306 0.154986 0.101732 0.259798 0.053848 0.095828 0.032428 0.046520 0.196684 -0.167496 0.112586 0.050607 0.076292 0.096801 0.030046 0.000000 0.046240 0.132645 0.028077 0.061181
0.042045 0.151961 0.030362 0.032987 0.014622 0.115280 0.160877 0.074613 0.073822 0.194026 0.026047 0.016771 0.013994 0.216079 0.057970 0.000000 0.037157 0.208455 0.000000 0.080679 0.082180 0.038525 0.035589 0.046170 0.000000 0.066189 0.068444 0.096772 0.056704 0.000000 0.056234 0.035414 0.083318 0.054218 0.031955 0.021850 0.114607 0.082050 0.049182 0.059688 0.066247 0.154178 0.039510 0.039284 0.027905 0.063493 0.025421 0.051157 0.038634 0.023004 0.035999 0.000000 0.038579 0.030514 0.156430 0.018732 0.065667 1.853058 0.016137 0.051760 0.029839 0.023102
0.036398 0.152154 0.032108 0.024436 0.016066 0.124905 0.165151 0.073653 0.050765 0.193473 0.029056 0.020211 0.011136 0.218415 0.039696 0.000000 0.030164 0.227766 0.000000 0.078316 0.093989 0.033430 0.037923 0.048968 0.000000 0.063142 0.063415 0.093035 0.059176 0.000000 0.053616 0.032243 0.089278 0.041605 0.029079 0.019581 0.092621 0.084470 0.035500 0.067710 0.063152 0.148941 0.050446 0.029821 0.024997 0.050887 0.022420 0.052355 0.040722 0.015574 0.029326 0.000000 0.032038 0.025991 0.161730 0.018942 0.061867 0.462657 0.015518 0.055312 0.036208 0.024412
0.072823 0.045676 0.024555 0.042528 0.024540 0.020023 0.032959 0.033782 0.052560 0.033971 0.051003 0.022162 0.025601 0.041996 0.136018 0.000000 0.065007 0.049253 0.000000 0.061294 0.077953 0.087779 0.013028 0.042002 0.000000 0.020915 0.022653 0.066130 0.042309 0.000000 0.053125 0.017671 0.021629 0.086866 0.051066 0.018739 0.075089 0.127997 0.061099 0.030075 0.117684 0.038578 0.050108 0.060756 0.021721 0.126253 0.029780 0.037205 0.012880 0.012134 0.079149 0.000000 0.050660 0.016531 0.055882 0.036015 0.015094 0.000000 0.010931 0.073526 0.012979 0.007130
0.063855 0.067924 0.066834 0.079257 0.036987 0.034865 0.033374 0.051955 0.090108 0.045427 0.052038 0.032854 0.032813 0.037261 0.132528 0.000000 0.104455 0.059964 0.000000 0.053314 0.156594 0.091547 0.017802 0.077738 0.000000 0.029073 0.035017 0.044810 0.118275 0.000000 0.058633 0.017583 0.034859 0.112719 0.086712 0.026967 0.101317 0.165122 0.129116 0.036850 0.110818 0.043031 0.068140 0.087326 0.077144 0.162588 0.039318 0.087346 0.025936 0.028335 0.112982 0.000000 0.057052 0.037039 0.063327 0.051345 0.021763 0.000000 0.034682 0.120992 0.023692 0.037098
0.047721 0.157821 0.045558 0.022465 0.019274 0.122435 0.169734 0.087550 0.064153 0.179455 0.043090 0.021463 0.018294 0.211526 0.077788 0.000000 0.037550 0.220863 0.000000 0.083117 0.095270 0.043257 0.037259 0.053607 0.000000 0.070804 0.063278 0.093903 0.064678 0.000000 0.057910 0.036029 0.093608 0.058253 0.038063 0.020780 0.110184 0.104058 0.056789 0.063427 0.080167 0.157047 0.059485 0.046360 0.036010 0.073131 0.021650 0.057451 0.041872 0.016493 0.043635 0.000000 0.038129 0.037052 0.150938 0.027423 0.058261 1.792645 0.019232 0.070066 0.030061 0.032703
0.093530 0.083470 0.069549 0.048513 0.029149 0.059345 0.069958 0.054167 0.101778 0.074029 0.074408 0.035259 0.026259 0.072123 0.145410 0.000000 0.084883 0.117929 0.000000 0.045456 0.130317 0.094786 0.016051 0.071583 0.000000 0.036327 0.048512 0.046596 0.069737 0.000000 0.063069 0.011944 0.051615 0.114389 0.064066 0.035746 0.107778 0.155480 0.114670 0.036654 0.102473 0.079971 0.122480 0.099380 0.067830 0.133758 0.046104 0.089234 0.023088 0.024878 0.095689 0.000000 0.064433 0.047479 0.087651 0.042140 0.020570 0.000000 0.028026 0.086780 0.022000 0.053221
0.106994 0.064269 0.067518 0.073898 0.068929 0.030231 0.038984 0.061211 0.122480 0.040808 0.096246 0.069775 0.045607 0.042033 0.222221 0.000000 0.143377 0.057849 0.378791 0.059159 0.161455 0.169421 0.023296 0.111358 0.336105 0.033013 0.048337 0.058156 0.098063 0.000000 0.064661 0.027389 0.036341 0.200271 0.110278 0.049015 0.128171 0.230851 0.180220 0.037516 0.155646 0.053123 0.099253 0.142698 0.098295 0.256594 0.049813 0.086988 0.030038 0.046731 0.185011 2.001604 0.107479 0.052054 0.061773 0.092647 0.029300 0.000000 0.041714 0.120217 0.023861 0.055003
0.111967 0.051826 0.053138 0.062696 0.046069 0.022892 0.021061 0.053672 0.089436 0.019449 0.081314 0.043887 0.051292 0.023722 0.199449 0.055691 0.120471 0.046040 -0.508003 0.045047 0.129821 0.146931 0.014103 0.089825 0.000000 0.027745 0.033901 0.048336 0.077904 0.000000 0.055630 0.017028 0.023023 0.176965 0.085141 0.036394 0.109579 0.226237 0.133844 0.033045 0.160920 0.041516 0.086752 0.119892 0.074215 0.239060 0.037159 0.060932 0.022024 0.043058 0.142987 -0.133489 0.078102 0.046245 0.049032 0.084306 0.014569 0.000000 0.026760 0.125914 0.017397 0.036757
0.050912 0.159875 0.039831 0.036236 0.017171 0.126873 0.171091 0.087726 0.074869 0.199402 0.033495 0.020796 0.012890 0.218177 0.060253 0.000000 0.045541 0.233034 0.000000 0.087775 0.105263 0.037575 0.039363 0.051293 0.000000 0.065272 0.068610 0.096283 0.079149 0.000000 0.068446 0.033336 0.093396 0.059452 0.039084 0.020967 0.120948 0.090966 0.058292 0.065062 0.062443 0.163790 0.069437 0.040710 0.045302 0.061578 0.029611 0.070916 0.044770 0.025734 0.047514 0.000000 0.038308 0.030622 0.170946 0.019336 0.057789 1.997909 0.016460 0.058266 0.042397 0.027164
0.102434 0.048041 0.031680 0.077604 0.052322 0.026523 0.021223 0.036578 0.107363 0.044545 0.079917 0.046457 0.034344 0.035756 0.204767 0.000000 0.131507 0.053892 0.173205 0.038890 0.156067 0.155928 0.013328 0.099530 0.738658 0.015113 0.037899 0.040088 0.057787 0.000000 0.042893 0.015194 0.017575 0.178868 0.103601 0.047071 0.091708 0.226747 0.171945 0.035117 0.149064 0.034479 0.083295 0.142433 0.072689 0.204303 0.048166 0.063400 0.020433 0.042740 0.171457 0.000000 0.118398 0.029325 0.061205 0.065817 0.020998 0.000000 0.033846 0.100818 0.018372 0.039513
0.123479 0.063452 0.050295 0.054548 0.046427 0.033079 0.037595 0.054509 0.086417 0.032484 0.088859 0.045017 0.053075 0.047453 0.219127 0.806301 0.118382 0.063275 1.533325 0.049285 0.130287 0.142946 0.018319 0.079757 0.000000 0.035862 0.032315 0.061319 0.065407 0.000000 0.058559 0.020227 0.031210 0.174056 0.083377 0.039164 0.109809 0.227006 0.133839 0.037231 0.172178 0.048348 0.088583 0.123863 0.069550 0.241373 0.033375 0.060740 0.024629 0.034798 0.142048 0.390013 0.089474 0.043309 0.052489 0.090005 0.018587 0.000000 0.031179 0.121026 0.017004 0.035746
0.073860 0.050798 0.042852 0.048084 0.037974 0.029608 0.042127 0.053268 0.097984 0.037318 0.077890 0.033589 0.024321 0.041673 0.197495 0.000000 0.095809 0.071054 0.000000 0.050388 0.149745 0.111267 0.019329 0.058322 0.000000 0.030273 0.041575 0.048385 0.065067 0.000000 0.042489 0.020688 0.028553 0.162736 0.074230 0.028721 0.090948 0.174965 0.158183 0.030419 0.111288 0.051914 0.079758 0.106880 0.080484 0.149480 0.026055 0.066927 0.019353 0.028051 0.141054 0.000000 0.084242 0.025627 0.049352 0.053362 0.018374 0.000000 0.034516 0.071195 0.021774 0.047535
0.045342 0.155164 0.034977 0.024069 0.010806 0.116763 0.174812 0.080646 0.061601 0.191127 0.031295 0.013430 0.013789 0.220344 0.062083 0.000000 0.031378 0.222258 0.000000 0.087941 0.074131 0.028393 0.042334 0.028815 0.000000 0.074269 0.065718 0.107329 0.064584 0.000000 0.063639 0.041870 0.088605 0.045177 0.026672 0.015912 0.119869 0.067441 0.039171 0.060467 0.060617 0.158915 0.037647 0.027206 0.030307 0.055940 0.017611 0.049687 0.039426 0.016291 0.032169 0.000000 0.029121 0.029869 0.155499 0.015585 0.059090 1.556656 0.012966 0.047561 0.033813 0.016664
0.091829 0.049925 0.025677 0.065590 0.040255 0.016378 0.018788 0.047026 0.091568 0.034950 0.072104 0.037554 0.038828 0.034109 0.219757 1.496399 0.113587 0.049730 0.000000 0.049195 0.139805 0.156553 0.010314 0.079497 0.983024 0.016263 0.041199 0.051873 0.046559 0.000000 0.046827 0.015125 0.015771 0.175932 0.082248 0.037903 0.095647 0.221561 0.129791 0.028600 0.143592 0.035273 0.074730 0.123376 0.060373 0.220141 0.043192 0.054337 0.015568 0.047738 0.138046 0.735770 0.095621 0.028052 0.060830 0.061093 0.017956 0.000000 0.024482 0.095636 0.019241 0.033735
0.033501 0.105579 0.035129 0.037629 0.024382 0.067264 0.078368 0.085189 0.061429 0.094597 0.039646 0.025201 0.023886 0.106515 0.096078 0.000000 0.059689 0.133596 0.000000 0.051384 0.102245 0.077095 0.016400 0.071138 0.000000 0.032549 0.055723 0.058729 0.063469 0.000000 0.054516 0.017188 0.045678 0.077905 0.048597 0.020982 0.077829 0.121584 0.076204 0.036349 0.084490 0.089453 0.062732 0.072608 0.047294 0.098797 0.021365 0.055785 0.024438 0.022542 0.070124 0.000000 0.038658 0.029658 0.120032 0.029564 0.031748 0.000000 0.023501 0.071916 0.025547 0.041100
0.081907 0.077500 0.082740 0.055270 0.042392 0.049392 0.063614 0.059904 0.119310 0.060558 0.071071 0.039366 0.027146 0.059465 0.155649 0.000000 0.137132 0.091391 0.000000 0.068284 0.149567 0.088017 0.026829 0.062658 0.000000 0.045448 0.048535 0.070419 0.142045 0.000000 0.067453 0.027432 0.044537 0.131893 0.093651 0.030890 0.132390 0.138573 0.167117 0.035884 0.102314 0.077783 0.078873 0.097680 0.107872 0.123306 0.034742 0.105201 0.026979 0.029215 0.140129 0.000000 0.073123 0.050060 0.072444 0.051740 0.026607 0.000000 0.044038 0.092447 0.022286 0.044507
0.084573 0.046545 0.049885 0.042730 0.050572 0.024812 0.024871 0.048814 0.069383 0.022093 0.066208 0.053290 0.040003 0.034005 0.162722 0.000000 0.104869 0.047337 0.982016 0.033334 0.106112 0.124918 0.015827 0.083594 0.000000 0.025106 0.028955 0.037588 0.056535 0.000000 0.038381 0.014219 0.026436 0.163975 0.076967 0.041763 0.081462 0.194161 0.126638 0.026730 0.126343 0.040385 0.073148 0.114596 0.061388 0.222969 0.029435 0.044316 0.024141 0.032476 0.120323 0.000000 0.082489 0.041258 0.039948 0.078180 0.018750 0.000000 0.033078 0.089892 0.015396 0.045939
0.063082 0.162899 0.051023 0.031274 0.020951 0.122891 0.173255 0.096367 0.080614 0.183466 0.050707 0.022183 0.022151 0.207712 0.106791 0.000000 0.062704 0.240286 0.000000 0.100085 0.112911 0.054619 0.040292 0.051131 0.000000 0.073686 0.073091 0.113687 0.086452 0.000000 0.074555 0.037967 0.085152 0.081133 0.049893 0.020977 0.130367 0.110917 0.076886 0.062940 0.091658 0.166792 0.073331 0.062212 0.050581 0.081369 0.023926 0.072199 0.043934 0.021351 0.066462 0.000000 0.046997 0.034956 0.166029 0.026348 0.054570 0.000000 0.023309 0.064530 0.037977 0.031320
0.077289 0.079444 0.033028 0.063293 0.037732 0.044572 0.068452 0.055119 0.084453 0.073592 0.058846 0.035736 0.032009 0.085495 0.146409 0.000000 0.078661 0.087867 0.000000 0.057070 0.108698 0.117505 0.022614 0.075683 0.000000 0.033905 0.042780 0.050993 0.053332 0.000000 0.045178 0.024065 0.041892 0.129513 0.063662 0.032483 0.133737 0.187539 0.092601 0.049621 0.123616 0.074705 0.060796 0.086895 0.042118 0.223932 0.041413 0.043887 0.033133 0.040536 0.092872 0.000000 0.067630 0.043095 0.075328 0.056432 0.029779 0.000000 0.012705 0.094269 0.023075 0.028957
0.113601 0.056318 0.045188 0.066678 0.048954 0.026964 0.030100 0.050754 0.095678 0.032931 0.085486 0.043775 0.054885 0.038974 0.227369 1.061077 0.123826 0.049674 0.531431 0.046558 0.131413 0.158048 0.013534 0.089112 0.079229 0.025384 0.031043 0.053515 0.060096 0.000000 0.057010 0.021504 0.021374 0.161847 0.093815 0.040383 0.105703 0.224348 0.140226 0.033168 0.166398 0.042561 0.087903 0.138127 0.062085 0.254447 0.036559 0.057345 0.020257 0.039177 0.153986 0.772794 0.092067 0.036881 0.053372 0.079162 0.016317 0.000000 0.027810 0.113648 0.016647 0.041337
0.042011 0.083268 0.028237 0.025488 0.014166 0.056906 0.075933 0.045404 0.055465 0.091149 0.041972 0.017298 0.010981 0.096082 0.096931 0.000000 0.040443 0.126814 0.000000 0.051051 0.080440 0.054648 0.019335 0.039768 0.000000 0.026555 0.061419 0.075743 0.037189 0.000000 0.046117 0.020485 0.034179 0.064820 0.031683 0.020065 0.068861 0.076575 0.053629 0.034636 0.067480 0.069025 0.044663 0.049668 0.032104 0.056430 0.022331 0.052391 0.017621 0.012125 0.056149 0.000000 0.040906 0.014796 0.089193 0.017934 0.027832 0.000000 0.021825 0.039673 0.023527 0.022032
0.069813 0.093930 0.052995 0.016595 0.017390 0.060373 0.084319 0.055242 0.060882 0.074651 0.050165 0.016126 0.026118 0.093544 0.111781 0.000000 0.071563 0.114548 0.000000 0.058603 0.081711 0.045664 0.022433 0.020778 0.000000 0.061240 0.036554 0.085170 0.074166 0.000000 0.060320 0.024989 0.036672 0.068444 0.045613 0.012262 0.088621 0.076349 0.074584 0.029567 0.083662 0.089106 0.051888 0.056547 0.047773 0.067903 0.009095 0.059290 0.018207 0.010476 0.067288 0.000000 0.034491 0.031555 0.071731 0.032920 0.024408 0.000000 0.022636 0.046118 0.012497 0.024668
0.043483 0.101169 0.044404 0.034774 0.008928 0.062927 0.088869 0.066756 0.071453 0.087454 0.043862 0.015635 0.011152 0.095199 0.088274 0.000000 0.038559 0.142402 0.000000 0.038741 0.097172 0.055414 0.021348 0.038119 0.000000 0.056147 0.054183 0.039450 0.045993 0.000000 0.052383 0.015138 0.053442 0.078373 0.029086 0.022000 0.087072 0.098389 0.069404 0.034116 0.056083 0.094152 0.071124 0.046841 0.045491 0.077633 0.025730 0.064798 0.024469 0.018124 0.045378 0.000000 0.036588 0.036578 0.083724 0.014594 0.024787 0.000000 0.015772 0.041851 0.020169 0.038771
0.055480 0.130952 0.053937 0.048766 0.024330 0.089693 0.117932 0.070002 0.105048 0.142410 0.043380 0.028009 0.016092 0.140780 0.091571 0.000000 0.065277 0.166659 0.000000 0.074357 0.140630 0.055657 0.029056 0.056574 0.000000 0.053653 0.062607 0.072766 0.091033 0.000000 0.071943 0.024102 0.071122 0.083560 0.056550 0.026821 0.113874 0.102336 0.093316 0.044991 0.062667 0.117087 0.083234 0.060508 0.067945 0.079409 0.041446 0.101431 0.035906 0.031375 0.074774 0.000000 0.049160 0.031273 0.122717 0.031418 0.044171 0.000000 0.025988 0.061189 0.033736 0.036237
0.107382 0.061960 0.047177 0.072083 0.048725 0.032157 0.035179 0.048629 0.108891 0.043053 0.096713 0.049491 0.038837 0.048137 0.219790 0.924345 0.122224 0.068437 0.504575 0.037977 0.155799 0.168723 0.011685 0.099390 0.956558 0.025874 0.044245 0.043547 0.052463 0.000000 0.046371 0.015402 0.030624 0.189808 0.091513 0.056841 0.110698 0.237715 0.167294 0.035899 0.154721 0.048165 0.097927 0.148973 0.075226 0.242756 0.049836 0.068046 0.021170 0.043387 0.153395 1.102209 0.118562 0.044831 0.063616 0.069358 0.025055 0.000000 0.036584 0.106327 0.018463 0.051938
0.035589 0.066598 0.055063 0.037450 0.032564 0.052515 0.057170 0.064272 0.071269 0.066959 0.037916 0.028111 0.018438 0.063094 0.097954 0.000000 0.071929 0.097229 0.000000 0.076273 0.125533 0.056070 0.016668 0.057357 0.000000 0.016044 0.033209 0.051792 0.095607 0.000000 0.048033 0.012237 0.039344 0.084787 0.064231 0.012950 0.070635 0.100020 0.097021 0.030067 0.066160 0.067390 0.087402 0.068711 0.068219 0.077335 0.035097 0.087948 0.024105 0.021978 0.080237 0.000000 0.040351 0.024902 0.083136 0.035066 0.020867 0.000000 0.026355 0.065588 0.027751 0.041002
0.057894 0.156134 0.047568 0.024187 0.021301 0.125166 0.172962 0.086531 0.072653 0.182570 0.044658 0.021528 0.020481 0.210680 0.083712 0.000000 0.054931 0.229225 0.000000 0.092220 0.098036 0.042678 0.037818 0.052531 0.000000 0.068759 0.063518 0.099883 0.080598 0.000000 0.063104 0.035522 0.090689 0.062978 0.045826 0.020247 0.121404 0.106678 0.066152 0.062435 0.082729 0.164558 0.065951 0.054314 0.041833 0.070648 0.023160 0.061648 0.044432 0.019419 0.054266 0.000000 0.041243 0.035364 0.158352 0.026285 0.056941 0.804853 0.021290 0.069304 0.032213 0.028902
0.034919 0.144704 0.029899 0.037551 0.021614 0.112428 0.144040 0.078893 0.056273 0.183460 0.027627 0.021356 0.014052 0.196942 0.050229 0.000000 0.040640 0.202342 0.000000 0.087017 0.111314 0.033167 0.034679 0.057260 0.000000 0.048469 0.060717 0.089106 0.077705 0.000000 0.060534 0.029421 0.081290 0.049281 0.040118 0.018424 0.094518 0.087934 0.053965 0.061241 0.060991 0.135843 0.059950 0.037826 0.046134 0.060166 0.026828 0.067781 0.042588 0.025181 0.048568 0.000000 0.035670 0.016073 0.161474 0.023927 0.053519 0.000000 0.018758 0.061458 0.047433 0.024376
0.121953 0.063866 0.057173 0.063928 0.051963 0.033949 0.034075 0.057831 0.101975 0.034222 0.095757 0.045979 0.060716 0.044333 0.241994 0.023518 0.141036 0.068320 0.126162 0.055395 0.142207 0.171533 0.014585 0.098615 0.689431 0.029681 0.039988 0.062244 0.077827 0.000000 0.063170 0.019559 0.027341 0.178371 0.101453 0.041643 0.118228 0.249925 0.154401 0.036241 0.187065 0.051889 0.098802 0.149497 0.072824 0.254654 0.040159 0.066914 0.022781 0.040420 0.164938 0.576709 0.093318 0.046324 0.066587 0.084301 0.018902 0.000000 0.033969 0.131280 0.015408 0.044667
0.081408 0.047045 0.031791 0.053573 0.032124 0.022692 0.030624 0.044135 0.094183 0.034393 0.066491 0.032950 0.028017 0.031838 0.189883 0.000000 0.096277 0.059470 0.000000 0.046459 0.128439 0.135007 0.010901 0.079414 0.000000 0.021260 0.044705 0.036052 0.052049 0.000000 0.034557 0.013457 0.027505 0.175154 0.069963 0.034873 0.099871 0.210827 0.120510 0.029967 0.119576 0.047616 0.076698 0.100554 0.070721 0.189849 0.038931 0.054446 0.019509 0.053148 0.119306 0.000000 0.079671 0.030136 0.052557 0.053892 0.016768 0.000000 0.018391 0.093309 0.020133 0.033977
0.117389 0.067046 0.053385 0.074523 0.055144 0.040528 0.035672 0.047126 0.114447 0.054866 0.092390 0.051466 0.042046 0.053591 0.220273 -0.212053 0.131783 0.078289 0.116859 0.042238 0.165299 0.168175 0.018056 0.106318 0.368026 0.029712 0.043511 0.046228 0.065077 6.151309 0.054352 0.017326 0.031488 0.183501 0.102877 0.052388 0.108986 0.249723 0.175942 0.040393 0.167377 0.052000 0.106005 0.151262 0.073599 0.237081 0.052748 0.074908 0.023905 0.040605 0.169822 0.233555 0.113064 0.046612 0.072393 0.077599 0.023990 0.000000 0.035072 0.115215 0.019432 0.052297
0.077376 0.140256 0.056422 0.064352 0.040444 0.089015 0.106021 0.074117 0.108963 0.129609 0.063314 0.035426 0.032647 0.138446 0.149811 0.000000 0.095582 0.160952 0.000000 0.086238 0.161143 0.120633 0.028053 0.115096 0.000000 0.046640 0.066273 0.088721 0.091230 0.000000 0.060865 0.032851 0.066373 0.126884 0.087292 0.037154 0.140803 0.213800 0.109787 0.082840 0.162680 0.106124 0.078038 0.104204 0.052223 0.164723 0.046598 0.078055 0.041366 0.037557 0.103656 0.000000 0.070211 0.043391 0.134890 0.049616 0.048667 0.000000 0.026131 0.140420 0.032193 0.052377
0.048591 0.078600 0.067801 0.028132 0.020064 0.036242 0.059953 0.052129 0.096970 0.035022 0.045557 0.017030 0.019925 0.046865 0.127155 0.000000 0.083228 0.077054 0.000000 0.061215 0.088110 0.081123 0.016791 0.053529 0.000000 0.039231 0.044994 0.059397 0.090781 0.000000 0.045509 0.024707 0.036121 0.105732 0.063911 0.012299 0.118989 0.116869 0.082814 0.040092 0.104731 0.071644 0.046373 0.075504 0.047928 0.099110 0.023619 0.057364 0.020228 0.022161 0.069745 0.000000 0.030026 0.052861 0.057005 0.024166 0.021017 0.000000 0.018992 0.080839 0.009220 0.057733
0.090348 0.070251 0.072556 0.062704 0.052742 0.046813 0.047321 0.058045 0.107581 0.055005 0.087621 0.050542 0.037473 0.056139 0.199123 0.000000 0.141991 0.089498 -0.233082 0.057577 0.182451 0.116991 0.023057 0.081299 0.000000 0.031335 0.047939 0.063173 0.112101 0.000000 0.066001 0.018540 0.035790 0.160396 0.101733 0.041996 0.095918 0.178873 0.195462 0.028673 0.128526 0.058715 0.104031 0.137526 0.112869 0.163313 0.039527 0.103010 0.024873 0.027130 0.161021 0.000000 0.104057 0.041456 0.076098 0.069668 0.025918 0.000000 0.062410 0.099494 0.024039 0.054093
0.083463 0.150893 0.056257 0.051499 0.030441 0.113276 0.147377 0.084592 0.097888 0.172680 0.064557 0.034592 0.026292 0.185893 0.121248 0.000000 0.072733 0.207232 0.000000 0.081168 0.140659 0.083841 0.035078 0.080540 0.000000 0.062121 0.068754 0.092455 0.077672 0.000000 0.072084 0.032143 0.087496 0.098255 0.060863 0.036764 0.139261 0.159844 0.094617 0.070904 0.112759 0.142344 0.104261 0.087638 0.061579 0.129738 0.041695 0.084736 0.040960 0.031560 0.083150 0.000000 0.064335 0.042324 0.156056 0.042865 0.053756 0.000000 0.025693 0.097751 0.039424 0.046729
0.107524 0.075522 0.028773 0.047395 0.030166 0.034931 0.060122 0.065861 0.088050 0.051843 0.069012 0.025194 0.030896 0.063788 0.190944 0.000000 0.091634 0.078274 0.000000 0.052291 0.098282 0.115151 0.017016 0.058854 0.000000 0.038224 0.039397 0.069615 0.046561 0.000000 0.052313 0.024541 0.035722 0.151544 0.064980 0.032245 0.129273 0.194362 0.105985 0.043101 0.136060 0.062614 0.060298 0.094239 0.048495 0.170059 0.031768 0.048496 0.023071 0.040774 0.104088 0.000000 0.083722 0.032563 0.061168 0.050459 0.020378 0.000000 0.017483 0.091824 0.017847 0.027596
0.046565 0.139053 0.026677 0.036123 0.023964 0.108759 0.138019 0.061376 0.065765 0.179092 0.030929 0.023374 0.022784 0.196158 0.070185 0.000000 0.057626 0.186604 0.000000 0.081092 0.101358 0.055585 0.031069 0.069853 0.000000 0.044232 0.060829 0.089670 0.062518 0.000000 0.050998 0.030111 0.074243 0.056946 0.048932 0.027366 0.093527 0.114848 0.062128 0.058908 0.088513 0.130447 0.045755 0.062685 0.032526 0.083231 0.028839 0.048016 0.037011 0.023471 0.057281 0.000000 0.050710 0.023809 0.154918 0.030421 0.060090 0.000000 0.023692 0.077497 0.031468 0.023066
0.067573 0.031891 0.030734 0.045937 0.014872 0.011317 0.015759 0.017680 0.043543 0.012363 0.055901 0.011587 0.029440 0.013741 0.123191 0.000000 0.069034 0.021682 0.000000 0.030186 0.064337 0.064064 0.010030 0.017703 0.000000 0.025869 0.013739 0.051067 0.051417 0.000000 0.056289 0.015060 0.009884 0.062034 0.046071 0.010965 0.059982 0.076051 0.060031 0.013607 0.087466 0.014727 0.032079 0.052278 0.034154 0.101006 0.018008 0.045888 0.005643 0.004194 0.078716 0.000000 0.041769 0.015525 0.017397 0.029711 0.004202 0.000000 0.020241 0.053815 0.006213 0.006722
0.084234 0.076664 0.055509 0.053283 0.033540 0.046199 0.054683 0.053190 0.103321 0.059024 0.070342 0.033775 0.027280 0.069082 0.173940 0.000000 0.100029 0.097640 0.000000 0.044950 0.132809 0.123500 0.015368 0.081813 0.000000 0.035643 0.053721 0.047973 0.067667 0.000000 0.052405 0.014443 0.040776 0.150461 0.076044 0.036400 0.101921 0.193232 0.141446 0.033828 0.116666 0.067553 0.086180 0.112161 0.060183 0.151381 0.053739 0.075536 0.022584 0.033394 0.114057 0.000000 0.085796 0.061555 0.075512 0.046427 0.025923 0.000000 0.032242 0.094354 0.012755 0.046138
0.059250 0.065775 0.080359 0.050128 0.049710 0.053054 0.050473 0.049182 0.090634 0.052122 0.073855 0.045135 0.025122 0.054863 0.139173 0.000000 0.108290 0.087572 0.000000 0.052639 0.175092 0.094148 0.019216 0.086196 0.000000 0.029491 0.037590 0.046345 0.110560 0.000000 0.044287 0.020379 0.038646 0.126716 0.098597 0.033788 0.075221 0.155510 0.169564 0.036658 0.097511 0.055134 0.088919 0.104334 0.094081 0.121081 0.035592 0.093793 0.028364 0.022067 0.131627 0.000000 0.078262 0.038921 0.062198 0.051853 0.025294 0.000000 0.044928 0.092795 0.022925 0.054449
0.104278 0.072166 0.051843 0.068373 0.052845 0.040258 0.035361 0.053518 0.120236 0.046610 0.085523 0.046624 0.044493 0.047799 0.226846 1.277614 0.131706 0.082548 0.924642 0.052784 0.167983 0.178368 0.010129 0.124312 0.876027 0.020300 0.050101 0.051002 0.075932 0.000000 0.051692 0.017369 0.029181 0.186880 0.106009 0.045728 0.105620 0.264807 0.167353 0.043394 0.174447 0.049879 0.098065 0.152815 0.070035 0.219095 0.051159 0.070766 0.022824 0.045775 0.167053 0.881433 0.101547 0.045394 0.079240 0.070878 0.022182 0.000000 0.033381 0.144337 0.016630 0.051015
0.056461 0.035054 0.017255 0.040792 0.029184 0.022457 0.022093 0.035195 0.065737 0.043145 0.041576 0.026454 0.025885 0.031222 0.113220 0.000000 0.075056 0.035255 0.000000 0.023268 0.077022 0.084269 0.007124 0.055158 0.000000 0.004773 0.019678 0.025613 0.043104 0.000000 0.030025 0.010544 0.012875 0.082548 0.056243 0.025849 0.066550 0.129621 0.089273 0.017136 0.071730 0.032318 0.057926 0.094323 0.049771 0.107137 0.026890 0.039901 0.012454 0.046367 0.091108 0.000000 0.056096 0.022349 0.053736 0.035417 0.015219 0.000000 0.018354 0.065516 0.018671 0.031874
0.106767 0.074850 0.079800 0.042468 0.032076 0.054624 0.075214 0.046552 0.102535 0.070736 0.083035 0.029709 0.031560 0.075361 0.154664 0.000000 0.107603 0.104039 0.000000 0.055100 0.126967 0.078448 0.025146 0.049879 0.000000 0.050639 0.041757 0.066791 0.112142 0.000000 0.078765 0.024946 0.048477 0.108407 0.075761 0.028438 0.123522 0.133923 0.128962 0.033201 0.102365 0.084614 0.104065 0.086796 0.081528 0.123420 0.030131 0.084238 0.024288 0.022280 0.112810 0.000000 0.057930 0.052279 0.073536 0.042763 0.020340 0.000000 0.030937 0.082796 0.020939 0.043191
0.047778 0.155974 0.036909 0.038029 0.020709 0.122482 0.155972 0.076996 0.071512 0.194615 0.030526 0.023412 0.013858 0.206928 0.052776 0.000000 0.045534 0.219127 0.000000 0.085556 0.106736 0.040502 0.036451 0.059879 0.000000 0.058186 0.067050 0.096731 0.074385 0.000000 0.065266 0.030821 0.082173 0.052995 0.041762 0.021542 0.106480 0.090830 0.055447 0.066044 0.071770 0.148925 0.064363 0.045253 0.040421 0.055311 0.031669 0.071423 0.042169 0.023699 0.051639 0.000000 0.037988 0.025579 0.167818 0.023985 0.058326 1.762542 0.018209 0.062898 0.040142 0.026847
0.070217 0.049429 0.038066 0.063280 0.038102 0.025449 0.023356 0.034317 0.089207 0.040561 0.051544 0.034494 0.026247 0.024689 0.133804 0.000000 0.086250 0.043107 0.000000 0.054653 0.124514 0.090964 0.009820 0.069248 0.000000 0.007634 0.027164 0.042296 0.070625 0.000000 0.056804 0.010735 0.024328 0.099354 0.076245 0.025229 0.080905 0.138693 0.104716 0.024691 0.097267 0.029931 0.079463 0.080436 0.057604 0.128912 0.052138 0.081630 0.020096 0.031258 0.104806 0.000000 0.062559 0.018604 0.059084 0.049060 0.014571 0.000000 0.022650 0.086549 0.016576 0.021334
0.091016 0.038994 0.021843 0.065908 0.037050 0.016164 0.011275 0.037671 0.085109 0.032213 0.067985 0.036261 0.036553 0.027039 0.182717 0.129965 0.103842 0.041878 0.000000 0.032235 0.127092 0.147724 0.005402 0.079938 0.000000 0.011073 0.032365 0.035821 0.030217 0.000000 0.035857 0.008743 0.013703 0.160691 0.075070 0.041812 0.086707 0.202661 0.108402 0.030024 0.133200 0.029504 0.082681 0.116265 0.045203 0.228615 0.041715 0.042946 0.012148 0.039628 0.117944 1.547919 0.086000 0.026944 0.053556 0.059386 0.016093 0.000000 0.017733 0.088905 0.014370 0.033997
0.104766 0.065262 0.064372 0.075437 0.075227 0.040178 0.035195 0.059893 0.116127 0.048953 0.094523 0.075059 0.046054 0.045491 0.210389 0.000000 0.145883 0.070871 -0.254750 0.054768 0.174669 0.172964 0.022393 0.124471 1.074356 0.025406 0.046348 0.049985 0.093023 0.000000 0.060386 0.022109 0.036603 0.194223 0.115237 0.051359 0.111738 0.240400 0.183683 0.041644 0.158392 0.049763 0.112225 0.150329 0.095923 0.255807 0.054826 0.092110 0.032704 0.044898 0.190054 0.826137 0.112477 0.047028 0.072919 0.097061 0.030142 0.000000 0.044697 0.122877 0.026240 0.059256
0.097103 0.065086 0.060167 0.065191 0.051839 0.027544 0.028548 0.046744 0.107417 0.040102 0.077339 0.042519 0.039196 0.038950 0.212188 0.000000 0.126198 0.057077 0.479915 0.051641 0.153538 0.121748 0.018262 0.080752 0.000000 0.029363 0.042825 0.057716 0.091302 0.000000 0.063152 0.019818 0.021228 0.150179 0.092629 0.040912 0.106573 0.191363 0.176151 0.031430 0.151456 0.047065 0.084454 0.123399 0.085633 0.190051 0.038451 0.080308 0.023727 0.030195 0.153554 0.000000 0.093367 0.035552 0.062966 0.065485 0.018615 0.000000 0.041118 0.105159 0.020814 0.044111
0.065226 0.062644 0.046143 0.038992 0.035848 0.037507 0.036454 0.046875 0.078581 0.041667 0.072712 0.034672 0.029842 0.047293 0.153157 0.000000 0.075468 0.073962 0.000000 0.029273 0.118617 0.115493 0.008393 0.078347 0.000000 0.018717 0.035851 0.036528 0.035931 0.000000 0.035313 0.010644 0.028040 0.123866 0.064050 0.035113 0.071330 0.161432 0.102962 0.035299 0.115873 0.040396 0.093690 0.121760 0.051183 0.149681 0.029570 0.059383 0.014085 0.025103 0.091038 0.000000 0.070627 0.034755 0.058971 0.050527 0.020641 0.000000 0.031825 0.082867 0.014403 0.071155
0.054268 0.156077 0.043998 0.021399 0.015985 0.114335 0.171335 0.091704 0.067826 0.174561 0.043305 0.017045 0.019278 0.207251 0.090081 0.000000 0.046710 0.222536 0.000000 0.095247 0.083923 0.038080 0.040153 0.033926 0.000000 0.076243 0.067138 0.112983 0.075080 0.000000 0.067509 0.040069 0.083495 0.064876 0.036314 0.016666 0.126242 0.086082 0.055945 0.057112 0.078470 0.162098 0.050786 0.044872 0.040036 0.069902 0.016519 0.056067 0.039768 0.017147 0.046423 0.000000 0.035796 0.035036 0.153056 0.023290 0.054967 0.000000 0.018609 0.054324 0.031488 0.022876
0.113873 0.070370 0.065675 0.064980 0.061426 0.045914 0.046113 0.064849 0.097576 0.050326 0.092537 0.060932 0.049765 0.053299 0.212086 1.227555 0.137150 0.088620 0.021553 0.064459 0.156561 0.158387 0.026006 0.103477 0.427529 0.035997 0.045942 0.067185 0.090075 0.000000 0.066884 0.023664 0.036860 0.184155 0.096762 0.044211 0.117500 0.232880 0.161102 0.045249 0.164764 0.062534 0.105742 0.136677 0.084919 0.245159 0.044389 0.079736 0.030544 0.040677 0.169121 1.311302 0.095442 0.047826 0.075836 0.091445 0.025987 0.000000 0.040542 0.121050 0.027782 0.047910
0.050272 0.157372 0.044183 0.032311 0.025056 0.128094 0.162487 0.077626 0.074444 0.189906 0.042097 0.026930 0.018749 0.207925 0.075340 0.000000 0.051381 0.229242 0.000000 0.088567 0.115916 0.055261 0.034835 0.069896 0.000000 0.059495 0.066644 0.097707 0.072871 0.000000 0.060921 0.032029 0.084845 0.063004 0.050458 0.022592 0.102201 0.112019 0.065320 0.068173 0.090745 0.151393 0.069668 0.061635 0.037456 0.069214 0.029042 0.068881 0.043155 0.018260 0.062180 0.000000 0.045239 0.027762 0.164682 0.030074 0.060543 0.853098 0.022886 0.073434 0.034591 0.035438
0.046054 0.159606 0.036642 0.033950 0.015183 0.129373 0.175732 0.083371 0.069314 0.203905 0.029999 0.017762 0.012448 0.223676 0.054179 0.000000 0.040320 0.239797 0.000000 0.086172 0.099842 0.037245 0.040286 0.050373 0.000000 0.068114 0.068415 0.095475 0.069154 0.000000 0.061776 0.035345 0.092220 0.055385 0.036415 0.019794 0.114907 0.088326 0.054220 0.067999 0.063182 0.164390 0.058966 0.037257 0.035842 0.058571 0.026385 0.062564 0.045756 0.022124 0.042409 0.000000 0.037946 0.027438 0.167304 0.016443 0.060507 -1.405710 0.014927 0.053539 0.039859 0.024346
0.094188 0.066852 0.071434 0.070094 0.051396 0.043488 0.048434 0.065056 0.114138 0.055395 0.084828 0.047793 0.037408 0.054232 0.188833 0.000000 0.142532 0.085828 0.902853 0.052535 0.173494 0.126224 0.022359 0.085964 0.000000 0.034780 0.050250 0.054150 0.108252 0.000000 0.062845 0.019916 0.037255 0.174853 0.100634 0.041978 0.110042 0.189015 0.201534 0.031452 0.123060 0.063939 0.102376 0.137323 0.110739 0.183310 0.042699 0.098907 0.026790 0.038940 0.164979 0.000000 0.103997 0.048593 0.072463 0.069765 0.027627 0.000000 0.056928 0.095400 0.025700 0.055322
0.098499 0.066594 0.036859 0.080920 0.034509 0.032042 0.041185 0.048735 0.112691 0.060909 0.076266 0.034086 0.036986 0.055842 0.190966 0.000000 0.097043 0.075605 0.000000 0.039843 0.136863 0.133620 0.012030 0.077722 0.000000 0.031101 0.043743 0.046011 0.050790 0.000000 0.059842 0.016164 0.031145 0.148951 0.073297 0.043063 0.122941 0.194600 0.118983 0.038184 0.139582 0.054834 0.089103 0.111803 0.054108 0.228217 0.041381 0.064647 0.020419 0.035912 0.120775 0.000000 0.084337 0.031162 0.066799 0.055840 0.023907 0.000000 0.022322 0.094350 0.016972 0.040429
0.036811 0.128617 0.031587 0.031940 0.020428 0.097753 0.138661 0.078615 0.064475 0.156740 0.032684 0.021920 0.012763 0.178915 0.065536 0.000000 0.039949 0.176264 0.000000 0.082289 0.092282 0.030139 0.034587 0.043392 0.000000 0.047043 0.055197 0.079036 0.076627 0.000000 0.056631 0.029439 0.090803 0.054076 0.033823 0.020104 0.108207 0.081783 0.051917 0.050702 0.052863 0.126159 0.055949 0.034923 0.051268 0.069165 0.027005 0.066827 0.038173 0.022527 0.042052 0.000000 0.037821 0.025641 0.136210 0.027846 0.050842 0.000000 0.021944 0.064908 0.036858 0.023104
0.082314 0.093381 0.093357 0.032748 0.032248 0.053677 0.075124 0.066676 0.101796 0.054208 0.074491 0.031527 0.034983 0.073726 0.160205 0.000000 0.098142 0.108044 0.000000 0.066259 0.125126 0.095138 0.020128 0.065552 0.000000 0.050284 0.052915 0.071565 0.114529 0.000000 0.067758 0.023687 0.046653 0.114465 0.074069 0.025868 0.138081 0.157992 0.115396 0.040159 0.125386 0.090304 0.092807 0.091559 0.069297 0.145820 0.030457 0.081153 0.024930 0.022818 0.096000 0.000000 0.043659 0.069751 0.083656 0.043559 0.024234 0.000000 0.027314 0.101895 0.017305 0.060601
