0.087734 0.070103 0.050805 0.040454 0.040914 0.039867 0.041943 0.053252 0.082509 0.033520 0.096179 0.040076 0.037126 0.042275 0.205735 0.000000 0.094142 0.087756 0.000000 0.054800 0.130831 0.131554 0.011584 0.079252 0.000000 0.028412 0.044745 0.063931 0.057438 0.000000 0.055978 0.013048 0.027349 0.142235 0.075389 0.032739 0.088740 0.190316 0.117355 0.035905 0.152980 0.049872 0.099058 0.116930 0.063224 0.155143 0.037057 0.076642 0.019312 0.024562 0.123579 0.000000 0.077133 0.036233 0.065020 0.061013 0.017723 0.000000 0.033095 0.100370 0.013837 0.046631
0.079967 0.158577 0.071080 0.050750 0.036944 0.106814 0.141177 0.094994 0.124204 0.157561 0.070311 0.036710 0.033796 0.175650 0.171316 0.000000 0.114260 0.209906 0.000000 0.115948 0.164937 0.109989 0.033528 0.090644 0.000000 0.059006 0.087721 0.117968 0.128727 0.000000 0.082929 0.035578 0.078501 0.135719 0.084378 0.033300 0.162739 0.187610 0.129164 0.064943 0.139533 0.153238 0.096298 0.105136 0.080306 0.142760 0.044982 0.097876 0.041116 0.038789 0.115000 0.000000 0.069200 0.054962 0.172389 0.047982 0.054174 0.000000 0.035491 0.115272 0.036158 0.052657
0.078673 0.066532 0.064942 0.049475 0.042119 0.049322 0.057523 0.061553 0.090837 0.055897 0.092493 0.041270 0.027393 0.054996 0.162218 0.000000 0.098465 0.095184 0.000000 0.046515 0.152668 0.102071 0.016087 0.071929 0.000000 0.025956 0.036913 0.037548 0.081713 0.000000 0.053156 0.012299 0.046551 0.130728 0.079165 0.033126 0.097349 0.162394 0.141972 0.031943 0.102181 0.066236 0.125703 0.114816 0.098157 0.149682 0.032664 0.089804 0.023299 0.028220 0.123137 0.000000 0.079561 0.035764 0.072817 0.052977 0.019228 0.000000 0.038480 0.083043 0.028101 0.069477
0.099719 0.065304 0.058003 0.058290 0.040051 0.035557 0.048372 0.045724 0.132713 0.052873 0.077746 0.036404 0.034573 0.052911 0.216919 0.000000 0.115092 0.075254 0.000000 0.062039 0.147618 0.127192 0.012619 0.086605 0.000000 0.021273 0.048740 0.061260 0.091457 0.305684 0.056365 0.022175 0.034853 0.153002 0.090101 0.038767 0.130782 0.211152 0.148455 0.038819 0.139240 0.060269 0.096944 0.123396 0.072599 0.166984 0.044989 0.074214 0.020203 0.039160 0.136501 0.000000 0.079042 0.045354 0.075154 0.050828 0.019889 0.000000 0.027633 0.127528 0.016270 0.047478
0.110700 0.070026 0.072003 0.076260 0.074357 0.041015 0.039951 0.060914 0.123621 0.050532 0.101112 0.074118 0.048439 0.047303 0.227314 0.018879 0.152250 0.075510 1.349650 0.062561 0.181673 0.178462 0.023561 0.124723 -0.060576 0.029151 0.050612 0.060569 0.105283 0.958034 0.067465 0.025887 0.037867 0.201114 0.119392 0.051881 0.121700 0.247350 0.188468 0.043135 0.167239 0.053716 0.113721 0.154145 0.101202 0.258468 0.053574 0.095343 0.032284 0.046276 0.195645 -0.097813 0.111991 0.050354 0.075926 0.096312 0.029912 0.000000 0.046003 0.131934 0.027944 0.060871
0.041782 0.150854 0.030170 0.032770 0.014545 0.114425 0.159672 0.074064 0.073340 0.192596 0.025897 0.016675 0.013915 0.214475 0.057648 0.000000 0.036953 0.206913 0.000000 0.080109 0.081661 0.038323 0.035324 0.045899 0.000000 0.065689 0.067958 0.096090 0.056318 0.000000 0.055842 0.035152 0.082696 0.053901 0.031777 0.021710 0.113793 0.081552 0.048902 0.059262 0.065855 0.153023 0.039274 0.039077 0.027739 0.063100 0.025262 0.050829 0.038351 0.022849 0.035821 0.000000 0.038346 0.030306 0.155300 0.018637 0.065189 1.853622 0.016044 0.051440 0.029622 0.022963
0.036191 0.151066 0.031920 0.024279 0.015976 0.124018 0.163947 0.073137 0.050467 0.192062 0.028907 0.020096 0.011077 0.216823 0.039549 0.000000 0.030018 0.226152 0.000000 0.077771 0.093417 0.033277 0.037647 0.048678 0.000000 0.062680 0.062978 0.092380 0.058796 0.000000 0.053253 0.032006 0.088648 0.041408 0.028922 0.019463 0.091997 0.083991 0.035339 0.067232 0.062782 0.147871 0.050175 0.029689 0.024867 0.050606 0.022288 0.052032 0.040433 0.015476 0.029200 0.000000 0.031871 0.025834 0.160588 0.018837 0.061417 0.464542 0.015435 0.054980 0.035952 0.024278
0.072319 0.045367 0.024385 0.042245 0.024378 0.019893 0.032723 0.033544 0.052222 0.033739 0.050650 0.022018 0.025421 0.041703 0.135068 0.000000 0.064573 0.048915 0.000000 0.060844 0.077455 0.087198 0.012931 0.041743 0.000000 0.020764 0.022508 0.065636 0.042015 0.000000 0.052736 0.017543 0.021482 0.086297 0.050724 0.018623 0.074578 0.127173 0.060724 0.029874 0.116856 0.038317 0.049778 0.060361 0.021591 0.125420 0.029587 0.036957 0.012801 0.012074 0.078608 0.000000 0.050324 0.016426 0.055496 0.035782 0.014992 0.000000 0.010858 0.073027 0.012887 0.007100
0.063520 0.067512 0.066459 0.078776 0.036787 0.034668 0.033188 0.051653 0.089587 0.045167 0.051755 0.032683 0.032622 0.037043 0.131825 0.000000 0.103881 0.059622 0.000000 0.053000 0.155705 0.091039 0.017708 0.077292 0.000000 0.028903 0.034820 0.044561 0.117582 0.000000 0.058278 0.017480 0.034659 0.112128 0.086218 0.026822 0.100729 0.164194 0.128414 0.036631 0.110187 0.042789 0.067787 0.086864 0.076732 0.161653 0.039086 0.086852 0.025784 0.028177 0.112370 0.000000 0.056759 0.036835 0.062959 0.051073 0.021645 0.000000 0.034503 0.120284 0.023557 0.036902
0.047428 0.156700 0.045275 0.022319 0.019173 0.121565 0.168493 0.086938 0.063738 0.178121 0.042842 0.021343 0.018193 0.209986 0.077375 0.000000 0.037358 0.219280 0.000000 0.082540 0.094691 0.043033 0.036989 0.053297 0.000000 0.070289 0.062829 0.093249 0.064264 0.000000 0.057514 0.035767 0.092939 0.057918 0.037858 0.020652 0.109413 0.103446 0.056473 0.062984 0.079702 0.155908 0.059139 0.046124 0.035796 0.072700 0.021517 0.057086 0.041577 0.016385 0.043422 0.000000 0.037910 0.036811 0.149864 0.027276 0.057838 1.793962 0.019124 0.069653 0.029846 0.032510
0.092988 0.083003 0.069131 0.048255 0.029011 0.059015 0.069541 0.053857 0.101184 0.073631 0.073992 0.035078 0.026130 0.071731 0.144611 0.000000 0.084430 0.117256 0.000000 0.045214 0.129632 0.094287 0.015960 0.071234 0.000000 0.036092 0.048238 0.046356 0.069355 0.000000 0.062706 0.011883 0.051304 0.113749 0.063739 0.035554 0.107139 0.154669 0.114034 0.036463 0.101963 0.079484 0.121769 0.098855 0.067449 0.133050 0.045841 0.088724 0.022961 0.024741 0.095195 0.000000 0.064091 0.047186 0.087189 0.041935 0.020464 0.000000 0.027883 0.086343 0.021889 0.052922
0.106397 0.063944 0.067166 0.073497 0.068588 0.030102 0.038790 0.060882 0.121791 0.040629 0.095710 0.069438 0.045360 0.041840 0.220950 0.000000 0.142604 0.057578 0.376428 0.058846 0.160588 0.168478 0.023188 0.110796 0.336268 0.032839 0.048082 0.057842 0.097550 -0.506530 0.064312 0.027245 0.036159 0.199178 0.109688 0.048759 0.127462 0.229583 0.179233 0.037335 0.154798 0.052853 0.098729 0.141911 0.097763 0.255246 0.049552 0.086535 0.029901 0.046475 0.184020 1.923662 0.106890 0.051772 0.061467 0.092181 0.029161 0.000000 0.041498 0.119564 0.023749 0.054716
0.111347 0.051570 0.052869 0.062342 0.045821 0.022800 0.020992 0.053389 0.088948 0.019396 0.080859 0.043659 0.051004 0.023648 0.198347 0.000000 0.119802 0.045848 -0.507792 0.044817 0.129122 0.146077 0.014044 0.089324 0.000000 0.027608 0.033733 0.048090 0.077504 0.042339 0.055345 0.016944 0.022924 0.175986 0.084672 0.036195 0.108982 0.224957 0.133121 0.032869 0.160026 0.041329 0.086291 0.119223 0.073822 0.237741 0.036953 0.060618 0.021922 0.042808 0.142200 0.081100 0.077667 0.045999 0.048801 0.083848 0.014509 0.000000 0.026626 0.125206 0.017315 0.036563
0.050601 0.158740 0.039581 0.036004 0.017081 0.125977 0.169846 0.087116 0.074383 0.197974 0.033300 0.020680 0.012822 0.216577 0.059930 0.000000 0.045295 0.231378 0.000000 0.087171 0.104608 0.037390 0.039080 0.050993 0.000000 0.064791 0.068132 0.095616 0.078634 0.000000 0.067980 0.033094 0.092718 0.059114 0.038866 0.020837 0.120113 0.090432 0.057963 0.064606 0.062081 0.162614 0.069024 0.040504 0.045032 0.061219 0.029426 0.070465 0.044453 0.025568 0.047268 0.000000 0.038083 0.030422 0.169759 0.019236 0.057370 1.995402 0.016366 0.057918 0.042109 0.027005
0.101846 0.047810 0.031536 0.077149 0.052020 0.026409 0.021158 0.036392 0.106764 0.044343 0.079465 0.046194 0.034148 0.035611 0.203562 0.000000 0.130756 0.053662 0.173334 0.038700 0.155190 0.155010 0.013265 0.098958 0.738772 0.015049 0.037710 0.039893 0.057501 -0.457316 0.042674 0.015117 0.017504 0.177835 0.103006 0.046797 0.091209 0.225418 0.170970 0.034925 0.148206 0.034333 0.082841 0.141605 0.072297 0.203087 0.047888 0.063073 0.020326 0.042482 0.170466 0.000000 0.117707 0.029173 0.060905 0.065440 0.020890 0.000000 0.033667 0.100233 0.018278 0.039306
0.122758 0.063101 0.050035 0.054246 0.046173 0.032918 0.037400 0.054206 0.085933 0.032331 0.088341 0.044780 0.052767 0.047216 0.217846 0.839536 0.117706 0.062961 1.532192 0.049010 0.129576 0.142108 0.018227 0.079332 0.000000 0.035660 0.032150 0.060954 0.065070 0.229923 0.058232 0.020112 0.031057 0.173074 0.082909 0.038943 0.109178 0.225718 0.133098 0.037025 0.171188 0.048101 0.088105 0.123154 0.069168 0.240020 0.033199 0.060410 0.024511 0.034600 0.141245 0.000000 0.088957 0.043078 0.052223 0.089499 0.018499 0.000000 0.031011 0.120341 0.016918 0.035559
0.073403 0.050501 0.042601 0.047815 0.037763 0.029457 0.041864 0.052945 0.097370 0.037123 0.077403 0.033400 0.024180 0.041444 0.196230 0.000000 0.095230 0.070649 0.000000 0.050087 0.148891 0.110591 0.019222 0.058007 0.000000 0.030089 0.041324 0.048090 0.064697 0.000000 0.042229 0.020561 0.028389 0.161764 0.073802 0.028550 0.090359 0.173935 0.157253 0.030255 0.110627 0.051601 0.079270 0.106236 0.079989 0.148586 0.025913 0.066538 0.019251 0.027889 0.140212 0.000000 0.083733 0.025471 0.049087 0.053062 0.018281 0.000000 0.034323 0.070787 0.021656 0.047249
0.045013 0.153991 0.034724 0.023894 0.010744 0.115884 0.173470 0.080034 0.061147 0.189675 0.031069 0.013344 0.013693 0.218665 0.061636 0.000000 0.031167 0.220558 0.000000 0.087282 0.073609 0.028210 0.042009 0.028637 0.000000 0.073696 0.065218 0.106518 0.064108 0.000000 0.063153 0.041546 0.087932 0.044867 0.026497 0.015801 0.118959 0.066977 0.038911 0.060021 0.060189 0.157703 0.037391 0.027031 0.030092 0.055551 0.017493 0.049328 0.039132 0.016178 0.031957 0.000000 0.028924 0.029651 0.154324 0.015490 0.058646 1.553121 0.012878 0.047235 0.033558 0.016550
0.091244 0.049644 0.025535 0.065185 0.040008 0.016316 0.018705 0.046751 0.091009 0.034782 0.071644 0.037325 0.038577 0.033946 0.218322 1.516571 0.112877 0.049486 0.000000 0.048900 0.138968 0.155556 0.010256 0.079024 0.982759 0.016171 0.040962 0.051543 0.046299 0.913873 0.046537 0.015030 0.015700 0.174836 0.081731 0.037668 0.095056 0.220185 0.129010 0.028435 0.142674 0.035099 0.074290 0.122593 0.060016 0.218740 0.042934 0.054029 0.015487 0.047443 0.137167 0.831848 0.095026 0.027888 0.060497 0.060716 0.017858 0.000000 0.024338 0.095037 0.019132 0.033542
0.033351 0.104884 0.034954 0.037398 0.024256 0.066829 0.077845 0.084638 0.061099 0.093950 0.039448 0.025070 0.023750 0.105782 0.095598 0.000000 0.059383 0.132726 0.000000 0.051068 0.101675 0.076677 0.016295 0.070725 0.000000 0.032336 0.055365 0.058364 0.063105 0.000000 0.054173 0.017075 0.045383 0.077515 0.048340 0.020865 0.077373 0.120903 0.075809 0.036118 0.084030 0.088880 0.062422 0.072221 0.047044 0.098232 0.021258 0.055487 0.024280 0.022415 0.069765 0.000000 0.038466 0.029501 0.119245 0.029417 0.031538 0.000000 0.023371 0.071505 0.025382 0.040874
0.081411 0.077017 0.082230 0.054969 0.042167 0.049097 0.063205 0.059538 0.118567 0.060198 0.070659 0.039158 0.026991 0.059095 0.154705 0.000000 0.136325 0.090821 0.000000 0.067857 0.148711 0.087526 0.026665 0.062340 0.000000 0.045149 0.048231 0.069971 0.141176 0.000000 0.067030 0.027261 0.044260 0.131131 0.093120 0.030728 0.131555 0.137797 0.166136 0.035675 0.101721 0.077284 0.078413 0.097139 0.107232 0.122644 0.034543 0.104568 0.026825 0.029051 0.139329 0.000000 0.072719 0.049741 0.072012 0.051458 0.026458 0.000000 0.043789 0.091918 0.022162 0.044247
0.084143 0.046339 0.049655 0.042527 0.050335 0.024716 0.024775 0.048572 0.069051 0.022025 0.065888 0.053049 0.039795 0.033863 0.161897 0.000000 0.104351 0.047144 0.982653 0.033190 0.105603 0.124276 0.015766 0.083194 0.000000 0.024993 0.028827 0.037422 0.056292 0.905529 0.038219 0.014161 0.026327 0.163142 0.076592 0.041554 0.081089 0.193162 0.126002 0.026615 0.125712 0.040210 0.072801 0.114004 0.061098 0.221866 0.029303 0.044132 0.024037 0.032312 0.119751 0.000000 0.082070 0.041060 0.039775 0.077803 0.018670 0.000000 0.032916 0.089446 0.015332 0.045711
0.062672 0.161744 0.050690 0.031077 0.020836 0.122033 0.172003 0.095700 0.080086 0.182151 0.050387 0.022056 0.022014 0.206206 0.106122 0.000000 0.062328 0.238594 0.000000 0.099388 0.112203 0.054309 0.039998 0.050843 0.000000 0.073149 0.072577 0.112884 0.085877 0.000000 0.074030 0.037687 0.084540 0.080642 0.049599 0.020846 0.129459 0.110247 0.076424 0.062507 0.091089 0.165606 0.072884 0.061854 0.050262 0.080873 0.023781 0.071732 0.043631 0.021218 0.066075 0.000000 0.046715 0.034724 0.164865 0.026201 0.054178 0.000000 0.023165 0.064136 0.037715 0.031133
0.076840 0.078918 0.032852 0.062882 0.037535 0.044269 0.067966 0.054756 0.083915 0.073082 0.058491 0.035547 0.031817 0.084894 0.145519 0.000000 0.078215 0.087263 0.000000 0.056708 0.108036 0.116805 0.022478 0.075228 0.000000 0.033683 0.042500 0.050677 0.053017 0.000000 0.044905 0.023909 0.041602 0.128726 0.063286 0.032283 0.132880 0.186389 0.092071 0.049307 0.122877 0.074197 0.060452 0.086379 0.041874 0.222587 0.041160 0.043623 0.032923 0.040281 0.092346 0.000000 0.067225 0.042836 0.074836 0.056117 0.029586 0.000000 0.012642 0.093674 0.022936 0.028793
0.112925 0.056020 0.044945 0.066285 0.048682 0.026845 0.029967 0.050474 0.095130 0.032785 0.084975 0.043538 0.054552 0.038797 0.225987 1.019220 0.123097 0.049446 0.532569 0.046294 0.130664 0.157092 0.013466 0.088617 0.079193 0.025247 0.030877 0.053195 0.059779 1.067014 0.056682 0.021380 0.021284 0.160879 0.093267 0.040151 0.105099 0.223021 0.139420 0.032988 0.165405 0.042353 0.087413 0.137301 0.061732 0.252959 0.036352 0.057033 0.020158 0.038946 0.153079 0.812667 0.091521 0.036682 0.053100 0.078708 0.016241 0.000000 0.027653 0.112975 0.016563 0.041113
0.041740 0.082725 0.028064 0.025363 0.014091 0.056533 0.075410 0.045095 0.055163 0.090559 0.041699 0.017205 0.010914 0.095427 0.096290 0.000000 0.040202 0.125981 0.000000 0.050705 0.079989 0.054343 0.019196 0.039574 0.000000 0.026369 0.061008 0.075193 0.036953 0.000000 0.045808 0.020331 0.033956 0.064465 0.031503 0.019950 0.068418 0.076152 0.053331 0.034417 0.067081 0.068566 0.044429 0.049383 0.031917 0.056106 0.022218 0.052090 0.017509 0.012063 0.055819 0.000000 0.040676 0.014713 0.088618 0.017840 0.027654 0.000000 0.021688 0.039444 0.023367 0.021921
0.069332 0.093285 0.052630 0.016510 0.017287 0.059970 0.083742 0.054887 0.060482 0.074135 0.049841 0.016027 0.025945 0.092909 0.111057 0.000000 0.071092 0.113780 0.000000 0.058209 0.081188 0.045382 0.022273 0.020686 0.000000 0.060804 0.036303 0.084570 0.073672 0.000000 0.059899 0.024810 0.036432 0.068019 0.045326 0.012192 0.088036 0.075894 0.074108 0.029378 0.083124 0.088506 0.051560 0.056202 0.047467 0.067514 0.009045 0.058891 0.018096 0.010419 0.066863 0.000000 0.034284 0.031338 0.071248 0.032712 0.024242 0.000000 0.022492 0.045845 0.012420 0.024511
0.043196 0.100427 0.044101 0.034530 0.008900 0.062476 0.088176 0.066276 0.070926 0.086795 0.043578 0.015552 0.011091 0.094471 0.087722 0.000000 0.038333 0.141358 0.000000 0.038463 0.096553 0.055087 0.021189 0.037922 0.000000 0.055707 0.053794 0.039175 0.045668 0.000000 0.051994 0.015024 0.053037 0.077874 0.028923 0.021856 0.086410 0.097788 0.068969 0.033886 0.055771 0.093443 0.070667 0.046567 0.045186 0.077120 0.025562 0.064362 0.024291 0.018001 0.045123 0.000000 0.036375 0.036316 0.083134 0.014530 0.024603 0.000000 0.015682 0.041613 0.020037 0.038516
0.055159 0.130065 0.053610 0.048474 0.024211 0.089094 0.117111 0.069550 0.104387 0.141455 0.043136 0.027859 0.016012 0.139801 0.091086 0.000000 0.064932 0.165541 0.000000 0.073897 0.139791 0.055387 0.028863 0.056284 0.000000 0.053261 0.062201 0.072309 0.090474 0.000000 0.071475 0.023941 0.070634 0.083109 0.056245 0.026661 0.113135 0.101784 0.092793 0.044703 0.062357 0.116278 0.082760 0.060204 0.067553 0.078968 0.041207 0.100819 0.035668 0.031182 0.074391 0.000000 0.048896 0.031077 0.121935 0.031261 0.043876 0.000000 0.025848 0.060863 0.033525 0.036032
0.106756 0.061639 0.046937 0.071662 0.048461 0.032007 0.035001 0.048356 0.108267 0.042848 0.096155 0.049222 0.038620 0.047906 0.218496 0.804302 0.121546 0.068100 0.505908 0.037787 0.154940 0.167734 0.011629 0.098840 0.956635 0.025733 0.044007 0.043333 0.052213 0.087671 0.046128 0.015324 0.030457 0.188694 0.091006 0.056513 0.110050 0.236336 0.166351 0.035705 0.153853 0.047911 0.097373 0.148121 0.074810 0.241327 0.049551 0.067686 0.021061 0.043126 0.152529 1.178890 0.117871 0.044574 0.063300 0.068975 0.024923 0.000000 0.036392 0.105728 0.018370 0.051652
0.035426 0.066246 0.054745 0.037257 0.032384 0.052229 0.056861 0.063912 0.070899 0.066594 0.037733 0.027966 0.018347 0.062740 0.097461 0.000000 0.071547 0.096696 0.000000 0.075805 0.124853 0.055804 0.016575 0.057051 0.000000 0.015972 0.033039 0.051495 0.095047 0.000000 0.047777 0.012176 0.039127 0.084351 0.063886 0.012898 0.070270 0.099508 0.096497 0.029892 0.065816 0.067015 0.086918 0.068361 0.067854 0.076963 0.034901 0.087457 0.023973 0.021868 0.079826 0.000000 0.040155 0.024765 0.082671 0.034889 0.020752 0.000000 0.026215 0.065231 0.027592 0.040773
0.057541 0.155032 0.047276 0.024031 0.021188 0.124292 0.171720 0.085932 0.072190 0.181247 0.044403 0.021411 0.020367 0.209164 0.083261 0.000000 0.054632 0.227612 0.000000 0.091596 0.097440 0.042463 0.037546 0.052231 0.000000 0.068263 0.063073 0.099204 0.080086 0.000000 0.062678 0.035265 0.090046 0.062615 0.045574 0.020124 0.120575 0.106056 0.065779 0.062006 0.082251 0.163382 0.065566 0.054032 0.041584 0.070240 0.023018 0.061258 0.044124 0.019293 0.053989 0.000000 0.041006 0.035137 0.157245 0.026145 0.056532 0.805680 0.021170 0.068901 0.031989 0.028736
0.034747 0.143706 0.029747 0.037323 0.021494 0.111654 0.143028 0.078371 0.055966 0.182174 0.027496 0.021241 0.013976 0.195525 0.050035 0.000000 0.040454 0.200956 0.000000 0.086440 0.110651 0.033037 0.034440 0.056919 0.000000 0.048134 0.060320 0.088505 0.077231 0.000000 0.060147 0.029214 0.080725 0.049067 0.039904 0.018315 0.093930 0.087454 0.053709 0.060816 0.060649 0.134913 0.059643 0.037659 0.045892 0.059846 0.026680 0.067392 0.042296 0.025032 0.048341 0.000000 0.035480 0.015999 0.160378 0.023801 0.053140 0.000000 0.018654 0.061091 0.047113 0.024257
0.121239 0.063530 0.056864 0.063558 0.051671 0.033797 0.033924 0.057514 0.101399 0.034078 0.095200 0.045729 0.060354 0.044135 0.240566 0.025841 0.140218 0.067996 0.126772 0.055086 0.141413 0.170505 0.014513 0.098065 0.689339 0.029526 0.039774 0.061883 0.077405 -0.387920 0.062814 0.019445 0.027221 0.177331 0.100871 0.041407 0.117557 0.248484 0.153526 0.036044 0.185977 0.051634 0.098261 0.148619 0.072419 0.253183 0.039937 0.066553 0.022671 0.040189 0.163980 0.719314 0.092777 0.046069 0.066246 0.083824 0.018811 0.000000 0.033779 0.130519 0.015331 0.044422
0.080908 0.046783 0.031619 0.053255 0.031949 0.022583 0.030440 0.043874 0.093594 0.034215 0.066096 0.032770 0.027864 0.031670 0.188713 0.000000 0.095717 0.059141 0.000000 0.046202 0.127689 0.134189 0.010843 0.078959 0.000000 0.021136 0.044444 0.035867 0.051773 0.000000 0.034372 0.013379 0.027340 0.174076 0.069560 0.034658 0.099232 0.209558 0.119793 0.029796 0.118889 0.047336 0.076240 0.099952 0.070298 0.188694 0.038705 0.054149 0.019404 0.052816 0.118607 0.000000 0.079183 0.029953 0.052281 0.053592 0.016679 0.000000 0.018297 0.092766 0.020022 0.033774
0.116723 0.066700 0.053108 0.074104 0.054838 0.040326 0.035511 0.046881 0.113816 0.054598 0.091875 0.051182 0.041816 0.053338 0.219040 0.000000 0.131044 0.077904 0.114089 0.042032 0.164397 0.167206 0.017963 0.105732 0.367556 0.029547 0.043287 0.045996 0.064756 1.236612 0.054072 0.017237 0.031334 0.182461 0.102304 0.052094 0.108401 0.248312 0.174969 0.040172 0.166452 0.051736 0.105424 0.150407 0.073207 0.235754 0.052446 0.074510 0.023782 0.040367 0.168872 0.260588 0.112426 0.046354 0.072032 0.077168 0.023864 0.000000 0.034891 0.114576 0.019338 0.052013
0.076934 0.139355 0.056108 0.063952 0.040205 0.088436 0.105321 0.073641 0.108330 0.128743 0.062956 0.035224 0.032453 0.137515 0.148975 0.000000 0.095045 0.159920 0.000000 0.085690 0.160187 0.119939 0.027872 0.114398 0.000000 0.046342 0.065866 0.088156 0.090683 0.000000 0.060502 0.032636 0.065947 0.126166 0.086778 0.036932 0.139921 0.212519 0.109181 0.082300 0.161706 0.105438 0.077618 0.103615 0.051942 0.163723 0.046325 0.077607 0.041100 0.037327 0.103072 0.000000 0.069810 0.043145 0.134026 0.049327 0.048346 0.000000 0.025993 0.139553 0.031984 0.052085
0.048251 0.078081 0.067328 0.027963 0.019951 0.036005 0.059530 0.051774 0.096301 0.034790 0.045248 0.016927 0.019796 0.046551 0.126287 0.000000 0.082673 0.076518 0.000000 0.060791 0.087555 0.080601 0.016674 0.053229 0.000000 0.038947 0.044678 0.058980 0.090163 0.000000 0.045184 0.024536 0.035876 0.105031 0.063506 0.012228 0.118153 0.116118 0.082263 0.039848 0.104074 0.071143 0.046056 0.075026 0.047601 0.098486 0.023463 0.056968 0.020103 0.022025 0.069290 0.000000 0.029841 0.052487 0.056629 0.024027 0.020885 0.000000 0.018873 0.080341 0.009168 0.057356
0.089879 0.069905 0.072175 0.062396 0.052473 0.046598 0.047107 0.057755 0.107037 0.054764 0.087155 0.050291 0.037272 0.055888 0.198045 0.000000 0.141237 0.089074 -0.232432 0.057273 0.181514 0.116391 0.022940 0.080911 0.000000 0.031179 0.047693 0.062831 0.111507 -0.365266 0.065641 0.018446 0.035628 0.159583 0.101206 0.041787 0.095446 0.177982 0.194418 0.028548 0.127863 0.058435 0.103492 0.136800 0.112261 0.162502 0.039336 0.102478 0.024760 0.027005 0.160175 0.000000 0.103521 0.041246 0.075726 0.069315 0.025804 0.000000 0.062071 0.099000 0.023919 0.053816
0.082977 0.149886 0.055933 0.051190 0.030277 0.112518 0.146355 0.084034 0.097303 0.171496 0.064188 0.034400 0.026150 0.184605 0.120593 0.000000 0.072350 0.205846 0.000000 0.080646 0.139841 0.083389 0.034837 0.080088 0.000000 0.061689 0.068313 0.091857 0.077215 0.000000 0.071636 0.031922 0.086902 0.097712 0.060536 0.036545 0.138361 0.158934 0.094105 0.070434 0.112126 0.141370 0.103663 0.087160 0.061227 0.128995 0.041454 0.084238 0.040690 0.031363 0.082716 0.000000 0.063971 0.042071 0.155038 0.042633 0.053388 0.000000 0.025557 0.097186 0.039168 0.046461
0.106783 0.075011 0.028591 0.047086 0.029978 0.034696 0.059692 0.065400 0.087454 0.051485 0.068540 0.025037 0.030693 0.063347 0.189619 0.000000 0.091031 0.077737 0.000000 0.051945 0.097657 0.114388 0.016900 0.058487 0.000000 0.037956 0.039125 0.069129 0.046267 0.000000 0.051959 0.024367 0.035472 0.150523 0.064556 0.032031 0.128368 0.193085 0.105298 0.042817 0.135144 0.062185 0.059907 0.093628 0.048175 0.168933 0.031565 0.048178 0.022923 0.040503 0.103391 0.000000 0.083154 0.032349 0.060761 0.050134 0.020242 0.000000 0.017373 0.091221 0.017728 0.027426
0.046332 0.138101 0.026554 0.035904 0.023834 0.108012 0.137056 0.060961 0.065416 0.177837 0.030790 0.023251 0.022656 0.194776 0.069879 0.000000 0.057342 0.185334 0.000000 0.080559 0.100776 0.055322 0.030855 0.069449 0.000000 0.043927 0.060436 0.089075 0.062144 0.000000 0.050681 0.029901 0.073738 0.056686 0.048673 0.027205 0.092952 0.114221 0.061828 0.058508 0.088022 0.129539 0.045546 0.062369 0.032370 0.082768 0.028685 0.047758 0.036758 0.023331 0.057013 0.000000 0.050436 0.023689 0.153869 0.030261 0.059673 0.000000 0.023562 0.077046 0.031247 0.022960
0.067079 0.031667 0.030510 0.045621 0.014771 0.011251 0.015646 0.017551 0.043232 0.012291 0.055487 0.011507 0.029222 0.013657 0.122272 0.000000 0.068545 0.021537 0.000000 0.029955 0.063890 0.063608 0.009957 0.017600 0.000000 0.025682 0.013639 0.050671 0.051049 0.000000 0.055865 0.014946 0.009823 0.061593 0.045744 0.010895 0.059551 0.075529 0.059618 0.013521 0.086825 0.014635 0.031853 0.051904 0.033922 0.100302 0.017885 0.045557 0.005609 0.004178 0.078147 0.000000 0.041475 0.015414 0.017279 0.029506 0.004179 0.000000 0.020097 0.053434 0.006169 0.006685
0.083724 0.076214 0.055161 0.052968 0.033359 0.045932 0.054344 0.052864 0.102692 0.058693 0.069928 0.033591 0.027131 0.068686 0.172905 0.000000 0.099440 0.097067 0.000000 0.044686 0.132064 0.122778 0.015278 0.081369 0.000000 0.035405 0.053401 0.047697 0.067258 1.328281 0.052091 0.014361 0.040526 0.149551 0.075603 0.036195 0.101280 0.192119 0.140596 0.033640 0.116024 0.067124 0.085674 0.111513 0.059835 0.150487 0.053403 0.075081 0.022450 0.033194 0.113409 0.000000 0.085297 0.061146 0.075094 0.046177 0.025772 0.000000 0.032063 0.093828 0.012695 0.045869
0.058965 0.065437 0.079911 0.049880 0.049452 0.052779 0.050220 0.048939 0.090173 0.051863 0.073478 0.044911 0.024996 0.054589 0.138481 0.000000 0.107744 0.087131 0.000000 0.052359 0.174146 0.093682 0.019121 0.085743 0.000000 0.029341 0.037402 0.046109 0.109957 0.000000 0.044067 0.020272 0.038456 0.126079 0.098070 0.033624 0.074857 0.154713 0.168653 0.036462 0.097025 0.054860 0.088455 0.103810 0.093589 0.120507 0.035405 0.093296 0.028216 0.021963 0.130956 0.000000 0.077877 0.038710 0.061887 0.051598 0.025170 0.000000 0.044698 0.092307 0.022806 0.054159
0.103684 0.071805 0.051576 0.067975 0.052540 0.040076 0.035228 0.053239 0.119566 0.046411 0.085042 0.046363 0.044237 0.047607 0.225543 1.225773 0.130955 0.082171 0.924033 0.052517 0.167051 0.177315 0.010088 0.123593 0.876559 0.020212 0.049843 0.050752 0.075537 0.921930 0.051427 0.017281 0.029050 0.185801 0.105401 0.045467 0.105047 0.263265 0.166406 0.043157 0.173449 0.049656 0.097535 0.151929 0.069658 0.217800 0.050869 0.070400 0.022708 0.045504 0.166090 0.756765 0.100967 0.045146 0.078847 0.070473 0.022071 0.000000 0.033206 0.143500 0.016550 0.050738
0.056145 0.034885 0.017184 0.040551 0.029009 0.022357 0.022009 0.035010 0.065355 0.042925 0.041330 0.026300 0.025733 0.031081 0.112543 0.000000 0.074623 0.035116 0.000000 0.023165 0.076587 0.083753 0.007090 0.054839 0.000000 0.004768 0.019586 0.025495 0.042890 0.000000 0.029879 0.010485 0.012825 0.082068 0.055920 0.025693 0.066177 0.128850 0.088755 0.017042 0.071317 0.032170 0.057600 0.093737 0.049483 0.106501 0.026737 0.039691 0.012393 0.046070 0.090571 0.000000 0.055756 0.022230 0.053461 0.035208 0.015134 0.000000 0.018252 0.065140 0.018566 0.031678
0.106124 0.074385 0.079295 0.042240 0.031918 0.054296 0.074720 0.046274 0.101905 0.070307 0.082533 0.029558 0.031381 0.074892 0.153739 0.000000 0.106983 0.103390 0.000000 0.054760 0.126235 0.078014 0.024992 0.049643 0.000000 0.050295 0.041491 0.066360 0.111460 0.000000 0.078272 0.024783 0.048181 0.107772 0.075337 0.028284 0.122763 0.133202 0.128205 0.033015 0.101809 0.084065 0.103449 0.086314 0.081037 0.122786 0.029958 0.083714 0.024151 0.022157 0.112173 0.000000 0.057609 0.051952 0.073110 0.042551 0.020222 0.000000 0.030758 0.082348 0.020822 0.042940
0.047517 0.154899 0.036701 0.037803 0.020597 0.121632 0.154875 0.076479 0.071109 0.193258 0.030377 0.023283 0.013786 0.205447 0.052568 0.000000 0.045310 0.217620 0.000000 0.084987 0.106109 0.040328 0.036193 0.059541 0.000000 0.057769 0.066612 0.096081 0.073922 0.000000 0.064845 0.030603 0.081599 0.052758 0.041542 0.021419 0.105807 0.090342 0.055182 0.065590 0.071374 0.147888 0.064019 0.045045 0.040213 0.055029 0.031490 0.071004 0.041877 0.023557 0.051399 0.000000 0.037795 0.025433 0.166683 0.023859 0.057915 1.765048 0.018114 0.062534 0.039872 0.026708
0.069824 0.049194 0.037875 0.062912 0.037892 0.025340 0.023282 0.034154 0.088734 0.040394 0.051261 0.034307 0.026102 0.024619 0.133076 0.000000 0.085783 0.042941 0.000000 0.054366 0.123843 0.090467 0.009781 0.068872 0.000000 0.007615 0.027046 0.042086 0.070249 0.000000 0.056486 0.010688 0.024215 0.098831 0.075819 0.025098 0.080485 0.137934 0.104165 0.024566 0.096729 0.029813 0.079037 0.080018 0.057319 0.128185 0.051836 0.081192 0.019989 0.031087 0.104239 0.000000 0.062215 0.018519 0.058798 0.048793 0.014510 0.000000 0.022540 0.086068 0.016494 0.021248
0.090467 0.038795 0.021745 0.065499 0.036824 0.016101 0.011255 0.037465 0.084607 0.032062 0.067576 0.036043 0.036330 0.026928 0.181590 0.117330 0.103217 0.041696 0.000000 0.032066 0.126344 0.146803 0.005381 0.079448 0.000000 0.011026 0.032194 0.035632 0.030082 -0.101117 0.035666 0.008701 0.013645 0.159706 0.074613 0.041554 0.086202 0.201418 0.107775 0.029849 0.132385 0.029377 0.082202 0.115555 0.044955 0.227193 0.041461 0.042716 0.012088 0.039381 0.117214 1.448504 0.085475 0.026798 0.053277 0.059024 0.016004 0.000000 0.017640 0.088353 0.014296 0.033805
0.104227 0.064970 0.064070 0.075040 0.074851 0.040011 0.035075 0.059605 0.115535 0.048757 0.094037 0.074698 0.045818 0.045319 0.209296 0.000000 0.145132 0.070581 -0.255800 0.054519 0.173767 0.172043 0.022302 0.123839 1.074799 0.025307 0.046135 0.049764 0.092579 0.854374 0.060102 0.022014 0.036448 0.193230 0.114640 0.051101 0.111202 0.239131 0.182725 0.041447 0.157573 0.049561 0.111660 0.149533 0.095441 0.254521 0.054545 0.091658 0.032559 0.044662 0.189078 0.784959 0.111889 0.046802 0.072583 0.096577 0.030007 0.000000 0.044477 0.122238 0.026122 0.058961
0.096561 0.064756 0.059847 0.064842 0.051565 0.027428 0.028431 0.046501 0.106835 0.039932 0.076917 0.042301 0.038972 0.038776 0.210972 0.000000 0.125504 0.056817 0.480490 0.051357 0.152708 0.121089 0.018168 0.080342 0.000000 0.029207 0.042597 0.057387 0.090804 1.223658 0.062803 0.019709 0.021139 0.149366 0.092127 0.040697 0.106007 0.190328 0.175181 0.031271 0.150619 0.046834 0.084005 0.122728 0.085166 0.189036 0.038257 0.079885 0.023611 0.030040 0.152710 0.000000 0.092856 0.035374 0.062653 0.065137 0.018535 0.000000 0.040892 0.104578 0.020707 0.043886
0.064896 0.062341 0.045915 0.038794 0.035654 0.037339 0.036306 0.046636 0.078183 0.041491 0.072313 0.034488 0.029685 0.047100 0.152337 0.000000 0.075079 0.073633 0.000000 0.029153 0.118002 0.114853 0.008359 0.077934 0.000000 0.018638 0.035680 0.036366 0.035789 0.000000 0.035158 0.010596 0.027918 0.123204 0.063720 0.034920 0.070980 0.160569 0.102422 0.035115 0.115268 0.040229 0.093187 0.121070 0.050913 0.148868 0.029427 0.059090 0.014027 0.024961 0.090566 0.000000 0.070250 0.034576 0.058701 0.050256 0.020537 0.000000 0.031656 0.082433 0.014333 0.070743
0.053895 0.154930 0.043700 0.021252 0.015896 0.113501 0.170058 0.091043 0.067356 0.173251 0.043019 0.016942 0.019152 0.205708 0.089491 0.000000 0.046417 0.220894 0.000000 0.094560 0.083366 0.037850 0.039850 0.033729 0.000000 0.075674 0.066641 0.112161 0.074559 0.000000 0.067013 0.039765 0.082876 0.064459 0.036092 0.016557 0.125329 0.085528 0.055595 0.056703 0.077954 0.160905 0.050462 0.044605 0.039771 0.069450 0.016413 0.055683 0.039482 0.017034 0.046142 0.000000 0.035568 0.034793 0.151926 0.023154 0.054561 0.000000 0.018489 0.053975 0.031257 0.022731
0.113246 0.070013 0.065342 0.064635 0.061117 0.045696 0.045890 0.064510 0.097068 0.050092 0.092029 0.060639 0.049491 0.053041 0.210918 1.246277 0.136416 0.088181 0.020532 0.064105 0.155746 0.157516 0.025883 0.102948 0.427665 0.035819 0.045716 0.066811 0.089611 0.059632 0.066526 0.023545 0.036687 0.183199 0.096253 0.043987 0.116884 0.231633 0.160266 0.045016 0.163854 0.062224 0.105181 0.135931 0.084476 0.243895 0.044163 0.079322 0.030407 0.040471 0.168226 1.352138 0.094933 0.047586 0.075445 0.090977 0.025868 0.000000 0.040335 0.120393 0.027644 0.047669
0.050002 0.156306 0.043936 0.032124 0.024921 0.127227 0.161365 0.077114 0.074037 0.188587 0.041888 0.026785 0.018652 0.206474 0.075015 0.000000 0.051130 0.227702 0.000000 0.087990 0.115256 0.055006 0.034591 0.069508 0.000000 0.059078 0.066214 0.097062 0.072432 0.000000 0.060536 0.031806 0.084272 0.062713 0.050194 0.022468 0.101567 0.111421 0.065006 0.067716 0.090251 0.150355 0.069303 0.061338 0.037269 0.068858 0.028883 0.068486 0.042865 0.018154 0.061887 0.000000 0.045013 0.027607 0.163581 0.029917 0.060123 0.850343 0.022766 0.073022 0.034359 0.035251
0.045763 0.158455 0.036406 0.033728 0.015102 0.128446 0.174435 0.082777 0.068852 0.202424 0.029820 0.017661 0.012380 0.222022 0.053878 0.000000 0.040096 0.238070 0.000000 0.085569 0.099209 0.037053 0.039990 0.050070 0.000000 0.067607 0.067930 0.094801 0.068691 0.000000 0.061343 0.035085 0.091540 0.055060 0.036206 0.019667 0.114088 0.087791 0.053907 0.067518 0.062806 0.163189 0.058607 0.037064 0.035621 0.058215 0.026217 0.062157 0.045428 0.021977 0.042184 0.000000 0.037717 0.027253 0.166117 0.016358 0.060063 -1.403470 0.014841 0.053209 0.039582 0.024200
0.093700 0.066519 0.071062 0.069735 0.051142 0.043280 0.048194 0.064711 0.113534 0.055137 0.084388 0.047559 0.037216 0.053972 0.187842 0.000000 0.141782 0.085401 0.902436 0.052273 0.172619 0.125569 0.022252 0.085533 0.000000 0.034600 0.049987 0.053890 0.107681 0.635028 0.062515 0.019822 0.037066 0.173940 0.100121 0.041765 0.109462 0.188056 0.200456 0.031311 0.122449 0.063602 0.101835 0.136606 0.110140 0.182376 0.042478 0.098393 0.026657 0.038736 0.164122 0.000000 0.103448 0.048328 0.072103 0.069418 0.027498 0.000000 0.056627 0.094929 0.025574 0.055033
0.097919 0.066170 0.036672 0.080398 0.034325 0.031848 0.040908 0.048417 0.111993 0.060529 0.075805 0.033900 0.036768 0.055484 0.189812 0.000000 0.096488 0.075136 0.000000 0.039611 0.136047 0.132821 0.011964 0.077273 0.000000 0.030890 0.043476 0.045752 0.050508 0.154868 0.059479 0.016065 0.030942 0.148051 0.072873 0.042796 0.122162 0.193429 0.118302 0.037949 0.138773 0.054483 0.088586 0.111145 0.053794 0.226819 0.041136 0.064271 0.020294 0.035682 0.120071 0.000000 0.083827 0.030989 0.066402 0.055535 0.023758 0.000000 0.022202 0.093769 0.016871 0.040197
0.036608 0.127710 0.031424 0.031737 0.020324 0.097066 0.137649 0.078068 0.064076 0.155602 0.032507 0.021805 0.012700 0.177612 0.065200 0.000000 0.039760 0.175003 0.000000 0.081734 0.091747 0.030011 0.034347 0.043148 0.000000 0.046706 0.054815 0.078499 0.076160 0.000000 0.056259 0.029230 0.090162 0.053784 0.033660 0.019982 0.107474 0.081324 0.051651 0.050348 0.052568 0.125249 0.055648 0.034765 0.050972 0.068763 0.026852 0.066433 0.037908 0.022385 0.041859 0.000000 0.037602 0.025492 0.135261 0.027701 0.050483 0.000000 0.021821 0.064526 0.036597 0.022982
0.081821 0.092805 0.092757 0.032579 0.032081 0.053356 0.074637 0.066268 0.101162 0.053884 0.074041 0.031358 0.034778 0.073276 0.159252 0.000000 0.097563 0.107374 0.000000 0.065835 0.124404 0.094587 0.020006 0.065208 0.000000 0.049950 0.052576 0.071100 0.113815 0.000000 0.067337 0.023532 0.046371 0.113780 0.073642 0.025729 0.137216 0.157104 0.114711 0.039924 0.124679 0.089726 0.092259 0.091039 0.068877 0.145032 0.030277 0.080645 0.024789 0.022691 0.095457 0.000000 0.043426 0.069302 0.083158 0.043336 0.024091 0.000000 0.027157 0.101316 0.017211 0.060230
