0.087593 0.070192 0.050826 0.040434 0.041041 0.039957 0.042070 0.053226 0.082667 0.033685 0.096032 0.040200 0.037211 0.042552 0.203663 0.000000 0.094190 0.087513 0.000000 0.054792 0.130732 0.131247 0.011632 0.079246 0.000000 0.028473 0.044783 0.063764 0.057558 0.000000 0.055987 0.013091 0.027409 0.141865 0.075562 0.032829 0.088622 0.189672 0.117421 0.036008 0.152169 0.050006 0.098946 0.116734 0.063319 0.154583 0.037096 0.076697 0.019389 0.024616 0.123463 0.000000 0.077244 0.036321 0.065150 0.061068 0.017789 0.000000 0.033175 0.100217 0.013882 0.046596
0.080021 0.158008 0.071041 0.050888 0.037081 0.106556 0.140278 0.095051 0.124068 0.156149 0.070368 0.036859 0.033907 0.173684 0.170092 0.000000 0.114115 0.208004 0.000000 0.115935 0.164684 0.109789 0.033640 0.090706 0.000000 0.059033 0.087836 0.117892 0.128300 0.000000 0.083060 0.035704 0.078483 0.135279 0.084510 0.033418 0.162284 0.187454 0.129017 0.065043 0.139409 0.152656 0.096188 0.105018 0.080290 0.142599 0.045110 0.097829 0.041261 0.038906 0.115031 0.000000 0.069318 0.055024 0.171749 0.048106 0.054259 0.000000 0.035598 0.115221 0.036255 0.052720
0.078686 0.066601 0.064921 0.049577 0.042202 0.049402 0.057483 0.061512 0.090830 0.056057 0.092332 0.041379 0.027459 0.055228 0.161753 0.000000 0.098504 0.094766 0.000000 0.046567 0.152010 0.102133 0.016161 0.072008 0.000000 0.026020 0.036960 0.037706 0.081519 0.000000 0.053226 0.012361 0.046589 0.130423 0.079207 0.033212 0.097074 0.162209 0.141372 0.032024 0.102263 0.066199 0.125201 0.114626 0.097860 0.149149 0.032770 0.089657 0.023384 0.028277 0.122977 0.000000 0.079593 0.035798 0.072889 0.053040 0.019321 0.000000 0.038557 0.082995 0.028156 0.069430
0.099705 0.065500 0.057973 0.058410 0.040180 0.035647 0.048362 0.045821 0.132353 0.053017 0.077756 0.036537 0.034680 0.053099 0.214666 0.000000 0.115152 0.075285 0.000000 0.062064 0.147702 0.126987 0.012675 0.086585 0.000000 0.021313 0.048852 0.061184 0.090913 0.300674 0.056374 0.022262 0.034860 0.152389 0.090181 0.038887 0.130224 0.210026 0.148053 0.038946 0.138735 0.060301 0.096976 0.123224 0.072651 0.165775 0.045094 0.074160 0.020282 0.039229 0.136277 0.000000 0.079140 0.045381 0.075303 0.050983 0.019951 0.000000 0.027717 0.127090 0.016332 0.047574
0.110637 0.070187 0.072024 0.076326 0.074447 0.041108 0.040087 0.060990 0.123630 0.050707 0.101073 0.074179 0.048548 0.047559 0.225916 0.043310 0.152105 0.075508 1.346450 0.062601 0.181232 0.178004 0.023621 0.124661 -0.058612 0.029241 0.050693 0.060611 0.104971 0.978584 0.067522 0.025961 0.037969 0.200374 0.119449 0.051989 0.121787 0.246335 0.187688 0.043252 0.166828 0.053902 0.113602 0.153936 0.101061 0.256291 0.053668 0.095243 0.032368 0.046312 0.195118 -0.167747 0.111923 0.050462 0.075994 0.096346 0.029984 0.000000 0.046077 0.131674 0.028002 0.060904
0.041873 0.149807 0.030197 0.032841 0.014616 0.113881 0.158027 0.074161 0.073143 0.190137 0.025979 0.016760 0.013968 0.210964 0.057402 0.000000 0.037015 0.204086 0.000000 0.080181 0.081921 0.038364 0.035428 0.046059 0.000000 0.065678 0.068059 0.096078 0.056548 0.000000 0.056048 0.035279 0.082569 0.053909 0.031908 0.021799 0.113467 0.081887 0.048953 0.059326 0.066075 0.151835 0.039400 0.038938 0.027847 0.063141 0.025358 0.050926 0.038484 0.022960 0.035957 0.000000 0.038399 0.030368 0.154212 0.018706 0.065241 1.853998 0.016104 0.051673 0.029730 0.023044
0.036267 0.149959 0.031917 0.024355 0.016052 0.123436 0.162382 0.073217 0.050654 0.189472 0.028908 0.020188 0.011131 0.213209 0.039692 0.000000 0.030142 0.222933 0.000000 0.077799 0.093157 0.033312 0.037753 0.048853 0.000000 0.062677 0.063045 0.092323 0.059041 0.000000 0.053427 0.032111 0.088548 0.041438 0.029062 0.019536 0.092109 0.084171 0.035480 0.067290 0.063055 0.146881 0.049993 0.029707 0.024965 0.050855 0.022387 0.052115 0.040568 0.015575 0.029317 0.000000 0.031978 0.025883 0.159366 0.018895 0.061464 0.463678 0.015488 0.055072 0.036053 0.024285
0.072026 0.045478 0.024490 0.042137 0.024488 0.019901 0.032574 0.033644 0.052369 0.033385 0.050554 0.022120 0.025495 0.041182 0.132642 0.000000 0.064593 0.048606 0.000000 0.060567 0.077651 0.086843 0.012957 0.041776 0.000000 0.020835 0.022580 0.065278 0.042118 0.000000 0.052673 0.017605 0.021508 0.086005 0.050745 0.018701 0.074534 0.126402 0.061003 0.029945 0.115680 0.038222 0.050021 0.060547 0.021643 0.123606 0.029597 0.037056 0.012872 0.012119 0.078397 0.000000 0.050410 0.016512 0.055317 0.035871 0.014994 0.000000 0.010918 0.072889 0.012931 0.007152
0.063475 0.067418 0.066412 0.078657 0.036876 0.034762 0.033195 0.051715 0.089513 0.045070 0.051781 0.032755 0.032701 0.036920 0.131659 0.000000 0.103717 0.059566 0.000000 0.053032 0.154984 0.090891 0.017775 0.077197 0.000000 0.028962 0.034917 0.044746 0.116731 0.000000 0.058283 0.017554 0.034783 0.111932 0.086146 0.026908 0.100605 0.163571 0.127884 0.036725 0.109761 0.042861 0.067822 0.087001 0.076448 0.160489 0.039120 0.086630 0.025865 0.028248 0.112116 0.000000 0.056765 0.036828 0.062923 0.051167 0.021714 0.000000 0.034530 0.119745 0.023609 0.036933
0.047532 0.155677 0.045226 0.022404 0.019245 0.121088 0.166902 0.086925 0.063723 0.175694 0.042831 0.021434 0.018255 0.206735 0.077203 0.000000 0.037500 0.216592 0.000000 0.082557 0.094921 0.043124 0.037104 0.053466 0.000000 0.070301 0.062956 0.093226 0.064521 0.000000 0.057730 0.035898 0.092825 0.057904 0.038000 0.020738 0.109096 0.103514 0.056543 0.063058 0.079860 0.154792 0.059163 0.046111 0.035920 0.072946 0.021632 0.057261 0.041733 0.016484 0.043609 0.000000 0.038056 0.036853 0.148903 0.027315 0.057901 1.791392 0.019196 0.069706 0.029956 0.032501
0.092960 0.082950 0.069125 0.048325 0.029112 0.059045 0.069371 0.053880 0.100930 0.073681 0.073891 0.035194 0.026179 0.071838 0.144384 0.000000 0.084648 0.116399 0.000000 0.045410 0.129457 0.094411 0.016015 0.071179 0.000000 0.036014 0.048274 0.046522 0.069239 0.000000 0.062805 0.011940 0.051327 0.113641 0.063882 0.035642 0.106753 0.154401 0.113955 0.036583 0.101899 0.079217 0.121258 0.098885 0.067499 0.132028 0.045961 0.088532 0.023050 0.024840 0.095405 0.000000 0.064204 0.047193 0.087247 0.042026 0.020538 0.000000 0.027952 0.086081 0.021934 0.052932
0.106325 0.064080 0.067191 0.073564 0.068659 0.030215 0.038774 0.060953 0.121651 0.040800 0.095696 0.069474 0.045459 0.041998 0.219362 0.000000 0.142465 0.057674 0.377759 0.058884 0.160428 0.168037 0.023248 0.110740 0.335134 0.032927 0.048181 0.057882 0.097262 -0.517253 0.064368 0.027327 0.036232 0.198390 0.109756 0.048872 0.127261 0.228559 0.178509 0.037449 0.154307 0.052896 0.098778 0.141756 0.097607 0.252986 0.049642 0.086470 0.029988 0.046510 0.183530 2.001778 0.106794 0.051881 0.061577 0.092193 0.029236 0.000000 0.041569 0.119365 0.023809 0.054772
0.111191 0.051695 0.052873 0.062349 0.045946 0.022889 0.021070 0.053405 0.089036 0.019522 0.080868 0.043759 0.051097 0.023806 0.197122 0.000000 0.119727 0.046001 -0.507797 0.044855 0.129218 0.145425 0.014085 0.089227 0.000000 0.027675 0.033822 0.048215 0.077178 0.037670 0.055386 0.017007 0.023022 0.174968 0.084811 0.036313 0.108890 0.223482 0.133255 0.032981 0.159363 0.041435 0.086279 0.119226 0.073838 0.234878 0.037030 0.060665 0.021996 0.042826 0.142002 -0.132128 0.077729 0.046071 0.048873 0.083815 0.014558 0.000000 0.026683 0.124800 0.017367 0.036572
0.050727 0.157736 0.039619 0.036113 0.017159 0.125485 0.168345 0.087184 0.074323 0.195668 0.033404 0.020775 0.012874 0.213199 0.059945 0.000000 0.045405 0.228279 0.000000 0.087258 0.104378 0.037529 0.039205 0.051137 0.000000 0.064789 0.068215 0.095632 0.078648 0.000000 0.068102 0.033213 0.092640 0.059017 0.038941 0.020940 0.119825 0.090814 0.057965 0.064675 0.062369 0.161571 0.068788 0.040592 0.045055 0.061464 0.029538 0.070412 0.044597 0.025692 0.047337 0.000000 0.038200 0.030480 0.168639 0.019305 0.057434 1.997821 0.016447 0.058152 0.042224 0.027077
0.101794 0.047959 0.031660 0.077170 0.052147 0.026444 0.021267 0.036532 0.106757 0.044416 0.079511 0.046350 0.034249 0.035801 0.202130 0.000000 0.130529 0.053470 0.172417 0.038816 0.154885 0.154443 0.013314 0.099004 0.738930 0.015119 0.037758 0.040045 0.057520 -0.452552 0.042776 0.015182 0.017590 0.176775 0.102973 0.046920 0.091416 0.224210 0.170000 0.035037 0.147844 0.034466 0.082837 0.141269 0.072227 0.200803 0.047962 0.063074 0.020400 0.042524 0.169651 0.000000 0.117472 0.029269 0.060926 0.065571 0.020955 0.000000 0.033723 0.100133 0.018331 0.039369
0.122508 0.063041 0.050048 0.054233 0.046306 0.032938 0.037383 0.054245 0.086171 0.032239 0.088235 0.044894 0.052871 0.047184 0.215877 0.841387 0.117677 0.062986 1.532535 0.049031 0.129767 0.141624 0.018286 0.079370 0.000000 0.035730 0.032247 0.060842 0.065139 0.234926 0.058261 0.020180 0.031092 0.172106 0.083097 0.039068 0.109109 0.224416 0.133237 0.037133 0.170445 0.048176 0.088130 0.123090 0.069277 0.237254 0.033267 0.060541 0.024595 0.034630 0.141098 0.387411 0.089073 0.043157 0.052330 0.089471 0.018548 0.000000 0.031076 0.120137 0.016985 0.035544
0.073404 0.050573 0.042668 0.047931 0.037839 0.029521 0.041762 0.052977 0.097339 0.037260 0.077434 0.033516 0.024250 0.041618 0.193967 0.000000 0.095264 0.070206 0.000000 0.050040 0.148190 0.110499 0.019285 0.058108 0.000000 0.030167 0.041378 0.047975 0.064708 0.000000 0.042249 0.020630 0.028419 0.160847 0.073906 0.028644 0.090033 0.173290 0.156137 0.030337 0.110246 0.051557 0.079244 0.106150 0.079817 0.148008 0.026000 0.066534 0.019336 0.027945 0.139573 0.000000 0.083684 0.025546 0.049172 0.053126 0.018363 0.000000 0.034377 0.070815 0.021702 0.047284
0.045019 0.152868 0.034737 0.023987 0.010810 0.115329 0.171733 0.080128 0.061094 0.187089 0.031095 0.013427 0.013751 0.214977 0.060703 0.000000 0.031212 0.217457 0.000000 0.087273 0.073802 0.028350 0.042141 0.028806 0.000000 0.073690 0.065325 0.106210 0.064303 0.000000 0.063240 0.041683 0.087813 0.044851 0.026628 0.015897 0.118524 0.067351 0.039033 0.060092 0.060233 0.156516 0.037506 0.027127 0.030199 0.055817 0.017587 0.049463 0.039270 0.016281 0.032019 0.000000 0.029043 0.029719 0.153180 0.015553 0.058703 1.555403 0.012953 0.047496 0.033690 0.016631
0.091103 0.049796 0.025620 0.065231 0.040162 0.016356 0.018795 0.046919 0.091202 0.034915 0.071679 0.037497 0.038691 0.034134 0.215687 1.482185 0.112831 0.049239 0.000000 0.048897 0.138586 0.154801 0.010300 0.079112 0.982759 0.016235 0.041011 0.051435 0.046342 0.913333 0.046518 0.015088 0.015782 0.173619 0.081893 0.037781 0.095154 0.218772 0.129098 0.028533 0.141939 0.035277 0.074288 0.122355 0.059953 0.216153 0.043008 0.053952 0.015558 0.047466 0.136910 0.736382 0.095052 0.027995 0.060502 0.060830 0.017920 0.000000 0.024412 0.094983 0.019175 0.033589
0.033476 0.104425 0.034955 0.037480 0.024335 0.066735 0.077358 0.084518 0.061188 0.093129 0.039496 0.025156 0.023796 0.104650 0.095383 0.000000 0.059365 0.131325 0.000000 0.051182 0.101539 0.076324 0.016357 0.070728 0.000000 0.032431 0.055427 0.058501 0.063005 0.000000 0.054254 0.017144 0.045470 0.077427 0.048466 0.020923 0.077426 0.120882 0.075702 0.036190 0.084060 0.088675 0.062108 0.071963 0.047052 0.098186 0.021333 0.055450 0.024371 0.022477 0.069763 0.000000 0.038538 0.029569 0.118419 0.029463 0.031607 0.000000 0.023439 0.071507 0.025439 0.040852
0.081341 0.076899 0.082185 0.054985 0.042237 0.049130 0.063039 0.059615 0.118276 0.060061 0.070677 0.039225 0.027062 0.058954 0.153820 0.000000 0.135896 0.090456 0.000000 0.067889 0.148109 0.087651 0.026758 0.062319 0.000000 0.045126 0.048320 0.069896 0.140321 0.000000 0.067018 0.027359 0.044294 0.130930 0.093052 0.030813 0.130985 0.137718 0.164888 0.035772 0.101595 0.077128 0.078400 0.097229 0.106920 0.122708 0.034620 0.104337 0.026921 0.029127 0.138826 0.000000 0.072627 0.049761 0.072034 0.051589 0.026538 0.000000 0.043847 0.091760 0.022228 0.044354
0.084053 0.046404 0.049635 0.042580 0.050415 0.024775 0.024842 0.048588 0.069164 0.022110 0.065833 0.053064 0.039862 0.033997 0.161240 0.000000 0.104297 0.047239 0.981948 0.033233 0.105734 0.123921 0.015801 0.083225 0.000000 0.025058 0.028900 0.037514 0.056338 0.904866 0.038344 0.014202 0.026377 0.162105 0.076739 0.041612 0.081174 0.192143 0.125608 0.026669 0.125537 0.040283 0.072761 0.113790 0.061115 0.219412 0.029393 0.044236 0.024103 0.032329 0.119717 0.000000 0.082032 0.041107 0.039861 0.077748 0.018701 0.000000 0.032942 0.089332 0.015375 0.045612
0.062661 0.160816 0.050717 0.031174 0.020929 0.121594 0.170650 0.095715 0.080112 0.180033 0.050439 0.022165 0.022085 0.203299 0.105134 0.000000 0.062315 0.235707 0.000000 0.099388 0.112075 0.054458 0.040129 0.050997 0.000000 0.073168 0.072657 0.112650 0.086002 0.000000 0.074144 0.037815 0.084494 0.080397 0.049702 0.020952 0.129102 0.110679 0.076331 0.062590 0.091162 0.164644 0.072791 0.061875 0.050367 0.081194 0.023884 0.071811 0.043779 0.021341 0.066109 0.000000 0.046871 0.034803 0.163909 0.026276 0.054245 0.000000 0.023260 0.064420 0.037839 0.031180
0.076733 0.078649 0.032846 0.062960 0.037611 0.044142 0.067315 0.054915 0.083923 0.072329 0.058514 0.035633 0.031923 0.083729 0.144359 0.000000 0.078301 0.086256 0.000000 0.056769 0.108270 0.116367 0.022543 0.075313 0.000000 0.033786 0.042603 0.050839 0.053037 0.000000 0.045005 0.024006 0.041577 0.127901 0.063377 0.032406 0.132418 0.185200 0.092257 0.049404 0.122361 0.073809 0.060504 0.086427 0.041990 0.219717 0.041243 0.043734 0.033022 0.040351 0.092271 0.000000 0.067261 0.042860 0.074577 0.056152 0.029669 0.000000 0.012703 0.093526 0.023016 0.028820
0.112740 0.056155 0.044964 0.066279 0.048814 0.026900 0.030044 0.050538 0.095287 0.032869 0.084958 0.043666 0.054665 0.039011 0.223792 1.060367 0.122966 0.049603 0.531718 0.046300 0.130899 0.156516 0.013514 0.088635 0.078774 0.025314 0.030966 0.053108 0.059779 1.063903 0.056683 0.021458 0.021384 0.160041 0.093382 0.040271 0.105160 0.221815 0.139418 0.033099 0.164726 0.042475 0.087483 0.137059 0.061833 0.249715 0.036428 0.057113 0.020228 0.038972 0.152765 0.771656 0.091611 0.036771 0.053192 0.078753 0.016280 0.000000 0.027733 0.112869 0.016627 0.041136
0.041690 0.082486 0.028140 0.025409 0.014164 0.056344 0.074987 0.045090 0.055166 0.089865 0.041693 0.017282 0.010934 0.094291 0.094885 0.000000 0.040212 0.124283 0.000000 0.050747 0.079634 0.054395 0.019255 0.039601 0.000000 0.026465 0.060904 0.074770 0.037016 0.000000 0.045794 0.020365 0.033979 0.064408 0.031655 0.020014 0.068441 0.076450 0.053256 0.034481 0.066847 0.068397 0.044206 0.049290 0.031969 0.056413 0.022256 0.052038 0.017566 0.012130 0.055771 0.000000 0.040721 0.014794 0.088219 0.017929 0.027700 0.000000 0.021758 0.039595 0.023421 0.021953
0.069153 0.092675 0.052616 0.016464 0.017368 0.059767 0.083261 0.054883 0.060646 0.073282 0.049850 0.016109 0.025999 0.091988 0.109605 0.000000 0.070899 0.112927 0.000000 0.058243 0.081266 0.045493 0.022349 0.020773 0.000000 0.060667 0.036386 0.084204 0.073629 0.000000 0.059857 0.024885 0.036476 0.067943 0.045474 0.012259 0.087871 0.076158 0.074117 0.029436 0.082852 0.088132 0.051690 0.056192 0.047518 0.067504 0.009085 0.058955 0.018176 0.010477 0.066841 0.000000 0.034401 0.031402 0.071116 0.032769 0.024247 0.000000 0.022543 0.046028 0.012482 0.024533
0.043277 0.099795 0.044054 0.034610 0.008932 0.062479 0.087536 0.066300 0.070735 0.086303 0.043595 0.015624 0.011119 0.093821 0.087478 0.000000 0.038453 0.139406 0.000000 0.038664 0.096248 0.055239 0.021276 0.037942 0.000000 0.055585 0.053846 0.039347 0.045825 0.000000 0.052103 0.015103 0.053059 0.077673 0.029083 0.021943 0.085761 0.097904 0.068883 0.034003 0.055845 0.092847 0.070361 0.046689 0.045251 0.077385 0.025670 0.064313 0.024413 0.018112 0.045327 0.000000 0.036443 0.036294 0.082887 0.014559 0.024714 0.000000 0.015733 0.041553 0.020091 0.038545
0.055278 0.129269 0.053649 0.048554 0.024282 0.088886 0.116321 0.069661 0.104190 0.140346 0.043271 0.027960 0.016072 0.138273 0.090978 0.000000 0.065044 0.163734 0.000000 0.074104 0.139130 0.055590 0.028964 0.056359 0.000000 0.053186 0.062247 0.072440 0.090241 0.000000 0.071573 0.024029 0.070627 0.083017 0.056300 0.026773 0.112841 0.102176 0.092615 0.044796 0.062529 0.115677 0.082515 0.060249 0.067398 0.079238 0.041289 0.100488 0.035790 0.031306 0.074484 0.000000 0.048966 0.031123 0.121618 0.031343 0.043957 0.000000 0.025919 0.061043 0.033594 0.036105
0.106706 0.061759 0.046974 0.071706 0.048593 0.032091 0.034949 0.048462 0.108220 0.042974 0.096061 0.049363 0.038718 0.048043 0.217098 0.907719 0.121579 0.067804 0.506023 0.037923 0.154891 0.167161 0.011678 0.098883 0.956679 0.025808 0.044071 0.043510 0.052380 0.094893 0.046271 0.015393 0.030467 0.187725 0.091182 0.056624 0.109862 0.235005 0.165906 0.035826 0.153437 0.047918 0.097207 0.147820 0.074842 0.238757 0.049661 0.067747 0.021153 0.043183 0.152246 1.103108 0.117744 0.044648 0.063379 0.069072 0.025008 0.000000 0.036451 0.105491 0.018430 0.051676
0.035541 0.066361 0.054714 0.037329 0.032472 0.052265 0.056856 0.063854 0.070921 0.066366 0.037836 0.028047 0.018398 0.062512 0.097341 0.000000 0.071587 0.096060 0.000000 0.075519 0.123867 0.055915 0.016616 0.057158 0.000000 0.016044 0.033087 0.051566 0.094474 0.000000 0.047773 0.012227 0.039195 0.084140 0.063799 0.012933 0.070270 0.099595 0.096061 0.029912 0.065951 0.066970 0.086613 0.068326 0.067581 0.077063 0.034938 0.087021 0.024054 0.021911 0.079847 0.000000 0.040272 0.024754 0.082428 0.034943 0.020779 0.000000 0.026282 0.065308 0.027605 0.040764
0.057575 0.154110 0.047266 0.024107 0.021265 0.123816 0.170263 0.085928 0.072177 0.178959 0.044420 0.021501 0.020442 0.206083 0.083046 0.000000 0.054673 0.224987 0.000000 0.091628 0.097622 0.042594 0.037665 0.052388 0.000000 0.068268 0.063185 0.099171 0.080225 0.000000 0.062884 0.035394 0.089936 0.062477 0.045652 0.020218 0.120254 0.106296 0.065737 0.062086 0.082471 0.162298 0.065565 0.054021 0.041701 0.070503 0.023126 0.061400 0.044273 0.019406 0.054100 0.000000 0.041157 0.035181 0.156341 0.026209 0.056596 0.806133 0.021245 0.069050 0.032104 0.028751
0.034870 0.142786 0.029809 0.037418 0.021578 0.111181 0.141804 0.078435 0.056111 0.179926 0.027610 0.021335 0.014036 0.192238 0.050155 0.000000 0.040520 0.198420 0.000000 0.086417 0.110026 0.033118 0.034555 0.057092 0.000000 0.048242 0.060401 0.088504 0.077128 0.000000 0.060247 0.029308 0.080686 0.049025 0.039953 0.018401 0.094116 0.087807 0.053564 0.060850 0.060916 0.134234 0.059406 0.037705 0.045731 0.060060 0.026763 0.067270 0.042414 0.025124 0.048329 0.000000 0.035600 0.016074 0.159226 0.023868 0.053175 0.000000 0.018727 0.061341 0.047218 0.024303
0.121017 0.063699 0.056883 0.063563 0.051828 0.033866 0.034033 0.057567 0.101576 0.034189 0.095118 0.045883 0.060473 0.044376 0.238484 0.027532 0.140024 0.068153 0.126573 0.055103 0.141673 0.169801 0.014566 0.098012 0.691241 0.029588 0.039866 0.061808 0.077325 -0.386286 0.062849 0.019524 0.027303 0.176462 0.101016 0.041528 0.117534 0.247182 0.153514 0.036172 0.185252 0.051782 0.098269 0.148392 0.072536 0.250358 0.040032 0.066660 0.022749 0.040225 0.163665 0.578815 0.092886 0.046148 0.066349 0.083872 0.018865 0.000000 0.033864 0.130275 0.015397 0.044430
0.080959 0.046882 0.031633 0.053413 0.032059 0.022637 0.030340 0.043977 0.093472 0.034335 0.066205 0.032884 0.027945 0.031774 0.187134 0.000000 0.095801 0.058682 0.000000 0.046255 0.127162 0.133695 0.010896 0.078990 0.000000 0.021194 0.044500 0.036021 0.051550 0.000000 0.034499 0.013445 0.027361 0.172684 0.069706 0.034773 0.098852 0.208035 0.119849 0.029892 0.118437 0.047304 0.076186 0.099970 0.070190 0.186841 0.038833 0.054062 0.019486 0.052836 0.118527 0.000000 0.079226 0.030004 0.052366 0.053610 0.016761 0.000000 0.018355 0.092461 0.020065 0.033818
0.116674 0.066758 0.053147 0.074152 0.054980 0.040337 0.035528 0.047015 0.113847 0.054631 0.091855 0.051358 0.041918 0.053474 0.217874 -0.219319 0.131034 0.077493 0.114554 0.042164 0.164237 0.166721 0.018016 0.105758 0.367847 0.029538 0.043350 0.046135 0.064831 1.229543 0.054204 0.017311 0.031413 0.181660 0.102422 0.052216 0.108561 0.247094 0.174240 0.040307 0.166118 0.051717 0.105300 0.150122 0.073270 0.232933 0.052554 0.074538 0.023874 0.040419 0.168341 0.233719 0.112318 0.046413 0.072072 0.077263 0.023935 0.000000 0.034951 0.114329 0.019395 0.052043
0.076986 0.138781 0.056087 0.063996 0.040352 0.088180 0.104586 0.073748 0.108281 0.127294 0.062991 0.035370 0.032563 0.135537 0.148247 0.000000 0.095059 0.158411 0.000000 0.085716 0.159979 0.119589 0.027967 0.114341 0.000000 0.046461 0.065960 0.088221 0.090391 0.000000 0.060700 0.032757 0.065955 0.125707 0.086833 0.037055 0.139732 0.211522 0.109286 0.082387 0.161119 0.105079 0.077634 0.103570 0.052063 0.162579 0.046427 0.077716 0.041237 0.037453 0.102932 0.000000 0.069937 0.043188 0.133389 0.049455 0.048417 0.000000 0.026080 0.139068 0.032088 0.052045
0.048243 0.077959 0.067203 0.028038 0.020019 0.036056 0.059305 0.051773 0.095936 0.034807 0.045265 0.016999 0.019852 0.046588 0.125110 0.000000 0.082543 0.076064 0.000000 0.060767 0.087564 0.080517 0.016729 0.053072 0.000000 0.038901 0.044724 0.058833 0.089586 0.000000 0.045204 0.024628 0.035917 0.104593 0.063525 0.012283 0.117230 0.115714 0.082286 0.039883 0.103490 0.070879 0.046146 0.074992 0.047699 0.098428 0.023539 0.057021 0.020191 0.022084 0.069280 0.000000 0.029922 0.052469 0.056733 0.024107 0.020967 0.000000 0.018952 0.079953 0.009214 0.057256
0.089822 0.070039 0.072208 0.062401 0.052563 0.046705 0.047281 0.057752 0.107047 0.054950 0.087104 0.050384 0.037353 0.056197 0.196956 0.000000 0.140819 0.088977 -0.233069 0.057292 0.180762 0.116383 0.023017 0.080998 0.000000 0.031242 0.047769 0.062791 0.111206 -0.371410 0.065632 0.018499 0.035717 0.159093 0.101236 0.041862 0.095587 0.177902 0.192911 0.028627 0.127806 0.058607 0.103292 0.136505 0.111946 0.162171 0.039409 0.102243 0.024831 0.027062 0.159743 0.000000 0.103400 0.041342 0.075790 0.069421 0.025862 0.000000 0.062120 0.099036 0.023966 0.053841
0.083037 0.149116 0.055947 0.051298 0.030399 0.112155 0.145198 0.084104 0.097246 0.169706 0.064166 0.034535 0.026231 0.182067 0.120337 0.000000 0.072551 0.203495 0.000000 0.080756 0.139801 0.083422 0.034955 0.080193 0.000000 0.061706 0.068405 0.091913 0.077267 0.000000 0.071814 0.032045 0.086846 0.097668 0.060706 0.036667 0.138103 0.158805 0.094188 0.070547 0.112186 0.140565 0.103386 0.087100 0.061319 0.128279 0.041593 0.084238 0.040825 0.031488 0.082848 0.000000 0.064126 0.042127 0.154245 0.042725 0.053464 0.000000 0.025643 0.097152 0.039286 0.046494
0.106581 0.074816 0.028668 0.047103 0.030104 0.034619 0.059327 0.065448 0.087437 0.051021 0.068538 0.025154 0.030785 0.062699 0.187219 0.000000 0.091154 0.077087 0.000000 0.052036 0.097973 0.113959 0.016977 0.058547 0.000000 0.038036 0.039182 0.068902 0.046347 0.000000 0.051997 0.024459 0.035442 0.149486 0.064692 0.032173 0.127816 0.191748 0.105560 0.042914 0.134223 0.061988 0.060074 0.093654 0.048279 0.167132 0.031632 0.048290 0.023035 0.040559 0.103243 0.000000 0.083257 0.032427 0.060643 0.050240 0.020313 0.000000 0.017452 0.091162 0.017818 0.027398
0.046450 0.137282 0.026580 0.035977 0.023928 0.107539 0.135873 0.061042 0.065435 0.175638 0.030812 0.023350 0.022739 0.191746 0.069781 0.000000 0.057227 0.183338 0.000000 0.080595 0.100912 0.055169 0.030954 0.069599 0.000000 0.044014 0.060544 0.089068 0.062281 0.000000 0.050872 0.029998 0.073644 0.056501 0.048749 0.027292 0.093172 0.114347 0.061722 0.058555 0.088307 0.128824 0.045584 0.062062 0.032478 0.082472 0.028770 0.047866 0.036855 0.023423 0.057031 0.000000 0.050491 0.023770 0.152901 0.030336 0.059704 0.000000 0.023631 0.077190 0.031353 0.023003
0.066664 0.031779 0.030585 0.045345 0.014834 0.011319 0.015696 0.017627 0.043365 0.012400 0.055330 0.011568 0.029269 0.013787 0.120127 0.000000 0.068265 0.021622 0.000000 0.029931 0.063899 0.063507 0.009996 0.017565 0.000000 0.025717 0.013660 0.050265 0.050955 0.000000 0.055593 0.014979 0.009892 0.061563 0.045771 0.010964 0.059469 0.075444 0.059668 0.013599 0.086016 0.014744 0.032013 0.051983 0.033881 0.099370 0.017828 0.045536 0.005638 0.004206 0.077754 0.000000 0.041522 0.015504 0.017346 0.029596 0.004206 0.000000 0.020158 0.053387 0.006207 0.006739
0.083738 0.076207 0.055118 0.052998 0.033465 0.045983 0.054153 0.052949 0.102424 0.058729 0.069902 0.033726 0.027199 0.068749 0.172248 0.000000 0.099426 0.096324 0.000000 0.044815 0.131868 0.122482 0.015329 0.081378 0.000000 0.035352 0.053460 0.047857 0.067222 1.328322 0.052205 0.014423 0.040536 0.148883 0.075726 0.036286 0.100878 0.191334 0.140011 0.033748 0.116011 0.066889 0.085520 0.111236 0.059947 0.149478 0.053489 0.075006 0.022559 0.033232 0.113345 0.000000 0.085248 0.061146 0.075148 0.046279 0.025856 0.000000 0.032143 0.093594 0.012728 0.045888
0.059058 0.065395 0.079801 0.049930 0.049508 0.052791 0.050223 0.048937 0.090157 0.051690 0.073457 0.044976 0.025072 0.054459 0.138391 0.000000 0.107531 0.086851 0.000000 0.052344 0.172958 0.093828 0.019187 0.085819 0.000000 0.029397 0.037478 0.046202 0.109416 0.000000 0.044195 0.020336 0.038555 0.125819 0.097968 0.033675 0.074922 0.154451 0.167153 0.036535 0.097155 0.054928 0.088307 0.103724 0.093260 0.120613 0.035485 0.093138 0.028309 0.022011 0.130527 0.000000 0.077773 0.038727 0.061899 0.051669 0.025220 0.000000 0.044731 0.091999 0.022856 0.054151
0.103702 0.071961 0.051589 0.068028 0.052699 0.040140 0.035353 0.053291 0.119499 0.046519 0.085076 0.046542 0.044350 0.047862 0.224156 1.292268 0.130894 0.082071 0.925502 0.052603 0.166905 0.176548 0.010129 0.123492 0.875792 0.020291 0.049914 0.050926 0.075330 0.920075 0.051585 0.017356 0.029142 0.184805 0.105496 0.045584 0.105145 0.261688 0.166025 0.043290 0.172993 0.049815 0.097503 0.151592 0.069785 0.215691 0.050970 0.070461 0.022798 0.045539 0.165698 0.880916 0.100994 0.045237 0.078906 0.070595 0.022140 0.000000 0.033295 0.142975 0.016598 0.050748
0.056249 0.035014 0.017211 0.040659 0.029112 0.022381 0.022121 0.035090 0.065365 0.042964 0.041440 0.026399 0.025813 0.031217 0.112009 0.000000 0.074645 0.035215 0.000000 0.023233 0.076658 0.083298 0.007127 0.054905 0.000000 0.004785 0.019637 0.025584 0.042594 0.000000 0.029825 0.010540 0.012869 0.081809 0.055953 0.025769 0.066286 0.128211 0.088659 0.017090 0.071410 0.032268 0.057470 0.093182 0.049472 0.105681 0.026821 0.039550 0.012412 0.045995 0.090407 0.000000 0.055773 0.022284 0.053367 0.035316 0.015161 0.000000 0.018317 0.065299 0.018623 0.031739
0.105920 0.074282 0.079256 0.042288 0.031977 0.054264 0.074453 0.046325 0.101706 0.070076 0.082419 0.029643 0.031451 0.074575 0.152658 0.000000 0.106786 0.102832 0.000000 0.054861 0.125995 0.078259 0.025075 0.049645 0.000000 0.050211 0.041581 0.066184 0.110987 0.000000 0.078223 0.024861 0.048216 0.107631 0.075384 0.028399 0.122326 0.133196 0.127646 0.033127 0.101721 0.083800 0.103209 0.086434 0.080939 0.122063 0.030059 0.083642 0.024238 0.022211 0.111961 0.000000 0.057675 0.052002 0.073134 0.042615 0.020266 0.000000 0.030832 0.082168 0.020898 0.043011
0.047639 0.153906 0.036752 0.037881 0.020688 0.121123 0.153573 0.076557 0.071119 0.191000 0.030501 0.023386 0.013841 0.202199 0.052733 0.000000 0.045393 0.214804 0.000000 0.085054 0.105879 0.040425 0.036299 0.059653 0.000000 0.057764 0.066679 0.096077 0.073913 0.000000 0.064961 0.030704 0.081568 0.052820 0.041628 0.021506 0.105935 0.090709 0.055169 0.065654 0.071620 0.147007 0.063830 0.045039 0.040251 0.055226 0.031570 0.070932 0.041999 0.023665 0.051420 0.000000 0.037871 0.025501 0.165572 0.023948 0.057956 1.762630 0.018181 0.062755 0.039974 0.026774
0.069748 0.049384 0.037978 0.062825 0.037987 0.025394 0.023404 0.034222 0.088611 0.040511 0.051328 0.034406 0.026184 0.024803 0.132290 0.000000 0.085858 0.043089 0.000000 0.054421 0.123458 0.090299 0.009809 0.068855 0.000000 0.007649 0.027097 0.042247 0.069884 0.000000 0.056492 0.010730 0.024295 0.098683 0.075737 0.025177 0.080597 0.137428 0.104069 0.024650 0.096088 0.029911 0.079051 0.080127 0.057072 0.126745 0.051839 0.080803 0.020052 0.031157 0.104107 0.000000 0.062258 0.018585 0.058915 0.048901 0.014554 0.000000 0.022586 0.085945 0.016509 0.021301
0.090327 0.038935 0.021805 0.065514 0.036971 0.016131 0.011324 0.037595 0.084786 0.032143 0.067532 0.036200 0.036421 0.027045 0.179896 0.154275 0.103217 0.041379 0.000000 0.032157 0.126244 0.146069 0.005404 0.079509 0.000000 0.011086 0.032226 0.035776 0.030240 -0.103615 0.035750 0.008746 0.013714 0.158580 0.074737 0.041667 0.086290 0.200160 0.108037 0.029948 0.131813 0.029513 0.082002 0.115344 0.045038 0.223686 0.041533 0.042743 0.012146 0.039488 0.117038 1.546714 0.085506 0.026882 0.053229 0.059082 0.016054 0.000000 0.017694 0.088156 0.014330 0.033817
0.104196 0.065123 0.064118 0.075095 0.074931 0.040091 0.035191 0.059673 0.115577 0.048906 0.094018 0.074749 0.045919 0.045548 0.208396 0.000000 0.145013 0.070548 -0.254025 0.054587 0.173367 0.171564 0.022355 0.123796 1.074517 0.025389 0.046210 0.049946 0.092420 0.845736 0.060206 0.022080 0.036537 0.192504 0.114685 0.051199 0.111353 0.238159 0.181912 0.041555 0.157256 0.049714 0.111513 0.149302 0.095293 0.252206 0.054639 0.091541 0.032642 0.044708 0.188550 0.825752 0.111800 0.046896 0.072629 0.096594 0.030077 0.000000 0.044538 0.122075 0.026168 0.058979
0.096467 0.064874 0.059927 0.064853 0.051668 0.027516 0.028567 0.046580 0.106772 0.040064 0.076984 0.042406 0.039054 0.038990 0.209165 0.000000 0.125288 0.057000 0.481127 0.051361 0.152475 0.121010 0.018231 0.080364 0.000000 0.029256 0.042705 0.057292 0.090522 1.225664 0.062789 0.019774 0.021231 0.148962 0.092222 0.040779 0.106023 0.189707 0.173974 0.031354 0.149934 0.046992 0.084093 0.122653 0.084929 0.187415 0.038342 0.079781 0.023684 0.030104 0.152188 0.000000 0.092770 0.035436 0.062744 0.065263 0.018566 0.000000 0.040941 0.104455 0.020763 0.043970
0.064919 0.062357 0.045871 0.038865 0.035766 0.037402 0.036402 0.046594 0.078246 0.041609 0.072171 0.034604 0.029745 0.047311 0.151694 0.000000 0.075224 0.073366 0.000000 0.029205 0.117883 0.114621 0.008390 0.077983 0.000000 0.018700 0.035697 0.036479 0.035946 0.000000 0.035298 0.010641 0.027959 0.122874 0.063914 0.034977 0.071020 0.160170 0.102392 0.035164 0.115235 0.040328 0.092826 0.120481 0.051037 0.147939 0.029512 0.059132 0.014081 0.025005 0.090684 0.000000 0.070328 0.034631 0.058705 0.050305 0.020587 0.000000 0.031716 0.082286 0.014368 0.070560
0.053851 0.153917 0.043709 0.021337 0.015975 0.113024 0.168520 0.091050 0.067359 0.170922 0.043050 0.017031 0.019219 0.202488 0.088414 0.000000 0.046421 0.218107 0.000000 0.094523 0.083637 0.037979 0.039976 0.033911 0.000000 0.075685 0.066752 0.111876 0.074743 0.000000 0.067120 0.039898 0.082788 0.064298 0.036231 0.016653 0.124884 0.085878 0.055647 0.056775 0.077942 0.159811 0.050575 0.044646 0.039879 0.069721 0.016502 0.055846 0.039628 0.017138 0.046244 0.000000 0.035704 0.034868 0.150929 0.023214 0.054617 0.000000 0.018570 0.054275 0.031380 0.022774
0.113108 0.070151 0.065384 0.064658 0.061223 0.045770 0.045942 0.064550 0.097265 0.050062 0.091981 0.060704 0.049591 0.053045 0.209469 1.234900 0.136292 0.087951 0.020936 0.064035 0.155593 0.157030 0.025939 0.102899 0.425739 0.035899 0.045799 0.066764 0.089489 0.057255 0.066532 0.023614 0.036759 0.182386 0.096389 0.044091 0.116897 0.230630 0.159945 0.045120 0.163327 0.062304 0.105023 0.135854 0.084507 0.241633 0.044258 0.079340 0.030487 0.040511 0.167894 1.311636 0.094987 0.047676 0.075383 0.090968 0.025917 0.000000 0.040403 0.120220 0.027706 0.047696
0.050104 0.155366 0.043946 0.032187 0.025011 0.126727 0.160086 0.077133 0.074117 0.186361 0.041927 0.026894 0.018720 0.203494 0.075031 0.000000 0.051228 0.224991 0.000000 0.088023 0.115078 0.055078 0.034690 0.069641 0.000000 0.059091 0.066280 0.097055 0.072611 0.000000 0.060737 0.031914 0.084223 0.062709 0.050290 0.022543 0.101727 0.111687 0.064974 0.067791 0.090499 0.149476 0.069166 0.061213 0.037403 0.069095 0.028969 0.068547 0.042997 0.018258 0.061930 0.000000 0.045123 0.027671 0.162606 0.029990 0.060178 0.852560 0.022835 0.073138 0.034453 0.035253
0.045874 0.157390 0.036434 0.033826 0.015172 0.127902 0.172825 0.082857 0.068799 0.199945 0.029912 0.017754 0.012432 0.218481 0.053860 0.000000 0.040166 0.234776 0.000000 0.085645 0.098950 0.037204 0.040118 0.050216 0.000000 0.067605 0.068001 0.094792 0.068845 0.000000 0.061533 0.035213 0.091450 0.054939 0.036269 0.019765 0.113790 0.088208 0.053871 0.067591 0.063115 0.162060 0.058470 0.037141 0.035709 0.058474 0.026330 0.062195 0.045576 0.022108 0.042226 0.000000 0.037837 0.027303 0.164974 0.016415 0.060131 -1.404699 0.014915 0.053415 0.039701 0.024265
0.093660 0.066627 0.071101 0.069782 0.051231 0.043392 0.048218 0.064716 0.113377 0.055285 0.084399 0.047653 0.037286 0.054198 0.187309 0.000000 0.141428 0.085189 0.902678 0.052346 0.171940 0.125396 0.022321 0.085549 0.000000 0.034672 0.050052 0.054064 0.107351 0.637960 0.062608 0.019890 0.037134 0.173299 0.100149 0.041854 0.109333 0.187753 0.199002 0.031396 0.122521 0.063621 0.101578 0.136384 0.109878 0.181482 0.042579 0.098186 0.026744 0.038773 0.163671 0.000000 0.103304 0.048408 0.072133 0.069497 0.027569 0.000000 0.056678 0.094969 0.025627 0.055071
0.097744 0.066065 0.036753 0.080343 0.034424 0.031910 0.040681 0.048528 0.111892 0.060396 0.075773 0.034018 0.036852 0.055257 0.188173 0.000000 0.096579 0.074430 0.000000 0.039765 0.136048 0.132482 0.012013 0.077313 0.000000 0.030950 0.043530 0.045949 0.050629 0.159677 0.059556 0.016144 0.030970 0.147437 0.073035 0.042935 0.121769 0.192648 0.118469 0.038088 0.138179 0.054367 0.088457 0.111037 0.053852 0.223937 0.041204 0.064284 0.020385 0.035805 0.119936 0.000000 0.083880 0.031056 0.066308 0.055574 0.023842 0.000000 0.022251 0.093597 0.016923 0.040256
0.036683 0.127001 0.031441 0.031823 0.020385 0.096723 0.136372 0.078091 0.063994 0.153721 0.032493 0.021869 0.012757 0.174786 0.065105 0.000000 0.039917 0.172809 0.000000 0.081698 0.091592 0.030122 0.034455 0.043338 0.000000 0.046837 0.054921 0.078537 0.076092 0.000000 0.056366 0.029333 0.089983 0.053765 0.033727 0.020069 0.107162 0.081447 0.051616 0.050393 0.052758 0.124442 0.055519 0.034836 0.050807 0.069052 0.026932 0.066262 0.038034 0.022466 0.042026 0.000000 0.037732 0.025544 0.134349 0.027760 0.050561 0.000000 0.021889 0.064677 0.036687 0.023004
0.081751 0.092642 0.092600 0.032687 0.032176 0.053375 0.074376 0.066255 0.100970 0.053695 0.073957 0.031460 0.034859 0.073016 0.158257 0.000000 0.097530 0.106935 0.000000 0.065851 0.124392 0.094551 0.020074 0.065128 0.000000 0.049895 0.052672 0.070957 0.113243 0.000000 0.067354 0.023614 0.046419 0.113681 0.073792 0.025815 0.136447 0.156696 0.114739 0.040011 0.124244 0.089495 0.092083 0.091106 0.068936 0.144250 0.030383 0.080668 0.024894 0.022754 0.095597 0.000000 0.043573 0.069297 0.083190 0.043387 0.024152 0.000000 0.027241 0.100908 0.017278 0.060225
