0.028129	-2.2931	2.8913	-1.3645	-1.5551	-2.4114	-0.35319	-3.7033	0.053919	2.1327	0.8099	-2.8695	-2.8791	1.7982	2.8403	-0.28659	-1.9466	1.49	-0.77698	-1.229	1.6359	-3.1478	-3.4028	0.97809	0.98817
-0.95264	-3.2354	4.767	0.056151	-1.7191	-0.63612	-3.4553	-1.5213	0.90424	1.9312	0.57441	-2.8992	-2.8908	0.14458	2.4097	1.817	-4.4425	0.97484	-3.1432	-1.5371	-0.84542	-1.9038	-4.1014	-0.30902	0.34094
-3.0841	-4.6171	6.0811	0.3145	-2.4761	0.81648	-4.1202	-0.71259	1.5909	2.8039	-1.4039	-1.0056	-4.2049	-0.70738	0.62253	2.5043	-6.242	-1.2334	-4.3988	-1.8519	-2.275	0.045921	-4.5918	-1.1266	-0.29167
-4.9744	-5.0581	9.1843	0.24178	-1.77	1.8175	-5.6608	-0.49362	1.766	2.9813	-2.0831	-1.1125	-4.6485	-2.0093	0.030908	5.7164	-8.5968	-1.369	-6.1874	-1.6138	-4.0534	0.99774	-6.6234	-2.5124	-2.6483
-5.9407	-6.8604	9.8065	1.2632	-2.4097	4.2823	-7.6093	0.25197	2.0239	2.9832	-3.8267	-2.1964	-5.6651	-3.8099	-1.4982	5.9533	-10.535	-2.3733	-8.1069	-2.0251	-7.4544	3.7072	-9.2704	-4.4919	-3.5474
-7.3149	-8.4199	11.212	2.7243	-1.4754	4.9067	-8.8497	1.6477	3.6073	2.1617	-4.6707	-0.61894	-6.7682	-5.6447	-1.7816	8.3283	-11.475	-4.4487	-10.26	-3.1472	-7.0873	5.093	-9.6535	-4.4761	-3.7154
-0.17248	0.90425	0.88172	2.2648	-1.2534	1.5192	0.67985	-0.30862	-3.0829	1.5913	-1.1839	0.2151	1.8639	-3.0903	-1.7644	0.76937	-0.1989	2.3494	2.0105	1.6411	-2.1284	-2.5655	-3.3815	2.3608	3.309
-0.62533	0.61293	2.0671	2.982	-1.2602	2.198	-1.4694	1.01	-1.8315	0.70287	-2.572	1.8729	2.1503	-4.6029	-4.2517	2.1319	-2.7039	1.9363	0.0034945	0.45541	-4.5754	-1.1552	-3.673	0.59183	1.5412
-3.4609	-0.87136	4.6634	3.4799	-0.87624	3.8415	-3.0131	1.8296	-0.73775	1.521	-4.9238	1.7556	0.13106	-6.206	-4.8344	3.545	-3.7774	1.1013	-0.175	0.90268	-6.2772	1.3253	-5.4635	-1.4728	0.97241
-3.3384	-3.2226	5.7244	4.1617	-2.5306	5.7019	-3.2371	2.5141	-0.65614	1.6252	-5.5728	2.2037	0.16099	-6.7754	-6.7211	4.7001	-3.7738	-0.89423	-2.9455	-0.36819	-8.3212	0.91321	-5.3723	-1.3985	-0.40161
-5.3758	-3.2422	7.904	5.4797	-1.1837	6.9557	-5.196	4.1688	0.92297	2.385	-7.3844	2.0055	-1.7041	-9.126	-6.9081	6.457	-6.8073	-1.091	-5.0843	-0.14933	-10.396	4.0003	-6.6411	-3.3795	-1.1243
-5.5656	-3.9797	8.9424	5.7843	-1.858	8.9853	-6.1899	3.5144	1.1553	2.9586	-8.4759	3.1432	-2.8356	-9.7225	-8.0958	8.1576	-8.8311	-3.093	-6.732	0.037432	-11.655	5.8097	-8.0334	-4.4625	-2.4132
0.72494	-2.6164	1.8478	-2.6134	-2.7246	1.4404	-1.5268	1.2013	1.6444	0.9384	1.6769	-1.6328	1.8017	3.4093	2.8774	-2.9811	-1.0438	-1.2594	0.81402	0.44499	2.0691	-0.80834	-1.3451	-2.581	2.0874
-0.074986	-3.3322	1.799	-1.5395	-2.5114	2.1838	-2.6902	1.8207	2.5584	0.72899	0.082158	-1.3876	0.19742	1.0811	0.91301	-1.7003	-3.7443	-1.8484	-1.0495	0.33498	0.82915	1.189	-2.7501	-4.4519	0.5308
-1.826	-4.4333	5.0385	-0.86556	-2.3554	4.1024	-3.8263	2.0295	4.6596	0.95722	-0.49739	-1.3216	0.14894	-0.40411	0.35713	0.30437	-4.5274	-3.7781	-2.4996	1.098	-2.126	1.6785	-5.0615	-5.0971	1.5926
-3.02	-5.8435	6.4324	-0.7539	-3.2066	5.7332	-5.5926	3.8771	5.1812	1.7463	-0.60494	-0.39283	-2.1381	-2.2775	-0.44694	2.4504	-8.3502	-4.0513	-3.1107	0.59875	-1.9977	3.6934	-6.1134	-7.1077	-1.3438
-4.0732	-7.3626	7.7234	0.45862	-2.5062	7.8145	-6.4636	4.6736	6.467	1.8227	-3.2956	-1.868	-3.1619	-2.682	-1.6528	3.8536	-9.0509	-4.8155	-6.0317	0.1199	-5.2517	5.6643	-8.2569	-9.2061	-1.0853
-5.3737	-8.3549	8.7112	-0.80202	-2.1811	8.7916	-9.0692	6.0418	6.7681	0.77182	-3.518	-0.13821	-2.4857	-3.2589	-3.0901	5.2933	-11.236	-4.5135	-8.2536	-0.40684	-6.5444	5.7193	-10.024	-9.5093	-2.164
-2.1114	-0.276	0.12593	-1.6908	0.46283	0.04937	-2.2616	1.2523	-2.8256	-0.86161	-1.9389	0.71923	-2.4006	-0.35629	-3.7468	-3.3093	1.6793	-1.1974	1.185	2.5462	-0.46041	1.8546	1.1521	-0.59927	0.89305
-2.6542	-1.3555	1.6265	-0.63733	0.52021	2.8899	-2.9823	2.528	-1.1274	-1.4754	-3.0933	0.34863	-2.2549	-1.756	-3.3124	-1.168	0.37813	-1.1342	-1.4605	2.9806	-3.511	1.9434	-0.014659	-2.5042	-0.074578
-4.1597	-3.2746	4.0733	0.99995	1.4692	3.8143	-4.5711	3.9836	-0.68351	-0.30736	-4.3163	1.1631	-3.508	-3.082	-4.4503	0.42337	-1.9514	-3.0312	-1.9959	2.1857	-3.2525	4.1526	-0.17289	-3.926	-1.4916
-4.721	-3.9323	4.318	1.25	1.7861	4.3185	-7.0785	4.115	-0.086992	-1.3219	-4.7083	1.4004	-4.2772	-3.9245	-4.5643	1.8787	-4.4029	-4.0186	-4.4771	2.7778	-6.4569	6.6629	-1.3269	-5.569	-1.8102
-7.1112	-6.2441	7.4049	1.571	1.0418	7.0289	-7.5063	5.8336	1.2765	-0.78045	-5.9805	1.6729	-5.6648	-6.0791	-5.8924	4.4287	-6.9755	-5.5606	-6.6739	1.312	-7.4005	7.9575	-1.769	-6.7318	-2.7899
-7.5585	-6.5621	9.1283	2.4906	0.30977	7.6098	-8.9472	6.4242	2.9955	0.40877	-6.7161	1.1584	-6.1506	-7.5513	-8.4714	6.1278	-7.8897	-6.9629	-7.1905	1.64	-8.7038	9.1202	-3.2962	-8.1222	-3.703
-3.5028	3.4239	-2.211	-1.1464	1.9281	-0.072883	1.681	-0.10344	-1.6226	-2.9389	0.99306	0.13154	-0.78861	0.95647	-2.918	-1.9422	1.1185	1.3185	-2.6324	-2.1737	-2.7482	-2.9617	-0.31257	1.3911	1.8309
-3.2432	1.1475	-0.26053	-0.35395	1.6614	1.8245	0.41176	0.59008	-0.41686	-3.1197	-1.1419	0.46997	-1.3391	-1.0593	-3.6965	0.72241	-0.16431	-0.11398	-3.7356	-4.1126	-4.1424	-1.8738	-1.3359	-0.65774	0.15603
-4.8962	-0.29439	0.68376	-0.56799	0.92633	3.6883	-0.60279	1.0131	0.19039	-1.6053	-1.8623	0.93358	-2.1032	-1.6767	-5.1656	1.4162	-2.0721	-1.8802	-4.8025	-3.393	-6.2048	-0.43307	-3.3505	-1.0811	-0.1342
-6.3044	-0.030972	1.8001	1.6004	0.67712	4.8312	-1.405	1.6803	0.45343	-1.6648	-3.1461	0.31515	-2.4772	-4.0942	-7.2196	3.5919	-2.8613	-1.9854	-6.5378	-3.6074	-7.4776	1.0327	-4.9066	-3.0857	-1.7325
-7.3296	-2.4087	5.1734	0.11516	1.8265	6.7938	-2.9172	3.1033	2.5134	-1.2598	-3.9927	0.9923	-2.1782	-3.6055	-8.3193	4.9757	-4.9953	-3.3492	-8.9999	-4.5313	-9.9845	3.9114	-6.1213	-4.0774	-2.6192
-8.3117	-3.6137	6.1014	2.5977	1.613	9.3412	-4.4353	5.1216	4.364	-2.328	-5.9496	1.5151	-4.879	-5.4983	-9.6966	7.5638	-7.2019	-4.3489	-11.561	-4.4963	-11.663	4.0916	-6.0852	-4.5883	-3.9131
0.71402	-2.8594	0.57154	-3.1231	-2.4785	-3.4758	-1.7742	-2.1083	-2.0737	-0.7929	-2.0766	-1.0478	-1.5463	2.5871	1.7383	0.53569	-1.942	-2.0693	-3.0462	2.8236	0.96869	0.56055	-1.1297	-2.0281	1.0274
-0.63115	-3.186	2.7883	-1.7136	-2.9842	-1.3455	-3.4139	-0.90511	-1.6219	-1.9667	-2.273	-2.9386	-2.2127	0.81537	1.3784	1.5804	-3.1741	-2.4002	-3.6436	3.6575	-0.23008	1.24	-2.1476	-3.392	0.28342
-2.0642	-3.9411	4.1193	-0.19635	-3.3422	1.412	-5.5143	-0.12458	-1.0657	-0.13018	-3.9809	-1.9895	-2.1897	0.022137	-1.0831	4.049	-5.2748	-4.1362	-5.0484	3.0548	-2.9314	3.8756	-4.0143	-5.6728	-0.17763
-3.7558	-5.0293	5.2748	-0.5451	-3.8933	2.3926	-6.3904	1.5181	0.14297	0.69719	-4.8486	0.19453	-2.0025	-2.5724	-0.5742	5.6054	-6.5249	-4.8131	-7.052	2.2576	-4.6498	5.3395	-4.8615	-7.0007	-1.3538
-5.392	-5.7105	6.0928	1.3579	-4.4554	4.1557	-8.5346	0.92789	0.49795	-0.15536	-5.5724	0.34323	-3.4577	-3.5937	-2.5028	6.5818	-7.9989	-5.7163	-8.3322	2.1576	-5.9556	6.6892	-6.758	-9.2225	-1.2529
-6.1705	-6.2416	8.6429	1.6507	-3.526	6.2513	-8.2623	3.4654	2.0967	0.52635	-6.5778	-0.65991	-5.4724	-3.742	-4.3671	9.4917	-9.9737	-7.2853	-10.79	2.1383	-8.5307	8.2477	-5.6024	-10.482	-3.2692
3.1577	-2.7734	-1.7528	-0.77162	-2.7963	2.2703	-1.6694	2.6717	-0.75249	1.2591	-2.0879	-0.066638	-2.8467	1.1321	1.9244	-1.0207	1.0015	-1.754	0.9202	1.9973	-0.59316	-0.40454	-1.6554	-0.65237	-0.30149
2.0619	-3.1425	-0.3236	-0.59971	-3.5338	2.2032	-2.4795	4.0193	-0.88852	0.32875	-2.6164	0.92216	-2.0533	-0.6871	1.2903	0.089238	-0.9833	-2.1489	-0.87082	2.3301	-1.521	0.87538	-2.6679	-2.0718	-1.672
0.021948	-5.2163	1.4939	0.19595	-3.4594	3.9571	-4.0506	5.4039	0.83838	1.204	-3.877	-0.19629	-3.7687	-2.1245	0.32875	2.241	-2.8753	-2.6469	-3.9767	2.2915	-3.6954	1.5038	-4.8324	-4.1452	-1.141
-1.146	-5.1502	2.0341	1.5736	-3.312	6.0859	-5.921	5.5976	2.4103	1.2502	-5.2821	-0.050351	-4.8325	-4.2932	-0.086422	2.8747	-4.898	-5.2716	-5.5107	2.3042	-4.7191	3.356	-5.5593	-4.7692	-2.6607
-0.83278	-5.1013	4.1064	1.0725	-4.4547	7.7867	-6.5889	7.3464	3.5821	1.8052	-6.3837	0.49084	-5.1225	-5.321	-0.5656	4.5886	-7.1528	-5.2952	-6.5123	1.8009	-6.6711	5.2569	-5.9228	-6.4597	-4.2003
-3.7466	-6.5866	6.3293	3.0999	-3.5619	9.556	-8.883	7.8222	4.787	0.68344	-7.7216	0.71542	-6.9134	-6.2574	-1.4619	6.3645	-8.147	-6.2181	-7.5648	0.6105	-7.0301	6.5138	-8.0232	-8.7065	-5.4339
0.080759	0.36277	0.99102	-0.33511	-0.83433	-2.5124	-3.2942	-2.0187	-0.64442	1.027	3.0278	3.1367	0.5155	-1.5954	1.1438	2.3134	0.91464	1.7058	-2.4008	0.86608	-0.49374	-1.269	-2.2713	1.05	-2.2302
-1.795	-0.94191	3.15	0.41217	-0.57904	-0.22102	-4.1038	-0.27013	0.33204	1.051	2.8707	3.0107	-0.98413	-2.085	-0.1107	3.5248	0.11997	0.19701	-4.7607	-0.069914	-1.8177	-0.96881	-4.4429	-0.27385	-2.7206
-3.7317	-1.313	4.3902	1.7031	-0.51513	0.47115	-6.2748	0.70487	1.6793	-0.10544	1.0028	4.6858	-1.9532	-5.2229	-1.7006	5.2409	-1.9961	-0.58954	-6.34	0.26344	-3.7009	1.5632	-5.2709	-1.492	-3.4777
-4.9653	-1.7706	6.2323	1.1994	0.36566	2.5836	-7.1946	1.8722	2.3561	0.74519	-0.51466	3.839	-2.3816	-5.9708	-2.7422	6.8211	-2.0996	-2.2909	-8.1919	-1.0733	-5.6807	2.8175	-6.6531	-2.5317	-4.2585
-6.096	-3.1815	7.062	1.501	-0.76482	4.4719	-8.9997	2.3332	2.5921	1.53	-2.2869	3.6917	-3.2725	-7.8259	-3.584	8.536	-4.131	-3.2347	-9.3277	-0.17443	-8.4605	4.3089	-8.1619	-3.9992	-5.6188
-7.2007	-3.2865	9.0617	3.3916	-0.50427	6.0569	-10.761	3.3394	3.263	1.1661	-3.8929	4.8189	-4.3192	-8.8888	-4.6454	9.378	-6.1188	-4.0476	-11.256	0.12091	-9.7923	5.7242	-8.4554	-6.4902	-5.8506
-1.4283	0.6335	2.6823	0.55234	0.44695	-2.4873	2.536	0.56865	0.98852	-3.0608	1.6762	1.6793	-1.8328	-0.47505	-1.2078	-0.41791	0.39973	-0.57871	-1.9136	-1.3175	-3.0745	1.9807	0.15992	1.8183	-2.1972
-4.2237	-0.91829	3.5584	1.2165	1.0506	-0.7953	0.59598	1.6516	2.6564	-2.5329	-1.3117	2.1842	-3.3799	-2.8142	-2.8096	1.2063	-1.8984	-2.4124	-3.7726	-1.0895	-5.004	4.8427	0.23518	0.95846	-3.3818
-3.5226	-1.1688	5.7961	1.9271	1.2388	0.75506	-0.92778	2.3178	3.9451	-3.1415	-0.18985	1.2494	-3.7572	-3.939	-3.5873	3.4445	-3.8293	-3.0828	-4.6131	-2.5528	-6.3405	5.418	-0.048066	-1.0383	-3.3565
-5.5329	-1.6502	7.9802	2.9565	-0.25867	2.247	-1.7504	2.5966	4.0162	-2.0882	-1.0241	2.2556	-4.6598	-6.3514	-4.6523	5.5676	-7.3878	-4.0447	-7.0124	-3.1814	-8.3364	6.5043	-1.9044	-1.724	-4.477
-7.321	-2.8894	9.3482	2.9289	0.18641	4.8993	-2.5764	4.0692	5.4315	-2.251	-2.8284	2.0586	-5.2761	-7.0136	-6.3014	7.0723	-9.0847	-5.2569	-9.8705	-3.7568	-10.484	7.8426	-2.8209	-3.7993	-5.6258
-8.5526	-4.2463	10.858	4.4931	0.4714	5.6849	-4.6766	5.3671	4.615	-2.7059	-4.3345	3.6142	-5.052	-8.0389	-6.9098	8.581	-10.54	-5.2957	-10.429	-1.5391	-12.592	9.0449	-4.4843	-4.9509	-6.5103
2.7946	2.5207	1.669	-0.6963	-0.63085	1.2925	-0.90975	-1.9859	1.4456	1.2414	2.0296	1.2755	-0.90091	-1.5232	1.5752	-0.24751	1.8111	1.5943	1.7134	0.18113	0.24049	2.3631	0.089934	-3.0834	2.2891
1.5079	-0.2341	2.4902	0.15981	-1.1	2.7388	-4.0733	-2.4452	2.1126	1.5717	-0.58427	2.0959	-0.5208	-1.758	0.80144	0.22375	-0.18427	0.79557	0.21905	0.24806	-1.433	5.0711	-2.3764	-4.6754	1.2475
0.70026	-1.2177	3.5589	1.9691	-0.95825	4.7566	-4.5109	-0.77141	2.6164	0.84383	-1.9706	2.2356	-0.67732	-2.9169	-0.088422	1.4604	-0.79125	0.76505	-0.38508	-0.58267	-2.9886	6.0905	-2.7709	-7.0512	0.62721
-0.63739	-2.6637	5.9759	2.3959	-1.7113	5.7157	-7.5897	0.52871	4.1221	1.0775	-2.8527	2.6532	-3.0799	-4.7523	-2.6057	4.1042	-3.1364	-1.0063	-3.3308	-1.5169	-4.0245	8.0254	-3.521	-7.3625	0.26182
-2.6203	-3.5083	6.2912	4.1291	-1.9917	6.9601	-9.0469	1.3296	4.3219	1.5791	-4.5178	3.0266	-3.5617	-6.2706	-3.4825	4.6955	-4.4177	-1.9699	-4.8634	-1.7897	-6.4293	10.1	-4.6411	-9.7106	-0.75865
-3.8151	-4.8096	8.0311	3.8637	-1.9389	9.7552	-9.9334	3.3063	6.025	1.9619	-6.2166	2.5912	-4.5225	-7.135	-5.4512	7.7563	-6.2284	-2.8688	-5.902	-3.055	-7.339	11.145	-4.0141	-11.601	-1.2708
1.1916	-0.67038	4.1327	-1.6118	0.50967	0.012925	-0.089934	-2.4311	-2.9852	-1.1584	-1.5537	1.3986	-0.98866	2.0609	1.0043	0.89241	-2.0736	2.544	-1.9825	2.162	-2.417	-0.41447	-1.7232	0.21509	-1.7815
-0.23069	-2.639	5.1249	-1.6812	1.4618	2.1094	-2.3396	-2.5217	-0.96305	-1.1599	-3.4013	2.3206	-1.8077	-0.3592	-0.60432	1.7209	-2.8131	1.7143	-2.6601	2.5473	-2.8971	0.961	-4.1846	-0.56671	-1.8613
-1.1386	-3.9111	6.3542	-0.10541	1.4571	4.4479	-3.207	-0.12918	-1.9856	-0.80177	-3.5791	2.859	-2.2193	0.063195	-1.7606	3.4705	-5.9597	1.5221	-5.3005	2.066	-5.4162	2.4043	-5.0396	-3.0503	-3.4854
-3.2724	-4.9264	8.1598	1.2283	1.6923	5.7998	-5.3012	-0.38744	0.63957	-0.81712	-5.9587	2.5984	-2.0245	-2.1248	-2.3328	5.2827	-6.9874	-0.15756	-6.3673	1.8578	-8.4718	4.3145	-7.1893	-4.8588	-2.8975
-3.9761	-5.5645	8.9075	2.0424	1.6458	8.068	-6.9636	2.308	1.8332	-0.17887	-7.034	2.3202	-3.6126	-4.6463	-3.9793	7.1422	-7.9696	-0.32201	-8.2794	1.2391	-9.468	5.776	-7.5394	-6.1006	-4.5822
-5.3184	-8.0403	10.73	1.1389	0.5413	8.1433	-7.11	2.6042	3.8027	1.4437	-8.0006	2.3111	-4.9187	-4.2325	-4.5748	8.9974	-9.0349	-1.6607	-9.0287	0.91383	-12.797	7.3546	-8.3397	-7.313	-5.6899
-2.1595	2.3035	-1.1519	1.3503	-1.0186	1.2291	-3.8709	2.4059	2.0187	1.7238	2.1449	-1.5461	-0.25239	0.39715	0.70381	-1.2422	-2.0914	-0.048445	-1.1119	1.3182	3.2237	-2.0995	0.37705	-2.905	2.2226
-4.8195	-0.30953	0.72809	1.5593	-0.25597	2.7671	-5.7796	2.7213	3.449	2.5144	0.99306	-0.87059	0.44359	-1.6458	-0.58184	-0.15074	-3.8973	0.064666	-4.125	2.3902	1.829	-0.99222	-0.27946	-3.7396	1.2954
-5.4443	-0.62708	1.925	2.1526	0.36244	4.4345	-6.3888	5.4349	4.029	2.4728	-0.65271	0.36042	-0.20768	-2.3138	-1.0881	1.6903	-5.1555	-1.9376	-4.4184	1.8323	-1.1862	0.57345	-1.4909	-6.2384	0.12819
-6.5415	-1.4657	4.1451	2.2658	-0.050811	5.8794	-6.9825	5.6174	3.4438	1.9466	-1.9024	-0.33428	-1.7388	-2.7793	-1.9245	2.1852	-8.2368	-2.6061	-7.1541	1.4434	-2.534	1.8783	-2.5382	-7.3988	-0.65681
-9.1729	-2.1802	5.0194	2.8303	-0.40508	7.5233	-8.3686	5.8331	4.1068	2.6042	-2.8518	0.23538	-1.8699	-4.5113	-1.8515	5.093	-8.8126	-2.2901	-8.4609	0.61119	-4.4531	3.1756	-2.7991	-10.773	-2.6181
-8.4038	-4.32	7.7794	5.215	-0.14429	9.5263	-11.169	6.7595	6.2157	2.4719	-4.5467	1.4465	-3.0074	-4.9136	-3.7636	6.3231	-10.888	-4.5307	-10.806	-0.030359	-6.7974	6.1261	-4.7388	-10.897	-4.0855
4.4798	-2.7074	2.8775	-3.28	1.3025	1.5755	0.23307	2.3296	2.0972	1.2255	-1.7987	-2.467	-1.702	-2.9282	-3.2162	0.80478	3.0467	-1.1028	-0.56369	3.4007	3.2095	0.62685	3.3948	1.6006	-0.87309
1.6795	-4.069	4.7026	-2.5285	1.8953	3.2843	-1.0617	4.1351	3.6021	0.76895	-3.6727	-2.2049	-3.3078	-4.1597	-3.6002	1.9681	1.3418	-2.0736	-1.6806	2.9536	1.2973	2.6945	2.9685	0.022018	-2.6059
1.002	-5.3631	5.4551	-1.6298	1.5264	4.2422	-2.7852	5.1803	4.4557	2.8151	-3.5403	-1.616	-4.1894	-4.6861	-4.6726	4.5176	-1.0513	-2.6436	-5.3292	2.718	0.34222	3.9306	0.4259	-0.55292	-2.3419
-0.97769	-5.9702	7.4337	0.31117	1.8484	6.5286	-4.3275	5.1989	5.834	3.061	-5.7415	-1.2486	-4.8106	-6.3618	-5.7791	5.7181	-2.9225	-4.3733	-6.87	1.763	-2.5093	6.0763	-0.13988	-3.4965	-3.0355
-1.4145	-6.624	9.5059	1.2192	0.4532	8.3857	-6.2748	6.471	7.0998	3.5276	-7.2908	-0.52274	-5.8931	-7.3184	-6.7664	6.7584	-3.9877	-5.3996	-7.4321	1.6053	-4.1764	6.9973	-1.4318	-5.508	-3.8646
-3.4357	-8.1257	11.487	0.3248	1.6738	9.4637	-8.1337	7.4223	8.0787	2.7864	-7.9451	0.63853	-6.2549	-8.511	-8.3755	7.7555	-5.6368	-5.7203	-10.772	1.6634	-6.4982	8.2068	-2.6299	-6.5765	-4.9616
0.96875	-1.5403	-1.2677	0.89389	-0.71468	-0.51909	-0.069365	0.74682	0.59257	0.42406	0.1575	-0.18011	-2.257	0.26622	3.1297	-0.41021	3.3225	-1.0591	2.8393	-0.48938	-0.93377	-2.0561	-1.8547	-1.824	1.8066
0.39771	-0.79938	1.3098	1.8432	0.015179	0.83857	-0.88914	2.7561	0.64487	0.87686	-1.2234	0.92915	-4.5814	-0.89438	2.3063	1.1194	0.94729	-2.809	1.2486	0.21299	-2.2106	0.24411	-3.9467	-1.7849	0.29197
-1.524	-3.1318	2.1197	0.54375	-0.51603	2.0373	-3.0153	3.1231	1.3834	0.35026	-1.2675	1.1468	-5.4374	-1.5174	1.1028	2.1402	0.3161	-4.1879	-1.5865	0.18465	-5.2274	1.3559	-5.9766	-3.895	1.0096
-3.1063	-3.6695	3.7387	2.6283	-1.3151	4.4848	-3.361	4.1821	2.8059	1.5793	-2.7239	1.4041	-5.3334	-2.2759	1.0753	3.7692	-2.2708	-5.4705	-2.3212	0.94132	-7.3301	2.4761	-7.1462	-5.2899	-0.68043
-3.5417	-5.2648	5.7602	2.7003	-0.85381	6.0225	-4.4179	5.5194	2.5261	1.9556	-3.779	2.4347	-5.8084	-3.4984	-1.8561	5.7332	-4.0376	-6.0038	-4.0959	-1.6443	-8.9792	5.3614	-7.3888	-7.8777	-1.7025
-5.1669	-6.6437	7.424	4.563	-0.71713	7.7922	-7.4998	4.8205	4.0673	1.6351	-5.8417	3.2899	-7.1687	-5.5945	-1.3106	6.6375	-5.3329	-6.9815	-5.1318	-1.4028	-10.653	6.3332	-8.4332	-9.4593	-2.0687
2.4978	1.0437	-2.6237	1.7144	3.3595	1.1578	-2.4534	-1.1331	0.49851	2.0628	-2.1351	-0.71493	1.3555	0.51643	1.3716	-0.87632	-2.3364	2.4045	1.3589	2.5131	-2.0402	-0.73152	-2.4612	0.55649	-2.4493
1.4736	0.69314	-1.4045	2.5298	2.8308	3.2551	-4.8265	0.67218	2.4113	0.82118	-3.0597	-2.0817	1.2302	-0.87102	-0.53896	-0.032922	-3.2052	0.5223	0.64075	1.4067	-4.4429	-0.49649	-4.4761	-1.9127	-0.97252
-1.3248	-1.2257	-0.11618	4.845	2.7396	5.3132	-6.9234	1.1749	4.0943	1.6703	-4.4533	-1.0743	0.28933	-2.648	-0.81945	1.1783	-4.0829	-0.99677	-1.3614	1.909	-5.9175	1.0236	-5.063	-3.6592	-3.683
-2.3726	-2.88	1.8665	4.5614	2.2241	5.8625	-8.7911	1.7538	5.9981	2.0786	-3.5845	-1.3722	-1.8895	-2.2222	-1.8311	2.8112	-5.7594	-0.64033	-2.3979	1.9494	-7.9114	2.9753	-6.1801	-5.5032	-3.2383
-3.1891	-3.4998	4.3149	4.902	2.7811	9.432	-9.1325	3.0483	5.5065	2.2493	-6.031	-1.0234	-2.3821	-5.2201	-3.3511	5.3546	-7.6232	-1.8178	-4.6877	1.652	-10.596	4.3035	-5.9413	-6.6712	-4.1609
-4.6036	-4.83	3.8794	5.6177	2.4788	9.8404	-11.249	3.456	5.6411	2.4312	-7.8175	-0.40184	-3.239	-6.0761	-3.6292	5.7374	-9.6174	-2.7962	-7.0645	1.5584	-13.021	6.1947	-8.2944	-7.692	-6.3095
3.485	-2.3774	-3.1819	0.9128	1.7166	-1.4542	-2.0756	-1.3609	-2.0476	0.30585	2.7646	-0.2839	-2.6721	-0.71702	-1.961	-0.52345	-0.74788	2.9211	1.3799	-0.14142	2.491	-0.95966	-0.26417	3.0155	1.6338
1.9199	-3.9144	-1.4631	1.3667	1.7854	1.1318	-3.8262	-0.37234	-0.5614	-0.14413	1.943	0.3615	-3.7022	-3.1816	-3.7497	2.4443	-2.0868	1.8698	-0.27634	-0.35137	0.25255	-1.6736	-1.1293	1.7602	1.6314
0.23673	-4.984	0.66309	0.5305	2.0781	2.2167	-5.146	1.0583	1.0049	0.53206	0.947	2.2369	-5.0042	-3.0161	-4.3844	3.3676	-4.2235	1.9385	-2.802	-0.63391	-0.64546	0.68953	-2.993	-0.17486	1.2047
-0.98507	-5.8075	0.99092	1.469	0.56142	3.5245	-7.5843	2.2695	1.5212	0.80062	0.29998	1.5586	-4.4071	-5.9118	-6.4278	5.7207	-5.4411	-0.022112	-3.3811	-0.33107	-3.6898	2.2764	-5.0359	-1.089	0.65443
-2.8096	-7.9927	3.466	3.7647	0.7476	4.983	-9.0391	2.4903	2.7673	1.3908	-0.75594	3.3791	-5.818	-6.5772	-7.4934	6.4174	-7.5795	-0.76604	-5.1055	-0.091403	-4.8875	4.5044	-7.2531	-2.2626	-0.14917
-3.4272	-8.9451	5.3743	2.9748	-0.47588	6.0173	-9.9391	3.5913	4.3646	2.7305	-2.7825	2.8892	-6.3039	-6.7994	-8.9622	8.1584	-10.187	-2.942	-7.1318	0.44461	-7.2361	5.9494	-6.7096	-3.4824	-1.7069
1.9063	0.99497	-1.4553	1.7361	-2.7383	0.96515	1.7146	1.6734	-0.52665	1.2973	1.7243	-0.61176	0.47172	3.3311	-0.40939	-1.0746	1.0675	-1.6206	1.0358	-0.55367	0.18467	1.5049	2.3064	-0.93515	2.0922
0.26574	-0.10474	0.8919	3.2097	-1.7536	2.3999	-0.045866	3.3544	0.36191	2.3507	1.3645	-0.73325	-1.4057	1.3253	-1.1442	0.76061	-0.59083	-2.2958	0.20748	-0.52943	-2.0648	2.0897	1.401	-2.9052	2.1609
-0.065595	-1.9817	1.7861	4.361	-1.6411	4.8401	-1.8501	4.2227	1.1358	2.5506	-0.6681	-0.66044	-1.862	-0.67278	-2.2216	1.1197	-1.689	-2.9437	-0.49486	-1.5159	-3.4221	5.085	0.32088	-3.7819	0.87403
-1.9988	-1.8719	5.0592	5.732	-1.5546	6.4049	-3.7647	5.2363	2.1138	3.5229	-1.8731	-0.58791	-2.1277	-1.9735	-3.231	3.7975	-4.3168	-3.9302	-2.4605	-2.8508	-4.4253	5.8525	-1.0932	-6.5484	-0.15478
-3.3909	-3.3447	5.4282	5.7934	-2.653	7.3124	-5.5311	6.013	3.9789	3.1716	-2.8645	0.37577	-3.1004	-2.5811	-4.8337	5.5882	-5.9332	-4.0744	-3.9888	-2.1689	-6.2105	7.2204	-2.6683	-7.8152	-1.1673
-4.6354	-4.2716	6.7627	6.2092	-2.0653	9.8623	-6.3019	7.2572	4.5002	5.2428	-5.059	0.10744	-4.3431	-5.1767	-5.3902	6.482	-8.8241	-7.0899	-5.4697	-2.0555	-9.0103	8.0569	-4.497	-10.16	-1.6505
2.051	2.9895	-3.4034	-0.90781	1.1076	-1.0377	-1.1271	2.0839	0.75863	0.64647	1.1028	-3.2674	-0.38547	-0.41661	-2.0155	1.1702	2.0061	-2.2383	2.1243	-1.7017	2.17	-2.568	0.055441	-0.61419	1.7673
-0.10824	1.7256	-1.2294	-0.24214	0.91558	0.31129	-3.8987	2.0765	1.1569	0.60655	-0.82331	-2.6781	-1.52	-1.7949	-3.376	2.7087	-0.39922	-2.3231	-0.18133	-3.7996	-0.24771	-0.53592	-1.1876	-1.6973	1.4982
-1.0777	0.81829	1.2867	1.7009	1.6682	1.4748	-5.1526	3.6366	2.5843	1.2747	-2.8002	-1.6353	-2.1843	-2.8488	-4.3084	3.3188	-1.5351	-3.7523	-2.2187	-3.1444	-2.1055	0.62341	-1.8575	-4.2057	-0.027235
-1.2237	-1.0518	2.3087	1.5747	1.5778	4.1026	-7.3108	4.4948	3.036	1.9266	-3.3059	-0.99445	-3.2472	-4.2206	-4.6518	6.6109	-3.9197	-4.9667	-4.1001	-3.4401	-3.5264	2.9017	-3.2356	-5.7215	-0.31807
-3.9133	-3.0431	3.7611	2.2145	0.035648	5.1054	-10.118	5.2613	3.9685	3.2491	-5.2978	-0.2481	-4.363	-5.0995	-6.0859	7.918	-5.7355	-5.1892	-5.2516	-3.8388	-6.5121	3.456	-4.7096	-8.4014	-1.0143
-4.3859	-2.9729	4.4525	3.42	1.4786	6.4038	-9.984	7.2777	4.7185	1.8569	-6.1627	-1.5083	-5.8143	-6.8936	-7.0668	9.3705	-7.0735	-7.1069	-6.8391	-4.5385	-7.5847	4.9517	-6.2309	-8.5395	-2.4035
0.4338	-0.53032	2.4511	-0.95582	-0.74362	3.0374	-1.8596	2.4797	-2.3237	0.76808	-0.12836	1.2735	-0.93838	0.37409	2.7487	-2.6909	-3.0346	3.2166	0.56751	-0.71319	-0.74193	-2.1395	-1.2019	-1.4205	-0.34092
-0.83866	-0.63679	4.2909	-0.59006	-0.75377	5.0215	-4.4372	3.966	-1.1168	1.0923	-1.288	1.422	-2.3614	-0.29149	1.2602	-1.075	-3.3455	2.5677	-1.5321	-2.2637	-3.496	-1.1165	-2.4367	-2.7033	-1.2992
-2.084	-2.3663	4.8439	0.20228	-1.2256	5.3673	-5.5625	5.0789	-0.72203	1.6379	-1.9097	1.6634	-2.4999	-2.9986	-0.41159	0.7984	-4.5548	0.97269	-2.4946	-1.5743	-5.2366	1.142	-3.3289	-3.1708	-2.9239
-5.1136	-2.2208	7.7043	1.8611	-0.30676	8.6076	-8.1615	5.8716	0.84297	0.82969	-2.8085	2.3285	-3.5424	-4.2589	-1.1512	1.0826	-7.1028	1.3258	-4.7672	-1.4491	-6.2028	1.3781	-3.9232	-5.2105	-3.342
-5.2765	-4.6055	9.924	1.9526	-0.84309	8.28	-9.6608	6.8946	3.3318	1.356	-5.5474	2.342	-4.697	-5.3153	-2.0467	3.2058	-8.694	0.1161	-6.791	-2.4719	-6.5299	3.327	-4.124	-6.8677	-4.0436
-5.7149	-5.8432	9.1011	2.2995	-1.3735	10.045	-10.409	7.8173	4.0767	1.4084	-5.97	3.191	-6.0876	-7.6353	-4.7372	5.2499	-11.525	-1.1076	-8.4453	-1.4002	-8.0648	6.3603	-6.0726	-8.0822	-5.9096
-2.0548	-0.47491	-3.4118	1.9767	-2.1954	3.3141	0.023265	-2.429	-0.55498	1.8422	2.1129	0.66717	1.3532	1.9663	-2.3707	-1.2403	-2.0994	-1.9892	0.69423	2.1234	2.0529	0.092016	-2.1642	2.007	1.396
-2.4194	-3.029	-0.70593	2.9473	-2.3895	4.3924	-2.5842	-2.2253	0.2306	2.5584	1.157	0.64669	-0.1946	0.059232	-4.195	0.85723	-5.0708	-3.0857	0.37721	1.0772	0.077074	1.8531	-4.0504	0.90939	0.86196
-4.0798	-2.9496	1.3775	2.7865	-2.4694	5.74	-4.7319	-1.271	1.5272	3.3991	0.082267	0.94569	0.00059483	-2.061	-5.8378	1.0685	-6.3991	-4.1024	-1.6584	0.55779	-0.94966	3.7674	-5.3696	-0.099084	0.62318
-5.6836	-4.1214	2.815	4.9639	-3.0053	7.6102	-5.6559	0.92441	2.4004	2.6974	-2.4878	0.048655	-0.4617	-0.99796	-6.7045	3.6985	-8.3595	-6.0698	-2.8966	-0.30177	-2.0285	5.1991	-5.7395	-1.9294	-0.57664
-7.3366	-5.0297	4.0368	4.476	-3.2375	9.2911	-7.235	1.188	3.8145	2.5315	-2.9075	1.5388	-1.1026	-3.5558	-7.8118	5.5972	-9.7232	-8.2839	-4.6172	0.7204	-3.9347	7.7386	-7.5641	-4.3508	-2.1106
-9.3027	-5.9376	5.6408	3.9444	-2.8257	10.341	-8.6518	2.6246	5.0074	2.7375	-3.3318	2.8805	-4.0619	-4.1519	-10.089	5.1576	-11.214	-8.4357	-6.9407	1.0245	-4.7738	8.6351	-9.7153	-3.8914	-2.4534
-0.41046	1.3056	2.5108	1.4149	1.9734	0.046058	0.45259	0.36787	-1.9619	1.4119	0.29762	0.047043	-0.79174	-2.2602	-0.9546	-0.98186	1.8749	1.4864	1.4218	-2.9318	-2.7677	0.1217	-0.56131	2.0737	2.4705
-2.3224	-1.0175	4.0217	1.3522	2.056	1.3602	-1.4605	2.3746	-0.50852	0.52824	-0.69771	1.5361	-2.0905	-4.239	-1.2536	0.14806	-0.57035	1.7428	0.70878	-3.2164	-5.2338	2.3608	-2.3599	0.53708	1.8555
-4.6606	-2.3318	6.9976	2.7504	2.4654	2.8999	-2.5485	2.9102	0.6975	2.223	-2.4887	0.93036	-3.0428	-4.8108	-1.8311	2.0359	-1.5269	0.33045	-3.1386	-3.2966	-5.0711	4.1082	-3.5137	-0.084212	1.2783
-4.5514	-4.1875	8.4363	2.6103	2.3028	4.2506	-4.7914	2.5426	1.6094	2.7829	-3.2751	2.3381	-4.2927	-5.6518	-3.0438	4.2117	-4.1419	-0.76867	-4.3544	-3.5293	-8.7391	4.5761	-4.4237	-2.1287	0.61415
-6.2062	-5.2905	8.9206	3.0786	2.0239	5.7414	-6.1559	3.4843	2.4789	2.7317	-6.9812	2.4292	-4.3029	-7.5713	-4.4137	5.9406	-4.9703	-2.3471	-5.9943	-3.3283	-10.901	5.0838	-5.3694	-4.4302	-0.071601
-7.5643	-6.3163	11.748	3.7431	3.0607	7.0109	-7.0478	5.5639	4.4991	3.2331	-7.1549	2.5084	-4.9582	-7.4167	-5.9324	7.1106	-6.5155	-3.7725	-7.0212	-3.7219	-11.621	7.5468	-6.2425	-6.7681	-1.6028
-1.0929	2.7459	1.8374	1.0403	1.7986	2.5918	0.52236	1.376	0.81674	-2.358	-0.5055	0.11493	-0.17696	-0.20204	3.0108	1.8092	2.0527	-1.1663	0.38461	2.2984	2.8104	0.40687	-2.5585	0.65429	-2.8926
-3.3432	0.78121	4.0384	1.2268	1.7495	4.9179	-1.2359	2.2971	1.2692	-3.2214	-2.2146	0.77163	-0.49621	-2.1277	2.5407	4.4071	0.44247	-2.4464	-1.3078	1.45	0.58847	3.0558	-3.0709	-1.5559	-3.5518
-4.392	-0.66838	5.8971	1.6908	2.6406	5.5884	-3.6192	3.7675	2.2202	-3.3115	-3.0951	1.2673	-0.53922	-3.1073	0.62889	5.0078	-1.328	-2.9961	-3.0989	2.1331	-1.1562	4.2501	-5.6837	-2.1129	-3.7747
-6.178	-1.6952	6.7707	2.915	2.3085	7.5258	-5.1989	5.1921	3.7877	-3.5772	-3.35	2.0011	-1.8456	-5.3786	-1.6886	6.7163	-4.4913	-3.0726	-5.0139	2.5166	-4.0054	6.2739	-5.2968	-4.125	-4.415
-6.3636	-2.7907	8.7822	2.9262	1.546	8.5229	-5.765	5.243	3.7135	-3.2962	-5.1707	1.977	-2.6795	-5.855	-2.4335	8.1903	-6.0436	-5.0284	-6.9544	1.7115	-5.7488	7.1258	-6.8097	-6.1495	-5.1099
-7.8818	-5.1134	10.526	3.9949	1.7981	10.125	-7.2334	6.3167	3.8761	-2.659	-5.9215	1.8889	-3.7594	-7.5572	-4.6415	9.9071	-7.4183	-5.767	-9.4714	1.9122	-7.3708	9.6798	-6.8808	-6.7905	-6.6093
-0.36516	1.3626	3.7023	1.0232	0.28035	1.6235	-1.2566	4.091	2.9405	2.351	0.12158	0.38163	-1.6639	2.5923	2.58	1.9856	0.58064	1.4014	-2.9107	2.6456	0.067303	-2.4308	2.0036	3.121	2.6837
-2.8958	-1.0201	4.5289	3.0136	-1.1567	3.8736	-1.8564	3.8994	3.5933	2.9132	-2.2462	0.24535	-3.0179	0.060918	1.1282	4.2897	-1.34	-0.41747	-4.4987	3.2584	-2.7396	0.58134	1.6657	0.20143	2.1161
-3.161	-1.8368	5.467	3.6347	-1.4049	5.3807	-2.8867	4.5455	5.5723	3.8173	-3.4765	-0.062144	-3.1154	0.44957	-0.23463	5.2975	-3.0845	-1.3941	-5.3579	3.3823	-5.1881	1.1153	-0.65897	-1.1574	0.2519
-5.3607	-3.6594	7.1402	4.1928	-2.1885	6.709	-5.4032	5.566	7.4627	4.2484	-5.0139	0.082622	-4.4181	-1.805	-2.718	7.2197	-4.2461	-1.8923	-7.406	1.6804	-5.8197	3.0818	-2.1819	-1.905	-0.89456
-4.6869	-3.774	8.9954	5.5216	-1.6906	7.9193	-6.5573	6.3772	6.547	3.3939	-5.6365	1.0551	-5.207	-3.0629	-3.4737	9.124	-4.9176	-3.3274	-9.3491	3.065	-7.8558	3.3861	-2.7478	-3.8928	-1.4451
-7.0555	-4.7738	11.26	6.8315	-1.6911	9.5063	-6.666	7.8791	8.7806	4.9505	-6.9244	2.032	-5.4801	-3.9914	-5.0797	11.507	-7.8889	-4.312	-10.686	1.7876	-10.761	5.9432	-4.4262	-5.655	-3.2817
-0.73595	0.74327	0.88915	-1.1526	-0.23994	-1.2279	0.48176	-1.7918	2.6998	1.557	-0.80054	-0.22596	0.97637	2.6526	0.85324	0.24279	-1.5165	-0.46328	1.2427	1.7563	1.5324	-3.321	0.83377	-0.34983	0.48085
-2.3459	-0.24401	2.0444	-1.5812	-1.0276	0.65325	-0.16755	-0.96694	3.0271	3.5278	-1.784	0.50005	0.32947	-0.11317	-0.88975	1.9783	-3.691	-1.2781	-0.022657	1.5832	-0.049527	-2.0792	-0.80758	-1.5433	-1.439
-3.5495	-1.5445	4.3763	-0.046781	-0.70246	2.3545	-1.5188	-0.16243	5.1136	2.2908	-2.8935	0.60661	-0.46888	-1.7011	-1.8675	3.0835	-3.8604	-1.3006	-1.8057	0.95242	-1.3682	0.83804	-1.2293	-2.2888	-1.9787
-5.7932	-2.1474	5.3157	-0.68971	-1.3124	2.4006	-4.6203	1.5384	5.4021	1.874	-3.8347	1.0226	-1.0943	-3.1289	-3.4937	5.0961	-4.9482	-2.1697	-3.5635	0.8746	-3.6409	1.7997	-3.0175	-3.7501	-3.0294
-6.0113	-3.5998	7.6797	0.49111	-0.42752	5.0751	-5.5453	3.132	6.0499	0.85768	-4.6008	1.3341	-0.94286	-3.5721	-4.1214	7.7668	-6.9646	-4.0357	-5.5325	0.49198	-5.5235	3.1721	-4.002	-4.4596	-3.8659
-7.0603	-4.5862	9.1781	1.0915	-0.56607	6.358	-7.3785	3.9935	7.5376	1.5526	-5.6061	1.8077	-3.4645	-5.5076	-5.305	7.9498	-7.4612	-5.5497	-6.2214	-0.35019	-7.2313	5.1143	-5.4938	-6.3809	-4.8538
-3.4459	1.9177	-0.55507	-1.4232	-1.257	-1.0168	0.33745	1.548	-0.36447	0.13316	-0.35239	0.93751	3.5033	1.1735	-0.80273	1.785	-2.4124	-2.8058	-3.3936	-2.2853	-1.0215	-1.4878	-3.1551	0.66521	-2.0287
-3.6397	-0.062647	0.8671	-0.93136	-1.0925	1.4812	-1.2815	0.88574	0.49313	-0.75102	-0.85272	0.73495	1.8686	0.30582	-1.7266	4.2792	-3.4708	-3.9922	-3.1006	-3.121	-3.0125	-0.30742	-4.5721	-1.9036	-3.3017
-5.3596	-1.0427	2.0237	-0.50022	-1.6136	2.1184	-3.4683	3.2219	1.7901	-0.37151	-1.9956	1.2292	1.4374	-0.084254	-2.7051	5.6899	-4.8261	-4.9773	-6.1548	-1.6724	-4.5146	0.50503	-5.0854	-2.7726	-3.9974
-5.987	-2.5562	4.4721	1.0923	-1.2981	3.0786	-4.1152	3.2247	2.5695	-0.54907	-2.9778	2.3109	0.3055	-1.8836	-4.939	6.2118	-6.4085	-6.3496	-8.4001	-2.9705	-7.4967	2.4218	-6.521	-5.2071	-4.7083
-8.026	-2.9191	4.3533	2.5498	-2.656	5.7492	-5.5807	3.872	4.0252	-0.18983	-3.717	2.8919	-0.78693	-3.0206	-5.4083	8.0913	-8.4861	-7.1441	-9.9886	-2.4306	-9.5793	4.5112	-7.7915	-6.1545	-4.6
-8.4975	-4.5714	6.7398	3.0709	-3.2542	7.0836	-7.9701	5.0764	3.3845	0.59485	-3.9763	2.7787	-1.5886	-5.9083	-6.1435	9.8925	-9.6124	-7.2207	-10.953	-2.5039	-10.988	6.4428	-9.2744	-7.5249	-7.0885
-1.9206	0.40195	1.407	2.8857	0.344	2.9119	0.60081	0.54295	-1.2159	-0.25915	0.37337	-2.2798	2.9156	-3.0687	0.08104	1.9241	-1.1204	0.38831	2.6535	2.0976	3.2894	-1.9945	-1.3522	3.4026	0.86937
-3.3123	-0.53931	4.2302	4.0938	0.852	5.1795	-2.1293	1.4843	-0.7946	-0.86316	-1.1193	-2.4812	2.1894	-5.0983	-2.3228	3.4564	-2.4665	0.55708	-0.32165	0.78156	0.90029	-0.24157	-2.0729	-0.19031	0.074892
-4.7583	-0.96522	5.613	5.3734	0.21644	6.7286	-3.6282	0.9457	-0.14756	0.77204	-2.5668	-1.7703	0.83215	-6.6918	-2.1742	4.8905	-3.2691	-1.9276	-1.1006	0.067616	-0.13508	0.91934	-2.4302	-2.0927	-1.4818
-6.6901	-2.7405	6.8899	5.5919	4.0308e-05	8.1935	-5.1048	3.5009	1.1219	0.40081	-3.3506	-0.69214	-0.86148	-8.2491	-3.7307	6.959	-5.2553	-2.355	-3.6731	0.95995	-2.4531	2.6022	-4.3595	-2.8426	-1.3931
-6.9747	-4.3508	7.8817	6.4858	1.167	9.3264	-6.349	4.4627	1.1633	1.299	-4.3719	-1.2508	-1.8909	-9.5297	-4.2082	8.188	-6.5085	-2.7625	-4.8692	0.45443	-4.0152	4.3707	-5.57	-5.1978	-2.495
-8.8458	-4.8441	9.914	7.7999	-0.096625	11.416	-8.1923	4.8427	2.6023	0.78429	-6.0195	-1.632	-1.7337	-10.704	-5.6118	9.2126	-7.1789	-3.6637	-7.2886	0.67538	-4.7945	5.1488	-6.373	-6.6475	-3.6043
-0.61692	0.75918	1.8758	0.36604	-1.7411	-0.43555	0.5052	2.435	-0.20366	1.0052	0.63458	-1.6075	0.37132	0.6857	-2.332	0.57812	0.96894	-0.68249	1.7121	1.2186	-0.44781	-0.92276	-0.91421	1.9654	1.7802
-0.82006	-0.63748	2.3707	0.15013	-2.3636	1.3459	-1.5554	3.6573	1.1161	1.7226	0.097628	0.068562	-1.8075	0.062941	-3.2004	1.1473	0.045436	-1.4861	1.4996	-0.079044	-1.9921	1.3156	-2.7732	0.2579	0.68275
-2.407	-2.1577	4.3475	2.2254	-2.3672	3.1205	-2.5028	4.3592	2.904	1.7015	-1.7028	-0.055515	-1.1829	-2.4968	-3.8403	3.7641	-1.9445	-2.9266	-1.1215	0.46202	-4.1343	2.5197	-3.345	-0.81284	-0.013119
-3.1613	-3.4956	5.8646	2.0068	-2.2508	4.6231	-3.7325	6.0111	2.5198	2.5694	-2.4923	1.3842	-0.86792	-1.9795	-6.1129	4.9404	-3.5778	-2.8543	-2.4854	0.9333	-6.6937	3.4163	-4.1994	-2.7506	-0.65109
-4.0078	-3.6221	8.1481	3.1011	-2.0585	5.7546	-5.3594	6.6034	5.0622	1.0077	-4.2094	-0.14378	-2.7129	-3.3361	-5.888	6.5547	-4.5772	-3.1808	-4.8343	0.38059	-7.6837	6.056	-4.781	-3.552	-2.3098
-5.5153	-4.8628	8.6149	3.4806	-1.6396	7.4836	-6.4899	7.8455	4.9447	1.2459	-5.527	0.94468	-3.8317	-5.3198	-6.4079	7.486	-6.076	-4.5775	-6.6257	0.94382	-9.8992	7.9343	-5.7568	-5.1869	-3.789
0.21659	1.3766	2.7047	1.73	1.6914	-2.9747	-0.067716	0.68183	0.0094169	-3.437	-2.4072	2.1189	-3.5468	3.076	-3.2235	1.4534	-0.98787	-2.4572	1.1281	-2.199	0.19187	0.97784	-2.8928	-1.97	-2.537
-2.1862	-0.5882	4.7442	2.2357	0.87578	-0.41007	-2.77	1.6461	0.5196	-3.0585	-3.3751	1.9353	-4.9191	1.1207	-4.8711	2.653	-2.1635	-2.5398	-1.6313	-3.5211	-1.0606	2.4213	-4.0268	-4.1554	-2.31
-3.4848	-0.084749	5.7221	2.5271	1.5374	0.53972	-2.8427	1.9369	2.7426	-3.1676	-3.8715	3.3543	-4.754	-0.47472	-4.433	3.8799	-4.5906	-3.9654	-3.4177	-2.0707	-2.9656	3.5812	-5.583	-6.4773	-4.5236
-4.3272	-1.212	7.2233	2.5947	1.2191	2.1017	-4.5538	2.9647	3.2507	-3.3199	-6.0139	3.1278	-4.573	-0.53216	-6.3635	5.3087	-5.8617	-5.5353	-5.9263	-3.2748	-4.0345	5.3329	-6.0855	-6.8569	-4.8856
-4.9023	-3.486	9.4475	2.6643	1.1591	4.0279	-6.9221	3.9595	4.5104	-3.1935	-7.1967	4.2223	-5.6671	-0.88529	-6.655	7.6162	-8.1052	-6.4059	-7.4321	-4.7915	-6.129	7.9193	-7.3121	-7.803	-5.9664
-6.1484	-3.1907	11.416	5.7798	1.8189	5.2951	-7.4089	4.5251	4.3031	-2.7439	-8.7968	4.3855	-6.0556	-3.6512	-9.2192	9.5606	-9.2992	-7.5684	-8.4374	-4.0184	-7.6856	8.6133	-8.0385	-8.9241	-7.39
-3.0798	-0.70158	1.8625	1.4894	0.31556	2.5086	-1.9338	3.0065	-2.8302	-0.012108	-2.1257	-1.4065	-2.7163	1.1728	2.6676	3.0668	3.6864	0.12164	-1.6129	-2.5296	-0.23998	0.36144	2.0839	-2.8533	1.2102
-4.5131	-1.5519	3.604	1.0049	0.47646	4.5414	-3.305	2.2613	-2.1076	0.68783	-2.6824	0.76255	-4.146	1.0543	1.7319	3.9603	2.6335	-0.54866	-3.5476	-3.0662	-1.7092	2.811	0.35065	-4.2981	0.23911
-6.0477	-2.5915	4.6657	1.3643	0.29254	5.8802	-5.8568	4.3547	0.16091	1.6676	-5.7385	1.4744	-4.4503	-0.5584	0.5867	5.3946	0.39033	-1.9575	-4.9341	-3.7613	-4.5298	4.1913	-1.3417	-6.1922	0.0064441
-6.378	-4.4227	6.7447	1.6915	-0.51783	6.8674	-6.0957	5.3203	0.21769	1.1658	-6.6311	0.64845	-5.339	-2.33	-1.3139	7.2504	-2.1774	-1.5808	-8.3514	-3.1521	-7.0562	6.4768	-1.2122	-6.6651	-1.1184
-7.4932	-6.9492	8.9936	1.7777	-0.02845	8.3327	-8.0017	6.055	0.71827	2.4741	-8.024	1.6549	-6.2394	-2.0195	-1.9396	8.0124	-2.2219	-3.8268	-8.9904	-2.2998	-7.8312	7.5164	-1.3339	-9.3953	-1.9319
-9.7453	-6.7436	10.162	2.2592	-1.9434	11.258	-10.483	7.3638	3.1105	2.4248	-8.8508	2.3689	-5.7248	-4.181	-3.3048	10.174	-3.8175	-4.1971	-11.052	-2.9482	-9.9802	9.1495	-2.2636	-9.9146	-3.1114
-0.061058	-2.2372	3.1373	1.0364	0.02803	2.6896	0.59013	-0.45391	2.1458	0.81616	0.46631	0.85641	-1.4717	-2.0358	0.014557	2.7762	-0.45842	-2.8342	-0.11592	-1.6844	-1.001	2.7903	-0.29087	-0.87185	-1.1032
-2.3939	-3.1706	4.983	0.66249	-0.30904	4.9115	-0.18535	0.085739	2.8268	-0.30582	-1.32	1.5445	-1.3994	-3.0319	-1.4747	4.2335	-1.1153	-3.3333	-1.7879	-1.157	-2.6937	3.7854	-0.88492	-1.3147	-2.5345
-2.0883	-3.2616	6.2238	3.1467	-0.55076	6.1381	-1.5999	0.66274	4.2252	-0.46773	-2.2883	2.5607	-3.0551	-3.8417	-3.5108	6.1497	-3.8657	-4.4097	-3.9702	-0.1301	-4.4786	5.2653	-2.8195	-2.9132	-2.9836
-3.5664	-4.9692	8.3766	2.3718	-2.2073	8.0987	-4.776	2.9416	5.2796	1.2871	-4.5814	2.9657	-3.9708	-4.3474	-4.2961	6.8468	-4.2185	-3.914	-4.9514	-1.7098	-5.2905	6.5948	-4.2331	-4.0544	-3.1311
-3.9841	-5.2268	9.8157	3.936	-1.8956	9.336	-5.5242	3.4933	5.2651	1.8678	-5.1898	1.802	-4.4034	-6.4546	-5.507	8.9441	-7.11	-5.2487	-6.475	-1.6406	-7.7774	9.3735	-4.5656	-5.8889	-3.7783
-6.2434	-6.8668	10.868	5.369	-1.7743	10.981	-7.0264	4.2246	6.3131	1.59	-6.4861	2.4319	-4.8094	-6.8773	-7.1231	10.407	-8.1981	-6.3532	-7.9644	-2.3413	-8.9895	11.417	-6.2886	-6.7547	-5.9335
-1.7728	-2.0032	-2.3813	-0.38429	-1.474	-1.1099	0.47021	-2.1251	-0.18668	0.55154	-0.82157	1.4291	-2.5895	-0.16301	-2.7993	-2.4559	-3.7195	-1.9037	-2.5588	-2.237	-2.1878	-1.7595	0.026691	3.2828	3.0766
-2.8622	-2.0259	-1.209	-0.42334	-1.3122	1.3939	-2.8158	-1.6001	0.40111	1.7354	-2.4357	2.6311	-3.1239	-3.0637	-4.4387	-0.75524	-4.4861	-3.5918	-4.5163	-2.442	-4.0085	-1.0333	-0.72265	0.97351	2.2634
-4.443	-3.2784	-0.073595	1.6923	-1.7599	2.3753	-3.508	-0.7706	1.6368	2.2927	-4.2886	2.9121	-5.2613	-4.4322	-5.246	1.792	-6.1926	-4.8632	-5.4615	-1.8331	-5.8692	0.20584	-1.8602	-0.3698	0.27304
-5.0316	-3.9729	1.9415	2.1816	-2.1445	2.8392	-5.7639	0.47268	2.6328	2.4685	-6.2394	2.8558	-5.2526	-6.9258	-5.816	2.0828	-7.9969	-5.3229	-6.9782	-2.0536	-7.4869	1.9655	-3.7177	-1.1322	0.47063
-6.0017	-6.1114	3.6814	2.6198	-2.4274	4.5542	-6.3632	1.2583	2.5738	1.7512	-7.5428	3.893	-6.178	-7.2134	-6.9646	4.2281	-10.149	-7.0223	-9.0005	-2.4036	-9.3211	4.2055	-5.179	-2.6952	-1.0396
-8.4535	-7.7179	4.5576	4.1881	-1.4677	5.6249	-8.9753	1.4447	4.9029	2.935	-7.8848	3.7796	-7.0517	-9.3713	-9.3044	5.3627	-11.946	-7.71	-10.688	-2.4801	-11.064	4.8977	-6.821	-2.7256	-2.6223
-1.0899	0.048211	-0.544	0.52832	-1.6395	-1.7885	0.35205	-2.0335	-2.9015	3.1632	-0.78678	2.4968	0.32906	-2.6897	0.74352	0.80246	0.43347	0.65697	-2.2398	2.7535	-2.062	-1.5883	2.1004	2.1004	-0.96414
-3.4847	-1.0938	0.72645	1.5449	-1.3139	-1.4636	-3.3781	-0.69298	-1.9276	3.0732	-1.5913	3.5821	1.8189	-4.3567	-0.48095	2.2501	-1.6004	-0.13034	-4.2944	2.3115	-4.4694	-0.02061	1.051	-0.43279	-0.45655
-4.8484	-2.0143	2.4861	0.56617	-2.0523	1.0373	-3.5344	-0.26588	-1.5311	2.3516	-3.1401	4.8504	1.7241	-6.1417	-1.8524	4.9089	-2.1476	-1.7785	-6.052	1.1669	-6.6935	2.6636	-0.2993	-1.819	-1.7773
-5.7678	-3.5651	4.0966	0.82964	-2.34	2.5108	-4.8659	0.81119	-0.10265	1.9571	-3.9829	4.4195	0.034984	-8.2231	-3.7527	5.923	-3.4897	-2.9784	-7.0404	0.77583	-8.5438	3.2244	-2.8276	-3.7503	-3.043
-6.5387	-4.5801	5.262	1.525	-1.9633	3.0277	-7.0926	1.8802	0.63701	2.7274	-5.4208	4.6493	-0.48012	-8.1548	-4.3804	7.5796	-6.7457	-3.4712	-9.2137	0.82778	-10.792	6.042	-3.2568	-5.41	-2.8336
-8.5318	-5.5342	7.1834	1.6919	-2.5751	6.5511	-8.7429	3.577	1.4899	1.5438	-5.7973	3.9852	-2.1861	-10.269	-5.9726	8.8685	-7.9263	-5.1133	-11.114	0.5162	-10.611	7.5618	-4.3874	-5.9466	-4.0029
-0.97508	1.6668	2.5716	2.8304	0.6709	-0.77465	2.5226	-0.12494	2.3206	-3.0794	1.1147	1.6458	-2.6307	-0.18593	-1.3198	-1.1808	-0.84382	0.89419	-2.324	1.0696	-1.9027	-2.1526	-1.6563	-2.4547	2.7112
-1.9062	-0.096001	4.7378	1.9424	0.036589	1.5165	-0.17022	0.92542	3.905	-2.8052	-0.93291	1.6653	-3.488	-2.8537	-2.8188	0.78377	-2.1165	-1.4114	-4.1678	0.89731	-3.2702	-0.36746	-2.508	-3.6044	2.7685
-3.4989	-1.5568	5.6567	3.4011	0.3414	2.4492	-1.2781	2.1257	5.1039	-2.3976	-2.691	2.4898	-4.2392	-5.5234	-3.3692	1.5508	-3.4313	-1.5167	-6.2184	0.54957	-5.4437	1.3972	-2.9973	-4.6066	1.7047
-4.4132	-3.0611	5.9105	4.2433	-1.1165	3.7955	-4.74	2.9909	5.8123	-2.8083	-5.1551	2.8958	-3.9896	-5.0546	-5.0018	3.0069	-5.1775	-2.5947	-7.7104	-0.89196	-6.3003	2.823	-4.7373	-6.4372	0.099397
-6.4919	-3.8975	8.8519	5.9124	-0.86713	5.0286	-5.8972	3.1792	5.9288	-2.9058	-5.4566	2.3292	-5.6381	-7.4992	-6.8134	5.7363	-7.6404	-5.2562	-8.3937	-1.1062	-8.1667	5.36	-5.9203	-7.7524	-0.87514
-6.6997	-5.992	10.861	4.8985	0.64573	7.0092	-6.5186	4.4556	6.96	-1.6111	-7.8403	4.2392	-6.1983	-8.0334	-7.7813	7.6145	-9.2095	-5.4324	-10.405	-1.1865	-9.4051	6.4838	-7.3975	-8.2423	-1.3799
2.7928	2.121	1.9145	-1.5758	-0.95176	-1.8857	-2.5722	-1.4677	1.4574	0.42592	-0.53119	-0.85566	-2.0031	-0.35156	1.2659	1.2153	-0.040474	1.8154	0.68916	-1.8411	0.14699	-1.386	-2.9704	-1.7694	-2.3758
1.7662	0.87372	3.2685	-1.4219	-2.0558	-1.3568	-5.7957	-0.13031	1.7008	1.3828	0.27602	-0.2706	-1.8828	-1.2372	0.15267	3.711	-0.81053	0.5804	-1.9253	-2.1007	-1.746	0.78755	-3.7047	-3.3507	-3.081
-0.40342	-0.57798	3.9914	-1.2322	-2.2386	1.085	-6.4425	1.9965	2.991	-0.26033	-2.3857	0.16273	-3.4498	-2.6753	-0.92914	4.3316	-2.7314	-0.52105	-2.8611	-1.0938	-3.7103	2.516	-4.4101	-4.9712	-3.592
-1.2218	-2.0476	6.3478	-0.090493	-1.7206	2.8599	-7.8267	1.802	3.9364	0.52297	-4.1533	1.4241	-3.9797	-3.8721	-2.9939	6.6797	-5.4642	-1.392	-4.5797	-2.5025	-5.6229	2.9695	-6.259	-6.5178	-4.3263
-2.0642	-2.7895	7.8995	0.54371	-1.8742	4.0846	-10.015	2.5402	5.6694	1.8582	-5.3167	1.0094	-4.4513	-5.5426	-4.3344	8.1069	-6.6179	-1.9481	-7.4113	-2.6819	-7.5363	6.0325	-6.9532	-8.6202	-6.2228
-3.3538	-3.6384	8.9723	0.77593	-2.2887	6.1761	-11.191	3.745	7.8322	1.7195	-6.4444	0.74019	-4.9895	-7.1088	-5.0367	8.9658	-8.415	-3.6678	-7.7075	-2.8348	-9.0477	6.5095	-8.59	-9.8618	-6.0573
1.0396	-1.3812	1.2333	-2.2639	-2.544	-0.40502	-0.28716	2.0187	2.4587	-0.68242	-4.0214	1.7866	2.3607	3.0334	-3.0642	-0.056879	0.81971	0.86646	2.0894	1.5857	2.3075	-1.767	-0.15973	-2.4312	-2.8246
-0.95469	-2.6528	2.688	-0.7241	-3.2211	1.5658	-3.3087	4.0374	2.8887	-0.15132	-4.8077	1.6418	1.1965	1.3906	-4.6715	2.1309	-0.42651	2.0721	-0.46172	1.6741	-0.64536	0.93733	0.29349	-3.809	-3.471
-1.7925	-3.7777	4.5339	-0.89126	-3.7819	3.3847	-4.0069	3.9168	4.7605	0.7666	-5.6705	0.98013	0.69656	-0.44762	-5.0987	2.9348	-2.3229	0.7455	-2.2656	1.2857	-0.96834	3.1602	-1.3952	-5.0645	-4.1637
-2.5302	-5.4154	6.2416	-0.64265	-3.7039	4.5859	-5.242	5.8019	5.5251	0.37211	-7.3843	2.5814	-0.55522	-1.304	-6.1219	3.9948	-4.3449	-0.41148	-3.318	0.90668	-2.9672	4.7352	-3.1454	-6.6193	-6.4617
-3.2259	-5.8357	7.3118	1.1537	-3.7084	6.8732	-6.5753	6.6558	6.0151	-0.42997	-9.3302	2.0231	-2.8591	-3.2564	-6.3132	5.6164	-6.9252	-1.2253	-5.3256	0.64528	-4.5136	5.5348	-3.7938	-8.454	-6.5277
-4.9959	-6.5534	8.4512	1.4862	-4.8302	7.9715	-8.1362	7.0678	7.2017	0.67166	-10.072	3.7499	-3.1216	-4.8624	-7.6781	6.8861	-8.9168	-2.6649	-7.0322	0.38192	-6.878	7.8187	-5.5554	-10.138	-7.731
2.7059	-1.2258	1.0805	2.2671	-2.0939	-2.3658	-0.85345	2.3591	0.020515	-0.89051	-2.261	0.049074	-1.2044	-2.2331	-0.13433	-2.3656	0.1313	-3.9429	0.18125	2.1609	-1.7991	-0.3886	0.67223	-2.7089	0.62878
2.7549	-2.448	2.1085	4.361	-1.7878	0.18362	-2.7048	4.2888	0.4163	-2.2239	-3.161	-0.5321	-2.0045	-3.1714	-1.7504	-0.60285	-0.35057	-3.9572	-1.2467	2.1486	-3.0891	0.80357	-1.0518	-4.084	-0.69282
0.3753	-4.115	4.6714	4.0122	-3.196	1.7494	-5.1866	5.5426	1.489	-1.3043	-5.0529	-0.34145	-3.0088	-4.2278	-1.7917	-0.086885	-3.3975	-4.6008	-2.1296	2.5298	-5.5077	3.2524	-2.6269	-5.2092	-1.973
-0.47189	-5.1553	5.0171	4.9818	-4.1889	3.251	-6.3344	6.0761	2.5343	-1.1644	-5.3152	1.5475	-3.2673	-4.3557	-3.982	2.5221	-5.8987	-5.6482	-5.4904	2.2387	-6.8855	3.9815	-4.0552	-7.9917	-3.3445
-2.5277	-5.4451	6.8295	6.3521	-4.0171	5.0337	-7.386	7.3281	2.8346	-0.24211	-5.9075	0.80897	-4.0943	-6.0951	-5.956	3.1924	-7.1809	-6.597	-5.6201	0.85372	-8.2977	5.891	-5.4021	-8.2604	-3.4479
-3.9162	-7.1463	8.8371	7.6022	-4.0536	6.5735	-8.9329	7.1672	4.3573	-0.1485	-8.7354	0.7845	-3.9294	-7.2577	-7.3342	5.6797	-7.9534	-8.1276	-8.5889	1.6937	-10.967	7.0041	-6.8905	-10.092	-4.2397
1.2372	-2.4377	2.8222	2.9937	2.2483	0.53429	-1.0861	1.5584	-0.47272	1.9565	0.97515	-0.002737	-2.3618	-2.4622	-1.4875	1.1854	2.7082	1.4812	0.99468	-1.6329	0.17953	1.6276	-0.013271	3.0219	-2.4973
0.44784	-3.119	3.2158	2.5872	1.7372	1.6671	-1.9119	2.1789	-2.3203	2.5919	0.18516	0.63147	-3.3434	-3.5041	-3.2349	3.6473	0.71851	0.21903	-0.16901	-2.4211	-1.9104	3.8434	-1.9871	1.4376	-4.1416
-0.83475	-3.9932	5.2051	4.4104	2.2874	3.1927	-5.3765	3.6842	-0.40083	4.6154	-1.9248	1.8153	-3.6429	-5.2223	-4.726	5.3967	-0.94723	-0.32539	-2.1669	-2.5238	-3.2154	4.687	-3.2591	0.73927	-5.0879
-2.8311	-5.0962	7.1782	5.1965	2.2254	4.9178	-5.6432	4.4027	0.75541	3.7988	-3.1615	1.8498	-4.7205	-6.1689	-5.353	6.6782	-2.2252	-0.87044	-4.5584	-2.9528	-6.4185	5.9761	-4.7889	-0.70864	-5.579
-4.9802	-5.4147	8.9431	5.9782	2.7607	7.2445	-7.1107	5.1218	0.97722	3.7286	-5.2558	2.8454	-5.1388	-7.7576	-6.684	8.363	-4.1024	-2.1129	-5.6975	-3.3637	-6.946	8.1877	-5.2936	-2.6321	-5.5374
-4.2953	-6.3474	9.1592	6.0802	2.1822	7.6935	-8.9627	7.1086	2.58	5.6082	-6.6043	2.5901	-6.1084	-7.951	-6.257	9.3573	-5.8205	-3.1396	-7.8004	-3.8105	-8.4331	9.7746	-5.6631	-3.9456	-7.8513
-0.99211	-0.035026	-1.9483	1.2199	0.68064	-0.098487	1.7249	2.015	1.9006	-0.68342	-0.87385	1.4789	-3.1946	-1.9862	-0.47097	1.1397	4.1132	2.0503	-1.954	-1.3776	2.2059	2.3224	0.31707	-2.0149	-3.3832
-3.0179	-1.0266	-0.52578	1.6561	0.22094	2.3279	0.31339	3.6584	2.581	-1.6397	-1.8569	1.2948	-3.2231	-4.193	-2.2789	1.7179	2.0972	0.40586	-2.1215	-1.9453	0.74379	4.0362	-0.22895	-3.4052	-4.4149
-3.9595	-1.8799	0.42764	3.0695	-0.6092	4.0272	-1.0328	3.9035	4.16	-1.0718	-3.8814	2.0286	-4.3417	-4.8535	-3.9603	3.7082	-1.1915	-0.96954	-4.0529	-1.5744	-0.70337	5.1703	-2.803	-3.6817	-4.5193
-5.3546	-3.4515	2.0684	3.8794	-1.7739	4.7327	-3.1423	4.3716	5.1173	-1.2366	-5.1849	2.7555	-4.7987	-6.2265	-4.2265	5.5154	-1.9388	-2.1031	-5.0445	-1.5509	-2.343	8.0162	-3.0721	-6.7915	-4.7748
-5.6934	-5.0544	3.2566	4.291	-0.77457	6.6881	-5.8312	5.7499	5.1035	-1.8276	-5.5484	3.0791	-5.5501	-7.1684	-5.4058	6.4621	-3.0137	-1.4849	-5.9803	-1.6045	-4.8599	7.475	-4.1278	-7.7123	-6.1608
-7.05	-6.1837	5.6584	5.8643	-0.66972	7.9445	-6.1592	6.2367	5.7337	-0.83029	-7.5248	4.3288	-5.9429	-7.6211	-7.5866	8.719	-4.0767	-2.5611	-8.3451	-1.5903	-7.7747	9.0784	-6.4857	-6.8673	-7.2591
2.2459	0.59676	2.6855	-2.3296	0.15436	-1.4875	2.1832	-1.1784	-0.63481	-0.85519	2.3666	0.19286	-1.8908	-1.1086	-2.3722	1.2993	0.30311	-2.273	-2.2259	0.56255	2.5657	0.85454	-3.5121	-2.7542	2.2556
0.92985	-0.15292	5.6353	-1.7659	0.52647	-0.59869	1.4009	-2.4209	1.2326	-0.24689	1.306	1.1712	-3.2179	-2.5027	-3.0692	1.8072	-1.0879	-3.3044	-3.3361	-0.66514	0.17457	1.5238	-3.4157	-4.525	2.0916
-0.73321	-1.0686	6.4224	-1.389	-0.10467	1.631	-1.5249	-0.8759	1.4628	-1.2295	-0.4714	1.7062	-2.1177	-4.301	-3.4504	3.8976	-2.5398	-4.5568	-5.7604	-0.47413	-1.3893	3.1001	-6.2674	-5.5762	-0.36262
-1.2001	-2.0524	7.2412	-0.54231	0.62019	3.6784	-2.766	-0.052353	2.3904	-0.40953	-2.0045	1.7784	-4.2518	-5.6221	-4.7775	5.7004	-4.8239	-6.1342	-8.06	-0.26485	-4.8276	4.9437	-7.208	-8.5038	-0.25422
-2.6308	-2.357	8.9454	1.2358	-0.48542	6.482	-4.7422	1.135	3.3206	0.56288	-2.6355	2.6756	-4.7561	-8.6472	-4.9768	7.7263	-4.6638	-6.8807	-8.3765	0.033703	-6.1722	7.2688	-7.5877	-7.7915	-1.2434
-4.4326	-3.5564	10.184	2.457	-0.65842	6.1424	-4.943	1.0793	3.3151	0.67719	-3.1696	4.0601	-5.4994	-9.5803	-7.4062	9.0723	-7.9144	-9.0045	-10.461	-0.81896	-7.3052	8.4376	-8.6903	-9.3552	-2.4722
-0.39794	-0.33251	2.8573	-1.4989	-0.32199	1.0107	2.8316	-0.77402	0.84542	3.2709	-2.8139	0.020039	-1.1956	-1.2848	-0.2506	1.9744	4.275	-2.4364	1.721	-1.6351	3.3316	2.1473	-0.51432	0.91263	-1.3003
-1.6792	-1.9904	3.9559	-0.80506	-0.16723	2.6562	0.27173	-0.16122	2.0199	4.4253	-3.2327	0.99776	-0.5933	-2.1857	-1.987	2.2633	0.89657	-3.0415	0.099727	-1.6957	0.51383	2.4793	-1.5962	-0.54119	-1.3446
-3.2514	-3.0985	5.0111	1.7893	-0.83204	4.2851	-1.5834	0.020688	2.8492	4.0002	-4.8047	0.86729	-1.9428	-2.5741	-3.6232	4.1075	-0.44498	-3.2255	-2.1602	-1.3773	-0.7787	4.1595	-2.7892	-1.8537	-1.1708
-3.2969	-4.4818	7.0832	1.8571	-0.10323	5.6062	-3.3945	1.0891	3.2178	3.7939	-6.2807	2.5061	-2.8303	-4.4598	-4.2106	6.8026	-2.8217	-3.8207	-4.1684	-2.7423	-3.1016	6.6564	-4.6811	-4.1664	-2.4073
-4.6057	-6.4342	8.02	3.3831	-0.087901	6.8236	-5.1991	2.0909	4.7016	4.8999	-6.3748	1.7253	-2.9116	-5.5772	-5.7132	8.2496	-4.5046	-4.2573	-6.1307	-1.3777	-4.3318	7.112	-5.8302	-5.767	-3.831
-4.6695	-7.5947	9.672	4.0778	-0.95788	9.1393	-5.9118	3.15	4.1141	3.9304	-6.9816	1.8194	-4.186	-6.4666	-6.6332	9.4407	-5.6062	-4.8386	-7.3344	-1.5665	-6.3464	10.245	-7.3569	-7.1981	-4.5248
2.193	-1.3829	-2.959	-0.03931	4.0232	-2.183	-0.41676	0.55128	-3.0465	2.9624	1.7889	1.0826	-2.8487	0.33555	0.15024	3.8788	2.6072	3.1269	1.5184	-1.1374	2.2593	0.031698	-1.9451	-0.72571	0.59999
0.13837	-1.2205	-1.3606	1.2301	2.9761	0.22331	-2.1134	2.647	-2.5152	2.32	0.18042	0.88996	-3.0531	-1.144	-0.79408	5.3885	0.037552	1.5888	-0.5434	-1.9423	0.13799	2.0164	-3.3657	-2.2559	0.050673
-0.58544	-3.3758	1.154	1.6036	2.764	1.2858	-2.8376	3.5794	0.13203	2.1823	-1.3817	0.23378	-3.2184	-2.1766	-1.9224	5.5906	-1.3439	1.2742	-2.6687	-0.50275	-2.0883	2.3291	-4.1176	-2.9415	-1.1996
-2.4758	-3.868	2.745	2.6187	3.5238	3.5834	-5.5883	4.2465	0.89021	2.8615	-2.2433	1.9598	-3.9427	-4.4504	-2.7078	7.6893	-3.4353	0.92136	-4.2852	-1.9434	-3.515	4.6896	-5.3485	-4.3727	-1.5364
-3.5758	-4.7772	3.7153	3.5393	1.2681	5.4505	-5.6609	5.5922	2.4172	4.2782	-4.0186	1.6209	-4.9625	-5.3074	-5.037	9.4847	-4.5264	-0.071539	-5.9432	-1.9554	-5.0615	6.315	-5.9402	-4.8055	-2.3518
-4.7434	-5.055	6.2087	3.266	2.3837	6.1838	-7.3307	6.7181	3.0606	3.8254	-5.9795	1.8055	-6.5625	-6.5966	-6.236	10.575	-6.9555	-1.394	-7.9513	-2.3149	-7.3606	8.2563	-6.5116	-7.015	-4.37
-0.049853	2.0763	3.1235	1.8516	0.20785	2.2926	-1.3416	-2.9897	-0.43338	0.42834	-0.48034	3.4389	0.80418	-1.2511	-1.1024	1.4356	-2.2555	1.1603	-1.5265	0.072136	-1.6893	-0.99653	1.1951	-1.5899	-0.84523
-0.80335	-0.48947	4.9678	4.5135	-0.013696	4.8952	-4.5615	-1.5502	-0.88837	0.81736	-1.6711	4.3375	-0.72565	-1.7351	-0.86137	2.9204	-5.1725	0.32947	-3.3887	-0.06398	-3.3818	0.082303	-0.60814	-2.947	-2.1529
-2.7431	-1.3187	5.7932	4.8477	-0.86615	6.9567	-5.5488	-0.83473	0.63551	1.0583	-2.3661	3.3059	-1.2921	-2.4933	-1.3723	5.1771	-6.0958	-0.36675	-6.4031	-0.43596	-5.7999	2.06	-1.6849	-4.1355	-2.2889
-3.1669	-1.6788	8.1859	5.4555	-0.21918	7.8334	-7.7848	-0.28948	1.5489	0.1406	-4.1223	3.8396	-1.1991	-5.0765	-2.2079	4.7295	-8.347	-0.79058	-7.5305	-1.5391	-7.5117	3.8391	-2.954	-5.9425	-3.6658
-4.4114	-3.3137	8.8748	5.4564	-1.8265	9.6667	-10.189	1.5005	1.7432	-0.041176	-5.2627	4.7009	-2.3098	-6.1591	-3.6177	7.5801	-9.8405	-2.3917	-9.7363	-0.43276	-9.0531	5.7719	-4.6646	-7.3704	-5.5589
-5.489	-3.4717	10.628	7.3158	-0.72075	10.639	-10.807	2.8047	3.3119	0.13783	-6.3854	4.7961	-5.2715	-7.4958	-4.928	9.0351	-11.583	-3.8252	-11.903	-0.99267	-10.223	7.3733	-5.6198	-9.3742	-5.0526
-1.9054	-1.939	-0.61163	2.5114	0.038496	0.15331	-3.1302	2.9811	-0.51773	2.4555	0.39357	-0.89167	1.5349	2.3547	-0.42608	1.7369	3.2785	0.21768	-1.1017	0.70414	2.1015	1.3963	-1.0665	2.0636	2.1305
-3.0094	-3.3379	0.65306	3.0404	-0.24708	1.276	-4.4402	3.1601	1.5021	1.5799	-0.28728	-0.010146	0.9043	0.45081	-0.17204	3.336	0.21374	-1.3499	-2.7174	0.18704	-0.26798	3.824	-0.9482	-0.3052	1.7192
-3.5775	-3.5786	1.9121	2.666	0.072672	2.3908	-5.5862	4.2944	1.091	2.4723	-1.1829	-0.032503	-0.19858	-0.00013621	-2.8204	5.3051	-1.0629	-1.4203	-4.6355	-0.013143	-1.6441	4.0343	-1.9071	-1.3698	1.3728
-5.764	-5.3359	3.7328	3.4517	-0.70488	3.2487	-5.7069	5.9793	1.9306	3.8501	-2.3439	-0.67919	-0.27151	-2.143	-3.5739	6.5476	-3.8009	-2.6267	-6.8996	-0.54584	-1.9001	5.9379	-2.9859	-2.5298	-1.1021
-7.1329	-6.388	5.5648	4.2677	-0.454	5.6458	-6.8505	6.6022	4.0749	4.5144	-3.6294	0.83841	-1.387	-3.1311	-5.3841	7.9728	-4.8451	-4.2816	-7.5756	-0.88056	-3.7892	8.397	-3.814	-4.4774	-1.6543
-7.2753	-6.9888	6.8094	6.3078	-1.1877	6.6084	-9.3691	7.2445	4.6759	4.1602	-3.4519	0.65299	-2.5549	-2.9259	-5.7186	8.9584	-5.9149	-4.7128	-9.7847	-1.4813	-5.8855	10.573	-5.7042	-5.9799	-2.398
-0.98851	0.40632	-2.044	-3.1038	-2.8287	-2.8029	-0.31938	-3.0152	2.3111	1.1656	-3.592	-3.0634	-1.2447	0.014545	-1.9466	-3.6442	1.3744	-0.57842	1.7727	0.15202	-0.0073088	-3.1982	-3.1134	-2.7861	0.67071
-1.5473	-1.0566	0.055508	-2.0952	-2.0228	-0.42767	-2.2734	-2.5439	4.0739	1.2857	-3.3174	-1.1693	-3.0909	-1.5519	-3.1502	-1.5468	0.31503	-2.4066	0.2642	-0.87511	-2.0337	-2.0757	-3.2637	-3.4783	-0.025224
-0.89236	-2.515	1.3607	-1.8061	-2.4599	0.99461	-2.8713	-1.1308	4.2827	0.10388	-4.853	-1.7177	-3.5545	-2.2788	-4.1747	-0.13283	-0.97255	-3.4186	-1.7136	-1.203	-4.2066	0.24094	-4.9293	-6.0666	-1.2357
-3.9	-3.7745	3.6689	-0.48746	-3.0234	2.4737	-3.2235	-1.0698	6.2299	0.28024	-5.8732	-0.70062	-4.6634	-4.065	-3.8813	1.0113	-3.5848	-4.0161	-3.3004	-1.2247	-6.3775	1.4278	-6.1357	-6.655	-1.6898
-4.8666	-4.6624	4.6176	-0.6174	-2.2123	4.0277	-5.9744	-0.43362	6.4179	1.1523	-6.0025	-1.9929	-6.1171	-5.2393	-5.1075	2.6688	-5.246	-5.4633	-5.2396	-2.4781	-8.2127	3.2373	-6.5953	-8.4481	-1.4532
-6.6163	-7.4584	7.4326	-0.15944	-2.0916	5.8219	-6.0752	1.5606	7.4878	0.11326	-7.4735	-0.27194	-6.65	-7.3894	-6.4413	5.2012	-6.3855	-6.2617	-7.0557	-2.4558	-8.4968	4.9499	-8.2645	-9.6168	-2.5977
-1.2286	2.3409	1.7394	3.3823	-0.19738	-0.4267	-1.9526	-0.2611	1.4898	-1.6327	-0.44508	0.036159	1.9221	-2.1206	1.4227	0.55577	-0.47943	3.0775	-0.96057	-2.1044	1.0733	0.94032	-1.6028	2.0463	4.0041
-4.0676	1.1303	3.5102	3.6528	-0.93675	-0.37014	-3.8437	2.1261	3.1476	-0.87264	-2.1596	0.8966	1.3814	-4.3687	1.1484	2.8295	-2.0802	1.1778	-2.1448	-1.6388	-1.6434	1.7398	-2.18	0.90954	2.5489
-4.6076	-1.5025	6.5213	4.3178	-0.29729	1.4444	-4.81	2.904	3.214	-1.5008	-3.6545	1.5489	1.1488	-5.4996	-0.6126	3.8322	-3.9404	0.50092	-3.4689	-2.8829	-3.1949	3.9452	-3.1157	-1.4794	1.1726
-5.2171	-2.7563	8.2487	3.6692	-0.55765	3.5993	-6.2245	2.7002	5.0243	-1.6486	-4.6592	2.241	0.32978	-6.6379	-1.6474	4.7193	-5.5105	-0.85181	-4.9028	-3.1719	-5.1932	5.4213	-4.5435	-3.0883	0.7612
-6.7787	-2.6953	8.2849	5.7243	-1.2978	4.6753	-7.8805	3.729	6.6551	-1.1749	-6.2209	2.218	-1.8731	-7.3491	-2.5693	5.6967	-6.3556	-2.3925	-7.6193	-2.4068	-7.143	6.0936	-5.4085	-4.9621	0.20499
-7.5647	-4.4312	10.613	6.7684	-1.6533	5.7448	-10.469	5.0293	6.8741	-1.2491	-7.8787	2.2374	-1.5136	-7.7618	-3.6807	7.9872	-7.2935	-2.4377	-8.0068	-2.1724	-9.2489	8.2678	-6.4037	-6.5444	-0.38493
3.0839	-3.1839	-0.6977	-2.8162	1.4328	-1.9771	-0.92763	2.2536	0.34606	-1.0138	-2.0786	-0.98116	2.6354	-2.1719	-0.67839	2.1275	-3.0412	0.92197	2.4866	-1.0819	-2.7164	0.63932	3.6564	0.48835	2.8917
2.2651	-2.8575	-0.6671	-1.8894	0.9306	-1.1571	-2.87	4.0401	1.8425	-1.5607	-3.2812	-0.45214	2.2119	-4.059	-1.5451	3.8094	-4.0239	0.32304	2.3451	-1.2548	-3.61	4.2696	1.0992	-0.90798	1.2882
-0.093633	-5.0685	2.1882	-0.21367	0.52038	0.92234	-4.5452	3.9236	1.3403	-1.5176	-4.4867	-0.14929	0.97924	-5.5043	-4.0383	5.6592	-5.4944	-0.93865	-1.0278	-1.0957	-6.4727	4.4459	0.55384	-2.618	0.090707
-0.44754	-5.3351	3.0849	0.54374	-0.12937	2.5524	-6.6191	5.9496	1.8322	-1.5636	-6.6729	0.42821	-0.21085	-6.6346	-5.2276	6.8222	-7.049	-0.9676	-2.3548	-2.5493	-8.3196	6.2999	0.13263	-4.6567	-0.42766
-2.5686	-7.9019	4.7084	0.12243	-0.81088	4.4143	-7.304	6.945	3.5868	-1.0911	-6.8767	0.65481	-0.99771	-8.1113	-5.8853	8.1511	-8.5127	-3.3061	-2.8426	-1.7233	-10.348	7.5093	-1.4821	-7.6725	-0.86196
-2.6847	-8.5773	5.9404	0.82889	-0.76511	4.652	-8.7567	8.3007	3.9229	0.63695	-9.1778	2.3374	-1.608	-9.7627	-8.2315	9.5389	-10.313	-2.5627	-5.7953	-1.7334	-11.657	9.3977	-2.4732	-8.3648	-1.3575
-2.0809	1.7189	-0.1169	-0.57207	-2.595	0.81949	0.65889	1.308	1.3645	-2.6438	3.2812	0.12006	1.9662	1.3053	2.2149	-1.5551	-1.0771	0.47493	2.9465	1.2516	3.8648	1.1282	0.62487	1.3728	-2.1454
-2.9053	0.94614	1.2833	-0.066936	-2.8803	3.3058	-0.5602	2.0707	1.8415	-3.2371	1.6588	0.65519	0.61376	0.79876	0.49151	-0.65224	-2.1849	0.64825	1.3906	2.0609	0.14188	1.2786	-0.30535	1.1102	-4.1783
-4.7948	-0.33099	1.9668	1.2214	-2.7306	5.9035	-1.6862	3.7218	2.9256	-3.2778	-0.10114	0.27876	-0.34218	-1.3918	-0.23925	0.76391	-3.8038	-0.65599	-0.32092	2.5251	-0.20388	3.2723	-1.9773	-0.12823	-4.692
-5.6338	-1.7607	4.3746	2.7878	-2.3041	7.115	-3.8208	3.7504	3.6776	-2.9949	-1.2868	0.98395	-0.78748	-1.8089	-1.2776	2.2123	-6.0351	-0.58889	-3.163	1.6704	-2.8522	5.5964	-2.5715	-2.27	-6.7329
-6.6498	-3.1404	4.8394	2.844	-2.8406	8.4191	-5.6817	4.1884	4.4295	-2.8505	-2.2347	1.4252	-1.1816	-2.4694	-2.6045	5.1694	-7.7964	-2.5634	-4.052	2.7522	-3.9547	6.5992	-3.6692	-2.8466	-6.7572
-9.3661	-4.264	6.9541	3.8025	-2.9459	10.294	-7.5494	5.8966	5.842	-2.6351	-4.6036	1.6927	-2.3862	-4.4742	-4.3965	5.7137	-8.6894	-3.4934	-6.1393	2.2909	-6.2501	7.945	-4.7155	-4.0723	-8.2917
1.4845	-0.33864	-2.1438	1.4317	-1.604	-1.7159	0.08249	-1.2911	-0.82143	-0.070188	-0.57107	-1.3107	0.88702	-1.8028	-1.447	-2.335	-1.5016	1.9313	-1.52	1.8638	0.85455	2.7136	2.1191	-1.2914	-0.5742
0.53887	-2.1261	-0.76434	2.6417	-1.9048	-0.38896	-1.264	-0.7398	-0.73886	-0.44402	-1.9031	-1.8876	-0.64179	-3.2669	-2.9236	-0.73657	-2.4757	0.9632	-3.733	0.65503	-0.58931	3.9253	1.3678	-1.8809	-1.7872
0.2372	-2.6809	0.064608	3.8638	-2.596	1.2967	-2.2467	-0.15678	0.1383	0.45592	-3.0986	-0.16224	-1.4907	-4.3636	-3.3761	0.54118	-4.0306	-1.3146	-5.6844	0.16062	-2.2989	5.9521	-0.28552	-3.5137	-3.319
-0.79113	-3.5449	2.2816	4.0106	-2.026	1.6152	-4.0208	0.50142	0.82557	0.10615	-5.0602	-0.14432	-0.57179	-6.624	-4.2719	2.1767	-4.7798	-3.1547	-7.755	0.93351	-3.9802	7.1358	-2.0018	-5.1038	-4.7625
-3.029	-6.0499	3.0279	4.4057	-2.6752	4.1334	-5.3644	2.8775	2.9443	-0.39573	-6.8028	0.57525	-2.2546	-7.1499	-6.3634	3.6111	-7.0674	-3.0132	-8.7996	0.43489	-6.8868	9.7861	-3.1676	-6.0106	-6.317
-2.741	-5.3834	6.1646	5.5389	-2.8158	6.0378	-6.9603	3.1125	2.9428	0.58749	-9.2334	0.44843	-2.9779	-9.4825	-6.6048	5.9314	-8.2806	-3.634	-11.388	1.0738	-8.2556	11.017	-4.1026	-7.463	-6.1023
0.21369	-1.4139	1.185	2.3112	0.15094	-1.9196	1.4699	-1.9472	0.53532	-0.014248	0.51562	3.1336	1.4656	3.0879	-1.2941	0.059352	-3.4341	2.3766	0.21348	2.6776	2.7157	3.0238	-0.63881	-2.2937	0.18194
-1.9222	-1.1853	3.5436	2.4546	0.097337	0.33592	-0.95556	-0.39294	0.77144	-0.51388	0.10564	2.865	0.80834	0.64827	-2.9794	1.251	-5.1757	0.38876	-2.3198	1.7908	1.517	3.5737	-1.7217	-5.7271	-0.35469
-2.9005	-1.809	5.9904	4.2818	-0.09292	1.4633	-2.6742	0.90439	2.2593	0.60586	-1.5515	3.1036	-0.085781	-0.67206	-4.3338	2.5621	-6.4966	-0.32561	-2.4636	0.97332	-0.24387	5.5702	-2.0792	-6.4997	-0.26433
-4.4064	-4.3117	6.7596	3.5026	-0.60557	3.925	-3.7788	0.64782	3.6897	1.0471	-1.2711	3.7618	-1.3802	-2.538	-4.842	5.3353	-8.217	-1.1506	-3.9186	0.1473	-2.1524	7.3276	-3.6463	-8.2296	-1.5192
-4.5396	-4.5751	8.8191	4.513	-0.19909	4.7049	-5.4893	2.3294	4.3097	0.78547	-3.6004	4.7463	-1.7391	-3.286	-6.0498	6.506	-10.396	-2.8657	-6.5225	0.63012	-4.4357	8.7512	-4.1017	-10.209	-2.2717
-6.5355	-4.0948	10.401	4.9334	-0.5952	7.4929	-6.6166	3.0002	4.4104	2.1147	-4.9723	3.5858	-2.163	-4.8471	-6.9264	8.381	-11.299	-4.1396	-6.7881	0.32789	-6.4656	9.2281	-6.8537	-12.164	-3.1707
-2.4228	-1.8705	-0.46359	-2.2285	1.2946	1.5393	-0.61741	-0.18921	2.5324	0.76791	2.8004	2.3638	-0.8085	0.25935	0.3868	0.66387	1.5256	1.4289	-2.4442	2.2786	-3.2829	-0.39865	0.70474	1.3205	-0.69763
-3.5088	-3.0594	0.14453	-2.4843	0.99305	3.7831	-1.3124	-0.19791	2.4217	1.0536	1.7758	2.9995	-2.1975	-1.2808	-1.7476	2.2416	0.59867	-0.48312	-4.903	1.3478	-4.8279	1.3	-0.21459	0.015221	-1.7777
-4.8391	-4.5832	2.0118	-1.3563	1.6642	5.924	-3.4263	-0.080128	4.3438	0.32681	1.025	3.4366	-2.7513	-3.0902	-2.7035	2.9964	-1.5985	-0.81783	-6.3194	1.3253	-7.4074	2.0129	-0.47239	-1.4294	-1.8535
-5.1679	-5.3308	3.0757	-0.58419	2.0006	6.6392	-5.2469	1.6625	4.9172	0.48672	-0.73016	3.2424	-2.8401	-3.0973	-4.3385	5.6216	-2.9111	-2.8796	-7.8581	1.7716	-8.6948	3.6644	-1.3764	-3.1019	-3.3059
-6.7633	-6.4985	5.1116	-0.91207	1.3636	8.8816	-7.2425	2.9507	5.1498	1.3968	-2.5162	3.961	-3.1586	-4.2588	-4.3975	6.8253	-4.2478	-4.5681	-9.1459	0.58078	-10.159	6.8482	-2.7256	-5.204	-4.6188
-7.9315	-8.6527	6.9946	-0.13607	1.0757	9.2353	-8.915	4.2852	6.3628	1.9665	-4.4283	2.2753	-5.7683	-5.2129	-6.5616	8.4285	-5.6293	-4.9084	-11.773	0.89291	-12.84	7.467	-3.5098	-6.5275	-4.6574
