1.38316 1.31623 1.35533 1.10128 1.09861 1.38629 1.28388 1.17361 1.17797 1.25824 1.22438 1.26817 1.26408 1.35851 1.34902 1.19366 1.42583 1.31634 1.1813 1.19288 1.22548 1.21484 1.18044 1.29392 1.28335 1.28666 1.285 1.18592 1.25584 1.14991 1.29045 1.37011 1.19093 1.11803 
1.44238 1.40928 1.41541 1.412 1.54731 1.61539 1.32885 1.4321 1.50809 1.39209 1.3809 1.76766 1.43945 1.51319 1.43467 1.37443 1.45585 1.39872 1.43239 1.41254 1.46267 1.63843 1.58751 1.27784 1.44465 1.60944 1.32176 1.38324 1.35372 1.51077 1.28016 1.3675 1.26147 1.53313 
1.33761 1.35491 1.43415 1.27823 1.37412 1.27841 1.21282 1.50166 1.25637 1.35067 1.2682 1.30048 1.28589 1.23587 1.21581 1.32705 1.27526 1.47632 1.25576 1.28145 1.28704 1.35396 1.31296 1.18073 1.2336 1.21834 1.23489 1.41952 1.25276 1.33041 1.30859 1.16586 1.32453 1.37504 
0.893549 0.936446 0.845339 0.934309 0.870272 0.787458 0.901548 0.842058 0.783693 0.873656 0.971495 0.910212 0.781813 0.901548 0.993474 0.809735 0.909818 0.910332 0.914138 0.935709 0.974422 0.938982 0.852777 0.893273 0.862101 0.817531 0.908038 0.832909 0.878864 0.846534 0.907557 0.870394 0.782759 0.729879 
0.424468 0.410975 0.40831 0.401417 0.383253 0.421004 0.419225 0.462808 0.451007 0.380464 0.464754 0.402159 0.433636 0.500173 0.450254 0.427444 0.377969 0.420091 0.438126 0.517201 0.409272 0.444037 0.415475 0.455011 0.369747 0.452382 0.349872 0.404475 0.41616 0.374213 0.478737 0.526609 0.424883 0.47438 
0.596321 0.599621 0.612458 0.652404 0.525483 0.54599 0.582216 0.593542 0.688777 0.648411 0.617309 0.603252 0.539827 0.555466 0.498885 0.584685 0.602355 0.627228 0.631015 0.555363 0.620786 0.629835 0.481924 0.630307 0.45251 0.543499 0.593546 0.625184 0.491862 0.634251 0.621174 0.674525 0.591709 0.565934 
0.57449 0.529223 0.577397 0.502186 0.586514 0.435691 0.452898 0.539729 0.580559 0.609003 0.586872 0.583085 0.485814 0.538157 0.449359 0.50449 0.581922 0.5867 0.581206 0.557513 0.622897 0.602996 0.513227 0.560525 0.456758 0.438157 0.472194 0.638753 0.485937 0.535608 0.537337 0.642837 0.588905 0.588108 
0.788783 0.758152 0.693147 0.701881 0.726299 0.691096 0.650966 0.717539 0.700516 0.630853 0.8236 0.760372 0.653926 0.667505 0.637405 0.656307 0.701212 0.705621 0.730074 0.71958 0.605644 0.699662 0.58103 0.711385 0.643912 0.704197 0.719639 0.668729 0.67108 0.788457 0.668025 0.705941 0.721179 0.607787 
1.14319 1.18799 1.00743 1.07083 0.92555 1.15336 1.02962 1.09473 1.21455 0.994325 1.03609 1.11666 1.1906 1.02535 1.08148 1.1256 1.07062 1.13427 1.05812 1.06589 1.16546 1.11426 1.12168 1.08814 1.05702 1.09427 1.13258 1.17643 1.20999 1.1827 1.18323 1.053 1.19151 1.19372 
0.3842 0.436356 0.317314 0.397449 0.3787 0.418084 0.378926 0.373168 0.435318 0.335294 0.452174 0.351956 0.473519 0.362115 0.425506 0.377222 0.352602 0.432592 0.385086 0.402058 0.377294 0.438948 0.408734 0.39346 0.44332 0.426661 0.441363 0.386889 0.371406 0.425159 0.388018 0.41388 0.388302 0.447189 
0.563194 0.461886 0.503229 0.504995 0.487429 0.510223 0.565665 0.467372 0.445551 0.519601 0.427711 0.50627 0.472865 0.493021 0.514583 0.489021 0.425399 0.49944 0.507772 0.496867 0.499547 0.482617 0.433534 0.475627 0.453839 0.473519 0.55361 0.518548 0.458388 0.513155 0.497237 0.561173 0.559037 0.448583 
0.330828 0.400778 0.285543 0.401969 0.371138 0.340473 0.333384 0.225505 0.410992 0.278886 0.340129 0.296662 0.419071 0.386912 0.392393 0.420171 0.389634 0.378372 0.341662 0.341917 0.312489 0.320472 0.395861 0.37442 0.350115 0.319287 0.380491 0.365707 0.380294 0.297974 0.379776 0.279505 0.357251 0.30515 
0.541375 0.553885 0.540806 0.489657 0.593064 0.586839 0.493233 0.533984 0.482381 0.575364 0.449184 0.539813 0.564606 0.609931 0.567725 0.652562 0.556038 0.537234 0.596573 0.604279 0.393904 0.522241 0.456332 0.558588 0.524643 0.49086 0.544727 0.609299 0.469317 0.506896 0.580707 0.493962 0.506217 0.590689 
0.962402 0.880558 0.791208 0.888317 0.940682 0.930247 0.873383 0.790911 0.942115 0.933427 0.880359 0.804373 0.860201 0.795252 0.890566 0.861028 0.890145 0.824634 0.883732 0.937746 0.87807 0.775751 0.950742 0.92145 0.821187 0.766691 0.908493 0.835839 1.04704 0.85294 0.833353 0.859274 0.917164 0.87333 
0.657193 0.489964 0.543111 0.646776 0.710295 0.660749 0.555777 0.552657 0.557052 0.613213 0.507526 0.60675 0.610487 0.574929 0.552069 0.545277 0.639403 0.624276 0.49378 0.663647 0.622354 0.628084 0.576259 0.60663 0.6497 0.523113 0.596044 0.645714 0.566889 0.488553 0.566088 0.553307 0.678477 0.554517 
0.376169 0.342469 0.363501 0.317314 0.409804 0.425138 0.406264 0.357117 0.379174 0.419363 0.391504 0.361534 0.379879 0.335622 0.330854 0.356675 0.386081 0.332281 0.400478 0.362703 0.405465 0.390156 0.382134 0.387261 0.447448 0.402224 0.329383 0.411322 0.425851 0.346835 0.401034 0.348307 0.415678 0.407029 
0.372926 0.375951 0.451741 0.53334 0.460904 0.392872 0.429974 0.481412 0.405465 0.359719 0.405465 0.379186 0.421213 0.460672 0.360475 0.385884 0.471964 0.423376 0.46483 0.530038 0.470931 0.353893 0.389782 0.409325 0.387676 0.403235 0.3843 0.353703 0.450813 0.501363 0.47894 0.382092 0.446877 0.415893 
0.416894 0.461986 0.569095 0.493699 0.44605 0.51718 0.460652 0.484434 0.375543 0.474458 0.445977 0.497095 0.435679 0.467952 0.443871 0.507464 0.545649 0.451116 0.445513 0.458438 0.50197 0.490739 0.497514 0.462061 0.476273 0.527671 0.44442 0.481498 0.446647 0.418522 0.416894 0.590276 0.443064 0.534324 
0.441381 0.377062 0.401775 0.408086 0.395145 0.44099 0.419349 0.447886 0.348878 0.41058 0.365259 0.414123 0.411665 0.352136 0.345544 0.45249 0.409947 0.414581 0.34695 0.448342 0.382788 0.418156 0.432331 0.376381 0.450228 0.462624 0.416056 0.377426 0.388443 0.40859 0.428148 0.416658 0.417406 0.41961 
0.798237 0.991326 0.676177 0.826931 0.726521 0.792732 0.885365 0.751094 0.815295 0.856622 0.830561 0.785671 0.813024 0.815195 0.873615 0.875013 0.832483 0.835322 0.864997 0.905908 0.798027 0.872764 0.84663 0.82343 0.684563 0.857976 0.92903 0.909955 1.00966 0.836854 0.842103 0.794357 0.870828 0.916291 
0.361413 0.413319 0.416063 0.383917 0.410046 0.344613 0.384457 0.45813 0.49959 0.363453 0.405465 0.394119 0.479172 0.440005 0.406814 0.380007 0.365725 0.431082 0.406388 0.434475 0.393187 0.372675 0.42338 0.472688 0.385564 0.447042 0.448518 0.411245 0.364315 0.49393 0.505095 0.370063 0.366778 0.414944 
0.584253 0.578792 0.55279 0.679588 0.623649 0.6193 0.631272 0.635989 0.606543 0.663566 0.584181 0.609416 0.665218 0.627515 0.691192 0.680725 0.612931 0.653926 0.668522 0.600473 0.6184 0.679646 0.636221 0.617851 0.619944 0.675841 0.572265 0.680477 0.572861 0.656955 0.645357 0.606421 0.590956 0.600425 
0.541267 0.62433 0.69659 0.690381 0.688084 0.559616 0.536613 0.655075 0.660839 0.534356 0.591652 0.579818 0.556842 0.629898 0.591098 0.551177 0.631924 0.665597 0.641854 0.579034 0.696957 0.639988 0.610331 0.623889 0.501796 0.60158 0.650588 0.661499 0.632292 0.595462 0.716425 0.615186 0.60859 0.622696 
0.700771 0.634498 0.544436 0.605869 0.665445 0.610054 0.64355 0.618835 0.616514 0.615916 0.624538 0.616714 0.637445 0.597329 0.661895 0.607406 0.578776 0.595122 0.623406 0.660141 0.64547 0.742792 0.66773 0.663399 0.688419 0.614159 0.616186 0.640922 0.716678 0.633904 0.648364 0.547605 0.703666 0.624951 
0.552263 0.508843 0.51641 0.502667 0.497636 0.521963 0.44608 0.616937 0.507045 0.584513 0.571962 0.483349 0.478302 0.513149 0.584231 0.550973 0.554148 0.569533 0.576492 0.551535 0.464628 0.459021 0.534082 0.549172 0.543414 0.529547 0.57693 0.502565 0.446176 0.486679 0.50708 0.555342 0.544844 0.4832 
0.557321 0.659463 0.628363 0.645477 0.503562 0.633787 0.569179 0.585146 0.558111 0.59997 0.600644 0.569278 0.541341 0.565573 0.642555 0.538012 0.551688 0.556735 0.545764 0.627301 0.739132 0.649576 0.61174 0.518488 0.560689 0.566395 0.530628 0.540662 0.580352 0.622633 0.507371 0.619514 0.616258 0.559239 
0.418911 0.406787 0.340172 0.388443 0.391974 0.335538 0.403275 0.373817 0.346149 0.37 0.385952 0.328925 0.31829 0.299546 0.345669 0.322773 0.402837 0.387048 0.401237 0.303764 0.387601 0.388867 0.406335 0.311607 0.349786 0.367451 0.36179 0.400646 0.341107 0.35265 0.43146 0.378722 0.361924 0.389035 
0.578162 0.59187 0.616584 0.571667 0.554014 0.561607 0.573068 0.503104 0.612798 0.555363 0.548046 0.627438 0.53362 0.555946 0.580546 0.580899 0.586284 0.606683 0.562119 0.644715 0.578484 0.595103 0.604158 0.575559 0.668628 0.567882 0.467268 0.564731 0.556917 0.545857 0.588499 0.600488 0.52996 0.579818 
0.478871 0.496272 0.543283 0.532524 0.451727 0.460342 0.511625 0.455711 0.453143 0.461285 0.470759 0.454223 0.466863 0.470546 0.509583 0.472288 0.452732 0.457261 0.483023 0.421994 0.503034 0.527656 0.447824 0.478768 0.434941 0.512711 0.485968 0.420921 0.460238 0.480396 0.558799 0.479716 0.502764 0.46695 
0.499265 0.420939 0.501164 0.449289 0.509274 0.478326 0.427829 0.47497 0.425642 0.482426 0.428305 0.442075 0.458726 0.409996 0.4399 0.436002 0.447356 0.487742 0.412031 0.449343 0.44673 0.476718 0.45729 0.465315 0.464093 0.450021 0.484789 0.519944 0.389391 0.472841 0.510826 0.549359 0.46242 0.544967 
0.785521 0.941886 0.946144 0.816501 0.946238 0.823331 0.799977 0.886213 0.859132 0.854536 0.865589 0.875469 0.8172 0.933533 0.935615 0.900787 0.941561 0.832909 0.922549 0.900118 0.903712 0.893586 0.825777 0.876574 0.860941 0.819342 0.838602 0.897204 0.95393 0.910751 0.796782 0.897103 0.931727 0.864295 
1.08627 1.07805 1.00961 1.04058 0.967276 1.24607 1.10117 1.06224 1.00972 1.04343 1.06419 1.16708 1.13721 1.03967 1.04708 1.02962 0.999766 1.10778 1.09159 1.0116 1.1048 1.0618 1.04223 1.19802 1.13055 1.09647 1.21149 1.09619 1.04582 0.940118 1.05755 1.07466 1.13459 1.22176 
1.51898 1.49851 1.44829 1.45691 1.41174 1.50725 1.66678 1.4928 1.45625 1.45029 1.51722 1.44555 1.35608 1.48771 1.5421 1.3956 1.3995 1.49142 1.64431 1.52834 1.50408 1.46524 1.46783 1.40237 1.35927 1.39075 1.51114 1.51171 1.39937 1.65632 1.41261 1.38389 1.45984 1.46968 
1.2792 1.27932 1.29838 1.29846 1.18921 1.32176 1.29928 1.24921 1.35025 1.31641 1.2289 1.17724 1.25464 1.24464 1.31712 1.32118 1.47867 1.1772 1.71829 1.28443 1.30606 1.35222 1.39836 1.42051 1.14666 1.27971 1.28371 1.28093 1.21094 1.29541 1.16761 1.38958 1.24265 1.33815 
