0.532283 0.542125 0.549872 0.532886 0.525575 0.477642 0.5189 0.556522 0.503425 0.549098 0.521472 0.588235 0.53701 0.469979 0.54963 0.522727 0.537797 0.460137 0.483731 0.476489 0.509217 0.54902 0.534704 0.535955 0.544885 0.494062 0.514768 0.525386 0.516071 0.542443 0.502525 0.519582 0.522505 0.516194 0.487455 0.551913 0.496183 0.548729 0.529412 0.529833 
0.471028 0.540115 0.533541 0.498529 0.516327 0.543119 0.54085 0.479008 0.515315 0.529412 0.548287 0.560091 0.436842 0.523936 0.535714 0.482517 0.549884 0.493711 0.519669 0.5511 0.581105 0.590717 0.516068 0.453782 0.553061 0.580357 0.576271 0.541401 0.496659 0.555066 0.497059 0.552684 0.571429 0.527094 0.513919 0.538293 0.50813 0.431325 0.502907 0.527972 
0.510129 0.510817 0.510708 0.520259 0.506306 0.543689 0.521401 0.553082 0.523102 0.548556 0.510345 0.487745 0.522831 0.54386 0.533113 0.463303 0.489461 0.536207 0.548309 0.585216 0.509479 0.501529 0.560358 0.551451 0.533719 0.485 0.594972 0.496689 0.563863 0.528351 0.541562 0.529412 0.457971 0.518124 0.507205 0.542042 0.508251 0.508621 0.53125 0.515766 
0.454167 0.504376 0.478953 0.497512 0.506475 0.495272 0.479433 0.476263 0.496109 0.466741 0.451948 0.490066 0.469751 0.414868 0.436441 0.508711 0.43734 0.439169 0.506667 0.45933 0.473118 0.433628 0.513746 0.48374 0.411622 0.506 0.477407 0.484288 0.510917 0.442368 0.469043 0.48 0.52518 0.462609 0.52665 0.480138 0.494526 0.489362 0.46384 0.457627 
0.523636 0.519672 0.492843 0.512648 0.526773 0.480573 0.486667 0.491484 0.477578 0.503534 0.457597 0.51797 0.497797 0.520744 0.54025 0.497717 0.461735 0.510593 0.534021 0.57754 0.496599 0.502618 0.527407 0.52193 0.469388 0.518027 0.481336 0.502688 0.520362 0.524896 0.505443 0.494432 0.516461 0.519062 0.487085 0.496364 0.488263 0.519685 0.493243 0.454321 
0.519774 0.526846 0.512426 0.480249 0.527811 0.476378 0.5271 0.452922 0.479012 0.490196 0.395745 0.459883 0.516187 0.44012 0.523114 0.422481 0.472496 0.446708 0.513709 0.420896 0.496503 0.453608 0.460641 0.471186 0.432494 0.482759 0.516031 0.541009 0.472454 0.464594 0.479574 0.48415 0.493113 0.48067 0.469522 0.493852 0.468407 0.472674 0.525597 0.461429 
0.482226 0.520703 0.468 0.502809 0.5131 0.493438 0.493116 0.494598 0.489919 0.480328 0.473161 0.5 0.508453 0.453048 0.512605 0.460432 0.487879 0.533228 0.502193 0.408719 0.489914 0.444706 0.483333 0.498789 0.458234 0.451197 0.431373 0.466 0.528701 0.479687 0.445455 0.448743 0.527426 0.488294 0.535117 0.492355 0.521336 0.454167 0.436559 0.488114 
0.541063 0.530504 0.554636 0.581359 0.595533 0.530822 0.573593 0.497797 0.533679 0.529412 0.532895 0.557545 0.514925 0.530693 0.56135 0.518519 0.505319 0.541667 0.518248 0.509356 0.597668 0.548872 0.517766 0.602978 0.479651 0.526055 0.550432 0.53211 0.510256 0.532258 0.556582 0.528902 0.522843 0.555781 0.558282 0.52968 0.545455 0.526897 0.532819 0.575309 
0.571205 0.476844 0.494118 0.516209 0.505245 0.571992 0.529167 0.483366 0.511905 0.515766 0.539889 0.418848 0.50211 0.500914 0.488778 0.494545 0.536443 0.485618 0.487633 0.574468 0.537757 0.501285 0.523114 0.465875 0.568182 0.526427 0.49543 0.53663 0.39404 0.527197 0.464037 0.514286 0.534636 0.501845 0.548654 0.542857 0.502008 0.458629 0.561983 0.528117 
0.498382 0.501775 0.521322 0.53607 0.527389 0.548134 0.53871 0.519074 0.533019 0.511945 0.473973 0.577649 0.481034 0.524793 0.556897 0.472684 0.516579 0.521866 0.5 0.522648 0.539648 0.522042 0.513289 0.532544 0.553846 0.52439 0.490399 0.481763 0.509328 0.493888 0.48046 0.536313 0.523711 0.479319 0.455307 0.465251 0.5 0.519337 0.535142 0.517544 
0.577488 0.5408 0.589147 0.594118 0.529235 0.518072 0.526423 0.571142 0.548235 0.530534 0.550225 0.551876 0.552265 0.618557 0.459596 0.481728 0.536585 0.575 0.539405 0.579439 0.522124 0.555556 0.528897 0.577878 0.566489 0.572581 0.529412 0.558929 0.542945 0.557895 0.537275 0.555556 0.572464 0.523109 0.559701 0.510309 0.505556 0.568019 0.524217 0.546012 
0.434307 0.506104 0.498516 0.523013 0.403394 0.484222 0.465957 0.494505 0.489754 0.5 0.505945 0.518707 0.50495 0.483471 0.468484 0.478528 0.422069 0.443284 0.450082 0.403361 0.400756 0.447581 0.379717 0.466667 0.413442 0.487633 0.530449 0.5056 0.452915 0.510067 0.464815 0.501894 0.427788 0.412975 0.359694 0.388753 0.492933 0.439577 0.490196 0.435009 
0.593478 0.588665 0.593537 0.603113 0.614943 0.581301 0.592292 0.586837 0.527059 0.602778 0.505495 0.58042 0.585561 0.592179 0.521277 0.564885 0.562982 0.578199 0.515493 0.52648 0.597656 0.583851 0.556213 0.591549 0.602484 0.587432 0.566929 0.526316 0.54386 0.586735 0.592453 0.595339 0.556604 0.468864 0.581489 0.522523 0.565693 0.534091 0.5 0.579545 
0.503341 0.506699 0.484615 0.52459 0.529197 0.510033 0.505618 0.488889 0.492647 0.508361 0.491259 0.540034 0.535912 0.442029 0.486289 0.467742 0.516199 0.507341 0.485537 0.508501 0.484848 0.468687 0.496875 0.511494 0.48855 0.508547 0.503782 0.523636 0.542923 0.522152 0.49763 0.491484 0.478346 0.502041 0.473795 0.490244 0.504505 0.507163 0.49789 0.515679 
0.495763 0.50304 0.52957 0.415704 0.497579 0.48583 0.494662 0.476395 0.524064 0.461967 0.480127 0.46408 0.504261 0.449664 0.522835 0.500882 0.433249 0.38785 0.445455 0.505495 0.50303 0.491228 0.493716 0.428571 0.506887 0.463138 0.487455 0.489451 0.496644 0.484945 0.427441 0.450397 0.509934 0.461827 0.480734 0.487119 0.456204 0.531722 0.409502 0.47438 
0.577399 0.563415 0.529284 0.592814 0.537242 0.54818 0.596774 0.583012 0.538622 0.548223 0.633641 0.528696 0.625698 0.579545 0.582979 0.580858 0.537396 0.522013 0.568282 0.521341 0.567474 0.561446 0.567376 0.5961 0.592405 0.526316 0.505155 0.576014 0.558962 0.538934 0.533107 0.585014 0.554371 0.630081 0.560261 0.586842 0.619962 0.577236 0.547325 0.542522 
0.474832 0.517361 0.511777 0.527397 0.552962 0.467849 0.469349 0.457778 0.522835 0.47505 0.564899 0.539916 0.552147 0.450867 0.458128 0.559796 0.549902 0.426829 0.555825 0.540931 0.57429 0.549777 0.556851 0.584718 0.504532 0.529617 0.557377 0.541463 0.450882 0.467337 0.492611 0.529289 0.566225 0.436782 0.473146 0.487923 0.544828 0.468447 0.48135 0.564195 
0.52809 0.550287 0.509058 0.522222 0.491525 0.543914 0.513669 0.548458 0.532836 0.511905 0.448276 0.528986 0.515651 0.551213 0.539711 0.563177 0.518892 0.549669 0.509434 0.468144 0.508287 0.583127 0.507513 0.536776 0.52027 0.475196 0.52381 0.534173 0.531049 0.496016 0.532673 0.538328 0.500759 0.495575 0.508696 0.518414 0.514706 0.530343 0.521812 0.541667 
0.49011 0.500635 0.506812 0.46714 0.488226 0.541191 0.483871 0.462366 0.478102 0.459502 0.467225 0.494526 0.507865 0.506868 0.505576 0.420779 0.4 0.463983 0.480243 0.551378 0.470665 0.42132 0.4273 0.448179 0.403614 0.471318 0.480144 0.51105 0.488889 0.512786 0.475191 0.492925 0.463339 0.505669 0.524291 0.459259 0.485294 0.493724 0.426426 0.506 
0.509018 0.52518 0.490521 0.485597 0.495274 0.477727 0.507326 0.486538 0.529634 0.530844 0.510638 0.527241 0.522792 0.488152 0.483271 0.547348 0.503546 0.557864 0.491639 0.515625 0.469697 0.491379 0.528972 0.46988 0.530782 0.511749 0.495495 0.530562 0.553156 0.494505 0.508704 0.528716 0.527778 0.543137 0.502874 0.494118 0.525483 0.476087 0.512821 0.468413 
0.398089 0.481538 0.501695 0.49458 0.461353 0.502732 0.386588 0.465035 0.399568 0.504873 0.518395 0.5 0.42511 0.420746 0.504658 0.475497 0.371698 0.508021 0.4 0.380282 0.368272 0.495544 0.387665 0.391026 0.380846 0.421488 0.494279 0.392523 0.402256 0.38024 0.442765 0.420455 0.524501 0.398844 0.504188 0.492537 0.386243 0.394089 0.484043 0.35865 
0.528846 0.550607 0.555411 0.529666 0.529745 0.534066 0.540373 0.502547 0.571195 0.555046 0.493997 0.567616 0.502119 0.500668 0.551802 0.54531 0.536013 0.489796 0.494172 0.529703 0.534247 0.561091 0.519643 0.455497 0.491071 0.489552 0.502519 0.529412 0.509061 0.511222 0.546419 0.46861 0.576441 0.542339 0.569643 0.513812 0.547731 0.537002 0.420655 0.557576 
0.552846 0.533333 0.504528 0.509306 0.550325 0.464912 0.548094 0.499176 0.530572 0.538462 0.49497 0.525 0.510909 0.499341 0.538947 0.515498 0.5 0.487059 0.537618 0.497427 0.506897 0.522459 0.524272 0.509202 0.50463 0.461722 0.519722 0.521204 0.533849 0.536496 0.526502 0.519507 0.518908 0.498113 0.551471 0.50365 0.555294 0.51532 0.566066 0.516616 
0.550835 0.52765 0.543636 0.507463 0.578125 0.530137 0.529058 0.513514 0.509235 0.500891 0.518617 0.521226 0.514477 0.516461 0.54446 0.533773 0.495146 0.528713 0.502326 0.51087 0.527778 0.476959 0.563342 0.509146 0.534574 0.508876 0.535043 0.509138 0.556541 0.50365 0.508961 0.536131 0.53871 0.548077 0.493734 0.559767 0.496552 0.507865 0.530435 0.519565 
0.579082 0.588496 0.569659 0.569401 0.567251 0.580381 0.579798 0.567325 0.591111 0.564388 0.58114 0.573864 0.446701 0.547677 0.588106 0.562044 0.59129 0.507246 0.535411 0.583832 0.565217 0.553846 0.572414 0.59596 0.547368 0.553476 0.591398 0.52505 0.47651 0.489071 0.560091 0.549206 0.592992 0.581683 0.547988 0.609499 0.510204 0.546053 0.539535 0.573394 
0.481361 0.540578 0.54531 0.510236 0.505263 0.510402 0.53753 0.5 0.51087 0.508721 0.484163 0.510166 0.486532 0.55102 0.47993 0.532864 0.476615 0.506623 0.522892 0.452703 0.527446 0.468085 0.46098 0.520776 0.456019 0.536842 0.505376 0.457447 0.513289 0.559561 0.48433 0.449168 0.462604 0.488656 0.48723 0.546237 0.474542 0.494475 0.488746 0.536116 
0.532833 0.558424 0.565891 0.541756 0.493976 0.519062 0.541414 0.538462 0.496296 0.53288 0.575456 0.543307 0.556034 0.502451 0.518797 0.432526 0.531943 0.551471 0.467949 0.525 0.510638 0.534456 0.52931 0.555347 0.524178 0.517857 0.577608 0.48125 0.509719 0.529412 0.520548 0.565947 0.521385 0.522901 0.545894 0.551069 0.445104 0.528205 0.493036 0.574032 
0.549933 0.524027 0.536383 0.523711 0.578629 0.606618 0.567227 0.594164 0.567753 0.525617 0.508475 0.601286 0.504087 0.519068 0.569388 0.48374 0.54433 0.544529 0.54918 0.524771 0.559524 0.575221 0.541414 0.548148 0.527638 0.602703 0.487179 0.541237 0.497312 0.553792 0.50885 0.501618 0.559322 0.550633 0.566343 0.5 0.512915 0.559194 0.546703 0.578834 
0.582979 0.59488 0.569231 0.532787 0.571429 0.537931 0.563265 0.557789 0.589686 0.525199 0.553288 0.544444 0.566532 0.572207 0.551237 0.573034 0.594175 0.564516 0.548077 0.536842 0.545151 0.566802 0.554878 0.552356 0.564211 0.527938 0.569697 0.567073 0.551643 0.616702 0.590074 0.607884 0.545244 0.597222 0.564103 0.581602 0.583333 0.527716 0.518519 0.593085 
0.435849 0.505232 0.557169 0.443515 0.537234 0.519906 0.465347 0.530364 0.474627 0.53 0.527454 0.424184 0.573359 0.532134 0.58396 0.533762 0.451531 0.535047 0.436364 0.515493 0.523677 0.439286 0.510204 0.415648 0.552486 0.55348 0.471154 0.449351 0.440828 0.524345 0.529661 0.559284 0.477435 0.576471 0.591623 0.542105 0.43299 0.465438 0.511883 0.524618 
0.548993 0.466899 0.516497 0.48249 0.53041 0.482234 0.502252 0.473504 0.543373 0.512658 0.48338 0.515101 0.527731 0.53407 0.506383 0.511335 0.422414 0.493304 0.551724 0.552239 0.534296 0.472669 0.520505 0.516026 0.526868 0.533333 0.491765 0.515755 0.540387 0.520309 0.525301 0.491228 0.485232 0.554726 0.536122 0.468531 0.556503 0.510246 0.465909 0.541379 
0.485777 0.512789 0.51016 0.468023 0.434874 0.482323 0.47193 0.485849 0.485849 0.453177 0.503639 0.486486 0.526667 0.478939 0.445378 0.440716 0.495495 0.498645 0.432432 0.46861 0.475 0.517647 0.507973 0.413994 0.54372 0.460411 0.482906 0.488095 0.49273 0.475992 0.416244 0.538462 0.497248 0.44252 0.424719 0.480106 0.489002 0.493384 0.492857 0.458065 
0.621269 0.58444 0.640827 0.579055 0.566406 0.546961 0.607623 0.526427 0.607064 0.54326 0.603412 0.596234 0.594128 0.639798 0.588235 0.5961 0.5 0.592896 0.584559 0.599398 0.580292 0.601093 0.537092 0.57489 0.544236 0.581818 0.5625 0.622496 0.50547 0.660622 0.605195 0.57072 0.590747 0.577778 0.541806 0.60452 0.572072 0.539286 0.661578 0.57438 
0.49697 0.494585 0.497194 0.537285 0.525305 0.455466 0.512027 0.491947 0.459641 0.543103 0.512012 0.474922 0.482443 0.459259 0.499076 0.415042 0.486911 0.473251 0.471976 0.520871 0.5 0.465553 0.496259 0.515439 0.501966 0.524771 0.483871 0.513514 0.447217 0.486911 0.478161 0.391892 0.469565 0.485822 0.498667 0.489796 0.484634 0.432292 0.528634 0.454955 
0.528716 0.552721 0.507402 0.479042 0.512438 0.525 0.524554 0.483926 0.458491 0.509716 0.608137 0.517467 0.531729 0.477218 0.451049 0.547731 0.497959 0.506329 0.444444 0.502825 0.514986 0.515217 0.541872 0.472313 0.496633 0.470024 0.401099 0.471338 0.557034 0.507431 0.59116 0.520767 0.524109 0.544872 0.536688 0.481132 0.505747 0.540816 0.433628 0.530364 
0.512712 0.556757 0.538168 0.476064 0.53937 0.535433 0.55 0.526749 0.54267 0.536735 0.519362 0.57002 0.572549 0.527778 0.448905 0.51497 0.473684 0.516854 0.490196 0.51861 0.506925 0.563441 0.542254 0.519266 0.49896 0.521739 0.490385 0.533708 0.544554 0.563934 0.45 0.512626 0.531915 0.516008 0.52505 0.544492 0.515152 0.519444 0.497175 0.521401 
0.517812 0.549231 0.548458 0.530343 0.538686 0.517598 0.549915 0.568093 0.566202 0.557207 0.538642 0.564899 0.577573 0.549098 0.487923 0.541247 0.528117 0.45122 0.589831 0.587131 0.505515 0.528217 0.547486 0.571429 0.58216 0.470919 0.59375 0.473934 0.523923 0.525355 0.513386 0.533333 0.545226 0.519056 0.526012 0.590517 0.55536 0.458159 0.531722 0.565217 
0.463277 0.460701 0.460811 0.450139 0.459128 0.4375 0.4197 0.412926 0.433719 0.489327 0.418129 0.459827 0.486525 0.390698 0.465662 0.42492 0.479042 0.425159 0.445588 0.453674 0.420091 0.430693 0.473389 0.444606 0.46593 0.476298 0.435508 0.482072 0.433206 0.424337 0.411765 0.461538 0.445963 0.40625 0.47323 0.457944 0.435764 0.431271 0.460383 0.451908 
0.54213 0.545723 0.522059 0.511173 0.517504 0.495516 0.486641 0.528827 0.452555 0.508876 0.495434 0.534709 0.484594 0.505128 0.536822 0.484848 0.549356 0.505226 0.534407 0.472868 0.516447 0.520161 0.528169 0.524457 0.514368 0.495292 0.451613 0.484277 0.543614 0.462825 0.528014 0.51145 0.508108 0.485175 0.477745 0.498681 0.530225 0.520548 0.503639 0.485714 
0.538667 0.524465 0.494382 0.469565 0.487479 0.448661 0.505675 0.520761 0.478571 0.498214 0.513636 0.461005 0.505124 0.393939 0.480392 0.489224 0.504425 0.427273 0.52381 0.554496 0.542805 0.471111 0.527607 0.533962 0.469333 0.477419 0.467337 0.483483 0.529022 0.49522 0.516529 0.490244 0.503636 0.504178 0.481675 0.5 0.5386 0.512987 0.552063 0.370732 
