1.7065	0.042535	3.3812	0.27588	-2.313	0.4744	1.0574	-0.30963	1.5942	3.0248	2.8283	0.11121	2.4164	-2.5343	-2.4814	-0.93853	-0.27619	0.51673	2.4562	0.36082	0.0092912	0.18678	0.28173	-2.5387	2.6179	-2.3077	-0.59362	-0.97615	-1.5995	1.8203	-1.7044	-0.9943	-2.5718	-1.7967
0.12054	-0.39089	6.5739	-0.71033	-4.3751	1.041	1.8239	0.55468	-0.72162	5.5445	1.6096	2.1672	3.9211	-0.37839	-0.40569	-0.5358	1.8293	-0.30751	1.3492	0.17196	-0.81194	-0.84387	-0.21234	-0.011324	0.11354	-0.46749	0.19936	-0.51386	-0.84835	0.29373	-0.17507	0.007372	-0.87359	-0.75535
0.10631	-0.47428	6.1842	0.23151	-6.5305	-0.4896	1.0016	0.14714	-0.88884	6.9545	0.0074761	2.153	6.8624	-0.93097	-0.15633	-0.73547	1.6395	0.060074	1.002	-0.21629	-0.20597	-0.87867	0.20433	-0.092604	-0.5935	0.52394	-0.041931	-0.38407	-0.083277	-0.098392	-0.92913	0.1818	-0.3468	0.66484
-0.28465	0.4116	6.3943	0.71677	-6.8082	-0.24015	0.80738	0.99829	0.060135	6.3116	-0.54737	4.7702	6.9939	0.060323	-0.016584	0.56983	1.908	0.25349	-0.049373	0.87266	1.2932	-0.5529	-0.18921	0.21153	-0.50366	1.4361	1.0311	0.0035185	-0.068524	0.59363	0.39784	0.88032	0.12479	0.029081
1.3043	0.58801	6.9942	0.5241	-6.285	0.26505	0.30454	1.4579	0.75522	7.4449	-0.018306	5.8661	7.0215	0.73554	1.2852	0.31189	2.041	0.28799	0.65734	0.40819	1.0084	-1.1106	0.72131	0.98535	0.2918	1.571	1.3369	-0.47659	-0.028805	0.27121	-0.015028	1.6956	1.0515	0.76155
0.65768	0.31061	7.2519	0.78766	-6.8701	-0.41142	0.64851	1.6521	0.39064	7.7378	0.21624	8.7858	7.0926	-0.089517	1.7747	0.62175	0.74457	-0.27776	-0.075379	0.076682	1.3341	-0.89729	1.039	0.92925	0.013082	2.0786	2.1307	0.625	0.52514	1.336	0.51515	0.86039	0.011932	0.58218
-1.7982	-0.64157	-1.0446	-1.6981	2.7388	1.1504	2.9021	-0.38953	2.7653	-3.1034	0.69273	1.8908	-1.6769	2.7159	1.6533	2.0501	0.46135	1.8374	-1.0736	-1.7367	-1.1782	0.53081	2.0719	-1.3159	-0.61196	2.2737	0.72056	3.0847	-1.8608	2.0549	1.1044	-1.5766	-0.15207	-0.63381
-0.27513	-0.77968	-0.62408	-0.82107	1.5887	0.44715	2.2756	-0.36244	-0.091511	-0.63937	0.016897	4.6753	-0.5267	5.4576	0.9279	0.59931	1.9719	0.094663	-1.0103	-0.4979	0.68374	-1.1655	0.46806	-0.075454	-1.7581	5.6035	0.91456	5.4395	-1.1432	0.36069	0.10283	-0.30293	0.26848	0.074128
0.19584	-0.35384	-0.011314	-0.07922	0.29164	0.45683	1.1543	0.3316	-0.15366	0.40925	-0.066073	6.9328	0.35929	6.1436	0.75362	0.28832	1.8633	-0.42327	-0.88265	0.045338	1.0633	-0.98113	0.15556	0.39331	-0.89826	6.7001	0.85173	6.1701	-0.44784	0.40936	-0.0085001	0.29081	0.33491	0.29784
0.47097	-0.028555	0.36229	0.31118	0.14515	0.41478	0.92946	0.71525	0.14509	0.87019	-0.095287	8.1171	0.82878	6.5011	0.94041	0.47189	1.5276	-0.22273	-0.69199	0.3727	1.3471	-0.68305	0.33789	0.76367	-0.28202	7.2211	1.0485	6.6116	-0.027634	0.67782	0.27307	0.68966	0.61139	0.6022
0.6978	0.25864	0.66824	0.6071	0.23009	0.47363	0.96025	1.0088	0.43695	1.2091	-0.0045006	9.1241	1.1408	6.7942	1.2253	0.75814	1.4171	0.039443	-0.45466	0.65633	1.6452	-0.39614	0.62309	1.0991	0.14083	7.6029	1.334	6.9671	0.30594	0.98312	0.57215	1.0208	0.91292	0.90851
0.82161	0.499	0.92597	0.84261	0.35279	0.57599	1.0556	1.2441	0.69446	1.5046	0.11825	10.762	1.3724	7.0371	1.5192	1.0523	1.4573	0.26676	-0.19663	0.89612	1.9416	-0.1505	0.91706	1.4066	0.47607	7.9259	1.6316	7.2745	0.59802	1.2829	0.84996	1.3037	1.2014	1.1958
1.8209	-2.671	2.4014	2.3279	-0.43941	-0.18269	-0.32242	0.97533	1.2084	1.5609	0.031719	-0.30413	2.6048	0.74707	2.8496	-1.9948	0.086864	0.018109	2.3743	-2.0955	0.51141	0.3677	-3.1326	3.3519	2.7107	-0.51402	3.0091	-2.5379	1.2724	-0.61494	-0.95597	2.473	-1.5153	-2.224
2.2641	-4.0346	2.4266	2.3193	0.34353	0.47223	1.8349	2.4129	0.16133	3.6149	-1.4121	2.2527	1.8501	2.302	4.1837	-2.0559	1.5453	1.7189	3.2474	-3.116	-0.31233	0.18427	-1.8365	4.1568	2.0171	2.6833	4.1903	-3.3989	0.8641	-3.4705	-0.35295	2.9717	-2.0205	-3.1138
3.0635	-3.852	2.5447	1.808	1.4021	1.8451	1.4577	2.0528	-2.9612	4.0989	0.20111	3.3021	2.4652	1.594	4.4683	-2.8155	1.5891	0.67444	3.4394	-3.2798	-1.5194	1.943	-1.534	3.7304	2.8261	4.052	4.2893	-2.7022	1.2127	-2.124	-2.6011	4.3373	-1.5161	-2.8721
2.1745	-3.5966	4.2826	2.6344	1.4761	2.1349	1.1877	2.4165	-3.0041	4.7481	0.56477	4.1239	2.8745	2.3022	4.0642	-1.7047	2.0953	1.3299	3.3763	-3.8181	-1.3632	1.3962	-1.1425	4.2588	2.946	4.3337	5.0242	-3.0146	-0.44554	-0.54705	-2.8592	4.0284	-2.1763	-1.4886
2.8965	-3.03	4.0277	4.4659	0.56806	2.2599	2.7612	2.8153	-3.4648	3.967	1.5592	4.5227	3.683	3.2773	5.177	-2.0062	2.9862	2.1556	3.6054	-2.7912	-0.79589	2.3979	-2.317	4.2692	4.212	5.3357	4.4926	-1.8279	-2.4779	-1.9311	-2.1811	4.5778	-1.7114	-1.7262
3.8007	-3.118	3.8876	3.4138	1.9314	2.5929	3.1158	3.8803	-1.5964	5.3524	1.6328	6.4899	4.5331	4.3504	4.9218	-1.0298	3.781	3.3163	2.7966	-2.0383	-0.48784	2.2555	-2.7962	5.3621	4.0365	5.7524	4.7687	-1.6007	-2.5526	-1.8859	-2.2862	3.7778	-1.2423	-2.1591
1.8604	0.7401	-2.6991	-2.7049	-2.2859	1.8142	-2.5597	-1.6462	-1.6099	-2.4817	2.2505	1.2447	1.4679	0.94533	0.10218	-1.0903	1.016	-2.4017	-2.2117	-3.0159	2.9158	2.9539	-2.3622	-0.20467	0.98404	-1.3176	1.5985	0.36498	-0.45346	-1.462	1.5935	2.5018	1.4346	-0.58511
2.8937	2.4755	-3.2291	-3.4286	-3.7497	2.3755	-3.3623	-2.6554	-3.8511	-1.5359	2.1834	3.4747	3.1742	2.4444	1.7389	-0.40514	2.8539	-3.6976	-4.1508	-3.6279	3.5931	2.0371	-3.2283	1.0146	-0.57786	0.79603	1.4766	0.54084	-2.863	0.84663	2.2681	3.5416	2.6759	2.3443
2.9655	2.5486	-3.395	-3.3685	-3.8293	2.5995	-3.2123	-2.9391	-3.7556	-2.3147	2.213	4.5753	3.491	2.7398	2.9752	0.29673	3.3428	-3.8282	-4.4838	-3.4353	3.6408	2.0484	-3.639	2.7149	-2.8555	3.1854	2.7269	2.576	-3.6957	2.5315	2.64	3.3288	2.8251	2.8628
3.0812	2.7027	-3.1985	-3.2203	-3.7229	2.7549	-3.0543	-2.8148	-3.5062	-2.5677	2.324	5.7023	3.6387	2.9263	3.4457	1.9906	3.5662	-3.7492	-4.3584	-3.2338	3.9073	2.1402	-3.4003	3.4044	-3.5638	3.7529	3.459	3.1028	-3.5677	3.1871	2.9051	3.416	3.1371	3.1794
3.1046	2.8394	-3.0316	-3.0972	-3.6304	2.8599	-2.9473	-2.6947	-3.2932	-2.4326	2.4192	8.0261	3.7428	3.08	3.7778	3.1485	3.7134	-3.6515	-4.1443	-3.0705	4.2055	2.2441	-3.1017	3.7074	-3.4222	3.9914	3.873	3.327	-3.3572	3.5479	3.1515	3.6214	3.4698	3.4792
3.3826	3.03	-2.8132	-2.9137	-3.495	2.9998	-2.8062	-2.5131	-3.0473	-2.2113	2.5508	10.208	3.8937	3.2861	4.0747	3.5851	3.833	-3.4941	-3.8982	-2.859	4.4989	2.3929	-2.8097	3.9798	-3.1981	4.2385	4.1894	3.5684	-3.1237	3.8447	3.3946	3.8716	3.7551	3.7507
-1.7824	-0.20304	3.1805	-1.7621	-1.5733	2.2841	-2.3439	-1.7305	1.3392	-2.1587	1.1944	1.7784	-0.33517	0.88152	1.9402	-1.6934	1.229	-2.804	0.76149	2.2316	2.8525	0.22669	-0.98156	1.0002	3.0839	-0.40062	2.634	-1.7988	-2.2121	-1.2877	-0.65365	-0.59799	-1.3479	1.4399
-0.88809	-0.69673	6.2756	-0.3708	-0.84886	-0.32117	-0.65381	0.45956	-0.74511	0.36486	-0.3956	3.6996	-0.17289	-1.4807	1.6013	-0.59165	2.1707	-2.0486	-0.61258	-0.24547	4.4556	-0.44036	-0.52607	-0.14336	0.54625	0.14951	4.7202	-0.6201	-3.3319	-0.66917	-0.45285	1.2389	0.25297	-0.72048
-0.43707	0.018875	6.9573	-0.0089195	-1.0551	-0.91572	-1.0907	0.23042	-1.1816	0.014983	-1.0718	6.1062	0.65285	0.0088347	0.70534	0.4338	3.5606	-0.76459	-1.737	-1.5402	7.1823	-1.5644	-0.24971	0.73488	0.60832	0.8688	6.9909	0.48051	-6.3931	0.46188	-0.63548	0.85891	0.35263	0.25838
-0.32429	-1.218	6.2134	-0.12879	-1.085	-1.0727	-1.1371	0.51472	0.45865	0.22733	-1.2502	7.3976	-0.12107	0.32694	1.3609	0.31807	6.3243	-0.72564	-0.244	0.38313	7.5263	-1.3944	0.53934	0.51785	0.88744	0.93204	6.9641	0.47343	-6.3797	0.51822	-0.34785	1.6011	1.6361	1.0336
0.49804	0.85071	6.715	0.34946	-0.74558	-0.29874	0.29186	0.82342	-0.26769	1.5219	0.20272	9.5574	1.0909	-0.12699	1.0302	0.19569	6.5312	-0.16255	-0.85277	0.18637	7.2816	-0.56812	1.4672	1.1138	-0.83452	1.3969	6.7928	0.46537	-6.0688	1.2585	-0.11583	1.3322	0.73086	0.89834
-0.10935	-0.26947	6.8455	1.8428	-0.007292	-0.072712	0.51497	1.2841	1.0484	0.60089	-0.72639	10.145	0.32972	0.59875	1.0099	0.78872	6.7048	-0.83028	-0.17847	0.28177	8.4624	-0.17	1.1751	1.6203	-0.56423	1.6318	7.748	0.77783	-5.6514	1.0586	1.4993	0.47242	0.21859	1.1341
-0.17431	-1.4346	-1.1014	-3.985	0.81085	3.111	-2.4838	-3.2055	2.6513	-1.9851	-2.4949	2.2054	-2.5353	2.8975	-1.6928	-0.72432	0.49206	0.40499	1.1025	1.3186	-0.45483	-3.0862	1.5211	-1.3915	0.54809	2.5687	-2.1494	2.2857	-2.6339	1.8724	2.444	-2.8484	0.44985	3.2489
-2.1535	-2.7456	-2.1545	-1.4799	-0.83569	2.576	-2.1665	-2.2188	2.7687	-1.6457	-3.4863	4.1988	-2.0442	3.6225	-2.4488	-1.912	3.091	-2.3628	1.4404	1.6548	3.0488	-1.9559	2.7842	-3.0202	1.8526	4.0341	-2.6705	2.6617	-3.3631	2.5033	3.2147	-3.2727	3.3432	3.32
-1.6824	-1.4218	-2.4897	-1.9148	-3.2943	2.6121	-3.012	-2.8511	3.5585	-0.83299	-2.1519	5.6465	-1.7063	3.7456	-1.8619	-2.3467	3.2253	-1.8679	-1.9082	4.3959	4.3834	-2.984	3.0903	-2.3053	2.7057	5.1728	-2.2025	3.2673	-3.2096	3.4778	4.1261	-2.459	4.235	2.7322
-1.6042	-2.2949	-1.8149	-2.1158	-2.0848	4.4543	-3.5355	-2.035	3.1863	-1.1839	-3.4314	6.3261	-1.883	4.6293	-0.52501	-1.145	4.7427	-2.5021	-2.6362	5.3699	4.9468	-3.68	3.8625	-1.9122	3.8514	4.1072	-2.4274	3.9635	-2.3716	4.7021	4.8147	-1.6833	4.3826	4.1192
-2.5506	-2.118	-2.3339	-2.5806	-1.2035	4.2368	-1.9436	-1.5172	3.7505	-0.80107	-3.1697	8.2344	-0.73541	4.9295	-0.54531	-2.7904	5.0654	-2.6868	-3.3919	3.5533	5.381	-2.4139	4.378	-0.78714	4.3599	4.8831	-1.1267	3.5948	-1.6905	4.6654	4.5913	-2.1118	4.64	4.7434
-2.0633	-2.5784	-1.2574	-2.0239	-2.6966	3.7851	-1.9976	-1.956	4.5596	0.099583	-1.6746	10.723	-1.1937	4.4013	-0.59502	-1.8358	4.3896	-2.8756	-2.5472	3.4899	5.1236	-3.4565	5.6092	-1.3101	4.7287	4.5014	-1.0641	4.5968	-2.2249	5.3788	4.7389	-1.0627	4.8973	5.3717
2.9525	-1.7887	1.635	0.52817	-0.60946	0.063053	-0.027354	0.95059	1.5305	-1.2437	-2.5772	2.0471	-0.69339	1.7289	-2.0136	-2.4532	2.5444	2.3635	3.1387	2.2875	-2.9084	0.28061	3.125	0.069131	2.3457	-2.699	3.0617	2.6546	0.40356	-0.43042	-1.0183	1.3861	-3.0542	-0.7909
2.1198	-4.5755	1.7409	1.7961	-1.6018	1.2888	1.5811	2.3289	0.98806	-0.070412	-3.9426	3.4602	1.7726	1.8279	-1.3788	-1.8673	2.1705	1.9025	3.1634	2.7422	-1.2184	0.29896	4.1183	-1.3121	2.1904	-1.8271	4.9691	2.4683	-0.73486	-1.4354	-1.6217	4.2795	-1.6226	-1.5209
2.1605	-4.7125	1.8549	1.9864	-4.066	2.0244	2.5505	2.4281	-0.67461	0.99083	-4.4479	4.4827	2.5665	1.7085	-0.66867	-1.1427	2.702	1.6521	3.3455	2.4153	-0.32525	0.88979	4.9649	-0.76181	0.81017	-0.12915	5.6241	2.4866	-1.6085	-0.92997	-0.64164	6.019	-0.72045	-0.66572
1.563	-5.1291	1.1803	1.6257	-4.6182	1.8579	2.3536	2.0736	0.3863	1.4614	-4.8505	6.6989	2.4772	1.2579	0.541	0.032484	2.8566	1.3039	1.2232	1.478	0.9043	0.87318	6.1341	0.73628	0.15496	0.95668	6.7462	0.81644	-0.63201	0.34449	0.48328	7.1639	0.66568	0.73709
1.5671	-5.2124	1.2773	1.4617	-4.8999	1.6323	2.1322	1.8627	0.93251	1.686	-5.1291	8.6564	2.2327	1.229	1.3818	0.90327	2.6953	1.0499	0.28594	1.3671	1.759	0.67442	7.0301	1.3398	0.46671	1.5627	7.6597	1.0493	0.59031	1.1418	1.0387	7.6782	1.2092	1.2358
1.7039	-5.0562	1.5435	1.5951	-4.9385	1.5886	2.0775	1.992	1.2608	2.0051	-5.1695	9.6977	2.2414	1.4352	1.8834	1.4161	2.571	1.0984	0.37862	1.5706	2.2789	0.70991	7.5574	1.7936	0.87289	2.0225	8.2214	1.4345	1.078	1.6405	1.3774	8.0763	1.633	1.6464
0.29189	-0.16399	-0.021746	-1.1997	2.8313	3.0269	0.085176	3.0935	-0.2773	-0.46446	-1.801	-1.9264	2.0897	1.4233	0.1868	2.0666	0.074571	0.32632	-1.8006	0.55151	-2.2434	-2.812	1.1512	0.68175	-1.7606	-0.58856	0.81582	0.34733	-2.3388	-2.0774	-3.1337	-0.51394	-0.07231	-2.136
0.64772	-0.34117	-0.159	-0.065801	1.4015	1.2883	1.5211	6.4743	-0.43826	0.20987	-4.7385	0.64549	1.852	-0.17506	0.29363	0.58788	1.7167	-0.27745	-1.6398	0.087764	0.2038	-4.0825	-0.031879	0.11112	-0.93548	0.26561	0.49304	-0.25829	-0.91488	-0.015516	-0.48235	0.12742	0.010601	0.019435
0.80851	0.24856	0.44485	0.58643	0.74193	0.93042	1.4068	7.2299	0.14926	0.78247	-5.7552	2.0348	1.4276	0.38304	0.72668	0.36693	1.8901	0.064214	-1.3892	0.53202	1.0418	-6.0501	0.16453	0.60724	-0.38374	0.80476	0.81566	0.23432	-0.12712	0.48511	0.25047	0.6469	0.48977	0.50141
0.94046	0.46324	0.78185	0.82126	0.6166	0.84962	1.3359	7.4978	0.51429	1.2278	-5.8958	3.0378	1.4586	0.67206	1.1674	0.71706	1.8207	0.29315	-1.3202	0.81204	1.5544	-6.2751	0.57057	1.0586	0.097153	1.2704	1.2446	0.67753	0.32894	0.92586	0.63298	1.046	0.91647	0.92105
1.0332	0.68227	1.077	1.028	0.64346	0.87303	1.3555	7.7084	0.84612	1.6072	-5.8714	4.643	1.5972	0.92615	1.6077	1.1446	1.7993	0.47556	-2.3155	1.0684	2.0074	-6.1829	1.0052	1.4899	0.50953	1.6812	1.6737	1.0732	0.70163	1.364	0.99388	1.4153	1.4222	1.3874
1.2335	0.92005	1.3795	1.2478	0.71617	0.94012	1.4201	7.9284	1.1861	1.9931	-5.8011	7.337	1.7561	1.1872	2.0792	1.6137	1.8274	0.65442	-4.8886	1.3352	2.4834	-6.0231	1.4755	1.9292	0.91514	2.1017	2.1368	1.474	1.0779	1.8216	1.3649	1.7894	1.7941	1.7548
-3.0847	-2.2501	2.9517	4.0174	-3.1082	-1.7883	3.2388	-2.8028	1.6078	1.4031	1.4871	-2.613	-1.5828	3.6892	0.97461	-0.91624	2.3172	-1.6938	0.21622	3.2965	2.2984	-1.3389	0.7334	-1.05	3.1616	-2.3922	-1.7026	1.6051	-3.4421	0.19019	1.7259	1.0915	-2.5034	0.033552
-2.6619	-2.6676	3.0489	2.7125	-3.7655	1.096	2.9448	-2.1106	3.5948	3.3178	0.11273	-2.7071	-0.94951	2.5552	3.5652	-2.1853	2.035	-2.9714	-2.0071	2.9964	3.3338	-3.085	1.6868	-0.86492	2.3329	-1.9096	0.34414	2.1999	-1.9589	-1.3007	3.5848	3.9703	-3.2949	2.2636
-3.0553	-2.4741	3.5423	3.6735	-3.8563	1.2782	2.6605	-2.1175	3.9464	3.8831	1.5585	-0.30116	-2.149	3.3137	3.7826	-1.6576	1.7521	-3.1838	-3.0824	3.2529	4.7698	-3.0891	2.0944	-0.63716	3.2708	-1.673	-0.63703	3.7352	-2.1465	-1.2936	3.7427	4.5201	-1.9595	4.5302
-2.2822	-2.4901	4.3899	3.8379	-3.6894	2.495	2.75	-1.6883	3.6406	4.1594	1.642	0.99457	-2.1167	4.2177	4.1665	-1.9054	2.8786	-3.5733	-3.3414	3.7449	4.3336	-3.8702	4.3522	-1.8819	3.3193	-1.2728	-1.9032	4.0427	-2.7917	-2.3231	3.1616	5.4682	-2.9999	4.049
-2.2744	-2.7179	4.8247	4.7302	-4.4029	3.7797	3.3177	-0.93412	3.5949	5.2777	2.9411	3.8386	-1.7903	2.8339	6.031	-3.0089	3.5578	-2.3916	-2.8947	3.225	5.5946	-4.0973	4.4066	-0.82311	3.1172	-1.0038	-0.42919	4.1472	-2.4673	-0.63106	4.5605	4.5324	-1.8988	3.8555
-2.3714	-2.7499	4.6382	4.4226	-2.4976	3.201	4.1294	-1.8715	4.2593	5.019	3.669	4.8913	-0.36804	4.7463	5.3761	-2.1225	4.5048	-2.9167	-1.7346	5.1811	5.4259	-3.1899	3.919	-1.7452	3.9138	-1.431	-1.3564	4.1012	-2.0147	-2.3092	4.3961	4.6628	-1.6889	4.7088
0.33163	-2.084	-1.1627	3.1611	0.48693	-0.88993	3.3892	2.1646	-1.6086	-2.884	1.0668	2.072	-2.3695	-2.7654	0.11942	0.75887	-0.21317	-3.9594	0.80912	2.514	2.6671	-1.8663	-0.64986	-1.0172	0.48197	0.77652	-1.1886	2.3047	1.8328	1.6151	-0.70548	-2.9967	0.77352	2.5174
4.2677	-3.5894	-2.9726	2.8575	0.5735	-1.917	4.7642	3.7474	-2.6626	-0.89414	0.60886	3.3305	-1.6024	-2.589	2.9928	2.1991	0.62918	-3.5086	0.65369	3.7067	4.1852	-3.0591	-1.8679	-2.9603	0.27966	3.0951	-0.79702	3.3861	3.5617	3.0588	-2.63	-3.0667	3.4254	3.1725
4.006	-2.8112	-2.7509	3.3693	-0.67274	-3.7472	4.698	4.7516	-2.8719	-2.0973	-0.92598	5.2999	-2.867	-3.0857	4.3414	2.9649	3.0392	-2.54	0.8606	3.1176	4.2752	-2.958	-2.2265	-1.7504	-2.7961	4.7329	-2.0415	4.4771	4.031	4.7663	-2.5791	-2.026	3.966	3.3502
4.8189	-1.9277	-3.1388	3.6592	-2.3864	-2.2669	3.8079	4.2505	-2.4651	-1.411	-2.582	5.8874	-1.4681	-1.9733	4.724	4.4682	4.0111	-3.0179	-2.5178	4.2038	4.8276	-2.539	-1.6626	-2.3074	-2.2681	5.6846	-1.0368	3.968	2.71	5.1407	-2.2656	-1.6618	4.1374	4.522
4.8524	-2.2178	-1.6189	5.2748	-2.3681	-1.7465	4.1074	4.6367	-1.5635	-1.272	-2.6733	8.5399	-1.9139	-1.2548	4.6751	4.6256	5.4789	-1.5999	-2.3169	4.7155	5.5238	-2.9629	-1.0425	-0.52398	-2.0361	5.8024	-1.538	5.0808	4.3389	5.13	-1.6191	-0.13489	4.9439	4.8531
3.9159	-3.1044	-1.4684	4.1538	-1.8396	-1.9311	4.5911	4.8526	-1.4495	-0.65664	-2.8284	10.682	-1.5335	-2.2165	5.4184	4.7113	4.8872	-2.7023	-3.2666	5.5281	5.336	-3.004	-1.3763	-1.9215	-1.2414	5.5023	-1.1876	4.9095	3.9823	5.479	-1.7919	-1.7799	5.408	5.3599
-1.2097	0.44657	-0.16817	2.6306	0.029967	-0.76358	0.072206	-1.6	3.3205	-1.0854	-2.1605	-0.56674	0.28667	0.18186	1.537	-2.8478	-0.88386	2.2293	-1.061	0.84842	-1.5265	-1.8359	-0.28354	1.3422	3.6291	2.8345	-2.344	-1.0383	-1.6569	-0.64813	3.7205	-0.52202	2.3394	2.5554
0.28539	0.78811	1.6646	0.19435	0.39956	-0.45564	0.097501	1.2008	1.6147	0.43367	-1.0406	0.74575	1.4957	0.77038	2.9739	-3.2008	0.030691	1.251	-3.2834	0.96527	-0.85898	-2.752	-2.2658	3.6992	1.7691	2.8033	-1.3177	-0.90234	-3.1983	-2.4999	2.2812	3.2459	2.7424	4.0878
2.0022	1.4653	1.8606	1.6803	-0.14338	0.61632	0.55726	2.0554	2.3465	1.7729	-1.0119	4.014	1.9034	1.8552	2.6989	-3.3089	1.4454	0.56061	-3.41	1.6237	2.1265	-4.8649	-2.747	4.1431	2.6561	3.7988	-3.2816	-2.0001	-4.1655	-3.1367	2.094	2.4919	3.4247	2.7146
2.3515	2.2637	2.4803	1.738	-0.50186	0.86689	1.7833	1.9566	2.5897	3.0654	-0.24854	4.0586	2.5564	2.1103	3.3332	-3.5417	2.2154	0.8838	-4.0896	2.0149	3.2971	-4.8987	-3.7817	3.2845	3.7822	3.8856	-3.0526	-4.0411	-3.3253	-2.911	2.1413	2.9608	3.2325	2.7967
2.9215	2.4937	2.4149	2.8481	0.21706	1.2313	1.5425	2.5624	2.4305	3.1891	0.060938	4.837	2.3393	2.626	3.2886	-2.316	2.4478	1.6092	-4.755	2.5814	4.2706	-4.5182	-3.7709	3.7466	3.1836	4.2236	-1.89	-3.7198	-4.2031	-3.0529	2.7948	3.6816	3.8462	2.5232
1.831	2.7127	2.8914	1.7187	1.5184	2.2733	1.502	2.7707	1.7365	4.4898	1.6473	7.3634	3.409	2.2937	3.2477	-2.4049	2.2439	2.539	-3.6511	2.4217	4.9198	-4.9958	-3.353	3.7326	2.2796	3.7204	-2.5077	-3.1341	-3.4507	-3.0453	2.1896	3.9193	3.5025	3.3247
1.8465	-1.3823	0.208	-1.8236	-0.99089	-0.117	1.6141	2.4562	-1.6515	-0.96297	2.3556	-1.0655	2.4922	1.0159	-2.0116	2.1303	0.67449	0.57808	-1.6171	-3.1362	-1.5195	-1.2099	1.3723	3.0048	-2.6781	1.6925	3.2169	0.26477	-2.0242	0.90485	0.28845	-2.3762	2.1957	1.4147
-1.8363	-0.95616	-1.3856	-1.6276	-1.6524	0.87239	2.045	5.2313	-2.2617	0.70555	0.078964	0.80718	4.3333	-1.7878	-2.6568	2.7681	2.2477	-0.2928	-2.6294	-2.2016	-0.17106	-2.2657	3.0936	4.0281	-3.471	4.0057	3.4444	-0.16888	-2.7104	3.2972	-1.9872	-1.3307	3.4637	4.104
-1.8364	-1.9133	-1.7076	-1.6928	-1.6434	-0.47955	2.1595	5.772	-1.9999	-0.59852	-0.12654	2.0801	4.9273	-0.34081	-1.3939	4.5109	2.056	-0.86564	-3.6404	-1.371	-1.6963	-1.8256	3.9281	4.3201	-2.9237	5.1448	4.3814	-2.4573	-2.0846	4.5614	-0.98777	-1.8983	4.0284	4.9594
-0.75778	-1.0861	-1.4261	-1.1891	-1.8088	-2.2266	4.1736	5.3459	-2.0644	-0.36249	-2.0343	4.6218	6.6393	-1.0838	-0.82187	4.3045	3.5915	-1.1571	-3.0321	-1.3751	-0.80055	-2.2707	4.0974	6.0526	-2.1656	6.8351	5.8845	-2.5123	-1.1395	4.7037	-1.399	-0.11285	5.4519	4.7029
-1.0012	-1.1222	-0.55545	-0.60804	-1.429	-0.94474	5.3679	5.6464	-0.82426	0.29259	-1.9778	7.4377	5.3107	-0.3244	-1.2976	4.9923	5.5061	-1.6547	-1.9353	-2.3276	-0.31403	-1.7749	5.2572	5.8434	-1.3933	6.038	5.6559	-1.3898	-1.2508	5.4944	-0.7133	-1.3388	4.7447	5.3448
-1.1367	-1.2904	-0.95745	-0.3105	-1.1717	-1.885	5.5464	6.0448	-1.0841	0.22827	-1.7434	7.5418	6.3823	-0.84311	-0.25008	5.6283	5.7904	-1.7282	-1.7429	-1.0898	-0.2915	-1.8673	6.1396	5.7228	-0.85224	6.2466	6.2539	0.065944	-0.92126	5.5047	0.23132	-0.48661	5.0504	5.8716
0.096862	2.8278	-1.7299	-2.1221	-3.108	2.119	2.0911	1.5186	-1.4732	-0.38015	-1.1748	0.63683	2.5754	1.0481	0.44747	-0.0024298	1.4852	2.5244	1.7552	-1.3824	1.0531	-2.5018	3.4921	-1.9024	-0.7086	1.0666	0.94273	2.0584	0.49583	-2.0599	1.4406	-1.7078	1.0009	1.9136
1.9243	1.807	-4.3153	-4.576	-3.6185	2.2733	2.4846	3.3139	-3.7783	0.76348	-4.1952	2.2396	3.2307	2.0579	2.0367	1.7493	2.5587	1.3159	0.5525	-4.0005	3.0475	-3.6471	1.227	-4.5823	-3.3142	0.97772	0.071287	2.6904	0.92542	-1.0526	2.8714	1.5241	1.7148	1.5473
1.6053	3.1878	-3.6087	-3.833	-3.6432	1.6282	2.5473	3.4035	-4.3395	2.667	-3.8584	3.3863	3.9984	1.4626	2.7932	2.5537	2.2949	1.4137	1.1304	-3.0422	2.6846	-3.6251	2.6364	-3.6296	-4.2448	3.3375	1.9643	1.5094	0.45197	1.7662	1.5708	2.3383	2.5713	2.4355
2.4199	1.8644	-4.3083	-3.0172	-3.315	3.0107	2.423	2.536	-4.7	3.0818	-4.7093	4.9561	3.1799	1.8563	2.3166	1.5425	3.5635	1.497	1.4148	-3.3881	4.1289	-5.163	1.9967	-3.2451	-5.6327	3.4079	2.8724	2.2143	2.4037	2.7879	2.0162	2.6923	1.9547	2.6972
3.0583	2.4208	-4.3784	-2.9537	-3.2343	3.3412	3.579	2.7206	-4.9522	2.1971	-3.9632	6.7177	3.227	2.9141	2.7686	2.7378	3.6442	2.123	1.6052	-4.118	3.8124	-4.544	3.0569	-3.5171	-5.0264	3.1465	3.4788	2.9119	2.4691	2.2117	1.7803	3.0268	3.273	2.4299
2.5216	3.2597	-2.9802	-4.1525	-3.5131	1.5549	3.2283	3.625	-4.0111	4.1909	-3.113	9.3361	3.8113	3.0645	4.1695	2.5154	3.1119	2.0446	1.8074	-2.7962	3.2577	-4.696	2.3054	-3.2993	-3.7429	3.7066	3.6693	3.1874	2.6359	3.7878	2.8999	3.8743	3.1477	3.6847
-2.8231	-1.9818	-2.8533	2.4181	2.1339	-2.398	-0.56259	-2.385	0.45274	2.8222	-1.5299	3.0764	-0.94321	-1.8305	1.0414	2.9726	0.77055	-2.741	-0.79436	-2.0959	-1.6876	-2.8121	2.523	1.8419	-0.79747	2.0853	1.5941	0.7653	-0.66509	-0.88373	-2.582	-0.99427	0.30565	-0.24776
-1.5717	-2.0013	-1.3133	4.555	2.7895	-2.3698	-0.13379	-1.3784	-1.1462	4.9173	-2.9246	5.1597	-1.1705	-1.7153	0.70506	1.6339	1.1514	-2.415	-0.85708	-1.4509	0.5718	-2.771	0.63763	0.76705	-1.4226	3.1715	1.0047	-0.12453	-1.0924	0.50908	-0.9547	-0.16233	0.24269	0.043203
-0.91503	-1.3537	-0.73586	5.2326	2.6936	-3.4072	1.3089	-0.65197	-0.79239	6.1746	-3.2707	6.4234	-0.67485	-1.0183	0.54234	0.29827	2.2039	-1.7976	-0.94524	-0.84416	0.88798	-2.2719	-0.0057324	0.095543	-1.3646	5.9589	0.79009	-0.44394	-0.90974	0.25759	-0.56917	-0.2956	0.031079	-0.057289
0.24642	-0.71702	-0.20071	5.9366	1.5488	-4.5515	2.2569	0.062772	-0.35597	6.6178	-4.9213	7.5308	0.10543	-0.38795	0.5458	0.1011	2.7263	-1.092	-0.95851	-0.22267	0.9846	-1.7114	-0.055058	0.31221	-0.78044	6.7207	0.72028	-0.17172	-0.56362	0.28252	-0.27942	0.22282	0.17057	0.14075
0.60651	-0.1426	0.29785	6.5469	0.76367	-5.218	1.6433	0.67022	0.077732	7.0477	-5.7616	8.5548	0.80862	0.15863	0.80368	0.33957	2.4066	-0.41519	-0.79468	0.31348	1.2326	-1.1397	0.20155	0.66813	-0.30782	7.1692	0.9243	0.25021	-0.11793	0.56236	0.14959	0.64953	0.50439	0.49986
0.76336	0.22878	0.6438	6.8949	0.56451	-5.4343	1.3699	1.0132	0.40536	7.4287	-5.952	9.6987	1.1754	0.49961	1.1392	0.67341	2.0263	0.011553	-0.55012	0.64446	1.5587	-0.58541	0.53715	1.0293	0.091771	7.5475	1.2437	0.62742	0.25502	0.90261	0.51446	0.98501	0.8457	0.84574
0.14567	1.7717	-3.3979	-0.014515	0.28039	-1.8279	0.64829	-2.1548	0.23043	2.364	-0.077337	-0.55376	-2.2145	-2.8525	1.6075	1.7479	-0.83931	-3.0507	-0.58834	1.6967	2.6933	0.80325	3.3033	2.588	-2.6945	0.74869	0.37644	-2.4057	2.404	-0.064756	1.6809	-2.6223	-0.79206	0.56397
0.68334	2.5037	-2.9231	-1.0116	-0.11224	-0.1548	1.2955	-0.26581	0.76872	3.4497	-1.9125	0.90307	-0.16447	-3.5398	3.9921	2.4165	0.86432	-3.9862	-3.2844	1.8534	4.1582	0.26325	2.7377	2.9731	-4.495	3.8238	1.9186	-3.6351	3.2241	1.5005	2.4067	-3.073	-4.0684	3.4032
2.0443	1.2862	-4.6346	0.7155	0.55104	1.0972	0.6793	1.6798	1.8027	2.2677	-0.4322	2.3061	1.0081	-3.9095	2.7037	3.1469	0.89045	-5.2353	-3.1485	1.4195	4.8268	0.99546	2.1547	3.1891	-3.4299	3.3716	3.1945	-3.6311	2.388	2.4654	1.3745	-3.6883	-3.4921	2.4859
2.1656	1.595	-4.1142	2.0714	1.0077	0.12901	0.23388	1.9069	2.7738	3.1903	0.82353	3.355	2.7709	-4.495	3.035	2.7764	2.476	-5.0109	-4.4302	1.2361	3.2008	1.2168	2.2944	3.019	-5.0373	3.3845	3.7086	-3.3162	2.7454	3.2088	2.9242	-3.1008	-4.0735	3.1606
2.0649	1.916	-3.3768	2.6199	1.0292	1.2246	2.2655	3.67	3.3399	3.0411	1.0056	4.6577	2.8543	-3.6975	3.4595	2.5448	2.5063	-4.0658	-4.6005	1.819	4.5579	0.33787	2.1971	2.4584	-3.6511	3.1543	3.9014	-3.8028	2.6905	4.7263	2.1546	-2.5964	-3.1764	2.8475
2.1004	3.0139	-3.9714	2.894	0.97662	2.0112	1.5752	3.1368	2.5974	3.2768	1.0969	7.1331	3.3051	-3.401	3.6099	3.985	1.5819	-3.4916	-4.5462	2.9061	4.0833	2.0368	2.9677	3.1838	-3.8527	4.3118	3.9372	-3.2561	3.0828	3.4156	3.0743	-2.6431	-2.7791	2.8298
-1.7617	-2.6198	2.8285	-3.0372	-2.4199	-3.0621	-1.7821	-3.0682	0.89458	0.1067	-1.598	-1.9233	-2.5693	-0.82619	-3.0911	0.64496	-0.13279	-1.205	1.5351	2.1311	-1.4919	0.089415	-0.33426	-0.99719	2.1298	3.0301	0.7942	-2.0016	-2.3675	0.5022	-1.0768	-1.4558	0.3155	-2.0064
-1.4857	-1.8354	4.9548	-1.6784	-2.1114	-1.8988	-1.3396	-1.2885	-1.2784	-0.141	-2.3606	-0.48928	-1.4223	-1.5952	-0.83763	-0.38292	-0.60746	-2.0151	-0.94972	4.5238	-0.0080472	-2.0053	-0.67277	-0.59445	1.692	5.5815	0.34673	-1.1436	-1.7143	-0.35018	-1.0279	-0.71196	-0.61616	-0.67266
-1.0183	-1.3887	5.4401	-1.0968	-1.7804	-1.5397	-1.0507	-0.68653	-1.0298	-0.12659	-2.03	0.53566	-0.721	-1.1018	-0.12485	-0.46298	-0.6896	-1.7113	-1.3586	5.3126	0.35017	-2.0355	-0.61762	-0.075528	-0.65207	6.5887	0.20362	-0.45942	-1.088	-0.21853	-0.8549	-0.19256	-0.37323	-0.39199
-0.69321	-1.0384	5.7522	-0.71396	-1.4492	-1.2416	-0.7613	-0.30769	-0.73442	0.1165	-1.6976	1.5721	-0.27067	-0.75336	0.1888	-0.26039	-0.47609	-1.3456	-1.3022	5.6751	0.62324	-1.7526	-0.39749	0.12686	-0.71675	6.7079	0.36276	-0.30778	-0.78111	-0.007157	-0.56691	-0.019803	-0.13497	-0.15175
-0.52549	-0.77328	6.0001	-0.44384	-1.1746	-0.97799	-0.50131	-0.039134	-0.49359	0.36718	-1.4187	3.3457	0.029878	-0.49622	0.43637	-0.029089	-0.20962	-1.0612	-1.1442	5.9312	0.86806	-1.4752	-0.16387	0.33911	-0.55582	6.8885	0.57834	-0.098606	-0.5364	0.21431	-0.31294	0.18688	0.097096	0.081657
-0.28821	-0.56566	6.2098	-0.23831	-0.96211	-0.76281	-0.28657	0.16516	-0.28337	0.59028	-1.2038	5.991	0.23957	-0.29022	0.66076	0.19253	0.020736	-0.85329	-0.95465	6.1357	1.0947	-1.2586	0.058208	0.55222	-0.35623	7.0917	0.79778	0.1108	-0.32208	0.43202	-0.098082	0.39437	0.31299	0.29679
-2.7903	-2.9261	-1.3407	-2.654	2.5156	2.1767	-0.65501	-2.0773	-0.43676	-0.52615	1.4366	-0.58735	2.8374	2.5873	2.8349	-0.96711	-1.3173	2.4285	-1.821	-2.3181	0.12884	2.5463	-0.61211	-1.785	-2.6455	2.7196	0.64603	-0.76935	1.0358	1.835	-1.0457	1.2099	-1.86	2.8807
-2.4056	-2.6594	-1.9812	-2.3641	1.681	0.90824	0.77873	-1.8871	-2.2382	-1.0486	1.4938	1.0371	4.1468	3.9119	4.5986	-1.6767	0.63681	3.1631	-2.6026	-2.2591	0.096281	2.8448	-1.7219	-1.8894	-2.9301	4.3914	2.9974	-2.0385	-1.3835	3.5982	-2.0484	4.5345	-1.784	4.4735
-2.0727	-2.4421	-1.9447	-2.1112	1.0869	0.92893	1.7048	-1.6945	-2.1659	-1.2112	0.60961	3.7596	4.6094	4.117	4.9871	-1.6976	1.6667	3.5345	-2.6922	-2.0349	-0.23063	3.1335	-1.8183	-1.4975	-2.4296	5.0029	4.6813	-1.8845	-2.161	4.5581	-1.9961	4.729	-1.602	4.6411
-1.1596	-1.9808	-1.5379	-1.6127	0.027953	0.4111	1.3987	-1.2053	-1.7582	-1.0157	-0.37957	5.6342	5.1749	4.5836	5.2738	-1.4672	1.8626	4.029	-2.5651	-1.5527	-0.38658	3.5374	-1.5999	-1.1478	-2.0793	5.3724	5.2846	-1.5552	-1.9267	4.9907	-1.6786	5.1215	-1.3039	4.9639
-0.75863	-1.4855	-1.0873	-1.095	-0.60213	-0.22644	0.4965	-0.68929	-1.3306	-0.63553	-0.86754	6.8324	5.7503	5.0669	5.627	-1.1208	1.4277	4.5702	-2.3308	-1.0679	-0.19357	4.0183	-1.2566	-0.76492	-1.6915	5.7621	5.701	-1.1558	-1.5205	5.3801	-1.2557	5.5257	-0.93146	5.3528
-0.55501	-1.121	-0.7325	-0.74413	-0.75002	-0.4376	0.11829	-0.34223	-0.98168	-0.25374	-0.99063	7.8344	6.1119	5.4168	5.9987	-0.75005	0.89723	4.9596	-2.0533	-0.7227	0.13873	4.4526	-0.88649	-0.38578	-1.3093	6.1396	6.088	-0.77543	-1.1428	5.7604	-0.87883	5.8746	-0.56565	5.7212
-2.6683	-1.4046	1.3732	3.0523	-0.0097364	1.7296	2.0272	2.5789	-2.6548	-0.75644	-0.948	1.258	1.9354	-0.10135	2.1401	-1.1857	-0.14323	-1.1218	2.0698	1.3117	1.8803	-2.9074	-1.976	1.3018	-1.9615	-3.2158	-0.51675	3.2077	-1.8057	0.071753	-0.86628	-4.2183	-0.29795	2.6142
-1.3816	-1.3697	0.45289	5.0733	-1.089	-1.6516	1.0911	5.0777	-1.5135	1.2325	-0.52881	3.1568	4.6096	-1.1769	2.1851	0.45664	0.24201	-0.79212	1.1669	0.89426	2.1878	-1.4744	0.088033	2.9492	-3.208	-1.8774	0.63791	2.7709	-2.5326	2.0278	-0.26755	-1.363	1.3107	1.0981
-0.16315	-0.32328	0.69914	5.6626	-0.40507	-0.38534	-0.37328	6.2751	0.0302	2.2544	-1.3084	5.7449	6.0676	-0.55191	1.6342	0.54459	0.70583	0.11121	-0.37222	0.26312	2.5343	-2.4199	0.57452	1.0696	-5.0913	0.50717	1.5058	1.7712	-2.5921	1.6454	0.33545	1	1.4534	1.138
0.014989	0.36915	0.68254	7.1941	-0.6501	-0.18114	-0.43573	7.1502	-0.74978	1.281	-0.80463	7.957	6.9697	1.3494	1.9571	0.4986	0.15888	-1.4071	-0.93206	0.99512	1.6454	-0.34034	1.4749	0.50881	-6.1658	0.83944	1.6382	0.74452	-4.6201	0.98541	0.21149	0.99823	1.215	1.7314
1.1356	0.93503	0.62328	6.5396	0.7374	0.98349	0.92589	7.6706	0.079839	1.0163	0.15119	8.2012	7.2899	1.4429	2.2786	1.8388	0.15388	0.35308	-0.43767	-0.2565	2.2564	-0.7965	0.79083	2.0324	-5.5692	2.3845	1.8784	1.2653	-4.7265	1.0753	1.3864	1.4596	1.496	1.1408
0.80926	1.1171	0.98646	6.9987	0.15044	0.47754	0.41806	7.7053	0.1407	1.5574	0.014015	9.4815	7.315	1.3409	1.3617	1.7385	0.95098	0.51896	0.57444	0.89857	1.3586	0.1151	0.90084	1.775	-5.5839	2.0985	1.7967	1.5192	-5.4895	2.3518	2.2758	1.6969	1.2495	1.4081
0.38451	-0.90417	-2.2895	2.3437	-2.4898	0.0497	-3.0742	3.404	0.57195	2.5397	-0.37987	2.9156	-1.4766	2.4185	2.644	-1.3003	0.96501	0.85912	2.5763	-1.1736	-2.8737	2.1185	-1.586	-1.8837	1.2453	-1.3795	2.6645	2.4737	2.303	0.087098	2.0727	-2.3752	0.17286	1.1308
2.235	0.50416	-5.0489	1.0378	-3.5706	-1.1206	-3.1912	2.1434	0.86147	1.7645	-2.2335	2.9043	1.2216	1.4398	2.7792	0.69434	2.0609	-0.23101	0.99759	-0.23189	-3.7716	1.0912	-3.0914	1.351	0.43978	-0.44484	2.1214	1.6961	2.6368	1.0413	0.30594	1.5486	1.3832	1.9096
1.8747	1.6455	-4.566	1.835	-2.8048	-2.9898	-3.0932	2.2959	2.4526	2.997	-2.6295	4.6474	1.3922	1.4824	2.5054	1.6315	3.7701	1.6085	0.17251	1.6434	-3.3397	0.8505	-4.1922	2.9942	1.9175	2.0019	2.3562	2.4695	1.5203	1.797	2.0592	2.3361	1.8155	2.6101
1.7169	1.9425	-4.4468	2.6626	-3.4289	-3.4253	-3.6654	3.0963	1.63	3.0741	-3.0442	6.4321	2.6556	2.856	2.9739	1.4129	3.2029	1.8535	1.3441	2.0169	-3.3567	1.1861	-4.2031	2.6529	1.5389	2.7715	2.4272	2.7899	1.5716	1.7647	1.8417	3.4945	2.1736	2.209
2.935	1.8704	-3.1575	2.7659	-4.1425	-3.714	-3.454	3.4466	1.8333	3.8366	-4.5734	9.4147	3.2578	2.6815	3.3272	1.8336	3.4008	2.215	1.5572	2.0801	-2.9163	0.45512	-2.956	3.4337	1.7677	2.908	2.8211	1.8649	1.0816	2.1697	2.7627	2.1442	2.4594	3.6068
2.7329	2.4312	-4.1868	2.493	-3.8512	-4.5321	-3.1484	3.1739	2.7742	3.4449	-4.6367	9.2909	2.5571	2.2814	3.6742	3.0159	3.0093	1.7958	1.2191	2.3808	-1.5878	2.1759	-4.1354	3.5677	2.3526	3.3173	3.3611	3.6589	2.1904	2.7758	2.6418	2.7541	2.7356	3.4248
2.1405	-2.3993	-1.9934	0.96358	1.2259	-2.6583	-2.7463	0.18715	1.3209	1.7282	-2.6058	2.3348	2.696	-0.58663	-1.7371	-1.0235	2.0044	-2.621	-0.0067475	0.69044	2.2434	-1.8189	-3.0077	0.30388	-2.6231	2.7184	-1.8955	0.60359	2.0392	1.6493	-0.39617	0.88201	2.095	2.2661
3.1543	-5.0619	-3.3297	2.0836	2.5634	-3.6125	-3.4448	3.0419	2.5823	2.4086	-4.304	3.4887	3.3974	2.7043	-2.3566	-2.9746	2.9998	-3.6921	-3.5182	2.2633	2.7759	-3.8678	-3.1148	2.8973	-3.2809	3.8287	-2.0878	3.1332	1.9413	2.7763	2.4995	2.7512	3.2337	2.391
2.181	-4.2691	-3.7351	3.4709	3.2492	-3.9972	-3.0847	2.1998	3.0183	3.6265	-4.652	4.2032	3.133	2.6144	-2.1344	-2.1564	3.3709	-4.2733	-4.3027	2.3581	4.3107	-3.67	-2.0129	1.6745	-3.9188	3.517	-1.7283	3.0262	1.9064	3.2305	3.5534	3.9499	3.1458	3.038
3.3589	-2.4976	-2.4519	2.542	2.3677	-4.2854	-2.4333	2.9886	2.4858	3.6008	-4.353	5.4573	3.8411	3.6195	-2.7901	-2.8605	2.8242	-3.358	-4.3831	3.1557	3.9785	-3.5498	-2.4094	4.0374	-3.6872	4.8065	-2.0118	4.4454	3.1577	3.2148	3.5758	3.6072	2.8825	3.8283
3.3068	-3.2679	-2.1889	3.2085	2.2299	-3.7773	-2.7506	4.1853	3.2827	3.9782	-4.2558	7.5044	3.6036	3.6459	-2.4006	-2.1834	3.9371	-2.1542	-3.3713	3.4512	4.3873	-3.8638	-2.5656	4.7163	-2.6522	4.0187	-1.5626	3.793	3.3668	5.3231	3.9518	4.088	4.0716	4.6512
3.7247	-3.4811	-2.9194	4.0209	3.7325	-2.471	-2.7819	4.2358	4.3387	4.5988	-3.8761	10.11	3.1714	3.248	-1.5116	-2.3019	4.0083	-3.5969	-3.444	3.9964	5.154	-3.9428	-2.9884	4.39	-2.8649	4.2833	-1.0777	3.6265	3.8074	4.4013	3.954	4.4688	3.6839	3.5266
2.0045	2.1733	2.1447	3.2262	-2.7249	0.17898	1.2848	0.97471	3.49	2.8107	2.0969	-1.9507	-0.63036	-0.39978	-3.0167	-2.2465	2.3796	-0.038415	2.1172	3.7161	-0.14129	-0.085664	-1.2783	-1.0457	-1.7894	-0.63959	-1.3501	-1.9042	-3.5228	-0.42067	0.013359	-0.15423	0.92068	-0.71615
3.1681	1.1047	1.5391	2.0574	-3.9696	1.9106	2.6251	3.3212	0.33046	3.6021	1.4197	-2.4068	1.9135	-1.6561	0.098201	-0.15357	2.2603	1.0598	0.44826	2.0293	0.82062	-1.519	-1.3353	-1.0971	-1.7431	-0.38684	0.53113	-0.14104	-3.3783	-0.13944	0.86062	0.60816	0.30203	0.59511
2.4076	1.0006	1.1036	2.2004	-4.4505	2.6671	2.0018	3.3629	0.32883	2.2182	1.3977	0.9751	2.0216	-4.0019	1.0802	0.82069	2.0549	1.1461	-0.54392	1.5442	1.4211	-3.2579	0.63432	1.4429	-0.26007	1.0427	0.78635	0.89885	-4.6306	1.5863	1.943	2.193	1.5933	1.4256
2.3322	1.8256	1.9932	3.1508	-4.803	2.1321	2.2215	2.9081	3.0706	2.2492	1.4546	3.4409	2.5597	-4.3316	2.3388	1.384	2.32	1.1902	0.71385	1.4623	2.5198	-4.425	1.3787	2.3884	0.77828	1.3224	2.661	1.6165	-5.0707	1.9407	0.40408	2.999	1.6669	2.0354
2.1634	1.3794	3.0403	1.6956	-4.2101	1.9394	1.9667	3.0314	1.9379	2.8758	0.6267	4.013	2.4212	-4.8519	2.2367	1.7486	2.9811	1.4659	0.31003	1.8139	3.1648	-5.0107	2.0052	2.0902	1.6672	2.8748	2.5186	1.778	-4.3732	2.8688	1.0641	2.3906	3.1819	1.1279
2.3773	2.1237	2.4079	2.1971	-4.9723	1.3592	2.6007	2.0904	1.7226	2.8695	1.7081	5.2626	2.5173	-5.0696	2.1342	2.9665	2.3475	1.457	0.59755	2.4995	2.9965	-4.9776	1.7508	3.8793	1.8051	2.8594	3.0017	2.6148	-4.654	2.535	2.8292	2.3965	2.3336	2.432
-2.6706	1.0258	1.2789	2.631	1.0053	1.1939	2.2214	-0.20158	-0.26075	1.9223	2.0395	-1.9441	-2.9788	-2.7832	-2.2424	-2.0635	0.79031	-2.9546	-0.17375	1.1206	-2.4191	-1.6575	-1.3246	-2.0551	-1.1071	1.891	-1.2583	1.7309	0.3314	0.34346	1.4485	1.7184	2.5173	-2.2723
-3.5023	2.394	3.1623	2.6654	1.7736	1.8302	2.3012	2.9295	-2.6576	3.5031	1.5541	-0.67249	-3.0196	-3.5492	-1.6439	-2.0189	2.2887	-3.9736	-2.3659	2.6229	-1.3463	-3.8696	-2.0053	-1.8864	-3.0781	4.2906	-0.97575	3.5327	-1.4396	-1.5779	2.6045	4.3493	4.3241	-2.0114
-3.2182	2.9373	3.5807	3.2233	2.1408	2.2861	2.7704	3.6267	-2.8477	4.3058	1.8787	1.7688	-2.6922	-3.0291	-1.576	-2.0383	2.9145	-3.7404	-2.8773	3.3746	-1.152	-4.0374	-2.1507	-1.7453	-2.7544	4.7597	-1.2611	3.9746	-2.6406	-1.7679	3.6647	4.3077	4.2863	-2.05
-2.7802	3.258	3.8392	3.5643	2.5335	2.7088	3.196	3.9724	-2.6094	4.584	2.2696	3.9741	-2.3245	-2.718	-1.4931	-1.9653	3.3748	-3.3969	-2.9477	3.7127	-1.0415	-3.7903	-2.0954	-1.6267	-2.5659	4.9109	-1.2904	4.1567	-2.5852	-1.712	3.8883	4.4377	4.397	-1.9233
-2.399	3.5792	4.1133	3.9005	2.9464	3.1284	3.6151	4.3063	-2.3564	4.8072	2.6832	5.1724	-1.9504	-2.4085	-1.3458	-1.817	3.8059	-3.036	-2.8735	4.0221	-0.89699	-3.4598	-1.95	-1.4661	-2.3859	5.0749	-1.1831	4.3502	-2.3844	-1.5719	4.1134	4.6365	4.5702	-1.7387
-2.0857	3.8776	4.3808	4.2067	3.3303	3.5141	3.9974	4.6109	-2.1033	5.0397	3.0721	6.161	-1.616	-2.1209	-1.1522	-1.6218	4.2093	-2.7084	-2.7286	4.308	-0.71057	-3.1363	-1.7557	-1.2665	-2.1816	5.2722	-1.0073	4.5677	-2.1524	-1.3809	4.3549	4.8599	4.7797	-1.5221
-1.9505	-2.958	-2.34	-2.3001	-2.3342	2.7334	-1.4241	2.78	0.86759	2.3395	-0.83478	-1.6567	-1.9636	0.28668	-1.5379	-1.2194	-3.0424	0.54943	2.9049	2.197	-3.0901	0.84168	-0.88365	-2.4237	0.25634	-0.52487	0.10738	2.4249	-2.2018	-0.41023	-2.7692	-0.74713	1.3965	-2.5427
-1.4837	-1.8894	-1.7133	-1.7884	-2.115	4.0998	-1.7044	4.8296	-1.5254	4.5386	-2.336	-0.30143	-1.2852	-1.8237	-1.3255	-1.6595	-1.7266	-1.1601	2.5358	4.3708	-1.3531	-1.3136	-1.6728	-1.2043	-1.5793	-0.50148	-0.43097	4.6256	-2.1068	-1.2085	-1.8812	-1.0594	4.8428	-1.4739
-1.3134	-1.6467	-1.2834	-1.3692	-1.9958	4.4275	-1.3845	5.3157	-1.4968	5.4391	-2.2393	0.69533	-0.88128	-1.4401	-0.73734	-1.1844	-1.1713	-1.7479	1.1667	4.9854	-0.41711	-2.0661	-1.3045	-0.7534	-1.6307	-0.47831	-0.49538	5.0973	-1.6341	-0.87646	-1.3348	-0.84681	5.4195	-0.90735
-1.1048	-1.3888	-0.9388	-1.0735	-1.769	4.6969	-1.1114	5.6109	-1.1352	5.9318	-2.0128	2.1168	-0.58938	-1.1301	-0.25125	-0.71454	-0.83948	-1.637	-1.0827	5.3039	0.13763	-2.0126	-0.84954	-0.36846	-1.3366	-0.1602	-0.14639	5.4648	-1.2361	-0.48104	-0.95749	-0.50821	5.7439	-0.57178
-0.95293	-1.1951	-0.71792	-0.8715	-1.576	4.9029	-0.90527	5.8149	-0.92565	6.2161	-1.8159	4.7959	-0.3862	-0.92706	0.010683	-0.4566	-0.59201	-1.47	-1.342	5.5013	0.43077	-1.8598	-0.59126	-0.11316	-1.0529	0.11877	0.12869	5.7258	-0.97783	-0.2277	-0.73471	-0.27153	5.955	-0.3484
-0.60516	-0.94308	-0.46496	-0.61278	-1.3256	5.1568	-0.64897	6.0727	-0.67449	6.4554	-1.5701	6.525	-0.13057	-0.66999	0.23962	-0.22866	-0.35849	-1.223	-1.2736	5.757	0.66983	-1.6305	-0.36306	0.12192	-0.80231	0.36634	0.36671	5.9658	-0.73971	0.004834	-0.50462	-0.019329	6.1825	-0.11655
-1.1328	-0.069572	-2.671	-0.36544	-2.6354	-1.3611	-1.5612	0.091964	-1.6075	-1.058	0.82072	-1.4052	-2.8807	-0.86648	0.25245	3.1743	-1.3381	3.2579	0.27217	-3.1604	-1.365	-0.41019	-0.44713	-1.358	-0.85327	2.9209	0.28461	-1.5957	1.319	-0.77937	0.18878	1.3533	-0.43631	-2.7324
-0.49274	-0.15054	-0.29184	-0.32334	-1.7707	-0.045489	-0.55243	0.08108	-1.6634	-0.60868	-0.30388	0.35904	-0.39902	-1.3058	-0.33869	0.74711	-1.0031	-0.083142	-0.89155	-1.1323	-0.29412	-0.50697	-0.59087	-0.37046	-3.4201	3.5199	0.79869	-0.85769	-0.51527	-0.10902	-1.0241	2.2993	0.40069	0.8334
1.0025	-0.24947	-0.67043	0.23842	-0.64363	-0.59971	0.20123	0.62066	-0.33957	0.91891	-1.449	1.8177	-0.24273	-0.054579	0.84115	0.052073	-1.2854	0.037382	-0.7771	-0.56576	0.83118	-1.6522	-0.4136	-0.61255	-4.5086	6.0493	-0.39238	0.56015	-1.0405	0.91103	-0.67615	6.1872	0.071004	-0.2503
-0.90409	0.31399	0.11748	-0.58108	-0.16618	-0.17098	-0.4848	0.11027	-1.1114	0.31754	-0.67982	3.1356	0.42584	-0.81514	0.26279	0.67433	0.050975	-1.2362	-1.0265	-0.54561	1.1663	-1.0475	0.66878	0.87589	-6.5885	6.706	-0.5141	0.26381	0.77814	0.80315	0.14397	7.0647	0.17815	0.58632
-0.1449	0.053737	0.14133	-0.24881	-0.52369	-1.2219	0.78185	-0.02838	0.34899	0.40347	-0.91626	6.6848	1.3696	-0.45839	0.90936	0.69687	-0.2513	0.088482	-1.308	0.73522	0.81158	-0.89944	-0.32543	-0.60328	-6.6115	7.0688	0.89657	0.67089	-0.80537	0.2938	-0.62856	6.7687	1.3974	0.66923
0.33065	-1.8192	0.15325	-0.067418	-0.80055	0.087884	-0.19378	1.4058	0.90605	0.41867	-0.74784	6.6677	0.25949	0.9424	2.0198	0.51621	0.45979	-1.1482	-1.1589	0.50681	0.93377	-0.67109	0.39472	0.74522	-5.8511	7.8539	1.3919	0.077021	0.15827	0.15019	1.1548	7.6981	0.37284	0.57887
0.13266	3.3847	2.7804	1.6465	-0.30859	-3.1984	0.4477	0.15939	-0.2379	2.8682	1.0467	0.27374	-0.88782	-3.3086	-1.2103	-2.9847	-1.5844	1.5204	-1.8896	-2.5663	-0.25133	-0.095792	-2.181	0.19584	1.2968	2.3222	-2.3124	-0.57757	-2.6883	-0.5594	-0.72458	-1.1853	2.5743	-0.53728
0.6695	1.399	2.1894	1.2232	0.3249	-5.5623	0.52484	2.1604	-2.0237	4.7402	-0.87069	1.3678	1.1222	-4.1136	-0.10962	-0.84989	0.52509	1.2708	-2.2389	-1.6476	-0.61837	0.98562	-2.2207	0.42919	-0.032487	1.378	-0.92821	-0.8991	-2.607	-0.46746	-1.5821	0.16655	5.423	-1.2999
0.96618	1.105	1.7848	1.8803	0.81568	-4.9506	1.6444	2.1827	-1.1919	5.8644	0.63332	3.0881	2.4445	-5.3651	-0.54368	0.39142	1.2832	0.28404	-1.4834	-0.25521	0.17334	0.49893	0.38148	0.29129	0.38427	1.1233	-0.60318	-0.14375	-3.9086	-0.11181	-1.1575	0.72126	5.963	0.013906
1.3316	0.78137	0.99135	1.4764	0.57395	-4.9846	1.374	1.7164	0.39333	6.95	1.6771	5.0911	2.2914	-5.7553	0.99454	0.59849	2.481	0.42092	-2.3061	0.62011	0.86838	0.11011	0.021754	0.96875	0.76314	1.9226	0.93426	0.30223	-5.3484	0.47648	0.28043	2.1355	6.5372	1.3318
1.3534	0.52977	1.2493	1.9649	0.90307	-4.7215	1.6031	2.5754	0.62304	7.2384	0.46089	7.0524	1.8007	-5.0391	1.3	1.7853	1.6993	1.0377	-6.511	0.68795	2.0822	-0.13752	1.0841	2.1573	0.6657	1.8919	1.6578	0.64501	-6.5014	1.3151	1.5467	1.3948	7.8948	2.2398
0.85538	0.10928	0.73104	0.3475	0.76816	-4.9825	2.0362	1.3349	1.0577	8.4453	0.33935	9.0278	2.9192	-4.4652	1.5779	1.5206	2.0325	1.6745	-6.5312	1.9611	2.2479	0.82061	1.5306	1.9244	0.056586	0.20496	1.6849	1.4674	-5.016	2.0162	1.5015	1.7553	8.6714	0.9554
1.0631	0.14002	0.92041	0.09544	-1.8596	-1.4922	-3.3147	-2.6729	-1.4802	2.248	-0.070507	0.51986	3.1395	0.086376	0.67082	-1.081	1.4418	3.1694	2.1916	-0.55091	0.7256	2.6532	-0.80765	-1.3975	1.0634	-1.8472	0.84287	-2.3782	3.0857	-2.7965	1.6084	-0.92188	1.8197	-3.4765
0.37016	0.33552	-0.13423	-0.48103	-2.5555	-3.172	-2.5111	-0.35244	0.71276	2.0198	-2.3996	1.9086	3.5226	-0.13988	0.71932	-0.18576	4.4973	1.2004	-0.097701	0.19066	2.1072	1.1807	-0.68844	-0.53967	-0.38583	0.62119	1.8758	-0.94881	0.79179	-0.16215	0.29339	1.1083	0.34121	0.35679
0.91159	1.3788	-0.081557	0.89415	-4.9574	-4.4252	-3.1256	0.2784	1.1	0.63804	-4.046	2.7858	7.274	0.029166	0.60009	0.40858	3.437	0.065976	-0.18432	0.36008	2.4114	0.25981	1.0188	0.59778	-0.64548	1.2523	1.1703	0.81048	0.51686	0.89973	1.0628	0.47484	1.2087	1.0468
1.4952	0.10879	0.96335	1.3052	-3.9623	-4.7563	-3.5539	1.0581	0.81233	2.5886	-4.9481	3.9843	7.4259	-0.28877	1.5014	1.3389	4.4908	0.25197	0.4599	0.89591	1.1994	-0.21969	0.89951	1.1438	0.56132	1.3874	0.70128	1.4275	0.33258	1.3799	0.69459	1.3077	1.4582	1.8481
1.0865	0.93279	0.53356	1.1084	-4.6644	-4.4484	-4.3887	1.8698	2.8568	1.4259	-4.9965	6.5291	8.0876	2.3752	2.1097	0.8269	3.0144	0.44118	0.11854	1.07	3.2043	1.0524	0.61976	2.2655	0.017939	1.277	2.8401	1.9116	1.3242	2.5532	1.2061	1.386	2.0898	1.3054
1.8273	0.8732	1.2634	0.96171	-5.7907	-5.3632	-4.2652	2.1623	1.2891	2.2926	-4.1982	8.9875	8.527	1.1911	1.6675	2.0603	2.9291	1.639	0.63034	1.4871	3.3014	1.807	2.2576	1.5532	1.5533	3.0357	2.1953	1.9799	0.81558	2.6207	0.73168	1.6574	0.80645	1.6341
-0.47673	1.6615	0.15347	1.5981	-2.0737	1.0847	0.74514	-3.097	1.5086	3.0881	-2.335	-0.87554	-1.9401	1.3464	-2.023	3.0574	-3.0332	-2.8901	1.9112	2.2595	0.41607	1.5958	0.12255	0.53948	-1.9422	0.021612	-2.8203	-2.7877	-1.035	0.82208	2.4616	1.0889	1.1635	1.2293
1.9188	1.5376	1.8307	1.54	-3.9316	1.9159	2.4132	-4.0189	1.588	2.6358	-4.2028	1.8099	0.63091	1.6624	-2.1132	2.0681	-3.4259	-4.5165	1.0536	1.9054	2.3699	1.0309	1.4165	2.2238	-4.4185	2.3887	-3.4689	-4.1244	0.31026	2.1036	1.7493	2.1951	2.0531	2.1045
2.1748	1.7355	2.129	1.9915	-4.4386	2.0198	2.4982	-3.8406	1.9341	2.7464	-4.6703	3.2603	2.2899	1.9639	-3.0238	2.3008	-3.3671	-4.6896	1.1894	2.1492	3.0777	1.1429	2.0852	2.6496	-4.5139	2.8716	-3.3786	-4.0415	1.6201	2.534	2.0826	2.5271	2.4665	2.4489
2.4438	2.0258	2.4543	2.3522	-4.3688	2.1284	2.6063	-3.522	2.2357	3.0294	-4.6039	4.2574	2.8263	2.2805	-3.1409	2.5949	-3.2948	-4.4834	1.4107	2.4331	3.4602	1.3761	2.4477	2.9496	-4.2561	3.1867	-3.1041	-3.7534	2.1048	2.8278	2.3804	2.8483	2.7467	2.735
2.6477	2.2913	2.7299	2.6299	-4.2	2.2935	2.7704	-3.2501	2.5048	3.3156	-4.4377	5.4886	3.1374	2.551	-2.9272	2.8767	-3.1608	-4.2345	1.6549	2.6954	3.7627	1.6302	2.7399	3.2345	-3.969	3.4781	-2.8219	-3.4682	2.4093	3.1101	2.6582	3.1271	3.0228	3.0142
2.741	2.4886	2.945	2.8225	-4.0602	2.4314	2.9076	-3.0578	2.7214	3.5725	-4.2958	7.9913	3.3313	2.7505	-2.6718	3.142	-3.0123	-4.0496	1.9066	2.8924	4.0353	1.8308	3.0069	3.4998	-3.7014	3.745	-2.5515	-3.2097	2.6613	3.3765	2.8999	3.3635	3.276	3.2653
1.0086	0.1252	-1.0567	2.7266	-1.5921	0.070376	1.5092	-1.5438	2.1703	0.23961	2.5757	-0.93756	2.7338	2.6861	0.55076	-2.5009	-0.83602	-1.4077	-1.4689	-1.7173	-3.1317	2.4681	-0.29204	0.49248	-1.158	3.1024	3.0388	2.9174	1.0441	1.4203	-1.0422	0.14301	-1.4233	1.3714
1.2322	0.5046	1.1255	1.1328	-3.9252	0.8587	1.4929	1.2437	0.79308	1.4057	1.0529	1.5081	2.3454	1.0268	1.4496	-3.1185	1.2074	-0.40391	-3.2051	0.5519	-1.7236	0.49394	0.65081	2.0225	-3.9272	3.5456	2.2991	1.9899	0.75709	1.6669	0.76198	1.9514	1.5956	1.613
1.5771	1.0916	1.6081	1.4934	-5.1196	1.2083	1.6922	1.8625	1.3715	2.1141	0.89259	2.7964	2.1289	1.4012	2.1882	-4.2281	1.9078	0.59754	-5.007	1.4947	0.72006	0.48669	1.5372	2.3236	-4.5828	2.8716	2.443	1.9244	1.3301	2.0917	1.4931	2.2219	1.8616	1.8721
1.8315	1.4227	1.8885	1.7817	-5.0496	1.4141	1.8878	2.179	1.6502	2.4526	0.99382	3.7874	2.3153	1.6983	2.4763	-4.2281	2.1914	1.1192	-5.1913	1.8317	2.5822	0.75225	1.8669	2.4555	-4.6226	2.8074	2.6468	2.0521	1.593	2.2907	1.7908	2.3555	2.166	2.1662
2.0163	1.6909	2.1475	2.0343	-4.8607	1.6203	2.0955	2.4355	1.9197	2.7435	1.1829	5.1639	2.5483	1.958	2.7729	-3.9708	2.414	1.4265	-5.062	2.0981	3.1305	1.0175	2.1698	2.6939	-4.4645	2.9729	2.9077	2.2774	1.852	2.5559	2.0781	2.5782	2.4545	2.4466
2.1441	1.8853	2.3545	2.2183	-4.7066	1.7801	2.2556	2.6208	2.1331	2.993	1.3395	7.8232	2.7216	2.1517	3.0373	-3.7125	2.5995	1.6185	-4.8653	2.2926	3.4494	1.2175	2.4348	2.9363	-4.2501	3.1933	3.1664	2.5076	2.085	2.8096	2.3146	2.7933	2.7021	2.6907
-2.6309	-1.7485	-1.8591	0.77934	1.4143	2.0998	-3.0213	-1.8707	-0.1941	-0.76368	-1.0023	-2.739	1.6412	-0.61128	1.0945	0.32076	-2.8168	-1.2089	2.923	2.7097	-0.76599	0.73897	0.39271	2.0759	2.8743	-2.6658	2.4368	0.39217	-1.9194	-1.7493	1.2922	0.60766	0.54194	2.9421
-1.5914	-1.5567	-0.92309	-1.3818	1.9999	3.6409	-2.3694	-0.76373	-0.67026	0.11809	-2.7885	-0.77584	3.4203	-1.4286	2.2047	1.5749	-2.2698	-1.7477	1.3603	4.0613	2.0139	-1.5553	1.4547	2.5605	1.7958	-3.0974	3.0949	1.9113	-3.6046	-3.7213	1.1191	3.0258	2.0003	2.2888
-2.0752	-2.3397	-2.3898	-1.8975	3.3888	3.7974	-2.0503	-1.3511	-2.8728	1.5906	-3.0075	0.28488	4.873	-2.2342	3.1086	2.6006	-1.7625	-2.172	1.4861	4.0469	3.3976	-2.4295	2.4464	3.166	2.2498	-2.8173	3.3047	2.9339	-3.493	-3.2949	2.9315	3.443	3.1111	3.1159
-2.4496	-2.7343	-2.6057	-2.3634	3.5426	3.7665	-2.0405	-1.9422	-2.9282	3.7216	-2.9654	2.5226	4.6949	-2.612	3.8198	3.3452	-1.6141	-2.7052	1.7318	3.8167	4.1886	-3.0311	3.1982	3.7652	2.8292	-2.2904	3.8828	3.4417	-3.1265	-2.684	3.4999	3.824	3.6305	3.6503
-2.3	-2.6991	-2.3801	-2.3436	3.5471	3.7722	-2.0302	-1.9483	-2.6513	4.339	-2.9678	4.6269	4.587	-2.495	4.2971	3.8305	-1.5997	-2.8273	1.7746	3.9245	4.6925	-3.1881	3.6905	4.2021	3.264	-1.8593	4.3686	3.8271	-2.8038	-2.2242	3.7703	4.1742	4.0477	4.0509
-2.0614	-2.4768	-2.076	-2.1314	3.6734	3.8921	-1.9126	-1.7351	-2.3028	4.7317	-2.8457	5.727	4.7165	-2.2294	4.7424	4.2769	-1.532	-2.6821	0.61365	4.1957	5.1432	-3.0742	4.1381	4.6266	3.6497	-1.4644	4.8054	4.2074	-2.4514	-1.784	4.1226	4.5554	4.5701	4.5307
-2.5133	-2.0937	-2.4989	-2.2216	1.0774	0.87828	-0.80111	-2.1172	-0.69382	1.8839	-0.6293	1.6021	-1.2861	0.87924	2.4185	-1.8234	-0.12336	-2.4304	-2.3087	-2.7381	-2.642	0.79727	-0.55682	0.87034	2.2392	1.6553	2.9903	1.7681	2.7355	1.5019	-1.5473	1.3769	1.2153	1.7164
-1.8115	-2.4853	-2.6451	-2.2449	-1.0583	-0.91201	-0.34985	-1.7488	-2.7958	3.5981	-1.3664	4.3151	-1.292	3.4474	3.4465	-2.7691	0.2335	-2.4098	-3.7619	-2.3212	-2.2704	-1.7367	-1.16	3.192	2.0038	3.1097	3.3525	2.8915	2.7897	3.1018	-2.6535	3.4732	3.591	3.5173
-1.7572	-2.3592	-2.1989	-2.0076	-1.693	-1.4068	-0.85292	-1.6057	-2.4908	4.37	-1.9327	5.7385	-1.2825	4.0556	4.2444	-2.4297	-0.12085	-2.405	-3.5841	-2.069	-1.6255	-2.5998	-2.2942	4.0573	2.8665	4.1392	4.197	3.6902	3.4627	3.9428	-2.3882	4.1632	4.0674	4.0693
-1.6521	-2.1713	-1.8843	-1.8071	-1.8672	-1.5913	-1.0783	-1.4076	-2.1615	4.8193	-2.0993	6.7435	-1.1634	4.3094	4.7242	-2.0137	-0.4545	-2.2911	-3.3091	-1.831	-1.155	-2.647	-2.1109	4.5862	3.5539	4.7636	4.7609	4.2098	3.9095	4.4587	-2.0517	4.6057	4.4709	4.482
-1.6035	-1.9792	-1.6222	-1.6241	-1.899	-1.6467	-1.1534	-1.2247	-1.8806	5.167	-2.1298	8.3923	-1.0305	4.5293	5.1139	-1.6333	-0.6311	-2.151	-3.0174	-1.6142	-0.75975	-2.5399	-1.764	4.9976	4.0381	5.2125	5.1911	4.6081	4.258	4.8669	-1.7447	4.9512	4.8285	4.8345
-1.4613	-1.8136	-1.4043	-1.47	-1.8909	-1.653	-1.1676	-1.0704	-1.6453	5.4497	-2.1229	11.052	-0.91787	4.7135	5.4393	-1.31	-0.70441	-2.0284	-2.7244	-1.4307	-0.42668	-2.4201	-1.4449	5.3282	4.3963	5.5602	5.5404	4.9213	4.5373	5.2003	-1.4896	5.2349	5.1275	5.1253
-1.1406	0.065506	1.7149	0.45728	2.8502	-2.0625	2.5574	1.5839	-1.3428	0.80014	-0.23344	-2.3271	0.31014	2.9485	-0.36336	0.57125	-2.4431	-1.8849	-2.1166	-2.9084	-1.4273	-1.6948	-0.88834	-2.2963	3.1312	0.084911	-0.70433	-1.5709	-0.84935	-0.63392	2.6772	-0.02843	0.68569	-3.1098
-0.83983	-1.2549	-0.38077	-0.14432	4.0131	-1.9265	4.6425	0.48028	-1.0616	0.72996	-2.1044	-0.20744	0.40755	2.9441	-0.10192	-0.29836	-1.5865	-1.4046	-2.2276	-0.96708	0.0012323	-1.6745	-0.73986	-0.19923	0.43276	0.91873	-0.23593	-0.43731	-0.71683	-0.48373	5.0963	0.23589	-0.41586	-0.39175
-0.63457	-0.95228	-0.41273	-0.5763	4.6205	-1.5012	5.2595	-0.13747	-0.67082	0.38286	-1.9083	0.88306	0.10394	5.5385	0.23145	-0.19779	-0.9039	-1.2357	-2.0458	-0.54876	0.58646	-1.6071	-0.37599	0.24488	-0.38612	0.70442	0.29315	-0.12818	-0.61581	0.0081253	5.7651	0.1615	-0.073814	-0.079385
-0.35712	-0.65841	-0.16148	-0.31562	5.0273	-1.0831	5.6847	0.082405	-0.38492	0.50062	-1.517	1.919	0.19653	5.9042	0.52225	0.060444	-0.41528	-0.95121	-1.996	-0.24516	0.93086	-1.3577	-0.0807	0.45571	-0.38275	0.76274	0.63504	0.034166	-0.41541	0.30054	6.0683	0.32235	0.20555	0.19026
-0.20173	-0.41961	0.077437	-0.090015	5.353	-0.74822	6.0133	0.31202	-0.12741	0.739	-1.1808	3.7202	0.39622	6.1434	0.81271	0.34659	-0.02788	-0.70938	-2.55	0.0026733	1.2322	-1.1163	0.21042	0.70878	-0.20787	0.95462	0.9244	0.26268	-0.17191	0.58232	6.3449	0.55189	0.53535	0.49802
0.088446	-0.16643	0.36533	0.14838	5.6143	-0.47724	6.2833	0.54874	0.20011	1.06	-0.91525	6.3642	0.6021	6.4106	1.2137	0.74777	0.27053	-0.48913	-5.3549	0.27844	1.6252	-0.89492	0.61072	1.067	0.061226	1.2462	1.2873	0.57679	0.13975	0.96482	6.6904	0.87777	0.9392	0.87625
1.3747	1.1343	0.87016	1.7381	3.4916	-1.2591	1.7667	-1.2422	-3.0681	-3.4636	-1.3908	-0.87464	-3.4878	-2.9373	-0.20589	2.2636	0.70091	1.184	-0.57717	2.0528	3.3601	3.0017	0.28859	2.2919	-1.2556	0.87036	1.2821	1.5784	-1.379	0.88803	1.2306	1.0055	-1.1243	-1.2635
1.4865	1.9119	1.7063	1.5928	1.9063	-3.7854	2.3723	0.71016	-5.441	-0.37564	-3.5156	1.4308	-4.1572	-4.1692	-0.26236	0.18221	2.4699	1.2332	-1.2184	2.2606	6.3759	1.2449	-0.03207	0.16872	0.7776	1.7614	1.0807	1.1192	0.5696	1.0489	1.4922	2.082	1.9937	0.64878
1.7459	1.8284	1.338	1.1658	2.3768	-4.6456	2.9162	1.7418	-4.4635	1.3171	-4.8733	3.2516	-3.6845	-3.8135	1.5234	2.4278	3.155	-0.047026	-0.49304	2.038	8.1587	0.51064	1.1303	2.1007	1.0632	3.2053	1.1995	1.7294	0.52169	0.53577	0.49173	1.8578	1.3355	2.1379
2.1018	0.71447	1.9461	0.76712	2.094	-4.5222	1.9496	2.0786	-4.7039	1.9996	-5.386	3.7507	-3.9354	-4.1967	2.1559	2.338	3.4878	1.2423	1.0343	1.9335	9.5346	1.202	1.4042	1.7604	1.1831	2.5568	2.1849	1.9247	0.71866	1.5001	1.7584	1.7271	1.6485	2.2483
2.5244	2.0815	2.338	2.4913	2.0213	-5.1193	2.3371	2.1911	-4.1031	2.8754	-5.0512	6.4901	-4.2975	-4.4999	2.8222	1.9528	3.3925	1.6103	-0.55573	2.0601	9.4697	0.32896	2.0765	2.5843	1.3289	3.2591	1.7624	2.24	1.3369	1.9528	1.4782	2.8094	2.5539	2.5829
1.687	1.8206	1.1117	1.9331	1.2511	-4.3618	2.7453	1.9601	-4.214	2.5126	-5.0851	8.1756	-3.7401	-3.4357	2.8917	2.6531	3.9871	1.6881	-1.6654	3.0506	9.7939	0.9279	2.5826	3.3373	2.4664	3.0077	3.6681	1.9778	2.447	2.0959	2.2213	3.1756	2.1552	3.2128
2.0156	0.30599	-3.0424	-2.5454	0.092682	2.8416	2.1544	2.7319	2.973	-0.80053	-1.1247	1.7788	-1.8072	2.8835	2.7019	-0.84322	-0.97395	1.21	1.3603	1.8862	0.58825	-2.5297	0.37372	-2.8694	1.6179	1.0026	0.6246	-1.7145	1.3421	1.4099	-0.97831	-2.9343	2.1579	1.6975
2.9068	2.1028	-3.929	-3.5681	-1.6278	2.83	3.403	3.0935	1.9358	1.37	-2.948	3.6772	-2.4305	2.3899	2.6596	0.039083	-0.095821	1.7075	1.2116	2.3685	2.6521	-4.162	1.6957	-3.6799	1.8599	2.8601	2.3401	-3.8266	1.909	2.2457	1.5325	-3.6463	2.2048	2.1955
2.8479	2.3416	-3.6743	-3.5273	-3.4823	2.4015	3.0055	3.1429	2.2876	2.824	-3.8069	4.7266	-2.7286	2.5395	2.8883	1.8412	2.139	2.1702	1.3222	2.6632	3.2246	-4.351	2.2307	-3.4453	2.0631	3.174	2.9242	-3.7617	2.1502	2.6357	2.381	-3.3941	2.5912	2.6218
2.8263	2.485	-3.4442	-3.4333	-3.8589	2.5034	2.9674	3.2443	2.5654	3.3139	-4.0959	6.1557	-2.7948	2.707	3.269	2.7149	3.165	2.3099	1.5716	2.8394	3.6646	-4.3322	2.6583	-3.0869	2.3264	3.4669	3.3559	-3.4562	2.4498	3.038	2.705	-3.1293	2.987	2.9974
2.9097	2.6157	-3.2519	-3.3242	-3.8642	2.6053	3.0777	3.3574	2.7869	3.6113	-4.0976	8.8419	-2.7624	2.8593	3.6026	3.124	3.4231	2.3968	1.8469	2.9955	4.0161	-4.2653	2.9993	-2.7764	2.6027	3.7563	3.7084	-3.1799	2.7072	3.3703	2.9534	-2.8799	3.2907	3.2888
3.2122	2.8408	-3.0041	-3.102	-3.6983	2.7888	3.265	3.5813	3.0494	3.8699	-3.9375	10.449	-2.5792	3.0983	3.8878	3.4191	3.595	2.5973	2.1231	3.2383	4.3099	-4.086	3.2854	-2.5	2.8715	4.0317	4.0042	-2.9163	2.962	3.6551	3.2041	-2.6068	3.5661	3.5602
1.2997	1.8286	-1.0634	2.5979	0.48171	-1.3319	-1.4641	2.4503	-0.84088	-2.1979	2.8029	0.94725	3.0283	-1.9227	2.0645	-0.038923	0.57009	-2.8581	0.4048	0.83866	-0.011933	-2.7656	0.095225	-2.8059	2.158	0.59455	1.1996	0.92458	0.7752	2.8502	-2.0288	-0.1576	2.1503	-0.01907
2.7415	2.4846	-0.27101	2.8962	0.77811	-1.2421	0.43205	3.5065	-1.8004	0.018079	1.2607	3.1498	3.2851	-3.6618	1.9146	1.1165	0.33798	-3.8935	0.28707	2.1617	1.8701	-4.1692	1.0191	-4.4742	0.88549	2.0615	2.0076	1.109	0.14833	1.7211	-2.5203	1.8665	1.5601	1.6585
2.1974	2.0529	2.1369	2.3936	0.88424	0.41238	1.2091	2.8498	-4.2919	2.0835	0.46851	4.271	3.1585	-4.1385	2.4393	1.9226	0.98833	-4.2455	0.57113	2.2986	2.7597	-4.5753	1.7842	-3.981	1.2732	2.4959	2.4887	1.8944	1.343	2.1855	-4.0651	2.2765	2.2124	2.1814
2.0548	1.9304	2.2754	2.2735	1.1321	1.209	1.719	2.6708	-4.2593	2.7738	0.83239	6.0215	2.9233	-4.1461	2.803	2.3298	1.7859	-4.5066	0.85984	2.2742	3.1984	-4.8526	2.1928	-3.6009	1.719	2.8902	2.8881	2.2829	1.893	2.5566	-4.0645	2.5733	2.4974	2.4947
2.2214	1.988	2.4262	2.3217	1.4171	1.5811	2.0611	2.7196	-4.0888	3.0492	1.1617	8.6131	2.8712	-4.0467	3.0771	2.6088	2.2696	-4.5316	1.1508	2.3731	3.497	-4.898	2.4736	-3.3225	2.03	3.1933	3.1905	2.5384	2.1337	2.8388	-3.9007	2.8222	2.7418	2.7332
2.5294	2.2022	2.66	2.5364	1.7333	1.9171	2.3964	2.937	-3.8447	3.2822	1.4818	9.969	3.0437	-3.8177	3.3222	2.8541	2.6338	-4.3414	1.4434	2.606	3.7504	-4.7355	2.7195	-3.0732	2.2919	3.456	3.4468	2.7824	2.3687	3.0885	-3.6771	3.0806	2.9855	2.9756
-1.9578	0.64113	2.4641	-2.1038	-0.49541	-3.1387	-2.1841	1.4629	2.5522	-0.34135	-2.7988	2.408	-0.41244	1.832	-1.8055	2.1258	-2.9331	0.14971	-1.2433	-0.33913	3.1249	1.5992	-0.87409	0.41147	-0.45473	0.34341	2.101	-0.18436	-1.6563	2.3396	1.7799	-2.5204	-2.0626	-0.70374
-2.1873	2.43	3.855	-3.1363	-1.7245	-1.9063	-1.4647	3.1549	2.8079	-1.1913	-3.0773	5.1861	-0.33887	3.2977	-1.9089	-0.43141	-1.2386	-0.24376	-2.4093	-1.006	5.5222	0.3897	-1.4442	0.72752	-1.8681	0.96349	3.8681	-0.10034	-2.0965	3.3153	2.3501	-1.1077	-2.2221	-1.0848
-1.256	4.3484	4.6314	-1.6333	-2.479	-2.6424	-1.5904	4.5715	4.773	-1.4215	-2.1038	6.0439	-0.40651	4.4572	-0.21252	-1.0825	-2.7425	-1.9436	-2.8915	-2.0889	5.6191	-1.6473	-1.242	0.021605	-0.76416	-0.17449	6.669	-2.5591	-2.0607	5.8335	4.8343	-0.8629	-0.47411	-2.2179
-0.96718	5.0992	5.4936	-1.741	-1.7274	-1.8383	-1.0964	5.9525	4.982	-1.1402	-2.7289	7.0524	-0.91561	5.2884	-0.12256	-0.75086	-1.0319	-1.7573	-2.7472	-2.2804	6.2186	-1.0986	-1.1326	-0.14686	-1.3606	-0.4014	6.0553	-1.4052	-2.2482	5.47	5.2403	-1.3653	-0.41723	-1.474
-1.4379	4.4735	6.3225	-1.0265	-1.5172	-1.9795	-1.2932	6.5527	4.6826	-0.89195	-1.1817	8.139	0.24322	5.585	-0.026477	-0.6347	-0.85929	-2.3904	-1.6067	-0.84367	6.1052	-1.6744	0.022865	0.27785	-1.1459	0.25185	6.2673	-1.4541	-1.4239	5.0632	5.549	-0.436	-0.82179	-0.9127
-0.70104	5.5431	6.0697	-0.33092	-2.1942	-1.7856	-0.88207	5.4508	5.6545	0.17977	-2.7982	12.032	-0.08263	5.7649	0.80226	-0.338	-0.73362	-1.9569	-1.599	-0.84023	7.3387	-1.5746	-0.69505	-0.18045	-0.46422	0.081126	6.2298	-0.60891	-1.5214	6.1206	5.4211	-0.81562	0.7245	-0.48648
-1.1534	2.2999	-1.6784	-0.71444	-1.4342	-1.0693	1.7846	-3.8591	-2.0189	-0.30463	2.4338	-1.9796	2.5149	3.0064	-1.5843	3.9439	-2.6997	2.1788	1.2354	-0.0060263	0.18092	-2.7316	-2.0402	0.37207	1.2394	0.40939	-0.39905	2.033	-0.14817	-2.1768	0.67912	-0.58909	0.83551	4.0532
-2.4945	3.2496	-2.3587	-3.1281	-2.6172	-2.4054	4.1383	-2.6568	-2.0225	-1.5934	3.2998	-0.82217	4.5724	3.1914	-0.003032	2.6933	-2.4288	0.87507	-1.523	2.5703	2.8421	-3.6243	-2.7227	3.3119	2.1548	1.843	-0.41808	2.8058	-2.5618	-2.9169	3.2448	3.1027	3.2834	3.6057
-3.2303	2.6434	-3.2671	-2.5196	-3.867	-2.7026	4.2015	-2.4247	-3.2581	-1.1785	3.8776	1.4389	4.5132	3.6459	-1.008	3.6555	-3.0672	2.0158	-3.2686	3.4545	4.3095	-2.705	-2.6227	4.314	2.0061	4.3589	-1.8613	3.0633	-2.6579	-1.8806	4.4801	4.1518	4.702	4.3947
-2.7111	3.8797	-2.5227	-2.7962	-2.1066	-2.5642	3.9956	-1.7623	-2.9293	-1.7508	2.7352	3.5044	3.4643	4.4506	-1.4555	3.58	-2.1957	3.0381	-3.5687	4.2636	4.4276	-3.2096	-1.1013	4.3	4.2831	4.932	-0.68163	4.7226	-2.6716	-1.9394	3.7722	3.4878	3.9134	3.6766
-1.8839	4.1485	-2.7806	-1.4938	-3.0015	-3.0049	4.4533	-1.556	-3.1665	-1.3012	3.1232	5.4423	4.5025	4.9277	-0.1682	4.701	-2.3514	4.0315	-2.6627	4.792	5.8886	-3.3078	-1.4678	4.7157	3.2639	4.4935	-2.0407	4.2114	-2.0271	-1.6304	4.7438	4.2065	4.6575	4.1045
-1.8536	4.9606	-1.8322	-0.74249	-2.2681	-2.1906	4.9468	-1.6357	-1.9134	-0.65698	3.7265	6.1544	4.3968	4.7457	-1.3638	4.8637	-1.1262	4.4596	-2.3657	5.0901	5.1241	-2.7647	-2.978	4.8631	3.9486	5.33	-0.86675	4.762	-1.4997	-1.8151	5.1411	4.8383	4.9641	4.9804
0.40029	-1.5762	0.98928	-0.98463	1.8918	-0.027907	1.6842	0.75645	3.2218	-2.7428	-0.39125	-1.6612	0.3525	1.7381	-3.6866	-0.51783	1.6205	1.8499	-0.095319	3.919	-0.80827	-2.3889	-1.3583	-1.7605	-2.3227	-2.2827	1.4293	0.41749	3.4794	1.5972	1.2552	0.069027	-1.479	0.79249
1.0514	0.61356	-0.47042	0.3823	0.86457	0.79666	0.80037	0.87171	-0.11161	-0.40174	0.62228	-0.38634	1.2966	0.060831	-1.2941	0.24298	1.8503	1.3549	-0.026273	2.4716	0.16377	-1.795	0.10401	0.53859	-1.5189	0.96137	2.0788	0.11962	1.3379	0.817	1.0881	1.2953	0.86829	-0.36643
0.85724	0.81283	0.95278	0.98253	0.38374	0.99026	1.3223	2.0941	0.11465	1.3016	0.24114	1.9308	2.6669	1.2111	0.6108	-0.084929	1.4379	0.11838	-0.15958	0.89752	0.88268	-0.37882	0.91964	1.3964	-5.6959	1.928	1.5089	1.3365	-0.067101	1.5795	1.2016	2.2512	0.76614	1.1736
1.2976	0.66384	1.2383	1.6689	1.4603	1.5107	0.73708	1.0246	1.067	1.9183	0.38296	1.6556	0.75793	0.78041	1.2678	1.6229	1.2737	0.5072	0.21952	0.74467	2.0644	0.15706	1.0132	1.6993	-5.5366	1.9449	2.0778	0.81897	1.4355	1.1609	1.0321	2.2128	1.1682	1.1586
1.1202	0.53295	1.6097	1.3002	0.58056	0.68315	1.7436	1.5579	1.1037	2.3354	0.36009	3.0756	1.0091	1.4923	1.9201	1.2672	1.4707	1.5447	0.070382	1.3515	2.0987	0.070044	0.71976	2.0225	-5.6194	2.2601	2.4595	2.1183	1.3733	1.4834	0.47149	2.0684	2.4298	1.4984
1.8147	1.3309	1.472	1.0101	0.74668	1.0734	2.763	1.9366	0.59305	1.7401	0.5672	5.4968	1.9286	1.5747	2.4929	2.7551	1.348	0.71427	0.44712	1.324	3.3824	0.040728	2.1743	2.5865	-5.3182	2.1001	2.9342	1.2433	1.4264	3.6177	1.508	1.7988	1.9052	1.8952
0.10126	-1.2553	-0.13614	-3.1008	-2.0634	-1.2337	1.5352	0.50801	1.2636	1.9133	2.2105	-2.4007	0.98762	1.5885	1.2694	0.66014	-2.8997	-1.9145	-1.0633	0.89699	-1.7747	-2.657	3.0181	-1.8416	3.0348	0.69313	-1.5827	0.11278	1.3366	-1.508	-2.4198	0.31192	-1.7653	-1.1795
1.3985	0.06993	0.66171	-5.3665	-4.204	-3.4962	3.0071	1.3296	0.061538	1.3501	1.7717	0.32083	1.7674	0.56641	0.76003	0.12538	-2.4279	-1.4705	-1.2242	0.49648	0.45312	-3.8889	3.8326	0.47785	0.44013	1.2958	0.028079	0.45405	0.19738	-0.025828	-0.13094	1.0189	0.29464	0.3914
1.407	0.68648	1.0224	-5.1475	-4.7361	-4.374	2.5005	1.5368	0.68087	1.4366	1.3128	2.2471	1.8564	0.93359	1.2013	0.71037	-2.9192	-0.40785	-1.0001	1.045	1.4791	-5.5972	3.6058	1.1522	0.40791	1.4965	1.0841	0.85986	0.51599	0.89481	0.73827	1.2826	1.0514	1.0618
1.5889	1.0187	1.4189	-4.8772	-4.9096	-4.6108	2.2045	1.8001	1.1906	1.8853	1.1389	3.2808	2.0189	1.2868	1.8639	1.3925	-3.3743	0.59178	-1.7225	1.4276	2.2306	-5.747	1.9076	1.7518	0.77404	1.9369	1.8395	1.3473	0.98938	1.5974	1.2955	1.7408	1.7453	1.6923
1.8295	1.3873	1.8196	-4.5476	-4.8701	-4.6101	2.1675	2.1309	1.6241	2.3596	1.1794	4.4117	2.2729	1.6562	2.4282	1.9613	-3.6003	1.0964	-4.4095	1.8059	2.819	-5.5399	1.9185	2.2743	1.2408	2.4337	2.4442	1.8306	1.4567	2.1584	1.7654	2.1871	2.1827	2.1409
1.9244	1.6397	2.085	-4.3053	-4.7828	-4.5502	2.2158	2.3786	1.87	2.6869	1.2674	6.6565	2.4955	1.9021	2.7387	2.2718	-3.6298	1.3799	-4.8376	2.0472	3.1541	-5.3034	2.15	2.6018	1.6349	2.8133	2.8229	2.1694	1.7766	2.4856	2.0397	2.4772	2.4184	2.4006
-1.9779	3.1442	-1.1393	-3.0415	-1.578	-2.4856	3.5675	-0.011146	0.017238	-2.0607	2.5034	-2.7603	2.4362	-0.050432	2.3397	0.36277	3.0688	-0.6508	-0.54609	0.14325	3.1935	-2.4579	-3.2183	-0.34773	0.50807	2.0617	-0.81662	0.76273	1.1565	-1.2645	-2.6549	-0.18536	-2.8152	2.2181
-1.3809	4.5831	-1.3248	-1.9525	-1.7131	-3.6133	4.4825	-0.15031	-1.7799	-0.10719	3.9558	0.32132	4.6352	-2.4256	5.143	-1.1404	4.4974	-1.3527	-1.6903	-1.28	5.0857	-1.8983	-2.9797	-0.082807	-0.50254	4.9442	-0.53645	-0.4776	-0.38032	-1.1863	-1.0405	-0.15236	-0.77767	-0.071431
-0.93481	4.973	-1.3107	-0.61218	-2.4171	-2.41	5.4921	-0.63624	-1.1111	-0.77257	3.3491	1.0855	5.4893	-0.77065	5.4994	-1.2961	4.3006	-1.0182	-2.1015	-1.6848	6.5859	-2.3498	-1.7467	-0.50969	-2.021	6.7504	-0.52665	-0.10858	-1.3552	-0.28537	-1.3427	-1.0004	-0.15533	-0.87583
-1.0571	4.7802	-1.3918	-1.3808	-1.779	-1.2714	5.9042	-0.7501	-1.0932	0.0041529	4.8686	1.258	6.8663	-0.30232	6.5947	-0.4996	5.4701	-1.3961	-2.0754	-0.4671	8.0567	-2.1184	-0.96047	0.021778	0.11914	5.8959	1.167	-0.65261	-1.2218	-0.2762	-1.4733	-0.73458	-0.066617	-1.3492
-0.56748	6.0098	-1.1883	0.066275	-1.1367	-0.77782	5.1498	-0.3127	-0.19006	1.341	4.3347	4.7098	5.2948	-1.505	6.0666	-1.2885	6.8283	-1.3587	-1.127	-0.79966	6.7074	-1.3745	-0.040362	0.030901	-0.98382	6.8073	0.44473	-0.10047	-0.60741	-0.82682	-0.6109	-0.43057	-0.26132	-0.38445
-0.1478	5.1	0.53218	-0.64074	-1.1097	-0.93811	5.7091	-0.75978	-0.44688	0.10576	5.2002	6.0035	5.5081	-0.56468	7.2132	0.38103	6.61	-1.2421	-1.5177	-0.095822	7.3301	-1.5202	0.13755	0.5041	-1.2513	6.4009	1.1814	-0.94006	-1.9082	0.11022	-0.11321	0.43511	0.12428	0.095141
-2.5713	2.4048	3.0586	0.086239	-1.5326	1.5681	2.2292	0.1222	-2.3452	0.7428	2.0327	-2.1008	2.2872	-3.44	0.14186	-4.6249	-0.9335	1.4991	0.60264	-0.7676	-0.55505	-2.7671	-2.4869	1.7425	-0.89877	-0.63126	2.6864	1.2256	-1.0818	0.35769	0.89644	-2.372	1.4919	0.68237
-3.9513	1.9216	1.69	1.7843	-4.0129	1.9359	2.041	2.6391	-4.4948	2.5363	1.9007	-0.89257	3.5071	-3.817	1.497	-4.3478	0.68763	1.7267	0.83373	-2.7943	2.1003	-4.7206	-4.3593	1.7873	-0.19662	1.382	1.9836	1.1549	0.60152	1.9652	1.6552	1.1639	1.8516	2.68
-4.5081	1.7609	2.4271	1.4087	-4.6218	1.8033	1.9824	2.1579	-4.8877	3.4597	1.2009	1.8154	2.6369	-4.151	2.9998	-3.5674	2.1913	2.02	-0.20543	-4.3312	2.5918	-4.5207	-4.1551	1.7437	2.1572	2.4847	2.2607	0.73523	1.5817	2.4592	1.2484	2.2329	2.4665	1.2746
-4.6266	1.8438	1.9769	2.6457	-4.4324	1.0666	2.8457	2.87	-4.0467	2.5536	1.7814	3.0513	3.2578	-4.1356	2.5522	-4.0985	2.8277	2.0259	1.0973	-4.9259	3.0366	-4.6992	-3.8985	2.6556	1.0705	2.6122	2.4502	2.2058	1.9001	1.5597	2.3357	3.1009	2.1258	3.0336
-3.4654	2.0074	2.161	2.232	-4.1509	2.6245	1.8435	2.3643	-4.2429	3.8131	1.186	3.5297	3.8633	-3.8532	3.8205	-3.9832	3.0866	1.1772	1.9319	-2.4613	2.2437	-5.0371	-3.8518	3.4178	1.8629	3.1439	3.5516	2.8483	2.1131	3.0682	2.956	3.145	2.8894	2.4458
-3.2071	3.0612	2.7112	2.6952	-4.5046	1.7446	2.9741	3.2344	-4.1678	3.2668	1.8918	5.6515	3.0403	-4.0563	3.5236	-3.1503	2.9645	1.8319	1.8779	-3.3984	3.2936	-5.1751	-3.1513	3.0531	2.1042	3.439	3.4762	3.4121	3.4212	3.8683	2.0684	3.1103	3.1887	2.3925
-3.5611	-1.129	-1.3922	0.69382	-1.4297	-2.0297	-0.92384	-1.6488	2.0145	-1.4743	1.156	0.5792	-3.0169	-3.1012	-3.227	2.4573	-3.2206	0.17319	-1.0383	2.5517	-1.5515	-2.1198	-1.6612	1.153	1.2432	1.717	2.5484	-2.6364	3.3883	1.6956	-3.2952	1.6263	-1.1769	-2.6779
-1.9591	-2.4292	-2.5522	-1.8051	-2.2503	-1.8655	-1.6254	-2.3311	3.157	-1.7956	-1.1585	4.9394	-1.2935	-2.212	-2.9779	2.1417	-1.0411	0.93943	-2.6876	3.8698	1.7258	-3.3751	-4.0117	2.701	-2.1242	3.2165	3.7374	-2.2844	2.7979	2.4072	-3.2092	3.4706	3.6955	-2.5278
-2.2026	-2.8017	-1.872	-2.1544	-2.6649	-2.0961	-1.693	-1.2735	3.6894	-1.8732	-2.4312	6.0847	-1.2331	-2.5637	-2.7157	3.0089	-0.92916	0.10752	-3.6794	4.6897	4.2363	-3.0123	-1.6014	3.861	-2.378	4.2442	4.5089	-3.0129	4.1679	3.8516	-3.0204	5.0121	2.7767	-2.5419
-2.2032	-2.9842	-0.91639	-1.1607	-1.6491	-1.3123	-1.1349	-1.4323	3.9519	-0.82946	-2.13	6.0488	-1.0972	-1.9606	-1.1256	4.0449	-0.7733	-2.7519	-2.8841	4.7968	5.1945	-2.7248	-1.5798	4.8018	-2.6132	4.6391	4.3188	-3.2749	3.5852	4.3045	-2.7532	3.8954	4.5416	-1.4818
-1.7034	-2.6302	-1.2272	-1.1034	-2.1384	-1.3768	-0.91728	-1.6765	4.087	-1.3836	-2.4077	6.9387	-0.55837	-1.7375	-1.2123	4.9032	-0.65967	-2.1264	-3.5385	4.8828	4.9596	-3.11	-1.2538	5.8929	-3.2295	5.2883	5.6423	-1.9343	4.4976	4.4981	-2.1532	5.8371	5.8723	-1.7202
-0.28863	-1.6477	-1.6716	-1.2797	-1.1224	-1.7602	-0.54975	-1.2803	5.1564	-1.0734	-2.1965	11.685	-0.7971	-1.5033	-0.70306	4.451	-0.43953	-1.5936	-3.264	4.8067	5.8122	-2.3507	-1.1024	4.7481	-0.69524	5.6576	5.3569	-1.862	4.6963	4.9647	-1.7273	5.2385	4.9569	-0.8055
-2.5657	0.31706	0.11738	-1.6468	-0.58528	-2.2114	-1.4553	-2.0817	-1.1843	1.7788	-0.22636	1.9108	2.578	-1.8503	-1.9584	-0.07537	-0.6665	2.0988	-0.79709	2.6428	0.52543	1.6345	-1.6028	-4.1846	-2.4858	-0.26717	-3.1956	0.063728	-0.66203	1.3124	2.7274	-3.7552	-1.0266	0.32367
-1.5796	-0.56633	-1.48	-1.647	-0.93653	-1.5545	-1.0979	-0.87457	-1.6356	4.0191	-2.3447	5.3339	4.98	-1.8322	0.012123	-0.99634	-0.63256	0.57686	-2.5223	1.798	-0.8346	-0.87348	-0.69034	-1.0343	-1.078	-1.0491	-1.0784	-1.3379	-1.5265	-0.10672	3.8553	-0.24503	-1.0353	-1.7263
-0.13286	-0.48464	-1.0378	-1.3185	-1.2795	-1.1739	-0.84205	-0.68759	-0.32588	5.854	-1.2354	6.1843	5.75	-2.3396	0.083489	-1.3919	0.08982	-0.14256	-1.4306	-0.015503	-0.089421	-0.84939	-0.25638	-0.42199	-0.97378	-0.66314	-0.065711	-1.6124	-0.51039	-0.6365	4.9827	0.53872	0.11422	-0.25954
0.44396	0.50941	0.091338	-1.2624	-1.6366	-1.0073	-0.40467	0.88983	-0.027512	7.0476	-1.2035	8.0089	5.9237	-0.24303	0.94216	-0.94695	-0.11876	-0.60604	-0.63025	-0.6448	0.92564	-1.2237	-0.6105	0.25741	-0.74643	0.79667	0.24983	-0.95508	-1.0096	0.23469	5.0121	-0.22255	0.28182	0.22192
-0.50236	-0.28507	-0.010323	0.19417	-0.63847	-0.50192	0.47321	0.64826	-1.2116	6.4608	-1.4055	8.7935	6.2676	-0.75963	0.61688	0.91403	0.073292	-1.0461	-1.1662	-0.12489	1.1649	-1.6233	-0.26618	-0.032733	-0.13553	0.87162	0.1873	1.3575	-0.78049	-0.089923	5.8097	0.21591	0.29824	0.19708
-0.32259	-0.92599	0.14534	-0.45622	-0.41029	-0.17138	-0.15154	0.67977	-0.69176	7.2569	-1.1428	11.325	6.4682	0.029023	1.0397	-0.34836	0.71218	-0.72928	-0.82476	-0.28417	0.52969	-1.4357	-0.10764	0.051757	0.17264	0.20686	1.4412	-0.063487	0.0030796	0.94886	6.4107	0.0096779	0.2963	1.0907
-2.1117	-0.29903	2.9618	-0.93965	1.5697	-2.5547	0.87317	3.6733	1.565	-0.31712	0.92244	-3.0769	-1.8779	-3.6292	1.5934	-3.3445	0.073962	-2.4411	-0.082895	1.1199	1.3751	-0.49691	3.1255	0.9953	-3.0347	-1.8014	1.5844	-2.5045	1.4969	-2.7604	2.2096	1.2668	1.8756	2.5384
-0.53525	-2.1549	3.2891	-2.0837	-0.52092	-0.81399	-0.21494	3.6042	1.6808	2.7534	-1.469	-0.78101	-0.77389	-2.2853	3.7007	-4.3563	-0.45006	-1.9773	1.0219	0.6798	3.8684	-2.1792	2.1912	2.5082	-4.0484	-1.3322	3.2161	-3.3539	2.6573	-3.3171	2.262	2.5837	3.5594	2.1915
-1.6378	-2.4658	3.8249	-1.9595	-1.4023	-1.2886	-0.77909	4.2178	4.1142	3.6265	-1.1901	0.62389	-0.39416	-2.3196	3.9463	-2.2378	-1.0507	-2.4773	-1.0217	-0.61936	4.7849	-2.7214	2.6489	4.158	-3.4916	-1.4632	4.4525	-2.0953	3.1698	-3.031	3.3029	3.2511	3.0164	3.5867
-2.3063	-2.0181	4.5748	-1.963	-1.156	-2.197	-0.89783	4.5762	4.2507	5.1676	-2.7213	2.3378	-1.1038	-1.4172	5.254	-1.8878	-1.1568	-2.0476	-3.6331	-1.631	5.8887	-2.985	3.5885	3.552	-2.9972	-2.3617	5.2836	-1.9476	3.2751	-0.91832	3.9149	4.7239	4.7319	4.2166
-2.0682	-1.5772	4.5672	-2.3664	-1.9924	-1.0856	-0.99208	5.2052	4.5607	4.8339	-2.4636	6.2434	-2.2455	-2.2695	4.3851	-1.7275	-0.77218	-1.7397	-2.4698	-0.64648	5.9845	-1.6634	4.5242	5.2399	-1.8115	-0.46639	4.9701	-1.194	4.3528	-2.228	4.9832	4.0057	5.0717	4.6664
-2.0384	-2.0824	4.6411	-0.77078	-2.2042	-1.7944	-0.79503	5.0962	4.0717	5.0707	-1.0084	6.8427	-0.99546	-0.92683	5.8812	-1.1864	-0.28523	-2.3283	-2.1218	-1.3412	6.141	-1.1817	4.2012	5.5524	-1.945	-1.2255	5.8877	-1.0981	4.5575	-1.8463	4.8832	6.2262	5.7251	5.0434
0.78877	2.7558	-1.3382	-1.6039	2.643	2.6766	-1.1936	-2.6597	1.7639	-2.3189	-0.24189	-0.37574	0.65941	-2.3423	0.622	-2.3103	-2.4157	-0.37006	-1.4375	2.789	0.10452	-0.34357	-1.2021	-0.19093	1.7549	-2.0799	-2.999	1.3108	0.66034	-0.54209	2.6048	-0.1433	2.6139	-0.019425
1.0909	3.2172	-1.1626	-2.2409	0.59217	0.72394	0.28967	-1.2133	1.1335	-0.51935	0.47688	1.7224	1.6688	-2.48	1.8122	-3.4067	-0.7153	-0.18212	-4.0003	2.0658	2.0137	-1.1221	-1.0959	1.0077	0.13836	0.97731	-0.55352	0.49125	-0.31623	0.31657	1.9877	1.232	1.8823	1.4775
1.6553	1.554	1.3613	-4.2572	0.59912	0.59722	1.0702	1.4565	1.1945	1.1931	0.3537	2.8768	2.6407	-4.383	1.9941	-4.5252	0.99602	0.57707	-5.3847	1.8462	2.3895	-3.5269	0.14882	1.5863	0.50837	1.7535	1.4674	1.0963	0.46934	1.3965	1.5721	1.5883	1.5877	1.5464
1.7015	1.4177	1.6974	-4.5337	0.90176	1.0349	1.5145	2.1248	1.4468	2.1012	0.64435	3.8921	2.4291	-4.6832	2.1896	-4.5306	1.669	1.1433	-5.5156	1.7525	2.6155	-5.0899	1.3504	2.0101	1.0224	2.208	2.1559	1.6185	1.2336	1.8701	1.6155	1.9537	1.8674	1.8601
1.7524	1.5157	1.9079	-4.4297	1.1355	1.3123	1.7866	2.2506	1.6657	2.4691	0.89159	5.6473	2.4285	-4.5358	2.4809	-4.265	2.0537	1.2906	-5.3704	1.887	2.9047	-5.291	1.8428	2.3545	1.4096	2.5763	2.5573	1.9473	1.5639	2.2262	1.8376	2.2519	2.1645	2.1586
1.9434	1.6567	2.1011	-4.2935	1.3092	1.5052	1.9804	2.3897	1.8739	2.7211	1.0694	8.2715	2.5146	-4.372	2.7504	-3.9996	2.2944	1.4072	-5.164	2.0507	3.1769	-5.2445	2.1428	2.6343	1.7072	2.8709	2.8612	2.2107	1.8055	2.5112	2.0504	2.5042	2.419	2.4092
1.3057	0.40051	-3.6097	-0.5509	-0.22215	1.6971	-0.29378	-1.5621	0.63654	1.6917	-3.9618	-2.6153	2.3977	-3.0202	-2.4353	-1.4218	2.1903	0.68363	-4.2715	-1.5366	-1.5048	-1.1515	-2.1967	1.7781	1.2131	0.42151	1.5599	2.3531	-1.9541	-0.039327	-2.7553	-2.696	-2.9446	-2.1073
1.0215	-0.2711	-4.4579	1.1358	0.9874	1.3461	0.9664	0.71757	-0.9878	3.358	-5.9604	-0.53738	2.1512	-4.2822	-2.1686	-2.3793	2.8018	0.64992	-3.3742	-0.46993	-1.8617	-1.3872	-2.7115	3.408	2.0508	3.4787	3.3092	2.9482	-4.1278	-2.2228	-2.7907	-2.9232	-2.3152	-2.9467
2.3452	0.55885	-4.7578	2.4619	1.0717	1.7266	1.2754	2.0496	-2.5851	3.3483	-4.8913	2.9493	1.6424	-4.1194	-1.993	-1.5431	2.457	1.0027	-3.9487	1.6133	-1.5246	-2.3348	-2.7154	4.2405	2.5842	4.6796	4.6164	3.4188	-2.9992	-2.0513	-2.6738	-2.0186	-2.4083	-2.4799
2.268	2.1576	-2.2774	2.1258	2.5422	1.7519	3.5403	3.0034	-3.3497	3.1838	-4.5887	3.3778	4.1915	-3.9045	-2.1979	-2.4526	2.2144	2.0743	-3.249	2.6643	-1.812	-4.0943	-2.4823	4.3318	3.3992	4.8504	4.3457	3.5672	-2.6384	-2.3549	-3.3687	-2.4392	-2.8205	-1.7717
3.3194	2.9034	-3.2556	3.4152	1.3148	2.7494	3.6684	3.7283	-2.6984	4.6545	-4.3791	5.1608	2.8901	-3.6194	-1.6939	-1.8892	3.6592	1.7525	-3.9614	3.0442	-1.5603	-3.9549	-2.7555	4.0881	3.6848	4.7582	3.902	3.3477	-3.0894	-2.5944	-3.4985	-2.0588	-1.747	-2.9308
3.5617	3.4291	-2.4019	2.9024	2.8134	1.8276	2.9044	4.5039	-1.7619	4.1461	-4.7968	6.6351	3.5898	-3.5735	-1.8602	-2.4515	3.2889	3.1212	-2.9086	3.3317	-1.7314	-3.7414	-3.0583	4.4879	3.1748	5.1231	4.9965	3.9209	-2.8758	-2.2473	-1.7797	-1.8702	-2.3023	-1.8144
-1.9763	1.297	1.3744	0.36019	-1.6261	2.5369	-2.3651	-2.7572	0.75421	0.78757	-0.73023	0.25152	1.6547	-0.53176	-0.14119	-0.71629	-2.3416	-0.77181	1.1258	-2.5036	-1.8126	-1.2544	1.6008	-0.41936	0.61176	-2.7175	-2.9122	-1.651	-2.1257	3.1574	1.7404	0.65968	1.8968	0.21645
-0.69371	-0.90352	0.35528	-0.52052	-1.357	4.8186	-1.2201	0.69487	-0.48572	2.1078	-2.092	2.3346	0.80028	-0.57255	0.61985	-0.39744	-1.9297	-1.4249	0.15423	0.30689	0.26421	-1.4148	0.30826	1.4239	-0.71653	1.1479	-2.0756	0.40618	0.020647	1.7095	0.88604	0.81467	-0.037575	1.1404
-0.57367	-1.021	1.0748	0.099077	-1.2569	5.1204	-0.682	0.98961	0.82447	1.5996	-1.8506	3.3249	0.81901	0.37896	0.99644	0.37806	0.26281	-1.2292	0.26731	-0.21877	2.2964	-1.5545	0.17112	0.54104	-0.078467	1.1577	-0.21485	0.21566	-0.10469	1.233	0.32787	0.011187	0.69506	0.66273
0.27031	-0.57109	0.29614	-0.15803	-0.54268	6.4869	-0.36747	0.29276	0.031879	0.96962	-1.2199	6.4149	0.26448	0.20908	1.2716	0.022277	-0.027847	-0.84954	-1.7575	-0.19923	1.7344	-1.2842	0.031536	1.354	-1.2885	1.1871	-0.23077	0.10307	-0.58195	0.92559	0.87788	0.54173	0.094301	1.3894
0.050812	0.3019	0.33944	-0.18049	0.011456	5.2845	0.60287	1.8836	0.26254	1.9884	-0.82151	8.5715	0.76744	-0.32803	0.65474	1.0133	0.20368	-0.58607	-0.43455	0.61435	1.7888	-0.67964	0.031651	0.88041	-0.0035773	1.6569	1.7043	-0.090852	0.17421	1.0088	0.44251	0.73794	0.38246	1.2906
0.11896	1.3922	0.89106	0.70007	-0.25002	5.5405	0.41027	1.5303	0.58835	1.2452	-0.019321	8.7241	0.77062	-0.40047	0.58453	0.69392	0.051236	-0.28511	-0.19524	0.1005	2.5358	-0.058199	1.0266	1.5958	0.55799	0.97495	0.91714	0.62267	1.9827	1.2825	1.1559	2.1364	1.377	1.9436
0.23015	-3.1121	-1.8927	-0.38481	0.36607	-0.72139	0.92227	0.53803	1.6726	-2.0433	0.01956	-0.7368	2.9968	2.7386	2.4664	-0.35463	1.5796	2.5711	-0.79556	-2.4097	0.15776	-0.99773	2.1942	-1.9705	-1.8291	0.19111	-2.6107	-1.628	0.84499	-2.4424	0.67412	2.4477	-0.058494	-1.1712
0.68295	-5.8261	0.2645	0.24902	0.22684	0.39297	0.9248	1.004	-0.056122	-0.090145	-0.053297	1.3804	5.0417	1.5091	3.5159	-0.19069	1.3641	1.1947	-1.1532	-0.86011	0.64905	-1.7372	0.51701	-0.025142	-4.1119	1.9288	-0.59409	-0.46561	-0.31892	-0.49147	0.2276	1.8376	0.19837	0.0064798
0.57646	-6.1985	0.459	0.41173	0.21373	0.43749	0.92144	0.89001	0.15533	0.8066	-0.019608	2.4222	6.999	0.32299	5.8982	0.29002	1.3672	0.20831	-0.90929	0.3968	1.1539	-1.1253	0.27337	0.85463	-5.6995	1.6491	0.62175	0.61082	0.11501	0.46299	0.26963	1.0301	0.46764	0.49823
0.66659	-6.0188	0.68357	0.62545	0.25433	0.47862	0.95929	1.0374	0.41608	1.1913	0.022062	3.7454	7.432	0.51887	7.2637	0.67666	1.3857	0.13141	-0.63117	0.65292	1.5501	-0.54517	0.55767	1.1423	-5.8646	1.5367	1.2042	0.78669	0.35087	0.92212	0.54607	1.1062	0.86311	0.87382
0.7483	-5.8361	0.88896	0.79166	0.30343	0.5256	1.0055	1.1943	0.64841	1.4795	0.071061	6.3822	7.6045	0.70451	7.7387	1.0127	1.4245	0.22755	-0.34188	0.84204	1.8948	-0.23473	0.8794	1.4085	-5.7302	1.697	1.5842	1.007	0.5886	1.2543	0.81254	1.3026	1.1672	1.1643
1.0635	-5.5954	1.1383	1.0284	0.45968	0.67594	1.1541	1.4296	0.91124	1.7359	0.22172	8.1674	7.8234	0.95125	8.0403	1.2935	1.5146	0.43879	-0.054329	1.0916	2.1837	0.015091	1.1588	1.6643	-5.5139	1.9262	1.8797	1.2471	0.83264	1.5314	1.0661	1.5537	1.4369	1.4298
2.8544	0.91615	-0.092193	-0.38822	-1.9695	-0.35712	-0.074608	2.2679	1.3593	0.75569	-2.5762	-2.4381	0.4747	-0.24079	0.28542	-2.9013	0.49792	0.80998	-0.1135	-2.1319	1.5975	1.8432	-1.3102	0.04778	-1.6454	-1.9299	1.9386	-2.7213	-1.91	2.9816	0.47157	0.52258	2.8261	-2.5118
1.7053	1.1892	1.8245	1.3442	-4.0299	0.49476	1.2181	1.9029	1.667	2.0527	-4.1693	-0.83562	1.6913	1.2062	2.3861	-3.0032	0.90663	0.96148	-2.9419	-2.8337	3.6741	0.87712	-2.7585	-1.3341	-2.8555	-0.38402	3.6341	-2.1461	-3.456	3.4816	1.8006	3.3602	3.1703	-2.9723
2.1291	1.8924	2.5664	2.1361	-4.8225	1.4229	1.8915	2.5541	2.4129	3.2141	-5.0647	1.889	2.4258	2.1928	3.5717	-2.9861	1.9325	1.4352	-3.7539	-3.7007	4.1117	1.0769	-3.0671	-2.2786	-3.2919	-1.0146	3.9572	-2.9427	-3.6679	3.6536	2.6453	3.5906	3.3716	-2.9643
2.6207	2.3203	2.9342	2.6245	-4.5759	1.8501	2.3313	3.0353	2.7722	3.6451	-4.8333	3.4949	2.9872	2.6406	3.869	-2.8555	2.492	1.922	-3.8302	-3.4734	4.3228	1.4863	-2.9816	-2.362	-3.2593	-1.8103	4.0918	-2.9184	-3.4592	3.7279	2.9763	3.6852	3.5306	-2.793
3.0068	2.6866	3.2394	3.0093	-4.1948	2.2638	2.7487	3.4161	3.0543	3.9243	-4.4557	4.5426	3.4283	2.9905	4.0671	-2.6817	2.9385	2.3412	-3.7436	-3.1437	4.5101	1.893	-2.8144	-2.2851	-3.1603	-1.9581	4.2387	-2.7586	-3.2384	3.8638	3.2382	3.816	3.7121	-2.5975
3.3129	2.999	3.5119	3.3284	-3.8222	2.6437	3.1262	3.7332	3.3121	4.1726	-4.0791	5.5779	3.7827	3.2879	4.2706	-2.4813	3.3409	2.6894	-3.5926	-2.8496	4.7097	2.2509	-2.6151	-2.1123	-3.008	-1.8374	4.4198	-2.5622	-3.01	4.0487	3.4884	4.0113	3.9208	-2.3815
2.4583	-1.7958	-2.0915	0.91767	-2.0074	-2.4081	-0.8457	-0.61308	-2.576	1.1541	0.2945	3.0518	-1.8039	2.6313	1.0372	1.529	-0.76329	-0.15845	-2.4727	2.4102	-0.34475	1.0565	1.4332	-1.3462	0.58835	-0.81307	1.8566	-2.6782	3.0944	1.7335	-3.0937	2.4426	2.2867	1.2409
3.9449	-3.8235	-3.4343	2.2035	-2.0764	-1.8891	-1.4298	1.9619	-3.4638	3.0592	-2.1851	4.8234	-1.1117	2.762	2.9277	2.5931	-0.86853	-2.1695	-4.0942	3.233	2.8067	0.73264	2.4437	-2.255	-1.9109	-0.523	3.0188	-2.4976	2.6725	2.9943	-3.4455	4.0048	3.0119	3.0781
4.0321	-3.001	-2.7407	3.597	-2.4471	-2.1906	-1.6861	3.913	-3.0413	3.8199	-2.6735	5.8313	-1.5583	3.4092	3.7544	3.3041	-1.0888	-2.9727	-4.0037	3.5866	4.0574	-0.1778	3.1585	-2.2746	-2.7153	-1.4869	3.8414	-2.5918	3.1137	3.636	-2.9814	4.1287	3.6049	3.628
4.1958	-2.4908	-2.2557	4.081	-2.4418	-2.1972	-1.7088	4.4688	-2.5588	4.3985	-2.6733	7.0454	-1.5673	3.923	4.3179	3.8544	-1.2209	-2.7044	-3.7275	4.0598	4.6952	-2.4378	3.7132	-1.9482	-2.7097	-1.5741	4.4012	-2.2923	3.5714	4.1216	-2.4344	4.3555	4.0981	4.1164
4.2094	-2.3772	-2.0137	4.2398	-2.437	-2.2042	-1.72	4.64	-2.2758	4.7885	-2.6678	9.571	-1.4697	4.1216	4.7459	4.2807	-1.2577	-2.5753	-3.4355	4.2592	5.1473	-2.8351	4.1428	-1.6049	-2.4779	-1.3334	4.8392	-1.9868	3.9032	4.5217	-2.1197	4.6104	4.4647	4.4705
4.487	-2.1814	-1.7674	4.442	-2.3367	-2.1122	-1.6322	4.8422	-2.007	5.0793	-2.5721	11.501	-1.3037	4.3473	5.0751	4.6089	-1.2341	-2.407	-3.1455	4.4867	5.4901	-2.7757	4.4729	-1.3039	-2.2075	-1.0518	5.1826	-1.7085	4.1768	4.8436	-1.8578	4.8905	4.7668	4.7652
-0.21575	-0.80661	-2.6186	3.1225	2.3225	-3.1396	1.1303	0.97265	-0.55381	-0.14841	-0.70166	-0.30108	-2.9719	-0.4692	-2.4755	-2.8693	0.35245	0.69888	1.4999	-1.5265	1.4209	1.3392	0.023641	2.4666	1.7545	-0.032278	1.6423	1.049	3.0025	-2.4048	2.3194	0.42613	-2.3855	2.9537
-0.19062	-1.83	-2.2919	4.2465	0.37662	-5.5372	1.2506	3.6495	-2.6507	-0.17722	-0.19289	1.2942	-1.4269	-1.8998	-2.2848	-2.7463	1.7504	-0.60497	1.6333	-1.203	3.9186	-0.77248	-1.5756	3.3263	1.4318	2.6371	3.5866	2.9513	2.7691	-2.8616	3.8194	2.9382	-2.5529	3.7857
-1.1975	-1.7584	-1.6868	4.8095	-0.5827	-6.4827	0.51533	5.2037	-2.0716	-0.87123	-0.85402	3.152	-0.80083	-1.6972	-1.691	-2.158	1.373	-1.5415	0.68036	-1.4696	4.902	-1.8665	-2.1047	4.2698	2.5315	4.1395	4.4843	3.9108	3.7134	-2.0606	4.3103	4.424	-1.7893	4.5206
-1.0623	-1.605	-1.3441	5.0251	-1.0384	-6.9885	-0.090244	5.4257	-1.6076	-0.83848	-1.2854	5.5774	-0.62809	-1.4208	-1.0276	-1.495	0.8166	-1.6805	-1.7413	-1.2685	5.6307	-2.0483	-1.6056	5.0338	3.5991	5.0885	5.227	4.6019	4.3896	-1.3343	4.7873	5.0674	-1.2447	5.0307
-0.85498	-1.3691	-1.0363	5.2722	-1.1281	-7.1176	-0.30892	5.6725	-1.2902	-0.54775	-1.364	6.7895	-0.41431	-1.1488	-0.61857	-1.0843	0.36616	-1.5239	-1.9691	-1.0044	6.0667	-1.9244	-1.2174	5.5051	4.4059	5.6681	5.715	5.0951	4.7972	-0.88712	5.109	5.4868	-0.89417	5.3898
-0.66582	-1.1201	-0.74478	5.5183	-1.0768	-7.1045	-0.32924	5.9184	-0.99184	-0.22933	-1.3102	7.8027	-0.19439	-0.88295	-0.26269	-0.72857	0.17294	-1.3107	-1.8244	-0.74086	6.4325	-1.723	-0.86432	5.8949	4.9187	6.105	6.1043	5.4933	5.1409	-0.511	5.419	5.845	-0.55433	5.7293
