0.418583 0.415219 0.415009 0.413897 0.446921 0.402184 0.398438 0.436318 0.428571 0.440889 0.40044 0.430738 0.419903 0.409809 0.400351 0.43342 0.432836 0.446809 0.401681 0.394775 0.407249 0.422292 0.443463 0.401468 0.455257 0.429487 0.435946 0.437148 0.446118 0.378197 0.421941 0.439227 0.418319 0.433766 0.445876 0.423855 0.388651 0.430571 0.426304 0.408815 0.372365 0.384516 0.457086 0.406634 0.422785 0.42316 0.405333 0.415519 0.401468 0.369231 0.348548 0.343164 0.391376 0.40875 0.391982 0.405045 0.385269 0.435798 0.380805 0.394711 0.387879 0.447154 
0.606999 0.63881 0.602424 0.564189 0.595238 0.507143 0.546154 0.583333 0.529617 0.558824 0.600798 0.551783 0.552268 0.553903 0.458418 0.578748 0.622449 0.535714 0.570115 0.61875 0.582712 0.526059 0.580392 0.594178 0.617647 0.561358 0.59447 0.551873 0.542033 0.463563 0.580963 0.57551 0.558867 0.557221 0.511561 0.493225 0.575531 0.541106 0.568807 0.582569 0.61609 0.621693 0.584416 0.611276 0.568317 0.564341 0.540134 0.522099 0.441406 0.54914 0.592847 0.533333 0.491493 0.543373 0.572123 0.588342 0.586379 0.561051 0.563003 0.608108 0.55483 0.603015 
0.453941 0.424486 0.489819 0.453978 0.497717 0.431566 0.47772 0.425094 0.448669 0.433921 0.417297 0.383562 0.444201 0.462306 0.434851 0.444667 0.456825 0.455592 0.46988 0.417582 0.378102 0.383234 0.382622 0.452467 0.373002 0.420765 0.44523 0.46886 0.421687 0.405512 0.436314 0.453416 0.394915 0.44712 0.456803 0.364532 0.377483 0.417411 0.435775 0.466341 0.333922 0.431535 0.445355 0.369757 0.434615 0.460251 0.435379 0.453052 0.496894 0.43268 0.35119 0.43738 0.437414 0.434074 0.511879 0.465649 0.429062 0.374277 0.428571 0.450062 0.443989 0.457831 
0.443418 0.410596 0.424855 0.436303 0.439271 0.455298 0.469283 0.416495 0.415896 0.40625 0.375405 0.378247 0.427203 0.394867 0.37103 0.349676 0.455556 0.49616 0.42449 0.390585 0.351531 0.41001 0.450952 0.487973 0.45674 0.435681 0.419355 0.438309 0.409511 0.394866 0.401163 0.383051 0.432432 0.366013 0.442634 0.394548 0.377803 0.436963 0.377301 0.419162 0.391167 0.422741 0.473563 0.43547 0.437215 0.422424 0.45566 0.465558 0.437579 0.360094 0.390221 0.443885 0.350427 0.424408 0.485106 0.282192 0.451872 0.469166 0.386221 0.412853 0.396494 0.39531 
0.307636 0.417963 0.307925 0.429493 0.321455 0.314073 0.39103 0.321847 0.311426 0.424658 0.421358 0.40073 0.383784 0.324538 0.305299 0.415829 0.297468 0.272031 0.294425 0.295958 0.433099 0.314508 0.310748 0.339056 0.318005 0.294695 0.287779 0.436178 0.408368 0.432014 0.303226 0.291105 0.33094 0.319492 0.414596 0.302069 0.290102 0.430532 0.307285 0.285714 0.322188 0.423077 0.344775 0.308186 0.322684 0.281086 0.286445 0.390746 0.411123 0.273594 0.410427 0.302977 0.426681 0.307068 0.296552 0.422803 0.443769 0.285945 0.308411 0.30871 0.41247 0.441496 
0.534862 0.531695 0.54047 0.585519 0.474811 0.592635 0.593172 0.527607 0.594059 0.486065 0.508257 0.477807 0.578378 0.578558 0.619134 0.586118 0.539007 0.600639 0.565547 0.584229 0.498168 0.52381 0.472881 0.527653 0.589074 0.501613 0.540246 0.544872 0.571681 0.575188 0.442353 0.531915 0.546926 0.589487 0.590971 0.546853 0.505076 0.539488 0.570513 0.574124 0.542373 0.530675 0.606579 0.598113 0.526042 0.525974 0.517787 0.478555 0.490849 0.516129 0.498065 0.55969 0.546687 0.53125 0.520408 0.507042 0.556782 0.589454 0.592233 0.497823 0.523723 0.520782 
0.601333 0.590278 0.559211 0.552381 0.561952 0.62828 0.565378 0.532847 0.603399 0.57686 0.633127 0.628758 0.589951 0.593023 0.531553 0.548193 0.638767 0.569579 0.574526 0.582596 0.464198 0.579942 0.551515 0.601036 0.60274 0.497191 0.572254 0.541247 0.589809 0.598611 0.609418 0.461538 0.51963 0.650376 0.617925 0.566613 0.564263 0.595801 0.609467 0.597523 0.541958 0.615809 0.554869 0.580357 0.551155 0.559829 0.52551 0.540865 0.574394 0.554974 0.481395 0.572165 0.606965 0.59447 0.597059 0.535248 0.532508 0.550186 0.509434 0.570526 0.498783 0.588235 
0.524123 0.505572 0.465139 0.463918 0.521226 0.457594 0.443089 0.489796 0.493534 0.475842 0.518797 0.455197 0.439153 0.500826 0.443765 0.475943 0.457447 0.452191 0.435523 0.460847 0.489143 0.431856 0.470149 0.517296 0.436285 0.420699 0.444034 0.446571 0.457346 0.404145 0.444759 0.475345 0.507788 0.481583 0.469792 0.449612 0.493622 0.455206 0.495495 0.474814 0.483051 0.471831 0.466418 0.407809 0.415842 0.486301 0.350168 0.458472 0.451477 0.517774 0.490868 0.495798 0.444596 0.441426 0.477513 0.445141 0.498452 0.401891 0.461255 0.483516 0.488145 0.480243 
0.461624 0.475429 0.517123 0.440653 0.46875 0.49703 0.396437 0.370614 0.457967 0.47584 0.433004 0.438034 0.435065 0.491736 0.466087 0.447602 0.472868 0.410562 0.409506 0.494891 0.46789 0.472696 0.456881 0.450867 0.39399 0.497549 0.451155 0.484087 0.435484 0.406045 0.419776 0.510373 0.408284 0.410714 0.481159 0.449242 0.47648 0.461627 0.462838 0.423554 0.473515 0.483819 0.491876 0.462103 0.422297 0.566757 0.470882 0.470985 0.485577 0.37027 0.516484 0.480562 0.459184 0.395626 0.477089 0.485755 0.476821 0.41841 0.441589 0.466775 0.4631 0.435662 
0.532699 0.506536 0.505852 0.486887 0.499525 0.488759 0.507553 0.495516 0.494585 0.526215 0.530284 0.528557 0.514151 0.480046 0.541889 0.516987 0.432692 0.483444 0.559508 0.498092 0.508876 0.429098 0.44 0.494453 0.517147 0.470893 0.525277 0.435535 0.505482 0.413681 0.483452 0.529787 0.529936 0.510582 0.49349 0.376443 0.513261 0.441926 0.541985 0.460591 0.424623 0.462541 0.436326 0.479827 0.520419 0.481796 0.52071 0.52126 0.473046 0.456853 0.479167 0.489664 0.470976 0.498188 0.452781 0.470245 0.464968 0.519435 0.534024 0.435417 0.54488 0.511022 
0.47332 0.402081 0.464891 0.45122 0.401342 0.450839 0.486486 0.432314 0.462019 0.453271 0.438266 0.446735 0.456954 0.400631 0.381429 0.380814 0.434579 0.533937 0.469471 0.436455 0.348797 0.444208 0.395288 0.519266 0.413043 0.463499 0.413349 0.385208 0.433836 0.435016 0.437294 0.442735 0.42125 0.515038 0.460993 0.484393 0.46161 0.465324 0.478161 0.530675 0.395245 0.486486 0.439665 0.488147 0.476596 0.43759 0.437844 0.39839 0.431111 0.361032 0.444 0.52766 0.432598 0.500554 0.407101 0.451064 0.453012 0.496464 0.347084 0.396256 0.489914 0.440336 
0.420886 0.463736 0.340909 0.415873 0.337359 0.322506 0.427881 0.452528 0.319202 0.463588 0.433812 0.432724 0.441449 0.364602 0.41958 0.423797 0.30365 0.290807 0.279755 0.302875 0.315186 0.469584 0.426146 0.304688 0.356371 0.436198 0.308851 0.342342 0.445283 0.458022 0.458726 0.323615 0.354971 0.437626 0.447368 0.360505 0.341844 0.350476 0.349701 0.327928 0.361062 0.461009 0.444003 0.337113 0.423488 0.461812 0.44406 0.319092 0.337798 0.467033 0.432519 0.431148 0.454294 0.454545 0.320619 0.446809 0.459948 0.465336 0.428708 0.428431 0.329331 0.344118 
0.454148 0.523973 0.550877 0.551416 0.425272 0.455193 0.444015 0.440698 0.441826 0.415902 0.447073 0.573034 0.562061 0.531513 0.54491 0.442308 0.449721 0.55137 0.386598 0.401396 0.462214 0.388991 0.544629 0.538889 0.524465 0.393762 0.394077 0.437746 0.434066 0.544828 0.455607 0.554987 0.43608 0.534226 0.412331 0.42978 0.548201 0.381232 0.407104 0.549852 0.56 0.552496 0.559692 0.583979 0.528646 0.549313 0.552632 0.461207 0.550943 0.558344 0.407752 0.545648 0.535393 0.576497 0.568063 0.513514 0.5775 0.424497 0.568 0.565771 0.564972 0.41791 
0.625337 0.596452 0.623955 0.586162 0.59697 0.596651 0.619962 0.564482 0.647184 0.5822 0.632335 0.541667 0.545906 0.592267 0.595944 0.542074 0.568928 0.621015 0.547862 0.551903 0.567901 0.55286 0.582435 0.638958 0.630153 0.654995 0.605464 0.59271 0.548061 0.645669 0.625 0.647806 0.593148 0.596059 0.580142 0.486804 0.583463 0.633645 0.602165 0.598726 0.635209 0.510086 0.590143 0.567944 0.586294 0.636879 0.597096 0.60282 0.585507 0.613436 0.55794 0.610803 0.616279 0.552273 0.575758 0.617729 0.557692 0.584139 0.58406 0.563319 0.586207 0.613076 
0.509354 0.501243 0.524096 0.499576 0.501179 0.474018 0.509232 0.471461 0.54223 0.491582 0.499611 0.521888 0.473945 0.454265 0.507232 0.513614 0.505587 0.480218 0.473149 0.457036 0.485714 0.452 0.490637 0.489869 0.442105 0.483914 0.462273 0.476874 0.527446 0.51046 0.498807 0.463801 0.510301 0.420575 0.509524 0.468521 0.422414 0.499407 0.523288 0.521655 0.483466 0.516598 0.514091 0.495778 0.497829 0.535286 0.504348 0.506024 0.514066 0.507312 0.505119 0.514324 0.474664 0.474654 0.50838 0.467105 0.471805 0.506224 0.49445 0.536145 0.480631 0.494607 
0.478981 0.460152 0.458422 0.462745 0.433884 0.47254 0.435083 0.482759 0.477497 0.457335 0.463178 0.451256 0.421667 0.413271 0.444653 0.489456 0.395349 0.426104 0.467577 0.408385 0.417021 0.479687 0.41745 0.410156 0.470252 0.479438 0.431426 0.366782 0.437247 0.482436 0.372703 0.454962 0.451501 0.420495 0.468007 0.475676 0.492432 0.474576 0.493036 0.441667 0.480978 0.454942 0.499316 0.44186 0.454545 0.459954 0.451031 0.412903 0.399306 0.477457 0.442254 0.523611 0.455182 0.478484 0.38255 0.48285 0.43133 0.430806 0.427632 0.393443 0.43672 0.366071 
0.501927 0.519814 0.528873 0.531026 0.541193 0.458626 0.526316 0.472325 0.51566 0.471767 0.468825 0.516403 0.549053 0.577576 0.521368 0.500775 0.50571 0.445104 0.487644 0.438263 0.485089 0.523576 0.530762 0.484392 0.485804 0.462069 0.542964 0.533052 0.489385 0.508543 0.443709 0.586483 0.567365 0.506936 0.444781 0.502994 0.493129 0.497778 0.504054 0.456265 0.466102 0.46908 0.535022 0.519666 0.550378 0.416107 0.530015 0.509317 0.536467 0.50838 0.490909 0.509744 0.465257 0.480363 0.466862 0.478927 0.565598 0.501382 0.492823 0.5 0.482328 0.519101 
0.508565 0.479272 0.520858 0.491699 0.486239 0.460366 0.420578 0.46683 0.463455 0.572277 0.509628 0.421053 0.50922 0.44381 0.497441 0.49278 0.454693 0.47619 0.498221 0.487616 0.486572 0.538368 0.483773 0.499374 0.428302 0.447277 0.506944 0.460829 0.478193 0.431217 0.444444 0.490298 0.504777 0.529161 0.457399 0.554196 0.497213 0.493573 0.512658 0.469657 0.504695 0.426471 0.509485 0.492424 0.481928 0.526429 0.488235 0.454948 0.46875 0.514706 0.463845 0.513353 0.515801 0.415152 0.47392 0.514286 0.476281 0.54269 0.487006 0.488778 0.502994 0.494194 
0.47467 0.498455 0.47636 0.497055 0.487416 0.47449 0.507653 0.499609 0.483395 0.501116 0.507599 0.427907 0.485294 0.460663 0.443717 0.4375 0.447867 0.480475 0.469208 0.476077 0.391967 0.468175 0.531561 0.492455 0.424519 0.456081 0.487761 0.496257 0.452381 0.459552 0.449045 0.475104 0.514286 0.431818 0.451524 0.482446 0.501099 0.454217 0.494382 0.49361 0.474129 0.432956 0.492473 0.418856 0.515924 0.451163 0.446309 0.437716 0.452055 0.470865 0.527027 0.475515 0.47433 0.501152 0.440751 0.417867 0.47006 0.465574 0.501412 0.476408 0.426966 0.5 
0.567183 0.538373 0.5861 0.551069 0.5875 0.587711 0.563522 0.614108 0.556319 0.603246 0.603883 0.557809 0.55317 0.552826 0.598485 0.609339 0.55335 0.516129 0.595716 0.545145 0.579104 0.589527 0.607629 0.497307 0.508876 0.600476 0.57551 0.478796 0.55 0.581492 0.515294 0.597146 0.587879 0.528713 0.504902 0.510638 0.551895 0.491071 0.551681 0.613056 0.528418 0.630938 0.443128 0.496674 0.590909 0.563895 0.572838 0.588837 0.531553 0.450139 0.390428 0.607717 0.51357 0.535445 0.510301 0.578778 0.547718 0.544282 0.529716 0.511892 0.57996 0.533129 
0.445507 0.465009 0.436364 0.445578 0.444109 0.471649 0.497866 0.471635 0.48062 0.458824 0.470192 0.441203 0.471585 0.45768 0.433424 0.443894 0.415152 0.464662 0.424442 0.455696 0.420578 0.438372 0.47463 0.470588 0.465517 0.465054 0.432564 0.444221 0.463175 0.481959 0.407186 0.427293 0.466091 0.464431 0.481437 0.416862 0.429814 0.462651 0.387597 0.46047 0.478365 0.471555 0.438859 0.421488 0.44697 0.392442 0.446903 0.436389 0.413078 0.471803 0.425614 0.440208 0.436929 0.439594 0.426573 0.446154 0.431373 0.440945 0.441088 0.495455 0.431274 0.480865 
0.474082 0.495223 0.469608 0.489301 0.442288 0.457627 0.50495 0.451822 0.434834 0.46904 0.449324 0.520833 0.510893 0.446602 0.456923 0.395161 0.493528 0.441054 0.467041 0.422744 0.48394 0.497472 0.501645 0.459909 0.45 0.48 0.392941 0.474916 0.456107 0.448889 0.433194 0.432519 0.402579 0.446735 0.468262 0.482044 0.448058 0.484127 0.519084 0.483333 0.441676 0.492672 0.532747 0.464995 0.527728 0.515358 0.481211 0.47314 0.585082 0.410646 0.501882 0.464646 0.50438 0.481982 0.474964 0.495138 0.482456 0.466495 0.462006 0.464203 0.490468 0.424132 
0.592503 0.574468 0.569738 0.443686 0.556005 0.603086 0.560818 0.549669 0.473502 0.591004 0.570492 0.454994 0.430986 0.399168 0.538079 0.58209 0.586992 0.464523 0.570871 0.391641 0.549587 0.596648 0.391736 0.555431 0.44564 0.405117 0.570896 0.576138 0.46379 0.599332 0.461623 0.444005 0.558673 0.443815 0.592473 0.592202 0.597914 0.575758 0.594633 0.399549 0.431095 0.555066 0.611047 0.606509 0.618321 0.441542 0.428763 0.604628 0.438007 0.484848 0.551433 0.590643 0.583789 0.46375 0.574586 0.452083 0.446406 0.568773 0.561338 0.621479 0.622865 0.55692 
0.42132 0.525743 0.511364 0.48433 0.45977 0.45045 0.535565 0.364979 0.503859 0.455 0.498168 0.431856 0.458869 0.493197 0.430161 0.47392 0.586555 0.556258 0.526112 0.49534 0.500864 0.518265 0.449213 0.490355 0.457014 0.4274 0.512962 0.469428 0.464286 0.426783 0.456452 0.5 0.415775 0.498276 0.49505 0.53602 0.497748 0.41225 0.456453 0.405276 0.432061 0.512195 0.545455 0.548077 0.418079 0.486134 0.539275 0.500879 0.498656 0.463448 0.466377 0.373596 0.45 0.545171 0.452539 0.526252 0.481591 0.47199 0.481214 0.534766 0.555405 0.456736 
0.497462 0.489672 0.503753 0.504274 0.49195 0.47877 0.484211 0.518911 0.489362 0.451049 0.474609 0.518519 0.550239 0.488806 0.48865 0.484884 0.495455 0.482484 0.457265 0.489982 0.471805 0.435393 0.434585 0.506815 0.507071 0.39966 0.49625 0.523726 0.447639 0.469014 0.451509 0.480039 0.4601 0.391304 0.532609 0.413793 0.517483 0.438953 0.529486 0.465786 0.478854 0.505682 0.517875 0.475751 0.460808 0.507026 0.513854 0.363014 0.504537 0.441071 0.460163 0.489418 0.433099 0.536765 0.518476 0.485482 0.382743 0.368421 0.400338 0.488475 0.420455 0.504687 
0.490181 0.472961 0.4062 0.462151 0.421561 0.441926 0.482871 0.477576 0.402108 0.424961 0.408531 0.416824 0.451302 0.480895 0.388764 0.410364 0.421975 0.459635 0.437349 0.433998 0.38478 0.333789 0.462418 0.467702 0.469799 0.391437 0.418301 0.469388 0.370115 0.458286 0.423248 0.369048 0.396122 0.504274 0.42031 0.462623 0.371951 0.412774 0.338028 0.444012 0.48731 0.453467 0.427632 0.378151 0.411449 0.487093 0.492784 0.483749 0.447421 0.44012 0.395199 0.423592 0.393979 0.46181 0.459574 0.419619 0.361022 0.518724 0.40585 0.435403 0.486726 0.409165 
0.535714 0.511971 0.574725 0.509312 0.485537 0.534442 0.545998 0.418605 0.456081 0.407599 0.411645 0.460638 0.513725 0.497619 0.519187 0.489796 0.462779 0.436137 0.493363 0.376013 0.473684 0.56286 0.572308 0.400501 0.465578 0.41321 0.45471 0.501901 0.528736 0.574642 0.363636 0.486635 0.515562 0.462439 0.502415 0.358434 0.512735 0.550258 0.400853 0.453446 0.44 0.47199 0.54519 0.507143 0.543503 0.570068 0.40553 0.497093 0.375887 0.559252 0.498837 0.52729 0.497619 0.557173 0.482278 0.461717 0.525912 0.418002 0.516639 0.415197 0.460104 0.477612 
0.517289 0.522826 0.554054 0.515901 0.411985 0.45283 0.428571 0.434501 0.489676 0.530239 0.508399 0.530324 0.527027 0.473888 0.438413 0.4608 0.536042 0.432348 0.406654 0.45339 0.408624 0.572317 0.449248 0.458967 0.433604 0.52046 0.462295 0.479751 0.482639 0.502227 0.437137 0.431579 0.511924 0.393474 0.490397 0.512015 0.456908 0.543726 0.520282 0.474886 0.446131 0.469921 0.515101 0.485651 0.468051 0.400722 0.507299 0.371429 0.440191 0.505282 0.491994 0.474912 0.469626 0.511438 0.464286 0.402837 0.458472 0.459538 0.47343 0.435986 0.494485 0.503788 
0.422942 0.389215 0.492866 0.446384 0.417582 0.433898 0.391534 0.433679 0.383745 0.460407 0.447326 0.476042 0.43994 0.419795 0.433894 0.447977 0.441704 0.421123 0.366972 0.400207 0.4625 0.461538 0.45098 0.450063 0.409143 0.447907 0.405374 0.423797 0.466172 0.463158 0.45 0.425373 0.379494 0.484136 0.412821 0.441931 0.453001 0.411184 0.395486 0.420272 0.456699 0.454887 0.365291 0.429825 0.377622 0.469471 0.459607 0.455545 0.47651 0.368043 0.354839 0.460905 0.516729 0.443888 0.327314 0.396396 0.375362 0.403642 0.427793 0.478788 0.481322 0.450805 
0.483758 0.497081 0.504026 0.534066 0.509031 0.493783 0.482759 0.511873 0.542268 0.501669 0.496988 0.465232 0.477558 0.495976 0.475728 0.467914 0.467492 0.489385 0.405548 0.473854 0.518234 0.463354 0.410526 0.467337 0.447977 0.428571 0.476127 0.544574 0.516474 0.472727 0.543119 0.488294 0.430921 0.507853 0.469919 0.485597 0.524659 0.397101 0.532573 0.506452 0.45827 0.551105 0.443737 0.532483 0.528448 0.506361 0.519704 0.491525 0.471429 0.419274 0.467532 0.491342 0.518519 0.483974 0.5 0.507412 0.488127 0.478216 0.481858 0.479253 0.501381 0.430357 
0.479437 0.492742 0.481261 0.436453 0.463972 0.508287 0.529046 0.538058 0.495681 0.518574 0.482893 0.496158 0.484596 0.418108 0.480994 0.502019 0.46505 0.466165 0.516369 0.46 0.464607 0.480061 0.414594 0.421606 0.471624 0.517289 0.505508 0.513304 0.454248 0.458022 0.427941 0.439166 0.435171 0.486268 0.444134 0.449883 0.472794 0.466184 0.410891 0.465093 0.498821 0.510465 0.433923 0.475538 0.429302 0.357914 0.391039 0.408046 0.372093 0.418333 0.414379 0.411765 0.462077 0.496774 0.461479 0.464801 0.449405 0.456863 0.466981 0.453382 0.467546 0.405276 
0.395329 0.493813 0.502092 0.408826 0.496706 0.521907 0.535316 0.516579 0.506742 0.479722 0.51813 0.505664 0.495833 0.429543 0.390187 0.377072 0.354651 0.488076 0.525862 0.488199 0.510949 0.508855 0.366806 0.374843 0.405728 0.401261 0.535385 0.490231 0.506716 0.559557 0.531758 0.507645 0.487893 0.404366 0.32746 0.482759 0.421955 0.514908 0.484986 0.391964 0.492163 0.421847 0.485219 0.495122 0.336343 0.504599 0.47561 0.378824 0.5025 0.492737 0.511699 0.396501 0.416175 0.5125 0.504373 0.401709 0.490909 0.49629 0.435943 0.391954 0.537696 0.490706 
0.474359 0.431673 0.454075 0.478712 0.448109 0.467675 0.423529 0.462931 0.366782 0.417308 0.437759 0.467018 0.507993 0.386935 0.458418 0.410473 0.487349 0.48244 0.442886 0.461847 0.35461 0.410917 0.464578 0.414861 0.424942 0.415385 0.44015 0.418953 0.375622 0.443478 0.419476 0.432718 0.436792 0.50211 0.461686 0.45499 0.442334 0.456998 0.443508 0.357477 0.353093 0.454861 0.408037 0.469799 0.471671 0.465409 0.370536 0.396907 0.446667 0.458283 0.507212 0.461538 0.460245 0.451923 0.422446 0.455213 0.451362 0.429907 0.466667 0.434641 0.431915 0.327842 
0.448276 0.447968 0.465409 0.485219 0.452933 0.428165 0.457245 0.469492 0.495798 0.441833 0.463463 0.427861 0.46894 0.465753 0.442211 0.437097 0.431667 0.41925 0.446069 0.422701 0.420868 0.429487 0.46145 0.476923 0.447316 0.42695 0.464249 0.375394 0.473802 0.479705 0.418647 0.491561 0.463415 0.442244 0.455907 0.421192 0.41039 0.454955 0.358108 0.481214 0.484751 0.44335 0.46 0.459834 0.427692 0.401288 0.467871 0.388592 0.437756 0.449374 0.428571 0.461039 0.436538 0.44964 0.445293 0.41785 0.457995 0.474809 0.464327 0.456422 0.43389 0.44029 
0.483392 0.519099 0.444949 0.474055 0.431791 0.451146 0.449184 0.492777 0.550274 0.486976 0.486258 0.464821 0.492117 0.506229 0.481541 0.528008 0.5 0.408537 0.441648 0.488981 0.445731 0.470199 0.47449 0.490741 0.453694 0.404689 0.482143 0.506531 0.483544 0.538603 0.525903 0.491342 0.483309 0.421466 0.464088 0.431507 0.467724 0.395131 0.396304 0.463687 0.392442 0.495927 0.48317 0.48737 0.449093 0.435737 0.472064 0.462428 0.491094 0.391176 0.401434 0.412668 0.468665 0.46922 0.50094 0.439379 0.487204 0.495159 0.470109 0.525301 0.426471 0.47293 
0.502352 0.483444 0.385782 0.377727 0.507378 0.483159 0.341346 0.321678 0.357815 0.490466 0.343333 0.470588 0.478886 0.498575 0.378819 0.477241 0.47343 0.34233 0.35901 0.379728 0.352 0.340278 0.472393 0.373171 0.340836 0.345521 0.486141 0.365015 0.478134 0.357735 0.365011 0.469136 0.491573 0.497156 0.356179 0.368363 0.336331 0.326984 0.477624 0.489679 0.460472 0.506944 0.40191 0.521951 0.492414 0.480127 0.506699 0.509603 0.372632 0.505308 0.479233 0.482301 0.332298 0.324219 0.381715 0.361072 0.495315 0.477754 0.374755 0.491082 0.490622 0.325 
0.549541 0.583567 0.563654 0.540097 0.565066 0.516098 0.588997 0.549505 0.541446 0.530187 0.547009 0.515882 0.540064 0.537353 0.537563 0.507726 0.545133 0.538368 0.546729 0.525399 0.519406 0.525547 0.567447 0.576043 0.515289 0.564537 0.508065 0.512612 0.514961 0.534091 0.5 0.479576 0.463259 0.543175 0.556474 0.535802 0.565996 0.568052 0.526421 0.512329 0.557441 0.564748 0.604749 0.522503 0.546943 0.532033 0.50104 0.537747 0.526946 0.511278 0.550345 0.566138 0.595361 0.454333 0.502725 0.555434 0.564787 0.522156 0.593496 0.490463 0.54827 0.517382 
0.45495 0.421296 0.441708 0.494577 0.457883 0.470899 0.448137 0.464174 0.474104 0.473118 0.420118 0.425993 0.467236 0.424825 0.437097 0.449742 0.425968 0.422343 0.415094 0.423695 0.477551 0.447977 0.419837 0.39886 0.468439 0.433283 0.408824 0.490241 0.454061 0.479407 0.499079 0.459902 0.462481 0.43129 0.455128 0.487395 0.409807 0.427879 0.445087 0.475845 0.397015 0.427012 0.47619 0.442901 0.430199 0.465558 0.479299 0.405759 0.454685 0.465185 0.440972 0.412698 0.452174 0.481132 0.47037 0.453015 0.44688 0.506352 0.475728 0.465306 0.47619 0.387097 
0.482789 0.501102 0.512284 0.462748 0.483948 0.498246 0.508565 0.438169 0.466428 0.489712 0.491379 0.462069 0.449456 0.499142 0.426052 0.415584 0.468153 0.422865 0.45173 0.410798 0.439577 0.405405 0.467726 0.413953 0.448894 0.467769 0.472059 0.513462 0.45283 0.455818 0.4842 0.476035 0.441523 0.493066 0.522843 0.492424 0.496009 0.498331 0.369697 0.38009 0.434395 0.481602 0.46131 0.483178 0.484038 0.42796 0.480601 0.479401 0.405405 0.504744 0.475836 0.485876 0.484043 0.434679 0.468938 0.429048 0.485537 0.484615 0.469388 0.481034 0.501484 0.468085 
0.489552 0.552204 0.443396 0.543796 0.520924 0.586291 0.536434 0.51463 0.508306 0.482044 0.551643 0.430556 0.479933 0.438795 0.375 0.4102 0.509804 0.547842 0.477011 0.406026 0.519481 0.560694 0.539474 0.493333 0.58121 0.544607 0.543507 0.454988 0.564492 0.445428 0.409006 0.403175 0.425725 0.549254 0.5 0.485884 0.552632 0.44204 0.557864 0.488318 0.429752 0.386172 0.442716 0.423077 0.453184 0.375527 0.554804 0.561321 0.397561 0.53556 0.456395 0.445351 0.454194 0.456543 0.477134 0.489024 0.485294 0.484733 0.428177 0.475 0.456081 0.535316 
0.556034 0.532684 0.500585 0.469298 0.446602 0.518987 0.565657 0.46583 0.551389 0.498361 0.473071 0.44385 0.560928 0.482368 0.483766 0.533101 0.47708 0.553061 0.572086 0.556985 0.480638 0.531915 0.472613 0.527591 0.497561 0.488506 0.510417 0.501211 0.432331 0.527568 0.494087 0.441997 0.521459 0.504801 0.469072 0.521809 0.520612 0.507987 0.49726 0.502046 0.553816 0.482927 0.458763 0.5 0.42449 0.423077 0.553163 0.506818 0.493197 0.503458 0.513292 0.464752 0.463203 0.488739 0.524126 0.503125 0.497706 0.52452 0.492243 0.491197 0.481262 0.542314 
0.551907 0.55398 0.557068 0.577193 0.53789 0.542222 0.533917 0.575397 0.576819 0.505441 0.537389 0.530651 0.457471 0.507752 0.514563 0.551941 0.502947 0.562764 0.503663 0.510791 0.480865 0.524457 0.55 0.559783 0.562011 0.508197 0.565217 0.465438 0.482713 0.532951 0.435331 0.479167 0.540421 0.537014 0.541491 0.473799 0.467033 0.492877 0.524476 0.538344 0.459969 0.540962 0.538182 0.459716 0.417323 0.454248 0.518868 0.51312 0.537179 0.57845 0.506173 0.527728 0.539086 0.503119 0.543385 0.429688 0.54007 0.539648 0.5625 0.532294 0.528662 0.552217 
0.441149 0.451668 0.516089 0.505294 0.471264 0.522973 0.525796 0.522807 0.50308 0.487026 0.484629 0.508654 0.422222 0.455418 0.457589 0.430427 0.44391 0.529226 0.430588 0.492 0.494005 0.489051 0.512852 0.513043 0.508418 0.442418 0.467236 0.481848 0.440138 0.475146 0.476035 0.482972 0.467521 0.478312 0.483568 0.497389 0.385666 0.458716 0.472895 0.496875 0.46311 0.464853 0.491954 0.478058 0.502294 0.514725 0.426263 0.396135 0.341935 0.512438 0.49569 0.454248 0.461538 0.465116 0.419223 0.495652 0.537482 0.425532 0.535055 0.483721 0.43342 0.506764 
0.368109 0.395331 0.4125 0.37767 0.406728 0.390932 0.364767 0.386986 0.411067 0.409962 0.420099 0.404255 0.390977 0.392276 0.366874 0.379714 0.371831 0.413699 0.360097 0.355781 0.389628 0.387033 0.382319 0.36351 0.360331 0.376712 0.354968 0.358342 0.334328 0.382413 0.402817 0.38587 0.353973 0.383721 0.399404 0.414256 0.34995 0.354386 0.355913 0.38196 0.354348 0.354134 0.356982 0.425592 0.431765 0.405738 0.408582 0.346868 0.369615 0.339181 0.420757 0.368488 0.377803 0.386503 0.404545 0.381523 0.343607 0.33635 0.348837 0.431818 0.366906 0.410661 
0.521429 0.485372 0.512327 0.458111 0.442263 0.451702 0.426045 0.490909 0.478386 0.444947 0.439528 0.357362 0.434833 0.425445 0.455344 0.502775 0.536517 0.43061 0.397086 0.447425 0.460342 0.485106 0.392318 0.444162 0.502924 0.530167 0.45642 0.461237 0.448367 0.475753 0.54372 0.454054 0.485258 0.472222 0.412651 0.484237 0.443678 0.47451 0.510707 0.444751 0.500654 0.431464 0.54 0.42076 0.499353 0.493562 0.478846 0.428875 0.392442 0.434615 0.47561 0.428115 0.398268 0.406657 0.551867 0.492288 0.451807 0.485569 0.523745 0.390935 0.501092 0.47532 
0.544762 0.541713 0.589286 0.559928 0.548033 0.552448 0.576399 0.56371 0.480374 0.579758 0.545238 0.562791 0.510402 0.569492 0.571912 0.524523 0.516279 0.577778 0.517986 0.513788 0.521691 0.49931 0.512438 0.490506 0.56465 0.491686 0.550067 0.526455 0.535288 0.508197 0.550785 0.531785 0.539175 0.505857 0.64 0.548556 0.487218 0.560584 0.558016 0.507879 0.57284 0.527919 0.513035 0.557447 0.501613 0.551646 0.569038 0.569048 0.589041 0.5 0.520801 0.54 0.472492 0.438662 0.488756 0.4832 0.535088 0.542243 0.546392 0.586974 0.581492 0.576341 
0.389505 0.432822 0.361132 0.426612 0.378505 0.331602 0.308318 0.329281 0.441413 0.368915 0.426081 0.42674 0.32428 0.411945 0.428008 0.468254 0.401266 0.358904 0.342342 0.360816 0.345048 0.331808 0.328173 0.318035 0.374737 0.365621 0.434472 0.420802 0.385802 0.390244 0.370462 0.378812 0.374589 0.291782 0.375315 0.366935 0.383415 0.314815 0.330261 0.292647 0.368227 0.454241 0.292308 0.295488 0.420863 0.375224 0.296875 0.380328 0.344913 0.263768 0.357254 0.316246 0.440575 0.430333 0.366953 0.389241 0.425314 0.390018 0.356377 0.341801 0.460651 0.351412 
0.416107 0.365201 0.440887 0.368201 0.417112 0.369136 0.410256 0.432075 0.385586 0.367904 0.40625 0.389706 0.404661 0.466993 0.433836 0.423513 0.394649 0.412346 0.382671 0.394387 0.383333 0.418919 0.451311 0.358621 0.329114 0.381003 0.424702 0.473498 0.446293 0.410678 0.425532 0.456338 0.412946 0.437831 0.402126 0.37931 0.398281 0.432892 0.418934 0.388027 0.404203 0.356522 0.432285 0.40803 0.40874 0.457302 0.423797 0.311532 0.373684 0.439366 0.443155 0.358593 0.324723 0.331808 0.401114 0.327465 0.401212 0.4 0.37931 0.411839 0.341404 0.38664 
0.567929 0.583106 0.587629 0.575472 0.52959 0.466964 0.579848 0.549223 0.587413 0.586397 0.575067 0.444311 0.45583 0.418985 0.549593 0.362559 0.413043 0.436396 0.592275 0.583748 0.610586 0.560944 0.447514 0.555917 0.579767 0.430843 0.578652 0.547067 0.54902 0.444574 0.407563 0.448661 0.586765 0.546888 0.59025 0.410909 0.397993 0.585742 0.568715 0.454015 0.42462 0.395706 0.567881 0.45583 0.436185 0.575531 0.464286 0.453593 0.453024 0.380184 0.373206 0.376176 0.359848 0.574359 0.58256 0.45362 0.582121 0.351039 0.564694 0.516854 0.485804 0.558174 
0.413948 0.39093 0.415937 0.348713 0.283298 0.293855 0.366438 0.435374 0.334715 0.374339 0.359501 0.343415 0.372059 0.43128 0.387608 0.281633 0.335099 0.309192 0.285983 0.287619 0.376677 0.337553 0.425 0.418876 0.349942 0.414815 0.347973 0.358166 0.403409 0.321466 0.38872 0.418212 0.374314 0.328961 0.380567 0.321987 0.294527 0.272727 0.281142 0.335202 0.310377 0.264957 0.223092 0.31113 0.347222 0.387324 0.344865 0.340192 0.364425 0.426906 0.297546 0.413402 0.272897 0.354309 0.330935 0.332117 0.286842 0.299003 0.315961 0.240143 0.418356 0.346964 
0.533085 0.538983 0.561992 0.525287 0.511649 0.544268 0.519126 0.509459 0.54244 0.504505 0.513426 0.505319 0.504972 0.517435 0.529543 0.515695 0.458791 0.523585 0.515773 0.481271 0.489596 0.495127 0.53664 0.582555 0.572025 0.503774 0.532486 0.497859 0.500531 0.542832 0.485114 0.45927 0.542316 0.513784 0.49789 0.502874 0.579866 0.529167 0.524072 0.561662 0.545272 0.568063 0.533557 0.48329 0.541955 0.559242 0.465296 0.509967 0.574492 0.533007 0.56625 0.538847 0.525309 0.535556 0.572275 0.493289 0.538462 0.51926 0.489474 0.475862 0.566474 0.51817 
0.407705 0.464228 0.451636 0.481795 0.436235 0.434191 0.423757 0.496674 0.513234 0.434231 0.463964 0.499481 0.435115 0.457091 0.465157 0.406682 0.46648 0.435039 0.445652 0.474761 0.430688 0.42112 0.472441 0.452774 0.475927 0.433001 0.422351 0.441109 0.430672 0.506635 0.523952 0.451174 0.447826 0.429213 0.445192 0.425512 0.518417 0.455032 0.408978 0.423963 0.440771 0.468354 0.491379 0.427093 0.466321 0.454959 0.463576 0.473636 0.476289 0.461538 0.451042 0.509058 0.410345 0.449782 0.456876 0.498258 0.458943 0.486922 0.446328 0.378995 0.465998 0.427903 
0.430804 0.387324 0.443902 0.414734 0.399743 0.431284 0.427007 0.442777 0.367394 0.413974 0.38673 0.479871 0.38992 0.351823 0.372642 0.381415 0.390434 0.392771 0.392977 0.384762 0.397805 0.356899 0.392804 0.462319 0.385093 0.392438 0.433048 0.410177 0.421505 0.375123 0.3756 0.446588 0.404255 0.354011 0.347551 0.435455 0.430986 0.427619 0.424603 0.428571 0.45478 0.395082 0.388646 0.353884 0.415571 0.366592 0.477876 0.351471 0.380478 0.393617 0.436909 0.417284 0.462609 0.39521 0.401267 0.428198 0.446914 0.427679 0.454663 0.395506 0.35259 0.406593 
0.342642 0.353023 0.429577 0.320772 0.438533 0.363445 0.40663 0.456628 0.455534 0.323166 0.34564 0.449631 0.399695 0.46198 0.378911 0.329517 0.429698 0.365019 0.329517 0.342937 0.382181 0.401309 0.374449 0.294309 0.359249 0.340941 0.327206 0.294766 0.44661 0.371585 0.329085 0.477396 0.388095 0.335463 0.37841 0.355511 0.450644 0.389354 0.447734 0.439379 0.378313 0.370238 0.393939 0.346677 0.374886 0.295669 0.369178 0.363281 0.277778 0.273622 0.311111 0.387528 0.37927 0.423212 0.397649 0.33399 0.322615 0.433333 0.455556 0.352751 0.428292 0.379337 
0.609726 0.602671 0.608073 0.560137 0.564865 0.567164 0.55082 0.583535 0.571429 0.471642 0.533007 0.561983 0.545287 0.591141 0.548255 0.527383 0.487032 0.508721 0.503817 0.593819 0.52187 0.37931 0.526437 0.5553 0.582474 0.453532 0.512821 0.586634 0.546917 0.59164 0.577068 0.598938 0.573386 0.480687 0.603679 0.578788 0.580336 0.615152 0.5 0.427729 0.504098 0.583618 0.581439 0.537988 0.596532 0.547579 0.551971 0.53886 0.579918 0.583841 0.599034 0.588859 0.55414 0.576923 0.593023 0.501946 0.543478 0.574132 0.572603 0.5 0.539007 0.491667 
0.448276 0.45977 0.462406 0.378788 0.329936 0.395702 0.415245 0.436207 0.440736 0.453229 0.384824 0.390966 0.37889 0.432353 0.479522 0.388889 0.389147 0.431154 0.420962 0.381974 0.376663 0.424125 0.420395 0.407178 0.406069 0.381868 0.370629 0.393243 0.370172 0.319549 0.448421 0.443425 0.377104 0.38245 0.383758 0.352207 0.39739 0.375472 0.339981 0.395062 0.431373 0.327982 0.426471 0.392424 0.441361 0.405172 0.366477 0.402778 0.290698 0.437238 0.378352 0.388535 0.388776 0.463122 0.390244 0.435035 0.447342 0.431976 0.405548 0.280328 0.315951 0.296451 
0.559343 0.565686 0.607466 0.555283 0.530266 0.503973 0.569883 0.582754 0.601071 0.564103 0.573643 0.561783 0.612346 0.548235 0.596065 0.545158 0.549414 0.566248 0.632692 0.572727 0.606285 0.574468 0.608696 0.535519 0.539216 0.465827 0.54002 0.499184 0.530043 0.557796 0.621733 0.624371 0.512931 0.611026 0.509494 0.487589 0.644719 0.643548 0.583763 0.54416 0.597177 0.583477 0.567674 0.620306 0.539118 0.548805 0.581311 0.624277 0.558917 0.495017 0.603693 0.642058 0.487455 0.466019 0.533913 0.584507 0.591748 0.641248 0.596529 0.542461 0.506901 0.588583 
0.452055 0.508982 0.463889 0.459677 0.488346 0.465461 0.483902 0.492099 0.471248 0.447236 0.440618 0.458333 0.450801 0.412451 0.407407 0.438923 0.499079 0.490401 0.475046 0.437383 0.493399 0.451056 0.465632 0.510057 0.46 0.484945 0.492281 0.476562 0.485498 0.471243 0.498423 0.505837 0.494532 0.463143 0.398119 0.462617 0.469861 0.457797 0.505766 0.506782 0.418129 0.449861 0.474074 0.4624 0.458199 0.494194 0.400932 0.3825 0.386525 0.439746 0.478261 0.469419 0.477825 0.447134 0.497573 0.50295 0.466667 0.431472 0.43832 0.482315 0.512102 0.502222 
0.410795 0.424267 0.394687 0.406158 0.419898 0.418182 0.408185 0.425159 0.3276 0.392681 0.315789 0.39971 0.409901 0.40962 0.42398 0.398336 0.409794 0.318942 0.419922 0.292866 0.303385 0.327363 0.276236 0.282084 0.401685 0.33232 0.2827 0.307332 0.327491 0.420195 0.292441 0.409535 0.29386 0.445977 0.426079 0.337848 0.311558 0.310823 0.413699 0.413623 0.296857 0.400694 0.31742 0.327273 0.40678 0.423784 0.247253 0.293214 0.403397 0.318828 0.315886 0.303136 0.299345 0.315302 0.440367 0.316695 0.434426 0.418033 0.280808 0.423814 0.413462 0.397906 
0.450561 0.465921 0.44549 0.491626 0.449501 0.427443 0.435897 0.485628 0.385075 0.402077 0.441146 0.426483 0.448083 0.410697 0.468992 0.457005 0.424934 0.409639 0.46571 0.431786 0.457669 0.414536 0.4327 0.46564 0.456522 0.407643 0.41649 0.401818 0.426698 0.426211 0.472594 0.425494 0.472017 0.473883 0.424286 0.378788 0.453521 0.427313 0.469012 0.409568 0.375174 0.424723 0.430962 0.437049 0.394708 0.4344 0.408419 0.441912 0.457241 0.396985 0.451429 0.483607 0.43012 0.430712 0.422434 0.326087 0.392361 0.415484 0.441388 0.444583 0.361795 0.504132 
0.386941 0.515964 0.382879 0.393041 0.366714 0.39517 0.4205 0.327842 0.34357 0.391791 0.517618 0.486452 0.486826 0.495413 0.360748 0.380952 0.505867 0.539617 0.509018 0.349123 0.377572 0.413619 0.37031 0.488959 0.507565 0.506667 0.484979 0.358423 0.338415 0.359813 0.49736 0.479827 0.507914 0.397619 0.500548 0.363636 0.361156 0.382353 0.337187 0.39824 0.509299 0.390438 0.49046 0.34507 0.36 0.506006 0.369099 0.333333 0.384615 0.531365 0.323974 0.533333 0.486061 0.496172 0.38937 0.353218 0.502392 0.315094 0.491379 0.521257 0.515187 0.494538 
0.385173 0.400297 0.392713 0.425954 0.454805 0.409779 0.40413 0.429358 0.425076 0.388 0.394979 0.423301 0.420375 0.458617 0.433846 0.365854 0.351724 0.369382 0.4 0.427536 0.423821 0.467027 0.403654 0.37051 0.390993 0.360778 0.452099 0.442982 0.38543 0.443548 0.357843 0.416529 0.446578 0.441088 0.433979 0.466926 0.401907 0.435691 0.447217 0.452681 0.467769 0.426907 0.397828 0.398264 0.386454 0.396514 0.393085 0.411699 0.406312 0.32381 0.368182 0.425046 0.389286 0.422127 0.398381 0.424607 0.480984 0.383576 0.365789 0.406959 0.354315 0.422589 
