-0.000457 -0.000696 -0.000129 -0.001011 0.000186 -0.000731 0.000012 -0.000723 -0.001373 -0.000517 -0.001257 -0.016525 -0.000387 -0.146901 -0.000463 -0.168491 -0.001074 0.000280 -0.000320 0.000515 0.000465 -0.000226 0.357341 -0.001621 -0.000828 -0.001422 -0.000073 -0.001235 0.000365 -0.000202 -0.000607 -0.001141 -0.009346 -0.091080 0.000156 -0.000133 -0.450796 -0.000122 0.000983 0.000751
0.001390 0.001043 0.000861 0.000890 0.442802 1.045418 0.001039 -0.000013 -0.231400 -0.000174 0.000943 0.497450 0.069818 0.001648 0.000763 0.000258 0.000406 -0.000034 0.103406 0.001355 1.095691 0.000118 0.001182 0.351732 -0.000383 0.000305 -0.000408 0.605847 -0.000042 -0.000535 0.255800 0.635545 0.000338 0.000614 -0.000054 0.073529 0.000150 0.000711 0.000108 0.001093
0.000691 -0.000229 0.000687 -0.000305 -0.000394 -0.000635 0.000609 0.000440 0.000370 -0.000452 -0.000369 -0.000043 0.000477 -0.000062 -0.000937 -0.000954 -0.000270 -0.000140 -0.000465 0.000147 -0.000532 0.000862 0.000967 -0.000199 0.000324 0.000874 0.000584 -0.000782 0.000289 -0.000032 -0.000566 0.000532 -0.000321 -0.000512 -0.000917 0.000302 -0.000489 -0.000660 -0.000057 -0.000236
-0.000439 0.000435 0.000468 -0.001569 -0.000199 -0.000808 -0.000753 0.000671 -0.000647 -0.001035 -0.000875 -0.000139 0.000407 -0.000091 -0.001064 -0.001107 -0.000925 -0.000598 0.000952 0.000461 -0.000905 -0.000270 -0.000246 0.000156 -0.000544 -0.001008 -0.000707 0.000088 -0.000950 0.000270 -0.000713 0.000714 0.000250 -0.000606 0.000067 0.000593 -0.000618 -0.000473 -0.001029 0.000842
-0.000757 -0.001057 0.000651 -0.000892 -0.000221 0.000398 -0.000466 -0.000765 0.000102 0.001241 0.000059 -0.000715 -0.000869 -0.000586 -0.001161 -0.000102 -0.000376 0.000804 -0.000439 0.000413 0.000218 -0.000651 0.000424 0.000737 0.000926 -0.000458 -0.000381 -0.001307 -0.000085 -0.000731 0.000313 -0.001576 -0.000072 -0.000549 -0.113690 -0.001755 0.000167 -0.000620 0.000223 0.000975
0.000229 0.001083 0.001465 0.001397 0.103624 -0.000228 -0.000615 -0.123564 0.000070 0.000196 1.747063 -0.073506 0.133739 -0.000992 0.000123 0.000430 -0.000501 0.001399 -0.000061 -0.000540 -0.099308 -0.000280 0.087073 -0.000125 0.000913 0.000468 0.233053 -0.000960 0.001233 -0.001282 -0.000560 -0.000056 0.000879 -0.000824 -0.000014 -0.000811 -0.000052 -0.000132 0.001878 0.000118
0.422484 0.001616 1.439984 0.605476 0.392143 0.000583 0.842549 0.698021 0.753862 0.362358 0.373066 0.001393 -0.000193 0.958178 0.001254 0.056137 0.232308 0.442882 0.919999 0.135423 0.003313 1.007244 0.772616 0.460026 0.508178 -0.000132 0.584860 0.001507 0.739121 0.592182 0.110587 0.217084 0.809515 0.000546 0.001665 2.171324 0.604159 -0.000010 0.725198 0.322741
-0.105604 -0.001341 -0.361756 0.000685 -0.307304 -0.197545 0.001233 0.476884 -0.000524 -0.211335 -0.065712 0.000103 -0.225404 0.000057 -0.000857 0.000089 0.000216 -0.001122 0.000758 -0.000210 -0.001699 -0.000446 -0.000155 -0.000481 0.000637 -0.145490 0.087331 0.001607 0.226543 0.000087 -0.001259 -0.001055 -0.001358 0.000076 -0.664320 -0.000615 -0.001479 0.000046 -0.001587 -0.242337
0.001295 0.249500 0.001342 0.000830 0.000776 0.000958 0.587436 1.337488 0.000358 0.000003 0.001263 0.272070 0.000616 0.070650 0.298297 0.000193 0.000964 0.001247 0.001206 0.000487 0.000904 -0.000398 0.573123 0.001217 0.000413 0.128291 0.039067 0.633907 0.286083 0.033352 0.001205 0.000747 0.158212 0.001080 0.000308 0.000007 0.001144 -0.001078 0.001611 -0.000503
0.379602 0.001443 -0.000361 0.000490 -0.000009 -0.001089 0.000048 0.000306 -0.000055 0.000733 -0.000118 -0.197638 0.000658 0.000962 0.000055 -0.000905 -0.000452 0.000206 0.000421 -0.000859 -0.001558 -0.000934 0.001001 0.000443 0.001674 -0.001126 -0.000169 0.000432 0.052801 -0.000468 0.000435 -0.000936 0.138616 0.000779 -0.000900 -0.000420 -0.000786 -0.000261 0.000943 0.000166
0.000277 0.000010 0.000971 0.000351 0.001121 0.000761 -0.602779 -0.016676 -0.680170 -0.000421 0.000324 -0.434791 0.001234 -0.036907 -0.107107 -0.481188 -0.000241 -0.067975 0.000206 -0.126815 -0.869090 -0.076041 0.001230 -0.196332 -0.000358 -0.546323 -0.911871 -0.000595 -0.491257 -0.000048 -0.662513 0.000034 -0.001401 -0.428499 -0.001328 -0.000504 -0.242839 0.000674 -0.611329 -0.000633
0.421311 0.000971 1.890672 0.858350 0.303165 0.019925 0.524484 0.001383 1.517103 0.500725 0.001016 0.001239 0.090162 1.243150 0.083937 0.046719 0.001600 0.001576 0.240123 0.088323 0.246413 0.369452 0.480448 0.219551 0.348020 0.358480 0.001157 -0.000100 0.172173 -0.000273 0.158878 0.281665 0.730184 0.001529 0.994213 0.029612 0.696378 -0.001107 0.719562 0.264265
-0.000094 -0.351829 -0.000683 -0.000515 -0.001291 -0.000822 -0.081650 0.000242 -0.196725 -0.000323 0.000191 -0.000815 -0.001009 -0.608241 -0.000199 -0.000622 -0.333707 -0.000918 -0.656792 -0.001695 -0.023154 -0.065477 0.001170 -0.000690 -0.000197 -0.017841 -0.000370 0.000031 -0.000708 0.000138 0.000179 -0.001744 -0.514339 -0.001430 -0.001478 -0.171385 -0.012844 -0.177956 -0.001470 -0.324245
0.000629 0.001064 0.000505 1.060467 0.356415 -0.000620 1.142543 0.520668 -0.000233 1.225116 0.000567 0.838134 0.141188 0.001309 0.000981 0.206550 -0.000381 0.140594 0.194757 0.000870 0.001073 0.177069 -0.000542 1.304662 1.316324 0.001437 0.000575 0.533825 0.008969 0.036236 0.859679 0.000553 0.000557 1.138545 -0.000039 1.769401 0.000006 0.045767 -0.000437 0.364778
-0.000813 -0.001313 -0.000536 -0.000266 0.000255 -0.000487 -0.001608 -0.000631 -0.020139 -0.000171 0.000075 -0.000663 -0.000452 -0.121940 0.000049 0.000426 0.000080 0.000772 -0.001191 -0.001257 -0.000671 -0.001395 -0.000778 -0.001129 -0.212942 -0.000426 -0.000267 0.000047 -0.001060 -0.000897 0.127192 0.000336 -0.188748 -0.000034 -0.000205 -0.000707 -0.000322 0.000667 0.000152 0.000989
0.138127 -0.000237 0.000022 -0.137512 -0.108730 -0.473941 -0.000884 -0.460981 -0.000393 0.001042 -0.000778 -0.559164 -0.000908 -0.512024 -0.436598 -0.000317 0.000268 0.000412 -0.848186 -0.001688 -0.439432 -0.393621 -0.305708 -0.098613 -0.582799 -0.000709 -0.001295 -0.048957 0.636305 -0.131757 -0.000448 -0.825023 -0.275935 -0.001399 -0.001501 -0.000783 -0.000561 -0.159508 0.323480 -0.000214
-0.000331 0.000410 -0.000530 -0.000037 0.598799 0.197924 0.000053 -0.000134 -0.000531 0.001765 0.000020 -0.000023 0.000226 -0.000291 -0.000003 0.001434 0.001146 0.001022 0.000219 -0.001240 -0.000100 0.001275 0.000195 1.432129 0.170971 0.000407 0.000966 -0.000670 0.032729 0.000457 0.001747 -0.000694 0.001616 0.104506 0.000508 0.000215 0.000069 0.128497 0.000148 0.000645
-0.000669 0.229618 -0.000859 -0.000725 0.345249 0.108159 0.000403 -0.000493 -0.000395 0.001692 0.000276 -0.000451 0.087371 -0.000442 0.495334 0.000726 0.000232 0.001133 0.001497 0.080490 -0.000630 0.148972 0.001100 0.000094 -0.000097 -0.000880 0.000162 0.000628 0.003331 -0.001031 0.001142 0.000075 -0.000532 0.835065 -0.000461 -0.000851 -0.000386 0.000501 -0.001243 0.000399
-0.000045 0.023221 0.001631 0.000140 -0.000242 0.000225 -0.000300 -0.000154 0.001517 0.926545 0.000017 -0.000800 0.145224 0.000961 0.486793 -0.000001 -0.000183 0.000380 0.000474 0.579492 -0.055095 -0.000006 0.000032 0.646471 0.191459 -0.000988 -0.000066 0.027799 0.001615 0.416605 0.000111 -0.000336 0.460608 0.000051 0.000613 0.000687 0.001526 -0.027045 0.001067 0.000322
1.337242 -0.001130 -0.000623 0.087168 0.413758 0.000731 -0.096894 -0.001397 -0.000226 0.188686 0.000495 -0.000324 0.000803 0.000304 -0.000732 0.000886 0.000012 -0.000342 0.001693 0.000150 0.000215 0.000899 0.353490 -0.000351 0.001493 0.010869 -0.000966 -0.000522 0.000944 -0.000121 0.000565 0.001291 0.082023 -0.000373 -0.000666 0.000486 0.263169 0.001019 1.445219 0.001420
-0.000088 0.682170 0.106764 0.565831 0.204666 0.516635 0.648012 1.306660 0.788806 0.097739 0.001013 0.048233 0.377726 0.406778 0.751585 0.000317 0.015296 0.000072 0.424560 0.201328 0.001206 0.000998 0.001670 0.000234 0.227210 0.000701 0.001575 1.170480 0.169285 -0.000185 -0.000296 0.159043 0.001390 0.767668 0.226074 1.096821 0.001313 -0.000257 0.001378 0.191349
0.000684 0.001170 0.001257 -0.000518 0.000826 0.000643 0.263010 -0.000042 0.001029 0.000040 0.379352 -0.001079 0.000034 -0.001154 0.000667 0.000065 -0.000490 0.000258 -0.000550 0.000528 0.000006 -0.000117 0.000884 0.001060 0.000029 -0.000189 -0.000289 0.000533 0.001069 0.001202 0.655104 0.000736 -0.001420 -0.000121 -0.001514 0.001088 0.000042 0.000709 -0.001470 0.000558
0.000273 -0.147734 0.159041 0.000719 0.001011 -0.006150 -0.251710 -0.000390 -0.000964 0.000044 0.000018 -0.000137 -0.001275 -0.000164 0.000267 -0.000062 -0.000724 0.000831 -0.000010 -0.001348 -0.000888 0.000221 -0.000565 0.000161 -0.000198 0.000227 -0.001384 -0.000945 -0.001865 0.001830 -0.000277 -0.000262 -0.000465 -0.321364 -0.000924 -0.000632 0.000901 -0.000464 0.000543 -0.001485
0.000261 0.369637 0.028372 0.676806 0.582630 0.000587 1.025339 1.240352 0.000184 0.000065 -0.000438 1.015584 0.594699 1.271115 1.502784 1.051290 1.131852 0.000948 0.221232 0.295455 0.300786 0.222791 0.000610 1.037000 0.000039 0.021601 0.000203 1.565535 0.000482 0.580662 0.999285 0.223178 0.000256 0.000516 0.952493 1.294344 0.573986 0.505866 0.091497 1.146491
-0.000024 0.944197 0.828576 0.000058 0.074926 0.001552 -0.000264 0.274135 0.000188 0.000338 1.182272 0.000063 0.526704 0.206298 0.001087 0.000460 0.613824 0.222648 0.206712 0.001295 0.000883 0.000184 -0.000553 -0.000355 0.359162 0.001020 0.022408 -0.000006 0.001167 -0.000342 0.000564 0.001818 0.000972 0.240984 -0.000521 1.404149 0.734274 2.312603 0.001393 0.152828
0.519490 -0.000369 0.278098 0.000255 -0.000514 -0.000664 -0.001151 0.000184 0.052434 0.000076 -0.000418 0.000123 -0.000732 0.001091 -0.000774 -0.000379 -0.000065 -0.000559 -0.000730 -0.001217 0.000587 -0.334611 0.000168 0.000351 -0.000133 0.000603 -0.001080 0.000460 -0.001614 0.705913 -0.000094 0.001222 -0.000085 -0.000110 -0.000421 -0.000020 0.000211 -0.000915 0.000842 -0.000032
-1.520483 -1.315618 -1.063416 -1.620058 -1.143745 -0.925083 -0.739852 0.000553 -1.225739 -0.924315 -0.717359 -0.215272 -0.726817 -1.442579 -1.113380 -0.812867 -1.307733 -0.347469 -0.136221 -0.112043 -0.597844 -0.594833 -1.100228 -1.622746 -1.474251 -1.253930 -0.634839 -1.129888 -0.172893 -1.290876 -0.757559 -0.825030 -1.572697 -1.340879 -0.001305 -0.825966 -1.798117 -0.134080 -1.626298 -0.202646
0.000322 -0.001501 0.000350 0.000169 -0.000545 -0.000034 -0.001059 0.001799 -0.000295 -0.000224 0.001085 -0.000100 -0.000183 -0.001057 -0.000615 -0.000647 -0.026144 -0.000657 0.000325 0.000211 -0.000344 0.000087 0.265117 0.000161 0.000600 -0.180220 0.000584 -0.000713 0.001246 -0.000793 -0.030324 -0.232732 0.000210 -0.199021 -0.000242 -0.000188 -0.000582 -0.001009 0.469446 -0.000207
0.427514 0.622277 0.306444 0.000612 0.000401 0.000808 -0.000984 0.548037 0.323175 0.748528 0.000064 -0.000438 -0.000541 1.090115 0.179309 1.275385 0.217492 0.000487 0.000721 -0.253170 0.186962 -0.001646 -0.000178 -0.000040 0.000548 1.011528 -0.000259 0.000767 0.000950 -0.000527 0.689284 0.000565 0.979501 0.825656 0.277915 0.084211 1.129954 0.000428 1.149551 -0.000277
-0.000490 -0.000418 0.124682 -0.001391 -0.000128 -0.000621 -0.000241 -0.244966 -0.000172 -0.000766 0.027851 -0.649078 0.001018 -0.001326 -0.348752 -0.000867 -0.000792 -0.000095 -0.001151 -0.001718 -0.000149 -0.288548 0.001456 -0.000472 0.000533 -0.000030 0.000150 -0.558572 -0.207075 -0.000853 -0.000231 -0.000519 -0.078357 -0.168133 0.000056 -0.215684 -0.000449 0.000739 -0.000257 -0.011759
0.001384 0.000595 0.000920 0.001244 0.804143 0.001247 0.000060 0.000388 -0.000436 0.000541 0.520924 -0.000241 0.000778 0.000141 -0.000025 0.001468 0.000040 0.471979 0.000631 0.000460 -0.000277 0.001951 0.000281 0.001310 0.001496 0.000241 0.001058 -0.000496 0.537629 -0.000094 0.000827 -0.001085 0.646800 -0.000515 -0.001755 0.001115 -0.000193 -0.000054 -0.000181 0.000462
0.000617 0.001087 0.001251 -0.000014 0.000002 0.000606 -0.000795 0.000955 -0.000101 0.000189 0.386483 -0.000015 -0.000412 0.000649 0.528110 0.001111 -0.001348 -0.000283 -0.000938 0.000303 0.000165 -0.001728 0.115643 0.000529 -0.000991 0.001015 -0.000190 0.000505 0.000529 -0.000950 0.826999 0.000401 -0.000536 0.000481 0.001475 -0.000961 -0.000614 -0.000930 0.001079 0.000388
0.000514 0.000420 0.001034 0.914103 0.936820 0.625184 -0.000921 0.001696 0.000144 0.000794 0.000580 0.099643 0.856814 0.000002 -0.000655 0.001053 0.001086 -0.000650 0.000788 -0.000324 0.000643 0.068616 0.000099 0.306465 0.858585 -0.000739 0.000549 0.000399 0.660231 0.000440 0.407704 0.001212 0.518179 0.001163 0.001125 0.001308 0.110512 0.000169 0.000967 -0.000933
0.000092 -0.000850 -0.000559 -0.000028 -0.000519 -0.001690 0.164531 0.114926 -0.000071 0.000167 0.000435 0.000257 -0.000080 0.000648 -0.000123 -0.001077 -0.001641 0.324427 0.000068 0.000623 0.000802 -0.000116 0.000100 0.000156 0.000714 -0.378994 0.156891 -0.000514 0.001240 0.000779 0.000263 -0.049134 -0.001036 -0.001588 -0.001552 0.000721 0.000067 -0.000489 0.000234 -0.000032
0.000245 -0.000863 0.001360 -0.361310 -0.000102 -0.001156 0.000269 -0.001102 -0.000888 -0.501522 0.165721 -0.000370 -0.001058 0.000268 -0.000016 -0.000253 -0.484227 -0.000982 0.000040 0.000271 0.000178 -0.200457 0.001161 -0.000362 -0.111395 -0.001399 0.000172 -0.001092 -0.000578 -0.001272 -0.000589 -0.001267 -0.358654 -0.001190 -0.000890 -0.001450 -0.001681 -0.726372 -0.000685 -0.000577
1.520124 0.000792 0.001245 0.332651 0.725994 1.116400 0.070532 0.215446 0.516654 0.271716 0.522004 1.017094 0.895253 1.671970 0.000824 0.535292 0.404883 0.001322 -0.000276 0.001104 0.917848 1.585824 -0.000104 0.068907 0.265624 1.013520 0.000194 0.178221 0.790891 -0.000522 0.700754 0.719419 0.644209 2.167103 0.704784 0.001296 0.096936 0.585767 1.475500 0.646934
0.439703 0.000097 0.001772 -0.000247 0.000040 0.000216 -0.000404 -0.000013 0.600383 0.526916 0.267048 0.000116 0.001036 -0.000214 -0.000756 -0.000111 0.001056 0.001310 0.001024 -0.000022 -0.001141 0.001063 0.000311 0.000438 0.367959 -0.000401 0.001139 -0.000028 0.274838 0.000487 -0.000931 -0.001147 -0.000204 0.000174 -0.000581 0.000438 0.402730 0.001377 1.347436 -0.000008
0.000210 -0.001380 -0.000358 0.000656 0.000517 -0.000858 -0.000213 -0.000654 0.000796 0.000478 -0.000031 -0.000877 0.000882 0.000192 -0.000563 0.000731 -0.000726 0.000230 0.000558 -0.000011 -0.000362 0.000584 0.001276 0.106047 0.001875 0.000714 0.001520 0.000607 0.161600 -0.001087 0.000969 -0.001143 -0.000639 0.000844 -0.470188 0.000199 0.000335 0.000815 0.000127 -0.000675
0.375219 0.579101 0.832503 0.529188 0.029319 -0.000705 0.000307 0.238659 -0.000142 0.001454 0.251454 1.207287 0.271579 1.177844 1.593698 1.940593 0.286696 1.214663 0.732756 1.693753 0.000621 0.939498 0.000056 0.322685 1.329816 0.862606 0.363728 0.743774 0.000315 0.717833 0.027672 1.726191 0.603476 0.638382 0.962724 1.871558 1.740654 0.381777 1.143697 1.008488
0.000168 0.000352 0.000826 0.000297 -0.000617 -0.000057 0.000316 0.351481 -0.000638 0.161990 0.377296 -0.000307 0.189118 0.001143 0.001013 0.001304 0.000122 1.139118 0.803400 1.157931 -0.000406 0.053398 0.039492 1.239221 1.076280 0.000390 0.630278 0.000601 0.095054 0.001035 -0.000036 -0.001038 0.406842 0.000521 -0.000505 0.001246 0.000252 0.000841 0.001422 0.000148
