0.000761 0.001365 -0.000879 0.000854 0.000271 0.000778 -0.000607 0.000215 0.000019 0.001085 -0.000232 0.000195 -0.000244 0.000351 0.001121 -0.000456 0.000074 -0.000239 -0.000377 0.000378 -0.000223 -0.000998 0.127195 0.000727 -0.000650 -0.000020 -0.000294 -0.000442 0.000903 0.000715 0.000725 0.000669 -0.000536 0.000171 -0.000038 0.001806 -0.000468 0.000715 0.000009 0.000417
0.000760 -0.000355 -0.000029 0.000403 0.352112 0.000047 0.000031 -0.000046 -0.001205 -0.000599 0.000668 0.000942 0.000530 -0.000044 0.000944 0.001127 -0.000665 0.001009 0.001144 0.000647 0.000657 0.000223 -0.000004 0.000484 -0.000107 0.000968 -0.001020 0.001258 -0.000037 0.000368 -0.000137 0.001214 0.000026 0.001097 0.000099 0.001714 0.000179 0.000392 -0.000023 0.001198
0.000406 -0.000728 0.000415 0.000359 0.001145 0.000198 0.000677 -0.000554 -0.000385 -0.000451 0.000199 0.000058 -0.000109 0.000472 -0.000007 -0.001003 -0.000127 0.000804 0.000876 0.000682 -0.000300 -0.000907 -0.000089 -0.000818 -0.000299 0.000965 -0.000585 0.000761 0.000404 -0.000838 -0.000530 0.000078 -0.000640 -0.000283 -0.000109 0.000060 -0.000612 -0.000792 0.000304 0.000530
-0.000673 -0.000219 -0.001149 0.000512 -0.000600 0.000293 -0.000430 0.000836 -0.000667 -0.000714 0.000702 -0.000461 0.000055 0.000011 0.000418 0.000150 -0.000434 0.000351 0.000463 0.000460 -0.000761 0.000785 -0.000304 0.000478 0.000172 -0.000825 0.000353 -0.000597 -0.000696 0.000295 -0.000966 0.001138 0.000401 -0.000844 0.000998 -0.000896 -0.001169 0.001016 0.000360 0.000641
-0.000712 0.000551 0.000498 -0.000950 -0.000264 0.000809 0.000253 0.000158 -0.001059 0.000299 0.000414 0.000055 0.000268 0.000744 -0.000199 -0.000498 -0.000123 0.000409 -0.001123 0.000823 -0.001234 -0.000075 0.001164 -0.000616 0.000566 -0.000199 0.000698 0.000228 0.000214 -0.001339 0.000494 -0.000863 -0.000577 0.000639 -0.000579 -0.000633 -0.000364 -0.000168 -0.000257 0.000689
0.129708 0.077614 0.000336 0.000642 0.031284 0.000725 -0.000820 -0.000260 -0.000774 -0.000052 0.317479 0.000087 0.086527 -0.000994 -0.000613 0.000460 0.000152 0.001088 0.000392 0.000780 -0.000953 0.000014 0.302387 -0.000233 -0.000507 -0.000107 0.000131 0.001362 -0.001045 0.000336 0.005863 0.000608 0.000753 0.000382 0.000041 -0.001050 -0.000279 -0.000836 0.000281 -0.000286
0.000559 0.001779 0.716357 0.000964 0.633299 -0.000042 0.065281 0.888129 0.540718 0.000886 0.001263 0.000017 0.000655 0.449806 0.000798 0.103181 0.220133 0.331179 0.918132 0.000733 0.001361 0.749004 0.227861 0.000195 0.000584 0.000775 0.230875 0.000104 0.504248 0.000893 0.393042 0.000124 0.166772 0.001226 0.001546 0.714574 0.000499 0.001195 -0.000067 0.285515
-0.049952 -0.000151 -0.000741 -0.000948 -0.001355 -0.125856 0.001511 0.344107 0.001297 0.000189 -0.003711 0.000038 -0.001241 -0.000666 -0.000486 0.000722 0.000523 0.000621 0.000087 0.000023 0.000173 -0.000184 -0.000898 -0.000926 0.000541 -0.001632 0.153335 0.000652 0.536424 0.000170 0.000407 -0.122799 -0.000950 -0.000506 -0.001362 -0.000512 -0.000351 -0.000633 -0.000224 -0.000057
0.000656 -0.000255 -0.000007 -0.000302 0.000733 0.000288 -0.000036 0.917175 0.009105 0.000518 0.001250 0.000137 -0.000353 -0.000152 0.000755 0.000126 0.000793 0.000821 0.000371 0.001253 0.000548 0.000944 0.000662 -0.000149 0.000055 -0.000024 0.100354 0.000325 0.000850 0.000018 0.000052 0.001386 0.001507 0.001418 0.001568 0.057070 0.000903 -0.000153 0.000859 -0.000344
0.000395 -0.000399 -0.000721 0.000153 -0.000431 0.000559 0.000854 0.001486 0.000270 -0.000847 -0.000165 -0.000385 0.001236 -0.000524 0.001048 0.000401 -0.000840 0.001035 -0.000486 0.000787 -0.000161 -0.000546 0.000879 -0.001129 0.000766 -0.000740 0.000694 0.000267 0.001048 -0.000968 -0.000172 -0.001136 -0.000505 0.000301 0.000942 0.000272 -0.000254 -0.000208 0.001326 0.000283
0.001010 0.001078 0.000181 0.000225 0.001157 0.000533 -0.047901 0.000239 -0.495092 0.000229 0.121889 -0.364570 0.001507 -0.000491 0.000204 -0.144851 -0.000038 -0.000970 -0.000407 0.000675 -0.000549 0.000195 0.049777 0.001683 0.000805 -0.069288 -0.138156 0.000340 -0.040503 0.001044 -0.000589 0.001246 -0.000393 -0.307721 0.000399 -0.000355 -0.088984 0.000002 -0.000212 -0.000202
0.001108 0.000339 0.364807 0.001243 0.000661 0.000967 0.001346 0.000064 0.433696 0.000980 0.000292 0.000471 -0.000273 -0.000159 0.000578 0.000532 -0.000183 0.127800 0.001254 0.000494 0.000611 0.000085 0.057451 0.000878 0.000095 -0.000199 0.000627 -0.000103 0.000883 -0.000089 0.000696 0.000233 0.001626 0.356833 0.001937 0.001599 0.000068 -0.000090 0.001224 0.000179
-0.000103 -0.000100 0.001519 -0.001302 -0.000712 0.000657 -0.000666 0.000440 -0.002712 -0.000329 0.000027 -0.001235 -0.000443 -0.112487 0.000042 -0.032372 -0.275792 0.000493 -0.080844 -0.000864 -0.001587 -0.013823 -0.000450 -0.000006 -0.000701 -0.046056 -0.000442 -0.000089 -0.013744 -0.001117 -0.000290 0.000097 -0.283973 -0.266040 -0.000248 0.000244 -0.000954 -0.057351 -0.000880 -0.013341
0.001761 0.000383 0.055038 1.013418 0.018623 0.001143 0.620182 0.295152 0.065087 0.914247 -0.000109 0.292756 -0.000069 0.040256 0.000895 0.250086 0.001226 0.073355 0.293380 0.000604 0.005879 0.173077 -0.000679 0.318682 0.624424 0.146755 0.001497 0.000868 0.046715 0.000747 0.223726 0.000978 0.020253 0.525107 0.000798 0.613436 0.213302 0.000077 0.000245 0.492191
0.000295 -0.000753 -0.000390 0.000152 0.324758 -0.000763 -0.000207 0.000725 -0.000867 0.000127 0.000651 -0.000616 0.000085 -0.000377 0.000632 -0.000202 -0.001196 0.001550 0.000707 0.000038 0.000149 -0.000396 -0.001093 -0.000446 0.000316 -0.000526 0.000020 -0.000136 0.000233 -0.000665 0.001500 0.001210 -0.000381 -0.001197 0.000379 -0.000328 -0.000698 -0.000084 0.000641 0.001241
0.236456 0.000133 0.000495 -0.000955 0.000111 0.000416 -0.000326 -0.001060 0.000886 -0.000152 -0.000963 -0.000994 0.000524 -0.000760 0.000881 -0.000615 0.000565 -0.000336 -0.000112 -0.000400 -0.000420 -0.000975 -0.001466 0.000066 0.000473 0.000404 -0.000332 0.322493 0.732038 -0.000276 -0.000337 -0.061471 -0.000243 0.000569 -0.000260 0.168042 -0.000052 -0.000897 0.880714 0.000037
-0.000430 0.000836 0.000182 0.000493 0.000450 0.000721 0.001855 0.000788 0.000674 -0.000037 -0.000754 -0.000305 0.001228 0.001005 0.001416 0.001587 -0.000261 0.000444 0.000540 -0.000070 0.000651 0.001251 0.000847 0.405219 0.000511 0.001027 0.001130 0.001700 0.001355 -0.000021 -0.000412 0.000373 -0.000279 0.000423 0.000679 -0.000476 -0.000255 0.000884 -0.000306 0.000293
-0.000187 0.000299 0.000284 0.001320 0.000151 0.000702 -0.000362 -0.000124 -0.000695 0.001394 0.001284 0.000239 0.001584 -0.000371 0.188172 0.000416 0.000874 0.001831 0.000995 0.233409 0.000446 0.000021 0.001169 0.000366 -0.000899 0.000383 0.001044 0.000318 -0.000081 0.000459 0.149172 0.000411 0.000006 0.000908 0.001078 0.159609 0.000796 -0.001047 0.000194 0.000017
0.000231 0.000355 0.000608 0.000560 0.000233 -0.000509 0.000823 0.000479 0.000884 0.001299 0.000837 0.000355 0.001025 -0.000224 0.000529 -0.000164 -0.000173 -0.000585 0.000585 0.000199 -0.000084 -0.000565 0.000978 -0.000740 -0.000974 0.001088 0.000581 0.000628 0.000664 0.000760 0.000173 0.000228 -0.001089 -0.000592 0.000720 0.000195 0.000440 -0.001137 0.000541 0.000758
0.503287 0.000738 0.001228 -0.000141 0.001097 0.344577 0.000419 -0.000078 -0.000365 0.000902 0.000581 0.001219 -0.000542 0.001024 0.000904 0.000723 0.000968 -0.000302 0.448408 0.000561 -0.000409 0.001068 0.001463 0.000505 0.000499 0.000573 0.000131 -0.000437 -0.000635 0.000903 0.000160 -0.000003 0.000102 0.000022 0.000505 0.000376 -0.000838 -0.000212 0.001085 0.155467
-0.000013 0.367975 0.001491 0.052517 0.000542 0.001396 0.000481 0.603416 0.856712 0.227425 0.000404 0.000096 -0.000014 0.001620 0.355618 0.001610 0.001338 0.032122 0.099344 0.019071 0.001023 0.000969 0.000096 0.064884 0.000932 0.000706 0.114357 0.000941 0.001217 0.001152 0.328758 0.000568 0.000748 0.651062 0.355872 0.490676 0.000525 0.000127 -0.000103 0.069877
0.000449 0.001088 0.692125 0.000054 0.001458 -0.000351 -0.000130 0.001119 0.000507 0.000879 0.248489 0.000910 -0.000219 -0.000069 0.001485 -0.000850 -0.000247 0.001281 0.000708 0.001916 0.000752 0.000385 0.000529 -0.000096 -0.001158 0.000085 -0.000295 -0.000211 0.000047 0.001101 0.001412 0.000442 0.000859 -0.000280 -0.000046 0.000524 -0.000960 0.000467 -0.000711 0.000049
0.001054 0.000894 0.000749 0.000724 0.357181 0.000868 -0.000526 0.000120 -0.001683 -0.001163 0.625330 0.000316 0.000125 -0.001487 -0.000030 -0.001271 -0.000935 -0.000398 -0.000724 0.000415 0.000062 -0.001091 0.001227 -0.000016 0.000828 -0.000224 -0.000722 0.000171 0.000118 0.060101 0.000363 -0.000078 0.000691 0.000070 -0.000655 -0.062154 0.000508 0.000471 0.000712 -0.000207
0.001268 0.257779 0.000871 0.192098 0.462572 -0.000432 0.000795 0.299973 0.001338 0.577471 0.001282 0.079463 0.500709 0.253453 0.059259 0.193874 0.477323 -0.000193 0.013835 0.000849 -0.000104 0.494920 0.000993 0.001795 0.000984 0.029703 0.000191 0.050306 0.001436 0.000228 0.000963 0.268640 0.361684 0.000873 -0.000183 0.001432 0.331513 0.093443 0.001144 0.539910
0.001558 0.001346 0.000641 -0.000339 -0.000165 0.000939 0.150790 0.001017 0.000804 -0.000148 0.334349 0.001156 0.000427 0.001587 0.001662 0.000761 0.112120 0.000227 0.082333 0.196873 0.001789 -0.000499 -0.000152 -0.000118 0.000078 0.000386 0.000193 0.001361 0.000574 0.000168 0.096497 0.000542 0.000863 0.000190 -0.000597 0.000756 0.171141 0.300874 0.000818 0.069608
-0.000221 -0.000184 -0.000070 0.000502 0.001383 0.000353 0.000063 0.000099 0.000746 0.000707 -0.000643 0.000620 0.000675 -0.000790 0.000504 0.000416 0.001285 -0.000357 0.000356 0.000516 0.001023 -0.000770 -0.000825 0.000524 0.001330 -0.000501 0.000731 0.000050 -0.000669 0.001150 0.000751 0.000951 0.000931 0.000603 0.001119 0.001256 0.000292 -0.000073 0.000172 -0.000275
-0.000317 -0.450904 -0.001045 -0.082973 -0.091215 -0.052421 -0.001098 -0.000616 -0.000061 -0.000666 -0.034305 -0.001740 -0.258429 -0.001406 -0.260552 -0.001291 -0.645134 -0.001735 -0.000127 -0.001549 -0.000452 -0.046952 -0.222839 -0.001641 -0.000727 -0.233062 -0.014625 -0.141248 -0.000251 -0.300614 -0.000092 -0.011593 -0.000427 0.000332 -0.000387 -0.000024 -0.291554 -0.000787 -0.000706 -0.000355
0.290277 0.000698 -0.000136 0.000394 0.000731 -0.000713 -0.000212 0.000949 -0.000762 -0.001078 0.000273 0.000598 -0.000010 -0.000652 -0.000427 -0.000529 0.000193 0.000782 -0.000301 -0.000063 -0.001026 -0.001363 0.426456 0.000525 0.000788 -0.000390 0.001435 0.000334 0.000024 0.000688 -0.000522 0.000228 0.000600 -0.000177 -0.000345 0.000481 0.000838 0.000237 0.464596 0.000463
-0.000212 0.575683 -0.000666 -0.000695 0.000884 0.000764 0.311670 1.170461 0.000514 0.143816 -0.000446 0.000999 0.001203 0.000627 0.000246 0.595137 0.001792 0.000698 -0.000240 0.000767 0.000754 0.000502 0.000854 0.000726 0.000132 0.061494 0.000653 0.000134 0.001521 0.001436 0.000909 -0.000258 0.484057 0.000982 0.000475 0.001711 0.111308 -0.000564 0.000121 0.000523
0.000048 0.000139 0.000733 -0.000377 0.000035 0.000991 0.000239 0.000416 -0.000423 -0.001103 0.251761 -0.021624 0.000920 -0.001349 -0.000097 -0.000568 -0.001144 0.000068 -0.000809 -0.000865 -0.000392 -0.000927 0.047292 -0.000255 0.001405 -0.000663 -0.000437 0.000376 -0.000225 0.000355 -0.000211 0.000937 -0.000048 -0.000607 0.000927 -0.001786 -0.000197 -0.000854 -0.000715 -0.000564
0.001034 0.001391 0.001418 0.000246 0.001585 0.001397 0.001008 0.000336 0.001045 0.000908 0.000997 0.000235 -0.000349 0.000807 0.000933 0.000361 0.000381 0.003310 0.000752 0.000353 0.000707 0.000743 0.001312 0.000675 0.000370 0.000278 -0.000097 0.000263 -0.000595 -0.000153 0.001159 0.000155 0.001371 -0.000155 -0.001012 -0.000517 0.000717 0.000244 0.000608 0.000914
-0.000019 0.001134 0.254589 0.000108 0.000848 0.000969 0.000221 -0.000024 0.000084 0.000331 1.040816 -0.001469 0.131556 -0.000711 0.430074 -0.000647 -0.000951 0.000818 0.000537 -0.000059 -0.000445 0.000054 0.138036 0.000739 -0.001008 0.000887 0.000410 0.001283 -0.000504 -0.000034 0.001218 0.000150 -0.000545 -0.000572 0.001227 -0.000238 0.000520 -0.001523 -0.000178 -0.000406
0.001647 -0.000608 -0.000093 0.001654 0.001135 0.001266 0.000466 0.001239 -0.000316 0.000975 0.000278 -0.000124 0.001579 0.001027 0.000704 0.000746 0.000792 -0.000464 0.000618 0.000371 0.001039 -0.000584 0.000231 0.000770 -0.000552 0.000539 0.000807 0.000310 0.000830 -0.000425 0.148203 0.000422 0.001431 0.000274 -0.000185 0.000670 0.000219 0.000259 -0.000570 -0.000139
-0.000761 0.000637 0.000092 -0.000619 -0.000017 0.000035 0.000998 0.173626 -0.000106 0.000015 -0.000420 -0.000954 -0.000481 0.000889 0.000003 0.000169 -0.000621 0.423234 0.000159 0.001079 0.031828 -0.000722 0.001131 -0.000545 0.000383 -0.000938 0.033313 0.000613 0.001166 -0.000237 -0.000037 0.000300 0.000066 0.000547 -0.000391 0.302731 0.000695 0.000664 0.320274 0.001063
-0.000838 -0.000580 0.000372 -0.000036 0.000341 0.000119 -0.000707 0.000007 -0.000338 -0.000956 0.076781 -0.000997 0.000891 -0.000744 0.000228 -0.000730 -0.107292 0.000196 -0.001554 -0.000025 -0.001305 -0.138338 0.000483 -0.000397 0.000381 -0.001318 0.000938 -0.000097 -0.000900 0.000322 0.000095 0.000403 -0.001250 -0.000800 -0.000508 -0.000117 -0.000513 -0.101187 -0.000581 -0.000651
1.255248 0.204075 0.895613 0.190429 0.000437 0.000016 0.957893 0.123771 0.012549 0.045861 0.000685 0.227172 0.272476 2.044121 0.077077 0.000207 0.001470 0.204941 0.000821 0.000714 0.229194 0.210666 0.001031 0.001149 0.116891 0.663115 0.000820 0.366223 0.425514 0.000732 0.000045 0.066942 0.595677 0.600944 0.274499 0.362622 0.094863 0.504001 0.547057 0.563379
0.234697 0.000392 0.000142 0.000848 -0.000062 0.000547 0.001186 0.000886 0.044354 -0.000123 0.000773 -0.000134 0.001209 0.001722 -0.000264 0.001051 0.000424 0.001509 -0.000168 0.000054 -0.000546 0.000885 0.001041 -0.000025 0.000897 0.000680 0.000072 0.001020 0.000292 0.001155 0.000135 -0.000493 -0.000066 0.000966 -0.000415 0.000872 0.000816 0.009936 0.533275 -0.000099
0.000475 0.000814 -0.000156 0.000373 0.000353 -0.000566 -0.000104 0.000119 -0.000831 0.000031 -0.001163 -0.000580 -0.000536 0.000379 -0.000293 0.000561 -0.000334 0.000873 0.000065 -0.000007 0.000618 0.000083 -0.000122 0.001005 0.001248 -0.000061 -0.000487 0.001503 0.001076 -0.000418 -0.000459 0.000113 -0.000512 -0.000057 0.000177 0.000474 0.000931 0.000050 -0.000663 0.001063
0.789751 0.175155 0.048520 0.109423 0.000245 0.000602 0.001071 0.000087 0.001236 0.064735 0.341592 0.249306 0.351536 0.036545 0.537472 1.633968 0.482197 1.020019 0.001217 0.954695 0.000273 0.846794 0.000809 0.125135 0.841750 0.649135 0.000806 0.100477 0.027677 0.366211 -0.000101 1.479967 0.215115 0.389813 0.546035 0.511508 1.417500 0.135086 1.106591 1.033135
0.001010 0.001124 0.000405 0.001152 -0.000207 0.000094 0.000683 0.000643 -0.000509 0.001114 -0.000100 0.000378 0.000794 0.001283 0.001513 0.000833 -0.000421 0.637355 0.227685 0.389844 0.000192 0.000894 0.403115 0.000816 0.000224 -0.001091 0.000310 0.000445 0.000089 0.000471 0.000554 -0.000103 0.000762 0.001311 0.000714 0.354641 0.001252 0.000904 0.223114 0.001055
