0.456324 0.392864 0.443557 0.430847 0.456071 0.435764 0.494579 0.462208 0.45585 0.423825 0.481624 0.439102 0.430859 0.493579 0.465366 0.482914 0.49655 0.438025 0.477227 0.490342 0.49224 0.48189 0.454872 0.482051 0.470492 0.467294 0.466984 0.498529 0.468967 0.506361 0.377896 0.430433 0.453777 0.475357 0.424371 0.472677 0.471938 0.455808 0.431822 0.495824 0.496696 0.460577 0.481973 0.457365 0.470792 0.435156 0.453356 0.425474 0.453947 0.464749 0.410668 0.47979 0.459011 0.464062 0.445525 0.47918 0.42937 0.427779 0.481623 0.423381 0.473331 0.492382 
0.502317 0.450526 0.428993 0.461741 0.467585 0.496077 0.431099 0.452252 0.428233 0.449495 0.472945 0.469736 0.445399 0.449603 0.473025 0.476959 0.49296 0.441283 0.465019 0.471455 0.413636 0.41082 0.395121 0.410458 0.483797 0.407464 0.398609 0.434094 0.460255 0.466165 0.455073 0.476405 0.440044 0.44917 0.479279 0.479033 0.444372 0.427496 0.416123 0.400331 0.412784 0.484075 0.471479 0.418596 0.429975 0.44753 0.377347 0.439214 0.456968 0.449704 0.450714 0.455624 0.4198 0.399714 0.456704 0.461623 0.475433 0.463501 0.439952 0.461904 0.467943 0.420018 
0.473166 0.491973 0.521968 0.522147 0.434684 0.457619 0.467018 0.496475 0.53377 0.463714 0.5065 0.539055 0.515606 0.541443 0.528508 0.500997 0.503492 0.475915 0.523927 0.471925 0.535522 0.546149 0.537328 0.530699 0.403376 0.509127 0.491717 0.427694 0.538855 0.498013 0.449029 0.522014 0.501327 0.492699 0.529594 0.558424 0.534768 0.498549 0.524182 0.470203 0.530397 0.528803 0.531926 0.499473 0.500223 0.538243 0.529581 0.530037 0.497481 0.480031 0.41319 0.485975 0.490515 0.44885 0.459507 0.458395 0.40045 0.531609 0.557073 0.474805 0.525407 0.467016 
0.432252 0.386579 0.442036 0.385242 0.437652 0.401673 0.431834 0.431037 0.398253 0.392601 0.429388 0.439268 0.367852 0.361653 0.406434 0.453949 0.443928 0.431941 0.436345 0.392202 0.471086 0.478907 0.351162 0.387755 0.442369 0.415159 0.322865 0.349352 0.341457 0.397448 0.450355 0.467714 0.399642 0.439734 0.360933 0.439906 0.410782 0.42492 0.389258 0.404645 0.471224 0.434026 0.396355 0.402883 0.38059 0.343858 0.419381 0.384685 0.436311 0.395245 0.371604 0.43301 0.471681 0.430257 0.379715 0.440696 0.388889 0.393704 0.433302 0.390962 0.397308 0.391099 
0.377704 0.364528 0.487873 0.489005 0.497563 0.482331 0.50301 0.512844 0.38779 0.398938 0.494164 0.405609 0.534368 0.386635 0.356606 0.385875 0.479579 0.502006 0.483867 0.502461 0.358563 0.349657 0.345859 0.511598 0.518366 0.37046 0.529412 0.374355 0.502909 0.3567 0.413673 0.333907 0.315215 0.336694 0.45355 0.456814 0.482662 0.393684 0.503044 0.500187 0.534091 0.391253 0.500291 0.388689 0.516764 0.353737 0.394284 0.335657 0.485416 0.498374 0.309229 0.343973 0.35685 0.347029 0.353721 0.349985 0.334637 0.341132 0.484656 0.509649 0.514904 0.334815 
0.414544 0.497873 0.482026 0.46056 0.464272 0.418927 0.405863 0.442416 0.448076 0.515254 0.480148 0.462474 0.512494 0.434655 0.452186 0.461109 0.434459 0.450011 0.395933 0.416847 0.422644 0.496858 0.360602 0.377893 0.533369 0.513107 0.410658 0.459434 0.470199 0.434539 0.411172 0.4239 0.390815 0.44894 0.398131 0.462897 0.513151 0.482456 0.425558 0.478705 0.454438 0.420863 0.424233 0.432355 0.363943 0.420045 0.439265 0.523845 0.452373 0.406417 0.456905 0.380014 0.339426 0.452454 0.446472 0.485021 0.482861 0.481872 0.465724 0.484298 0.488088 0.460334 
0.449331 0.46032 0.408599 0.416631 0.388643 0.426081 0.387724 0.357612 0.440665 0.425339 0.425403 0.381268 0.412623 0.408637 0.359352 0.424479 0.406411 0.459955 0.429329 0.355122 0.384444 0.433341 0.403509 0.429986 0.426318 0.404747 0.39457 0.390373 0.424499 0.450816 0.382716 0.435263 0.337625 0.402067 0.420037 0.435878 0.418079 0.434071 0.434664 0.419885 0.443715 0.419455 0.372308 0.448132 0.422124 0.400927 0.338975 0.396755 0.422685 0.362675 0.411951 0.418787 0.422468 0.403666 0.416667 0.318129 0.364517 0.397296 0.397785 0.395132 0.423894 0.355519 
0.541099 0.542032 0.537105 0.487085 0.549725 0.544155 0.488905 0.534474 0.526608 0.535904 0.561257 0.516507 0.545337 0.505252 0.464476 0.548486 0.530609 0.51768 0.506266 0.504751 0.498526 0.436454 0.468877 0.535609 0.514927 0.46328 0.507433 0.57568 0.508846 0.539869 0.525259 0.518049 0.491045 0.46639 0.54002 0.543457 0.517538 0.533152 0.519639 0.515881 0.514808 0.490416 0.529214 0.517624 0.442955 0.543982 0.468404 0.51696 0.465019 0.550821 0.54002 0.565559 0.496913 0.480451 0.483607 0.492308 0.571036 0.448759 0.495461 0.581698 0.482714 0.517396 
0.47913 0.451444 0.481987 0.484108 0.509988 0.473103 0.477891 0.466776 0.457442 0.477221 0.475901 0.468866 0.501934 0.479032 0.508173 0.455241 0.456592 0.445851 0.481105 0.48048 0.466126 0.488062 0.507807 0.502477 0.483499 0.46756 0.421579 0.406028 0.401299 0.477953 0.489484 0.456405 0.467459 0.506183 0.396648 0.48114 0.489464 0.482041 0.438092 0.466752 0.443462 0.503032 0.421706 0.49714 0.454314 0.451578 0.45731 0.464746 0.468032 0.445113 0.407237 0.493097 0.401051 0.463505 0.452903 0.45818 0.438185 0.43888 0.520479 0.455166 0.471974 0.458871 
0.447765 0.383558 0.443331 0.450494 0.448431 0.452175 0.409118 0.404477 0.417058 0.492764 0.464257 0.385645 0.422933 0.399756 0.449724 0.356907 0.450681 0.369745 0.402207 0.458102 0.459708 0.439857 0.402915 0.350444 0.328456 0.492386 0.470667 0.437612 0.405333 0.3805 0.391944 0.416682 0.434288 0.426748 0.397703 0.424155 0.373901 0.385631 0.41444 0.403532 0.437668 0.431523 0.455772 0.429943 0.457279 0.397392 0.417545 0.421719 0.381566 0.440877 0.432062 0.472129 0.396833 0.488841 0.417781 0.41804 0.479533 0.395429 0.479589 0.371938 0.35695 0.349266 
0.469957 0.479163 0.481884 0.517247 0.519798 0.577822 0.538903 0.482553 0.558769 0.562188 0.50148 0.560757 0.514372 0.521608 0.58427 0.537053 0.545493 0.562119 0.491118 0.567375 0.53221 0.454463 0.445314 0.504935 0.419038 0.434634 0.531443 0.512282 0.574818 0.463981 0.466651 0.533906 0.563915 0.591848 0.527077 0.555019 0.509576 0.536891 0.56673 0.526448 0.532429 0.544839 0.458464 0.553731 0.501801 0.541315 0.567354 0.498049 0.43818 0.575156 0.556585 0.53229 0.517847 0.549922 0.565483 0.55893 0.505371 0.491859 0.442791 0.531479 0.505386 0.509858 
0.419937 0.343954 0.433414 0.452515 0.438202 0.420861 0.355641 0.43124 0.447867 0.449043 0.437614 0.335842 0.311686 0.337717 0.435678 0.35382 0.32649 0.306263 0.313465 0.297632 0.418107 0.455057 0.328945 0.347553 0.325427 0.423309 0.436399 0.286668 0.278371 0.293494 0.450538 0.426932 0.390472 0.422286 0.445813 0.448998 0.431601 0.315855 0.417122 0.431909 0.313433 0.34254 0.424101 0.277414 0.421464 0.350066 0.346029 0.421904 0.277317 0.309362 0.410583 0.296946 0.304967 0.293019 0.27796 0.312425 0.451264 0.296205 0.449771 0.325711 0.442113 0.294773 
0.422206 0.414119 0.434532 0.554164 0.551282 0.451495 0.541225 0.568879 0.446822 0.435027 0.424303 0.534426 0.446599 0.559141 0.447474 0.565996 0.448967 0.563195 0.419499 0.553684 0.450094 0.571878 0.420473 0.444396 0.545022 0.53339 0.554706 0.429709 0.564744 0.442091 0.42866 0.559965 0.553767 0.397864 0.560911 0.567503 0.457633 0.54732 0.445116 0.56226 0.555523 0.566041 0.563831 0.557981 0.459569 0.542268 0.555203 0.561758 0.448084 0.575426 0.552059 0.437281 0.556118 0.56122 0.551686 0.567458 0.414991 0.561556 0.429805 0.41168 0.424767 0.401028 
0.482521 0.425562 0.477702 0.476429 0.507728 0.50491 0.461325 0.492677 0.449061 0.416078 0.500157 0.444887 0.434446 0.433131 0.501257 0.442223 0.441297 0.462276 0.513098 0.49845 0.450096 0.438616 0.490288 0.486199 0.512126 0.423962 0.430715 0.37053 0.40929 0.476142 0.50138 0.472902 0.493596 0.427359 0.433011 0.463062 0.391234 0.455752 0.467417 0.418282 0.45439 0.467205 0.409623 0.480717 0.48016 0.424931 0.47226 0.481161 0.436203 0.399049 0.489061 0.496813 0.482242 0.488483 0.407593 0.459259 0.524321 0.464955 0.485261 0.45081 0.419811 0.506458 
0.513583 0.488544 0.534486 0.542666 0.537608 0.55297 0.553213 0.563496 0.543742 0.541898 0.499344 0.529207 0.547011 0.535499 0.5441 0.557128 0.531594 0.562027 0.524103 0.547459 0.574223 0.497319 0.553478 0.514782 0.574605 0.52586 0.566001 0.556019 0.505817 0.48088 0.51984 0.559447 0.517133 0.512174 0.545976 0.565217 0.52221 0.574007 0.551487 0.580444 0.545996 0.559259 0.534765 0.533049 0.528714 0.539687 0.526625 0.527533 0.550865 0.57289 0.557596 0.548466 0.525934 0.506126 0.518574 0.531033 0.487362 0.453947 0.548664 0.501536 0.520823 0.582964 
0.385125 0.436564 0.480147 0.439012 0.460396 0.44159 0.393832 0.380465 0.473098 0.47364 0.423099 0.415704 0.433085 0.427908 0.451543 0.461371 0.428147 0.410296 0.433355 0.461555 0.470804 0.406869 0.383289 0.363798 0.370972 0.400844 0.439318 0.446846 0.458665 0.440854 0.449113 0.408203 0.448895 0.464011 0.486982 0.41713 0.405981 0.464831 0.427906 0.464286 0.457949 0.425309 0.444545 0.372007 0.408733 0.392554 0.436274 0.421412 0.361948 0.41064 0.466444 0.446494 0.405735 0.38893 0.449662 0.436056 0.431957 0.45935 0.401624 0.355468 0.480845 0.428132 
0.540746 0.506934 0.536717 0.548052 0.502946 0.534899 0.588922 0.562836 0.529089 0.539651 0.546424 0.554056 0.525918 0.533385 0.519581 0.549578 0.540962 0.498075 0.540417 0.545823 0.538376 0.526877 0.564772 0.548377 0.556911 0.520827 0.51849 0.511905 0.576965 0.518377 0.548532 0.554646 0.513475 0.518631 0.578149 0.562793 0.490367 0.469565 0.508781 0.557396 0.518117 0.462691 0.470681 0.507852 0.497239 0.492797 0.487491 0.533181 0.459947 0.470363 0.527473 0.481659 0.483396 0.495348 0.50019 0.492268 0.520405 0.520863 0.448222 0.496777 0.44359 0.539803 
0.512457 0.475645 0.470226 0.494857 0.47196 0.44546 0.487157 0.439201 0.453111 0.412091 0.431844 0.440486 0.438594 0.446697 0.437324 0.424518 0.479277 0.464954 0.472012 0.415318 0.459254 0.463449 0.420465 0.479625 0.460907 0.450875 0.466866 0.424937 0.445189 0.40685 0.403604 0.392145 0.405847 0.423874 0.444772 0.465909 0.394765 0.430082 0.436451 0.462086 0.427642 0.501554 0.47571 0.500332 0.451751 0.355074 0.385125 0.461569 0.412628 0.434323 0.513917 0.439622 0.45514 0.464473 0.47987 0.38464 0.428422 0.458772 0.450433 0.485858 0.401347 0.496345 
0.445788 0.417297 0.425469 0.438127 0.459207 0.449844 0.420027 0.448206 0.420846 0.449324 0.441402 0.457289 0.448051 0.472565 0.400571 0.47019 0.464539 0.456951 0.460988 0.44778 0.481409 0.43363 0.425264 0.451294 0.442498 0.464525 0.485682 0.416531 0.464403 0.471992 0.411544 0.472343 0.416802 0.370145 0.371491 0.348128 0.369875 0.446154 0.453159 0.444482 0.436671 0.492162 0.449435 0.481609 0.447357 0.470868 0.453925 0.459687 0.405017 0.47 0.41548 0.465758 0.412392 0.439808 0.423941 0.410369 0.449396 0.432454 0.405896 0.360275 0.390226 0.467404 
0.573866 0.536138 0.543036 0.540664 0.550473 0.48625 0.498862 0.476402 0.495516 0.490377 0.498996 0.529292 0.497043 0.503382 0.534461 0.521925 0.524094 0.457489 0.488334 0.561682 0.50378 0.459067 0.498136 0.481948 0.495131 0.532488 0.447635 0.44124 0.466178 0.496016 0.537365 0.43041 0.44827 0.493497 0.526886 0.470176 0.494134 0.517987 0.522399 0.481044 0.502115 0.493419 0.544122 0.456907 0.412166 0.442371 0.558494 0.517173 0.497565 0.534365 0.427415 0.533772 0.421019 0.498959 0.540827 0.458852 0.481811 0.444066 0.503888 0.543711 0.482993 0.528807 
0.49784 0.463182 0.503277 0.506111 0.485869 0.529723 0.531848 0.504205 0.504308 0.520278 0.515765 0.493147 0.520439 0.52613 0.510515 0.491995 0.507485 0.48623 0.523649 0.530048 0.529306 0.510798 0.524047 0.51666 0.486837 0.445765 0.49342 0.510149 0.526461 0.491143 0.518426 0.467598 0.428458 0.484675 0.528554 0.486022 0.486028 0.513883 0.510907 0.519682 0.529128 0.479105 0.524698 0.514914 0.504921 0.504194 0.484387 0.495263 0.517159 0.510316 0.531348 0.468613 0.50053 0.50741 0.467998 0.524269 0.504768 0.484879 0.531264 0.475229 0.488147 0.532798 
0.443881 0.427145 0.464725 0.434321 0.482597 0.479811 0.443322 0.492925 0.485485 0.476063 0.458899 0.514224 0.494104 0.499883 0.497986 0.456089 0.453414 0.441988 0.479079 0.488866 0.471116 0.511655 0.434239 0.493121 0.524305 0.441898 0.480764 0.470946 0.419243 0.44476 0.394611 0.356455 0.423409 0.422693 0.471166 0.520629 0.485762 0.472532 0.504698 0.49262 0.479186 0.478177 0.459383 0.482831 0.512356 0.518099 0.504977 0.462028 0.424453 0.468566 0.401836 0.458395 0.449002 0.478231 0.505 0.414556 0.439128 0.463312 0.379258 0.463102 0.503433 0.513195 
0.503533 0.469694 0.390531 0.367662 0.460522 0.478822 0.39386 0.48355 0.353348 0.35339 0.328929 0.345328 0.351132 0.36319 0.462394 0.381021 0.374023 0.441635 0.441937 0.333383 0.346905 0.438293 0.457216 0.333245 0.46 0.48236 0.491846 0.329415 0.480207 0.471692 0.485733 0.383401 0.486936 0.467672 0.487301 0.329381 0.347539 0.460011 0.33616 0.480692 0.460929 0.491069 0.362588 0.349343 0.3312 0.448693 0.480036 0.457579 0.355766 0.481424 0.328142 0.462975 0.467888 0.343472 0.453379 0.494122 0.319686 0.309409 0.346382 0.375201 0.32584 0.461637 
0.41455 0.415009 0.530443 0.433311 0.409697 0.478081 0.467071 0.473723 0.513806 0.473124 0.472876 0.437145 0.482742 0.475273 0.477656 0.513624 0.507691 0.476084 0.472895 0.46249 0.465221 0.472861 0.480634 0.404533 0.406501 0.475772 0.469826 0.425544 0.480547 0.42706 0.471935 0.470438 0.438877 0.353647 0.342155 0.392527 0.473924 0.43186 0.500184 0.482294 0.437764 0.439614 0.444456 0.441288 0.50133 0.388945 0.46319 0.443584 0.45961 0.383304 0.455142 0.459654 0.459028 0.451047 0.420235 0.472369 0.420027 0.369589 0.387165 0.458222 0.403876 0.474222 
0.415006 0.46977 0.446429 0.490448 0.467301 0.435606 0.481875 0.438673 0.479853 0.484485 0.468623 0.417089 0.542007 0.479081 0.49481 0.499038 0.488757 0.405693 0.459733 0.460568 0.473398 0.510343 0.521951 0.514196 0.501726 0.451827 0.486204 0.452884 0.368904 0.370384 0.366753 0.473322 0.503394 0.472966 0.472378 0.528989 0.433318 0.487786 0.512756 0.439281 0.411897 0.533833 0.465509 0.422434 0.487874 0.442623 0.456529 0.411147 0.437855 0.505404 0.510666 0.473295 0.398693 0.400901 0.420621 0.495608 0.527547 0.415463 0.474901 0.482213 0.417539 0.400908 
0.42207 0.419946 0.461919 0.481477 0.410965 0.445056 0.453836 0.477654 0.456236 0.431017 0.403411 0.406738 0.428931 0.475863 0.427215 0.444036 0.446824 0.427117 0.421612 0.449781 0.435472 0.380168 0.432429 0.475688 0.432513 0.429599 0.405486 0.382016 0.374977 0.398326 0.466655 0.505246 0.438752 0.436268 0.432739 0.486176 0.448224 0.425324 0.347724 0.347408 0.431809 0.388527 0.398629 0.479442 0.450148 0.417621 0.380012 0.43328 0.45678 0.43691 0.443622 0.45583 0.407284 0.457862 0.358006 0.40354 0.432151 0.444503 0.505512 0.469828 0.414766 0.403134 
0.475884 0.471418 0.437468 0.422578 0.463087 0.454219 0.4653 0.471377 0.42649 0.504058 0.508822 0.419054 0.50938 0.457194 0.463077 0.525628 0.513253 0.426724 0.454499 0.396377 0.352542 0.368923 0.454971 0.510352 0.424878 0.522806 0.530341 0.512195 0.442861 0.398769 0.389451 0.478934 0.509937 0.5124 0.382916 0.413478 0.437277 0.418029 0.360346 0.404526 0.464268 0.439916 0.423891 0.48545 0.369409 0.456887 0.464023 0.532899 0.364791 0.476755 0.45546 0.434896 0.414602 0.491799 0.381425 0.465095 0.375074 0.525209 0.469884 0.390611 0.474631 0.473632 
0.480146 0.471702 0.512993 0.474234 0.496321 0.500758 0.534729 0.434667 0.466593 0.428744 0.501565 0.487104 0.498112 0.449232 0.475631 0.456753 0.464585 0.452933 0.428232 0.418101 0.406321 0.423885 0.459521 0.480665 0.425252 0.448894 0.489321 0.5063 0.51121 0.46361 0.476448 0.454393 0.492003 0.433972 0.450785 0.485247 0.446303 0.452648 0.398011 0.428634 0.491093 0.439024 0.426174 0.513784 0.519207 0.521657 0.446341 0.458309 0.458274 0.384491 0.496222 0.41817 0.486251 0.447697 0.495259 0.424295 0.518497 0.526143 0.504085 0.454331 0.454828 0.415787 
0.526072 0.51147 0.488688 0.52741 0.523124 0.528718 0.507954 0.479231 0.487484 0.47947 0.526354 0.504972 0.520419 0.538627 0.512836 0.535359 0.526237 0.475181 0.488351 0.456268 0.488612 0.529667 0.470664 0.514545 0.523941 0.422832 0.500324 0.500544 0.470291 0.448601 0.486314 0.509036 0.503808 0.494693 0.531748 0.555865 0.442377 0.538316 0.538221 0.510937 0.483841 0.500753 0.510503 0.502267 0.474255 0.520403 0.519088 0.434612 0.469558 0.507493 0.534978 0.428191 0.535013 0.508224 0.461768 0.522647 0.558881 0.507086 0.413275 0.502101 0.501807 0.491182 
0.371641 0.400554 0.414698 0.434681 0.399352 0.419153 0.420434 0.461602 0.41241 0.426505 0.454598 0.429014 0.451667 0.397516 0.444815 0.468108 0.401984 0.444339 0.429381 0.394235 0.395198 0.460642 0.451439 0.43051 0.423594 0.428969 0.40435 0.410159 0.373682 0.366171 0.369382 0.380571 0.427106 0.46519 0.434652 0.42909 0.438552 0.440937 0.435032 0.38828 0.431239 0.399582 0.374133 0.467301 0.431236 0.40392 0.465028 0.438512 0.393734 0.329578 0.414841 0.404823 0.365504 0.406692 0.458162 0.488222 0.402178 0.377054 0.360493 0.443271 0.419098 0.38083 
0.514671 0.505428 0.512418 0.522006 0.511983 0.543427 0.598061 0.507327 0.564381 0.503185 0.550012 0.517713 0.567135 0.527909 0.540257 0.537381 0.566081 0.50495 0.510893 0.506216 0.593799 0.569139 0.586071 0.5411 0.483123 0.571006 0.573079 0.425985 0.568736 0.53034 0.563857 0.55095 0.579589 0.501739 0.513527 0.520273 0.537419 0.566796 0.516987 0.542627 0.557814 0.501081 0.558301 0.549733 0.542282 0.486838 0.57203 0.466942 0.531168 0.472502 0.540341 0.529463 0.518645 0.512679 0.540734 0.542876 0.551557 0.539549 0.539964 0.468502 0.542146 0.516461 
0.52425 0.498445 0.491169 0.514934 0.380458 0.377071 0.368923 0.362382 0.367621 0.378808 0.382419 0.485048 0.499953 0.528813 0.509978 0.493849 0.36375 0.470796 0.409995 0.517832 0.364611 0.40285 0.472715 0.370237 0.526763 0.497084 0.456149 0.491782 0.507379 0.346002 0.515852 0.393237 0.365898 0.360121 0.368571 0.492189 0.348571 0.344408 0.357825 0.48958 0.381032 0.458364 0.389485 0.380759 0.327182 0.516208 0.491334 0.495421 0.528596 0.494562 0.299624 0.515415 0.486534 0.527088 0.509828 0.514794 0.373689 0.393264 0.355371 0.483356 0.372719 0.386836 
0.500615 0.446091 0.431399 0.442508 0.497526 0.485603 0.497199 0.490747 0.486052 0.415248 0.442045 0.435331 0.412199 0.511436 0.51999 0.483819 0.427283 0.441574 0.381233 0.488484 0.474963 0.465243 0.420089 0.496774 0.419843 0.434218 0.442664 0.434003 0.399954 0.504188 0.527074 0.463149 0.392596 0.546864 0.343009 0.412376 0.48378 0.524918 0.419749 0.472632 0.492069 0.444945 0.533053 0.485387 0.425021 0.405841 0.528056 0.493605 0.478683 0.408065 0.456353 0.477116 0.438881 0.435274 0.436104 0.488945 0.454912 0.44514 0.54959 0.49583 0.500392 0.478946 
0.474157 0.48581 0.502911 0.537828 0.492822 0.502996 0.461251 0.53595 0.500087 0.496894 0.499481 0.535476 0.462137 0.510782 0.486195 0.470576 0.498447 0.521475 0.542734 0.523222 0.477303 0.494295 0.471607 0.531455 0.438763 0.539087 0.500907 0.504865 0.49712 0.544121 0.493799 0.473864 0.532886 0.506268 0.493753 0.510991 0.50009 0.530905 0.527366 0.465647 0.490266 0.486781 0.534239 0.470875 0.458969 0.540158 0.502219 0.483786 0.508477 0.441065 0.494417 0.457748 0.428942 0.467771 0.515318 0.497519 0.460317 0.475831 0.46958 0.530438 0.429489 0.500993 
0.367014 0.385882 0.457109 0.444957 0.388035 0.41142 0.433984 0.438151 0.405676 0.404503 0.357634 0.393991 0.400122 0.470771 0.438921 0.45555 0.44521 0.422063 0.42261 0.363449 0.405457 0.423412 0.418474 0.402887 0.445705 0.375731 0.417525 0.404589 0.446962 0.485184 0.442031 0.431474 0.376587 0.364273 0.40097 0.414303 0.425091 0.446979 0.446123 0.424547 0.422349 0.422362 0.434491 0.426889 0.462456 0.399868 0.403953 0.462495 0.434444 0.438051 0.414005 0.40567 0.345982 0.410829 0.449224 0.413579 0.405296 0.417605 0.369304 0.384244 0.398913 0.428707 
0.497012 0.36254 0.37115 0.374822 0.410806 0.382478 0.400409 0.40125 0.416149 0.505189 0.408032 0.502503 0.399404 0.510534 0.510954 0.383672 0.516388 0.519979 0.515419 0.51974 0.509457 0.510983 0.38365 0.374401 0.381463 0.407012 0.398256 0.394583 0.386877 0.494409 0.348754 0.352334 0.351986 0.491116 0.511853 0.353165 0.51787 0.402709 0.519628 0.510059 0.503427 0.421875 0.38976 0.394419 0.384059 0.370888 0.509164 0.522123 0.502767 0.397594 0.523059 0.404081 0.311353 0.372489 0.385719 0.524682 0.351372 0.37851 0.541574 0.520406 0.5179 0.503087 
0.496273 0.523916 0.51913 0.540463 0.543946 0.564426 0.510955 0.54034 0.536186 0.50489 0.553706 0.546089 0.568966 0.551932 0.548448 0.517102 0.518851 0.582749 0.506347 0.495667 0.525166 0.51292 0.555885 0.506101 0.546959 0.504192 0.499325 0.554726 0.539374 0.584942 0.548742 0.533904 0.539447 0.524491 0.54937 0.542199 0.559398 0.531677 0.502892 0.523006 0.500724 0.57258 0.49033 0.520663 0.511601 0.534608 0.594559 0.526444 0.531071 0.489007 0.530814 0.522151 0.485001 0.577209 0.514568 0.478825 0.53447 0.552069 0.541982 0.539233 0.57614 0.569348 
0.406678 0.441393 0.432623 0.444578 0.433039 0.437784 0.393256 0.419561 0.428624 0.466611 0.436069 0.446197 0.445444 0.459868 0.457699 0.425657 0.447415 0.446375 0.430467 0.451768 0.43051 0.429515 0.469123 0.38303 0.417308 0.395263 0.403341 0.437997 0.456931 0.443585 0.457018 0.449622 0.441817 0.439258 0.434563 0.438651 0.468594 0.467168 0.472981 0.413025 0.434995 0.415443 0.446373 0.449807 0.444604 0.436142 0.441718 0.405477 0.439767 0.39646 0.454085 0.396171 0.426136 0.448294 0.410348 0.44119 0.396837 0.432411 0.399762 0.403586 0.448182 0.398426 
0.506073 0.438007 0.476163 0.446701 0.487565 0.467524 0.477262 0.486334 0.503916 0.435187 0.40239 0.484021 0.494109 0.513239 0.47578 0.479631 0.484805 0.483462 0.493591 0.47764 0.441418 0.495097 0.488957 0.454743 0.500082 0.433197 0.469393 0.449017 0.473731 0.48557 0.465091 0.503007 0.47142 0.482926 0.427313 0.510733 0.498426 0.494161 0.519047 0.498409 0.461551 0.485592 0.446955 0.515689 0.512697 0.484186 0.438966 0.458943 0.493094 0.417125 0.415053 0.496772 0.470383 0.43741 0.490801 0.480769 0.409908 0.472626 0.459935 0.460143 0.445841 0.42451 
0.496368 0.519416 0.500364 0.580541 0.521162 0.604508 0.575952 0.518452 0.561788 0.56665 0.464531 0.448339 0.565389 0.574779 0.5082 0.585287 0.575402 0.514507 0.506118 0.513092 0.588003 0.593131 0.52098 0.497607 0.513294 0.508465 0.510204 0.510261 0.48179 0.511328 0.572525 0.578984 0.59305 0.457855 0.564312 0.519482 0.496746 0.466885 0.446515 0.445992 0.574706 0.508968 0.512912 0.504652 0.52085 0.529675 0.494884 0.420964 0.430995 0.50262 0.423941 0.501248 0.498274 0.58785 0.578488 0.528628 0.515202 0.577072 0.508657 0.513924 0.598744 0.409734 
0.461859 0.468299 0.502918 0.516402 0.523261 0.50141 0.468971 0.47857 0.470807 0.506205 0.477703 0.528612 0.509511 0.519667 0.520913 0.52288 0.493122 0.510437 0.484627 0.51875 0.463655 0.518987 0.523569 0.476397 0.438559 0.409359 0.474661 0.512309 0.487658 0.513529 0.50024 0.476851 0.487522 0.489039 0.513499 0.499115 0.527391 0.486808 0.467535 0.484271 0.476385 0.51353 0.491615 0.477318 0.529617 0.507888 0.492214 0.488252 0.460396 0.484078 0.509727 0.40897 0.408175 0.469852 0.420225 0.447792 0.499744 0.465957 0.463642 0.481054 0.456545 0.507016 
0.425642 0.483539 0.466539 0.449651 0.446786 0.408773 0.441868 0.396576 0.415939 0.470934 0.400083 0.419679 0.443831 0.495538 0.450009 0.417425 0.422228 0.372346 0.350258 0.430359 0.388757 0.393188 0.48472 0.467702 0.426445 0.415133 0.417776 0.405056 0.407252 0.425183 0.405085 0.453213 0.44257 0.407607 0.455848 0.375712 0.426146 0.424963 0.449575 0.41432 0.47908 0.427069 0.448697 0.442122 0.436118 0.454654 0.477281 0.405568 0.383578 0.366293 0.494904 0.446736 0.394491 0.454358 0.433873 0.453852 0.481695 0.390543 0.486681 0.406928 0.397872 0.426758 
0.492037 0.475804 0.448217 0.500995 0.532374 0.554081 0.483148 0.492402 0.554841 0.580329 0.484225 0.554884 0.529051 0.505477 0.554621 0.507251 0.512709 0.497332 0.558245 0.530133 0.562983 0.475274 0.491735 0.517702 0.520661 0.42264 0.489566 0.498899 0.442958 0.474702 0.534385 0.477741 0.528559 0.510097 0.480097 0.553055 0.562535 0.527442 0.470115 0.509668 0.532775 0.547036 0.536977 0.536408 0.492386 0.535859 0.538517 0.532253 0.52253 0.510986 0.469854 0.509302 0.496701 0.525746 0.56262 0.504041 0.497572 0.541998 0.436102 0.470818 0.52442 0.504593 
0.433656 0.418309 0.458887 0.47694 0.451318 0.456661 0.455727 0.463479 0.467439 0.43759 0.413163 0.436563 0.480481 0.466045 0.471521 0.456604 0.460824 0.465042 0.476431 0.491424 0.493957 0.468187 0.467162 0.427269 0.486129 0.414769 0.511833 0.483206 0.470203 0.456194 0.461224 0.474306 0.388541 0.392765 0.462065 0.436577 0.443649 0.438106 0.480734 0.480945 0.498135 0.458413 0.497803 0.520496 0.48791 0.441795 0.472104 0.518129 0.461339 0.435403 0.456996 0.475694 0.407267 0.399054 0.462749 0.479296 0.514322 0.454649 0.462038 0.44281 0.434239 0.468468 
0.393818 0.360946 0.366762 0.354131 0.426306 0.359479 0.342287 0.376555 0.397718 0.397448 0.398342 0.364452 0.384027 0.453164 0.426944 0.392695 0.404824 0.410714 0.424091 0.458456 0.389056 0.387229 0.421315 0.404743 0.350261 0.427781 0.394248 0.403985 0.417387 0.405999 0.387512 0.397786 0.352901 0.437984 0.378446 0.423787 0.447539 0.404509 0.376679 0.402113 0.398327 0.439725 0.405957 0.400495 0.365066 0.423162 0.44873 0.379126 0.367473 0.393407 0.381806 0.375751 0.425958 0.383142 0.324362 0.427184 0.41614 0.368496 0.427926 0.403291 0.388538 0.289317 
0.433578 0.382326 0.424168 0.416021 0.415479 0.421827 0.430398 0.447521 0.420355 0.408771 0.443098 0.424609 0.435589 0.436966 0.405182 0.441018 0.441048 0.434564 0.439749 0.445889 0.419554 0.434721 0.435316 0.426601 0.417919 0.425567 0.441362 0.443538 0.410199 0.387817 0.362144 0.352085 0.360611 0.414878 0.429997 0.448982 0.382426 0.407018 0.417274 0.442796 0.410885 0.375427 0.415629 0.424638 0.407799 0.449074 0.442779 0.44114 0.444937 0.431601 0.435761 0.409739 0.452547 0.370931 0.430388 0.44281 0.378056 0.426224 0.415361 0.422256 0.424843 0.414965 
0.306273 0.299514 0.305885 0.454778 0.435084 0.434369 0.371956 0.334656 0.381474 0.369527 0.324577 0.306279 0.318514 0.38619 0.43297 0.388965 0.326535 0.33901 0.307523 0.380838 0.437184 0.375349 0.381419 0.443501 0.444996 0.375541 0.454362 0.365843 0.380402 0.328076 0.456943 0.46147 0.386011 0.383583 0.301445 0.27582 0.377251 0.38444 0.375542 0.444192 0.445919 0.454396 0.387428 0.446857 0.430069 0.307917 0.330024 0.321154 0.337828 0.456704 0.426599 0.380812 0.377448 0.371255 0.382562 0.308217 0.363671 0.363194 0.372889 0.449742 0.461956 0.439451 
0.558552 0.488558 0.486143 0.498453 0.54125 0.543123 0.549853 0.558956 0.528383 0.535344 0.525719 0.511393 0.524418 0.523744 0.543956 0.579402 0.509735 0.590957 0.568851 0.554786 0.519288 0.486339 0.476282 0.556431 0.509735 0.5211 0.584889 0.425954 0.50044 0.437648 0.453019 0.520921 0.509278 0.547363 0.500296 0.571338 0.536048 0.521896 0.590929 0.494839 0.513829 0.5064 0.542026 0.484449 0.560901 0.476445 0.528914 0.543555 0.557453 0.486199 0.531698 0.43713 0.574726 0.528096 0.446776 0.457246 0.455487 0.566189 0.542091 0.495938 0.546733 0.517809 
0.547843 0.556714 0.549635 0.556005 0.572797 0.555453 0.522709 0.521789 0.524788 0.543579 0.525478 0.41692 0.450169 0.561566 0.527539 0.536398 0.533984 0.405142 0.536871 0.555391 0.522947 0.534754 0.554866 0.512982 0.429823 0.37797 0.541774 0.502269 0.561387 0.571631 0.372725 0.391142 0.439547 0.415196 0.553448 0.419136 0.509061 0.534174 0.519784 0.415556 0.399136 0.548772 0.529746 0.395148 0.412943 0.551787 0.421657 0.539421 0.53327 0.526499 0.508427 0.449232 0.516259 0.403307 0.544133 0.542161 0.420721 0.424022 0.488062 0.348998 0.564684 0.43552 
0.280511 0.278039 0.342134 0.411175 0.344752 0.348562 0.353026 0.324699 0.347849 0.410042 0.302278 0.291369 0.292366 0.306208 0.360757 0.397074 0.32044 0.298453 0.359531 0.282191 0.422799 0.363942 0.367253 0.308716 0.361774 0.363003 0.365189 0.357277 0.349005 0.325622 0.349876 0.426292 0.349739 0.29108 0.41025 0.398642 0.355651 0.406233 0.347563 0.295726 0.357674 0.365049 0.417496 0.306414 0.294602 0.284537 0.416979 0.349686 0.393578 0.413396 0.348871 0.306577 0.405869 0.30278 0.431299 0.262339 0.364554 0.420697 0.350335 0.285649 0.350748 0.288329 
0.545334 0.53147 0.536859 0.580813 0.59085 0.59925 0.535296 0.560545 0.562908 0.580929 0.539855 0.548431 0.511328 0.527786 0.574077 0.571973 0.545487 0.562574 0.518072 0.475125 0.515225 0.551181 0.513743 0.574249 0.566751 0.56888 0.583931 0.560645 0.540359 0.532068 0.573587 0.59632 0.567725 0.545455 0.576818 0.576063 0.55635 0.514458 0.551061 0.561277 0.58468 0.509601 0.460987 0.533835 0.507593 0.489845 0.534609 0.526 0.532062 0.535544 0.522267 0.482947 0.574674 0.480655 0.512477 0.505471 0.512257 0.508727 0.464475 0.525649 0.529398 0.587489 
0.502141 0.457028 0.487861 0.515523 0.525858 0.494964 0.522372 0.514286 0.522244 0.510161 0.533105 0.518787 0.537124 0.512215 0.513765 0.48871 0.494929 0.519299 0.443548 0.451675 0.461717 0.493064 0.496957 0.453732 0.515956 0.503702 0.480383 0.519265 0.465529 0.502005 0.494535 0.399121 0.397819 0.395367 0.508069 0.526483 0.484729 0.523388 0.515715 0.454406 0.515299 0.509538 0.453693 0.466584 0.477984 0.491457 0.419969 0.503462 0.392432 0.473759 0.493195 0.431835 0.456483 0.477813 0.457164 0.479576 0.466394 0.495939 0.418491 0.546996 0.518736 0.498371 
0.455905 0.424792 0.420618 0.456927 0.416824 0.439664 0.480573 0.418229 0.471281 0.465199 0.474376 0.486246 0.491057 0.485915 0.481645 0.505994 0.508486 0.470779 0.449217 0.498242 0.410801 0.449168 0.440225 0.461059 0.469428 0.472702 0.453236 0.49164 0.420395 0.398789 0.426603 0.471471 0.462159 0.467454 0.463726 0.505879 0.450433 0.513894 0.495495 0.43455 0.484892 0.494068 0.468397 0.467885 0.472303 0.487613 0.403207 0.460369 0.496475 0.388953 0.470405 0.461359 0.402074 0.402365 0.413752 0.384392 0.526377 0.4383 0.456454 0.49668 0.458606 0.378759 
0.353761 0.346462 0.47995 0.416319 0.431041 0.345836 0.426836 0.428876 0.415366 0.492267 0.422094 0.351217 0.421438 0.42548 0.47843 0.490023 0.371327 0.434982 0.421093 0.488068 0.382097 0.487693 0.498268 0.494575 0.434023 0.358998 0.342806 0.430897 0.302452 0.40159 0.314943 0.429004 0.348369 0.417786 0.375739 0.42044 0.482971 0.377165 0.432987 0.369653 0.485381 0.409707 0.349266 0.43025 0.431675 0.421938 0.474326 0.406399 0.368248 0.378616 0.399601 0.428092 0.433262 0.473026 0.369668 0.326855 0.317694 0.428141 0.426465 0.432082 0.396851 0.502259 
0.470001 0.439585 0.427328 0.420789 0.448825 0.443265 0.447366 0.387267 0.451448 0.433276 0.409228 0.405623 0.390368 0.421106 0.407966 0.467606 0.41313 0.420645 0.417878 0.445899 0.39951 0.429013 0.445921 0.443228 0.423036 0.410609 0.38572 0.391002 0.398935 0.419823 0.358367 0.439246 0.434467 0.423788 0.453644 0.424405 0.415434 0.435149 0.431474 0.437385 0.410493 0.428461 0.412224 0.420279 0.452573 0.388751 0.441537 0.379131 0.465312 0.361988 0.420908 0.370558 0.413832 0.435554 0.413706 0.417739 0.406433 0.398831 0.369248 0.436659 0.468773 0.426591 
0.467656 0.490257 0.471122 0.428081 0.44109 0.437277 0.419411 0.421563 0.486633 0.374908 0.438734 0.474793 0.438848 0.488131 0.360724 0.466498 0.432718 0.396671 0.367925 0.491391 0.4767 0.305449 0.306325 0.328732 0.430367 0.392584 0.481845 0.48618 0.41811 0.470491 0.350272 0.477619 0.429309 0.42721 0.381606 0.410277 0.492398 0.434578 0.424728 0.453242 0.446913 0.485467 0.384564 0.409547 0.495077 0.375924 0.425129 0.362853 0.430186 0.336502 0.432959 0.356967 0.500908 0.377654 0.479014 0.406486 0.429326 0.312688 0.4186 0.425478 0.423251 0.435208 
0.461538 0.505567 0.512177 0.499788 0.433667 0.489268 0.439195 0.498772 0.523515 0.425732 0.492033 0.428811 0.421082 0.365914 0.418496 0.427023 0.43974 0.455002 0.460296 0.381981 0.51796 0.365458 0.373961 0.417831 0.501717 0.395518 0.440399 0.527286 0.393698 0.38769 0.46359 0.513678 0.491897 0.366234 0.419347 0.420003 0.423179 0.345718 0.402882 0.350882 0.408345 0.429631 0.451064 0.510368 0.464171 0.512076 0.319452 0.384178 0.366805 0.453136 0.520833 0.426454 0.487668 0.394415 0.4097 0.511015 0.43443 0.457711 0.391512 0.367941 0.381978 0.467196 
0.482255 0.527446 0.520093 0.53885 0.525253 0.458041 0.550883 0.515498 0.485044 0.449841 0.458712 0.435632 0.543508 0.531792 0.48434 0.533727 0.492774 0.449288 0.527492 0.559338 0.415084 0.42755 0.533323 0.49835 0.511804 0.501468 0.477676 0.501394 0.551196 0.559054 0.470978 0.469298 0.47858 0.509536 0.475209 0.464392 0.451523 0.476252 0.465741 0.492418 0.401256 0.485422 0.475436 0.499557 0.486751 0.450794 0.548496 0.505942 0.493088 0.536768 0.4 0.491474 0.520879 0.489706 0.503568 0.537331 0.448434 0.468229 0.46495 0.530433 0.549444 0.40201 
0.365104 0.347858 0.355267 0.337949 0.340092 0.307711 0.453746 0.358444 0.361625 0.364185 0.468195 0.447574 0.444546 0.44877 0.454788 0.465748 0.447427 0.437239 0.473787 0.36055 0.335572 0.321796 0.438258 0.310061 0.445178 0.455474 0.343617 0.343581 0.351652 0.329234 0.475381 0.454129 0.36421 0.376011 0.446309 0.437279 0.349795 0.328636 0.320866 0.303012 0.312894 0.434994 0.321189 0.307741 0.436971 0.459517 0.329656 0.453653 0.456498 0.323522 0.353141 0.447533 0.439579 0.322697 0.323506 0.462868 0.326102 0.337555 0.45034 0.45128 0.456133 0.311588 
0.403573 0.397628 0.454987 0.410692 0.442023 0.451811 0.425577 0.425795 0.448597 0.457781 0.458293 0.461446 0.39471 0.453421 0.420027 0.426434 0.454048 0.417114 0.432122 0.467924 0.485736 0.421797 0.408092 0.478574 0.450847 0.461618 0.459338 0.396044 0.338439 0.370429 0.464277 0.412844 0.459126 0.439319 0.486877 0.40346 0.413323 0.409956 0.420681 0.453214 0.353084 0.430829 0.419871 0.414564 0.432507 0.44816 0.395122 0.452551 0.437271 0.406093 0.430003 0.469458 0.458815 0.390791 0.405102 0.415864 0.396144 0.403475 0.428244 0.38451 0.409195 0.428721 
0.442532 0.324983 0.342043 0.328785 0.329191 0.3241 0.305584 0.305035 0.321758 0.335835 0.435401 0.324699 0.429799 0.403568 0.33363 0.327634 0.422693 0.289731 0.310117 0.321937 0.30068 0.448783 0.423536 0.425996 0.436983 0.310453 0.460979 0.427284 0.267358 0.302049 0.328314 0.435619 0.441119 0.420219 0.330796 0.419522 0.42607 0.415408 0.322125 0.444334 0.44 0.408148 0.294194 0.438005 0.302829 0.286532 0.309611 0.409865 0.297883 0.301321 0.444407 0.322819 0.286609 0.435521 0.325512 0.4484 0.306787 0.462825 0.335422 0.43617 0.43022 0.298612 
0.379698 0.421288 0.417045 0.427286 0.477695 0.390687 0.380754 0.392846 0.430553 0.370459 0.392452 0.434352 0.433855 0.441361 0.400627 0.469179 0.462171 0.405039 0.388116 0.461716 0.399581 0.468812 0.394946 0.429063 0.437753 0.469852 0.433416 0.388403 0.46585 0.392871 0.469247 0.374323 0.308386 0.317927 0.343042 0.387483 0.425727 0.435692 0.393596 0.384357 0.405437 0.37213 0.434795 0.383139 0.438329 0.43141 0.425652 0.44106 0.469636 0.437002 0.379754 0.427465 0.434192 0.435325 0.378114 0.479114 0.407718 0.405167 0.384 0.379856 0.404547 0.379192 
