0.592719 0.559231 0.558799 0.556842 0.578955 0.52259 0.555609 0.596454 0.604446 0.550533 0.51526 0.537931 0.576646 0.553854 0.525815 0.527261 0.657918 0.651876 0.673147 0.647978 0.583758 0.465529 0.608929 0.553976 0.534475 0.574757 0.496655 0.451007 0.527493 0.542865 0.614946 0.548213 0.651146 0.516025 0.626932 0.4899 
0.991502 0.854334 0.887891 0.894716 1.04348 0.882724 0.730485 0.8685 0.83103 1.01693 0.863387 1.07943 0.824251 1.09676 0.992302 1.11376 0.897059 1.03878 0.976915 1.06254 0.770471 0.833096 0.99272 1.10952 0.868171 0.994843 0.837457 0.908569 0.869809 1.10296 0.892943 0.901638 0.953731 0.857597 0.953347 0.905709 
0.879329 0.842978 0.858814 1.03496 0.730764 0.813433 0.891393 0.914948 0.853333 0.71537 0.816348 0.826044 0.854242 0.941958 0.859132 0.786479 0.958779 0.652524 0.866945 0.883887 0.746827 0.63908 0.695122 1.0245 1.08592 1.05659 0.744587 0.855362 0.992613 0.707536 0.809996 1.00606 0.854498 0.731007 0.767255 1.19656 
0.61163 0.493281 0.660357 0.533253 0.512751 0.543029 0.609351 0.515413 0.472507 0.501425 0.650887 0.654575 0.570545 0.49547 0.459416 0.594498 0.395896 0.399881 0.554429 0.581174 0.712268 0.650458 0.526555 0.580573 0.530092 0.581184 0.540408 0.552361 0.620476 0.544578 0.660749 0.514072 0.519964 0.546377 0.558343 0.586735 
0.661307 0.563689 0.514664 0.621971 0.631454 0.599398 0.473902 0.49209 0.521766 0.638621 0.565868 0.720026 0.677946 0.608298 0.526945 0.514592 0.470303 0.636394 0.689988 0.530961 0.596326 0.527315 0.642575 0.570545 0.45091 0.50542 0.67602 0.640088 0.476417 0.588818 0.650265 0.662376 0.696844 0.553175 0.550896 0.683559 
1.12214 1.05762 1.01405 1.14117 0.993504 1.16017 1.11186 1.16315 1.23174 1.30428 1.07647 1.07836 1.10061 1.12409 1.01362 1.23919 1.26511 1.15603 0.974263 1.08563 1.23575 1.3717 1.13594 1.26316 0.940007 1.27776 1.10535 0.967099 1.11142 0.997808 1.13606 0.943127 1.39025 1.15521 0.99239 0.973896 
0.654377 0.651716 0.683295 0.678109 0.539215 0.616536 0.588082 0.582911 0.53364 0.556364 0.647624 0.513946 0.57774 0.624032 0.585469 0.560097 0.484138 0.551808 0.500066 0.640961 0.648235 0.616546 0.534082 0.576613 0.578879 0.592234 0.560514 0.519264 0.689693 0.627742 0.598282 0.731652 0.450231 0.62364 0.658689 0.621743 
1.44465 1.24127 1.2631 1.53964 1.50408 1.15885 1.37555 1.15182 1.31219 1.27673 1.38629 1.18409 1.4142 1.16761 1.56564 1.54987 1.14712 1.26321 1.29075 1.49581 1.36412 1.05605 1.28967 1.48015 1.19625 1.34418 1.18106 1.11565 1.3319 1.46726 1.25944 1.46698 1.24127 1.44576 1.37499 1.22995 
1.11358 1.15503 1.07361 1.24584 0.93322 1.1853 1.01201 1.04711 1.12986 1.06397 0.917597 0.897942 0.906513 0.85745 1.025 1.07334 0.834084 0.862923 1.10616 1.1048 0.93372 1.09362 1.13216 1.10903 1.06894 0.938718 1.10937 1.12579 1.07892 1.01496 0.736922 0.986292 1.14378 0.858939 1.06063 1.11213 
1.50818 1.31259 1.57554 1.50143 1.53589 1.66708 1.28818 1.21088 1.62574 1.24479 1.29997 1.56947 1.52396 1.60107 1.72645 1.51682 1.55887 1.42947 1.36704 1.5419 1.35185 1.70103 1.51787 1.35239 1.34505 1.41562 1.66114 1.54954 1.29815 1.46908 1.59601 1.48808 1.47381 1.2412 1.78927 1.64727 
1.17007 1.20086 1.17984 1.45529 1.39279 1.38244 1.20336 1.18853 1.39025 1.19139 1.34915 1.22241 1.28565 1.26253 1.27808 1.32765 1.22985 1.36625 1.36856 1.49503 1.30639 1.34707 1.17543 1.42201 1.47122 1.3152 1.27066 1.2066 1.19459 1.24432 1.60387 1.19497 1.11671 1.23422 1.29601 1.4221 
0.957219 1.15778 1.16315 1.03109 1.14681 1.34013 0.887303 1.23292 1.13854 1.15297 1.12248 1.03646 1.30833 1.12059 1.13473 1.13943 1.07562 1.09174 1.45374 1.39856 1.29367 1.05473 1.28172 1.25855 1.18455 1.05385 1.06938 1.03809 1.13992 0.869817 0.9494 1.02773 1.26902 1.27123 0.845098 0.931208 
0.778914 0.896797 0.672495 0.729252 0.794654 0.872994 0.808951 0.726045 0.822408 1.04617 0.734676 0.92219 0.742493 0.81093 0.930711 0.827555 0.921205 0.81647 0.890833 0.819631 0.924082 0.880049 0.849599 0.784714 0.756517 0.798508 0.650436 0.70441 0.74053 0.934482 0.7233 0.976915 0.95885 0.839274 0.7556 0.605812 
0.397433 0.424883 0.482173 0.502217 0.5262 0.378494 0.373985 0.572749 0.564741 0.503808 0.438396 0.491057 0.43198 0.468203 0.452252 0.403928 0.493519 0.463156 0.5884 0.420757 0.536673 0.515855 0.560326 0.605384 0.466374 0.465652 0.449056 0.438059 0.514294 0.532702 0.37723 0.477245 0.45909 0.631966 0.507964 0.423916 
0.749062 0.794547 0.922722 0.86354 0.711871 0.868089 0.781558 0.990132 0.814669 0.834032 0.8174 0.955511 0.879249 0.933616 0.877194 0.923986 0.900118 0.921634 1.03045 0.955036 0.921237 0.780521 0.849039 1.04846 0.718649 1.00837 0.93827 0.966014 1.16017 1.0184 0.924259 0.80582 0.783582 0.911041 0.978554 0.983457 
0.693147 0.710661 0.826123 0.72682 0.677337 0.658576 0.693147 0.76581 0.749328 0.877499 0.720124 0.771569 0.868024 0.729283 0.77144 0.803043 0.649576 0.775339 0.805943 0.835803 0.774026 0.881707 0.727981 0.801313 0.736859 0.774116 0.811718 0.717245 0.74444 0.845465 0.767098 0.831692 0.699226 0.725235 0.873224 0.706877 
1.38212 1.38629 1.75988 1.47753 1.47331 1.61121 1.17865 1.32845 1.41242 1.20781 1.38865 1.38629 1.53978 1.69066 1.44446 1.26795 1.33268 1.55922 1.71138 1.45751 1.51281 1.60735 1.63657 1.41856 1.17665 1.38406 1.2435 1.37756 1.40384 1.5655 1.15956 1.36372 1.57861 1.16971 1.27461 1.44135 
0.762373 0.777473 0.724963 0.727109 0.714577 0.697412 0.748717 0.652444 0.869238 0.755023 0.638659 0.686517 0.683775 0.862348 0.794207 0.628954 0.633129 0.702296 0.774401 0.727253 0.806403 0.789877 0.589577 0.678206 0.740349 0.817851 0.722561 0.611105 0.626947 0.743158 0.658209 0.648976 0.735423 0.783661 0.677775 0.894045 
0.821322 0.830703 0.792732 0.660638 0.859075 0.97601 0.872875 0.81406 0.768048 0.848023 0.745416 0.809045 0.82614 0.779762 0.796219 0.740136 0.947115 0.836542 0.756661 0.66676 0.820469 0.714001 0.846621 0.923611 0.885668 0.847298 0.835081 0.619039 0.632165 0.829559 0.903511 0.717729 0.879526 0.918737 0.846223 0.681783 
0.662657 0.610405 0.616774 0.511555 0.647506 0.640961 0.719123 0.638907 0.606368 0.710439 0.6583 0.615079 0.592134 0.698202 0.764606 0.587065 0.786796 0.765178 0.619335 0.779475 0.662533 0.647791 0.675755 0.779633 0.595065 0.830348 0.703655 0.666702 0.601308 0.591364 0.634084 0.704708 0.668313 0.622766 0.564789 0.630089 
0.628167 0.674571 0.807281 0.747955 0.725937 0.63367 0.804079 0.603139 0.809708 0.797339 0.73157 0.666667 0.697467 0.728464 0.67039 0.740235 0.708598 0.672719 0.691457 0.829459 0.562018 0.656669 0.70131 0.707004 0.664976 0.726045 0.796506 0.731137 0.726981 0.784013 0.615009 0.850239 0.69084 0.755023 0.726352 0.749297 
0.505133 0.491222 0.505586 0.624061 0.475752 0.438021 0.504405 0.475801 0.497149 0.482852 0.423003 0.472096 0.563842 0.550126 0.571786 0.650429 0.538477 0.556056 0.496325 0.691177 0.462493 0.509895 0.641854 0.498788 0.446193 0.579936 0.504838 0.561151 0.540679 0.607151 0.535847 0.558502 0.546107 0.527306 0.490502 0.566594 
0.763191 0.708493 0.691474 0.865598 0.775433 0.903764 0.6698 0.618226 0.811686 0.608887 0.753772 0.71677 0.856472 0.894926 0.909449 0.961281 0.805625 0.94008 0.776363 0.81093 0.928824 0.786708 0.802592 0.843874 0.844244 0.703546 0.762413 0.746873 0.76608 0.678861 0.595065 0.816492 0.852921 0.710464 0.818704 0.73308 
1.07943 0.909248 0.811848 0.796422 0.816857 0.788457 0.8913 0.67682 0.731443 0.932551 0.875469 0.958452 0.991411 0.882882 0.864997 1.23803 0.799483 1.01362 0.961411 0.708583 0.89114 1.15004 0.847944 0.81093 0.897615 0.965628 0.946732 0.747925 0.908856 0.961753 0.756661 0.751741 0.869472 1.01875 1.11719 0.971114 
0.633215 0.595187 0.843003 0.759105 0.639188 0.632968 0.617769 0.663752 0.85105 0.604352 0.818865 0.714145 0.693147 0.756174 0.934502 0.754768 0.799426 0.636992 0.798892 0.518013 0.729908 0.797217 0.930255 0.91946 0.826004 0.860654 0.776603 0.685385 0.605396 0.693147 0.688577 0.54802 0.648475 0.625542 0.656168 0.776088 
0.447599 0.497073 0.503391 0.437656 0.454073 0.356675 0.451187 0.293387 0.49398 0.353529 0.533298 0.411271 0.391255 0.506404 0.349112 0.374888 0.555904 0.564002 0.551177 0.528007 0.6282 0.35316 0.441833 0.338975 0.49547 0.665069 0.4671 0.407007 0.639699 0.422376 0.392909 0.401011 0.563189 0.416607 0.474757 0.465016 
0.541097 0.523746 0.500192 0.56722 0.49536 0.42345 0.48962 0.412634 0.529672 0.40663 0.57246 0.507617 0.400324 0.420799 0.50182 0.466541 0.461424 0.533062 0.536725 0.534472 0.468038 0.379624 0.415917 0.494166 0.463131 0.56145 0.578078 0.484529 0.471122 0.484414 0.444919 0.476537 0.593415 0.502662 0.59931 0.473068 
0.699578 0.772325 0.655549 0.691353 0.568444 0.674742 0.621538 0.708389 0.636206 0.759029 0.593429 0.60956 0.603535 0.683438 0.762449 0.757532 0.770363 0.683596 0.602009 0.55763 0.688389 0.704982 0.760705 0.737764 0.550157 0.854718 0.645645 0.693147 0.62127 0.712115 0.676726 0.664748 0.608541 0.703865 0.689139 0.626359 
1.22747 1.43096 1.16315 1.09169 1.32517 1.3623 1.13211 1.10458 1.1208 1.12691 1.14725 1.22847 1.42668 1.23249 1.2017 1.13736 1.06417 1.74574 1.34373 1.27871 1.4584 1.23848 1.09861 1.05822 1.31381 1.32176 1.25276 1.49415 1.11195 1.28575 0.871395 1.29928 1.28913 1.19478 1.27852 1.3769 
0.795927 0.80592 0.801488 0.847298 0.819561 0.647799 0.771479 0.724896 0.875037 0.826931 0.954066 0.640503 0.680621 0.794707 0.676887 0.725937 0.945159 0.857697 0.673729 0.976434 0.802477 0.970949 0.747933 0.913007 0.731175 0.899639 0.737931 0.678876 0.831525 0.794369 0.782426 0.840078 0.921897 0.841328 0.573439 0.825594 
1.24522 1.264 1.30611 1.29372 1.33223 1.27778 1.56514 1.07412 1.26819 1.12472 1.30533 1.30992 1.29264 1.06802 1.01667 1.28044 1.2364 1.36252 1.26413 1.2121 1.4689 1.2164 1.36281 1.13401 1.18192 1.26515 1.15073 1.27717 1.366 1.0903 1.32382 1.1721 1.11687 1.27022 1.06224 1.09017 
1.35455 1.19306 1.00872 1.05094 0.990203 1.05257 1.18206 1.21908 0.945983 1.05797 1.14034 1.35325 0.967099 1.13477 1.15858 0.989346 1.23787 1.00552 1.04059 0.930567 1.27528 1.11241 1.07412 1.21149 1.09407 0.992874 1.25276 1.08998 1.01328 1.04841 1.0116 0.949081 1.14126 1.0033 1.13924 1.01366 
1.12116 1.04242 1.00567 0.941664 1.02681 1.0782 1.06352 1.03325 0.912144 0.878243 1.29689 1.16739 1.00281 1.17029 1.1347 1.09425 1.0737 1.06025 0.917708 1.08201 0.963008 1.06824 1.2866 1.02306 1.01362 1.04527 1.02847 1.23353 0.874145 1.03302 1.09861 0.942691 1.03716 1.23008 1.11108 1.00736 
0.943974 1.05808 0.963941 0.870943 1.13987 1.06596 1.15234 1.03692 0.881738 0.991567 0.969401 1.05575 0.76665 1.16984 0.892148 0.858742 0.93827 0.932912 0.890267 0.963576 0.980153 1.08944 0.77056 0.933754 0.934109 0.942826 0.922407 0.93322 1.08526 0.922587 1.12075 1.12059 0.973861 0.910513 1.10872 1.02126 
0.927201 0.87144 1.05787 1.02018 0.834334 0.964022 0.872875 0.875927 0.948103 1.09588 0.918158 0.913209 1.11186 1.08731 0.915393 0.859999 0.924154 1.02303 0.946375 0.928976 1.10148 1.09861 0.908009 0.853278 1.02844 1.00537 0.995127 0.77179 0.860201 0.78313 0.786716 0.774054 0.859132 0.887664 1.03005 1.06383 
1.02301 0.959499 1.10373 0.925695 0.878175 0.924259 0.880821 1.04012 1.02326 0.961901 0.977945 1.01954 1.0289 1.20189 1.03665 0.976915 1.06972 0.997947 0.945689 1.18464 0.962623 0.91458 1.12177 1.1573 0.935091 0.954131 0.975749 1.06882 1.02258 1.23333 1.10959 0.970134 0.866029 0.847298 1.09559 0.850041 
