0.482843 0.421769 0.505495 0.514535 0.490741 0.577291 0.56004 0.564815 0.590327 0.548161 0.486772 0.513109 0.598698 0.487871 0.419643 0.582345 0.425606 0.497132 0.480237 0.548165 0.553156 0.522388 0.429276 0.606583 0.482412 0.557491 0.486111 0.437333 0.487805 0.406667 0.509306 0.595789 0.552288 0.509849 0.590643 0.521739 0.487805 0.568421 0.498881 0.474771 
0.35534 0.39899 0.358295 0.360107 0.368421 0.405253 0.390026 0.477337 0.452442 0.424516 0.415971 0.345733 0.358047 0.403026 0.288889 0.412017 0.337838 0.368547 0.395548 0.407674 0.394231 0.366197 0.380779 0.383628 0.405973 0.366834 0.487342 0.296024 0.423267 0.477612 0.494536 0.423698 0.426316 0.427553 0.341216 0.384211 0.28 0.291834 0.413729 0.320059 
0.429197 0.42404 0.366319 0.48062 0.40534 0.419057 0.509328 0.381795 0.473134 0.421687 0.402214 0.461538 0.376 0.445623 0.472557 0.448023 0.448578 0.386172 0.448852 0.440767 0.339496 0.350467 0.448539 0.440347 0.481865 0.470199 0.460984 0.410658 0.495974 0.340426 0.450549 0.344262 0.480769 0.457746 0.350282 0.347295 0.343085 0.411932 0.364583 0.427807 
0.405161 0.364307 0.39807 0.367521 0.327423 0.364952 0.40388 0.47041 0.398795 0.437331 0.372093 0.399414 0.360082 0.334936 0.347458 0.333742 0.439689 0.325368 0.332155 0.402062 0.395683 0.400589 0.4192 0.327327 0.298569 0.344348 0.426644 0.508728 0.368421 0.320084 0.395257 0.36566 0.352113 0.406818 0.392405 0.359031 0.382012 0.422122 0.461735 0.384874 
0.407202 0.37672 0.363905 0.417515 0.448029 0.451138 0.40646 0.3025 0.392638 0.444043 0.48 0.369261 0.444685 0.345272 0.3 0.460595 0.432615 0.434211 0.433071 0.45393 0.450098 0.400344 0.475036 0.379009 0.352827 0.309829 0.28972 0.424069 0.330435 0.421941 0.441758 0.381679 0.508039 0.387234 0.270548 0.507692 0.333948 0.320565 0.368121 0.353398 
0.455852 0.360324 0.372134 0.461988 0.463186 0.439481 0.496304 0.469565 0.463983 0.418231 0.358916 0.449219 0.462366 0.497409 0.442748 0.360274 0.367692 0.464481 0.504082 0.483092 0.463615 0.450607 0.42029 0.451902 0.399083 0.368644 0.475962 0.454357 0.40678 0.472693 0.420266 0.468085 0.486842 0.474453 0.387629 0.466459 0.492188 0.499274 0.498054 0.459902 
0.487425 0.401914 0.325694 0.406293 0.333333 0.336375 0.483146 0.418605 0.372019 0.468017 0.395965 0.383142 0.405263 0.43083 0.385542 0.483721 0.404669 0.341801 0.382096 0.320695 0.319948 0.30991 0.307317 0.341676 0.397927 0.469293 0.402357 0.318328 0.300901 0.37069 0.481089 0.47043 0.308527 0.389864 0.329204 0.315421 0.396341 0.315245 0.409389 0.310855 
0.477241 0.450858 0.444444 0.357542 0.379859 0.294852 0.33209 0.407643 0.402164 0.370892 0.422274 0.393519 0.39866 0.496815 0.379542 0.420833 0.398252 0.354244 0.363636 0.362345 0.383475 0.397753 0.44289 0.365805 0.466476 0.413793 0.424749 0.390931 0.394265 0.311146 0.415671 0.364 0.448087 0.318264 0.421538 0.303951 0.433798 0.416746 0.391892 0.371041 
0.521739 0.423671 0.402613 0.494493 0.454994 0.484694 0.469136 0.423126 0.488129 0.512796 0.487315 0.477589 0.462921 0.472141 0.471756 0.512059 0.471883 0.490166 0.442206 0.38657 0.541329 0.464078 0.506156 0.513423 0.386087 0.472998 0.43649 0.494764 0.554762 0.48129 0.564885 0.515054 0.463415 0.456637 0.40694 0.491686 0.46748 0.535934 0.438395 0.521441 
0.443869 0.4375 0.434949 0.404494 0.477396 0.341216 0.394022 0.454855 0.464178 0.458458 0.454144 0.483627 0.460241 0.398866 0.390102 0.483101 0.407323 0.413483 0.356303 0.521802 0.44186 0.464151 0.48513 0.459627 0.384956 0.4375 0.490463 0.518116 0.458136 0.374384 0.349138 0.405728 0.386328 0.451977 0.43787 0.466368 0.338936 0.345088 0.417178 0.413943 
0.428023 0.558522 0.485396 0.451404 0.489547 0.452086 0.490982 0.509476 0.497667 0.416667 0.463158 0.459969 0.341333 0.405333 0.495682 0.476744 0.440594 0.520468 0.480418 0.437255 0.416076 0.478102 0.470968 0.424658 0.404494 0.431034 0.483333 0.539326 0.439153 0.434783 0.440075 0.466535 0.482857 0.407098 0.430862 0.545977 0.447514 0.493827 0.488506 0.480418 
0.459627 0.408124 0.469653 0.48643 0.46988 0.420561 0.366822 0.413889 0.392523 0.42315 0.458234 0.4 0.380597 0.476821 0.464234 0.476122 0.483574 0.493097 0.447871 0.440147 0.358811 0.404211 0.43026 0.397561 0.428088 0.364121 0.435897 0.406489 0.468454 0.430894 0.42328 0.444073 0.42268 0.429929 0.448921 0.368146 0.445328 0.466523 0.439898 0.438662 
0.463942 0.521303 0.451448 0.542955 0.551959 0.561275 0.5197 0.430636 0.492437 0.429769 0.473684 0.368421 0.444156 0.391304 0.374233 0.518779 0.488312 0.502252 0.558528 0.49584 0.457471 0.508658 0.502941 0.439236 0.493023 0.540161 0.369048 0.453901 0.528908 0.520446 0.498695 0.417695 0.517123 0.422392 0.457143 0.501355 0.491736 0.383436 0.475645 0.493213 
0.482517 0.490566 0.534413 0.481293 0.447433 0.473786 0.487603 0.555085 0.514398 0.565982 0.442379 0.466667 0.482249 0.557554 0.472689 0.524194 0.492788 0.486653 0.525046 0.5344 0.490196 0.540541 0.487671 0.429487 0.484848 0.502846 0.561224 0.478261 0.537267 0.50211 0.454545 0.465251 0.516544 0.429435 0.471698 0.505882 0.510022 0.458453 0.521201 0.538627 
0.505814 0.441704 0.488998 0.443564 0.441247 0.453642 0.482176 0.514085 0.504292 0.503577 0.443077 0.444126 0.491525 0.404878 0.506757 0.459547 0.442688 0.467249 0.498282 0.414286 0.458805 0.484772 0.498294 0.492462 0.484262 0.435841 0.331551 0.5 0.525463 0.436874 0.507042 0.51495 0.364865 0.434211 0.524862 0.390041 0.461707 0.480519 0.510638 0.458613 
0.556497 0.539809 0.567291 0.552158 0.607242 0.539711 0.536972 0.527197 0.515078 0.581098 0.513793 0.577148 0.561404 0.604167 0.581337 0.439169 0.574202 0.553616 0.556732 0.558376 0.547418 0.65 0.581197 0.580796 0.56314 0.592246 0.528256 0.572835 0.491071 0.513559 0.583333 0.431624 0.544586 0.518018 0.519912 0.483173 0.59501 0.533493 0.56962 0.612296 
0.530568 0.521226 0.484694 0.473945 0.475728 0.5 0.554731 0.557143 0.490521 0.604598 0.552335 0.576923 0.585678 0.423237 0.563126 0.592308 0.538062 0.522581 0.5825 0.519565 0.574236 0.490566 0.567164 0.603448 0.49005 0.497835 0.535865 0.537079 0.575829 0.584615 0.525641 0.585 0.562189 0.537415 0.553191 0.579235 0.546599 0.559055 0.433766 0.591324 
0.552124 0.529927 0.536857 0.436697 0.420032 0.526012 0.527897 0.535674 0.577953 0.521645 0.522137 0.445283 0.46 0.613569 0.510086 0.506757 0.508167 0.547141 0.535294 0.536383 0.550388 0.565789 0.560976 0.488 0.533945 0.56927 0.430693 0.476277 0.509836 0.562945 0.556777 0.622483 0.472648 0.471591 0.588 0.445714 0.48415 0.535088 0.585417 0.522222 
0.560976 0.554524 0.553776 0.539216 0.596977 0.439189 0.442966 0.567878 0.557803 0.564873 0.560201 0.554007 0.529617 0.547421 0.558176 0.527687 0.564516 0.599602 0.546835 0.506438 0.514463 0.581986 0.50547 0.594356 0.479371 0.588816 0.53012 0.437984 0.490775 0.412698 0.446069 0.485437 0.416404 0.446541 0.562814 0.534682 0.532443 0.50348 0.54321 0.559387 
0.532759 0.519878 0.518456 0.513298 0.549296 0.394612 0.466893 0.427451 0.5166 0.426966 0.522361 0.399676 0.501676 0.480687 0.447665 0.325513 0.355599 0.385496 0.447802 0.476712 0.452555 0.478632 0.451115 0.406186 0.351288 0.380692 0.421365 0.310541 0.477093 0.308475 0.367454 0.544928 0.451754 0.394595 0.477551 0.492375 0.540541 0.459559 0.472222 0.426056 
0.439732 0.478992 0.407867 0.403654 0.492462 0.5 0.42033 0.467254 0.482963 0.398844 0.432796 0.445325 0.393411 0.439437 0.42029 0.419525 0.489418 0.444215 0.458404 0.44586 0.359155 0.454861 0.327586 0.437406 0.493014 0.491525 0.452607 0.473684 0.456198 0.375 0.412844 0.404092 0.497959 0.445438 0.448276 0.425361 0.418886 0.472973 0.4689 0.368421 
0.576446 0.504323 0.571685 0.585952 0.57932 0.575392 0.608985 0.510499 0.536437 0.582773 0.506702 0.596916 0.578571 0.602374 0.557121 0.594904 0.566038 0.546218 0.58465 0.492593 0.515888 0.556982 0.639456 0.56846 0.559871 0.570033 0.433036 0.491493 0.522667 0.407713 0.452055 0.547368 0.510721 0.606965 0.465318 0.575188 0.589011 0.598553 0.546565 0.558648 
0.463327 0.476636 0.523077 0.50597 0.520921 0.5 0.51952 0.495549 0.453552 0.451187 0.512228 0.503043 0.532656 0.512422 0.505564 0.514458 0.493797 0.495238 0.532389 0.500655 0.492558 0.490933 0.494908 0.418224 0.481191 0.455466 0.340426 0.378981 0.371517 0.469925 0.47807 0.480545 0.466667 0.483168 0.507375 0.43299 0.487218 0.464789 0.532573 0.463158 
0.525424 0.571885 0.584973 0.581109 0.542805 0.614078 0.535433 0.540034 0.579216 0.6032 0.484058 0.536028 0.427673 0.519878 0.519651 0.457055 0.511962 0.569975 0.552941 0.584013 0.522124 0.528634 0.508097 0.523622 0.589247 0.502868 0.558376 0.473815 0.468208 0.42963 0.462006 0.570039 0.523397 0.526549 0.539749 0.619266 0.430303 0.551829 0.471074 0.532095 
0.546154 0.52356 0.531605 0.523148 0.521127 0.568681 0.509128 0.476703 0.513793 0.553571 0.53323 0.593023 0.488426 0.464407 0.527383 0.55409 0.536325 0.529032 0.511222 0.542571 0.54712 0.530612 0.421739 0.444043 0.420833 0.450739 0.5375 0.560714 0.452055 0.448387 0.591241 0.542683 0.541045 0.521576 0.513158 0.429688 0.408257 0.535971 0.514754 0.47139 
0.525194 0.549729 0.590433 0.56383 0.527397 0.52488 0.595156 0.554286 0.544732 0.522613 0.548837 0.548638 0.544153 0.560768 0.616402 0.537946 0.560465 0.575269 0.535533 0.484099 0.501139 0.524064 0.589681 0.513648 0.536364 0.542914 0.528662 0.531987 0.495702 0.426471 0.5 0.560272 0.600457 0.570136 0.490862 0.486486 0.510549 0.568182 0.5 0.548571 
0.579323 0.585678 0.562257 0.559671 0.581395 0.594366 0.552966 0.587786 0.561997 0.57072 0.602787 0.548327 0.589744 0.525 0.483871 0.584795 0.587248 0.605428 0.596085 0.61573 0.563934 0.664179 0.504587 0.5878 0.5953 0.616487 0.625483 0.588083 0.549367 0.537525 0.512415 0.57561 0.549342 0.537713 0.52459 0.564516 0.602709 0.573099 0.642166 0.510917 
0.481356 0.437372 0.464217 0.557377 0.498146 0.464615 0.499148 0.521452 0.390041 0.474627 0.441397 0.510101 0.495146 0.551402 0.50495 0.528053 0.509398 0.441247 0.440252 0.371212 0.419512 0.515748 0.442013 0.463855 0.431718 0.486577 0.581081 0.483871 0.419295 0.547893 0.508671 0.502841 0.454942 0.414815 0.4 0.476773 0.518053 0.443737 0.386179 0.466216 
0.440909 0.434263 0.491007 0.547325 0.518817 0.48932 0.524173 0.511204 0.465596 0.529981 0.464115 0.478916 0.520124 0.509259 0.488112 0.512881 0.418367 0.447833 0.522727 0.434447 0.523256 0.491991 0.5 0.535211 0.437113 0.466321 0.473054 0.571429 0.508982 0.55137 0.541667 0.392344 0.493421 0.485207 0.606509 0.476378 0.421053 0.442308 0.461957 0.368421 
0.4821 0.431239 0.471449 0.520315 0.508966 0.5 0.507812 0.524615 0.457143 0.455436 0.484553 0.343182 0.422587 0.468305 0.524566 0.420792 0.437768 0.463873 0.47774 0.543182 0.465162 0.473043 0.528252 0.490881 0.417476 0.512 0.507592 0.479167 0.428571 0.495253 0.422265 0.39576 0.420949 0.381201 0.453382 0.422886 0.462617 0.499151 0.411894 0.510791 
0.488455 0.511936 0.495251 0.570028 0.507752 0.502119 0.576786 0.54507 0.483395 0.541667 0.538177 0.452785 0.563361 0.452261 0.395349 0.457672 0.493151 0.53417 0.494764 0.478022 0.454365 0.528233 0.506329 0.46167 0.586817 0.391685 0.561626 0.521891 0.500963 0.455556 0.47351 0.554217 0.501656 0.466179 0.478261 0.438017 0.434243 0.472684 0.362963 0.471338 
0.442368 0.416107 0.478615 0.531532 0.483165 0.496583 0.467721 0.421348 0.439539 0.430642 0.4416 0.47546 0.495677 0.518293 0.484615 0.479167 0.492718 0.534836 0.478395 0.450142 0.457692 0.461538 0.351485 0.380353 0.566038 0.458399 0.474903 0.414317 0.529617 0.409274 0.481089 0.459803 0.473043 0.495895 0.437107 0.485417 0.415525 0.435673 0.516049 0.418136 
0.480305 0.487544 0.357627 0.490161 0.517751 0.496078 0.513473 0.513193 0.538678 0.534219 0.444706 0.449069 0.460048 0.407718 0.373832 0.490153 0.509924 0.481625 0.488166 0.40429 0.486726 0.438538 0.45283 0.507745 0.430851 0.48913 0.496575 0.439791 0.478036 0.390777 0.526627 0.464286 0.49534 0.470726 0.562069 0.420792 0.502439 0.549372 0.461121 0.397541 
0.529307 0.450586 0.46683 0.509728 0.482353 0.484401 0.440878 0.488479 0.461165 0.469307 0.408027 0.517625 0.415152 0.48784 0.478261 0.447826 0.493433 0.421569 0.531381 0.409274 0.516074 0.487941 0.437908 0.409756 0.373626 0.403226 0.46875 0.384615 0.415648 0.496583 0.406061 0.454774 0.378319 0.381356 0.385 0.333333 0.510251 0.471963 0.388206 0.407718 
0.560241 0.528833 0.448718 0.552817 0.535185 0.555336 0.546366 0.555072 0.531469 0.442815 0.507109 0.445183 0.438776 0.544513 0.510081 0.518182 0.480645 0.498934 0.486911 0.511873 0.497132 0.588015 0.417508 0.479104 0.496471 0.528796 0.490119 0.560224 0.503529 0.478481 0.469925 0.492462 0.438163 0.435897 0.555777 0.505814 0.494403 0.538462 0.502193 0.468927 
0.488756 0.444822 0.519544 0.458918 0.44697 0.502762 0.461702 0.45941 0.479564 0.432836 0.435036 0.558304 0.397183 0.497845 0.491071 0.436145 0.473561 0.52497 0.5 0.504695 0.396226 0.526946 0.44129 0.497468 0.429262 0.583984 0.460055 0.375546 0.366279 0.5088 0.512258 0.411192 0.511936 0.408772 0.345196 0.502273 0.509709 0.433022 0.502582 0.474336 
0.418278 0.401207 0.47619 0.467847 0.435424 0.425424 0.467681 0.429722 0.429091 0.442684 0.411192 0.465839 0.504673 0.46397 0.474474 0.472727 0.43379 0.395257 0.456627 0.433239 0.457271 0.459459 0.339093 0.413603 0.431782 0.416507 0.367127 0.405689 0.451841 0.488487 0.480695 0.315385 0.447619 0.397906 0.453097 0.509542 0.409318 0.309735 0.406593 0.45053 
0.359926 0.453725 0.320594 0.332627 0.449843 0.445687 0.436426 0.451546 0.471483 0.438144 0.384462 0.436214 0.377717 0.427826 0.534521 0.414157 0.445255 0.363372 0.470663 0.312796 0.462478 0.445665 0.47451 0.456098 0.529284 0.421239 0.482824 0.425968 0.481043 0.360215 0.440404 0.384906 0.448441 0.324597 0.342412 0.337143 0.350598 0.377528 0.451299 0.438721 
0.374494 0.372712 0.436842 0.388571 0.384 0.391629 0.436182 0.472023 0.386534 0.446281 0.340681 0.395161 0.337423 0.394035 0.437768 0.372932 0.405405 0.39708 0.377079 0.420839 0.358416 0.334646 0.349333 0.281938 0.391827 0.379648 0.447222 0.397516 0.47767 0.427019 0.360075 0.396867 0.361357 0.44293 0.425134 0.34555 0.359073 0.463277 0.481802 0.409929 
0.574219 0.434605 0.534091 0.430476 0.381786 0.483631 0.496599 0.527487 0.53442 0.551541 0.576733 0.539642 0.505535 0.498753 0.486567 0.539157 0.430622 0.412831 0.460177 0.496212 0.537037 0.382536 0.543379 0.425403 0.519608 0.587302 0.47654 0.554475 0.567797 0.50411 0.493554 0.422297 0.506266 0.34555 0.451713 0.478 0.491979 0.506329 0.612403 0.414508 
