1.158457 0.000080 0.415495 -0.000294 0.414101 0.000016 0.007390 0.000177 0.000477 0.001548 0.001082 0.001418 1.583609 0.802668 0.001689 -0.000413 0.000435 0.001555 -0.000444 -0.000346 0.001388 0.947802 0.009159 0.152204 -0.000563 0.000585 0.031676 0.001071 0.000513 -0.000243 -0.000324 0.000797 -0.001185 0.000804
0.001026 -0.000081 0.000768 0.000503 0.000483 -0.147357 -0.902153 0.000006 -0.001154 0.001215 -0.001592 0.000015 -0.000185 -0.000286 -0.000094 -0.000082 -1.218769 0.000527 -0.001015 0.001081 -0.000397 -0.000459 -0.000627 -0.000590 0.000128 0.001777 -0.086460 0.000751 -0.083443 -0.513293 -0.000340 -0.338973 0.000179 0.000674
2.276685 1.626416 0.000480 1.308488 0.000488 -0.001261 0.000484 2.155938 0.001574 1.644495 0.000261 0.001475 0.190952 1.728972 -0.000654 0.000708 0.416141 0.048021 0.001120 -0.000269 0.151025 0.001073 -0.209476 0.000728 -0.000673 0.001510 -0.000550 1.024860 -0.000101 0.000771 -0.000761 0.082884 0.001026 -0.214167
0.994841 0.096880 1.847004 -0.001235 0.000020 -0.341022 0.001065 0.000349 0.000502 -0.000464 0.000310 -0.000487 1.248115 0.665525 0.000120 0.000141 0.001826 0.608066 -0.001259 0.160911 0.000127 0.638345 -0.000401 0.001290 -0.001252 0.000296 -0.095793 0.001222 -0.001045 -0.283353 -0.000638 -0.000625 0.154457 0.000234
0.369250 -0.200101 -0.000695 -0.000218 0.000516 -0.001372 0.000426 -0.000915 -0.000218 -0.731623 -0.000260 -0.095734 -0.001060 0.000845 -0.868111 -0.276054 0.001280 0.000223 0.000901 -0.357771 0.000019 -0.196685 -0.000665 -0.486737 -0.481360 0.014266 0.000060 -0.000120 -0.001906 -0.626281 -0.000107 -0.001189 -0.000967 0.000746
0.173016 -0.001052 -0.580854 -0.498713 0.001018 0.000654 0.000833 0.000755 -0.217731 -0.001805 -0.001455 -0.001286 0.000307 -0.225681 0.000695 -0.000267 0.076789 -1.139986 -0.000652 -0.000697 -0.000762 -0.001758 -0.000918 -0.001100 0.001135 -0.361769 -0.000295 -0.001669 -0.035948 0.000199 -0.970197 -0.000874 -0.167267 -0.000346
0.511692 0.000246 0.000879 0.522447 0.984449 0.153148 0.852764 0.947451 -0.000951 -0.000374 0.801287 -0.000405 0.480068 0.409292 0.000628 0.044691 0.971771 0.735965 0.000635 -0.001447 0.786281 0.000194 0.000164 -0.000142 1.299475 1.479459 0.170796 0.584061 0.001274 0.000679 -0.000271 0.109627 0.000101 -0.021478
0.663015 1.305286 0.943933 0.342737 0.026095 0.000159 0.001228 0.144872 0.031121 0.001089 0.249096 0.000136 0.001552 0.377974 -0.000421 0.776122 0.111081 0.317098 0.432772 0.291325 0.001825 0.000576 0.820746 0.001248 0.000051 0.573749 0.264384 0.529124 -0.000845 0.001585 1.473852 -0.000117 0.216548 1.170355
1.197627 0.119899 0.682536 0.222026 0.470467 -0.000882 0.948036 0.001156 0.823118 0.740904 0.001061 -0.000144 0.300786 0.286749 0.729196 0.001068 0.238605 0.339389 0.000159 1.713185 0.097161 0.450076 0.000553 0.962594 0.287710 0.001402 0.569893 0.224025 0.000963 0.732692 0.891947 0.201120 1.013524 0.000387
-0.582920 -0.000694 0.001579 -0.001591 -0.001014 -0.826162 -0.794549 -1.103250 -0.001073 -0.190205 -0.821131 -0.000592 0.000517 -0.442147 -0.001062 -0.095540 -0.582183 0.282555 -2.167398 -0.000549 -1.249791 0.000923 -0.000802 -0.053908 -0.000880 -0.309951 -0.265900 -0.758887 0.174212 0.291574 -0.000005 0.000634 -0.001356 0.375765
0.000715 -1.014179 -0.284307 -0.237541 -0.000936 0.001257 0.000329 -0.597791 -0.865541 -0.664650 0.000097 -0.896425 0.000127 0.000299 -0.001498 -0.040625 -0.000051 -0.001557 -0.982522 -1.625617 -0.641511 -0.001734 -0.558861 -0.242026 -0.000330 -0.985297 -0.000705 -0.244080 -0.699976 -0.001282 -0.016941 -0.001411 -0.114943 -0.000998
3.265953 1.997479 0.753888 1.558095 2.065095 2.566395 1.544057 0.600496 0.687971 2.010512 1.016392 1.814691 1.113315 0.502930 0.184158 0.846160 0.339530 1.509559 1.006590 1.593124 1.706084 0.723682 1.720040 0.001259 0.321867 1.289896 0.259701 0.434847 1.345716 0.000619 0.016308 0.559450 0.336755 0.452229
-0.089587 -0.000013 -0.000452 -0.000827 -0.000027 -0.442189 0.001302 -0.690516 0.001309 -0.925446 -0.580140 -0.000324 -0.090741 -0.804775 -0.438331 -1.033983 -0.833212 -0.000861 -0.001194 0.001630 -0.972807 0.000540 -0.084466 -0.000938 -0.681755 -0.411166 -0.000787 -0.593750 -0.000435 -0.000821 -0.257423 -0.858407 -0.092804 -0.000372
1.143169 0.851909 1.528373 1.276944 0.001111 0.465261 0.146828 0.583088 1.151982 0.149890 0.000068 0.000283 -0.000423 0.147298 -0.000719 0.001242 -0.000802 0.095622 -0.000681 -0.000291 0.411614 0.500316 0.549881 0.454414 0.570300 0.001066 -0.000093 -0.033340 0.000261 0.618560 -0.088579 0.610331 0.004046 1.135229
-0.000255 0.000263 1.231853 0.779663 0.463196 0.234324 1.635836 1.448941 2.027587 0.997520 1.640321 0.840504 0.416339 1.857998 1.052961 0.863358 1.365482 0.874672 1.889505 1.041110 1.466346 0.412786 1.088873 0.163838 1.786300 0.722290 0.616095 1.780684 0.629176 2.038509 1.723163 1.884243 1.730153 1.817165
0.456008 1.158271 0.001375 -0.000277 0.319489 0.301230 0.000614 0.218408 0.000648 1.453818 0.000695 0.723728 0.000369 1.094689 0.000520 1.582766 0.672124 0.000459 0.576270 1.181220 1.029626 0.462470 1.049188 0.090881 1.524257 1.115811 0.180431 0.000231 1.491748 1.672378 0.959719 0.559860 1.136789 2.038205
-0.001579 -0.383720 -0.160510 -0.001117 -0.001185 0.000812 -0.000065 -0.863237 -0.000697 -0.915059 0.233490 -0.000754 -1.393122 -1.392389 -0.000001 -0.000356 0.001493 0.000049 -0.000064 -0.000624 -0.195754 -1.271279 -0.630014 -0.553813 0.000057 -0.190523 -0.000396 -0.377175 -0.944343 -0.559326 -0.000584 -0.000584 -0.000656 -0.363591
0.478674 1.083091 0.000366 0.000230 0.000578 -0.162040 -0.000878 -0.000338 -0.000574 0.000269 -0.000621 -0.000369 -0.034449 -0.000559 -0.000560 -0.000464 -0.000468 0.000097 0.000181 0.000792 -0.000945 -0.000328 -0.000746 0.000365 -0.001641 -0.001210 -0.000753 0.000561 -0.000122 -0.000454 0.000242 -0.001152 -0.001260 0.000326
-0.000230 -0.000068 0.157676 0.080886 0.001766 -0.001117 0.000551 0.000056 -0.000159 -0.000377 0.001175 -0.331102 0.114597 -0.000025 0.000760 0.015399 0.001059 0.199356 0.000497 0.000677 0.234683 0.000111 0.546041 0.368382 0.000006 0.000109 0.000203 0.159708 0.001068 -0.000257 0.000584 0.136297 0.959864 0.653903
0.362948 0.806905 0.000566 -0.363435 -0.001083 -0.310049 0.000728 -0.000651 0.000703 -0.241454 -0.000539 0.000730 -0.000954 -0.000322 -0.000699 -0.235345 -0.000239 -0.986689 -0.234462 0.250855 -0.000148 -0.000256 -0.000735 0.000111 0.000158 -0.553268 0.001066 -0.479684 -0.000150 -0.000269 -0.347148 -0.001221 -0.000739 0.006444
0.000169 0.000153 0.000059 -0.370545 -0.000524 -0.000572 0.000547 -0.020038 0.001424 0.000391 0.000683 -0.000744 -0.000586 0.515312 -0.000627 -0.000047 -0.000138 -0.157579 0.001875 0.000137 0.626001 0.000014 0.000378 0.001174 -0.000480 -0.001238 -0.000029 0.000586 -0.544255 -0.001093 -0.000772 0.001197 -0.000156 0.000293
-0.000359 -0.000887 -0.595975 -0.386864 -0.163938 -0.001203 -0.678604 -0.449769 -0.471864 0.000637 -1.104268 -0.616803 -0.950305 -0.000067 -0.924376 -0.442802 -0.562895 -2.185789 -0.000198 -0.000543 -0.000290 -0.450076 -1.427661 -1.024895 -1.078007 -0.190896 -1.502065 0.000298 -0.564686 -0.649030 -0.914160 -1.657867 -0.443618 -0.478388
-0.000625 0.000008 0.829056 0.339993 0.000092 0.001349 0.356163 0.697291 0.817186 -0.000526 0.570549 -0.000763 0.626088 0.000673 0.883650 0.515472 0.061311 1.013691 0.343386 0.000450 0.374801 0.000893 1.416535 0.737741 0.000381 0.680363 0.271718 0.536243 0.357224 0.636910 0.803573 0.883497 2.326044 1.903195
0.000461 0.366506 -0.000675 0.457367 0.001773 0.830262 -0.000417 0.000564 -0.000297 0.000385 -0.000011 -0.000254 0.047450 0.178291 0.000196 0.170424 0.863668 0.000558 0.000407 0.000494 0.165815 0.000881 -0.000017 0.001118 -0.000263 0.022629 1.876172 0.483693 0.000113 1.003884 0.250653 0.000309 1.776669 0.554926
0.000974 -1.087302 0.000479 -0.000538 -0.515733 0.000013 0.000130 -0.001417 -0.224352 -0.000350 -0.094643 -0.937683 -0.145784 -0.322276 -0.349992 -0.001656 0.000373 -0.044577 -0.000564 -0.321207 -0.001398 -0.001424 -1.012494 -0.326331 -0.508971 0.000854 -0.133295 -0.001018 -0.000590 0.000787 -0.151853 0.001097 0.000193 0.000361
0.549072 1.144419 1.117924 0.001223 0.759198 0.407473 1.327889 1.516042 1.647991 0.001416 0.878595 0.611639 0.091698 0.291287 0.000239 0.000595 1.617200 0.000772 1.598461 1.009621 0.172470 0.227415 0.582869 0.963828 1.087188 0.036551 0.000708 0.906652 1.237159 1.048952 1.170265 1.602398 0.535045 1.286289
0.000211 0.000675 0.000771 -0.001287 0.000804 -0.332094 -0.000094 0.000890 -0.000062 -0.000682 0.001555 -0.001322 0.000982 -0.000563 0.083188 -0.357396 0.001225 -0.005105 0.000622 0.000270 -0.000371 -0.000663 0.001133 1.306279 0.000466 -0.225174 0.000251 0.204776 -0.000638 0.001485 -0.000095 0.000172 0.000048 0.932753
-0.000248 0.001069 1.202950 -0.000327 -1.454930 0.000146 -0.374470 0.000640 -0.031035 -0.753338 -0.000830 -0.194777 -0.149148 -0.537373 -0.000014 0.000617 0.000523 -0.310088 -0.335342 -0.102092 -0.000618 0.000687 -0.699849 0.512357 0.370520 -0.567928 -0.413328 -0.112792 0.011975 0.000342 -0.000430 0.001155 0.432516 0.356091
0.000459 0.469675 1.331572 0.000463 0.187890 -0.583730 0.336412 -0.000927 0.124401 0.000523 0.079586 0.977849 0.000556 0.001622 0.667915 -0.000649 0.202561 0.625085 -0.001416 1.214747 0.000730 0.694899 -0.000558 0.213308 0.001414 0.200929 0.123767 -0.045158 0.688083 0.399169 -0.000121 1.086058 0.000329 -0.000741
1.801413 -0.000408 0.938050 0.429824 0.001110 1.075437 0.000304 1.053504 1.521272 0.077053 0.707246 0.132259 0.990850 0.792919 0.904928 0.879023 0.288439 0.521559 -0.000284 0.000783 0.683513 0.113438 0.280245 1.963632 0.000126 0.284744 0.001107 0.322363 0.322908 1.439610 1.258871 1.689322 1.691752 1.523270
-0.000312 0.907687 -0.000119 -0.000975 -0.000199 0.000643 -0.301719 -0.000101 -0.000003 0.001146 -0.000401 0.000286 -0.000362 0.326200 -0.280115 -0.000663 0.000205 -0.000062 -0.000821 0.000484 0.001047 0.000751 -0.001166 0.037808 -0.000005 0.001135 0.000054 -0.000435 -0.001177 -0.125347 -0.000342 -0.001277 0.498216 1.270719
1.060061 0.270328 0.951084 0.000780 -0.000695 0.420643 0.343001 0.510768 0.555662 0.001296 1.116770 0.000678 0.537098 0.239914 0.273873 -0.000970 0.589988 -0.000303 -0.000172 0.000865 0.000515 0.095152 0.291147 0.889616 1.022432 0.000515 0.044503 0.154158 0.027720 -0.000273 0.433660 0.606941 0.898998 2.568319
0.001314 0.000070 0.000925 -0.000726 0.000691 -0.000639 -0.000241 -0.001513 -0.000241 0.000558 -0.000524 0.000312 -0.000612 0.000845 -0.197985 0.000249 -0.000530 -0.312860 0.000980 -0.817824 -0.000081 -0.000076 -0.000562 0.001503 0.142713 -0.144053 -0.143852 -0.036713 -0.001251 0.000592 -0.187476 0.232397 -0.000378 0.528246
-0.000165 -0.001264 -0.001080 0.001046 -0.000448 -0.146962 -0.430754 -0.099367 0.000399 0.000045 -0.152477 -0.000673 0.000653 -0.319639 0.091092 -0.000224 -0.168696 0.001113 -0.000575 -0.000119 0.000371 -0.001360 0.057276 0.309958 -0.727216 -0.179315 0.000637 -0.000046 0.129220 0.000423 0.000938 0.000111 0.000393 0.095043
