0.641508 0.320077 0.435918 0.059066 0.612542 0.655952 0.484302 0.001617 0.554000 0.000325 0.372756 0.056050 0.001273 0.269578 0.000004 0.000619 0.001532 0.000945 -0.000232 0.226866 0.000123 0.001213 0.001393 0.385530 0.148495 0.000796 0.001141 -0.000016 0.000327 0.000802 0.001724 1.021115 0.246618 0.111447
0.000934 -0.000026 0.000305 0.148656 -0.000893 0.000436 -0.000201 0.015688 0.000022 0.001207 0.000391 0.000193 -0.000611 0.154640 0.000140 0.000306 -0.000955 0.000483 0.000516 0.000709 0.000677 0.001494 0.000347 0.000354 0.000229 0.000006 -0.000082 0.001684 0.000185 0.000394 0.001426 0.000374 0.001044 0.042811
0.983816 0.909710 0.365267 0.778138 -0.000230 0.000780 0.000220 0.765818 0.000600 0.001011 0.000623 -0.000359 0.001499 0.379956 -0.000902 -0.000739 -0.000371 0.000299 -0.000711 0.000261 0.000508 0.000073 -0.000280 -0.000216 0.001074 0.001016 -0.001522 0.000626 -0.000317 -0.001308 0.000989 0.000594 0.000154 0.001504
0.743184 0.673758 0.425850 0.000799 0.000617 -0.000225 -0.000117 0.641583 0.001678 0.000388 0.000157 -0.000538 0.092339 0.421564 -0.000860 -0.000467 0.000044 0.001315 -0.000407 0.000003 0.000490 -0.000079 -0.000311 -0.000497 -0.000348 -0.000524 -0.001189 0.000603 -0.000525 0.000317 0.000628 -0.000452 0.001304 0.155509
1.684306 0.001193 0.001013 0.000448 0.000427 0.001151 0.412356 0.001454 0.001429 -0.000165 0.475831 -0.000025 0.000505 0.001198 0.000277 -0.000464 0.000592 0.000529 0.000638 0.000861 -0.000897 0.000622 0.000182 0.001020 0.001152 0.000677 0.000708 0.000754 -0.000519 -0.000523 0.000651 -0.000076 0.000483 0.350920
0.146273 -0.000148 0.001759 -0.000162 0.001325 0.197556 0.766282 0.000950 -0.000014 -0.000194 0.476627 0.000958 0.000396 0.000377 0.000177 0.001352 0.261535 0.000863 -0.000355 0.001427 0.000111 0.001056 0.000750 0.000600 0.000503 0.000511 0.000912 -0.000130 -0.000372 0.000017 0.001347 0.001281 0.000700 0.001065
0.254992 0.001233 -0.000252 0.001340 0.390944 0.430578 -0.000062 0.001203 0.001165 0.000617 0.001332 0.000875 0.000209 0.001481 -0.000003 -0.000190 0.307699 0.000971 0.000786 -0.000044 0.000443 0.000266 0.000333 0.000938 0.000837 0.001328 -0.000584 0.000969 0.000731 0.001248 0.001070 -0.000383 0.001417 0.000157
0.633074 0.439977 1.026404 0.840099 0.000103 -0.000260 0.000963 -0.000351 0.000789 0.000303 -0.000384 -0.000055 0.000983 0.000395 -0.000380 0.001246 0.000799 -0.000030 0.000786 0.000982 0.000353 -0.000112 0.000941 -0.000283 -0.000291 0.000423 -0.000215 -0.000198 0.001172 0.000380 0.001543 -0.000240 0.001237 0.295483
0.314108 0.001084 0.416729 -0.000006 0.000994 -0.000331 0.000852 0.000722 -0.000156 -0.000448 0.000979 0.000120 0.001102 0.000016 0.000847 0.000343 0.000795 0.001378 0.000016 0.000081 -0.000352 0.000644 -0.000323 0.000468 0.288578 0.000707 -0.000064 0.000090 0.001407 -0.000310 0.204850 0.000037 0.577063 0.581476
0.000440 0.001502 0.561124 0.000654 0.001553 0.000956 0.000701 0.028353 0.049945 -0.000577 0.000675 0.000495 0.001986 0.070541 0.000213 0.000370 0.000992 0.000682 -0.000312 0.001175 -0.000325 0.001268 -0.000888 0.000285 -0.000085 0.000843 0.000585 0.001201 0.000476 0.000706 -0.000343 0.000038 0.001785 0.485107
0.314500 -0.000135 -0.000381 0.000370 0.338658 0.597972 0.325708 0.001197 0.001125 0.000207 0.001078 0.000793 0.001335 -0.000551 0.001083 0.000507 0.001795 -0.000433 0.000028 -0.000170 -0.000652 0.000047 0.000363 0.000367 0.000477 0.001308 0.000807 -0.000734 0.001270 0.000168 0.000116 0.001594 0.001293 0.001556
0.550093 0.000817 0.000985 -0.000173 0.000583 0.059084 0.191248 0.000823 0.000607 0.000939 0.138247 0.001622 0.001371 0.000355 0.001229 0.000486 0.000462 0.000582 0.000966 0.001485 0.000207 0.000005 0.001270 0.000723 0.000667 0.000902 0.000771 0.000782 0.000028 -0.000122 -0.000068 0.000293 0.000948 0.000442
1.338265 0.393857 0.061093 0.828685 0.001157 0.001146 0.000090 0.022063 0.431476 0.000426 -0.000368 -0.000031 0.001393 0.219969 0.001017 0.001203 0.001274 -0.000058 0.001522 0.000179 0.000318 0.000177 -0.000055 -0.000017 0.000651 0.056528 0.000414 0.044956 0.001248 0.000693 0.000151 0.001520 0.669084 0.744180
0.651487 0.706727 0.385079 0.361671 -0.000699 -0.000265 -0.001206 -0.000550 0.000634 0.001145 -0.000687 -0.000529 -0.000747 0.001269 0.000059 -0.000823 -0.001011 0.000907 -0.000271 0.000533 -0.000257 -0.000125 -0.000899 -0.000934 -0.000744 0.000599 -0.000420 0.000651 -0.000245 0.000513 -0.000476 -0.000721 -0.000174 0.000064
-0.000314 -0.000482 0.000100 -0.000272 -0.000491 -0.000597 -0.000333 0.000968 0.058191 -0.000184 0.000029 0.000082 -0.000189 0.126232 0.001632 0.000717 0.000049 0.000602 0.001057 0.019698 0.001854 0.000231 -0.000008 0.001633 0.000854 0.000815 0.001395 0.001016 0.001609 0.001112 0.096751 0.000803 0.557503 0.508584
0.001088 0.000942 0.000299 -0.000219 -0.000384 -0.000614 0.000281 -0.000900 -0.000293 0.001127 0.000657 -0.000460 -0.000519 0.000853 0.001508 0.000223 0.000482 0.000755 -0.000098 -0.000273 -0.000354 -0.000288 0.001115 0.000833 0.000389 0.001075 0.000057 -0.000517 0.000548 0.001523 -0.000299 -0.000330 0.265967 0.525787
0.000139 -0.000079 0.001468 -0.000638 0.274456 0.592600 0.496986 -0.000315 0.000267 0.000722 0.065662 0.001723 -0.000242 -0.000056 0.000235 -0.000294 0.020529 -0.000311 -0.000428 0.001248 -0.000449 0.000760 -0.000440 -0.000200 -0.000099 -0.000419 0.001013 0.001031 0.000005 -0.000363 0.000577 0.000437 0.000781 0.000073
0.337526 0.458474 0.001329 0.001483 0.000098 0.000722 0.000777 0.001165 0.001031 0.001216 -0.000105 0.000898 -0.000270 0.001067 0.000346 0.001245 0.000378 0.000166 -0.000772 0.001554 0.000382 0.000554 0.000357 0.001147 -0.000241 0.000963 -0.000044 -0.000393 -0.000054 0.001087 0.000060 -0.000228 0.001409 0.118159
-0.000226 0.000223 0.000937 -0.000609 0.000697 -0.000008 -0.000812 -0.000443 -0.000109 0.000542 -0.000084 -0.000753 -0.000275 0.000267 0.000824 0.000391 -0.000519 0.000712 0.000391 0.001447 0.000289 -0.000001 0.000269 0.000464 0.000649 -0.000229 0.000869 0.000959 -0.000027 0.000354 -0.000224 0.001177 0.626066 0.439437
0.349261 0.265001 -0.000546 0.001443 0.000387 0.000902 0.000654 0.001321 0.000669 0.000106 0.000808 -0.000350 0.000431 0.066912 -0.000320 -0.000626 0.000262 0.001073 0.000881 0.000733 0.000115 0.000735 0.000551 0.000272 0.000698 0.000110 -0.000215 0.001361 0.001155 -0.000663 0.000164 -0.000633 0.001117 0.363766
0.001239 0.000003 -0.000364 -0.000692 0.000846 0.000289 0.000476 -0.000778 0.000742 -0.000562 0.000120 -0.000409 0.000361 0.001140 0.033715 0.000287 0.001271 0.001075 0.092819 -0.000122 0.001008 0.000145 0.000083 0.196989 0.000030 0.001742 -0.000229 0.000902 -0.000004 0.246504 0.000028 0.197702 0.597591 0.797360
1.065546 0.940940 0.113597 0.001835 0.000602 0.000964 0.001089 0.000097 0.000784 0.000737 0.000614 -0.000067 0.001364 0.012212 0.000695 0.000782 0.000049 0.000031 -0.000129 0.000435 -0.000332 0.001374 0.000929 0.000565 0.001753 0.000553 -0.000339 0.000149 0.001669 0.001210 -0.000020 0.000545 0.000170 0.083366
0.000767 0.000619 -0.000102 -0.000315 -0.000168 -0.000047 0.000779 -0.000600 0.000465 0.000102 -0.000164 0.000074 -0.000352 0.000548 0.000172 0.001595 -0.000640 -0.000854 0.000022 0.000018 0.000697 -0.000301 0.000063 0.001499 0.001237 -0.000477 -0.000504 0.000860 -0.000562 0.001229 -0.000346 0.000608 0.924937 0.944781
0.000546 -0.000092 0.000592 0.001182 0.000857 0.000623 0.000633 0.001527 0.001205 0.000561 -0.000074 0.000039 0.000838 0.001658 0.001043 0.000701 0.000941 0.000757 0.001616 0.000324 0.001541 0.000636 0.001131 0.001310 0.001386 0.158297 0.000366 0.296555 0.001020 0.472393 0.001024 0.001393 0.926664 0.789619
0.001163 0.000613 -0.000058 0.001378 0.000887 -0.000311 -0.000535 0.001187 -0.000052 -0.000467 0.000255 0.000735 0.000127 -0.000016 0.000937 -0.000247 0.000543 0.000635 0.000385 0.000478 0.000594 -0.000397 0.000532 0.001335 -0.000190 0.245912 0.000883 0.127293 0.000426 -0.000702 0.001394 0.001454 -0.000092 0.000666
-0.000659 -0.000332 0.000939 0.000948 0.000552 -0.000006 0.000776 0.000957 0.000929 0.000675 0.001211 0.000692 -0.000446 0.000012 0.000721 -0.000125 0.001425 -0.000134 0.001044 0.001234 0.000688 0.001172 0.000204 0.170893 0.000629 -0.000716 -0.000532 0.000613 -0.000472 0.000188 0.000830 0.151779 0.000795 -0.000269
0.001599 -0.000296 0.000572 0.000485 0.000510 0.001453 0.001215 0.000031 0.001176 0.000402 0.000697 0.000874 0.000397 0.000977 0.001340 0.001005 -0.000049 0.000268 0.001341 -0.000261 -0.000398 -0.000471 0.001256 0.000655 0.000361 -0.000152 0.000655 -0.000160 -0.000348 0.383990 0.000360 0.000913 0.000380 0.647367
0.556348 0.000787 1.228084 0.202456 -0.000321 -0.000421 -0.000276 0.125094 0.001543 0.000297 -0.000523 0.000966 0.000944 0.056400 0.000578 -0.000438 -0.000612 0.000949 0.001101 0.000660 -0.000443 0.001191 -0.000093 0.297343 0.159056 0.000378 -0.000328 0.001284 0.001125 -0.000120 0.136211 0.000025 0.000889 0.532666
-0.000168 0.001775 0.603365 0.001726 0.000189 0.000365 -0.000719 -0.000112 0.001116 0.001203 -0.000216 0.000125 -0.000469 0.000786 0.000817 0.001082 0.000225 -0.000332 -0.000458 0.000170 0.000589 0.000318 0.000539 0.000903 0.001128 0.000850 -0.000377 0.000383 -0.000069 0.000350 0.000854 0.409349 0.000115 0.675637
-0.000361 0.001083 0.000039 0.001062 0.001568 0.000071 0.000126 0.000585 -0.000327 0.000332 0.001311 0.000781 0.000205 0.000857 0.001622 0.000920 0.000047 0.000265 0.001186 0.000581 0.000108 -0.000288 0.000588 0.303769 0.000613 0.000839 0.014739 0.001415 -0.000388 0.001601 0.001278 0.001687 0.339295 0.257816
0.000497 0.718681 -0.000169 0.001423 0.000818 -0.000029 -0.000770 0.000072 0.128898 0.000719 0.000681 -0.000021 -0.000468 0.000522 0.000190 -0.000427 -0.000716 0.001336 0.000800 -0.000423 -0.000542 -0.000013 0.000820 -0.000063 0.000176 -0.000844 -0.000484 0.000970 0.000957 -0.001040 -0.000348 -0.000102 0.237210 0.145029
0.542517 -0.000310 0.001478 0.000943 0.000706 -0.000361 0.000516 0.000741 -0.000142 0.000194 -0.000316 0.001002 0.000297 0.000626 0.000598 0.001047 -0.000361 0.000125 0.000875 0.001226 -0.000329 -0.000468 -0.000085 0.000809 0.000201 0.353437 0.000281 -0.000211 0.286391 0.000125 0.001204 -0.000042 0.557661 0.608268
0.001706 0.001315 0.690532 0.000731 0.000688 -0.000072 0.001570 0.000728 0.198108 0.000007 0.000170 -0.000655 -0.000260 -0.000131 0.147428 0.220315 0.000450 0.001157 0.150821 -0.000218 0.123020 0.000909 0.142619 0.526966 0.001184 0.037372 -0.000389 0.000455 0.001334 0.535308 0.455448 0.691734 -0.000089 0.975644
0.000054 -0.000169 0.000456 0.001149 -0.000574 0.000037 -0.000651 0.000985 0.001088 0.000413 0.001181 0.000795 0.000608 0.000885 0.087874 0.158540 0.000304 -0.000493 0.097472 0.315622 0.070131 0.000822 0.117995 0.091082 0.001143 0.000124 0.406125 0.000983 -0.000255 0.195269 0.190357 0.078210 0.698406 0.106627
