0.064379 0.361075 0.388802 0.001437 0.319889 0.708073 0.857905 0.000005 0.472460 0.001243 -0.000044 0.433861 0.001350 0.119736 0.168953 0.000817 0.000593 0.001698 0.000868 0.001426 -0.000196 -0.000067 0.000931 0.114237 0.000801 0.000968 0.000060 -0.000002 0.000512 0.001145 -0.000163 0.000394 0.000519 0.450305
0.000989 0.000942 0.001497 -0.000051 -0.001140 0.000085 -0.000948 0.019523 0.000193 0.000085 -0.000890 0.000727 0.000642 0.000511 -0.000277 -0.000892 -0.000029 0.000529 -0.000604 0.001373 0.000238 -0.000033 0.000809 -0.000095 0.001024 0.000004 0.000990 -0.000264 -0.000521 0.000899 0.001482 -0.000172 0.001088 -0.000080
1.571748 0.566368 -0.000207 0.174960 -0.000127 0.000037 0.000500 0.226116 0.000529 0.000386 -0.001202 -0.000599 0.000781 0.308031 0.000678 -0.001259 -0.000791 -0.000325 0.000508 -0.000465 -0.001028 0.000404 0.000708 0.000433 0.000279 0.001373 -0.000763 -0.000452 0.001702 0.000442 0.000277 -0.000037 0.000747 0.000946
-0.000040 0.654982 0.000078 0.000872 0.000712 -0.000654 -0.000480 0.287827 0.001433 -0.001078 0.000068 0.000639 0.000973 0.037050 -0.000679 -0.000491 -0.000674 -0.000317 -0.000063 -0.000273 -0.000372 -0.000769 -0.001260 -0.000093 -0.001086 0.001173 0.000388 -0.000374 0.000083 -0.000817 -0.000293 -0.000671 -0.000296 0.000804
1.599523 0.000431 -0.000081 -0.000363 -0.000147 -0.000385 0.000450 0.001291 -0.000337 -0.000210 0.228204 0.000925 -0.000212 0.001574 0.000503 -0.001063 0.000592 0.000112 0.000440 0.000484 0.000168 0.001204 0.000730 -0.000419 -0.000051 0.000007 0.000468 -0.000674 -0.000215 0.001554 -0.000082 0.000249 -0.000047 0.000323
-0.000399 0.000054 0.001508 -0.000098 0.001319 0.047685 0.050158 -0.000477 0.000198 -0.000065 0.001124 -0.000161 -0.000525 0.001170 -0.000485 -0.000123 0.000803 0.000251 0.000155 0.000519 0.000543 0.000143 -0.000044 0.001222 -0.000288 0.000450 0.000531 0.000411 0.000850 0.000737 -0.000364 0.000382 -0.000410 0.001505
1.159783 0.001689 0.096526 0.000406 0.448668 0.730379 0.000147 0.171828 0.000001 0.001302 0.108233 0.001182 -0.000004 0.000403 0.001061 0.000489 0.801451 0.001223 -0.000263 0.000206 -0.000017 0.000170 0.000907 0.000293 0.001386 0.029250 -0.000721 0.000811 0.001640 0.001261 -0.000029 0.301074 0.285521 0.099908
1.017845 0.118204 1.360724 0.526008 0.000840 -0.001004 0.000125 -0.000220 0.301877 0.001180 -0.001069 -0.000357 0.001219 0.000337 0.001315 0.000964 -0.000777 -0.000323 -0.000328 -0.000430 0.001129 -0.000091 0.000013 0.000314 -0.000063 -0.000826 0.000481 0.001079 0.000366 0.001206 -0.000136 0.099506 0.173329 0.000052
0.035301 0.000127 0.644354 0.001093 0.056678 0.000274 0.459531 0.359501 0.207992 0.001117 0.398644 0.001155 0.000302 0.085797 0.001641 0.000394 0.000919 0.001511 0.001022 0.000332 0.001303 0.001477 0.000628 0.000669 0.350677 0.000113 0.001555 0.001294 0.154562 0.001174 0.468886 0.000385 0.791885 0.995879
0.000361 0.001093 0.461770 0.000865 0.000937 0.000264 0.001315 0.000722 0.001134 0.000782 0.000373 0.000670 0.000783 0.048095 0.000688 -0.000467 -0.000421 0.000342 0.001090 0.001031 0.000958 0.000647 0.000354 0.000102 0.001047 0.000774 -0.000945 0.001044 0.000783 0.000515 0.000639 -0.001001 -0.000568 0.136199
-0.000213 0.000629 0.001763 0.000423 0.000980 0.658149 0.001899 0.000730 0.000817 -0.000507 0.000431 0.000781 0.000691 -0.000112 0.000688 -0.000729 0.000653 -0.000199 0.000927 0.000889 -0.001025 0.001064 0.000966 0.001196 0.000603 0.000241 -0.000191 -0.000846 -0.000630 -0.000077 0.000331 0.000208 -0.000485 -0.000356
1.831529 0.062692 -0.000000 0.001573 0.397197 0.254661 0.540535 0.001524 0.521635 0.000458 0.552180 0.056977 0.303379 0.001404 0.000612 0.000508 0.374811 0.000161 0.001424 0.000107 0.000470 0.000133 0.000755 0.001652 0.087064 -0.000040 -0.000462 0.001049 0.214816 0.059389 0.000630 0.509954 0.863855 0.198611
-0.000073 0.001232 0.001113 0.137756 0.001150 0.001347 -0.000753 0.000454 0.000061 -0.000322 0.000447 0.000787 0.000240 0.001206 0.000770 0.000965 0.001164 0.000792 -0.000297 0.001231 0.001115 0.000003 0.000274 0.000172 0.000954 0.001561 -0.000118 -0.000806 0.000707 -0.000562 -0.000368 -0.000458 0.000579 0.001751
0.332488 0.423666 1.204505 0.369143 -0.000182 -0.000904 0.000539 0.351193 0.001391 0.000969 0.000115 -0.000853 -0.000175 0.001540 0.001018 0.000094 -0.000478 -0.000397 0.000888 0.000002 0.000226 0.000291 0.000531 -0.000613 0.000435 0.001566 0.000315 0.069897 0.000250 -0.001034 0.342386 -0.000227 -0.000160 0.763288
0.598638 0.000145 0.487087 0.571944 0.113549 0.052251 0.000363 0.346731 0.544079 0.000750 0.022224 0.000036 0.039151 0.718419 0.005781 0.661791 -0.000262 0.443307 0.067386 0.000762 0.544918 0.464158 0.486373 0.419084 0.173399 0.520129 0.207157 0.279391 0.126017 0.051208 1.319767 0.993108 1.047135 1.246443
0.222872 -0.000107 0.000182 0.000994 0.000502 0.001765 0.001153 0.001402 0.000898 -0.000452 -0.000401 0.001327 0.088085 0.000057 -0.000034 -0.000062 0.001302 0.000823 0.001609 -0.000017 0.398832 -0.000535 0.001051 0.000549 -0.000570 0.111009 0.001706 0.001576 0.000548 0.000417 -0.000060 0.000820 0.055970 0.787112
0.205998 0.000509 0.000887 0.000137 0.001013 0.473086 0.000398 0.001062 0.001395 0.000800 0.220175 0.000801 -0.000095 0.000234 0.000710 -0.000903 0.000599 -0.000299 -0.000726 0.000510 -0.000193 0.000795 0.001323 0.000918 0.001128 -0.000316 -0.000511 -0.000880 0.000938 0.000247 -0.000126 0.001079 0.001158 0.000502
1.085491 0.140756 0.000448 0.000667 0.000971 -0.000551 0.000816 0.000924 0.001435 0.001066 -0.000550 0.000388 -0.000192 0.001307 -0.000511 0.000166 0.000178 0.001196 0.001123 0.000030 0.000784 -0.000321 -0.000669 -0.000511 0.001330 -0.000125 -0.000097 0.001096 0.001522 0.000987 0.001236 -0.000247 0.053484 -0.000307
0.001379 0.001119 0.001690 0.001122 -0.000098 -0.000176 0.000213 0.138081 0.000611 0.000324 -0.000152 0.000970 0.000398 0.000490 0.000963 0.000488 -0.000291 0.001045 0.000450 0.000201 0.000896 0.001695 0.000815 0.000153 0.000822 0.000588 0.001629 0.000955 0.001681 0.000570 0.000864 0.001425 0.795156 0.289521
0.415310 -0.000155 0.001106 0.126807 0.000349 0.000920 0.000172 0.000913 -0.000072 0.000933 -0.000001 -0.000775 0.001221 0.140510 0.000299 -0.000241 -0.000777 0.000843 -0.000018 0.001190 0.001240 -0.000132 0.000512 0.000996 -0.000140 -0.000101 -0.000501 0.000562 -0.000008 -0.000616 0.001155 0.001085 0.000271 0.966715
0.001579 0.000693 0.000074 0.001069 0.045373 0.097562 -0.000338 0.000981 -0.000093 0.000431 0.001023 0.001451 0.000874 0.000567 0.000695 0.188896 0.000197 0.001361 0.093150 0.000865 0.000029 0.000856 0.169245 0.018203 -0.000238 0.116007 0.000031 0.000237 0.000508 0.265628 0.001130 0.271755 0.113426 0.245269
0.521783 0.548085 0.001210 0.000539 0.000221 0.000562 -0.000866 0.140830 0.001071 -0.000356 0.000642 -0.000266 0.001198 0.000348 0.000201 0.000572 -0.000267 0.000929 -0.000211 0.001090 0.000122 -0.000255 -0.000695 0.000462 0.001339 0.000514 0.000717 -0.000512 -0.000182 -0.000566 0.000163 -0.000294 -0.000599 0.001508
0.000885 0.001301 0.348939 0.000571 0.001027 0.000859 0.001235 0.153634 0.000227 0.001001 -0.000016 0.000313 0.007955 -0.000168 0.097386 0.416937 -0.000053 0.000860 0.078609 0.000809 0.572573 0.001037 0.035476 0.000806 0.377284 0.000383 0.000820 0.063364 0.015983 0.000615 0.520968 0.858276 1.633456 1.359671
0.114247 0.000598 0.553828 0.000607 0.000141 0.000774 0.334837 0.095161 0.454791 0.000309 0.000260 0.000408 0.001471 0.185480 0.346545 -0.000011 0.000493 0.140617 0.000955 0.000805 0.000492 0.049145 0.001053 0.211965 0.000118 0.001612 0.001270 0.961182 0.102504 0.883635 0.593792 0.075037 0.944648 0.914718
-0.000357 -0.000150 -0.000399 0.000048 -0.001080 0.000084 -0.000180 -0.000651 -0.000544 0.000443 0.000217 -0.000121 -0.000875 -0.000228 -0.000095 -0.001027 0.000471 0.000152 -0.000449 0.000207 -0.000797 0.000839 0.000044 0.000799 -0.000729 0.001401 0.000473 0.000543 -0.001134 -0.000267 -0.000617 -0.000685 -0.000129 0.000989
0.000697 0.001202 0.162505 0.025296 0.248760 0.010019 0.238248 0.000575 -0.000167 -0.000134 0.000352 0.000538 0.001613 0.000878 0.001581 0.001240 0.000297 0.000378 0.000009 0.001245 0.000843 0.001358 0.000657 0.830341 0.264470 0.000716 0.000142 0.001889 0.000016 -0.000138 0.001078 1.356613 -0.000220 -0.000169
0.001158 0.000297 0.001033 0.000460 0.134260 0.000665 0.571246 0.000975 -0.000334 -0.000363 0.328277 0.000427 0.001552 -0.000217 0.001170 -0.000286 0.005337 0.000398 0.001461 0.000759 -0.000323 0.001233 0.000513 -0.000513 -0.000229 0.001319 0.000425 0.001222 0.000854 0.283780 0.000388 0.000147 0.001260 0.637241
0.058882 0.000374 0.785721 0.000370 0.001140 0.000727 0.000274 0.000822 0.000637 0.000227 0.000048 -0.000190 0.000697 0.157093 0.000021 0.000207 0.000304 0.000649 -0.000704 0.014698 0.001430 0.000155 0.001082 0.000959 0.000820 -0.000517 -0.000331 0.001130 0.000630 -0.000133 -0.000019 -0.000069 -0.000846 0.846503
0.000869 0.000827 0.001353 -0.000023 0.001351 -0.000418 0.001273 -0.000093 0.014390 0.000397 -0.000243 -0.000209 0.000908 0.000255 0.001051 0.001422 0.000605 0.000554 0.000052 0.001145 0.000607 0.000700 0.000846 0.001353 0.001190 0.000990 0.001129 0.021212 0.001179 -0.000093 0.000427 0.260565 0.000478 0.586213
0.000723 0.000935 0.000166 0.001895 0.407569 0.001206 0.825759 0.001422 0.000901 0.000559 0.271710 0.049344 0.008277 0.000926 0.160355 0.001858 0.103114 0.000518 0.001551 0.227087 0.000975 -0.000016 0.000148 0.614064 0.080392 0.267282 0.847199 0.419364 0.440267 0.213789 -0.000101 0.001733 1.052532 1.212734
0.001193 1.266384 0.000296 0.000011 0.001080 0.000374 -0.000220 0.001606 0.001195 0.000449 0.001009 0.001261 -0.000548 0.000682 0.000119 0.000049 -0.000661 0.000787 0.000999 -0.000273 0.000714 0.001003 0.000541 -0.000684 0.000522 -0.000821 -0.000997 0.000454 0.000045 -0.000865 0.000659 0.000702 0.000388 0.265434
0.265711 0.010750 0.224410 0.233152 0.000781 0.001424 0.000555 -0.000446 0.001186 0.000157 0.000951 0.090962 -0.000438 0.000152 -0.000018 0.000821 -0.000691 0.001149 0.001762 0.001281 0.000817 0.000214 0.000585 0.001128 0.000777 0.561782 0.000145 0.000387 0.422365 0.000156 -0.000354 0.000515 0.480827 0.948964
0.000087 0.000796 0.530097 0.001012 0.000170 0.000315 -0.000337 0.000872 0.000428 0.000548 0.000312 0.001367 0.001230 0.001207 0.261601 0.223871 0.000431 0.001560 0.275199 0.000609 0.000847 0.000696 0.102279 0.469889 0.000837 0.252619 0.001420 0.001555 0.000585 0.414197 0.219997 0.000998 -0.000155 1.207505
0.000405 0.000356 0.001515 0.000687 0.000708 -0.000074 0.001031 0.000810 0.000667 0.000060 0.000679 -0.000601 -0.000325 0.000677 0.329248 0.155243 -0.000141 0.001054 0.442041 0.826116 0.302009 -0.000285 0.001503 0.001436 0.001189 0.001139 0.536681 0.000277 0.001326 0.000524 0.001556 0.287847 0.800064 -0.000390
