0.454180 0.377709 0.346922 0.301302 0.222332 0.239291 0.251115 0.232922 0.257673 0.159314 0.209789 0.123138 0.193764 0.257338 0.147097 0.130449 0.130603 0.167060 0.145066 0.185033 0.151263 0.143298 0.146943 0.187739 0.155330 0.167736 0.149137 0.189568 0.186121 0.180260 0.199323 0.267233 0.356455 0.473334
0.307185 0.249899 0.229408 0.212905 0.131580 0.142661 0.151041 0.174031 0.144668 0.104923 0.134364 0.068142 0.115490 0.198226 0.081441 0.080499 0.083871 0.128902 0.082632 0.146288 0.087526 0.117336 0.089114 0.113939 0.099107 0.108417 0.090074 0.121759 0.113139 0.100500 0.154419 0.155274 0.215093 0.292155
0.421779 0.344701 0.308505 0.285545 0.198245 0.221664 0.236310 0.233433 0.234111 0.145188 0.207279 0.112645 0.174238 0.238799 0.125679 0.114781 0.120102 0.152555 0.129953 0.170061 0.135135 0.130528 0.132982 0.158411 0.133214 0.143890 0.127981 0.184822 0.163642 0.145886 0.180744 0.224521 0.299640 0.392952
0.383558 0.307567 0.280299 0.229914 0.168419 0.192852 0.188852 0.204940 0.203685 0.112927 0.152342 0.089641 0.160229 0.224933 0.089498 0.095992 0.111193 0.136010 0.110681 0.146143 0.110006 0.120885 0.099290 0.138519 0.112906 0.138399 0.099639 0.153459 0.127699 0.129676 0.153199 0.199927 0.267592 0.382972
0.420148 0.332841 0.303496 0.275191 0.195667 0.222798 0.242105 0.225640 0.229226 0.137070 0.205100 0.114129 0.176077 0.237772 0.128506 0.117687 0.136939 0.158114 0.131763 0.163061 0.137047 0.138675 0.131920 0.168664 0.145261 0.159381 0.135579 0.187608 0.159122 0.162616 0.174573 0.232209 0.292616 0.408068
0.377636 0.289210 0.285183 0.250728 0.172212 0.197872 0.222179 0.202401 0.199648 0.128150 0.188394 0.105259 0.153059 0.218388 0.114132 0.103154 0.135190 0.146101 0.112776 0.167612 0.123039 0.125280 0.122420 0.145481 0.132409 0.153202 0.124677 0.169103 0.142186 0.132093 0.174188 0.214878 0.273819 0.363582
0.370049 0.289334 0.269195 0.217482 0.162869 0.191929 0.176672 0.178685 0.188541 0.108737 0.159098 0.086953 0.136739 0.204480 0.112305 0.090418 0.129671 0.122057 0.102329 0.145577 0.125914 0.111687 0.112028 0.146448 0.112970 0.119992 0.114700 0.147765 0.132298 0.145311 0.158315 0.198028 0.308871 0.414370
0.336963 0.293295 0.262181 0.237548 0.154839 0.173052 0.170140 0.166527 0.161283 0.111262 0.152804 0.082680 0.122341 0.177994 0.102818 0.068599 0.084481 0.112682 0.091997 0.123884 0.114007 0.103109 0.110171 0.124812 0.106395 0.106330 0.100484 0.130788 0.129253 0.113156 0.130358 0.162787 0.222641 0.302126
0.372698 0.301836 0.326158 0.233264 0.185141 0.196611 0.204867 0.193216 0.232141 0.135477 0.178541 0.109894 0.157915 0.216692 0.134015 0.147875 0.111972 0.151535 0.143326 0.169450 0.147593 0.113854 0.141601 0.187476 0.153632 0.156402 0.136171 0.169438 0.172936 0.176840 0.203630 0.245026 0.366718 0.480901
0.346997 0.278720 0.311952 0.211488 0.161588 0.171553 0.176547 0.179997 0.208095 0.119884 0.166524 0.105355 0.140469 0.199072 0.130853 0.112670 0.102623 0.135421 0.120077 0.154310 0.148781 0.106007 0.129656 0.190579 0.141302 0.145921 0.129316 0.142824 0.154559 0.168800 0.174629 0.229138 0.344737 0.479151
0.416377 0.346170 0.319520 0.281668 0.215592 0.230749 0.237190 0.232104 0.232411 0.154400 0.195587 0.114720 0.187586 0.229484 0.144362 0.129115 0.122353 0.158720 0.136426 0.163650 0.144438 0.131345 0.150567 0.175081 0.147626 0.165814 0.139821 0.182148 0.162079 0.164867 0.187256 0.235976 0.289011 0.397420
0.443018 0.362272 0.325602 0.281100 0.211672 0.230965 0.246029 0.224438 0.248363 0.152942 0.200260 0.114511 0.184306 0.250313 0.128037 0.126093 0.127035 0.160064 0.137878 0.177900 0.138332 0.141437 0.134564 0.171108 0.146079 0.153173 0.135559 0.185119 0.179648 0.167038 0.188097 0.244933 0.333677 0.439652
0.434539 0.356097 0.318093 0.288045 0.207944 0.226218 0.234046 0.220300 0.225729 0.143544 0.186517 0.118205 0.188856 0.242826 0.134826 0.117884 0.127736 0.160241 0.133813 0.168477 0.142834 0.134597 0.135870 0.167343 0.139673 0.166774 0.137677 0.176624 0.159080 0.165239 0.179306 0.240592 0.310468 0.426122
0.361960 0.310856 0.293276 0.251827 0.180257 0.199291 0.197301 0.173035 0.176342 0.125324 0.159833 0.096023 0.153833 0.197956 0.130169 0.095384 0.115491 0.120479 0.119093 0.141951 0.129334 0.102104 0.131340 0.158729 0.123420 0.137042 0.121628 0.150096 0.132092 0.137706 0.160474 0.213517 0.289958 0.401675
0.327820 0.249278 0.286225 0.185823 0.170393 0.188334 0.175716 0.187549 0.216493 0.135822 0.155864 0.103929 0.168297 0.200432 0.144351 0.158683 0.133947 0.143703 0.146858 0.158488 0.150954 0.115282 0.139073 0.184975 0.146073 0.146513 0.151841 0.187703 0.159399 0.188340 0.188724 0.226502 0.369756 0.483536
0.325121 0.245690 0.268856 0.179884 0.151316 0.169792 0.157312 0.161045 0.186231 0.125603 0.144284 0.086835 0.145468 0.192777 0.112991 0.130707 0.105212 0.131305 0.134822 0.140664 0.135513 0.101527 0.117672 0.171506 0.125701 0.137085 0.144154 0.178718 0.152763 0.178588 0.148745 0.219522 0.338670 0.452155
0.350500 0.300123 0.283667 0.221120 0.192493 0.210919 0.211973 0.200341 0.200693 0.138060 0.166390 0.105567 0.172681 0.202904 0.135491 0.124144 0.121171 0.148445 0.126351 0.141792 0.133635 0.119587 0.142389 0.168069 0.136453 0.157031 0.132380 0.166767 0.144020 0.167385 0.168936 0.212754 0.277960 0.400291
0.365365 0.310550 0.249497 0.242471 0.174917 0.200801 0.197184 0.193878 0.187547 0.111858 0.165464 0.101534 0.149971 0.204511 0.112837 0.092584 0.121065 0.137373 0.116213 0.140018 0.120967 0.131951 0.116441 0.145508 0.126505 0.138618 0.118912 0.164567 0.131690 0.128402 0.149063 0.191615 0.237720 0.313539
0.328375 0.251753 0.281471 0.182476 0.137017 0.151522 0.150870 0.142393 0.178906 0.116506 0.138848 0.070294 0.120624 0.180010 0.105005 0.124622 0.079089 0.110034 0.130325 0.139640 0.137353 0.084642 0.120994 0.178583 0.122753 0.122903 0.130612 0.162231 0.150290 0.174219 0.155597 0.208113 0.358844 0.463525
0.368977 0.314074 0.281967 0.238831 0.174359 0.194345 0.197618 0.178809 0.200792 0.128968 0.164516 0.091685 0.145311 0.211664 0.129185 0.108662 0.119738 0.130489 0.131340 0.160028 0.132366 0.125000 0.125762 0.172461 0.133388 0.145269 0.122234 0.163139 0.146328 0.151386 0.182889 0.220776 0.290262 0.418130
0.332096 0.257328 0.289955 0.206559 0.159627 0.173083 0.169854 0.173840 0.197937 0.123550 0.151289 0.102107 0.144671 0.210681 0.136119 0.137448 0.111601 0.139055 0.121222 0.161059 0.150637 0.107066 0.138482 0.178382 0.151199 0.148665 0.142259 0.159210 0.164640 0.180726 0.172078 0.230829 0.378882 0.483550
0.372276 0.324124 0.273398 0.227683 0.182344 0.195458 0.196497 0.181670 0.195051 0.132561 0.146761 0.096270 0.161109 0.211773 0.124274 0.107899 0.109997 0.150681 0.133156 0.151512 0.130715 0.119357 0.131005 0.151729 0.121351 0.150909 0.135570 0.155291 0.152976 0.167076 0.160846 0.205721 0.264887 0.383582
0.344339 0.280575 0.311458 0.214307 0.187628 0.199538 0.188172 0.191828 0.236250 0.149710 0.174843 0.111556 0.173876 0.218363 0.159853 0.161906 0.125601 0.166382 0.167236 0.175383 0.171578 0.123841 0.156474 0.211033 0.169544 0.163885 0.174935 0.182039 0.194549 0.216973 0.200611 0.260771 0.372648 0.497859
0.311643 0.247754 0.271303 0.203691 0.170565 0.180064 0.180123 0.168984 0.208114 0.141645 0.167387 0.090983 0.157129 0.187797 0.135580 0.151308 0.113209 0.123757 0.149239 0.158518 0.166741 0.110757 0.148703 0.200880 0.158028 0.158051 0.156888 0.199645 0.173510 0.202519 0.184771 0.226512 0.343930 0.444658
0.320429 0.264096 0.282233 0.216486 0.163206 0.170809 0.180445 0.169282 0.194117 0.133373 0.166491 0.097898 0.153159 0.200426 0.121486 0.123500 0.105556 0.127651 0.133894 0.178066 0.147038 0.102322 0.148092 0.185335 0.156725 0.160672 0.147290 0.191920 0.162796 0.165645 0.172890 0.251412 0.335865 0.430937
0.298954 0.217891 0.228548 0.157743 0.122376 0.134069 0.131850 0.149815 0.153226 0.084537 0.141848 0.065050 0.119327 0.171552 0.077889 0.091431 0.094997 0.109130 0.092801 0.119465 0.097601 0.089624 0.078122 0.145894 0.114325 0.099142 0.089102 0.136543 0.120040 0.131958 0.130720 0.185696 0.273790 0.371075
0.278901 0.236370 0.259750 0.168011 0.144542 0.151934 0.148247 0.129684 0.167468 0.109265 0.129674 0.083922 0.124089 0.161402 0.126675 0.131196 0.094123 0.120620 0.143130 0.142987 0.154288 0.089189 0.131046 0.170023 0.146037 0.144551 0.136451 0.142135 0.157673 0.181366 0.167251 0.203476 0.306821 0.420123
0.299426 0.231252 0.296814 0.200075 0.151161 0.159212 0.166690 0.180094 0.188102 0.122029 0.160217 0.097121 0.147552 0.186470 0.129604 0.128970 0.108185 0.138880 0.112847 0.135784 0.140564 0.111103 0.132073 0.187896 0.162117 0.143672 0.145506 0.166208 0.147451 0.174488 0.166048 0.218412 0.293609 0.423690
0.359266 0.297862 0.322804 0.236461 0.193848 0.205766 0.212761 0.190718 0.218500 0.136764 0.177741 0.120472 0.171760 0.226307 0.135792 0.118709 0.128985 0.149671 0.135369 0.168792 0.157713 0.129489 0.141884 0.197953 0.154418 0.177997 0.158048 0.178771 0.163026 0.175809 0.190965 0.257083 0.319945 0.463268
0.258893 0.207845 0.249367 0.160674 0.120870 0.122843 0.126895 0.121931 0.162885 0.108159 0.125487 0.063958 0.106181 0.155853 0.090603 0.116751 0.068104 0.096285 0.121700 0.130953 0.133316 0.084674 0.106068 0.161608 0.115930 0.120048 0.127163 0.151783 0.142700 0.152726 0.160637 0.181685 0.311474 0.405903
0.341937 0.270693 0.295329 0.197018 0.157119 0.175354 0.169627 0.181039 0.208771 0.123773 0.144967 0.084925 0.155915 0.201743 0.102141 0.123737 0.098056 0.117365 0.120294 0.144115 0.125546 0.104831 0.123457 0.172990 0.133235 0.145257 0.113974 0.165227 0.136951 0.155546 0.174457 0.219627 0.337537 0.469046
0.330478 0.259541 0.271193 0.198402 0.153020 0.159413 0.161559 0.158242 0.191266 0.123440 0.137567 0.080893 0.138120 0.182474 0.115104 0.126052 0.098744 0.126580 0.104228 0.137111 0.119696 0.107920 0.125798 0.152622 0.143356 0.142314 0.121823 0.154286 0.158837 0.169404 0.157603 0.208229 0.331256 0.433985
0.350034 0.296433 0.317955 0.223952 0.198857 0.206424 0.205181 0.197356 0.242467 0.154635 0.178019 0.109136 0.177026 0.211546 0.169630 0.179632 0.114746 0.157477 0.165455 0.156895 0.175347 0.118004 0.170807 0.222776 0.178961 0.168679 0.165217 0.187772 0.194677 0.226340 0.200395 0.255731 0.374881 0.497298
0.310815 0.234859 0.275813 0.184384 0.144852 0.159436 0.159021 0.155368 0.180420 0.119506 0.140573 0.095167 0.131389 0.197947 0.132055 0.137411 0.117073 0.130801 0.130043 0.164648 0.157076 0.100603 0.139101 0.184139 0.144455 0.147491 0.153039 0.169185 0.158131 0.183511 0.172456 0.223758 0.360466 0.470268
