0.478659 0.518198 0.544124 0.472246 0.47486 0.477181 0.430688 0.482716 0.469131 0.357612 0.527932 0.470043 0.430041 0.478101 0.467828 0.367273 0.415366 0.331769 0.428305 0.435954 0.421005 0.46317 0.460786 0.391925 0.54242 0.485922 0.524481 0.545137 0.361576 0.320099 0.464683 0.39492 0.474563 0.338577 0.472515 0.435427 0.473695 0.330789 0.363138 0.322284 
0.37842 0.496122 0.44202 0.389974 0.47921 0.476228 0.387286 0.384869 0.424135 0.438269 0.312075 0.316869 0.379181 0.405396 0.440773 0.383732 0.425697 0.354442 0.467098 0.38755 0.355298 0.35808 0.417094 0.424694 0.428011 0.488171 0.404686 0.392303 0.391284 0.383103 0.298897 0.347023 0.312068 0.391721 0.331962 0.42365 0.418322 0.464766 0.387209 0.38487 
0.548379 0.54151 0.472579 0.507296 0.507984 0.50368 0.501936 0.552898 0.480146 0.550855 0.378022 0.413828 0.461794 0.545632 0.512419 0.471941 0.466116 0.527208 0.436117 0.385216 0.441721 0.423279 0.413065 0.403551 0.45594 0.510385 0.501979 0.459347 0.508951 0.53334 0.555417 0.465379 0.469887 0.475018 0.365358 0.446068 0.469825 0.412752 0.49403 0.401627 
0.415962 0.503628 0.501878 0.429969 0.464887 0.502649 0.432551 0.437388 0.427103 0.507186 0.476741 0.538858 0.498992 0.511346 0.504029 0.418595 0.449419 0.550733 0.508724 0.475228 0.364668 0.377498 0.471547 0.514982 0.523069 0.554943 0.466022 0.497525 0.448178 0.447132 0.489672 0.507056 0.560482 0.462261 0.420571 0.460291 0.411205 0.42234 0.41824 0.450328 
0.479489 0.439351 0.536797 0.482859 0.381857 0.373636 0.424647 0.478923 0.467519 0.505065 0.561148 0.379753 0.492514 0.483177 0.350262 0.358329 0.401973 0.516719 0.476389 0.522662 0.417023 0.420026 0.469422 0.412652 0.379371 0.451099 0.525752 0.476063 0.478546 0.403723 0.473601 0.495046 0.523167 0.543658 0.438648 0.415634 0.466715 0.402042 0.388621 0.439991 
0.347162 0.411408 0.409862 0.393843 0.361357 0.392096 0.376321 0.377868 0.35842 0.338692 0.373302 0.359393 0.427404 0.453809 0.38994 0.300976 0.36477 0.408873 0.312512 0.31431 0.301508 0.377122 0.424428 0.454564 0.385296 0.343267 0.347882 0.354267 0.385547 0.354251 0.399871 0.399534 0.334446 0.4522 0.43329 0.332265 0.368889 0.403891 0.324245 0.387428 
0.380444 0.41579 0.363264 0.373308 0.246662 0.271827 0.273513 0.343633 0.478394 0.355131 0.272256 0.364809 0.295488 0.239321 0.254508 0.27109 0.450449 0.469432 0.359586 0.357236 0.269928 0.356089 0.369671 0.47954 0.284984 0.284219 0.346972 0.272578 0.360473 0.443266 0.284906 0.286008 0.279119 0.376791 0.385864 0.350262 0.254375 0.238036 0.33808 0.280009 
0.378322 0.339235 0.33994 0.343478 0.344968 0.274091 0.289229 0.273859 0.333493 0.367469 0.337678 0.329426 0.240076 0.318202 0.338707 0.309309 0.371607 0.304344 0.378069 0.337902 0.334204 0.332668 0.340244 0.332536 0.32383 0.380459 0.331158 0.39217 0.217975 0.316678 0.302611 0.377456 0.257561 0.332075 0.379523 0.337837 0.28538 0.36884 0.372416 0.330705 
0.439681 0.458706 0.4252 0.390048 0.386661 0.423892 0.301979 0.344277 0.348646 0.399808 0.367144 0.358334 0.359943 0.34246 0.321787 0.342527 0.457778 0.400976 0.395953 0.390075 0.359623 0.350359 0.423652 0.359548 0.360465 0.32445 0.356736 0.413257 0.338165 0.397598 0.389691 0.421858 0.306443 0.361396 0.303949 0.308159 0.377231 0.474763 0.388301 0.405877 
0.401469 0.406473 0.392626 0.415821 0.330455 0.369291 0.367253 0.358583 0.362098 0.331505 0.35622 0.402712 0.35975 0.310684 0.441024 0.406759 0.374437 0.425802 0.356168 0.370002 0.367936 0.32958 0.357937 0.328471 0.334586 0.290575 0.399582 0.415681 0.314155 0.358333 0.324798 0.284623 0.362858 0.292941 0.399932 0.371227 0.377358 0.291903 0.357416 0.394042 
0.412474 0.462346 0.460331 0.46384 0.410333 0.410894 0.294476 0.310341 0.368552 0.393291 0.413436 0.318307 0.373809 0.464579 0.371388 0.369926 0.350204 0.392752 0.414757 0.37231 0.359321 0.363581 0.2838 0.368427 0.465995 0.331004 0.369747 0.352561 0.297823 0.409117 0.306492 0.415433 0.419516 0.402649 0.349081 0.367356 0.319342 0.402711 0.412377 0.454977 
0.486201 0.455874 0.484621 0.46049 0.445658 0.448422 0.415253 0.384665 0.399643 0.513448 0.4839 0.473441 0.40856 0.447187 0.432814 0.414548 0.46101 0.491549 0.475998 0.411493 0.458374 0.476154 0.379666 0.439024 0.440099 0.354145 0.392573 0.380757 0.489521 0.480312 0.460424 0.484091 0.523693 0.494568 0.418275 0.477083 0.406246 0.490524 0.331051 0.354801 
0.395173 0.481252 0.451871 0.366916 0.40257 0.436884 0.396122 0.362754 0.335799 0.443983 0.429514 0.379256 0.447943 0.437379 0.458047 0.445203 0.392154 0.442733 0.411365 0.401607 0.446961 0.452424 0.405274 0.415889 0.446545 0.49892 0.451994 0.406895 0.38243 0.398222 0.374522 0.365514 0.384326 0.438631 0.457288 0.497481 0.381818 0.499033 0.287277 0.375 
0.428454 0.428441 0.393863 0.392633 0.395709 0.422983 0.383875 0.364682 0.425455 0.360432 0.436418 0.475078 0.396411 0.363177 0.335945 0.388793 0.404349 0.381011 0.386623 0.40686 0.394599 0.373288 0.457335 0.439309 0.367299 0.305119 0.434466 0.449564 0.427978 0.383815 0.336957 0.437205 0.368648 0.294513 0.342529 0.428266 0.355484 0.364583 0.369291 0.388021 
0.392531 0.507469 0.484067 0.459902 0.487443 0.426561 0.440844 0.454077 0.407226 0.428279 0.37222 0.43448 0.48322 0.431445 0.481665 0.412325 0.490176 0.456013 0.400203 0.454834 0.433743 0.46245 0.442913 0.45712 0.422676 0.490687 0.364591 0.400496 0.427458 0.427679 0.409628 0.404054 0.424939 0.40929 0.452445 0.335151 0.449922 0.485391 0.456751 0.512826 
0.520113 0.520557 0.496089 0.504747 0.482369 0.559568 0.471977 0.397998 0.472549 0.47574 0.556701 0.423607 0.474234 0.573006 0.443465 0.514278 0.469126 0.473248 0.520779 0.489468 0.3847 0.43309 0.467608 0.513496 0.509338 0.337965 0.517331 0.50904 0.385617 0.428796 0.470216 0.436589 0.444904 0.359029 0.471694 0.383211 0.396244 0.471709 0.444917 0.391341 
0.570731 0.509759 0.523236 0.51967 0.559927 0.551949 0.510393 0.511162 0.560795 0.430761 0.595453 0.563842 0.54784 0.460714 0.495417 0.525022 0.481187 0.510332 0.554482 0.585119 0.529809 0.487383 0.491742 0.514791 0.568566 0.593191 0.548313 0.524891 0.497001 0.430985 0.51289 0.546067 0.565419 0.506646 0.495432 0.470223 0.535929 0.561851 0.603389 0.480534 
0.528024 0.526371 0.538567 0.526287 0.518989 0.494529 0.519686 0.446563 0.475442 0.447118 0.563914 0.53246 0.412578 0.539276 0.404008 0.525153 0.46544 0.488411 0.56979 0.528279 0.522057 0.375 0.439676 0.487237 0.394379 0.488464 0.524422 0.481106 0.499252 0.466454 0.514841 0.473993 0.521843 0.457741 0.501766 0.519778 0.538688 0.502436 0.493414 0.572922 
0.442004 0.450531 0.559143 0.467356 0.489243 0.398642 0.524834 0.473196 0.453908 0.372643 0.369392 0.463981 0.514148 0.516535 0.513875 0.487091 0.45977 0.523299 0.403465 0.472454 0.409552 0.44414 0.482935 0.517766 0.523144 0.528152 0.421912 0.425117 0.537237 0.51029 0.39534 0.4351 0.473785 0.393351 0.494746 0.376797 0.502248 0.478431 0.524768 0.529295 
0.411219 0.472848 0.408354 0.473356 0.386184 0.327595 0.332736 0.376265 0.472819 0.445282 0.284708 0.392848 0.466823 0.481477 0.40943 0.310607 0.395608 0.398982 0.482723 0.393795 0.482674 0.393097 0.269923 0.324808 0.389449 0.405419 0.399554 0.324134 0.346409 0.324377 0.414653 0.394537 0.45298 0.386501 0.295036 0.305595 0.390254 0.464514 0.462513 0.40456 
0.5 0.432651 0.469362 0.471083 0.442381 0.447059 0.449521 0.564452 0.505549 0.413521 0.385998 0.452571 0.467155 0.468729 0.549321 0.40543 0.509088 0.461281 0.577439 0.423104 0.399194 0.458935 0.413055 0.380475 0.462226 0.508204 0.500627 0.516783 0.520402 0.475296 0.458288 0.367847 0.415612 0.317412 0.343014 0.447508 0.568167 0.523111 0.538028 0.371336 
0.353455 0.438603 0.408738 0.460372 0.448429 0.461899 0.434108 0.393396 0.398808 0.375965 0.456943 0.339957 0.436044 0.469113 0.493498 0.403183 0.435235 0.437827 0.431362 0.30397 0.405069 0.445105 0.463768 0.445266 0.465289 0.436685 0.44735 0.356603 0.459637 0.476677 0.46995 0.432799 0.378307 0.296927 0.339073 0.406191 0.44434 0.425648 0.403703 0.471727 
0.463359 0.405193 0.421109 0.443268 0.426312 0.481046 0.43668 0.432753 0.441462 0.395305 0.514545 0.344193 0.452837 0.462178 0.356235 0.399076 0.464312 0.388228 0.432659 0.475914 0.402943 0.409469 0.412119 0.412535 0.419284 0.459329 0.441882 0.473125 0.373771 0.462754 0.424918 0.398681 0.316389 0.382483 0.382609 0.398459 0.42472 0.440869 0.466171 0.424508 
0.432763 0.43059 0.47509 0.468525 0.477651 0.438712 0.43681 0.511748 0.505577 0.417774 0.41801 0.454213 0.383624 0.50689 0.399479 0.391783 0.422668 0.501904 0.436432 0.497701 0.470692 0.431143 0.423416 0.356755 0.468162 0.470111 0.401716 0.473542 0.421461 0.451954 0.442157 0.424219 0.446542 0.453695 0.500191 0.467091 0.510871 0.502509 0.357987 0.413977 
0.422813 0.491639 0.448541 0.423865 0.369576 0.411179 0.436289 0.413028 0.34925 0.448173 0.428067 0.364722 0.378434 0.416197 0.411432 0.465591 0.425857 0.445397 0.410515 0.432194 0.4089 0.457434 0.456128 0.449492 0.39095 0.304386 0.428386 0.41583 0.465507 0.473181 0.308228 0.426167 0.430566 0.434965 0.416747 0.303964 0.457515 0.404536 0.382888 0.365838 
0.432054 0.423588 0.462617 0.461571 0.452176 0.523706 0.373333 0.461047 0.463914 0.458089 0.453045 0.381999 0.419193 0.439245 0.488005 0.424434 0.489362 0.477853 0.448347 0.368022 0.416709 0.423083 0.4886 0.428543 0.442545 0.489772 0.424278 0.465884 0.322519 0.46614 0.479045 0.413639 0.482286 0.416063 0.469281 0.42796 0.411328 0.449023 0.492746 0.439422 
0.513032 0.460904 0.52677 0.494652 0.41636 0.450115 0.484724 0.345316 0.511227 0.450206 0.446401 0.532885 0.468568 0.447659 0.425425 0.449708 0.466712 0.444106 0.470482 0.417656 0.530689 0.493584 0.38581 0.461245 0.496919 0.448332 0.499914 0.46279 0.390023 0.436607 0.330594 0.391213 0.45466 0.493173 0.441636 0.457171 0.460706 0.466637 0.463759 0.393917 
0.434897 0.464303 0.468514 0.548146 0.506864 0.507402 0.513353 0.56068 0.47058 0.504124 0.507561 0.459278 0.45026 0.552142 0.503861 0.562998 0.503653 0.437223 0.508653 0.491835 0.552934 0.440804 0.504676 0.536599 0.500805 0.376746 0.401145 0.424265 0.512864 0.416314 0.469043 0.510768 0.502167 0.497731 0.432308 0.555411 0.456583 0.454729 0.551046 0.490972 
0.44556 0.448323 0.391698 0.486782 0.407832 0.421922 0.458748 0.442936 0.454681 0.433103 0.44334 0.47086 0.394186 0.365489 0.405144 0.349091 0.385978 0.481696 0.453723 0.396343 0.490208 0.361279 0.377557 0.483368 0.374734 0.499705 0.409648 0.400567 0.41067 0.449721 0.428962 0.452976 0.454745 0.453533 0.40207 0.442201 0.495362 0.415855 0.507394 0.400872 
0.388928 0.492377 0.495878 0.500141 0.501111 0.478422 0.445123 0.507056 0.503083 0.495146 0.527737 0.536306 0.536827 0.532646 0.497378 0.497374 0.381853 0.444872 0.500949 0.537615 0.473816 0.401228 0.496288 0.447091 0.458676 0.441807 0.47129 0.472015 0.5016 0.470524 0.536795 0.434588 0.540643 0.529399 0.492793 0.494814 0.528365 0.427515 0.531944 0.421358 
0.490226 0.513185 0.50843 0.587734 0.550137 0.540095 0.494997 0.498972 0.590683 0.562602 0.514376 0.515036 0.554575 0.513177 0.537409 0.54535 0.44085 0.503244 0.546819 0.510027 0.486541 0.59592 0.590572 0.51425 0.543689 0.558333 0.506543 0.546033 0.362756 0.386528 0.51297 0.514474 0.548456 0.403779 0.545111 0.54278 0.406181 0.545203 0.54494 0.508517 
0.448786 0.515017 0.420824 0.456246 0.505361 0.510391 0.510866 0.563546 0.539557 0.446747 0.512886 0.556857 0.406865 0.499435 0.455401 0.496539 0.572584 0.387583 0.531931 0.40502 0.377989 0.568501 0.505501 0.429502 0.507216 0.442946 0.566384 0.56637 0.517295 0.471857 0.418117 0.565497 0.491512 0.418159 0.429025 0.445882 0.447425 0.517447 0.424489 0.470826 
0.566693 0.466373 0.456211 0.507431 0.471409 0.438924 0.451901 0.394713 0.474673 0.508902 0.410794 0.473581 0.420705 0.368325 0.403594 0.452567 0.503674 0.472903 0.532432 0.406355 0.463066 0.329793 0.48 0.428084 0.548038 0.479761 0.447346 0.491297 0.434617 0.479664 0.507558 0.522189 0.471047 0.379235 0.47638 0.414942 0.408747 0.401063 0.450355 0.427278 
0.439772 0.38111 0.484922 0.480306 0.442089 0.39683 0.445552 0.442127 0.399323 0.483692 0.437084 0.431913 0.435439 0.384072 0.489149 0.43836 0.385965 0.38691 0.448159 0.498482 0.388099 0.400796 0.443719 0.475082 0.438487 0.37303 0.346591 0.391416 0.431925 0.368599 0.338847 0.439673 0.376338 0.38114 0.433086 0.357605 0.423691 0.308988 0.344623 0.380268 
0.33927 0.431801 0.351643 0.356572 0.421383 0.371566 0.369644 0.332463 0.405145 0.407275 0.381881 0.37712 0.402095 0.39834 0.412012 0.402092 0.377421 0.435064 0.282862 0.434095 0.375582 0.360079 0.299942 0.428935 0.36371 0.346447 0.36336 0.38764 0.426009 0.409051 0.370599 0.376113 0.341729 0.38354 0.354331 0.346066 0.389613 0.301284 0.464146 0.34995 
0.410811 0.365971 0.380853 0.413046 0.382591 0.404901 0.458711 0.3692 0.375924 0.356075 0.403961 0.417695 0.404447 0.404452 0.408991 0.375169 0.432752 0.417183 0.330656 0.292952 0.404542 0.413999 0.403819 0.318975 0.301448 0.414994 0.375253 0.365677 0.311204 0.376752 0.405449 0.415812 0.404095 0.338634 0.361093 0.321567 0.362472 0.334996 0.305224 0.325329 
0.588523 0.545377 0.551311 0.557878 0.550316 0.558861 0.526044 0.546986 0.511484 0.473031 0.506253 0.55616 0.538375 0.450219 0.475797 0.497469 0.445276 0.565888 0.51865 0.520124 0.451967 0.524478 0.512544 0.398195 0.458007 0.453641 0.487451 0.457672 0.588352 0.592124 0.472112 0.543711 0.518972 0.446837 0.45497 0.493121 0.431584 0.422013 0.471707 0.477006 
0.471065 0.431227 0.39696 0.416659 0.424736 0.420766 0.385382 0.407518 0.342727 0.355452 0.385219 0.437559 0.345547 0.419665 0.378273 0.378576 0.339895 0.368099 0.41841 0.33444 0.390121 0.422722 0.384796 0.381753 0.346787 0.269475 0.459424 0.365241 0.335666 0.325049 0.304365 0.423243 0.321479 0.385066 0.37022 0.390637 0.40959 0.37298 0.438189 0.285366 
0.441784 0.425139 0.412606 0.403523 0.446944 0.369709 0.407383 0.371914 0.437523 0.419622 0.488326 0.4015 0.427706 0.479456 0.425746 0.481448 0.492722 0.372478 0.387151 0.443396 0.412316 0.402368 0.436901 0.426658 0.329686 0.385832 0.395496 0.337584 0.35856 0.431649 0.307625 0.368045 0.440622 0.3802 0.433123 0.3443 0.394625 0.420146 0.380644 0.378455 
0.408917 0.378779 0.384809 0.383574 0.378492 0.347165 0.384916 0.411936 0.368863 0.350555 0.4093 0.374204 0.329835 0.420317 0.46002 0.339833 0.417025 0.408936 0.373268 0.353282 0.310798 0.315691 0.365394 0.3722 0.380181 0.409776 0.381495 0.374876 0.381234 0.317354 0.384105 0.375066 0.390125 0.347354 0.36729 0.330351 0.3671 0.410308 0.408731 0.44355 
