0.512245 0.387419 0.50502 0.512518 0.461611 0.428922 0.383437 0.503899 0.483498 0.497331 0.497868 0.362173 0.459822 0.451076 0.435438 0.480128 0.471039 0.41354 0.430295 0.505039 0.513843 0.477911 0.511078 0.510493 0.387458 0.511172 0.46862 0.510208 0.464417 0.522325 0.492281 0.491094 0.502302 0.512527 0.438495 0.485252 0.404646 0.491394 0.474858 0.47327 
0.409983 0.421142 0.554318 0.476166 0.581654 0.535078 0.333143 0.562976 0.570764 0.414395 0.482236 0.586877 0.583513 0.466099 0.402585 0.394343 0.442279 0.553191 0.435686 0.576867 0.322297 0.398864 0.397325 0.397987 0.570411 0.406296 0.579514 0.525636 0.386395 0.351837 0.582643 0.421334 0.41074 0.540647 0.441359 0.393196 0.407153 0.342338 0.565052 0.399457 
0.488656 0.501011 0.563445 0.560074 0.566506 0.552814 0.404792 0.417468 0.539205 0.490058 0.500704 0.550043 0.472166 0.472092 0.510573 0.554652 0.514369 0.458473 0.403947 0.468615 0.493272 0.461477 0.481729 0.553383 0.447932 0.546811 0.4991 0.461507 0.504047 0.472274 0.412574 0.473885 0.477305 0.463223 0.519362 0.502805 0.519025 0.507825 0.472647 0.458183 
0.450475 0.425843 0.363404 0.401977 0.416158 0.43122 0.431949 0.433795 0.410253 0.375903 0.367611 0.351944 0.40674 0.322771 0.384628 0.41596 0.408202 0.412944 0.416736 0.432673 0.419986 0.332045 0.431719 0.390178 0.409325 0.42099 0.413156 0.396381 0.391024 0.382546 0.418829 0.349848 0.440688 0.365415 0.397552 0.41964 0.412564 0.378083 0.387697 0.427002 
0.424418 0.417942 0.418134 0.450801 0.418543 0.420938 0.398993 0.404153 0.427606 0.393424 0.456708 0.425101 0.421431 0.474077 0.347302 0.415055 0.384964 0.449134 0.429645 0.314572 0.43609 0.425417 0.487805 0.452264 0.452736 0.398763 0.424403 0.352342 0.302205 0.368399 0.401047 0.409121 0.420182 0.375329 0.33121 0.425222 0.470195 0.400998 0.420977 0.41623 
0.511558 0.469617 0.439179 0.444689 0.509055 0.451957 0.411788 0.425572 0.463699 0.484985 0.442257 0.42268 0.513027 0.412784 0.47511 0.450389 0.462786 0.413647 0.46215 0.408195 0.430736 0.430908 0.309859 0.482203 0.482353 0.426204 0.353383 0.470051 0.50835 0.473072 0.442785 0.473965 0.439119 0.472843 0.533064 0.477159 0.476466 0.41684 0.439878 0.420449 
0.50503 0.565633 0.483832 0.536458 0.468571 0.567167 0.501639 0.462121 0.413351 0.357675 0.407743 0.558165 0.495784 0.488937 0.516473 0.504545 0.510514 0.420266 0.526651 0.501255 0.534059 0.505114 0.529209 0.532238 0.510996 0.485443 0.550101 0.485275 0.595202 0.500148 0.522297 0.406345 0.449471 0.386145 0.444963 0.563487 0.548206 0.479817 0.410437 0.338624 
0.34232 0.400703 0.36753 0.44251 0.339749 0.389884 0.367145 0.362472 0.308169 0.250825 0.373232 0.330663 0.316362 0.345502 0.356042 0.315643 0.372652 0.369263 0.376187 0.382731 0.370299 0.35633 0.391842 0.402358 0.368639 0.338205 0.352782 0.349957 0.373517 0.315761 0.29085 0.26916 0.311574 0.457975 0.360276 0.364079 0.395154 0.372642 0.26087 0.259563 
0.534761 0.571367 0.609818 0.554782 0.485109 0.447275 0.608399 0.615794 0.461339 0.535101 0.422051 0.428938 0.534159 0.543546 0.582774 0.459986 0.519488 0.520545 0.510363 0.604376 0.603433 0.600574 0.542578 0.57886 0.419286 0.521279 0.618627 0.535655 0.593683 0.42625 0.610142 0.518057 0.500179 0.536994 0.390413 0.404248 0.608367 0.541133 0.432967 0.330971 
0.412981 0.453906 0.416649 0.464745 0.459902 0.391829 0.4517 0.402309 0.411096 0.372878 0.405095 0.377405 0.405767 0.395326 0.394481 0.41513 0.389148 0.383485 0.451482 0.445257 0.424677 0.381347 0.41998 0.428677 0.266105 0.373666 0.454588 0.341234 0.423437 0.371841 0.368229 0.333573 0.379993 0.437169 0.419539 0.366045 0.443299 0.419927 0.318328 0.387872 
0.487136 0.463712 0.466307 0.320023 0.335777 0.276269 0.405294 0.415335 0.359139 0.467826 0.404816 0.392465 0.412491 0.455427 0.396004 0.500332 0.337068 0.414811 0.463241 0.408179 0.469588 0.337945 0.409154 0.403757 0.424041 0.496448 0.404289 0.412336 0.339802 0.482375 0.487221 0.380208 0.294565 0.421312 0.407356 0.398959 0.26559 0.26352 0.440129 0.363914 
0.50162 0.454613 0.445111 0.505232 0.466637 0.403742 0.445317 0.457509 0.450714 0.486657 0.344027 0.398921 0.501307 0.448382 0.462213 0.394382 0.493291 0.402331 0.405587 0.3727 0.498091 0.442623 0.305735 0.48638 0.377807 0.397562 0.390925 0.323196 0.30144 0.451109 0.359181 0.467384 0.353411 0.462853 0.38893 0.388746 0.500701 0.319328 0.463866 0.452498 
0.493058 0.513463 0.322633 0.419925 0.425232 0.450621 0.356175 0.399757 0.349182 0.371033 0.438433 0.393331 0.26745 0.352584 0.418104 0.505253 0.357554 0.42734 0.374413 0.333621 0.423478 0.43894 0.499061 0.518448 0.439669 0.423291 0.45947 0.514493 0.494451 0.438111 0.38406 0.301715 0.43888 0.439597 0.3579 0.508672 0.384146 0.422594 0.358487 0.438374 
0.513065 0.47429 0.45705 0.444534 0.511057 0.445885 0.485934 0.307773 0.387297 0.43659 0.435979 0.504686 0.380051 0.503531 0.437608 0.451765 0.52964 0.470305 0.399946 0.469045 0.554022 0.401443 0.451424 0.388227 0.501133 0.441734 0.484265 0.472957 0.454528 0.461237 0.403196 0.529885 0.381799 0.442739 0.488186 0.326821 0.455773 0.520684 0.501317 0.417844 
0.426742 0.482871 0.470395 0.494349 0.447889 0.318921 0.410739 0.390598 0.399665 0.328903 0.432047 0.474716 0.47167 0.487224 0.415652 0.338084 0.471414 0.41785 0.420238 0.43063 0.478964 0.452518 0.435652 0.472547 0.484645 0.418462 0.44468 0.421011 0.433787 0.349087 0.454257 0.448916 0.414797 0.405665 0.408028 0.446802 0.475641 0.482519 0.438366 0.365079 
0.485988 0.410814 0.482725 0.412313 0.445594 0.291373 0.340102 0.428213 0.466611 0.426988 0.350715 0.391089 0.339233 0.475414 0.416706 0.351504 0.397546 0.308346 0.337522 0.398816 0.482285 0.313628 0.28662 0.403342 0.430237 0.468444 0.475771 0.374351 0.453079 0.428946 0.426719 0.322427 0.40424 0.436543 0.336263 0.36668 0.491907 0.395066 0.486708 0.436118 
0.513425 0.587466 0.46498 0.47375 0.513832 0.57335 0.46772 0.408408 0.334644 0.40577 0.57845 0.507073 0.498614 0.501905 0.522662 0.456614 0.511638 0.444552 0.587893 0.560861 0.4389 0.522009 0.525195 0.566373 0.510893 0.39503 0.565916 0.463373 0.524317 0.483137 0.531838 0.455776 0.524146 0.45871 0.492591 0.505725 0.539037 0.432334 0.412986 0.481913 
0.497428 0.420025 0.429312 0.500955 0.494896 0.445394 0.483977 0.438481 0.395267 0.35476 0.43997 0.389725 0.398452 0.428921 0.402062 0.391359 0.444264 0.492056 0.422929 0.45076 0.381793 0.379664 0.362019 0.413647 0.359914 0.504882 0.455956 0.358574 0.39174 0.388246 0.376282 0.48509 0.5 0.403537 0.436888 0.303123 0.492275 0.505683 0.403873 0.47466 
0.464975 0.550566 0.484141 0.411084 0.481539 0.465301 0.543883 0.416765 0.320309 0.482063 0.487721 0.546433 0.499162 0.568281 0.423265 0.410873 0.471929 0.502884 0.434005 0.401011 0.476558 0.334524 0.449895 0.334031 0.530073 0.554136 0.463667 0.458701 0.524178 0.471476 0.386675 0.50813 0.555867 0.460479 0.457165 0.523665 0.475676 0.399832 0.443743 0.466093 
0.367119 0.398313 0.363278 0.358578 0.368464 0.419371 0.367494 0.387196 0.371198 0.351547 0.381939 0.385958 0.432573 0.360869 0.331673 0.419938 0.418066 0.342115 0.424992 0.408526 0.350514 0.358169 0.419409 0.421555 0.394286 0.252887 0.323466 0.405397 0.425396 0.369693 0.427776 0.35778 0.399249 0.31789 0.462503 0.316835 0.358072 0.359237 0.442355 0.450862 
0.522606 0.565667 0.485624 0.490489 0.451299 0.537416 0.523767 0.364805 0.322502 0.39093 0.518844 0.459655 0.459983 0.314499 0.515273 0.552665 0.471106 0.521705 0.423739 0.56053 0.52126 0.360524 0.359236 0.476718 0.480584 0.524309 0.431513 0.566321 0.32525 0.521298 0.437918 0.571238 0.548523 0.451059 0.487432 0.481031 0.472284 0.485707 0.498352 0.461941 
0.474267 0.456594 0.430247 0.394366 0.424112 0.401778 0.490336 0.411089 0.379247 0.465646 0.34926 0.370184 0.343737 0.434822 0.310234 0.406694 0.517118 0.426889 0.413467 0.424459 0.436642 0.417478 0.466625 0.420045 0.458853 0.384211 0.457163 0.393192 0.475482 0.40634 0.353887 0.466028 0.342284 0.415378 0.488281 0.495108 0.420855 0.423339 0.477773 0.44582 
0.477532 0.499072 0.514741 0.538355 0.407158 0.428249 0.418567 0.457114 0.429515 0.490444 0.504331 0.498345 0.345317 0.449561 0.38988 0.437755 0.468136 0.537371 0.45893 0.448822 0.534683 0.412877 0.453662 0.478516 0.33287 0.404018 0.545042 0.447788 0.442537 0.512282 0.485034 0.482128 0.46253 0.5 0.442282 0.4137 0.425739 0.373799 0.453815 0.352426 
0.510151 0.498941 0.502117 0.438474 0.383857 0.460067 0.515045 0.443428 0.308588 0.332525 0.409148 0.42034 0.357791 0.338523 0.504585 0.442982 0.401306 0.40893 0.352977 0.431701 0.47142 0.488794 0.502439 0.421414 0.299545 0.445196 0.453224 0.519871 0.446595 0.464202 0.397853 0.461622 0.384454 0.363272 0.513113 0.354206 0.337806 0.483473 0.466163 0.412274 
0.414155 0.473534 0.349106 0.479527 0.41682 0.471995 0.41601 0.372941 0.27261 0.357814 0.393363 0.415521 0.395827 0.467273 0.39688 0.409199 0.402342 0.396392 0.502863 0.460633 0.423859 0.399791 0.414826 0.389865 0.479091 0.387083 0.484048 0.418451 0.504559 0.395844 0.474945 0.332773 0.425648 0.492467 0.432394 0.331055 0.35203 0.497962 0.475548 0.399911 
0.615671 0.436852 0.59808 0.5 0.575306 0.524327 0.594283 0.556119 0.328802 0.537075 0.437926 0.421338 0.493866 0.548013 0.610824 0.394728 0.424716 0.60762 0.586439 0.414609 0.340951 0.518832 0.502182 0.4284 0.621241 0.415588 0.528031 0.574153 0.426121 0.606582 0.416118 0.527066 0.506121 0.500775 0.616965 0.50314 0.440983 0.486095 0.546512 0.488422 
0.509434 0.438257 0.428163 0.433822 0.453173 0.431065 0.311566 0.274134 0.362378 0.446794 0.443698 0.460554 0.430541 0.518222 0.316575 0.390927 0.458584 0.515027 0.443172 0.370665 0.34356 0.348342 0.431291 0.522303 0.506516 0.50288 0.32757 0.431795 0.385606 0.409413 0.440882 0.436146 0.462022 0.429253 0.31764 0.433771 0.436408 0.439947 0.528804 0.521805 
0.495293 0.473902 0.491295 0.416034 0.420174 0.307207 0.361702 0.429674 0.382964 0.413878 0.347621 0.403075 0.485758 0.302704 0.398292 0.400926 0.476891 0.485707 0.412888 0.393343 0.40778 0.39313 0.391759 0.48377 0.371782 0.491856 0.31332 0.318972 0.404126 0.406165 0.330652 0.398374 0.425139 0.318709 0.47904 0.392077 0.371173 0.452448 0.370873 0.275293 
0.526798 0.437487 0.510763 0.462897 0.41149 0.404741 0.419112 0.438391 0.447117 0.542277 0.331356 0.350373 0.518871 0.526451 0.460838 0.420407 0.455345 0.553604 0.444489 0.342726 0.435159 0.51256 0.283503 0.338048 0.427387 0.444537 0.34619 0.321709 0.54211 0.319311 0.423566 0.297964 0.514069 0.354665 0.359664 0.348485 0.44255 0.341887 0.275666 0.371464 
0.365517 0.394097 0.342374 0.326508 0.351622 0.368136 0.411935 0.310513 0.386155 0.344764 0.350333 0.346332 0.43457 0.319271 0.337557 0.379109 0.446202 0.338783 0.324194 0.344049 0.325972 0.44715 0.329004 0.348027 0.378041 0.390839 0.31097 0.198856 0.449857 0.264498 0.471651 0.332452 0.359606 0.337917 0.392941 0.38978 0.403713 0.25128 0.258445 0.309583 
0.465606 0.466713 0.413112 0.496511 0.545511 0.553026 0.425203 0.537402 0.460347 0.452342 0.389285 0.380891 0.391227 0.577793 0.353393 0.333259 0.458965 0.380621 0.433288 0.441576 0.44864 0.433778 0.426578 0.443452 0.496444 0.362593 0.528889 0.549536 0.340593 0.438075 0.511916 0.457704 0.452095 0.423311 0.436445 0.353194 0.560503 0.529385 0.469534 0.371144 
0.295029 0.313714 0.391449 0.452399 0.435417 0.377735 0.443593 0.324209 0.375977 0.434057 0.378957 0.243697 0.359952 0.388715 0.395475 0.38329 0.454643 0.371366 0.243902 0.348372 0.384065 0.365227 0.34185 0.361247 0.283281 0.448485 0.372088 0.37444 0.330306 0.353129 0.279851 0.411255 0.376972 0.433459 0.320964 0.463772 0.474684 0.382765 0.344241 0.433891 
0.351033 0.349992 0.355369 0.259447 0.352879 0.309812 0.32034 0.345645 0.407787 0.404193 0.292385 0.272552 0.418985 0.396629 0.323598 0.246272 0.318749 0.413436 0.317925 0.414833 0.316329 0.325655 0.251375 0.396528 0.407175 0.39986 0.402063 0.332533 0.26579 0.257991 0.277814 0.354158 0.327841 0.226654 0.423604 0.424816 0.236441 0.335725 0.343345 0.439464 
0.41347 0.462828 0.481296 0.332853 0.457946 0.31294 0.274708 0.273854 0.454582 0.478793 0.382201 0.341741 0.466253 0.461598 0.475734 0.389654 0.33928 0.467396 0.478014 0.410072 0.36938 0.35972 0.477378 0.333534 0.411826 0.475743 0.440639 0.400659 0.324974 0.288972 0.418171 0.47544 0.391518 0.414423 0.251895 0.280266 0.461086 0.401381 0.409131 0.366365 
0.504593 0.442718 0.480361 0.483096 0.457823 0.409312 0.36357 0.278918 0.491099 0.338793 0.425514 0.50569 0.495337 0.514098 0.450328 0.337647 0.422843 0.439284 0.345825 0.374217 0.417394 0.482868 0.497001 0.507305 0.453632 0.356106 0.336729 0.484034 0.446369 0.370953 0.417456 0.332867 0.345073 0.495233 0.508061 0.34652 0.440405 0.417026 0.352912 0.293411 
0.405489 0.309668 0.249369 0.264752 0.230015 0.363531 0.36601 0.36682 0.354479 0.369881 0.343535 0.36179 0.375314 0.427569 0.318919 0.354859 0.27959 0.315731 0.298998 0.44086 0.350145 0.274927 0.356019 0.335972 0.342187 0.27662 0.346441 0.440309 0.36965 0.35453 0.281462 0.375948 0.437378 0.429564 0.373862 0.325368 0.3531 0.327807 0.344377 0.364978 
0.561342 0.396253 0.553162 0.551821 0.566875 0.513911 0.45836 0.506897 0.458735 0.424417 0.317554 0.491198 0.503165 0.590613 0.502807 0.400341 0.534563 0.385223 0.585171 0.508967 0.463146 0.550623 0.405568 0.451603 0.573258 0.421997 0.505982 0.557119 0.495883 0.420165 0.440506 0.47164 0.464863 0.40344 0.344067 0.567182 0.420614 0.41781 0.559696 0.564688 
0.482407 0.538657 0.457526 0.521336 0.518296 0.446365 0.509926 0.457737 0.394605 0.340458 0.471766 0.432101 0.439721 0.449375 0.548176 0.430849 0.463139 0.378347 0.386074 0.44289 0.442036 0.467048 0.536699 0.294204 0.538976 0.369814 0.361336 0.387889 0.43727 0.532893 0.367804 0.365875 0.531087 0.459002 0.448625 0.449047 0.541761 0.348185 0.523147 0.52768 
0.494286 0.559654 0.417214 0.447419 0.495844 0.57807 0.434749 0.332237 0.488702 0.518161 0.563466 0.494088 0.489215 0.505184 0.459714 0.575059 0.523222 0.586207 0.560873 0.486883 0.497427 0.4209 0.486141 0.396127 0.513073 0.491513 0.561997 0.569961 0.592913 0.4978 0.582423 0.577234 0.572689 0.4868 0.371169 0.466091 0.422668 0.573882 0.578052 0.343023 
0.485254 0.472172 0.468003 0.483814 0.493057 0.539184 0.466893 0.491233 0.535182 0.488333 0.550809 0.537419 0.473742 0.497259 0.432159 0.390599 0.372965 0.461234 0.498077 0.398338 0.5049 0.467738 0.426914 0.480729 0.54664 0.390133 0.383219 0.435231 0.335165 0.382341 0.471575 0.485605 0.542847 0.477503 0.470888 0.391165 0.465709 0.547302 0.409686 0.408204 
