-0.138292 -0.586421 -1.049763 -1.085864 -1.088086 -0.000934 -1.321055 -0.001624 -0.413618 -0.014089 0.000488 -0.422856 -1.050544 -0.652199 -0.000374 -0.000775 -0.012092 -0.819410 -2.542251 -0.488347 -1.060452 -0.336951 -1.066668 -0.579297 -0.000196 -1.465151 -0.000137 -0.497456 -0.001279 0.000323 -0.987031 -0.853841 -1.353376 -1.400465 -2.075600 -2.292284 -0.219523 -0.001657 -0.307385 -0.812037 -1.402040 -0.398165 -0.000483 -0.916310 -0.001093 -0.196311 -0.775969 -0.000032 -0.529665 -0.304564 -0.929425 -0.000469 -0.110991 -0.000829 -0.001674 -1.397352 -1.230039 -0.518206 -0.126151 -0.242135 -1.265935 -1.102404
-0.000770 -0.000690 -0.001284 -0.000548 -0.000915 -0.000291 0.000668 0.000518 -0.308979 0.001182 -0.000695 -0.000247 -0.000110 0.000746 0.000758 0.000687 -0.108006 0.000620 -0.000760 -0.000425 0.000495 -0.001157 -0.001188 -0.000687 0.000451 -0.000787 0.000220 -0.000341 0.000026 0.000971 -0.000554 -0.000136 0.000063 0.000391 -0.000800 -0.001418 -0.000131 -0.001067 -0.001233 -0.001660 -0.116414 0.000050 0.000040 0.000010 -0.029112 0.000358 -0.001045 -0.000882 -0.000231 -0.914605 -0.179164 -0.000139 -0.001160 0.000314 0.000315 -0.000951 -0.000273 -0.000142 0.000875 -0.000166 0.000080 -0.000181
-0.000285 -0.675392 -0.000623 -0.342098 -0.000322 -0.000360 -0.001887 0.000084 0.000124 0.000016 0.548244 0.000967 -0.135786 -0.001492 -0.680484 -0.247848 -0.027101 0.000394 -0.001219 -0.000649 -0.000114 -0.000892 -0.316821 0.000939 -0.000068 0.000262 0.000193 -0.000705 -0.600877 -0.000544 0.000300 -0.000163 0.000528 -1.400237 -0.086506 -0.164626 0.000755 -0.000092 -0.000883 -0.000953 -0.026028 -0.000360 -0.000117 -0.000251 0.475866 -0.000102 -0.000443 -0.164310 -0.237110 -0.723157 0.001492 -0.000795 0.000341 0.000601 -0.000288 -0.408556 -0.706546 0.000678 -0.000888 -0.001167 0.000795 0.288066
-0.000437 -0.000587 -0.063895 -0.001680 -0.001534 -0.035016 -0.381976 0.000341 1.032044 -0.866141 0.000341 -0.000265 0.000297 -0.538299 -0.000129 -1.076682 -0.000549 -0.000631 0.000301 -0.781137 -0.564651 -0.783201 -0.000016 -1.048761 -0.991149 -1.730905 0.000464 -0.213602 -0.410577 -0.000749 -0.000516 -0.110851 -0.940997 -0.213331 -0.069591 -0.943698 -0.000808 -0.000394 -1.214629 -0.218094 -0.001060 -0.347203 -0.023841 0.001132 -0.000865 0.001040 -0.000150 -0.001075 -0.000780 -0.000068 0.000416 -0.121421 -0.001606 -0.001335 -1.451818 -0.000027 0.000098 -0.000767 -0.363032 -0.000205 -0.667430 -0.826032
0.000609 0.000113 0.000637 0.000810 0.000410 0.000863 -0.000609 -0.000160 0.000619 0.001316 0.000725 -0.000290 0.000015 0.000411 0.005756 0.000636 0.000895 -0.000448 0.875307 0.001088 0.382696 0.240862 0.001004 0.000451 0.000119 0.000515 0.000909 -0.000088 0.000985 0.000234 0.001466 0.000149 -0.000421 -0.000160 0.000897 -0.000110 -0.000970 0.000017 0.001328 -0.000883 -0.000416 0.000440 0.000085 0.000827 0.000822 -0.000097 0.000557 0.000319 -0.000382 0.115170 0.000620 0.738107 -0.000364 0.000194 0.001055 0.149174 -0.000522 -0.000804 -0.000323 -0.000550 0.000714 -0.000048
-0.000380 0.775905 0.000742 0.143601 0.001352 0.000999 0.359660 -0.000914 0.001790 0.000795 0.000626 -0.001752 -0.000856 1.156141 0.000745 -0.000855 0.788774 0.486866 0.262486 -0.000040 0.000217 0.000848 -0.000858 -0.000095 -0.000316 -0.000498 -0.000331 0.001735 0.000128 -0.000258 -0.000108 0.001319 -0.000946 0.000425 0.000150 0.000488 0.000539 0.000868 -0.000104 -0.000985 -0.000674 0.010171 0.000016 -0.000373 0.000357 0.001127 0.000781 0.861138 -0.000153 -0.000932 -0.082886 0.000550 0.000559 0.000103 0.165928 0.000701 0.001420 1.914852 -0.000234 0.765499 0.001158 0.001389
-0.001004 -0.000902 -0.000907 0.000385 -0.000658 -0.001124 -0.000936 -0.000185 -0.001762 -0.000105 -0.131650 -0.000791 -0.235117 -0.000273 -0.001318 -0.839182 0.000023 0.000535 0.000080 -0.001092 -0.377489 -0.337186 -0.001618 -0.296937 -0.304814 -0.474089 -0.000545 -0.000979 -0.000607 -0.001414 -0.000511 -0.001275 -0.001284 0.000503 -0.001676 -0.001124 -0.482965 0.000238 -0.000681 -0.001679 -0.001766 -0.000874 0.000089 -0.000050 -0.321161 -0.000613 -0.310627 0.000542 -0.254123 -0.000989 -0.000485 -0.081223 0.000212 -0.286764 0.000006 -0.682755 0.000258 0.065010 0.000246 -0.380955 -0.000764 -0.000908
0.000276 0.000607 -0.000265 0.000057 0.000511 0.567512 -0.000087 0.506621 0.195971 0.202486 0.000248 0.001292 0.000186 0.514671 0.000909 0.000962 0.000106 0.001356 0.000702 1.772262 0.060176 0.005486 -0.000255 -0.000284 -0.000214 0.001300 0.000746 1.267088 0.000479 0.439394 0.000432 0.000794 0.000524 0.000308 -0.001272 -0.000746 0.000532 0.001240 0.001359 -0.000532 -0.000515 0.678008 0.000369 0.089115 -0.000036 0.000508 0.000021 0.639580 -0.000254 0.363325 0.324836 0.000920 0.000622 -0.000836 1.350463 -0.000337 0.000195 -0.000547 0.000520 -0.000090 1.147373 0.000026
0.177047 0.308051 0.000867 1.138053 0.609890 -0.000068 0.000042 1.039998 1.151132 0.000824 -0.590685 0.001271 0.139555 0.000530 0.531873 1.794010 1.226771 0.001039 0.559634 0.361679 -0.000345 -0.001199 0.000943 0.334560 -0.000048 0.778437 0.569968 0.001369 1.535337 0.379599 0.062848 0.853039 0.133593 0.874079 -0.001227 0.970402 0.000126 0.997114 0.000917 0.000462 0.000168 -0.001082 0.000172 -0.001131 0.301872 1.511116 0.000674 0.317543 0.000159 0.812334 -0.000383 1.361265 0.000196 0.000118 0.000325 0.001196 0.328789 -0.000873 0.639294 0.000576 0.000341 -0.000578
-0.000801 0.000444 0.000313 0.000479 0.087928 0.613169 0.396789 -0.001018 -0.000702 0.368782 -0.627704 0.000277 0.000050 -0.000286 -0.000628 0.000622 -0.000893 1.306845 0.001761 0.000795 -0.001135 0.000199 0.000218 -0.000744 0.000547 0.000254 -0.000124 1.311896 0.000057 0.139982 0.000883 0.001250 0.000806 0.000809 -0.000308 0.000055 0.000665 0.000970 -0.000333 -0.000809 0.000626 1.141592 -0.000004 0.000924 -0.001363 0.000229 0.000928 0.150206 -0.000576 -0.000470 -0.000823 -0.001157 0.000156 -0.000212 0.299536 -0.333039 0.001306 0.277513 0.000455 0.000167 -0.000239 0.000122
-0.008118 -0.186922 -0.000289 -0.000951 -0.000458 -0.043531 -0.706727 -0.440633 -0.156180 -0.832246 -0.000095 -0.001256 -1.164270 -0.006558 -0.000036 -0.462605 -0.000185 -0.584652 -0.001041 -0.050639 0.000243 -0.459857 0.000423 -0.758561 -0.335940 -0.688000 -0.004163 -0.547709 -0.001122 -0.558883 -0.762504 -0.001570 -0.001761 -0.001297 -0.397958 -0.493915 -0.512134 -0.000660 -0.000811 -0.000192 -0.336834 -0.081265 -0.001229 -0.000348 -0.783254 -0.157294 -0.000555 -0.000033 -0.254250 -0.000488 -0.001286 -0.327148 0.000115 -0.405499 -0.236245 0.000082 -0.201222 -0.063198 -0.724208 -0.930257 -0.105857 -0.001246
-0.001128 0.001390 -0.000453 -0.000376 -0.000827 -0.000713 0.000605 0.001133 0.000145 0.000299 0.001400 -0.000125 -0.000504 0.000685 0.000413 0.425320 0.110744 0.000733 -0.000451 0.000748 -0.000516 0.046907 0.000031 0.856867 0.000966 -0.000751 0.000445 0.000437 -0.000014 0.000320 -0.001288 -0.000164 0.000637 0.000400 0.000378 0.001298 -0.000057 0.000247 0.272549 0.000749 -0.000149 -0.000291 0.000451 -0.001100 -0.000174 0.228706 -0.000541 -0.001235 0.001447 0.001676 -0.000014 0.000260 0.000102 0.000694 -0.000273 -0.000324 -0.000077 -0.000521 -0.001179 0.000696 -0.001015 0.000725
-0.440070 -0.000616 0.000964 0.000668 -0.000681 0.001010 -0.000047 0.001157 0.000857 -0.000832 -0.000295 -0.001807 0.447450 -0.001184 0.370432 -0.315379 -0.000717 -0.000169 0.000171 0.000718 -0.000219 -0.000275 -0.000604 -0.001176 0.000448 -0.000663 -0.000347 -0.000649 0.000061 -0.005371 0.052601 0.001184 -0.001804 0.776208 0.000520 0.001318 0.001030 0.000924 -0.000001 -0.141502 0.001366 -0.000598 -0.312346 -0.000379 0.000027 -0.000271 0.001211 0.000407 0.000758 0.000988 0.000111 -0.000456 0.307803 -0.000209 -0.000180 0.000543 -0.000311 -0.001547 -0.000769 -0.000132 -0.402405 -0.000618
-0.000252 0.000289 -0.000079 -0.000951 0.005242 0.000100 0.000723 -0.000426 -0.000481 0.575799 -0.000959 0.000560 -0.000748 -0.000246 -0.098192 0.000215 -0.000145 0.467376 0.000782 0.000937 0.000259 0.000128 -0.093160 -0.802580 0.001130 0.000695 0.000018 -0.000359 0.000374 -0.000164 0.000493 0.000125 0.727601 0.000093 -0.000739 -0.000382 -0.000423 -0.000495 0.000220 0.000170 0.000091 0.727913 0.000544 -0.001194 0.000407 0.000291 -0.000716 0.000396 -0.000711 -0.000073 -0.000596 0.000003 -0.000073 0.000445 1.679296 -0.001651 -0.000551 0.196439 0.305503 0.000599 -0.000694 -0.000575
1.052480 0.000565 1.018248 1.282896 1.028524 0.230243 0.000700 0.000383 0.008565 0.937484 0.000490 -0.000632 0.392969 0.253808 0.437047 0.680719 0.272809 0.437144 0.664153 -0.000565 0.306756 0.072641 0.691737 0.114114 1.243085 0.001020 0.000317 0.001468 0.733117 1.012767 0.000053 0.000260 0.000239 1.612726 0.001406 0.001289 0.000004 1.327866 1.527124 0.946191 0.372428 0.000458 0.001139 0.000637 0.000163 0.119432 0.694454 0.000278 0.001577 0.001429 0.547262 0.572478 1.463621 0.000806 0.237030 0.504097 0.001240 0.036971 0.136671 1.000742 0.000793 0.001377
0.096960 -0.000634 0.166578 0.000119 -0.000462 -0.000638 -0.000191 0.000278 1.223650 -0.772370 0.070227 -0.000689 -0.000545 -0.000249 -0.000364 -0.000389 0.000570 -0.000493 0.690059 0.000122 0.000992 -0.000169 0.000365 0.000128 0.000217 -0.001026 0.053294 -0.000874 0.000345 0.000376 -0.001089 0.000844 0.000700 0.000371 -0.000350 -0.000626 0.000609 0.138254 0.000689 0.000963 0.000977 -0.143567 -0.000305 0.001755 -1.146637 0.949417 0.000903 0.000009 0.000662 0.000553 0.000210 0.000800 -0.001141 0.000661 -0.697285 0.276170 -0.000799 0.000366 -0.000808 0.000764 0.000488 -0.000007
0.000014 0.000454 0.014848 0.000254 0.001583 0.095321 0.000559 0.058789 0.000414 0.183724 0.421195 -0.000823 0.000124 0.354545 1.122270 0.482254 1.383022 0.000780 0.032599 0.000939 0.627940 1.220581 0.001471 0.318975 0.000474 0.001185 0.000176 0.863136 -0.000207 1.162937 0.978345 0.000820 0.333142 1.109744 1.304779 0.140433 -0.000932 0.389920 2.227513 0.000391 0.246535 0.001268 0.000033 0.614814 0.422604 0.799777 0.000536 0.713344 0.335556 -0.000282 1.313481 0.389838 0.524042 -0.000262 0.253050 0.036884 0.000347 0.000521 0.000530 0.153909 0.000690 0.004433
-0.000471 0.001424 0.001181 0.001026 0.277086 0.000456 0.315008 -0.001110 -0.000874 0.127805 0.000149 -0.000273 -0.000741 1.814745 0.522197 0.001669 0.000620 1.406528 0.000512 0.001124 0.000490 0.595335 -0.000399 0.110348 0.001372 0.001153 0.000544 0.949046 0.001042 0.000276 -0.000005 0.793012 -0.000681 0.020260 0.001253 0.001454 -0.001255 -0.000185 0.058825 -0.000102 -0.000684 0.187353 0.000307 0.000361 -0.215504 0.001238 -0.000319 0.000937 1.021641 0.000647 -0.001691 -0.000035 0.000050 0.000827 0.000949 -0.000154 -0.000105 1.895743 0.000144 0.000121 0.480188 0.001105
0.903358 0.000520 0.152810 1.061669 1.561686 0.000080 0.000502 0.001234 0.673131 0.000567 -0.000015 0.929776 -0.000242 0.000857 0.356279 1.319316 0.312748 0.811299 1.136499 1.040744 0.577986 1.779537 0.001303 0.323459 0.769188 0.391747 -0.000021 0.267003 0.001500 2.601563 0.490237 0.710546 0.001371 0.000076 0.619629 0.315966 1.276065 0.182658 0.000730 0.001128 0.013158 0.117275 2.158978 2.236032 0.001375 2.148876 0.001406 1.157558 0.000693 0.001029 1.946346 1.842530 0.479942 0.001143 -0.000043 -0.000196 0.000047 0.000068 -0.000126 0.047004 1.593847 2.417634
0.000798 0.000030 0.412427 -0.001554 -0.000241 0.116719 -0.000411 0.001257 -0.001207 -0.000929 -0.000552 0.026033 -0.000515 0.054802 0.000230 0.000016 0.000818 0.438239 0.001075 0.407606 -0.000476 -0.690694 0.001098 0.141412 -0.001127 -0.000508 0.463126 0.000681 -0.000575 -0.001058 0.000067 0.000667 -0.001097 -0.000377 -0.001194 -0.052311 -0.000601 0.000092 0.000410 -0.000834 -0.001750 -0.000225 -0.000308 0.001197 0.000116 -0.397867 -0.000143 -0.000245 -0.000229 0.000749 0.000276 0.000064 0.000349 0.000107 0.001370 0.000921 0.000665 -0.000093 -0.000800 -0.000037 0.000282 -0.000796
0.000460 -0.875884 -0.031702 -0.384178 0.000419 0.000552 -0.000460 -0.000050 0.000354 0.000859 -0.001172 -0.001110 0.000369 -0.612752 -0.001193 -0.343661 -0.001035 0.001280 0.000102 -0.916425 0.000654 -1.181149 -0.001682 -0.001331 -0.137032 -0.000459 0.000506 -0.000930 -0.619889 -0.000803 -0.000115 -0.001110 -0.000677 -0.001261 -0.000941 -0.000924 0.000629 0.000882 0.000602 0.001147 0.001029 -0.277343 -0.170896 -0.000303 -0.000884 0.000611 -0.001249 0.000695 -0.437748 -0.578495 0.000060 -0.000302 0.001291 -0.001933 -0.177577 0.000339 -0.000473 0.001279 -0.000804 0.000581 -0.123415 -0.288274
-0.000075 0.000014 0.000292 0.502696 0.870781 0.301454 0.001404 -0.000639 0.977169 0.313064 0.126311 -0.000244 0.937909 0.796810 0.546753 0.803059 0.089675 0.131515 1.276365 0.213608 0.070719 1.203896 -0.000227 -0.000148 0.000476 0.001361 0.000295 -0.000333 0.001289 0.001239 0.000522 0.001060 0.415826 2.209364 0.001404 1.118752 0.000869 1.466191 0.001170 -0.000088 2.486158 0.897972 0.000813 -0.000214 0.987670 0.656631 0.130944 0.000524 0.000775 0.000620 0.394284 0.001082 0.647670 -0.046578 0.000615 0.000503 0.001641 -0.000120 0.000179 0.001145 0.552375 0.000183
0.000679 -0.000176 0.001070 -0.000469 -0.001679 -0.000615 -0.001349 0.052890 -0.000372 -0.000553 0.000027 0.001106 -0.000039 -0.000119 0.000823 0.313520 0.000709 0.234403 -0.000288 -0.000160 -0.000569 -0.069991 -0.000318 0.535883 0.512189 0.345228 0.001109 -0.000709 -0.000305 -0.000652 0.000398 -0.000837 -0.000435 0.000062 -0.000406 -0.000405 0.001664 0.000715 -0.000423 -0.000403 0.000772 0.000622 -0.000290 -0.000771 0.000493 -0.001010 -0.219412 -0.653394 -0.000725 -0.000344 0.000803 0.001892 -0.000728 -0.000840 -0.001839 0.000293 0.000741 -0.000460 0.001286 0.000152 0.000221 -0.000952
0.000035 0.000512 0.398238 -0.000718 0.818748 0.419064 0.000260 0.000864 -0.000514 -0.000200 0.076725 0.370614 0.001163 0.001034 -0.000395 0.000039 0.000899 0.001604 0.410538 0.377629 0.042557 0.000720 0.000718 -0.000958 0.134842 0.001006 0.000522 0.000605 0.001184 -0.000324 0.001703 0.001564 0.026858 0.000647 -0.000164 -0.000322 0.893483 0.132468 -0.000115 -0.000061 0.000580 0.060632 -0.000066 -0.000512 0.000227 0.577888 0.000843 0.001046 0.000335 0.000229 0.000316 0.881736 0.001586 0.212546 0.315121 1.171055 0.000033 0.240531 0.001655 0.000188 0.000597 -0.001251
-0.670285 -1.087866 -1.551717 -1.296319 -0.439685 -2.508505 -0.430749 -1.286929 -1.405951 -0.375631 -0.728548 -0.001451 -0.911472 -1.940377 -0.000241 0.001303 -1.360014 -0.622329 -0.047456 -2.067758 -0.176751 -0.886317 -0.343351 -1.506011 -0.001307 -0.171744 -2.065938 -1.497746 -1.356954 -0.300610 -0.662348 -0.995235 -0.000999 -0.165501 -0.000793 -1.016139 -0.005244 -0.495357 -0.612349 -0.377000 -0.936213 -0.768234 -1.512087 -0.298740 -0.707563 -0.091862 -1.472130 -0.085127 -0.441385 -0.992872 -0.001872 0.000651 -0.858766 -1.733922 -1.017167 -0.226568 -1.161544 -0.371215 -1.667719 -1.321526 -1.185123 -1.622071
0.249572 0.216882 0.168113 0.733522 0.000301 -0.000097 -0.000091 0.741864 0.000646 0.288877 -0.000174 0.000328 0.000804 0.000728 0.001642 0.001689 0.000816 1.145320 0.386707 0.191081 0.000283 0.000388 -0.000173 0.813563 0.716519 0.278289 1.185823 0.153404 0.000553 0.000200 -0.000440 0.057573 0.000121 -0.000950 -0.000175 0.291214 0.850122 0.629084 0.080361 0.001223 0.072317 0.000765 0.830278 0.000095 -0.000231 0.207605 0.000419 -0.000799 -0.000458 0.001472 0.253743 0.000452 0.000891 -0.000936 -0.001189 0.000978 0.000029 0.309033 0.000074 0.000395 0.837019 1.697695
0.000387 0.405601 0.167857 0.000064 0.284634 1.094916 0.001263 0.004434 0.067288 0.167562 0.000960 0.497811 -0.000116 0.001570 0.000425 0.685242 0.737789 1.760986 0.001533 1.002481 0.101530 0.000279 1.487433 0.000790 0.617981 1.015655 1.532621 0.402726 0.962210 0.043863 0.823289 0.979051 0.961242 0.000038 0.000672 0.000844 0.267726 0.075163 0.237161 1.074785 -0.001148 0.001006 0.000252 0.744805 -0.000721 1.254255 0.272300 0.236458 0.843397 0.000312 0.001475 0.137475 0.984188 1.145543 1.043315 1.496128 0.378015 0.200092 0.000034 0.556928 0.000280 0.000296
-0.000085 0.095547 -0.001303 -0.110631 -0.000314 0.000192 0.000188 0.099981 0.000408 0.000091 0.000170 0.000824 0.000045 0.000111 -0.000158 -0.000172 0.001167 -0.000764 -0.000151 0.000909 -0.001292 -0.000602 0.000692 0.000675 0.000141 -0.000822 -0.000004 -0.000408 0.000278 0.001004 -0.000885 0.001090 0.000407 -0.000232 -0.001037 -0.072985 0.000104 0.000812 -0.000767 0.000232 0.001066 0.000343 -0.000147 -0.000023 0.000374 -0.000970 -0.080119 -0.000432 -0.000959 0.000022 0.000445 0.001365 -0.000875 0.000866 -0.070826 -0.502109 -0.300631 0.000815 -0.000624 0.000151 -0.000340 -0.000483
0.000305 0.000167 -0.001120 -0.001928 -0.148207 0.000562 -0.816532 0.000036 0.000774 0.000044 -0.707895 -0.660559 -0.006534 -0.000919 -0.065586 -0.000265 -0.001408 -0.350777 -0.000629 0.000243 -0.000359 -0.704939 0.000466 -0.172277 -0.115388 -0.001004 0.000278 -0.000701 0.000041 -0.000756 0.028051 -0.000082 -0.468660 -0.545892 0.000250 -0.001508 -0.001004 -0.745109 -0.000004 -0.000177 -0.303853 -0.001668 -1.079476 -0.000683 -1.172474 0.000271 -0.000674 0.288236 0.000433 -0.479403 -0.001234 0.000142 -0.412276 0.000619 0.000558 -0.000806 -0.000111 -0.001787 -0.001674 -0.000803 -0.243206 -0.001086
0.000122 1.107038 0.100345 0.000723 0.001196 0.043609 0.256108 0.685853 0.520185 -0.000509 1.404945 0.895139 1.065197 0.593558 0.726988 1.444653 0.809419 -0.000866 0.465733 -0.000414 1.736817 1.530485 0.239545 0.985861 2.465076 0.531450 0.309338 0.070287 0.153432 0.977903 0.001230 0.001687 1.322408 1.278407 0.000220 1.179312 -0.000727 2.086349 1.181479 0.946839 2.255575 0.001344 0.000075 0.362794 0.635160 0.152413 0.383004 0.000910 0.276890 0.672009 -0.000095 1.036882 0.739730 -0.000224 0.351865 1.024419 0.000019 -0.000135 1.067469 2.641257 -0.000567 0.000769
-0.001185 -0.000174 0.000095 -0.000690 0.000801 0.000565 -0.001223 0.001022 0.000210 -0.000419 -0.000536 0.001315 -0.000443 -0.000803 -0.000844 0.001226 0.000389 -0.000263 0.000042 0.469873 0.000209 -0.000791 -0.000176 0.000965 0.000956 0.000495 -0.000121 -0.001263 -0.000751 -0.000092 -0.000264 -0.000056 0.001316 -0.001094 -0.000454 0.000858 -0.000604 -0.000302 0.000675 0.000450 -0.000222 0.000261 0.000039 -0.001257 -0.001201 0.000805 0.000854 -0.000348 -0.000658 0.001257 0.000188 0.000452 0.000442 -0.001798 -0.000560 0.000187 0.000626 -0.000300 0.000324 -0.000475 -0.000104 0.000397
-0.000047 -0.000336 -0.000184 -0.000207 0.000229 -0.000065 0.000413 0.000933 -0.296175 0.001043 0.000302 0.000429 -0.000096 0.000008 0.000106 0.000373 -0.000145 0.000595 0.000357 0.001306 0.000352 -0.000978 0.000379 0.000348 0.292179 0.000707 -0.000135 0.000521 0.000536 -0.001404 -0.000908 0.000983 0.000988 -0.000140 -0.000312 -0.000569 0.000831 0.000705 0.000677 -0.000260 -0.001093 0.001109 0.000093 -0.000306 -0.000271 -0.000798 -0.000001 -0.001148 0.000059 -0.000984 0.000122 0.000276 0.001119 0.000995 0.000385 -0.000199 -0.000439 0.000603 0.000907 0.000435 0.000709 -0.001718
-0.000043 0.000567 0.000844 0.000660 -0.000729 0.410735 1.828799 0.001657 0.000694 1.777663 0.001284 0.001380 0.145462 1.481864 0.955616 0.000505 0.000679 0.007736 0.000103 -0.000627 0.901371 0.343920 0.001062 0.001358 0.000580 0.624433 0.000360 0.758637 -0.000119 0.042198 0.000577 -0.000296 0.624365 0.000881 0.001356 0.290250 0.001184 0.182801 0.982626 0.000234 0.037939 -0.000194 -0.000585 0.001222 0.000674 0.001359 0.000423 0.000507 -0.000242 0.481325 0.001142 -0.000385 0.000287 0.000287 0.057276 0.000054 1.523177 0.000147 0.455322 0.283294 0.242795 0.116363
-0.000650 0.001145 0.249294 1.050193 -0.000178 0.256044 0.356493 1.074346 0.000330 0.000457 0.184644 -0.000368 1.114647 0.047103 0.000192 0.000077 0.569277 0.000823 1.219142 0.011338 0.690156 0.858084 0.824937 0.001187 0.000990 0.001441 0.001220 0.000635 0.437880 0.000911 0.640966 0.956659 0.000024 0.000841 0.346327 0.023485 0.001336 0.597262 0.001130 0.522933 0.666172 0.402659 0.012797 0.715282 0.000240 0.000279 0.441448 0.020400 1.345486 0.001132 0.870228 0.544396 0.926822 1.276000 0.597282 0.894732 0.000161 0.001252 -0.000623 0.335907 -0.000732 0.399761
-0.001187 -0.311615 -0.000391 -0.119026 0.001445 -0.001496 0.000094 -0.000876 -0.000547 0.001464 -0.000757 -0.000841 -0.000236 -0.421793 0.000444 -0.000321 -0.000144 0.001310 0.000637 -0.000929 0.867248 -0.000521 -0.000297 0.000184 0.168088 -0.000306 -0.413585 0.000014 -0.000708 0.001135 0.000226 -0.000705 0.031341 -0.000419 -0.099170 0.001264 0.000316 0.000935 -0.001194 0.700361 0.361922 0.000384 -0.000210 -0.000640 -0.001199 -0.001256 -0.355356 0.000572 -0.001017 -0.000395 -0.000127 0.000691 -0.000551 0.000637 -0.000514 0.000180 0.000417 -0.000707 0.000948 0.000495 -0.000241 -0.023000
0.000950 -0.000076 -0.000581 -0.000253 0.001604 -0.000293 -0.000236 0.000929 0.000223 -0.000878 -0.001492 -0.000962 -0.000402 -0.000597 0.000387 -0.000509 -0.000215 -0.263316 -0.000990 -0.000772 0.000918 0.001437 -0.000337 0.001204 0.000170 0.001031 -0.000757 -0.000078 -0.000182 0.641766 -0.000170 0.000566 0.000185 -0.000142 -0.001024 -0.000063 0.000014 -0.001346 0.000027 -0.159427 -0.000699 0.000927 -0.207007 0.000595 0.000390 0.001361 -0.000216 0.001132 -0.000476 0.000403 -0.000407 0.001075 -0.000089 -0.000500 0.000949 -0.001461 -0.000324 -0.155746 0.000144 0.000366 -0.000611 0.000282
-0.000894 -0.000724 -0.000924 -0.862244 -0.372644 -0.621534 -0.000191 -1.129163 -1.383453 -0.203746 -0.000840 -0.000972 -0.592403 0.000434 -0.000383 -1.589587 -0.696211 -0.356087 -0.000772 -0.604223 -0.147880 -1.144788 -0.089984 0.000040 -1.096015 -0.001245 -0.039984 -0.177081 -0.936648 -2.021285 -0.678251 -1.404098 -0.754458 -0.000802 0.001046 -0.000462 -0.751921 0.000334 0.000023 0.000361 0.380216 -0.303022 -0.643091 -0.122622 -0.016005 -0.572085 -0.001020 -1.576360 -1.544436 -0.304171 -0.640556 -0.413060 -0.277624 -0.305528 -0.497879 -0.635012 -0.001714 -0.077235 -0.151151 -0.001599 -0.575788 -0.011067
-0.079492 -0.000198 -0.001082 0.000188 0.000001 -0.000706 -0.298901 -0.000063 0.000366 -0.001033 -0.001194 -0.986080 0.000074 -0.013616 0.001173 0.000848 0.000996 -0.993703 -0.000941 0.000197 0.000243 0.037664 0.000424 -0.000416 0.000196 -0.000968 -0.243817 0.000664 -0.001455 0.000446 0.000463 -0.000136 -0.271886 -0.000125 0.001258 0.000362 -0.426742 -0.000841 0.000569 -0.197938 0.189361 0.000533 -0.001188 -0.001065 0.000171 0.935116 -0.000703 -0.001125 0.000165 0.000238 -0.001024 -0.000399 0.130551 -0.000371 -0.436730 -0.000356 -0.462458 -0.911924 -0.377192 -0.000365 -0.012680 0.860160
0.000815 1.102685 0.361458 0.879298 0.484231 0.091542 1.596762 1.640672 0.799145 0.089760 0.000558 -0.000086 -0.000146 0.445321 1.132758 -0.000735 1.624310 0.299496 0.327521 1.808206 1.367746 0.225374 0.387540 0.572713 0.982142 0.830253 0.735896 0.178464 1.384827 0.010724 0.973948 0.000268 0.947915 0.998157 -0.140776 0.729165 0.286428 -0.000166 0.270760 -0.000125 -0.000517 0.779031 0.050427 1.108699 0.515904 0.001618 0.220543 1.320109 0.520054 0.570191 0.244156 0.361090 1.082533 0.000057 1.357405 0.129424 1.000727 0.314513 0.998416 0.244467 0.844795 0.162814
0.000332 0.000116 -0.000361 -0.000647 -0.000044 -0.001197 -0.000047 -0.000937 -0.262209 0.000291 -0.743900 -0.000288 0.000397 -0.001458 -0.000114 -0.000291 -0.000796 0.000832 0.000234 -0.000389 -0.556751 -0.234052 -0.000447 -0.474272 -0.000624 -0.000271 0.000969 -0.206529 0.000096 -0.000536 -0.000734 -0.104490 0.000279 -0.000513 -0.000389 0.000079 0.000020 0.000604 -0.127799 -0.000645 -0.000457 0.000048 0.000017 -0.000173 -0.789415 0.001066 -0.001418 0.000588 -0.001392 0.000458 -0.000073 -0.000041 -0.000342 0.000119 -0.094727 -0.025990 0.001781 0.763042 -0.000301 -0.001058 0.000078 0.000034
0.295043 -0.001486 0.001374 -0.000680 0.000136 0.001316 -0.000614 0.586728 -0.000275 0.265745 -0.001154 -0.000105 0.001079 0.000049 1.452703 0.195613 -0.000779 0.001205 -0.000472 0.000698 -0.001848 0.000043 -0.000085 1.036665 0.001196 0.000600 0.000317 -0.001744 0.000470 0.000983 0.494713 -0.371587 -0.110217 0.000106 0.001335 0.001644 1.324744 0.001378 0.000143 -0.000346 -0.000407 0.000247 -0.001049 -0.502049 0.000692 0.130869 -0.000413 0.000180 -0.000293 -0.000179 0.000414 0.000068 0.000950 -0.001092 -0.001175 0.000502 0.001770 -0.000778 0.000680 -0.000340 0.000743 0.000152
-0.000594 1.914284 -0.001291 0.000586 0.001192 -0.000013 0.000306 -0.000190 -0.000916 0.000561 -0.000014 -0.000960 -0.688738 0.591720 -0.000338 -0.000032 0.148195 0.001127 0.000482 0.000971 -0.000394 -0.000356 -0.000046 -0.000109 -0.000243 0.000414 0.001271 0.001178 0.668244 -0.000958 -0.000343 0.969313 0.000781 0.001355 0.000366 -0.001394 -0.707625 0.001518 0.117626 0.000989 -0.000363 -0.000696 0.000388 0.000466 -0.229998 0.000261 -0.000951 0.164858 0.000367 -0.000972 -0.091148 -0.000904 -0.000628 0.000142 0.001388 0.000049 0.000196 0.739756 -0.000430 -0.000345 -0.000197 -0.000289
1.306377 0.761502 0.655935 0.361721 0.100795 1.477666 -0.000457 -0.000097 0.783108 1.145884 1.579153 0.860821 0.000325 0.679384 0.001746 0.591745 0.000459 0.080340 0.000562 0.653549 -0.000971 -0.000411 0.000801 0.000596 0.020574 0.535651 0.155438 -0.000560 1.056056 0.000550 1.113882 0.000871 0.000445 0.892389 1.020965 0.000129 0.000002 0.000370 0.000944 1.214555 1.527926 0.001113 0.814187 0.756973 0.931730 -0.000001 1.898962 0.000692 0.091045 -0.039010 0.809208 -0.000392 0.719168 0.352712 0.000978 0.392213 -0.000331 0.518503 0.000086 0.029111 0.000518 0.065476
0.001028 -0.177432 -0.000174 -0.581201 -0.000066 -0.154257 -0.103278 -0.044780 0.000684 0.000611 -0.150024 -0.001389 0.001168 -0.406007 -0.000378 0.001517 0.000582 0.000440 0.585346 -0.202661 -0.912306 -0.001320 -0.465947 0.033889 -0.000942 0.000162 -0.000946 -0.000822 -0.984730 0.099694 0.000576 -0.456470 -0.000299 -0.000487 0.000406 0.000136 0.000480 0.290269 0.301392 0.418314 -0.000128 0.000851 -0.066146 -0.000330 -0.000162 -0.000348 -0.000771 0.000575 -0.000012 -0.501003 -0.000047 0.160080 -0.821639 0.775602 -0.060212 -0.001115 -0.081774 0.001588 -0.000679 -0.317998 -0.000215 -0.829216
-0.000740 0.000824 0.413886 -0.001005 0.000257 -0.000143 -0.103769 -0.000202 -0.000299 0.000722 0.038806 -0.000593 -0.000775 0.000074 0.210938 0.537710 0.000082 -0.000504 -0.000623 0.001027 -0.000711 -0.124728 0.251686 0.866110 0.332243 0.253133 0.001159 -0.975083 0.000808 -0.971306 -0.000545 -0.000711 0.000455 -0.000060 0.456535 0.378248 0.000106 -0.000759 0.586224 0.031627 0.001062 -0.000114 0.000114 -0.994601 0.001156 0.000995 -0.229908 -0.755894 0.000532 0.000495 -0.000018 -0.000225 0.200490 -0.001215 -0.092974 0.211400 -0.034436 0.000736 -0.003076 0.001805 -0.291958 0.001175
0.000697 0.001342 0.133344 0.001067 -0.000156 0.817244 0.001353 0.200787 0.000057 -0.000706 0.001068 0.415735 0.263723 -0.000046 0.661708 0.760409 0.054467 0.000415 0.785607 0.721459 0.177965 0.970207 0.000649 0.775957 1.618208 0.000303 0.469734 1.059812 0.000536 1.581039 0.001232 0.404506 0.001051 -0.000831 0.312440 0.000829 0.000418 0.123454 0.001227 -0.000026 0.032578 0.001078 0.000851 0.432395 0.001035 0.793328 0.955485 0.000048 0.176006 0.000042 0.351133 1.556800 0.671902 0.257542 0.001635 0.000300 0.153803 0.000070 -0.000052 1.525025 0.000619 0.001002
0.419487 -0.001116 -0.000255 -0.000880 -0.000118 0.001212 0.000784 -0.001591 0.249624 0.000078 0.001254 1.559044 0.416186 0.253037 1.294287 0.188256 0.792359 -0.010731 -0.000146 -0.001481 -0.000567 0.000682 -0.001145 0.000078 0.000576 0.004637 0.001088 0.000029 -0.000428 0.001387 0.000187 -0.000247 0.000389 1.291424 0.447002 0.000539 0.000705 0.284556 0.337752 0.001432 -0.000335 0.000022 0.280356 1.772444 0.347834 0.243348 0.797616 0.554084 -0.000345 0.927191 0.001206 -0.000070 -0.038154 0.000536 -0.216949 -0.001201 0.000915 0.000407 1.065315 0.000547 0.000977 0.000218
0.561378 -0.000229 1.284567 0.836513 -0.000812 0.001128 0.000084 0.205160 0.432838 0.000692 2.094980 -0.000437 1.438155 0.000172 0.035631 0.801694 0.000022 1.098973 1.282992 0.000600 1.681515 0.000225 0.001254 0.731678 0.626668 -0.000173 0.000265 1.147022 0.001014 0.001128 0.000356 -0.000078 0.183551 0.000453 0.001098 -0.000499 2.052522 0.001617 0.000832 0.566375 0.858994 0.118779 0.040339 0.034123 0.000720 0.592958 0.000474 0.000504 0.522562 0.000125 0.255398 0.080501 0.128656 -0.000016 0.000868 0.319200 0.001026 0.001892 -0.000935 0.001085 1.044432 0.593594
-0.069395 -0.000090 -0.000289 -0.107957 -0.205413 0.000298 -0.000185 -0.107150 -0.000668 0.000128 -0.953291 -0.364603 -0.000663 0.000668 0.000379 -0.001596 -0.582169 0.000161 0.000322 -0.278306 -0.000214 -0.248497 -0.310537 -0.001088 -0.000044 -0.578473 -0.001462 -0.000624 -0.142309 -0.160871 -0.256311 -0.096792 -0.001520 -0.000298 -0.000433 -0.000777 -0.614745 0.000820 0.000102 -0.222389 -0.039769 -0.030674 -0.317783 -0.025096 -0.774377 -0.001610 -0.118773 -0.001297 -0.253889 -0.001095 -0.932207 -0.000224 -1.411954 -1.147747 -0.001721 -0.598919 -0.000252 -0.000691 -0.000064 -0.352461 0.000852 -0.001471
-0.000194 -0.095558 -0.001741 -0.051575 -0.000393 0.000224 0.001029 -0.000514 0.000678 -0.000310 -0.001060 0.028094 -0.001231 -0.373621 0.000293 0.096991 -0.000100 0.001293 0.000442 0.000345 0.000923 0.000301 -0.622927 0.000473 0.000949 0.035540 0.000053 -0.000366 -0.000738 0.221898 0.012657 0.000785 0.207642 0.000371 0.739317 0.000449 0.321220 0.000236 -0.575728 -0.001051 -0.000226 0.000132 0.000202 0.001152 0.460314 -0.000399 0.406180 0.000178 -0.000366 -0.000419 -0.000937 0.000290 -0.000985 -0.000086 0.055971 0.000554 0.000804 0.000012 -0.443916 0.000498 0.001052 -0.000328
-0.000587 0.000124 0.442413 0.548938 0.386889 0.268672 0.512728 0.339947 -0.000812 0.465580 0.526452 0.052038 0.029118 1.659132 1.899299 1.069317 2.266154 0.722867 0.491622 0.001270 1.613730 1.270037 0.635918 0.649701 0.955042 0.797110 0.363498 0.218249 2.130564 0.318984 0.001588 0.656051 0.000712 2.204067 0.269741 0.149524 0.997241 0.565567 0.055220 0.000551 0.999456 1.075319 1.393938 1.139944 1.581647 0.576770 0.079030 0.000388 1.476602 0.001131 0.413794 1.357376 0.664051 0.966905 0.533741 0.000994 -0.000215 0.899421 0.581672 0.089859 -0.000698 0.970022
0.005958 0.000928 0.879010 0.000365 0.057666 0.573163 0.286509 0.220707 0.000113 0.001671 -0.000762 0.001103 -0.000257 0.000351 0.650091 0.001021 -0.000003 0.019077 0.000728 0.008544 0.000134 1.044818 0.001223 1.076335 0.802172 0.000433 0.001048 0.000381 0.000744 0.000153 -0.000389 -0.000488 0.000321 0.001455 0.001195 0.067368 0.000559 0.406988 0.000952 0.000882 0.001378 -0.000670 0.345930 -0.000850 0.000847 0.844376 0.307625 0.000979 -0.000073 0.049673 0.229713 0.001023 0.475127 0.000149 0.319303 0.000058 0.440903 0.000040 0.174426 0.445340 0.000520 0.000713
0.987616 1.685705 0.688802 0.309153 -0.000498 1.502653 0.376979 0.882717 2.042683 0.624233 1.134367 1.188726 0.330648 0.615742 1.862685 0.118471 0.810531 1.067436 0.739280 1.707791 0.155059 0.641726 0.653061 1.399373 0.357321 0.380357 1.207907 -0.000169 0.572083 2.131213 1.868781 0.001576 0.300696 0.028792 2.561722 0.356541 2.534517 1.521768 1.830485 0.700818 0.633463 0.368970 0.828833 0.415191 0.830741 1.726654 0.643470 1.318935 0.588059 1.497584 0.969985 0.000558 0.599894 0.790102 1.196411 2.425363 0.896494 1.173476 0.354790 1.263055 0.510429 -0.000423
0.000030 -0.069333 -0.000529 -0.000921 -0.091594 -0.148877 -0.036375 0.000310 -0.195758 -0.331157 0.000218 -1.957980 -0.980385 0.000247 -0.404005 -0.240066 -0.951129 -0.213369 -0.328346 -0.900377 -0.445399 -0.001583 0.000416 -0.896812 -0.000108 -0.813391 -0.000799 -0.121389 -0.000467 -0.000114 -0.537101 -0.824744 0.000196 -0.111457 -0.009136 0.000815 -0.001077 -0.001213 -0.325938 -0.930566 -0.000972 -0.127820 -0.760709 -0.000683 -0.462746 0.247598 -0.001887 -1.138763 -0.616566 -0.000532 -0.066017 -0.001382 -0.383531 -0.000024 -0.118262 -0.619261 -0.200139 -0.001031 0.000267 -0.009545 -0.612614 0.000320
0.178347 2.151754 0.000226 0.207002 0.164026 0.749312 0.932048 1.000622 0.001601 0.893429 0.000925 0.267192 0.001008 1.246922 -0.000082 0.000919 0.504871 0.108110 -0.000139 0.000587 0.142096 0.249232 0.485981 -0.000491 -0.000190 0.736817 0.443278 0.996281 -0.000417 0.497655 0.364377 0.001221 1.606601 -0.000318 0.000113 0.001903 0.000964 0.520220 0.755844 0.562944 0.619942 1.397606 1.199286 0.756268 -0.000110 0.612356 0.000570 0.476346 -0.000476 0.555431 1.432864 0.000615 1.550452 -0.000730 1.253002 0.000218 1.195687 1.719848 0.001632 0.258800 0.335180 1.052926
0.000204 0.000900 0.001284 0.000138 0.000886 0.000093 0.000854 -0.000065 -0.000217 0.000021 -0.000494 0.000856 -0.000422 -0.000999 0.000927 0.887253 0.000445 0.000283 0.001325 0.001234 0.255161 0.000534 -0.000752 0.000693 0.081450 0.000947 0.000347 -0.000107 -0.000804 0.000126 -0.021296 1.250177 0.000016 -0.000754 0.000629 0.000457 0.001161 0.000690 -0.000309 0.001089 0.031385 -0.000232 0.001345 0.146772 0.000452 0.000366 -0.000409 0.000010 0.000954 -0.000162 -0.000034 0.001221 0.000948 0.000424 -0.000867 0.000067 -0.163147 -0.000683 0.000305 0.000978 0.000716 -0.000491
-0.001559 0.000017 0.000282 0.099891 -0.001573 1.741915 1.059110 -0.000356 -0.000166 1.873991 1.343367 0.000690 1.452155 1.038733 0.596891 0.051921 0.000827 -0.000953 0.001622 0.953495 0.000370 0.000174 -0.000065 0.000390 0.032854 0.532646 0.421050 0.000331 0.000257 0.000413 -0.000051 0.000751 0.000460 0.572728 -0.000780 0.665752 0.069585 0.845055 0.495634 -0.288830 0.000211 0.372223 0.206844 -0.000732 1.785774 -0.001282 0.001028 -0.000210 0.001046 0.501409 -0.000138 0.000009 -0.000675 -0.001197 0.193471 0.462465 0.382351 -0.000214 0.001068 0.028673 0.001176 0.001454
-0.001002 -0.000380 -0.000445 -0.000060 0.000586 -0.000111 -0.000911 0.000245 0.000085 0.000459 -0.000874 -0.000753 -0.001277 0.000262 -0.000451 -0.001401 0.000053 0.031249 0.001707 -0.000600 -0.001204 0.000273 -0.000659 0.000263 -0.040684 -0.000612 -0.000627 0.000619 -0.000000 -0.000720 -0.000925 -0.001389 -0.000791 0.000040 -0.000672 -0.000938 -0.000368 -0.000068 0.000883 0.000667 0.000225 0.000778 -0.000333 -0.000463 -0.001248 -0.000101 -0.616782 0.001420 -0.000064 -0.000832 -0.000455 -0.000008 -0.001348 -0.001007 -0.000575 -0.041516 -0.001201 0.191538 -0.000744 -0.001094 0.001007 -0.000707
-0.000329 -0.001674 -0.187722 -0.000067 0.000315 0.000957 -0.845833 -0.971351 -0.138248 -0.000627 -0.175423 0.001144 -0.255875 -0.100175 -0.000255 -0.001068 -0.112959 0.184295 -0.000337 -0.001297 -0.000208 -0.000126 -0.001091 -0.213195 0.000709 -0.174901 0.000219 -0.136366 0.000181 -0.000734 -0.267032 -0.000428 -0.000022 -0.881775 -0.000795 -0.337663 0.001302 0.232953 1.077640 0.000672 -0.877296 -0.000995 -0.000525 -0.000027 -0.000015 -0.000509 0.000449 -0.000548 -0.695372 -0.000810 -0.000611 -0.000539 0.065156 -0.000005 0.000001 -0.001838 -0.000361 -0.000337 0.000448 0.000842 -0.000216 -0.000393
0.010017 0.000019 0.000760 -0.000130 -0.000823 0.000265 -0.000285 0.000038 0.041382 -0.001233 -0.000884 -0.000926 0.000065 0.064829 -0.025564 -0.000729 -0.000834 -0.000802 0.000979 -0.000591 -0.000718 -0.155197 0.001551 -0.452622 -0.000773 0.000244 0.000859 -0.135365 0.069993 -0.000220 -0.000798 -0.000869 0.000060 0.000404 0.000726 0.000779 -0.000391 0.000660 0.000059 -0.000437 0.001364 -0.000427 -0.000379 0.000555 0.000085 0.001530 0.001320 -0.000878 0.000562 0.000225 -0.000131 0.000496 -0.147752 -0.000901 -0.001084 -0.000036 0.000205 0.000522 -0.000596 -0.000184 0.000404 0.000278
0.000877 -0.000781 -0.240002 -0.000215 0.001223 -0.000358 0.000719 0.000018 -0.000844 0.000950 -0.367964 0.000175 -0.001581 -0.000200 0.000927 0.000603 -0.000550 -0.000841 -0.001004 0.000342 0.000104 -0.000485 0.000231 -0.001061 -0.000904 -0.000035 0.000129 0.000572 -0.001364 -0.000466 0.000980 0.000112 0.000510 -0.001189 -0.000915 -0.000377 -0.000224 0.000051 -0.000067 -0.001048 0.000331 -0.000309 -0.000579 -0.000956 -0.000133 0.001201 -0.000355 0.001312 -0.001311 0.000673 0.000667 -0.000590 0.001190 -0.001317 0.000042 -1.171024 -0.000312 0.000482 0.000319 0.000754 -0.000103 -0.000571
-0.001044 0.000027 -0.011388 -0.000406 0.001556 -0.000612 0.444789 -0.000606 0.000860 -0.001166 0.000530 0.000668 -0.000475 -0.017741 0.000156 -0.682352 0.000156 0.761881 0.125367 -0.000463 0.000076 0.000106 -0.001413 -0.000903 0.000467 -0.001403 -0.000842 0.001412 -0.006241 0.694682 0.000937 0.385076 -0.000023 0.000337 0.000410 -0.001780 0.000512 0.676264 -0.000509 0.001330 0.000177 0.001360 -0.000713 1.069542 -0.000119 0.000800 -0.000935 -0.000014 -0.318720 -0.001336 0.000094 -0.000096 0.001236 0.279348 -0.000161 0.000699 -0.000445 -0.000180 -0.001509 0.000663 -0.000454 0.000263
