0.000041 -0.206341 -0.259601 -0.233017 0.000201 -0.001207 -0.301508 -0.001196 -0.000657 -0.001613 0.000125 -0.001849 -0.023932 -0.001086 0.000868 -0.000658 -0.000553 -0.270850 -0.969288 -0.000276 -0.332594 -0.001654 -0.232945 -0.001548 -0.000755 -0.742674 0.000294 -0.006657 -0.000269 0.000744 -0.296025 -0.320761 -0.627239 0.000030 -0.475358 -0.648856 -0.000496 0.000094 -0.000878 -0.000400 -0.000902 0.000118 -0.069630 -0.000698 -0.001098 -0.001743 0.000062 0.000715 0.000313 -0.000071 -0.070907 0.000662 -0.000539 -0.000552 -0.001242 -0.002792 -0.555457 -0.176492 -0.195366 -0.001048 -0.544208 -0.350693
0.000040 0.000410 0.000690 -0.000088 -0.000297 0.001112 0.000051 0.000428 -0.103188 -0.000116 0.000160 -0.000036 0.000283 0.001276 -0.000885 0.000054 -0.000681 0.000640 0.000851 0.000872 -0.000240 -0.000704 -0.000248 0.000420 0.000942 -0.000548 -0.000780 0.001138 -0.000563 -0.000790 -0.000397 -0.000093 0.000066 0.000880 0.000600 -0.001381 0.001124 -0.000847 0.000016 0.000746 0.000016 0.001373 -0.000152 0.001058 0.000800 -0.000170 -0.000557 -0.001026 0.000917 -0.194560 0.000237 -0.000892 -0.000427 0.000776 0.000823 0.000270 -0.000309 -0.000232 -0.000162 -0.000609 0.000789 0.000051
0.000022 -0.001373 0.000612 -0.000048 0.000322 0.000935 -0.000199 -0.000435 -0.000697 0.000379 0.000043 0.001366 -0.000422 -0.000379 -0.000120 -0.000508 0.000850 -0.000430 0.000015 -0.000157 0.000666 -0.000871 -0.000134 0.000729 -0.000258 0.000093 0.000556 0.000191 -0.001453 0.001094 -0.000554 -0.000048 0.000464 -0.194601 -0.000258 -0.001378 0.001039 0.000959 -0.000010 0.000038 0.000186 -0.000333 0.001339 0.000015 0.001460 -0.000322 0.000596 -0.000705 -0.000073 0.000085 -0.000034 0.000139 0.000093 -0.000133 0.000789 0.000434 -0.001136 0.000808 -0.001092 0.000418 0.001004 0.001295
0.000791 0.000552 -0.000150 0.000401 0.000869 0.000165 -0.000585 -0.000058 0.198669 -0.159629 -0.000966 -0.011946 0.000827 -0.000048 0.000058 0.000088 -0.000156 -0.000112 -0.000774 0.000337 -0.000242 -0.000592 0.000378 0.000613 -0.008871 -0.470996 0.000344 -0.000164 -0.005845 -0.001012 -0.000669 -0.000722 -0.123535 0.000026 -0.000797 -0.000667 0.000948 -0.000962 -0.234559 -0.000685 0.000019 -0.000959 -0.001381 0.000490 0.000653 -0.000431 -0.000016 -0.000878 0.000299 0.000494 0.000392 -0.000060 0.001040 -0.000718 -0.449408 0.000052 -0.001261 0.000507 -0.000607 0.000377 -0.000436 -0.141180
-0.000651 -0.000512 0.001321 0.000327 -0.000242 -0.000517 -0.000532 -0.000351 0.001464 0.001255 0.050865 -0.000286 0.000014 -0.001036 0.001824 0.000419 -0.000418 0.001491 0.367845 -0.000410 0.000817 0.000522 -0.000460 0.000264 0.000527 -0.000098 0.000390 0.001066 0.000576 0.000819 0.001119 0.000709 -0.000572 0.001130 0.000306 0.000810 -0.000063 0.001017 -0.000937 -0.000648 -0.000768 0.000885 0.000582 0.000520 -0.000730 0.333185 -0.000527 0.000529 -0.000834 0.000437 0.000789 0.520883 0.001312 -0.000982 -0.000202 0.001109 0.000662 -0.000132 0.000756 -0.000499 -0.000377 -0.000245
0.000068 0.279778 0.000816 0.000613 0.000417 0.000425 -0.000113 0.000122 0.000718 0.000518 -0.000416 -0.001431 -0.000412 0.672668 0.000249 -0.000047 0.116962 0.073731 0.001317 -0.000308 0.000777 0.000519 0.001052 -0.000701 0.000990 -0.000420 0.000745 0.254813 0.000461 0.000623 0.000358 -0.000043 -0.000685 0.000983 -0.000430 0.001076 0.000870 0.000747 0.000541 -0.000114 0.000293 -0.000077 0.001420 0.001363 0.000689 0.001584 -0.000537 0.162414 -0.000414 0.001372 -0.000268 0.000862 0.000386 0.000261 0.351123 -0.000863 0.001125 1.774471 -0.000979 0.001178 -0.000024 0.000068
-0.000411 -0.000727 -0.000502 -0.000560 0.000602 0.000471 0.000178 0.000479 0.000480 0.001100 -0.000971 -0.000233 -0.000938 0.000366 -0.000203 -0.000303 -0.000923 0.000748 0.000715 0.000088 -0.000735 -0.001036 -0.000427 -0.000154 0.000452 -0.001539 0.000032 -0.000011 0.000784 -0.000015 -0.000112 0.000317 -0.000218 0.000928 -0.000946 0.000058 -0.000324 0.001073 0.000787 0.000580 0.000905 0.000823 -0.001344 0.000071 0.000799 -0.000124 -0.001101 -0.000721 0.000166 0.000543 -0.001035 -0.000382 0.000016 -0.001181 0.000955 -0.000828 -0.000174 0.222701 -0.000142 -0.001191 0.000261 -0.000668
0.000782 -0.000300 0.000234 -0.000651 0.000485 0.346990 0.000050 0.542225 0.648078 0.410629 0.001248 0.000507 -0.000556 0.046008 0.127558 -0.000345 0.001098 0.341554 0.000553 0.794679 0.055339 0.001555 0.001229 0.000344 -0.000171 0.001062 0.000882 1.014107 0.000126 0.255280 0.309095 0.000365 0.115474 0.000554 0.000590 0.000695 0.001029 0.001179 0.000480 -0.000595 -0.000447 0.396071 0.000044 0.000327 -0.000288 0.050531 0.000374 0.000084 0.001151 0.541151 0.001592 0.001449 0.317705 0.000600 0.802470 -0.000961 0.000688 0.000457 0.000594 -0.000857 0.327802 0.000181
0.001350 0.001123 0.001266 1.229588 0.000833 0.001422 0.000556 1.017324 0.508974 0.000794 0.000964 0.001097 0.552813 0.000403 0.000912 0.656877 0.877735 0.000581 0.000685 0.001849 0.082955 0.179767 0.101812 -0.000175 0.246706 0.109879 0.352949 -0.000055 0.560262 0.167965 0.001954 0.269282 -0.000124 0.109212 -0.000559 0.496268 0.000030 1.069014 0.000264 0.121282 0.501164 0.000650 -0.000142 -0.000118 0.394158 1.268664 0.001479 0.267000 -0.000191 0.116456 -0.000530 0.616741 0.013477 -0.000294 -0.000185 0.000217 0.001012 0.000116 0.656028 0.000261 0.000469 0.000272
0.001550 0.115478 0.000364 0.000961 0.000290 0.561662 1.036136 0.000622 -0.000734 0.576201 -0.000211 0.000872 0.000299 0.538631 0.000212 -0.000701 -0.000517 1.547502 0.000657 0.210661 0.001631 -0.000157 0.000081 -0.000510 0.000272 0.000032 0.478008 0.939107 0.245040 0.000074 0.000046 0.000945 0.547758 0.001109 0.000527 0.000945 0.000010 0.001427 0.000601 0.001225 0.000743 1.099747 0.001000 0.000533 0.001069 -0.000797 0.000304 -0.000083 0.001210 0.000518 -0.001141 -0.000365 0.000810 0.001009 0.283252 -0.000237 0.000352 0.480445 0.117120 -0.000180 -0.000097 0.000302
-0.000023 -0.001144 -0.001245 -0.001178 0.000378 -0.000132 -0.000623 -0.000519 -0.000902 -0.060237 -0.001148 0.000220 -0.267901 -0.000155 -0.000248 -0.001474 -0.000553 -0.001077 -0.001302 -0.000624 0.000546 0.000359 -0.000605 -0.000031 0.000137 0.000087 0.000313 -0.001295 -0.001156 -0.001235 -0.016826 -0.000388 -0.001354 0.000454 -0.000241 -0.001565 -0.000713 0.000192 -0.000267 -0.000470 0.000166 -0.000899 0.000066 -0.000579 -0.000948 -0.000956 -0.000343 0.001038 -0.000471 -0.000212 -0.000018 0.000262 0.000215 -0.001650 -0.001099 -0.001328 -0.000218 -0.000761 -0.001450 -0.219856 0.000302 0.000326
-0.000634 -0.000455 -0.000393 0.000030 0.000387 -0.000150 -0.000642 0.001028 0.078413 0.000821 0.000606 0.000239 0.000540 -0.000610 0.001071 0.590188 0.000243 0.001291 0.001196 -0.000053 0.001001 0.085110 -0.000052 0.424999 -0.000507 0.000293 -0.000469 -0.000634 -0.000911 0.146781 -0.000397 -0.000273 0.000963 0.001165 -0.000060 0.000910 0.000560 0.001159 0.001151 0.000873 0.001288 0.000802 0.001043 0.000275 0.000330 0.335193 0.000236 0.000580 0.001101 0.000799 0.000382 0.237377 0.000418 -0.000484 0.000694 0.000402 0.000592 -0.000028 -0.000849 0.000730 -0.000597 0.001080
-0.000957 0.000731 -0.000030 -0.000407 -0.000433 0.000424 0.000716 0.000789 -0.000681 0.000980 -0.001743 -0.000254 0.220190 0.000556 0.480298 -0.000846 0.000180 -0.000263 0.000205 0.000382 0.000911 0.001178 0.000783 -0.000936 -0.001296 0.000528 -0.001068 0.000411 0.000017 -0.000584 -0.000184 -0.000411 0.000569 0.750416 0.001082 -0.000352 -0.000707 0.000586 -0.000353 -0.000055 0.000072 0.000544 -0.000102 0.000453 0.000905 0.001596 0.000114 0.000823 -0.000631 -0.000182 0.010545 0.000150 0.000198 -0.000408 0.000693 0.000031 -0.000371 0.000170 0.000671 0.001174 -0.000575 0.000850
-0.000395 0.000396 -0.000758 -0.000455 0.000205 0.036041 0.001587 -0.000497 -0.000047 0.722049 0.000562 0.000181 -0.000472 0.001301 0.000670 0.001216 0.000048 0.225214 0.000295 0.000202 0.000563 -0.000606 -0.000001 0.000102 0.000705 0.000195 -0.000084 -0.000466 0.000926 -0.000328 -0.000021 -0.000417 0.222221 -0.000806 -0.001026 0.000363 -0.000170 0.000104 -0.000359 0.001363 0.000592 0.850751 0.000898 -0.000756 0.000740 0.001000 0.000511 0.001057 0.000692 -0.001108 0.000228 -0.000153 -0.000645 0.001109 1.431276 -0.001036 -0.000672 0.429142 0.209651 0.000920 0.001352 0.000184
0.901216 -0.000365 0.701928 1.527056 0.959103 0.051574 0.000777 0.000998 0.126890 0.523643 0.467318 0.333263 0.033802 0.001399 0.001191 0.260394 0.000163 0.073648 0.598113 0.000840 0.001272 0.000258 0.496081 0.000204 0.648641 0.000566 0.114125 0.335574 0.259138 0.001758 0.000966 0.024223 0.001343 0.799316 0.000547 0.000122 0.000339 1.024663 1.256356 0.106170 -0.000123 0.001477 0.000119 0.320521 0.287637 0.457244 0.592706 0.457012 0.000780 -0.000202 1.022530 0.185413 0.001016 0.000355 0.001228 0.001181 0.252531 0.177854 0.080474 0.653832 0.000253 0.000292
0.020069 -0.000088 0.000859 0.000000 -0.000636 -0.000128 0.000572 -0.000332 0.226244 -0.256186 0.001294 0.000287 -0.000886 0.000751 -0.000807 -0.000609 -0.000455 -0.000973 0.253356 -0.000192 0.000016 -0.000015 0.001149 0.000954 0.000890 -0.000052 0.000883 0.000646 -0.001204 0.001153 0.000618 0.000377 -0.000138 0.000462 0.000475 -0.000280 0.001022 0.013433 0.000308 0.000549 0.078084 -0.000438 0.000049 0.079060 0.000332 0.612679 0.001023 -0.000000 0.000475 -0.000337 -0.000339 0.001429 0.000768 0.000619 -0.001203 0.217421 -0.000078 0.000520 0.000047 -0.000018 -0.000162 0.001248
-0.000353 -0.000363 0.000070 -0.000488 0.000462 0.229925 0.000676 -0.000287 0.164987 0.223708 0.200659 0.000920 0.104992 0.214799 0.583424 0.362980 0.616344 0.000645 0.274836 0.001038 0.496834 0.000079 0.000633 0.183656 0.000494 0.000579 0.000649 0.163219 -0.000491 0.365284 0.719787 0.001049 0.335414 0.916406 0.446443 0.000202 -0.000029 0.299600 1.429676 0.001116 0.138456 -0.000382 -0.000170 0.380883 -0.000059 0.520422 -0.000045 0.679209 0.000618 0.001387 1.543336 0.064568 0.001176 -0.000396 0.000486 -0.000533 0.015549 -0.000010 -0.000708 0.125280 0.001267 0.000481
0.000333 0.000969 0.001292 0.000057 0.000074 -0.000657 0.175497 -0.000658 0.000447 -0.000158 0.000061 -0.000146 -0.000496 0.001090 0.146431 -0.000041 0.000757 0.645244 0.000510 0.001084 0.000144 0.000894 0.000613 0.001087 0.000473 0.000175 0.000631 0.001406 0.001708 0.001074 -0.000084 0.000601 -0.000512 0.000373 -0.000507 0.000756 0.000488 0.000214 -0.000467 0.000338 0.001104 0.001261 0.000923 0.001222 -0.000513 -0.000418 -0.000536 0.001191 0.000849 -0.000744 0.000595 -0.000196 0.000787 -0.000148 0.084896 -0.000345 0.000669 0.511569 -0.000223 -0.000122 0.000017 0.001118
0.408480 0.000049 0.000554 0.526923 0.699384 0.000887 0.000144 -0.000184 0.143949 0.000778 0.403644 0.236800 0.000734 -0.000943 0.396224 1.332800 0.000672 0.001774 1.888273 0.127182 0.483438 0.663491 0.001263 0.397935 0.672038 0.008680 0.000078 -0.000444 -0.000228 1.851739 0.166168 0.001300 -0.000186 0.001153 0.523765 0.000228 0.995092 0.427324 -0.000257 0.001362 0.000299 0.000345 0.815307 0.483350 0.000367 1.833488 0.001223 0.718939 0.001308 0.000999 0.424129 1.891795 0.000399 0.001577 -0.000174 0.000144 0.001117 0.001368 -0.000011 0.000392 0.520144 0.443330
-0.000028 0.000022 0.000458 -0.001238 0.000042 0.000854 0.000010 0.000459 0.000023 -0.001117 0.000495 0.000926 0.000153 0.000958 0.001486 0.000395 0.000895 0.000868 0.001053 0.000387 0.000882 -0.000605 -0.000513 0.000106 -0.000296 0.000033 -0.000204 -0.000574 0.000572 -0.000595 -0.000077 -0.000217 -0.000081 0.001145 0.000864 -0.000205 0.000777 0.000124 0.000716 0.000185 -0.000788 -0.000887 0.001232 0.000152 0.000821 0.000531 -0.000135 -0.000630 -0.000143 0.000225 0.000215 -0.000608 -0.000535 -0.000406 0.001660 -0.000563 -0.000519 0.001036 0.000802 -0.000999 -0.000495 -0.000559
0.000384 -0.000952 -0.000735 -0.000747 0.000278 0.000762 -0.001186 -0.000583 0.000535 -0.000358 -0.001519 -0.000220 0.000945 0.000553 0.000812 0.000449 -0.000281 -0.000165 0.000360 -0.000605 -0.000693 0.000637 -0.000327 0.000428 -0.000881 -0.000226 0.000649 0.000275 -0.001545 0.000017 0.001430 0.000553 -0.001376 0.000483 -0.000941 -0.001041 -0.000376 -0.000540 0.000977 0.000040 0.000243 -0.000178 -0.000955 -0.000421 -0.000199 0.001043 0.000603 0.000449 -0.000440 0.000251 -0.000175 0.000635 -0.000061 -0.000027 -0.000850 0.000340 -0.000357 0.000055 -0.000298 -0.000183 0.000753 -0.000390
-0.000813 0.000743 -0.000430 0.001359 0.000521 0.081149 0.000145 0.001200 0.411908 0.286907 -0.000240 -0.000008 0.742501 0.000756 0.903284 0.419054 0.000358 0.046758 0.760346 0.000963 0.631816 0.804459 0.001158 0.000799 0.000138 0.000274 0.000149 0.000802 0.000113 0.050321 0.001482 -0.000357 0.001609 1.471103 0.001426 0.001440 -0.000627 1.243087 0.000974 0.000715 1.359740 0.081614 -0.000114 0.000825 0.374323 0.914626 0.001196 0.349047 0.000710 0.000676 0.516119 0.001807 0.001167 -0.000825 0.000604 -0.000028 0.141468 0.001459 -0.000367 0.000665 0.073110 0.000403
0.000574 0.000699 -0.000300 -0.000492 -0.000447 0.001270 0.000824 0.000134 0.000726 -0.000374 0.000989 0.001158 0.001050 -0.000036 0.000940 0.001114 -0.000623 0.215151 0.000126 0.000789 0.001427 0.000032 0.001388 -0.000144 0.366486 0.000560 -0.000597 -0.000642 0.000557 -0.000733 -0.000404 -0.000550 0.000583 -0.000136 0.000819 -0.000523 0.001086 0.000631 0.001363 0.000757 -0.000627 -0.000082 -0.000603 0.000596 0.000905 0.000009 -0.000041 -0.001130 0.000669 0.000264 0.001500 0.001299 0.001290 -0.000372 0.001218 0.001268 0.000520 -0.000025 0.001673 0.001293 0.000438 0.000418
0.000410 -0.000102 0.000767 0.000580 0.179079 0.000423 0.000266 -0.000197 0.001113 -0.000006 0.000545 0.000392 -0.000085 0.000655 0.000637 0.000646 0.000601 -0.000287 0.000638 -0.000446 0.000159 -0.000454 -0.000092 0.001188 0.001545 0.000390 0.001390 0.000265 0.000585 0.000325 0.000750 0.000422 0.000622 0.000167 0.000101 -0.000118 0.214297 0.000100 -0.000604 -0.000444 0.000303 -0.000555 0.001363 -0.000086 -0.000787 0.470882 0.000650 0.000781 0.000412 0.000312 0.000429 0.938425 0.000143 0.000858 0.001369 0.272956 0.000698 -0.000538 0.000977 0.000013 -0.000849 0.000720
0.000117 -0.391988 -0.121802 -0.000157 -0.000966 -0.391880 -0.001394 -0.006306 -0.203462 -0.000585 0.000004 -0.001189 -0.080721 -0.146756 -0.000106 0.000362 -0.330018 -0.000097 0.000667 -0.316369 -0.000396 -0.001266 -0.001021 -0.000971 -0.001165 0.000022 -0.780499 -0.585334 -0.471337 0.000081 -0.000595 -0.000145 -0.000306 0.000132 -0.001373 -0.274093 -0.000619 -0.000240 -0.266722 -0.172580 -0.016034 -0.000178 -0.445914 -0.000352 -0.001197 -0.000814 -0.337986 -0.000690 -0.032949 -1.166459 0.000782 0.001559 -0.000180 -0.595665 -0.000188 -0.000837 -0.228989 -0.000249 -0.731449 -0.045547 -0.001615 -0.000166
0.085013 0.626201 0.971336 1.126889 0.000255 0.014951 0.351627 0.201952 0.001102 0.000137 0.000603 0.000640 0.000594 0.000094 0.001683 0.001115 0.000359 0.867357 0.487322 0.000399 0.356972 -0.000173 0.205114 0.025723 0.234610 0.120371 0.531302 0.737203 0.001010 -0.000213 0.000913 0.294668 -0.000267 -0.000351 0.529975 0.249386 0.334374 0.442966 0.225045 0.284098 0.890361 0.000224 0.307001 0.000809 -0.000113 0.746096 0.000574 -0.000506 -0.000218 0.001660 0.000174 0.001367 0.000667 0.001469 0.000580 0.000605 0.363620 0.001179 0.001848 0.000134 0.376483 1.004680
0.095120 0.080648 0.000302 0.001160 0.000390 1.079404 0.001003 -0.000344 0.001012 0.000846 0.001118 0.001085 0.000655 0.743895 0.001062 0.148460 0.211131 0.872563 0.000218 0.872399 0.124571 0.000909 0.362840 -0.000045 1.156964 1.308404 0.569540 0.896225 0.635708 0.000910 0.432792 0.077868 0.512974 0.001670 0.017892 -0.000323 0.236926 -0.000015 0.000086 0.639325 0.001366 0.001260 -0.000284 0.409753 0.000804 0.086094 0.000277 0.000859 0.975702 0.000331 -0.000077 0.000169 0.000583 0.348588 0.633447 0.215544 0.001115 0.000791 0.001553 0.677612 0.001371 0.135346
-0.000305 0.000357 -0.000078 0.000358 -0.000603 0.000827 0.000021 -0.000158 0.000045 -0.001374 -0.000489 -0.000131 -0.000732 0.000384 -0.000181 0.000627 0.000030 0.000710 -0.000891 0.000210 -0.000325 -0.001257 0.001147 0.000956 -0.000659 0.000072 0.000828 -0.000250 -0.000142 0.001377 0.000150 0.169195 -0.000259 -0.001176 -0.000892 0.000339 0.000278 -0.000680 0.000523 0.000667 0.000749 0.000566 0.000170 -0.000336 -0.000358 -0.000254 0.000214 -0.000706 -0.000253 0.000448 0.001001 0.000484 0.000627 0.001011 0.000476 -0.000214 -0.000082 0.001238 0.000517 -0.000544 0.000188 -0.000727
-0.000282 -0.000036 -0.000215 -0.001141 -0.000798 -0.000267 -0.069992 -0.000026 -0.000148 -0.000774 0.000529 -0.000364 -0.001582 0.000126 -0.000637 -0.000237 0.000690 -0.530039 0.000615 -0.000269 0.000878 0.000089 -0.000220 0.000327 -0.000276 0.000126 -0.001203 -0.000140 -0.000319 -0.000381 0.000264 -0.000360 -0.000424 -0.373850 0.000562 -0.001226 0.000076 -0.135591 0.000612 -0.000901 -0.001333 -0.000837 -0.000002 -0.001090 -0.001647 0.000447 0.000189 0.000514 -0.000404 -0.000310 -0.000498 -0.000506 0.001044 0.000241 -0.000298 -0.000203 -0.000269 -0.000168 -0.000496 -0.000174 -0.001489 -0.000870
0.585398 0.807059 0.000076 0.001359 0.001284 0.188954 -0.000267 0.104769 0.913702 0.001210 0.442349 1.036311 0.388732 0.001173 1.151512 1.343551 0.126008 0.000339 0.226896 0.001698 1.408836 1.061865 0.000055 0.610081 1.912554 0.150391 0.128431 0.000840 0.000371 0.494453 -0.000313 0.000031 0.694906 1.813286 0.001092 0.992337 0.000495 2.239733 1.083104 0.536191 1.728843 -0.000263 0.178385 1.109679 0.000775 0.491262 0.990504 0.000488 0.288290 1.234575 0.000028 1.361528 0.820174 0.413547 0.000965 0.648873 0.001772 -0.000234 0.643414 2.285726 -0.000526 0.186496
0.000823 -0.000168 0.000118 0.000853 0.000353 0.000798 0.000546 -0.000506 0.000227 0.001248 -0.000242 0.000886 -0.000697 -0.000591 0.001241 0.001375 -0.000056 0.001409 0.000918 -0.000154 -0.000058 0.000038 -0.000190 0.000240 -0.000513 0.000018 0.001214 0.000526 -0.000371 0.000818 -0.000884 0.000632 0.000561 0.000237 -0.000110 0.000180 0.001001 0.000464 0.001240 0.001041 -0.000755 -0.000333 0.001118 -0.000932 -0.000187 0.000766 -0.000501 0.000198 -0.000885 0.001359 0.000728 0.000073 0.000173 -0.000915 0.000487 -0.000115 0.000724 -0.000370 -0.000453 0.000204 0.000024 0.001106
0.000892 0.000857 -0.000366 -0.000106 -0.000009 0.001497 0.000816 0.000506 -0.001025 -0.000551 -0.000085 0.000196 0.000914 0.000112 -0.000061 0.000959 0.000207 0.001047 -0.001247 0.000015 -0.000237 -0.000415 0.000900 0.001192 0.001010 0.001455 0.000173 0.000032 0.000409 -0.000916 0.000101 0.001188 -0.000658 -0.000028 -0.000539 0.000213 -0.000167 -0.000214 0.000059 0.000818 0.000511 0.000904 0.001366 -0.000132 0.001107 0.000069 -0.000803 0.000071 0.000469 -0.000231 0.000990 0.000380 0.000681 0.000819 0.000983 0.001003 0.000060 0.000693 0.001389 -0.000135 0.000255 0.001048
0.001687 0.607592 0.000945 0.029346 0.001109 0.463016 0.986877 0.546840 0.196887 1.374595 0.000202 0.000116 0.238689 1.613168 1.193953 -0.000115 0.001606 0.293692 0.000027 0.000277 0.729711 0.001634 0.000496 0.000763 0.000718 0.082769 -0.000078 0.000144 0.000767 0.000990 0.027045 0.000008 0.474743 0.038310 0.001587 0.191316 0.000335 0.122927 1.293567 0.000885 -0.000020 0.000726 0.000493 0.000969 -0.000250 0.001014 0.000060 -0.000151 0.001173 0.528543 0.265925 0.001222 0.000886 0.000911 0.389929 0.000598 1.740060 0.000918 0.301879 0.258185 0.000302 0.472150
0.001470 0.001818 0.068420 0.140059 0.001496 0.000056 0.209486 0.553353 -0.000179 0.143185 0.001249 -0.000953 0.450354 0.263481 0.626728 0.136766 0.272720 0.001210 0.588110 0.000744 0.037463 0.367425 0.167036 0.001641 0.001516 0.000083 -0.000002 0.000341 0.226333 0.250298 0.067711 0.432930 0.001231 0.167297 0.245154 0.173923 0.000144 0.605805 0.323480 0.011727 0.627011 0.135467 0.249905 0.686708 -0.000575 -0.000088 0.000144 0.057667 0.614306 0.236732 0.210516 0.517997 0.247993 0.847133 0.098923 -0.000101 0.079909 0.133398 0.000140 0.000815 0.001049 0.000138
-0.000672 -0.000333 0.000277 0.000505 0.000877 -0.000353 0.000123 -0.000598 0.000901 0.000931 -0.207031 -0.000456 -0.000305 0.000120 0.444148 -0.000775 0.000270 0.001213 0.000559 -0.000019 0.001001 0.000128 -0.000179 0.001381 0.001364 0.000513 -0.000309 -0.000402 0.000100 -0.000002 0.000624 -0.000551 0.001095 0.364670 0.000333 0.000943 0.000311 0.001656 0.000653 0.001898 0.117923 0.000124 -0.000238 -0.000316 -0.001167 -0.000769 0.000036 -0.000216 0.001385 -0.000718 0.000250 -0.000054 0.000077 -0.000694 -0.000541 0.000747 -0.000202 -0.001072 0.000980 0.001577 -0.001441 -0.001037
0.000927 0.000633 -0.001006 -0.000279 -0.000500 0.000380 -0.001276 0.000483 0.001268 -0.001066 0.000140 -0.000268 0.000083 -0.000191 0.026675 0.000573 0.000055 -0.000085 0.000513 0.000464 0.001001 0.269099 0.000375 0.000719 0.000563 0.000605 -0.000577 0.000405 0.000243 0.599414 0.000648 0.000560 0.000628 0.000164 0.001060 0.000619 0.000512 -0.000278 -0.000662 -0.000782 -0.000254 -0.000361 0.000723 0.000874 -0.000341 0.000736 0.000481 -0.000299 0.000755 -0.000060 -0.000207 -0.000127 0.001470 -0.000543 0.000226 -0.000957 0.000201 -0.000721 -0.000823 0.000875 -0.000658 0.000680
-0.000436 -0.000296 -0.000515 -0.219120 -0.024489 -0.178387 -0.000676 -0.000246 -0.342461 -0.047199 -0.000553 -0.001223 -0.000735 0.000558 -0.000706 -0.858090 -0.023240 0.000494 0.000997 -0.000617 0.000129 0.000230 -0.001433 -0.001275 -0.001369 -0.000536 -0.000247 -0.057978 -0.048252 -0.233567 -0.135899 -0.602657 -0.000832 -0.000136 0.000942 0.000561 0.000150 0.000045 -0.000041 -0.000658 0.000052 -0.181144 -0.001276 0.000439 -0.001350 -0.000400 0.000500 -0.780797 -0.774924 -0.000179 -0.000464 -0.000709 -0.001221 0.000348 -0.000318 0.000126 0.000163 -0.001209 -0.001731 0.000481 -0.000662 0.000771
-0.000807 0.000346 0.000075 -0.000742 0.001058 0.000746 -0.093185 -0.000548 0.000087 -0.000927 -0.000349 -0.000243 0.000666 -0.463861 0.001743 0.000999 -0.000170 -0.386730 0.000096 -0.000551 0.000758 -0.000290 -0.000837 -0.000099 0.000112 -0.001240 -0.001757 0.000582 0.000228 0.000856 -0.000316 -0.000711 -0.110239 0.001087 0.192491 0.000401 0.000332 -0.001020 -0.001180 -0.000185 0.000068 -0.000366 -0.000104 -0.000555 0.000701 0.629049 0.000044 0.000886 -0.000243 -0.000683 0.001344 -0.001435 0.000366 0.000799 -0.166773 0.001289 -0.001129 -0.001291 -0.000598 0.000925 -0.000917 0.458282
0.000871 0.444648 0.395376 0.763586 0.000723 0.043941 0.800373 0.547797 0.750355 0.000150 -0.000094 -0.000337 0.000786 0.685002 0.945301 0.001015 1.601468 1.440273 0.187463 1.034290 0.988002 0.124860 0.276554 -0.000938 0.980119 0.497537 0.683510 0.002125 2.541152 0.085544 0.338957 0.000474 1.133278 2.140590 0.000297 0.448880 0.001231 0.001630 0.135682 0.000990 0.000456 0.527902 0.559532 0.985557 0.631075 0.047204 0.430962 1.543303 0.001107 0.462679 0.122507 0.182257 0.776145 0.001528 0.215140 0.000418 0.260729 0.321162 0.790214 0.000087 0.013748 0.001429
-0.000047 -0.000785 -0.000409 -0.000599 -0.000011 -0.001218 0.001017 -0.000404 -0.001781 -0.000697 -0.001143 -0.000094 0.000246 0.000546 0.000798 0.000329 -0.000882 -0.000147 -0.001085 -0.000830 -0.000149 0.000921 -0.000732 -0.000462 0.000742 -0.001354 -0.000446 -0.001010 -0.000301 -0.000055 -0.000491 -0.000292 0.000452 0.000774 -0.000198 0.000170 0.000909 0.000872 -0.000190 0.000268 -0.001080 -0.001007 -0.000603 0.000337 -0.000510 0.000530 -0.000209 -0.000818 -0.001094 0.000700 -0.001158 0.000261 -0.001331 -0.001026 -0.000809 -0.001197 -0.000437 0.000682 -0.000346 0.000197 -0.000016 -0.000131
0.175377 -0.001601 0.000442 0.000449 0.000710 -0.000354 -0.000150 0.017483 0.000057 0.000183 -0.001538 0.000007 0.001134 0.000250 0.309946 0.000561 0.000733 0.001073 0.001069 -0.000485 0.000651 -0.000387 -0.000474 0.001451 0.000358 0.001016 0.000949 -0.000822 0.000175 -0.000920 0.082764 -0.192949 0.000112 -0.000021 0.000548 0.000518 0.400960 0.001007 -0.001027 -0.000279 0.000760 -0.000937 -0.000334 0.000142 0.000285 0.038594 -0.000091 0.000662 0.000045 0.000253 0.001313 0.000300 -0.000463 0.000433 -0.001329 -0.000173 0.001221 -0.000543 -0.000986 0.001255 0.000094 0.000506
0.000960 1.366581 0.000579 -0.000189 0.000862 0.001146 0.001230 0.000596 0.000519 0.001149 -0.000409 0.000996 -0.001094 0.625152 -0.000100 0.000217 0.000691 0.011253 0.001425 0.479945 -0.000387 -0.000194 0.000695 -0.000231 0.001418 0.001036 0.001062 0.133619 0.557157 0.000877 0.000512 0.001566 0.000422 0.000360 0.000298 0.000216 -0.001185 0.000346 -0.000069 0.166010 0.000546 0.001301 0.000424 -0.000163 -0.000769 0.000167 -0.000659 0.000124 0.000737 -0.000535 0.000538 -0.000345 -0.000305 0.000336 0.373218 -0.000949 -0.000495 1.425465 -0.000067 -0.000720 0.000201 0.000529
1.244465 0.427671 0.206344 0.000792 0.105974 1.535570 -0.000572 0.001001 0.000422 1.042472 0.377463 0.788291 0.000593 0.001108 0.011641 0.452611 0.000804 0.000027 0.000390 0.222969 0.313491 0.001031 0.000491 0.000812 0.001444 0.339295 0.177962 0.000138 0.000604 -0.000250 1.005024 0.125799 -0.000012 0.000043 1.120730 0.000892 0.582768 0.000216 0.001168 0.497122 0.393358 -0.000280 0.552055 0.191134 0.279773 0.000486 0.546379 0.001105 0.001770 -0.001277 0.506967 0.001573 0.028545 0.005049 0.000866 0.090040 0.000629 0.364883 0.011945 0.000113 0.001184 0.001555
0.000399 -0.000061 0.000124 -0.286276 -0.000037 -0.044393 -0.000865 0.000083 -0.000490 0.000500 -0.000364 0.000986 0.000972 -0.000460 0.000534 0.000279 -0.001222 -0.000036 0.000136 -0.232368 -0.000490 -0.000395 -0.001028 0.000320 -0.001210 -0.000601 0.000696 -0.000046 -0.279021 0.401365 -0.000595 -0.000179 0.000138 0.000206 -0.000718 -0.001211 0.000267 0.314368 0.001573 -0.000160 0.000799 0.000390 -0.062408 -0.000182 0.000012 0.000098 -0.000355 -0.000387 0.000372 -0.001174 -0.000687 0.000686 -0.001088 0.001112 -0.054704 -0.000784 -0.001642 0.000565 -0.000359 -0.000796 -0.000114 -0.114319
0.000690 0.000457 0.157432 0.000697 -0.000037 0.031135 -0.000809 0.000795 -0.001295 -0.000407 0.000275 0.000184 0.000715 0.000516 0.156448 -0.000129 0.000061 -0.000824 -0.000506 -0.000832 0.000715 0.000618 0.001662 0.001335 0.000259 0.000329 -0.000525 -0.285222 0.000936 0.000287 0.000696 -0.000572 -0.000240 0.000132 0.065849 0.000397 0.000219 -0.000730 0.709160 0.000240 0.000246 -0.000070 0.000074 -0.001583 0.000122 0.000781 0.000700 0.000356 0.001023 -0.001262 0.000542 0.000224 -0.000766 0.001346 0.000038 -0.000082 -0.000241 0.000850 -0.000877 -0.000395 -0.000785 0.001464
-0.000009 -0.000133 0.050020 0.000877 -0.000381 0.025432 -0.000230 0.000531 0.080400 -0.000218 0.000910 -0.000014 0.001548 0.000477 0.373816 0.537263 0.000115 0.000365 1.043593 0.001466 -0.000124 0.627295 0.000156 1.183556 1.576051 0.000075 0.000129 -0.000166 -0.000378 1.762479 0.000516 0.000942 0.001464 -0.000177 0.451063 -0.000149 0.001205 0.162317 0.001217 0.000033 0.000016 0.000747 0.000313 0.329165 0.000099 0.929670 0.368867 0.000615 0.001380 0.001543 1.128769 1.387494 0.403281 0.326878 -0.000618 0.222945 0.000348 -0.000146 -0.000233 0.936490 0.000973 0.062408
0.210768 0.001230 -0.000364 -0.000819 0.000275 -0.000242 -0.000686 0.001093 0.532839 0.000159 -0.000723 0.000198 0.001333 0.176726 0.327218 0.000115 0.105868 -0.000829 0.000940 0.000419 0.000041 0.001006 0.000287 -0.001026 -0.000659 -0.000383 0.000195 -0.000096 0.000670 0.272956 0.001138 -0.000626 -0.000427 0.464540 0.316767 -0.000038 0.000477 0.349185 0.091441 0.000063 0.000277 -0.001000 -0.000414 1.337124 -0.000650 0.001506 0.219410 -0.000478 -0.000236 0.174723 0.000053 0.054867 0.000697 0.037330 -0.000875 0.000777 0.000445 -0.001473 0.397800 0.137650 -0.001262 0.000288
0.029371 0.000812 0.889793 0.151320 0.000484 0.000022 0.040611 -0.000364 0.001477 0.001235 0.574950 0.000518 0.295073 0.000549 0.000773 -0.000051 -0.000448 0.611711 -0.000039 0.001250 0.000297 0.000825 0.001083 0.116759 0.000597 0.000319 0.001124 0.413155 0.000346 -0.000231 0.001058 0.001370 0.115312 0.001243 0.000914 -0.000296 0.148332 -0.000058 0.000201 0.000715 0.000217 0.000395 0.001454 0.000484 0.438354 0.000198 0.244710 0.000269 -0.000007 0.000806 0.000855 -0.000111 -0.000233 0.000286 0.001250 -0.000070 0.127770 -0.000760 0.000135 0.000926 0.392114 0.000242
-0.001079 0.000059 0.000469 0.000618 0.000410 -0.000739 0.001378 -0.000241 0.000194 0.000449 -0.000969 -0.001061 0.000348 -0.000628 0.000292 -0.001314 0.000499 0.208340 0.000228 0.000226 0.000109 -0.000374 0.000373 -0.000283 0.000173 -0.001486 -0.000491 0.000963 -0.000022 -0.000723 -0.000830 -0.000008 -0.000936 0.000404 -0.000235 0.000280 -0.000511 -0.000230 -0.000287 -0.000728 -0.000582 -0.000651 -0.001300 0.000614 -0.000951 -0.000060 0.000111 0.000183 -0.000149 -0.000591 -0.001305 -0.000491 -0.001323 -0.330301 0.000832 -0.001234 0.000841 -0.000564 0.000339 -0.000921 -0.000771 -0.000479
0.000066 -0.001133 -0.001418 -0.000154 -0.000293 -0.000959 -0.000539 -0.000657 -0.001215 -0.000049 -0.000496 -0.001062 0.000369 -0.001191 0.000845 0.001108 0.000518 -0.000943 -0.000563 -0.000575 0.000064 0.000194 -0.159264 -0.000108 0.000390 -0.000181 0.000555 0.000393 -0.099773 0.000244 -0.000472 -0.000740 -0.000121 0.000514 0.001320 -0.000025 0.210453 0.000208 0.000131 0.000499 0.000454 -0.000254 -0.001559 0.000574 0.001338 0.000237 -0.000121 -0.001224 -0.000753 -0.001068 0.000109 -0.000074 -0.000224 -0.000895 0.000569 0.000106 -0.001087 -0.124563 -0.003973 0.000758 -0.000121 0.000199
0.000632 -0.000448 0.150926 0.001312 0.741518 0.057193 0.800505 0.289526 0.000876 0.275443 0.006998 0.000958 0.033602 0.776971 2.038714 0.550882 2.828537 0.253113 0.511465 0.161790 0.625684 -0.000093 0.133309 0.140077 0.746242 0.323956 0.001225 0.275871 1.709375 0.378915 0.032521 0.699567 0.000837 1.009753 0.155998 0.001740 0.279966 0.726827 0.001377 0.001039 0.956712 0.621500 1.113595 0.864075 0.763721 1.008587 -0.000270 -0.000222 0.762915 0.001355 0.000500 1.463553 -0.000182 1.321220 1.429011 -0.000505 0.001581 0.331906 0.326486 0.213147 0.000761 0.001758
0.000637 0.000280 0.001635 0.000495 0.001619 0.001663 0.000387 0.000835 0.000098 0.000146 0.000309 0.001343 0.000759 0.001118 0.528081 0.001716 -0.000048 0.000540 0.604542 0.001342 0.002842 0.598324 -0.000228 0.000692 0.684499 0.001367 0.000756 0.000260 -0.000223 0.001192 0.000339 0.000804 0.000944 0.000576 -0.000112 0.001498 0.367071 0.101091 -0.000092 0.001130 0.001274 -0.000788 0.261274 0.000244 0.000479 0.710215 0.000335 0.000415 -0.000710 0.001574 0.589967 0.000394 0.001221 0.000599 -0.000211 0.000572 0.001500 -0.000050 0.000405 0.001229 0.000050 0.185259
1.157277 0.534786 0.564343 0.403784 0.276644 1.386846 0.001145 0.060954 0.945684 0.708817 0.199275 0.317626 0.390821 0.450282 1.306092 0.000023 1.647416 0.478446 0.575050 0.896681 0.635089 0.001395 0.733556 0.588772 0.372433 0.178728 0.604145 0.001323 0.001096 1.908993 2.072048 0.087488 0.322766 0.154677 1.637713 0.039567 1.261376 1.359123 1.446911 0.685459 0.560680 0.202442 0.885046 0.078765 0.270894 1.038744 0.334171 0.168518 0.225307 0.551398 0.334258 0.496851 1.271412 0.234348 0.001362 1.175496 0.485382 1.077167 0.132808 2.064348 0.400288 0.073421
0.001851 -0.000855 0.000805 0.000376 -0.000332 -0.124537 0.000198 0.000704 0.000544 -0.392001 0.000267 -0.000226 -0.076267 -0.000959 0.000134 0.000457 -0.000335 -0.000346 0.000825 -0.000959 -0.131721 -0.000006 -0.000817 -0.000511 -0.000246 -0.000126 0.000398 0.000831 -0.000594 0.000306 -0.013345 -0.000919 -0.000448 0.000187 0.000399 -0.000615 -0.000131 0.000267 -0.019279 -0.004636 -0.000310 -0.203727 -0.228420 0.000889 -0.000419 0.081551 0.000819 -0.000645 -0.050899 0.001259 0.000063 -0.000100 0.000481 0.001376 -0.000422 -0.001324 -0.000945 -0.000272 -0.001325 0.000031 -0.072304 0.001449
0.092354 2.790805 -0.000025 1.174168 0.125301 0.830226 0.347678 0.611561 0.001173 0.593247 0.000200 0.000944 0.001403 1.738162 0.047457 0.000895 0.062185 0.086100 0.000514 0.030138 0.064867 0.000971 0.651696 0.000891 0.000996 0.528717 0.000444 0.235170 0.067573 0.001699 0.589763 0.000333 1.005461 0.000834 0.000876 0.085094 0.000522 0.644229 0.966642 0.784194 0.137467 1.094200 0.046450 0.000425 -0.000500 0.448949 0.000849 0.132945 0.077487 0.655678 0.650195 0.001332 0.292224 0.000031 0.618051 -0.000997 1.555045 0.896183 0.041398 0.191914 0.915334 0.035960
-0.000300 0.000250 0.100517 -0.000170 0.000369 0.000383 0.000697 -0.000312 0.000584 -0.000848 -0.000276 0.001056 -0.000249 0.000385 0.120584 0.891773 -0.000650 0.000720 0.000308 0.000853 0.114299 0.001105 0.001190 0.001390 -0.000013 0.000468 -0.000118 0.000697 0.000676 0.000862 -0.000681 0.406045 -0.000158 0.000890 0.001340 0.000267 0.001688 0.000757 -0.000446 -0.000580 0.352079 -0.000032 0.001860 0.612249 -0.000403 -0.000096 0.000958 0.000685 -0.000393 -0.000111 -0.000915 0.000322 -0.000592 0.000982 0.000621 0.001150 -0.001022 -0.000960 0.001110 0.001117 -0.000477 0.000072
0.000842 0.000144 0.001448 0.001391 0.000414 0.585115 1.603050 0.265150 -0.000432 2.228849 0.001654 0.000693 0.511222 1.255714 0.525936 0.000729 0.000598 0.242477 0.000453 -0.000002 0.359526 0.000354 0.000165 -0.001013 0.101591 0.000526 1.311335 0.555891 0.000913 0.000614 -0.000039 -0.000024 -0.000168 0.531026 0.000258 0.605239 0.000436 0.883369 0.141775 -0.000788 0.001067 0.704261 0.185644 0.000650 0.178103 -0.000463 0.000734 -0.000438 0.001362 0.262868 0.000660 0.001746 0.001528 0.000006 1.037032 0.001134 0.446006 0.000396 0.023202 0.001036 0.000353 0.001758
-0.000470 0.000146 -0.000915 0.000578 0.000498 -0.000828 0.000608 0.000690 0.000668 0.000118 -0.000683 -0.001061 0.000546 0.000977 0.000875 -0.000068 0.000057 0.001708 -0.000188 0.000609 -0.000143 -0.000960 -0.000668 -0.000049 -0.000374 -0.000848 -0.000620 0.000967 0.000730 -0.000842 0.000848 0.000354 0.000085 -0.000428 0.000605 0.000128 0.000237 0.001257 0.000172 0.000548 0.000846 0.000799 -0.000729 0.000683 0.000159 0.001249 -0.001219 0.000848 0.000542 0.001039 -0.000879 -0.000268 0.000576 0.000606 0.001439 -0.001541 0.000700 0.000110 -0.001060 0.000126 0.000857 -0.000661
0.000378 0.001041 -0.001249 0.001501 0.000828 0.000028 -0.000807 -0.001348 -0.000343 0.023337 0.000255 0.366501 -0.001127 -0.001071 0.000329 -0.000052 -0.000727 -0.000209 0.000893 0.000350 0.001088 -0.000162 -0.000499 -0.001542 -0.000204 0.000230 0.001494 -0.000065 0.000280 -0.000049 0.000573 -0.000544 -0.000725 -0.001341 -0.000559 -0.000918 0.011437 0.411822 1.145201 0.000711 -0.000829 0.000015 0.000349 0.001412 0.001002 0.001095 0.000561 0.000268 0.000474 0.000277 0.000292 0.000352 0.000637 -0.000778 0.000730 0.000114 0.000812 -0.000052 0.001599 -0.000089 0.643219 0.000437
0.135441 0.129181 0.000344 0.000190 0.000128 0.000770 -0.000266 0.000563 0.423391 -0.000759 0.001079 0.000763 0.000095 -0.000175 0.000133 0.000263 0.000053 -0.001280 0.000289 -0.000201 0.000411 0.001231 0.000973 -0.001352 0.000242 0.000104 0.000637 -0.000371 0.000191 0.000504 0.000495 0.000705 0.000930 -0.000147 -0.000253 0.000292 0.108189 -0.000034 -0.000106 0.000259 0.001210 -0.000451 -0.000530 -0.000189 -0.000525 0.325316 0.319016 0.000859 0.000057 0.234729 0.000361 0.102712 0.000836 0.001154 -0.000912 -0.000357 -0.001161 0.000927 0.000841 -0.000616 -0.000681 -0.000826
-0.000451 0.000956 -0.001460 -0.000105 0.000055 0.000773 -0.000884 -0.000523 -0.000926 0.000579 -0.001063 0.000055 0.000154 0.001416 0.000728 -0.000865 0.000662 -0.000540 0.000109 -0.000386 0.000503 0.000927 -0.000766 0.000691 0.000947 0.000585 -0.001036 0.000843 -0.000136 -0.000421 -0.000210 -0.000888 0.001261 0.000304 0.000440 0.000710 0.000321 0.000821 0.000201 -0.000403 -0.000443 0.001005 -0.000635 -0.000262 -0.000402 0.000834 0.000283 0.001311 0.000049 0.001064 0.000623 -0.000389 0.000787 0.000674 0.000143 -0.000281 0.000266 0.000908 0.000820 0.000322 0.000790 0.000437
-0.000777 0.000446 0.000078 -0.000037 0.000604 0.000749 0.000667 -0.000051 -0.000163 -0.000493 -0.000466 -0.000459 -0.000837 -0.001025 -0.001661 -0.001272 0.000758 0.000315 0.000341 0.000235 0.001466 -0.000264 -0.000192 -0.000417 -0.000603 -0.000320 0.000416 0.000173 -0.001496 -0.000243 0.000459 0.000050 0.000176 0.000297 0.000945 -0.000330 0.000436 0.461804 -0.000690 0.049904 0.000280 0.000216 -0.000302 0.166193 0.000634 -0.000577 -0.000303 -0.000272 0.000129 -0.000234 -0.001226 -0.000736 0.000027 0.000519 -0.000938 -0.000003 -0.000312 -0.000008 -0.000982 0.000630 0.001297 0.000737
