0.597593 0.138003 0.618235 0.582153 0.292695 0.331723 0.331760 0.299898 0.167342 0.387528 0.192109 0.226231 0.231357 0.257937 0.205987 0.224377 0.192655 0.268213 0.201604 0.245478 0.230213 0.220700 0.275489 0.197973 0.178435 0.222594 0.173789 0.167107 0.205402 0.227395 0.231634 0.215731 0.193335 0.192479 0.256148 0.204398 0.257005 0.179970 0.207110 0.171439
0.490468 0.169552 0.674519 0.510649 0.353064 0.309860 0.253749 0.256303 0.179377 0.239632 0.140299 0.262851 0.199157 0.253809 0.191622 0.194943 0.188696 0.230253 0.206259 0.198977 0.211490 0.172009 0.242816 0.212828 0.178444 0.200413 0.147361 0.186601 0.192529 0.195658 0.178942 0.212303 0.188707 0.171454 0.240646 0.154561 0.232930 0.184245 0.211014 0.196611
0.527959 0.197790 0.689250 0.534268 0.380633 0.316488 0.280791 0.282345 0.200963 0.267128 0.164693 0.272832 0.208241 0.273296 0.205926 0.215858 0.201912 0.255325 0.221143 0.209393 0.227270 0.198106 0.257919 0.249415 0.198652 0.209558 0.155756 0.207118 0.217783 0.213486 0.201036 0.220272 0.199895 0.195941 0.248676 0.163740 0.253221 0.191185 0.219714 0.200914
0.490234 0.119750 0.530402 0.481770 0.316919 0.289656 0.328519 0.261251 0.132176 0.272469 0.159804 0.173021 0.204609 0.240317 0.189684 0.163670 0.145593 0.215822 0.152073 0.185471 0.193567 0.185727 0.254967 0.163484 0.123712 0.152585 0.126299 0.145754 0.137711 0.186174 0.188769 0.182607 0.168765 0.136941 0.165243 0.154216 0.205270 0.149470 0.155229 0.123610
0.450765 0.164607 0.648870 0.471994 0.389176 0.281324 0.288423 0.240728 0.175366 0.214605 0.145342 0.247064 0.195143 0.253074 0.196259 0.177286 0.168664 0.225930 0.190395 0.178465 0.211772 0.176675 0.250498 0.221162 0.156606 0.177216 0.139726 0.203105 0.197883 0.191371 0.185757 0.190908 0.188645 0.157605 0.197210 0.140724 0.219032 0.199727 0.187027 0.165756
0.496170 0.102867 0.519979 0.514082 0.298752 0.278941 0.320270 0.266003 0.130593 0.304096 0.153369 0.171220 0.185719 0.233155 0.198699 0.176852 0.155459 0.215732 0.156074 0.189712 0.195915 0.188045 0.250064 0.162711 0.138301 0.169049 0.153436 0.144167 0.150341 0.206369 0.181395 0.188162 0.174600 0.143993 0.169743 0.160104 0.201727 0.157510 0.168559 0.125027
0.561123 0.126344 0.556069 0.535612 0.262012 0.313960 0.298946 0.300663 0.140079 0.335912 0.171570 0.180428 0.169438 0.241179 0.214764 0.165464 0.176370 0.223825 0.153307 0.227139 0.184520 0.202460 0.240095 0.181401 0.152550 0.161770 0.141224 0.134231 0.150995 0.184592 0.194366 0.180916 0.160368 0.185225 0.218921 0.188228 0.201307 0.135508 0.179904 0.133963
0.447550 0.083881 0.447246 0.452477 0.244204 0.253738 0.283977 0.242933 0.129590 0.261532 0.139868 0.114761 0.143265 0.195813 0.189465 0.121088 0.123454 0.187663 0.094634 0.186976 0.170317 0.161439 0.209494 0.130876 0.117306 0.111995 0.116456 0.129029 0.108763 0.142967 0.165210 0.136559 0.119852 0.126279 0.136417 0.141396 0.167504 0.116280 0.136360 0.100322
0.387900 0.109180 0.517674 0.405739 0.293581 0.267453 0.200941 0.236498 0.122098 0.221704 0.095955 0.174216 0.131644 0.183460 0.153734 0.146215 0.125519 0.167338 0.125953 0.166353 0.164448 0.125218 0.220185 0.136095 0.119771 0.125816 0.127330 0.138603 0.130313 0.170337 0.127099 0.157449 0.140892 0.122242 0.169217 0.108203 0.145434 0.158111 0.166236 0.115135
0.454160 0.084119 0.431070 0.438386 0.228351 0.278606 0.257867 0.216650 0.111321 0.321742 0.121380 0.136177 0.159490 0.159512 0.194718 0.128823 0.138607 0.188580 0.117446 0.208530 0.173912 0.167212 0.211018 0.132822 0.098897 0.138313 0.128728 0.110438 0.106049 0.205973 0.185412 0.149802 0.186814 0.120196 0.157095 0.141317 0.167615 0.119829 0.137518 0.104216
0.573512 0.115068 0.591647 0.571488 0.271318 0.308934 0.318014 0.288591 0.165714 0.354453 0.192344 0.182471 0.198159 0.251263 0.218535 0.188373 0.187993 0.236835 0.168433 0.237614 0.212771 0.192717 0.257160 0.179056 0.178096 0.185662 0.169574 0.162263 0.179116 0.182966 0.217460 0.186551 0.162452 0.182109 0.224663 0.192833 0.227002 0.159408 0.196556 0.153095
0.481788 0.194384 0.639965 0.463128 0.395517 0.290469 0.274201 0.261445 0.177001 0.230135 0.148310 0.254560 0.192711 0.268319 0.197662 0.192292 0.180779 0.239932 0.224532 0.178452 0.217722 0.183136 0.267399 0.226081 0.192082 0.190623 0.140925 0.211913 0.220096 0.221980 0.189934 0.227844 0.198678 0.170147 0.227374 0.136749 0.227957 0.194034 0.209732 0.163247
0.549104 0.123669 0.556039 0.560969 0.299093 0.324486 0.316940 0.299341 0.156945 0.328768 0.171686 0.187551 0.222958 0.253049 0.189316 0.190802 0.169369 0.244493 0.166748 0.224984 0.217599 0.188050 0.243682 0.178250 0.172948 0.191250 0.167790 0.166742 0.182754 0.194737 0.205473 0.190807 0.204203 0.159782 0.221860 0.189648 0.230795 0.162841 0.194726 0.164414
0.453415 0.124463 0.524204 0.489354 0.353920 0.283718 0.306751 0.238356 0.165892 0.257311 0.156131 0.190647 0.197642 0.228101 0.204051 0.169933 0.168828 0.222807 0.156330 0.217935 0.225095 0.191119 0.235848 0.180266 0.130720 0.184007 0.173446 0.177143 0.146799 0.190530 0.187893 0.178857 0.184346 0.161990 0.191515 0.164601 0.211879 0.159769 0.186465 0.153642
0.417617 0.082192 0.376775 0.395659 0.182288 0.246811 0.258901 0.199097 0.106373 0.302222 0.125165 0.110375 0.150497 0.166537 0.146226 0.140650 0.111767 0.202929 0.095813 0.189237 0.161966 0.156931 0.173789 0.123175 0.082283 0.124717 0.117915 0.096913 0.109532 0.162023 0.158527 0.127770 0.123321 0.108939 0.138374 0.161176 0.171483 0.134726 0.127393 0.087360
0.484885 0.151634 0.616696 0.502505 0.352154 0.294238 0.267781 0.242084 0.161198 0.237216 0.140152 0.222130 0.194680 0.232236 0.211153 0.173325 0.175970 0.232331 0.192189 0.182820 0.209958 0.164250 0.236653 0.190705 0.175665 0.164723 0.130333 0.181921 0.166607 0.179650 0.179823 0.193061 0.180464 0.145001 0.191873 0.128742 0.210259 0.175555 0.193107 0.155019
0.489198 0.134726 0.489341 0.481347 0.279578 0.285025 0.310475 0.301015 0.141941 0.309125 0.156968 0.154694 0.156844 0.245500 0.182518 0.172280 0.140184 0.216811 0.123391 0.209407 0.191544 0.195685 0.241756 0.179516 0.155781 0.143344 0.136977 0.158328 0.166240 0.169981 0.187319 0.168393 0.156802 0.176001 0.172392 0.168470 0.190077 0.142424 0.157748 0.116211
0.483024 0.084396 0.490767 0.477280 0.224850 0.262958 0.272832 0.245312 0.122436 0.267754 0.154355 0.127752 0.153589 0.215720 0.204397 0.134136 0.139022 0.193960 0.128132 0.186693 0.164152 0.172059 0.187778 0.148003 0.123281 0.132875 0.116256 0.099323 0.111786 0.144380 0.156759 0.147256 0.138056 0.141941 0.190697 0.180766 0.186023 0.108304 0.161063 0.123871
0.489886 0.124856 0.587285 0.522851 0.315716 0.292763 0.297874 0.256932 0.173337 0.258206 0.137264 0.211607 0.196233 0.239068 0.187741 0.194482 0.171727 0.238867 0.141606 0.195509 0.215976 0.163236 0.222858 0.190552 0.162382 0.191121 0.138278 0.183648 0.180468 0.167526 0.181283 0.170228 0.179897 0.152219 0.182244 0.161791 0.238832 0.145576 0.171453 0.170858
0.507023 0.105285 0.452496 0.469646 0.217806 0.268369 0.271230 0.223010 0.122528 0.352403 0.138401 0.160968 0.140909 0.195926 0.169681 0.162940 0.138383 0.199042 0.143108 0.215946 0.178768 0.193447 0.223211 0.151347 0.134355 0.155756 0.129594 0.114327 0.132164 0.208033 0.170198 0.184646 0.147874 0.164209 0.184229 0.146533 0.181457 0.132124 0.134745 0.114788
0.423801 0.108198 0.412333 0.425304 0.242231 0.251689 0.310423 0.236195 0.104084 0.261879 0.146934 0.144510 0.161520 0.226271 0.175637 0.128918 0.131851 0.212339 0.135359 0.183239 0.168860 0.193279 0.217973 0.157420 0.126061 0.130034 0.125087 0.124291 0.103324 0.172068 0.166681 0.162525 0.137980 0.146263 0.141251 0.159182 0.175543 0.151965 0.130249 0.101347
0.380609 0.082994 0.356461 0.376418 0.200964 0.198384 0.248547 0.224470 0.123205 0.227246 0.137640 0.078688 0.131843 0.193766 0.175247 0.141678 0.114934 0.194600 0.098619 0.160500 0.168096 0.140910 0.156332 0.135627 0.114838 0.109855 0.125123 0.113103 0.098307 0.114675 0.142004 0.102470 0.106260 0.109962 0.123562 0.160203 0.164779 0.116910 0.146115 0.079295
0.379782 0.102524 0.402766 0.431296 0.228355 0.233001 0.205696 0.202121 0.100634 0.271749 0.110616 0.172297 0.123005 0.164281 0.149297 0.144424 0.138571 0.152822 0.127105 0.215591 0.185019 0.154553 0.213110 0.135333 0.147228 0.146157 0.175388 0.121618 0.128047 0.154241 0.142884 0.147026 0.132256 0.162143 0.187423 0.128077 0.137821 0.177966 0.149783 0.122704
0.395182 0.098128 0.493029 0.415288 0.199507 0.244426 0.223796 0.194113 0.136030 0.219687 0.118395 0.185811 0.166868 0.171596 0.175529 0.143763 0.163111 0.218952 0.141411 0.183592 0.176696 0.134093 0.158538 0.186119 0.149781 0.168188 0.166389 0.138395 0.126771 0.185471 0.157122 0.167346 0.134481 0.126924 0.192223 0.162275 0.220475 0.145293 0.170844 0.165949
0.379538 0.075329 0.328452 0.376270 0.173009 0.186417 0.242240 0.213391 0.093413 0.261389 0.124827 0.082884 0.100798 0.168446 0.125989 0.098805 0.102179 0.150397 0.073184 0.149800 0.109250 0.156163 0.174104 0.109417 0.069244 0.100577 0.073428 0.085742 0.087639 0.132069 0.131352 0.109202 0.121605 0.118613 0.102918 0.122735 0.115953 0.084767 0.099436 0.067629
0.413102 0.123887 0.567863 0.448891 0.289593 0.251882 0.252376 0.240651 0.157880 0.224842 0.155062 0.184605 0.182857 0.224807 0.176518 0.151446 0.138032 0.185154 0.166732 0.190626 0.207759 0.164143 0.195348 0.178639 0.151407 0.134498 0.118249 0.151176 0.143706 0.119574 0.172991 0.141141 0.136310 0.130910 0.181932 0.147368 0.189808 0.160058 0.155272 0.151045
0.223492 0.040518 0.267961 0.279993 0.160342 0.156468 0.147739 0.116296 0.064772 0.133749 0.056656 0.107729 0.091387 0.075707 0.127109 0.046976 0.130968 0.099803 0.104551 0.101996 0.099265 0.123610 0.122673 0.112570 0.092268 0.094649 0.106801 0.065481 0.026382 0.131840 0.080082 0.085566 0.137057 0.077498 0.105729 0.038335 0.079292 0.046852 0.069095 0.078590
0.398873 0.165940 0.538675 0.420296 0.386830 0.264796 0.276219 0.212715 0.162402 0.213850 0.147567 0.232642 0.186878 0.232542 0.180161 0.177934 0.176434 0.224372 0.198862 0.199098 0.192762 0.182970 0.229804 0.209250 0.157836 0.169411 0.166000 0.186057 0.151323 0.211277 0.168839 0.204071 0.188693 0.175799 0.186189 0.135710 0.201769 0.209979 0.180235 0.155265
0.394963 0.154437 0.573526 0.411209 0.364828 0.261690 0.247011 0.226007 0.133634 0.176931 0.111885 0.242760 0.185055 0.222117 0.153488 0.171703 0.133818 0.204716 0.187728 0.133204 0.181664 0.137613 0.223533 0.182503 0.148401 0.161688 0.116863 0.180903 0.172701 0.190161 0.159451 0.198697 0.184750 0.133205 0.181528 0.108189 0.217047 0.176023 0.173390 0.160956
0.404269 0.075902 0.373262 0.398879 0.205823 0.243928 0.236942 0.186584 0.108947 0.312640 0.116808 0.124758 0.148221 0.139737 0.153658 0.127903 0.133729 0.184877 0.115080 0.197507 0.161405 0.166239 0.194623 0.131259 0.098737 0.139079 0.123928 0.096959 0.100140 0.197368 0.157387 0.127050 0.183848 0.117678 0.152612 0.128520 0.157166 0.115485 0.116088 0.095170
0.505707 0.107732 0.497031 0.470165 0.234519 0.270164 0.293966 0.231186 0.148081 0.367315 0.163727 0.165963 0.177818 0.199973 0.194899 0.175666 0.164876 0.233834 0.152871 0.225267 0.199959 0.195901 0.237109 0.173159 0.142241 0.173446 0.145688 0.136610 0.148827 0.216393 0.207154 0.180026 0.159395 0.152573 0.177577 0.163801 0.210283 0.150107 0.145356 0.121854
0.524535 0.115223 0.522008 0.524928 0.266676 0.298670 0.303000 0.280648 0.141401 0.352734 0.154816 0.176991 0.178339 0.222984 0.186241 0.189496 0.162338 0.213420 0.140608 0.230623 0.194080 0.185872 0.253304 0.162397 0.152732 0.169805 0.150085 0.140867 0.154969 0.193747 0.193065 0.190246 0.176430 0.157886 0.179159 0.159632 0.194852 0.154794 0.155935 0.135277
0.324613 0.048905 0.265634 0.292209 0.119893 0.172763 0.182645 0.125506 0.084741 0.268257 0.105965 0.070522 0.094075 0.105638 0.127025 0.091195 0.082482 0.140298 0.072068 0.153246 0.108500 0.130332 0.138630 0.088260 0.057422 0.083690 0.065671 0.061926 0.067352 0.136123 0.115746 0.073149 0.090755 0.096606 0.095792 0.096167 0.108805 0.066206 0.081361 0.056452
0.473321 0.120538 0.512257 0.475032 0.306359 0.270460 0.304742 0.238119 0.155855 0.265767 0.149973 0.179044 0.161184 0.253464 0.206433 0.158509 0.170760 0.217096 0.156086 0.215668 0.187831 0.191267 0.240873 0.168387 0.137927 0.171833 0.164629 0.162538 0.142745 0.183537 0.169104 0.184810 0.142441 0.175877 0.204306 0.170184 0.190750 0.148935 0.190661 0.130245
0.518853 0.139940 0.634286 0.502682 0.293669 0.291237 0.246639 0.245520 0.163762 0.262183 0.140338 0.200094 0.173191 0.221464 0.175414 0.167016 0.148538 0.200247 0.166205 0.192352 0.194109 0.154203 0.219139 0.181569 0.163536 0.159359 0.122148 0.163516 0.179677 0.161696 0.175652 0.176488 0.151750 0.130854 0.208683 0.136077 0.213933 0.138070 0.174355 0.162808
0.386300 0.071659 0.370773 0.405840 0.230456 0.241095 0.259091 0.226893 0.102199 0.249908 0.123001 0.118736 0.136220 0.188484 0.191253 0.119205 0.137975 0.188481 0.117222 0.183153 0.180454 0.175854 0.189387 0.135711 0.104027 0.131050 0.137704 0.095332 0.069661 0.151009 0.135147 0.120241 0.130813 0.126338 0.150253 0.157438 0.148395 0.115174 0.140202 0.093173
0.565909 0.143562 0.650948 0.543716 0.320270 0.322747 0.295230 0.290538 0.192075 0.325521 0.185070 0.218976 0.202668 0.261677 0.197058 0.219086 0.183611 0.258573 0.182230 0.216243 0.217877 0.181797 0.267729 0.206568 0.180375 0.201730 0.157134 0.176043 0.199989 0.203597 0.201099 0.211362 0.179394 0.181010 0.239294 0.180893 0.259240 0.174922 0.205980 0.183242
0.451518 0.157158 0.581357 0.469883 0.348261 0.264979 0.251728 0.238317 0.157687 0.258044 0.137409 0.233547 0.171792 0.227517 0.189570 0.200113 0.168115 0.214389 0.189220 0.195537 0.204469 0.171828 0.268058 0.191826 0.177291 0.187694 0.175877 0.191133 0.219781 0.207295 0.176952 0.193002 0.166213 0.175287 0.203337 0.138284 0.195647 0.216775 0.213934 0.148239
0.483540 0.130050 0.635487 0.499276 0.318379 0.318268 0.246469 0.265966 0.168354 0.262279 0.140224 0.229555 0.194307 0.211627 0.180204 0.193210 0.182684 0.237599 0.171187 0.201125 0.195638 0.146216 0.224037 0.185269 0.154309 0.185847 0.170402 0.178968 0.154419 0.198408 0.173409 0.191263 0.176331 0.158371 0.220614 0.147586 0.225106 0.168844 0.206271 0.182651
0.404981 0.144277 0.545340 0.402817 0.294864 0.250192 0.219612 0.198988 0.121269 0.191710 0.107617 0.184085 0.131939 0.191956 0.144984 0.126712 0.123031 0.144357 0.144309 0.165211 0.175803 0.143008 0.211889 0.160352 0.133951 0.114691 0.107393 0.144299 0.142381 0.128694 0.142554 0.139328 0.127331 0.125989 0.157415 0.091582 0.155739 0.141184 0.134429 0.116822
