0.448807 0.089149 0.459688 0.433207 0.206612 0.242876 0.237535 0.208115 0.113903 0.278965 0.132904 0.150886 0.154995 0.178641 0.149153 0.148011 0.134670 0.178460 0.134496 0.174191 0.158348 0.151221 0.192084 0.131161 0.117564 0.144547 0.111629 0.109968 0.131310 0.155942 0.155482 0.145231 0.127808 0.130140 0.170689 0.135314 0.170390 0.115578 0.138246 0.112869
0.365740 0.112003 0.501252 0.372301 0.246520 0.219534 0.180318 0.178551 0.120929 0.176396 0.098379 0.179015 0.130950 0.178118 0.130475 0.131313 0.123347 0.149356 0.139897 0.138620 0.144875 0.117693 0.172881 0.141570 0.113694 0.130776 0.091973 0.123678 0.130381 0.129398 0.118735 0.139014 0.120682 0.113917 0.161193 0.102244 0.154952 0.122002 0.141656 0.128839
0.387507 0.128869 0.501534 0.387594 0.265096 0.223368 0.196966 0.193132 0.135864 0.192167 0.113111 0.184515 0.136902 0.188576 0.140679 0.144546 0.132404 0.164256 0.149436 0.144705 0.155886 0.133598 0.180009 0.163813 0.126174 0.137030 0.098315 0.136203 0.143620 0.140624 0.132449 0.143415 0.126953 0.129171 0.166799 0.107507 0.168754 0.124773 0.148405 0.132968
0.370431 0.074425 0.397482 0.366609 0.224361 0.209633 0.231167 0.184142 0.089611 0.200979 0.107235 0.116940 0.135884 0.169233 0.137196 0.109845 0.103009 0.142243 0.103726 0.130695 0.133999 0.129355 0.177656 0.106962 0.083217 0.099449 0.080137 0.096756 0.090611 0.128741 0.124103 0.121988 0.108501 0.092217 0.110008 0.100653 0.133081 0.093730 0.106462 0.079226
0.329818 0.105129 0.474221 0.342180 0.267773 0.196979 0.195977 0.164354 0.115158 0.153412 0.096128 0.166341 0.124897 0.177357 0.130570 0.117079 0.108289 0.142942 0.127411 0.120532 0.140738 0.118711 0.173219 0.141613 0.099162 0.113153 0.084669 0.133130 0.132819 0.123831 0.118358 0.123062 0.116610 0.101195 0.128375 0.089769 0.140781 0.129052 0.125593 0.105599
0.374466 0.064746 0.385020 0.385248 0.211766 0.202145 0.225588 0.185740 0.088340 0.221273 0.103307 0.115161 0.124112 0.164749 0.145067 0.116726 0.109928 0.142607 0.107338 0.134136 0.135407 0.130819 0.175054 0.106589 0.092969 0.109387 0.096985 0.095703 0.097592 0.142505 0.120654 0.126336 0.113696 0.097470 0.112223 0.105139 0.130734 0.099591 0.115455 0.080168
0.428414 0.081907 0.419451 0.406735 0.185408 0.231739 0.219861 0.208570 0.098713 0.249624 0.121276 0.121594 0.117460 0.168303 0.154861 0.112808 0.126853 0.151741 0.104619 0.163891 0.131027 0.139861 0.169168 0.121082 0.102701 0.108486 0.092281 0.088995 0.098265 0.130486 0.132867 0.124448 0.108353 0.126024 0.147179 0.127562 0.137184 0.088825 0.121412 0.091086
0.349077 0.055163 0.340573 0.356744 0.173633 0.190713 0.210154 0.177615 0.091156 0.203173 0.097620 0.079565 0.098782 0.142696 0.138506 0.083417 0.096683 0.129712 0.068227 0.138309 0.119650 0.120694 0.149711 0.090813 0.083643 0.077501 0.075279 0.086061 0.072865 0.107692 0.114233 0.096786 0.086828 0.088021 0.092205 0.097104 0.111289 0.077969 0.093000 0.068061
0.293524 0.070834 0.393835 0.307859 0.210195 0.189695 0.149075 0.168609 0.084828 0.162330 0.066768 0.122223 0.089758 0.135681 0.106412 0.100014 0.086816 0.110873 0.088321 0.116003 0.115200 0.091217 0.158796 0.092153 0.079012 0.083756 0.077733 0.095073 0.089877 0.115361 0.085853 0.104963 0.092381 0.081552 0.111394 0.070947 0.098046 0.103751 0.111132 0.077140
0.356881 0.053718 0.323839 0.340846 0.158945 0.207217 0.187030 0.154890 0.077050 0.247325 0.084917 0.089685 0.105392 0.114016 0.144478 0.085146 0.098662 0.126486 0.080000 0.153456 0.119519 0.118394 0.150032 0.088361 0.068731 0.089478 0.082303 0.072621 0.067563 0.150380 0.129420 0.104546 0.130931 0.082851 0.102894 0.094049 0.109790 0.076854 0.091247 0.068580
0.439048 0.077368 0.441325 0.429657 0.191957 0.230317 0.232048 0.203163 0.114029 0.264240 0.135119 0.124579 0.135632 0.175382 0.158330 0.127687 0.134807 0.162786 0.115358 0.171818 0.148381 0.136907 0.181226 0.122188 0.119396 0.124397 0.110474 0.106710 0.117103 0.132316 0.148800 0.129394 0.112719 0.126008 0.152719 0.131293 0.153927 0.104806 0.132471 0.102713
0.338797 0.122044 0.457348 0.326483 0.272389 0.196465 0.186563 0.173728 0.117645 0.156394 0.098407 0.169789 0.125154 0.183552 0.131096 0.126929 0.115962 0.151594 0.147667 0.119405 0.145514 0.121053 0.181057 0.144577 0.120605 0.122063 0.085944 0.139266 0.146282 0.142323 0.121565 0.146104 0.122316 0.110272 0.147543 0.088128 0.147255 0.124464 0.139378 0.105240
0.407421 0.078734 0.403701 0.413936 0.206381 0.230890 0.225917 0.207159 0.104345 0.239404 0.115496 0.124150 0.145691 0.177260 0.137661 0.124789 0.119577 0.163209 0.111259 0.157792 0.145439 0.133897 0.168205 0.118034 0.116158 0.123318 0.106182 0.108700 0.118129 0.135429 0.136669 0.128181 0.135808 0.108485 0.144049 0.125108 0.148296 0.104599 0.128342 0.104154
0.324942 0.080331 0.366746 0.350347 0.240219 0.194201 0.207704 0.161723 0.107234 0.182452 0.103410 0.123154 0.125487 0.153490 0.138125 0.108597 0.110348 0.141099 0.105817 0.145154 0.150084 0.129207 0.155501 0.115729 0.085187 0.114129 0.105191 0.115078 0.093711 0.124599 0.121316 0.115814 0.116045 0.107956 0.122596 0.103065 0.134565 0.100670 0.121014 0.096677
0.325366 0.050873 0.289995 0.313261 0.128396 0.185263 0.189607 0.143862 0.071730 0.227723 0.086191 0.073596 0.099784 0.122666 0.110668 0.089875 0.084196 0.138340 0.065819 0.134919 0.107311 0.115212 0.123720 0.082482 0.059724 0.081794 0.075917 0.064570 0.069527 0.115371 0.106858 0.089338 0.085546 0.074597 0.090670 0.105734 0.109357 0.084818 0.084004 0.055978
0.367094 0.098214 0.459321 0.376504 0.247823 0.209116 0.195932 0.170876 0.110348 0.180450 0.099587 0.150192 0.130452 0.167852 0.147732 0.117515 0.119997 0.154004 0.131305 0.130274 0.144183 0.116949 0.168227 0.126811 0.115054 0.108656 0.083657 0.121296 0.113296 0.122566 0.120344 0.129501 0.116329 0.099579 0.128808 0.088234 0.140087 0.115107 0.131806 0.101981
0.360664 0.084271 0.356903 0.358482 0.190015 0.205495 0.218748 0.206469 0.095633 0.223804 0.104709 0.101985 0.104461 0.169045 0.128517 0.112662 0.101500 0.144885 0.082244 0.146737 0.131254 0.135682 0.164820 0.118142 0.103154 0.095234 0.087353 0.102014 0.106241 0.119083 0.123515 0.112586 0.106087 0.115521 0.112631 0.112065 0.122625 0.091250 0.104137 0.075519
0.383068 0.058156 0.377655 0.374411 0.162778 0.200867 0.204357 0.176586 0.087588 0.210956 0.111513 0.090502 0.108029 0.154752 0.150719 0.094166 0.106556 0.136192 0.090852 0.139840 0.117376 0.124887 0.137073 0.103515 0.086956 0.092330 0.077990 0.068359 0.075792 0.108038 0.110687 0.105193 0.096506 0.101689 0.130855 0.124016 0.127928 0.073761 0.110625 0.084843
0.369431 0.081494 0.434864 0.386949 0.218449 0.213823 0.211406 0.180903 0.114493 0.193298 0.095355 0.142458 0.127586 0.170613 0.132621 0.127457 0.118142 0.156554 0.096629 0.137235 0.144700 0.114721 0.156390 0.126313 0.106479 0.123454 0.086969 0.119515 0.118751 0.115807 0.120535 0.113647 0.117389 0.103693 0.122188 0.108070 0.153948 0.095848 0.114833 0.108532
0.399641 0.068499 0.353366 0.369570 0.155956 0.207088 0.199771 0.161743 0.087074 0.267402 0.099174 0.108303 0.098355 0.138921 0.130748 0.108776 0.103203 0.136773 0.097097 0.161991 0.127210 0.135540 0.162016 0.102482 0.091501 0.104287 0.085209 0.076469 0.085973 0.149547 0.121190 0.128992 0.107005 0.111955 0.125025 0.101488 0.122781 0.087717 0.092900 0.079248
0.312711 0.064778 0.299570 0.319900 0.161648 0.180365 0.213583 0.163401 0.070298 0.192239 0.095318 0.091371 0.104054 0.154666 0.123281 0.083084 0.094586 0.140056 0.086283 0.127376 0.112320 0.132542 0.145410 0.101723 0.083308 0.085502 0.079027 0.079764 0.065931 0.118013 0.108099 0.106615 0.091499 0.093762 0.090258 0.104252 0.109837 0.094475 0.085417 0.064318
0.285559 0.052378 0.255313 0.282400 0.136536 0.145918 0.174721 0.154339 0.080293 0.169470 0.092108 0.051998 0.088637 0.131703 0.127747 0.092011 0.084521 0.130127 0.067638 0.111816 0.111675 0.099852 0.108462 0.088831 0.080798 0.072033 0.081899 0.072346 0.061275 0.085553 0.094113 0.072304 0.073692 0.075729 0.080944 0.103333 0.105349 0.071511 0.095782 0.050022
0.274753 0.066528 0.287179 0.310471 0.151341 0.161124 0.145151 0.138073 0.070524 0.190631 0.075694 0.111318 0.081063 0.111382 0.100023 0.094477 0.094809 0.101175 0.082141 0.147758 0.121822 0.106020 0.140553 0.090299 0.093876 0.095865 0.106599 0.078545 0.082713 0.102171 0.095416 0.096762 0.088112 0.106201 0.119982 0.085310 0.092035 0.116467 0.095504 0.085269
0.287361 0.064562 0.340781 0.296370 0.131607 0.169808 0.154408 0.133344 0.090289 0.162287 0.082157 0.119465 0.105995 0.115712 0.118777 0.092018 0.108599 0.140423 0.094389 0.124157 0.117184 0.093500 0.108102 0.120621 0.094190 0.107747 0.104679 0.086875 0.078807 0.122356 0.104063 0.107361 0.087988 0.084891 0.126414 0.105250 0.141806 0.090509 0.110615 0.105883
0.302533 0.048651 0.262619 0.307740 0.128613 0.150234 0.180470 0.157357 0.068472 0.201294 0.085498 0.059636 0.071620 0.121066 0.099763 0.068339 0.081470 0.105301 0.053865 0.116807 0.086426 0.114935 0.125058 0.076459 0.052756 0.070035 0.051597 0.059141 0.055628 0.100019 0.092476 0.078563 0.087265 0.081335 0.072219 0.084090 0.080526 0.058213 0.069712 0.049913
0.316319 0.083337 0.425190 0.338261 0.204979 0.183760 0.178400 0.171431 0.105977 0.170239 0.105080 0.126877 0.120434 0.155066 0.124535 0.103366 0.095720 0.123311 0.113284 0.136673 0.146966 0.115763 0.141754 0.119288 0.099272 0.090091 0.076023 0.101396 0.099121 0.088131 0.115672 0.097036 0.093566 0.091035 0.121756 0.097838 0.126129 0.105877 0.106653 0.099756
0.168875 0.028911 0.184894 0.206361 0.105640 0.108273 0.106756 0.082127 0.048495 0.101935 0.041539 0.068789 0.060708 0.056051 0.086044 0.035691 0.086313 0.067482 0.068311 0.072018 0.068745 0.084410 0.081980 0.075838 0.060101 0.062742 0.068543 0.044000 0.017674 0.086533 0.056116 0.057065 0.086747 0.052121 0.068857 0.029880 0.056977 0.032685 0.047844 0.054987
0.277577 0.101661 0.368267 0.289680 0.254786 0.174357 0.180321 0.139358 0.103140 0.144030 0.094226 0.146418 0.114314 0.155696 0.117514 0.110158 0.109504 0.137282 0.126157 0.127551 0.123183 0.116841 0.149832 0.128891 0.097693 0.103366 0.098414 0.116314 0.096909 0.130189 0.105286 0.126239 0.115351 0.109691 0.116817 0.083876 0.124573 0.128444 0.115152 0.095693
0.282164 0.096461 0.413744 0.294529 0.254327 0.177795 0.166203 0.151949 0.089182 0.122485 0.073489 0.163704 0.118643 0.152905 0.102560 0.113915 0.086822 0.128195 0.123057 0.090093 0.123667 0.091022 0.152535 0.116762 0.091410 0.103643 0.070712 0.119396 0.115132 0.121419 0.100293 0.124857 0.113300 0.087227 0.118759 0.068345 0.139145 0.111928 0.116080 0.103447
0.312046 0.048492 0.275977 0.307046 0.142602 0.178841 0.169559 0.132956 0.073375 0.235428 0.079175 0.081463 0.096101 0.100047 0.114605 0.082403 0.092992 0.122112 0.076124 0.141067 0.108648 0.115936 0.134601 0.085896 0.066472 0.087990 0.078052 0.064118 0.061962 0.138768 0.109203 0.087581 0.127985 0.079025 0.097861 0.083864 0.101730 0.072799 0.076456 0.062143
0.385562 0.067582 0.368317 0.357540 0.161895 0.201292 0.207186 0.162021 0.098426 0.270397 0.110934 0.108732 0.117068 0.138724 0.142108 0.112785 0.114942 0.154840 0.100419 0.160960 0.136296 0.133661 0.163630 0.111869 0.093759 0.111429 0.093920 0.088382 0.092928 0.150185 0.138750 0.120935 0.110409 0.102182 0.117558 0.108148 0.135935 0.094575 0.096447 0.079113
0.400159 0.073245 0.390138 0.398103 0.184947 0.220105 0.216521 0.195041 0.095822 0.260575 0.106534 0.118009 0.118808 0.154474 0.137284 0.123471 0.115476 0.143393 0.095059 0.166963 0.134580 0.129753 0.175620 0.106551 0.101710 0.110045 0.096837 0.091537 0.098430 0.136502 0.130490 0.127634 0.118618 0.106916 0.119873 0.106552 0.128139 0.099656 0.105055 0.088883
0.272936 0.034665 0.213787 0.246890 0.091490 0.143325 0.138792 0.098686 0.061309 0.217530 0.075238 0.050449 0.066375 0.078843 0.102431 0.063058 0.065430 0.099072 0.052497 0.121078 0.080902 0.094906 0.103373 0.063215 0.042407 0.058550 0.047098 0.043162 0.043230 0.110390 0.088373 0.057833 0.074499 0.067332 0.067777 0.066802 0.076425 0.044619 0.058190 0.041694
0.348292 0.079728 0.369448 0.347671 0.210280 0.190699 0.214732 0.163768 0.104395 0.194643 0.103033 0.118767 0.106115 0.177206 0.139915 0.104269 0.116378 0.142549 0.106948 0.147108 0.124717 0.130911 0.163768 0.112026 0.091482 0.111592 0.101739 0.104656 0.093828 0.122678 0.111103 0.122073 0.092532 0.113931 0.133727 0.110690 0.124858 0.096034 0.126131 0.084826
0.405881 0.096323 0.492802 0.389712 0.217457 0.219290 0.187140 0.177696 0.116205 0.202313 0.103358 0.144844 0.121143 0.163425 0.128962 0.118056 0.106406 0.138279 0.119347 0.143060 0.139659 0.114343 0.165177 0.127101 0.108550 0.110624 0.080358 0.112823 0.124263 0.115666 0.123257 0.122753 0.104369 0.094633 0.146721 0.095627 0.149003 0.097256 0.123181 0.112206
0.285931 0.045202 0.264699 0.301250 0.155755 0.170112 0.183942 0.157204 0.068467 0.185153 0.082359 0.075698 0.089777 0.132098 0.131006 0.078548 0.097275 0.126361 0.077112 0.125148 0.118146 0.121951 0.127150 0.089218 0.070275 0.085115 0.086197 0.061926 0.044423 0.105924 0.088782 0.081406 0.085424 0.083270 0.095021 0.101569 0.094949 0.070984 0.090849 0.059282
0.424100 0.094354 0.484524 0.401193 0.224686 0.234814 0.211785 0.200958 0.127979 0.236765 0.127342 0.150334 0.136693 0.183066 0.140171 0.146156 0.126604 0.171929 0.124068 0.153219 0.147834 0.126199 0.189595 0.137178 0.117856 0.132495 0.100396 0.115886 0.132043 0.140530 0.135849 0.141978 0.118400 0.122496 0.160913 0.120156 0.171458 0.113887 0.137749 0.119114
0.322622 0.100025 0.415989 0.329956 0.241071 0.181111 0.172996 0.160845 0.104163 0.176911 0.091667 0.154606 0.112096 0.158955 0.126286 0.130020 0.108010 0.135805 0.127447 0.129834 0.134528 0.114712 0.185272 0.122993 0.112105 0.118350 0.106458 0.123152 0.142296 0.133228 0.113952 0.124208 0.104151 0.110281 0.131680 0.087251 0.126256 0.137000 0.141364 0.094529
0.363982 0.085836 0.468796 0.365551 0.219386 0.228255 0.176653 0.184458 0.112306 0.193859 0.099314 0.154305 0.129138 0.147063 0.125541 0.128646 0.121679 0.155032 0.116002 0.140015 0.134883 0.101379 0.159914 0.122447 0.098818 0.120251 0.106383 0.116764 0.101825 0.132957 0.117317 0.126148 0.113946 0.107323 0.147399 0.097822 0.150274 0.109736 0.135156 0.119148
0.314249 0.096738 0.428285 0.308110 0.212595 0.184779 0.161463 0.145386 0.087367 0.147645 0.078803 0.131547 0.092227 0.141071 0.100743 0.092063 0.084012 0.099279 0.101070 0.119221 0.124736 0.101653 0.158085 0.110860 0.086127 0.081206 0.067637 0.098962 0.102064 0.089795 0.098036 0.095968 0.085529 0.086137 0.110077 0.065572 0.108899 0.096873 0.094869 0.081887
