0.475882 0.108505 0.538081 0.455546 0.193425 0.265222 0.237223 0.202526 0.136748 0.285380 0.153781 0.160568 0.168085 0.200303 0.169824 0.158545 0.163392 0.187701 0.155329 0.202754 0.174749 0.169909 0.206773 0.149641 0.137044 0.160942 0.128864 0.130297 0.142235 0.167778 0.170240 0.166319 0.144135 0.146000 0.179024 0.149937 0.176178 0.126134 0.153546 0.134945
0.395597 0.126890 0.574216 0.390044 0.201377 0.236027 0.188821 0.175583 0.139647 0.204995 0.118918 0.182078 0.140889 0.196963 0.143961 0.139787 0.141762 0.160372 0.152182 0.165848 0.163319 0.139963 0.191323 0.158886 0.131493 0.148447 0.106747 0.139406 0.146053 0.141606 0.136038 0.158452 0.130291 0.127259 0.170107 0.120995 0.161263 0.128446 0.155570 0.148205
0.416788 0.143154 0.575456 0.408624 0.219863 0.243663 0.203762 0.188442 0.152388 0.220995 0.134252 0.189561 0.150378 0.210316 0.157115 0.155588 0.153896 0.175280 0.163405 0.174936 0.173198 0.155445 0.200869 0.177814 0.145580 0.157620 0.115636 0.151339 0.155320 0.153900 0.149898 0.164003 0.137845 0.144659 0.179229 0.129531 0.176474 0.133885 0.165364 0.154048
0.412934 0.089334 0.449970 0.416466 0.195923 0.229781 0.213253 0.185495 0.109010 0.222859 0.127992 0.128363 0.145313 0.184932 0.155541 0.128259 0.129516 0.154263 0.123454 0.156720 0.145044 0.148947 0.193038 0.125724 0.105193 0.120637 0.094778 0.114322 0.105895 0.146553 0.137336 0.144136 0.125901 0.105681 0.128311 0.115195 0.139767 0.104468 0.123560 0.101486
0.373668 0.117920 0.536172 0.379564 0.214629 0.219019 0.189912 0.168893 0.128232 0.182784 0.117734 0.176706 0.137199 0.198868 0.148944 0.136109 0.129082 0.155159 0.140636 0.149511 0.150988 0.139766 0.195732 0.155722 0.119796 0.135251 0.100055 0.148420 0.147147 0.138734 0.131697 0.146284 0.128242 0.116268 0.149783 0.112674 0.150905 0.137374 0.139856 0.129713
0.417401 0.081929 0.440608 0.419703 0.190874 0.223489 0.212322 0.185212 0.107943 0.236648 0.123873 0.129105 0.139772 0.185797 0.164526 0.133521 0.136761 0.153050 0.128329 0.160832 0.146401 0.150317 0.190159 0.124926 0.113316 0.127252 0.110410 0.113486 0.112557 0.158144 0.134770 0.148054 0.128563 0.111047 0.130415 0.119619 0.137831 0.108871 0.126841 0.103316
0.455449 0.097780 0.501094 0.430152 0.173855 0.246621 0.211778 0.193755 0.118467 0.271489 0.136756 0.130219 0.135347 0.185309 0.167936 0.124596 0.146476 0.165316 0.126837 0.189544 0.147436 0.156221 0.182149 0.136154 0.119037 0.130070 0.107557 0.105505 0.111726 0.143577 0.148465 0.144038 0.124880 0.138243 0.152088 0.140649 0.144725 0.104307 0.137110 0.109992
0.384569 0.067775 0.385766 0.397743 0.154127 0.205621 0.196007 0.174549 0.100768 0.227015 0.107578 0.088417 0.114375 0.158466 0.152262 0.098200 0.119107 0.136013 0.085356 0.157610 0.126190 0.139140 0.161278 0.104977 0.098432 0.095188 0.087029 0.095154 0.082562 0.124242 0.122249 0.114001 0.106496 0.099308 0.103170 0.107114 0.112332 0.088903 0.104310 0.086417
0.329046 0.088297 0.457726 0.346016 0.176334 0.198829 0.154808 0.164248 0.099859 0.180244 0.082712 0.130943 0.103579 0.154361 0.113153 0.107960 0.104307 0.122281 0.105987 0.133882 0.126537 0.110269 0.171289 0.108005 0.095534 0.103591 0.087796 0.108828 0.100622 0.124822 0.099561 0.121190 0.104622 0.090723 0.123375 0.087035 0.105029 0.107783 0.120833 0.096641
0.392591 0.070165 0.367958 0.373530 0.138423 0.222098 0.179332 0.158908 0.092069 0.255394 0.101144 0.097312 0.114370 0.131509 0.156690 0.096283 0.116871 0.134537 0.096658 0.175847 0.131246 0.132489 0.165585 0.106475 0.086707 0.105753 0.095691 0.086803 0.079467 0.159783 0.139805 0.125167 0.141680 0.091866 0.113224 0.104467 0.112663 0.087578 0.104141 0.086481
0.470672 0.093047 0.499673 0.444452 0.176670 0.249424 0.228700 0.193523 0.130624 0.280079 0.148508 0.137225 0.150220 0.193516 0.177709 0.139570 0.158875 0.173558 0.134807 0.197546 0.163671 0.159419 0.190345 0.137589 0.135153 0.141435 0.123532 0.120342 0.126699 0.147415 0.160636 0.147128 0.127518 0.140606 0.159656 0.143959 0.160180 0.114525 0.143670 0.124656
0.368289 0.137363 0.527216 0.370117 0.221114 0.216416 0.190069 0.173421 0.133308 0.187055 0.122957 0.178354 0.140462 0.203895 0.143562 0.144006 0.138874 0.163551 0.160112 0.148843 0.159017 0.141851 0.201055 0.159124 0.141553 0.144901 0.103573 0.156943 0.157946 0.154636 0.138871 0.164224 0.134268 0.128423 0.161582 0.111498 0.155240 0.129677 0.153914 0.130221
0.437819 0.097977 0.474618 0.443713 0.185160 0.249751 0.221527 0.199949 0.126296 0.263118 0.132644 0.137531 0.157039 0.198552 0.157122 0.137946 0.150074 0.173765 0.132278 0.184264 0.160926 0.159869 0.181815 0.137629 0.135930 0.141460 0.123295 0.126402 0.129407 0.155330 0.151174 0.153098 0.150492 0.123230 0.153360 0.137043 0.148748 0.114758 0.140185 0.124000
0.375331 0.098351 0.426151 0.390063 0.195838 0.216760 0.196762 0.165093 0.125871 0.209361 0.122605 0.134592 0.140592 0.179054 0.155224 0.125717 0.132093 0.154586 0.123599 0.172458 0.166342 0.150544 0.176501 0.139902 0.109491 0.134016 0.120504 0.131116 0.114429 0.143059 0.138929 0.143397 0.131376 0.121051 0.139893 0.119597 0.140668 0.116062 0.138650 0.120316
0.352459 0.066654 0.360857 0.353905 0.123551 0.202035 0.180645 0.149912 0.086074 0.227235 0.098401 0.082717 0.109784 0.136654 0.126615 0.096766 0.106464 0.141335 0.083361 0.152795 0.111239 0.125062 0.141169 0.098790 0.076273 0.094742 0.088787 0.076742 0.078089 0.125660 0.115770 0.109466 0.103573 0.081529 0.100657 0.114042 0.106431 0.091788 0.095228 0.072275
0.404450 0.110612 0.507941 0.403351 0.199898 0.227650 0.198910 0.176309 0.122804 0.210799 0.120324 0.152212 0.140797 0.188577 0.160741 0.129999 0.139637 0.162003 0.140430 0.155883 0.155371 0.138898 0.188202 0.142221 0.132509 0.126244 0.098965 0.135971 0.125557 0.135225 0.133941 0.148389 0.124011 0.115434 0.145200 0.108226 0.144713 0.117790 0.141880 0.122918
0.397276 0.097686 0.422090 0.398946 0.170366 0.225170 0.205744 0.191466 0.110552 0.248809 0.120357 0.113918 0.126028 0.186867 0.145988 0.126679 0.130532 0.156214 0.105155 0.172012 0.142389 0.153492 0.178548 0.131726 0.119362 0.120080 0.102319 0.114284 0.111810 0.137251 0.136976 0.134145 0.126230 0.126519 0.126777 0.128627 0.129425 0.107097 0.120222 0.098435
0.413519 0.071462 0.441355 0.397125 0.149681 0.213130 0.196034 0.167608 0.102218 0.234146 0.119606 0.101474 0.120258 0.165219 0.163302 0.106157 0.125975 0.142616 0.106977 0.159057 0.129093 0.140074 0.145820 0.116253 0.098305 0.108016 0.090565 0.084135 0.088433 0.123677 0.119899 0.121990 0.110379 0.112389 0.129582 0.128988 0.130978 0.083415 0.117148 0.099636
0.407527 0.097203 0.480344 0.409406 0.187988 0.236948 0.207743 0.181477 0.128787 0.224676 0.117219 0.146418 0.141048 0.194438 0.151396 0.137464 0.142043 0.161294 0.115239 0.166878 0.156077 0.139832 0.177680 0.141595 0.123228 0.137616 0.103503 0.130368 0.130573 0.131866 0.134497 0.137035 0.128523 0.116029 0.137477 0.124206 0.154186 0.109671 0.129460 0.129200
0.415567 0.079899 0.424804 0.395051 0.148998 0.224792 0.193558 0.160474 0.102118 0.266633 0.115296 0.111043 0.114315 0.153024 0.144743 0.116392 0.123999 0.143494 0.113195 0.181729 0.135367 0.143857 0.173102 0.116290 0.105184 0.116404 0.095218 0.089800 0.094458 0.156136 0.135402 0.141814 0.124995 0.119654 0.129541 0.111650 0.126465 0.097477 0.107879 0.094697
0.352584 0.076088 0.376122 0.367936 0.149231 0.199853 0.188676 0.165325 0.087412 0.213380 0.111529 0.096977 0.118362 0.166821 0.144315 0.101593 0.121351 0.149933 0.106733 0.149871 0.119625 0.148098 0.157855 0.120315 0.103324 0.106968 0.090374 0.096161 0.081775 0.136337 0.122824 0.127843 0.116979 0.106337 0.105727 0.117427 0.115474 0.104378 0.100589 0.084720
0.322330 0.066059 0.316298 0.319572 0.124393 0.167275 0.162913 0.150069 0.087436 0.187403 0.096285 0.064962 0.106165 0.141463 0.144358 0.104916 0.105245 0.129817 0.086438 0.128565 0.111644 0.115896 0.122568 0.101161 0.094083 0.086776 0.093967 0.082081 0.069874 0.107449 0.102476 0.093538 0.089475 0.087900 0.091166 0.110003 0.104648 0.078894 0.098305 0.067013
0.312144 0.078909 0.363966 0.316312 0.132546 0.172914 0.152007 0.135498 0.088555 0.195804 0.089966 0.116692 0.098490 0.130892 0.111869 0.102722 0.112129 0.118208 0.102119 0.163627 0.132252 0.122677 0.143887 0.106948 0.110117 0.111458 0.109281 0.091746 0.090440 0.110302 0.111277 0.112420 0.101074 0.113725 0.128039 0.102497 0.101963 0.122236 0.108441 0.106093
0.323628 0.081855 0.422927 0.311131 0.123699 0.179774 0.162122 0.135269 0.106499 0.188616 0.098977 0.122828 0.117979 0.137718 0.134464 0.098653 0.127499 0.146246 0.111479 0.150211 0.132739 0.119064 0.125848 0.138038 0.111039 0.121184 0.117784 0.099060 0.094324 0.131426 0.119548 0.126881 0.106403 0.100491 0.131688 0.120893 0.141200 0.097471 0.123832 0.123267
0.313171 0.058351 0.306463 0.328632 0.125755 0.167449 0.160829 0.149693 0.079106 0.210152 0.093896 0.069668 0.081979 0.129198 0.112741 0.080117 0.098489 0.109703 0.066086 0.131097 0.096563 0.122425 0.134430 0.085480 0.064130 0.083798 0.062723 0.068256 0.062691 0.111626 0.099731 0.090263 0.101394 0.087828 0.083064 0.090312 0.086184 0.067089 0.076612 0.062628
0.356369 0.090178 0.470162 0.362473 0.167232 0.203129 0.171913 0.171157 0.118034 0.198225 0.109636 0.134966 0.127661 0.167514 0.144122 0.114834 0.115485 0.130438 0.124498 0.155472 0.157318 0.133958 0.158125 0.132608 0.110935 0.109935 0.088154 0.116125 0.109318 0.105163 0.124372 0.118623 0.102325 0.105638 0.131504 0.108492 0.131318 0.114965 0.117895 0.116998
0.204967 0.035752 0.163861 0.206046 0.079281 0.114176 0.098014 0.092536 0.055179 0.119737 0.055044 0.065507 0.064696 0.072694 0.092760 0.046767 0.088158 0.079517 0.075346 0.088560 0.083155 0.096040 0.088648 0.088891 0.071969 0.073211 0.074297 0.051825 0.028865 0.087501 0.066545 0.068312 0.079570 0.057661 0.073847 0.036686 0.064778 0.044412 0.058712 0.063781
0.327433 0.115793 0.446701 0.333677 0.194837 0.196137 0.175046 0.149132 0.119438 0.167380 0.116131 0.154077 0.127634 0.179503 0.137378 0.126178 0.130782 0.151966 0.140092 0.153331 0.138418 0.135489 0.174051 0.148499 0.123099 0.126375 0.109861 0.135173 0.116007 0.144365 0.126028 0.151400 0.129603 0.121763 0.138786 0.107098 0.136942 0.134651 0.133518 0.118687
0.321792 0.112782 0.470390 0.333267 0.205171 0.194765 0.165119 0.155630 0.107450 0.151562 0.099607 0.169034 0.127118 0.173474 0.117356 0.130834 0.112170 0.137194 0.137024 0.116645 0.134310 0.113158 0.171207 0.132643 0.111249 0.123803 0.085506 0.138707 0.130405 0.135689 0.113084 0.143258 0.125899 0.102499 0.137828 0.087548 0.144678 0.113188 0.127331 0.124565
0.342666 0.063695 0.318751 0.335288 0.126715 0.195203 0.161069 0.144048 0.086700 0.237994 0.093140 0.088516 0.103466 0.118270 0.132323 0.090686 0.109136 0.127415 0.091415 0.160684 0.118021 0.126568 0.150426 0.103650 0.083238 0.102381 0.090192 0.077664 0.072940 0.143310 0.122167 0.107666 0.136686 0.085145 0.106018 0.091798 0.103724 0.085397 0.091478 0.078490
0.417260 0.082707 0.418935 0.393160 0.150539 0.224148 0.200415 0.168658 0.111945 0.272338 0.129006 0.116468 0.131220 0.159345 0.162164 0.122716 0.138162 0.160721 0.118912 0.187715 0.145338 0.147255 0.181873 0.126458 0.112439 0.126539 0.108100 0.102635 0.102520 0.156411 0.152040 0.138633 0.126553 0.114735 0.129458 0.121624 0.140448 0.106017 0.114575 0.100711
0.438004 0.088073 0.445420 0.424227 0.168747 0.240608 0.209219 0.186914 0.116668 0.273242 0.128275 0.128507 0.133930 0.174174 0.155551 0.132669 0.140676 0.156763 0.116840 0.193742 0.147544 0.148246 0.189932 0.124313 0.120047 0.128415 0.110153 0.107227 0.109336 0.149878 0.146888 0.148865 0.132654 0.117330 0.137168 0.122463 0.137314 0.112461 0.121486 0.111521
0.288484 0.040421 0.229223 0.268487 0.090460 0.157055 0.128296 0.104213 0.061868 0.209899 0.076958 0.052443 0.071882 0.085312 0.114901 0.067435 0.078187 0.094497 0.060546 0.130853 0.085872 0.096478 0.108589 0.070517 0.047623 0.066137 0.055451 0.048583 0.044318 0.113079 0.092197 0.068067 0.083535 0.072070 0.072128 0.067313 0.077797 0.053370 0.065512 0.049951
0.384970 0.095570 0.452752 0.384895 0.181137 0.208762 0.204282 0.155572 0.121205 0.216582 0.118724 0.127700 0.126159 0.193108 0.151514 0.119615 0.133970 0.156135 0.123818 0.170044 0.141557 0.148471 0.177198 0.134116 0.110575 0.130383 0.114412 0.117805 0.112495 0.138110 0.128595 0.142245 0.114365 0.127715 0.141480 0.126075 0.133128 0.110405 0.140773 0.106823
0.421797 0.107726 0.538006 0.407373 0.187255 0.232122 0.194982 0.172396 0.130008 0.228608 0.116929 0.151052 0.132059 0.181583 0.139818 0.124805 0.125513 0.146250 0.128755 0.165430 0.153471 0.134103 0.181223 0.138361 0.120577 0.125366 0.095355 0.123638 0.129991 0.125808 0.134621 0.137173 0.112755 0.108353 0.151646 0.109387 0.149435 0.105543 0.135735 0.128596
0.332673 0.060023 0.329388 0.341473 0.138002 0.185868 0.166558 0.157930 0.082565 0.206141 0.093228 0.081150 0.106595 0.148701 0.143552 0.093323 0.114123 0.135799 0.099045 0.143827 0.123688 0.135722 0.137857 0.108889 0.088596 0.101895 0.096621 0.078289 0.063052 0.123173 0.103467 0.104102 0.101843 0.093821 0.102145 0.108860 0.098559 0.084833 0.101321 0.076559
0.454686 0.113141 0.551454 0.428082 0.198027 0.255283 0.214064 0.196925 0.144502 0.258241 0.145017 0.160914 0.151787 0.204451 0.159144 0.155105 0.153240 0.178719 0.144346 0.182156 0.160547 0.149916 0.207065 0.153306 0.135226 0.149640 0.117136 0.131788 0.144492 0.154722 0.151848 0.160789 0.131227 0.135987 0.170717 0.133704 0.173929 0.122625 0.150960 0.141041
0.354030 0.114114 0.493762 0.354173 0.203764 0.199614 0.181870 0.155803 0.118065 0.189322 0.112518 0.165173 0.131272 0.184751 0.141685 0.142846 0.129899 0.148790 0.141607 0.154929 0.145310 0.133026 0.197928 0.135625 0.131936 0.135844 0.117608 0.136557 0.149522 0.143903 0.129368 0.143342 0.118978 0.124559 0.150686 0.112828 0.138425 0.141126 0.151568 0.119299
0.400698 0.107594 0.533848 0.388427 0.180614 0.242577 0.185772 0.179277 0.128893 0.218355 0.117106 0.159653 0.141351 0.170799 0.139528 0.136252 0.141033 0.163683 0.134776 0.165785 0.152995 0.127860 0.179778 0.142917 0.118069 0.137531 0.120391 0.130931 0.118364 0.148217 0.134200 0.148670 0.124687 0.121710 0.161250 0.114222 0.154798 0.116875 0.145996 0.136852
0.341409 0.101114 0.463909 0.326281 0.168870 0.196380 0.159835 0.145873 0.097927 0.170998 0.091260 0.133781 0.102361 0.153865 0.110554 0.102043 0.096152 0.112856 0.109594 0.137205 0.134229 0.114594 0.169608 0.122121 0.098609 0.099713 0.074829 0.105581 0.106788 0.099527 0.109329 0.110134 0.091510 0.093209 0.121036 0.081439 0.114599 0.105478 0.110103 0.099241
