0.300733 0.166658 0.258670 0.198123 0.146552 0.108813 0.233452 0.264308 0.203610 0.217026 0.209988 0.131131 0.127024 0.216916 0.191024 0.142126 0.098436 0.199472 0.192803 0.223921 0.123702 0.169032 0.197141 0.160231 0.229868 0.131477 0.147613 0.202475 0.211725 0.097349 0.145592 0.103212 0.177698 0.200411 0.095065 0.311495 0.133392 0.152690 0.296360 0.203987
0.251581 0.186671 0.190838 0.170528 0.127203 0.134178 0.157717 0.231170 0.159341 0.162619 0.175389 0.125051 0.104216 0.179002 0.131136 0.126197 0.095820 0.154582 0.149653 0.159548 0.102096 0.143333 0.160226 0.141884 0.163397 0.141066 0.125346 0.168085 0.207249 0.103798 0.145356 0.110723 0.143790 0.154497 0.081229 0.221288 0.098499 0.112176 0.245105 0.152679
0.186777 0.109535 0.271779 0.168550 0.180602 0.076328 0.229724 0.193901 0.164991 0.215583 0.169434 0.112749 0.138285 0.191612 0.179894 0.147061 0.098062 0.176476 0.153497 0.178963 0.129393 0.173778 0.178717 0.131120 0.220939 0.152476 0.107640 0.154761 0.118309 0.101633 0.123444 0.112329 0.126879 0.159259 0.089436 0.211156 0.134008 0.165251 0.181178 0.157130
0.154170 0.113286 0.176736 0.151052 0.152823 0.103200 0.146688 0.120134 0.125391 0.192006 0.223571 0.074971 0.124045 0.192741 0.190431 0.099849 0.067147 0.137632 0.170830 0.136815 0.092722 0.115359 0.168360 0.139979 0.171683 0.087822 0.124721 0.121901 0.140166 0.100761 0.112408 0.114158 0.119551 0.141866 0.074264 0.168430 0.104000 0.171547 0.152846 0.129221
0.183139 0.141659 0.241997 0.187805 0.176642 0.122087 0.178593 0.170218 0.146413 0.205227 0.233804 0.097657 0.152410 0.217002 0.209040 0.119501 0.089592 0.180501 0.165518 0.166116 0.110469 0.140793 0.181884 0.154070 0.201639 0.119132 0.129072 0.155287 0.149516 0.106860 0.141585 0.123116 0.147636 0.169061 0.084132 0.208425 0.111772 0.179838 0.184344 0.169867
0.215228 0.180294 0.191374 0.191792 0.157629 0.170864 0.159742 0.197599 0.144477 0.186618 0.291627 0.132565 0.146269 0.199810 0.178542 0.121428 0.099069 0.142938 0.173967 0.144427 0.111471 0.142101 0.188211 0.177430 0.175607 0.133676 0.171927 0.151365 0.200120 0.122204 0.145947 0.159005 0.128551 0.169090 0.140426 0.181293 0.119640 0.148967 0.205242 0.144312
0.214034 0.106349 0.210366 0.123073 0.097355 0.072116 0.158711 0.214955 0.155148 0.150749 0.110536 0.100992 0.083376 0.155359 0.117013 0.088206 0.062708 0.148654 0.115905 0.162691 0.090378 0.150203 0.110804 0.110459 0.140085 0.101296 0.079769 0.152697 0.135994 0.055322 0.101056 0.074692 0.103944 0.132914 0.056414 0.251579 0.106351 0.099051 0.195908 0.124093
0.302232 0.169846 0.275215 0.209732 0.173119 0.122357 0.252224 0.269356 0.218449 0.239745 0.226644 0.135485 0.146626 0.235639 0.220274 0.152414 0.109298 0.211484 0.215698 0.246393 0.138082 0.194925 0.197715 0.173239 0.239504 0.146728 0.160931 0.212397 0.228034 0.104139 0.161121 0.108255 0.182267 0.231668 0.107014 0.321927 0.142139 0.177354 0.295097 0.213970
0.301874 0.155783 0.256752 0.184704 0.151663 0.097655 0.240245 0.278656 0.205166 0.212973 0.179035 0.137576 0.123334 0.204658 0.173066 0.152325 0.097691 0.204235 0.191051 0.229935 0.126009 0.181397 0.184377 0.166900 0.232986 0.147405 0.132376 0.206368 0.178455 0.093007 0.142537 0.099026 0.157080 0.201774 0.089127 0.319825 0.140582 0.146343 0.285975 0.196153
0.231182 0.163001 0.221194 0.192699 0.142803 0.129014 0.179043 0.222950 0.179387 0.182036 0.190928 0.133322 0.137521 0.200463 0.170752 0.135002 0.093765 0.159802 0.144314 0.151717 0.125484 0.158099 0.174611 0.121304 0.168720 0.141651 0.135670 0.165460 0.228886 0.115648 0.155414 0.106638 0.172577 0.161734 0.109566 0.207121 0.105606 0.160865 0.211093 0.153649
0.150335 0.134535 0.148190 0.177433 0.160029 0.173019 0.109932 0.133354 0.099267 0.152217 0.273577 0.119909 0.153767 0.164850 0.157876 0.088073 0.089882 0.110047 0.160775 0.096976 0.089108 0.110298 0.176091 0.172361 0.144707 0.105479 0.159507 0.112622 0.133625 0.131281 0.137243 0.171395 0.089825 0.128688 0.137745 0.102878 0.105422 0.129005 0.140887 0.114010
0.308632 0.154095 0.257887 0.204413 0.154408 0.104869 0.234849 0.271798 0.215433 0.217394 0.192648 0.136632 0.126387 0.219636 0.195646 0.160075 0.096677 0.203888 0.197321 0.233152 0.130602 0.186704 0.192589 0.177559 0.234500 0.137378 0.143654 0.208207 0.195826 0.098188 0.149602 0.112999 0.156810 0.218830 0.107138 0.313519 0.140203 0.158638 0.299324 0.205919
0.187675 0.135882 0.260725 0.182536 0.181309 0.129949 0.187760 0.198495 0.141824 0.206117 0.252619 0.120732 0.142783 0.187331 0.181318 0.109039 0.092901 0.160365 0.189977 0.163452 0.116910 0.140021 0.195017 0.176550 0.220423 0.127652 0.148339 0.149270 0.150944 0.095062 0.127245 0.138052 0.127680 0.157544 0.105714 0.190323 0.115108 0.135354 0.192242 0.165585
0.189298 0.069855 0.187566 0.154922 0.134190 0.044974 0.196189 0.189614 0.129784 0.154633 0.151207 0.087203 0.089859 0.134897 0.177084 0.106250 0.068897 0.151343 0.144789 0.157731 0.078785 0.111517 0.131816 0.137330 0.193593 0.108571 0.099672 0.148996 0.123827 0.085675 0.088885 0.074658 0.120066 0.144522 0.062045 0.243831 0.094015 0.132440 0.171863 0.149589
0.183483 0.091138 0.205940 0.145333 0.142117 0.078376 0.149521 0.178654 0.148108 0.151278 0.136561 0.089295 0.115391 0.148667 0.150522 0.101684 0.079927 0.170656 0.150248 0.167930 0.097390 0.162512 0.118339 0.140893 0.159151 0.094999 0.100421 0.141477 0.087003 0.053786 0.127515 0.112077 0.084288 0.145860 0.054396 0.222822 0.118257 0.123059 0.183760 0.131081
0.265759 0.183846 0.217950 0.181064 0.150601 0.123869 0.183373 0.244343 0.194437 0.195733 0.185571 0.118632 0.117955 0.204240 0.176233 0.143211 0.101265 0.170277 0.168664 0.205235 0.127741 0.169961 0.174699 0.157091 0.193449 0.130520 0.146722 0.174173 0.236493 0.083385 0.152048 0.107378 0.162223 0.200043 0.092180 0.270671 0.123692 0.149912 0.285824 0.174233
0.163888 0.082002 0.169294 0.142110 0.131889 0.079114 0.125152 0.142988 0.119966 0.158337 0.160154 0.082680 0.109379 0.164884 0.162965 0.113885 0.078999 0.142431 0.135547 0.140905 0.078599 0.113088 0.147597 0.152863 0.167161 0.083158 0.099015 0.123613 0.102081 0.073192 0.089017 0.096102 0.092862 0.155705 0.067138 0.180629 0.082856 0.142744 0.171263 0.118855
0.233045 0.119771 0.254063 0.187884 0.190174 0.102383 0.225532 0.204151 0.166974 0.225320 0.204537 0.100599 0.119686 0.196977 0.239634 0.138049 0.105983 0.192523 0.190751 0.205343 0.108989 0.157180 0.169771 0.149094 0.217209 0.126826 0.130888 0.158574 0.176765 0.099806 0.151996 0.099406 0.171959 0.200464 0.083447 0.246222 0.108631 0.162981 0.225688 0.197208
0.273532 0.141765 0.245693 0.191006 0.149350 0.085810 0.240028 0.266531 0.197381 0.203048 0.181630 0.124082 0.105290 0.198839 0.193041 0.138518 0.107483 0.188362 0.183940 0.236025 0.124645 0.170697 0.169165 0.161495 0.221691 0.137219 0.114483 0.195002 0.192609 0.088143 0.143278 0.098350 0.170745 0.208778 0.078972 0.297639 0.129915 0.146151 0.272961 0.197176
0.309596 0.160004 0.262035 0.204540 0.155160 0.116575 0.227211 0.275399 0.207631 0.220804 0.200541 0.145888 0.132606 0.227196 0.187361 0.159644 0.101513 0.207067 0.190473 0.236896 0.130018 0.196208 0.196651 0.179307 0.230739 0.143377 0.153658 0.206813 0.189297 0.108297 0.150600 0.116647 0.157043 0.211777 0.116321 0.318541 0.146117 0.158736 0.303220 0.198972
0.252605 0.126585 0.232680 0.178408 0.153418 0.104568 0.207133 0.213041 0.187608 0.196677 0.193139 0.107812 0.127406 0.200728 0.190915 0.125927 0.099092 0.183542 0.183968 0.216847 0.118953 0.179631 0.161817 0.158434 0.198876 0.119093 0.141690 0.185831 0.177927 0.075835 0.148138 0.104588 0.139423 0.208603 0.091678 0.269301 0.119226 0.157721 0.248057 0.187828
0.226793 0.120976 0.272188 0.175493 0.140102 0.103541 0.214650 0.202066 0.161660 0.214345 0.175542 0.112980 0.115009 0.204860 0.168182 0.140068 0.092867 0.169551 0.160240 0.221167 0.109849 0.156102 0.173910 0.138826 0.203666 0.114363 0.129634 0.179823 0.139734 0.093882 0.123517 0.101473 0.124698 0.173545 0.096615 0.252426 0.128414 0.141199 0.239884 0.162233
0.226854 0.109560 0.188242 0.169381 0.106550 0.120051 0.135435 0.188671 0.135629 0.153989 0.209212 0.115345 0.133696 0.170380 0.140906 0.099048 0.080687 0.144280 0.137180 0.136269 0.093047 0.131570 0.168877 0.131306 0.142997 0.116304 0.136502 0.156490 0.119537 0.111733 0.095980 0.108047 0.106268 0.132117 0.110806 0.190038 0.105120 0.124035 0.197549 0.128548
0.146261 0.086698 0.160058 0.142345 0.122009 0.082767 0.142005 0.125060 0.087013 0.167860 0.216491 0.089296 0.116478 0.163199 0.147536 0.087420 0.106206 0.110181 0.146175 0.133239 0.067220 0.101664 0.141972 0.118367 0.161876 0.089714 0.096316 0.099820 0.099357 0.082217 0.068175 0.083734 0.102762 0.147877 0.079829 0.137073 0.082317 0.121438 0.153156 0.121068
0.217751 0.133076 0.249945 0.179196 0.173314 0.105276 0.190583 0.203067 0.159504 0.209585 0.207044 0.100073 0.152371 0.207025 0.192345 0.145131 0.089374 0.184533 0.154620 0.202020 0.123371 0.160861 0.168789 0.164903 0.214821 0.134219 0.144143 0.159262 0.129659 0.091282 0.132338 0.109185 0.121834 0.192525 0.100702 0.248413 0.140816 0.190705 0.222157 0.169544
0.233353 0.127914 0.272096 0.177928 0.175128 0.083168 0.232260 0.243242 0.195608 0.203896 0.159415 0.123727 0.132759 0.194935 0.161901 0.142477 0.099374 0.188387 0.159384 0.187620 0.136239 0.183629 0.171841 0.143864 0.219011 0.153718 0.110854 0.182658 0.151458 0.095788 0.149789 0.114183 0.144785 0.162426 0.099010 0.258719 0.125610 0.151925 0.223213 0.179069
0.212473 0.100524 0.156146 0.149489 0.093250 0.083012 0.142804 0.185498 0.148779 0.145756 0.138651 0.116524 0.114731 0.151620 0.124660 0.089405 0.068378 0.136038 0.112756 0.165035 0.092283 0.122161 0.134254 0.134713 0.148064 0.104582 0.101828 0.143129 0.107713 0.077229 0.114337 0.097332 0.076565 0.157425 0.123263 0.194215 0.089337 0.102391 0.174840 0.113435
0.279099 0.130582 0.196902 0.173740 0.124888 0.108344 0.196917 0.239783 0.166738 0.167020 0.176567 0.124360 0.104950 0.168666 0.145817 0.138269 0.088984 0.151316 0.169001 0.192252 0.107494 0.147967 0.181370 0.147909 0.199248 0.138895 0.138921 0.175901 0.165013 0.104832 0.118422 0.091855 0.139363 0.166589 0.093996 0.248312 0.110805 0.125191 0.260156 0.186891
0.260991 0.195952 0.205101 0.189277 0.148199 0.150333 0.175097 0.233846 0.173455 0.210509 0.210823 0.126115 0.134574 0.198760 0.166613 0.143385 0.096028 0.155711 0.178874 0.167649 0.113361 0.155781 0.178181 0.151984 0.177438 0.146669 0.154972 0.165857 0.224946 0.121622 0.154686 0.114945 0.162700 0.166928 0.106065 0.231687 0.119648 0.147560 0.252817 0.161078
0.195740 0.113444 0.180716 0.162176 0.116852 0.125961 0.138780 0.167973 0.152661 0.150329 0.187673 0.112699 0.133910 0.163817 0.168053 0.087793 0.086350 0.151898 0.145142 0.127345 0.094577 0.125319 0.207086 0.139115 0.153059 0.079845 0.126299 0.151605 0.138860 0.098915 0.127298 0.098827 0.141717 0.143907 0.083632 0.182275 0.102928 0.117418 0.205227 0.132404
0.189595 0.137963 0.193961 0.159874 0.153073 0.111803 0.153118 0.173449 0.156638 0.187453 0.206727 0.092576 0.127727 0.180243 0.231662 0.111375 0.098708 0.167359 0.152403 0.165682 0.102772 0.140972 0.146479 0.121504 0.152321 0.092699 0.114984 0.121208 0.175203 0.095713 0.142374 0.091327 0.188251 0.155859 0.077987 0.195615 0.114354 0.163183 0.190847 0.146973
0.156703 0.137596 0.172739 0.175723 0.164971 0.141674 0.132919 0.136228 0.132844 0.186751 0.260190 0.119401 0.134799 0.175385 0.182096 0.100043 0.093459 0.129562 0.170963 0.146145 0.094253 0.126185 0.163033 0.148731 0.149271 0.096457 0.140607 0.124173 0.163364 0.109134 0.148448 0.140994 0.121143 0.164032 0.106437 0.141617 0.093705 0.145957 0.151091 0.107371
0.232566 0.173987 0.193774 0.193001 0.148044 0.140379 0.181677 0.213282 0.173933 0.176325 0.218309 0.106404 0.133440 0.198971 0.205680 0.131624 0.104100 0.158103 0.166739 0.181706 0.117319 0.143688 0.180771 0.137298 0.171191 0.136810 0.161192 0.160289 0.236800 0.122871 0.169882 0.111906 0.179149 0.178365 0.100099 0.233552 0.101894 0.157010 0.231566 0.174672
0.281886 0.135478 0.247527 0.170692 0.144509 0.079252 0.211907 0.247074 0.198641 0.202440 0.182236 0.127391 0.125115 0.197273 0.174957 0.138678 0.096427 0.195611 0.182948 0.205229 0.119336 0.170101 0.172664 0.159291 0.218190 0.125366 0.122179 0.195314 0.156906 0.072746 0.127191 0.091272 0.142229 0.199842 0.087932 0.292634 0.130539 0.149037 0.261358 0.189434
0.173048 0.124326 0.159056 0.162951 0.142687 0.164514 0.112826 0.147880 0.094078 0.139418 0.243605 0.121478 0.149626 0.168349 0.151619 0.091370 0.090882 0.112663 0.151204 0.113157 0.082953 0.123294 0.168104 0.152719 0.152891 0.090861 0.184348 0.115869 0.140176 0.114383 0.135260 0.133672 0.104370 0.130339 0.127967 0.146456 0.093772 0.118136 0.163295 0.124100
0.285692 0.143235 0.247285 0.184034 0.151489 0.090191 0.249094 0.257615 0.193032 0.211735 0.181085 0.131725 0.114966 0.195125 0.170316 0.146082 0.107543 0.183105 0.193916 0.239814 0.122032 0.175246 0.174281 0.159552 0.234408 0.146452 0.130260 0.192952 0.182656 0.087556 0.134489 0.097531 0.151188 0.211108 0.089104 0.303674 0.127888 0.135696 0.280133 0.201943
0.292074 0.152894 0.274630 0.214434 0.175973 0.124421 0.227926 0.238678 0.200790 0.242555 0.230322 0.137966 0.141677 0.235755 0.218894 0.153343 0.119738 0.201051 0.205013 0.233710 0.120952 0.181778 0.203519 0.172916 0.233330 0.135201 0.152851 0.191474 0.196500 0.113979 0.154534 0.113878 0.169137 0.233327 0.123602 0.288400 0.135850 0.169676 0.301086 0.201881
0.198869 0.132579 0.230763 0.170414 0.158179 0.105044 0.175865 0.180554 0.140813 0.212171 0.210341 0.105374 0.135251 0.197407 0.181004 0.111637 0.093037 0.166241 0.164892 0.182757 0.092676 0.123342 0.167398 0.167358 0.190034 0.104946 0.129213 0.141421 0.142205 0.081542 0.122735 0.094835 0.134774 0.182329 0.081247 0.205014 0.102752 0.158729 0.221117 0.138933
0.310473 0.153583 0.257802 0.191293 0.149528 0.106480 0.236794 0.280264 0.202763 0.209598 0.182061 0.138798 0.126602 0.211725 0.173687 0.158232 0.096530 0.204220 0.190400 0.237182 0.124948 0.187944 0.185235 0.171732 0.229852 0.148323 0.139062 0.208821 0.176572 0.101369 0.146944 0.107703 0.151633 0.205131 0.097845 0.322365 0.142715 0.148851 0.293006 0.197522
0.263601 0.143106 0.240579 0.183296 0.158975 0.084377 0.241325 0.257600 0.180859 0.213709 0.188719 0.114760 0.113601 0.188592 0.192502 0.147036 0.099978 0.189152 0.178571 0.237762 0.124166 0.162400 0.164326 0.159591 0.227469 0.157093 0.131999 0.182777 0.171163 0.092864 0.138361 0.106934 0.153500 0.202198 0.083133 0.302049 0.130879 0.152522 0.259277 0.188586
