0.300350 0.166450 0.258351 0.197880 0.146379 0.108684 0.233160 0.263976 0.203353 0.216760 0.209734 0.130968 0.126871 0.216648 0.190791 0.141951 0.098319 0.199224 0.192565 0.223643 0.123548 0.168826 0.196899 0.160036 0.229582 0.131318 0.147432 0.202221 0.211460 0.097231 0.145415 0.103088 0.177477 0.200165 0.094947 0.311099 0.133230 0.152505 0.295986 0.203732
0.251241 0.186400 0.190583 0.170295 0.127030 0.133980 0.157510 0.230854 0.159124 0.162403 0.175145 0.124873 0.104077 0.178755 0.130966 0.126022 0.095685 0.154375 0.149448 0.159336 0.101959 0.143137 0.160007 0.141686 0.163180 0.140868 0.125175 0.167852 0.206955 0.103648 0.145149 0.110559 0.143595 0.154290 0.081120 0.220999 0.098376 0.112031 0.244772 0.152475
0.186501 0.109358 0.271331 0.168283 0.180310 0.076207 0.229341 0.193592 0.164715 0.215241 0.169175 0.112557 0.138050 0.191296 0.179603 0.146812 0.097899 0.176194 0.153266 0.178681 0.129168 0.173492 0.178411 0.130931 0.220570 0.152211 0.107468 0.154523 0.118116 0.101451 0.123246 0.112138 0.126676 0.159013 0.089279 0.210839 0.133776 0.164968 0.180910 0.156884
0.153951 0.113115 0.176485 0.150832 0.152590 0.103040 0.146478 0.119973 0.125213 0.191714 0.223230 0.074867 0.123863 0.192447 0.190143 0.099706 0.067055 0.137433 0.170565 0.136613 0.092585 0.115191 0.168107 0.139769 0.171431 0.087690 0.124532 0.121728 0.139955 0.100603 0.112235 0.113982 0.119382 0.141663 0.074151 0.168200 0.103842 0.171284 0.152641 0.129041
0.182879 0.141443 0.241635 0.187517 0.176373 0.121895 0.178330 0.169976 0.146205 0.204930 0.233447 0.097510 0.152179 0.216672 0.208721 0.119319 0.089455 0.180233 0.165280 0.165869 0.110301 0.140584 0.181611 0.153847 0.201339 0.118948 0.128884 0.155061 0.149295 0.106692 0.141369 0.122930 0.147413 0.168810 0.084002 0.208142 0.111606 0.179563 0.184089 0.169610
0.214898 0.179991 0.191074 0.191481 0.157362 0.170571 0.159484 0.197286 0.144260 0.186313 0.291134 0.132342 0.146028 0.199489 0.178262 0.121229 0.098909 0.142714 0.173674 0.144211 0.111286 0.141878 0.187897 0.177128 0.175319 0.133459 0.171640 0.151126 0.199802 0.121998 0.145705 0.158724 0.128351 0.168829 0.140185 0.181021 0.119442 0.148731 0.204933 0.144081
0.213763 0.106218 0.210098 0.122928 0.097241 0.072031 0.158508 0.214678 0.154946 0.150564 0.110413 0.100864 0.083277 0.155165 0.116871 0.088100 0.062635 0.148467 0.115765 0.162484 0.090265 0.150006 0.110674 0.110325 0.139913 0.101171 0.079678 0.152506 0.135823 0.055258 0.100932 0.074600 0.103820 0.132750 0.056348 0.251250 0.106217 0.098934 0.195662 0.123941
0.301847 0.169635 0.274872 0.209471 0.172904 0.122204 0.251900 0.269019 0.218171 0.239444 0.226364 0.135317 0.146440 0.235338 0.219991 0.152225 0.109164 0.211218 0.215421 0.246079 0.137906 0.194675 0.197472 0.173026 0.239206 0.146543 0.160727 0.212126 0.227737 0.104007 0.160918 0.108123 0.182036 0.231373 0.106879 0.321515 0.141963 0.177129 0.294726 0.213696
0.301494 0.155593 0.256436 0.184483 0.151486 0.097543 0.239943 0.278305 0.204909 0.212715 0.178829 0.137405 0.123187 0.204409 0.172861 0.152137 0.097575 0.203983 0.190818 0.229648 0.125854 0.181174 0.184154 0.166697 0.232696 0.147221 0.132218 0.206109 0.178240 0.092895 0.142367 0.098910 0.156891 0.201526 0.089021 0.319417 0.140409 0.146169 0.285618 0.195911
0.230841 0.162747 0.220849 0.192402 0.142577 0.128810 0.178760 0.222608 0.179102 0.181750 0.190638 0.133104 0.137295 0.200144 0.170495 0.134784 0.093615 0.159554 0.144105 0.151495 0.125280 0.157845 0.174333 0.121135 0.168466 0.141415 0.135456 0.165209 0.228519 0.115459 0.155165 0.106457 0.172299 0.161487 0.109389 0.206815 0.105441 0.160602 0.210797 0.153428
0.150060 0.134276 0.147918 0.177093 0.159719 0.172690 0.109722 0.133103 0.099088 0.151930 0.273046 0.119673 0.153473 0.164551 0.157582 0.087909 0.089707 0.109839 0.160466 0.096802 0.088937 0.110094 0.175755 0.172027 0.144422 0.105284 0.159206 0.112410 0.133382 0.131033 0.136981 0.171057 0.089658 0.128456 0.137480 0.102700 0.105213 0.128769 0.140637 0.113797
0.308240 0.153908 0.257568 0.204161 0.154225 0.104744 0.234556 0.271456 0.215161 0.217128 0.192421 0.136462 0.126235 0.219363 0.195406 0.159874 0.096564 0.203635 0.197077 0.232859 0.130439 0.186472 0.192354 0.177338 0.234208 0.137210 0.143477 0.207943 0.195584 0.098068 0.149420 0.112859 0.156622 0.218556 0.107003 0.313119 0.140030 0.158445 0.298945 0.205662
0.187406 0.135670 0.260317 0.182255 0.181022 0.129740 0.187478 0.198192 0.141615 0.205811 0.252221 0.120539 0.142559 0.187051 0.181042 0.108873 0.092762 0.160127 0.189677 0.163218 0.116723 0.139815 0.194704 0.176270 0.220066 0.127452 0.148111 0.149051 0.150714 0.094903 0.127055 0.137823 0.127496 0.157316 0.105538 0.190060 0.114923 0.135151 0.191962 0.165330
0.189047 0.069775 0.187319 0.154718 0.134009 0.044926 0.195921 0.189361 0.129621 0.154432 0.151008 0.087086 0.089739 0.134725 0.176836 0.106114 0.068808 0.151141 0.144598 0.157523 0.078688 0.111377 0.131642 0.137138 0.193323 0.108424 0.099540 0.148799 0.123675 0.085556 0.088777 0.074559 0.119903 0.144333 0.061966 0.243496 0.093890 0.132262 0.171640 0.149386
0.183253 0.091028 0.205679 0.145144 0.141937 0.078272 0.149336 0.178429 0.147912 0.151101 0.136400 0.089179 0.115229 0.148488 0.150325 0.101559 0.079820 0.170428 0.150048 0.167721 0.097264 0.162293 0.118195 0.140709 0.158947 0.094885 0.100296 0.141300 0.086913 0.053722 0.127341 0.111915 0.084201 0.145677 0.054330 0.222546 0.118098 0.122910 0.183524 0.130919
0.265426 0.183605 0.217689 0.180840 0.150416 0.123712 0.183155 0.244036 0.194190 0.195494 0.185349 0.118486 0.117810 0.203983 0.176018 0.143029 0.101139 0.170070 0.168458 0.204980 0.127576 0.169748 0.174485 0.156893 0.193215 0.130357 0.146534 0.173957 0.236180 0.083283 0.151855 0.107240 0.162024 0.199792 0.092066 0.270330 0.123539 0.149724 0.285455 0.174019
0.163680 0.081904 0.169075 0.141924 0.131716 0.079011 0.125004 0.142809 0.119818 0.158134 0.159948 0.082574 0.109232 0.164664 0.162751 0.113735 0.078895 0.142245 0.135375 0.140727 0.078501 0.112948 0.147403 0.152652 0.166943 0.083050 0.098886 0.123453 0.101955 0.073093 0.088906 0.095974 0.092751 0.155498 0.067052 0.180399 0.082753 0.142550 0.171040 0.118706
0.232735 0.119619 0.253723 0.187633 0.189911 0.102243 0.225223 0.203889 0.166756 0.225018 0.204267 0.100471 0.119526 0.196712 0.239289 0.137862 0.105840 0.192263 0.190496 0.205070 0.108845 0.156975 0.169544 0.148906 0.216918 0.126653 0.130714 0.158369 0.176531 0.099662 0.151787 0.099275 0.171723 0.200195 0.083335 0.245900 0.108489 0.162759 0.225398 0.196938
0.273191 0.141595 0.245392 0.190772 0.149173 0.085715 0.239723 0.266190 0.197133 0.202802 0.181417 0.123931 0.105169 0.198598 0.192800 0.138348 0.107351 0.188129 0.183716 0.235725 0.124488 0.170488 0.168964 0.161296 0.221417 0.137046 0.114350 0.194757 0.192371 0.088035 0.143101 0.098231 0.170533 0.208518 0.078880 0.297259 0.129754 0.145972 0.272620 0.196929
0.309199 0.159806 0.261709 0.204284 0.154976 0.116432 0.226929 0.275051 0.207369 0.220531 0.200298 0.145701 0.132443 0.226908 0.187131 0.159442 0.101389 0.206808 0.190239 0.236595 0.129855 0.195958 0.196406 0.179083 0.230450 0.143199 0.153464 0.206550 0.189062 0.108159 0.150417 0.116502 0.156853 0.211510 0.116168 0.318132 0.145933 0.158540 0.302830 0.198723
0.252285 0.126433 0.232391 0.178186 0.153227 0.104435 0.206870 0.212782 0.187371 0.196437 0.192902 0.107682 0.127245 0.200472 0.190668 0.125773 0.098971 0.183309 0.183733 0.216569 0.118801 0.179398 0.161621 0.158237 0.198633 0.118944 0.141509 0.185591 0.177698 0.075740 0.147947 0.104457 0.139252 0.208334 0.091563 0.268958 0.119079 0.157519 0.247748 0.187588
0.226495 0.120808 0.271806 0.175256 0.139915 0.103398 0.214346 0.201793 0.161437 0.214042 0.175309 0.112826 0.114854 0.204575 0.167949 0.139864 0.092743 0.169324 0.160025 0.220854 0.109691 0.155889 0.173660 0.138642 0.203372 0.114205 0.129462 0.179586 0.139558 0.093742 0.123355 0.101331 0.124538 0.173315 0.096477 0.252092 0.128226 0.141002 0.239556 0.162007
0.226524 0.109404 0.187983 0.169131 0.106405 0.119865 0.135251 0.188405 0.135432 0.153778 0.208909 0.115173 0.133492 0.170142 0.140706 0.098916 0.080569 0.144078 0.136982 0.136087 0.092914 0.131380 0.168622 0.131117 0.142796 0.116136 0.136304 0.156272 0.119375 0.111565 0.095843 0.107877 0.106127 0.131930 0.110638 0.189787 0.104969 0.123865 0.197263 0.128368
0.146068 0.086588 0.159849 0.142145 0.121847 0.082655 0.141822 0.124897 0.086912 0.167634 0.216184 0.089174 0.116311 0.162969 0.147338 0.087306 0.106050 0.110038 0.145975 0.133073 0.067132 0.101534 0.141778 0.118210 0.161653 0.089587 0.096189 0.099688 0.099227 0.082098 0.068091 0.083616 0.102630 0.147676 0.079713 0.136902 0.082205 0.121270 0.152956 0.120904
0.217472 0.132897 0.249606 0.178955 0.173083 0.105135 0.190331 0.202803 0.159298 0.209311 0.206767 0.099946 0.152157 0.206741 0.192080 0.144927 0.089257 0.184289 0.154431 0.201743 0.123199 0.160650 0.168560 0.164687 0.214526 0.134036 0.143952 0.159057 0.129499 0.091157 0.132167 0.109041 0.121677 0.192265 0.100560 0.248091 0.140615 0.190432 0.221867 0.169313
0.233029 0.127733 0.271686 0.177673 0.174865 0.083052 0.231906 0.242884 0.195307 0.203602 0.159199 0.123535 0.132553 0.194645 0.161671 0.142259 0.099225 0.188110 0.159168 0.187358 0.136027 0.183353 0.171580 0.143672 0.218683 0.153474 0.110692 0.182392 0.151239 0.095638 0.149565 0.114003 0.144570 0.162197 0.098853 0.258349 0.125418 0.151691 0.222906 0.178821
0.212167 0.100386 0.155933 0.149266 0.093122 0.082891 0.142611 0.185232 0.148566 0.145549 0.138452 0.116345 0.114558 0.151400 0.124479 0.089289 0.068279 0.135845 0.112600 0.164796 0.092151 0.121993 0.134062 0.134516 0.147854 0.104435 0.101680 0.142920 0.107566 0.077110 0.114171 0.097184 0.076460 0.157197 0.123077 0.193944 0.089206 0.102250 0.174599 0.113276
0.278731 0.130421 0.196660 0.173523 0.124740 0.108202 0.196672 0.239473 0.166528 0.166818 0.176349 0.124202 0.104822 0.168457 0.145640 0.138094 0.088876 0.151134 0.168789 0.192010 0.107361 0.147786 0.181136 0.147721 0.198997 0.138712 0.138740 0.175672 0.164805 0.104692 0.118281 0.091741 0.139188 0.166384 0.093875 0.247997 0.110667 0.125038 0.259818 0.186649
0.260631 0.195658 0.204831 0.189011 0.147989 0.150107 0.174860 0.233522 0.173210 0.210202 0.210522 0.125936 0.134380 0.198483 0.166381 0.143178 0.095893 0.155503 0.178617 0.167426 0.113203 0.155563 0.177928 0.151769 0.177198 0.146458 0.154751 0.165631 0.224620 0.121440 0.154462 0.114774 0.162465 0.166705 0.105913 0.231380 0.119479 0.147351 0.252470 0.160865
0.195466 0.113288 0.180472 0.161936 0.116684 0.125768 0.138594 0.167738 0.152443 0.150123 0.187400 0.112528 0.133702 0.163600 0.167809 0.087678 0.086224 0.151685 0.144932 0.127181 0.094440 0.125140 0.206777 0.138913 0.152851 0.079735 0.126116 0.151396 0.138676 0.098761 0.127110 0.098675 0.141522 0.143705 0.083505 0.182044 0.102780 0.117259 0.204942 0.132226
0.189330 0.137765 0.193704 0.159644 0.152851 0.111636 0.152909 0.173210 0.156420 0.187189 0.206441 0.092450 0.127541 0.179996 0.231310 0.111217 0.098561 0.167125 0.152193 0.165456 0.102625 0.140772 0.146281 0.121347 0.152118 0.092567 0.114828 0.121051 0.174947 0.095566 0.142163 0.091204 0.187964 0.155647 0.077875 0.195355 0.114189 0.162947 0.190590 0.146767
0.156468 0.137372 0.172472 0.175438 0.164701 0.141431 0.132717 0.136017 0.132640 0.186447 0.259758 0.119202 0.134574 0.175101 0.181800 0.099887 0.093312 0.129358 0.170682 0.145916 0.094105 0.125990 0.162761 0.148481 0.149032 0.096306 0.140380 0.123975 0.163111 0.108943 0.148195 0.140744 0.120957 0.163779 0.106261 0.141415 0.093550 0.145728 0.150878 0.107210
0.232235 0.173731 0.193509 0.192721 0.147829 0.140168 0.181426 0.212980 0.173690 0.176081 0.217993 0.106255 0.133248 0.198685 0.205378 0.131433 0.103950 0.157885 0.166509 0.181454 0.117148 0.143484 0.180513 0.137110 0.170961 0.136607 0.160958 0.160065 0.236452 0.122686 0.169629 0.111743 0.178882 0.178114 0.099956 0.233231 0.101754 0.156781 0.231248 0.174425
0.281531 0.135316 0.247220 0.170488 0.144339 0.079166 0.211644 0.246766 0.198392 0.202195 0.182023 0.127234 0.124963 0.197032 0.174747 0.138508 0.096312 0.195367 0.182723 0.204976 0.119188 0.169892 0.172457 0.159097 0.217918 0.125213 0.122035 0.195068 0.156720 0.072663 0.127041 0.091165 0.142060 0.199594 0.087825 0.292262 0.130379 0.148857 0.261034 0.189199
0.172757 0.124108 0.158799 0.162660 0.142431 0.164223 0.112640 0.147624 0.093925 0.139186 0.243171 0.121257 0.149351 0.168068 0.151357 0.091221 0.090721 0.112471 0.150942 0.112979 0.082806 0.123084 0.167807 0.152444 0.152621 0.090707 0.184025 0.115671 0.139952 0.114181 0.135019 0.133424 0.104200 0.130125 0.127733 0.146226 0.093602 0.117934 0.163034 0.123891
0.285332 0.143063 0.246980 0.183812 0.151311 0.090090 0.248778 0.257292 0.192791 0.211477 0.180875 0.131561 0.114830 0.194887 0.170114 0.145902 0.107412 0.182881 0.193677 0.239512 0.121881 0.175030 0.174072 0.159357 0.234115 0.146268 0.130104 0.192709 0.182434 0.087452 0.134330 0.097415 0.151006 0.210846 0.088997 0.303285 0.127732 0.135536 0.279782 0.201691
0.291697 0.152705 0.274277 0.214158 0.175749 0.124258 0.227638 0.238381 0.200533 0.242239 0.230029 0.137788 0.141497 0.235448 0.218610 0.153147 0.119583 0.200796 0.204751 0.233413 0.120802 0.181547 0.203258 0.172700 0.233031 0.135031 0.152655 0.191233 0.196256 0.113825 0.154337 0.113731 0.168924 0.233024 0.123435 0.288030 0.135680 0.169461 0.300693 0.201624
0.198626 0.132414 0.230469 0.170198 0.157975 0.104911 0.175651 0.180334 0.140643 0.211900 0.210071 0.105242 0.135072 0.197155 0.180772 0.111500 0.092920 0.166032 0.164686 0.182531 0.092564 0.123197 0.167187 0.167137 0.189794 0.104816 0.129048 0.141249 0.142030 0.081438 0.122580 0.094718 0.134608 0.182097 0.081144 0.204765 0.102630 0.158517 0.220837 0.138763
0.310078 0.153397 0.257485 0.191062 0.149353 0.106354 0.236497 0.279910 0.202510 0.209346 0.181850 0.138626 0.126450 0.211464 0.173481 0.158035 0.096416 0.203967 0.190167 0.236882 0.124795 0.187710 0.185011 0.171521 0.229567 0.148138 0.138894 0.208557 0.176360 0.101244 0.146767 0.107572 0.151453 0.204878 0.097724 0.321952 0.142538 0.148673 0.292637 0.197278
0.263269 0.142932 0.240280 0.183072 0.158782 0.084283 0.241015 0.257269 0.180634 0.213446 0.188493 0.114620 0.113465 0.188362 0.192259 0.146851 0.099855 0.188916 0.178353 0.237456 0.124010 0.162201 0.164129 0.159393 0.227181 0.156889 0.131838 0.182547 0.170954 0.092747 0.138191 0.106802 0.153310 0.201945 0.083033 0.301658 0.130716 0.152332 0.258951 0.188347
