0.300000 0.166375 0.258207 0.197905 0.146388 0.108685 0.233027 0.263725 0.203276 0.216816 0.209746 0.130966 0.126900 0.216698 0.190801 0.141974 0.098327 0.199164 0.192546 0.223572 0.123568 0.168857 0.196871 0.160088 0.229528 0.131293 0.147418 0.202173 0.211213 0.097268 0.145403 0.103105 0.177432 0.200119 0.094949 0.310775 0.133212 0.152496 0.295762 0.203654
0.250885 0.186225 0.190482 0.170288 0.126984 0.133891 0.157493 0.230554 0.159114 0.162430 0.175065 0.124847 0.104088 0.178768 0.131018 0.126044 0.095692 0.154376 0.149444 0.159326 0.101963 0.143152 0.160006 0.141691 0.163197 0.140813 0.125145 0.167797 0.206750 0.103667 0.145114 0.110498 0.143546 0.154264 0.081154 0.220776 0.098394 0.112002 0.244478 0.152409
0.186462 0.109353 0.270948 0.168281 0.180202 0.076234 0.229154 0.193557 0.164639 0.215169 0.169169 0.112550 0.138000 0.191223 0.179507 0.146752 0.097924 0.176134 0.153192 0.178642 0.129139 0.173393 0.178244 0.130883 0.220309 0.152138 0.107478 0.154505 0.118066 0.101420 0.123215 0.112140 0.126668 0.158959 0.089298 0.210726 0.133692 0.164893 0.180925 0.156826
0.153926 0.113098 0.176452 0.150799 0.152507 0.102972 0.146384 0.120085 0.125212 0.191581 0.222938 0.074902 0.123817 0.192356 0.189938 0.099725 0.067062 0.137386 0.170394 0.136650 0.092610 0.115191 0.167995 0.139663 0.171266 0.087694 0.124484 0.121730 0.139767 0.100600 0.112205 0.113938 0.119371 0.141675 0.074149 0.168089 0.103792 0.171093 0.152697 0.129035
0.182866 0.141390 0.241451 0.187467 0.176288 0.121801 0.178215 0.170026 0.146228 0.204896 0.233201 0.097542 0.152119 0.216612 0.208532 0.119327 0.089470 0.180139 0.165217 0.165886 0.110319 0.140599 0.181537 0.153774 0.201174 0.118945 0.128847 0.155072 0.149145 0.106710 0.141285 0.122900 0.147358 0.168810 0.084009 0.207963 0.111555 0.179377 0.184152 0.169559
0.214659 0.179874 0.190984 0.191428 0.157269 0.170417 0.159435 0.197094 0.144225 0.186237 0.290580 0.132319 0.145951 0.199384 0.178166 0.121243 0.098899 0.142750 0.173598 0.144167 0.111268 0.141897 0.187808 0.177012 0.175231 0.133418 0.171540 0.151112 0.199587 0.121973 0.145665 0.158568 0.128330 0.168782 0.140122 0.180943 0.119416 0.148643 0.204786 0.144095
0.213510 0.106163 0.209899 0.123002 0.097243 0.072028 0.158353 0.214348 0.154893 0.150612 0.110487 0.100826 0.083297 0.155195 0.116941 0.088149 0.062675 0.148406 0.115815 0.162452 0.090270 0.149949 0.110683 0.110377 0.139941 0.101163 0.079715 0.152515 0.135790 0.055275 0.100919 0.074606 0.103817 0.132707 0.056364 0.250773 0.106200 0.098939 0.195547 0.123930
0.301557 0.169584 0.274738 0.209492 0.172890 0.122198 0.251783 0.268804 0.218087 0.239489 0.226297 0.135310 0.146439 0.235354 0.219943 0.152240 0.109183 0.211154 0.215361 0.245972 0.137927 0.194655 0.197458 0.173072 0.239163 0.146525 0.160717 0.212082 0.227466 0.104027 0.160902 0.108156 0.181990 0.231246 0.106893 0.321214 0.141950 0.177078 0.294565 0.213629
0.301146 0.155500 0.256277 0.184526 0.151475 0.097566 0.239840 0.278036 0.204826 0.212799 0.178917 0.137376 0.123213 0.204455 0.172945 0.152129 0.097605 0.203919 0.190777 0.229594 0.125875 0.181162 0.184116 0.166727 0.232631 0.147200 0.132230 0.206037 0.178137 0.092930 0.142368 0.098940 0.156881 0.201437 0.089043 0.319064 0.140383 0.146193 0.285404 0.195818
0.230557 0.162699 0.220690 0.192348 0.142518 0.128744 0.178659 0.222349 0.179034 0.181709 0.190441 0.133070 0.137215 0.200096 0.170332 0.134786 0.093647 0.159554 0.144078 0.151507 0.125249 0.157820 0.174300 0.121156 0.168472 0.141335 0.135440 0.165155 0.228187 0.115450 0.155135 0.106423 0.172203 0.161488 0.109400 0.206726 0.105454 0.160444 0.210648 0.153416
0.150006 0.134220 0.147870 0.176927 0.159580 0.172469 0.109693 0.133112 0.099119 0.151813 0.272306 0.119626 0.153303 0.164420 0.157455 0.087917 0.089679 0.109864 0.160350 0.096796 0.088944 0.110095 0.175573 0.171830 0.144297 0.105263 0.159065 0.112426 0.133271 0.130960 0.136883 0.170814 0.089654 0.128465 0.137359 0.102709 0.105173 0.128662 0.140559 0.113806
0.307875 0.153858 0.257444 0.204172 0.154218 0.104749 0.234464 0.271242 0.215058 0.217185 0.192494 0.136437 0.126290 0.219387 0.195403 0.159865 0.096595 0.203610 0.197033 0.232789 0.130455 0.186450 0.192324 0.177368 0.234138 0.137191 0.143475 0.207885 0.195409 0.098083 0.149433 0.112864 0.156613 0.218471 0.106987 0.312857 0.140007 0.158459 0.298729 0.205595
0.187389 0.135640 0.260033 0.182245 0.180932 0.129623 0.187419 0.198121 0.141586 0.205777 0.251935 0.120533 0.142514 0.187008 0.181020 0.108869 0.092751 0.160072 0.189585 0.163163 0.116707 0.139842 0.194513 0.176143 0.219812 0.127409 0.148050 0.149026 0.150595 0.094908 0.126969 0.137749 0.127476 0.157270 0.105521 0.189949 0.114881 0.135145 0.191950 0.165265
0.188937 0.069798 0.187179 0.154680 0.133981 0.044948 0.195746 0.189206 0.129559 0.154499 0.150987 0.087076 0.089751 0.134751 0.176647 0.106107 0.068813 0.151070 0.144546 0.157497 0.078720 0.111330 0.131612 0.137061 0.193158 0.108398 0.099565 0.148771 0.123546 0.085528 0.088762 0.074591 0.119884 0.144304 0.061987 0.243196 0.093904 0.132263 0.171695 0.149328
0.183200 0.091012 0.205542 0.145124 0.141905 0.078227 0.149295 0.178385 0.147860 0.151162 0.136449 0.089179 0.115188 0.148500 0.150316 0.101576 0.079809 0.170319 0.150007 0.167655 0.097290 0.162210 0.118155 0.140675 0.158915 0.094909 0.100313 0.141282 0.086948 0.053726 0.127290 0.111834 0.084197 0.145600 0.054319 0.222255 0.118068 0.122898 0.183503 0.130907
0.265141 0.183508 0.217629 0.180857 0.150373 0.123706 0.183139 0.243776 0.194112 0.195549 0.185345 0.118468 0.117835 0.203993 0.175991 0.143040 0.101145 0.170077 0.168453 0.204856 0.127579 0.169736 0.174478 0.156914 0.193232 0.130329 0.146508 0.173918 0.235866 0.083302 0.151855 0.107238 0.161960 0.199659 0.092087 0.270080 0.123538 0.149656 0.285192 0.173967
0.163617 0.081905 0.169046 0.141884 0.131651 0.078981 0.125026 0.142910 0.119762 0.158133 0.159937 0.082574 0.109238 0.164603 0.162597 0.113705 0.078893 0.142189 0.135281 0.140684 0.078519 0.112926 0.147314 0.152508 0.166784 0.083080 0.098879 0.123388 0.101895 0.073085 0.088924 0.095972 0.092745 0.155408 0.067057 0.180296 0.082766 0.142462 0.171059 0.118701
0.232645 0.119654 0.253567 0.187621 0.189841 0.102208 0.225072 0.203858 0.166735 0.224966 0.204203 0.100489 0.119579 0.196717 0.239001 0.137859 0.105834 0.192195 0.190407 0.204970 0.108876 0.156949 0.169489 0.148897 0.216793 0.126630 0.130718 0.158393 0.176285 0.099634 0.151722 0.099286 0.171613 0.200121 0.083354 0.245774 0.108476 0.162722 0.225416 0.196847
0.272942 0.141569 0.245285 0.190796 0.149168 0.085746 0.239591 0.265896 0.197048 0.202888 0.181437 0.123911 0.105233 0.198642 0.192695 0.138367 0.107356 0.188081 0.183671 0.235554 0.124501 0.170475 0.168942 0.161315 0.221395 0.137006 0.114413 0.194675 0.192169 0.088039 0.143101 0.098260 0.170453 0.208408 0.078917 0.296990 0.129740 0.145958 0.272435 0.196829
0.308845 0.159735 0.261581 0.204292 0.154972 0.116422 0.226835 0.274821 0.207301 0.220590 0.200335 0.145662 0.132481 0.226912 0.187198 0.159438 0.101408 0.206768 0.190227 0.236533 0.129879 0.195927 0.196360 0.179116 0.230395 0.143192 0.153441 0.206498 0.188933 0.108160 0.150405 0.116510 0.156851 0.211438 0.116103 0.317816 0.145905 0.158562 0.302594 0.198661
0.252083 0.126423 0.232286 0.178192 0.153212 0.104426 0.206814 0.212715 0.187289 0.196485 0.192894 0.107700 0.127309 0.200472 0.190552 0.125804 0.098973 0.183255 0.183691 0.216435 0.118822 0.179339 0.161614 0.158236 0.198603 0.118910 0.141486 0.185507 0.177491 0.075742 0.147941 0.104461 0.139214 0.208195 0.091554 0.268766 0.119064 0.157511 0.247668 0.187556
0.226316 0.120772 0.271545 0.175267 0.139944 0.103360 0.214170 0.201735 0.161421 0.213971 0.175281 0.112828 0.114892 0.204579 0.167976 0.139835 0.092744 0.169271 0.160026 0.220648 0.109707 0.155863 0.173597 0.138649 0.203228 0.114200 0.129441 0.179544 0.139487 0.093724 0.123310 0.101331 0.124541 0.173256 0.096465 0.251813 0.128160 0.141014 0.239433 0.161989
0.226158 0.109334 0.187917 0.169077 0.106426 0.119763 0.135267 0.188221 0.135376 0.153791 0.208762 0.115138 0.133388 0.170085 0.140739 0.098926 0.080548 0.144000 0.136944 0.136137 0.092927 0.131375 0.168428 0.131130 0.142764 0.116093 0.136241 0.156186 0.119353 0.111529 0.095817 0.107788 0.106152 0.131928 0.110553 0.189611 0.104973 0.123808 0.197133 0.128350
0.146062 0.086626 0.159814 0.142113 0.121814 0.082643 0.141787 0.124950 0.086902 0.167592 0.215818 0.089158 0.116243 0.162869 0.147300 0.087305 0.105993 0.109984 0.145861 0.132996 0.067154 0.101584 0.141662 0.118141 0.161510 0.089590 0.096193 0.099664 0.099155 0.082083 0.068092 0.083597 0.102619 0.147592 0.079660 0.136920 0.082189 0.121190 0.152953 0.120853
0.217352 0.132835 0.249434 0.178951 0.173024 0.105113 0.190264 0.202808 0.159289 0.209317 0.206681 0.099969 0.152102 0.206692 0.192044 0.144884 0.089284 0.184229 0.154413 0.201699 0.123218 0.160626 0.168497 0.164620 0.214369 0.134021 0.143900 0.159065 0.129467 0.091164 0.132152 0.109041 0.121691 0.192176 0.100527 0.247891 0.140541 0.190288 0.221858 0.169292
0.232850 0.127704 0.271418 0.177692 0.174762 0.083077 0.231766 0.242680 0.195196 0.203609 0.159239 0.123519 0.132530 0.194633 0.161642 0.142252 0.099247 0.188047 0.159121 0.187340 0.136006 0.183294 0.171492 0.143655 0.218569 0.153399 0.110718 0.182305 0.151126 0.095633 0.149569 0.113992 0.144545 0.162162 0.098867 0.258138 0.125393 0.151641 0.222826 0.178735
0.211905 0.100317 0.155875 0.149220 0.093137 0.082897 0.142577 0.185061 0.148454 0.145599 0.138432 0.116284 0.114545 0.151354 0.124473 0.089276 0.068302 0.135815 0.112601 0.164695 0.092162 0.121963 0.134005 0.134501 0.147796 0.104417 0.101670 0.142834 0.107553 0.077080 0.114156 0.097145 0.076502 0.157049 0.122999 0.193797 0.089203 0.102296 0.174464 0.113304
0.278331 0.130362 0.196608 0.173536 0.124714 0.108163 0.196642 0.239238 0.166446 0.166900 0.176406 0.124183 0.104856 0.168481 0.145704 0.138069 0.088895 0.151128 0.168730 0.191959 0.107373 0.147791 0.181024 0.147716 0.198920 0.138656 0.138704 0.175550 0.164643 0.104684 0.118317 0.091755 0.139187 0.166352 0.093860 0.247854 0.110676 0.125053 0.259561 0.186543
0.260289 0.195496 0.204726 0.188999 0.147944 0.150001 0.174827 0.233266 0.173198 0.210081 0.210304 0.125911 0.134333 0.198488 0.166392 0.143174 0.095901 0.155528 0.178567 0.167437 0.113218 0.155577 0.177907 0.151790 0.177211 0.146408 0.154689 0.165621 0.224394 0.121444 0.154418 0.114706 0.162376 0.166685 0.105918 0.231191 0.119471 0.147258 0.252236 0.160825
0.195305 0.113299 0.180459 0.161845 0.116655 0.125681 0.138578 0.167717 0.152376 0.150167 0.187271 0.112485 0.133610 0.163592 0.167678 0.087731 0.086209 0.151602 0.144900 0.127202 0.094480 0.125148 0.206528 0.138898 0.152832 0.079726 0.126079 0.151323 0.138536 0.098730 0.127033 0.098623 0.141472 0.143685 0.083468 0.181884 0.102757 0.117208 0.204759 0.132202
0.189220 0.137737 0.193703 0.159632 0.152783 0.111552 0.152840 0.173095 0.156364 0.187145 0.206271 0.092467 0.127511 0.179960 0.230947 0.111250 0.098540 0.167021 0.152121 0.165378 0.102640 0.140767 0.146224 0.121360 0.152112 0.092581 0.114834 0.121078 0.174711 0.095562 0.142090 0.091223 0.187740 0.155593 0.077881 0.195183 0.114144 0.162797 0.190560 0.146736
0.156477 0.137363 0.172408 0.175337 0.164617 0.141294 0.132647 0.136009 0.132629 0.186317 0.259198 0.119154 0.134478 0.175015 0.181631 0.099907 0.093276 0.129346 0.170555 0.145832 0.094123 0.125988 0.162627 0.148367 0.148972 0.096300 0.140336 0.123989 0.162927 0.108888 0.148111 0.140598 0.120950 0.163696 0.106221 0.141373 0.093520 0.145608 0.150867 0.107276
0.232003 0.173627 0.193480 0.192662 0.147779 0.140065 0.181363 0.212769 0.173648 0.176108 0.217769 0.106283 0.133226 0.198671 0.205127 0.131454 0.103942 0.157850 0.166462 0.181360 0.117167 0.143496 0.180499 0.137127 0.171000 0.136562 0.160918 0.160022 0.236092 0.122675 0.169555 0.111729 0.178736 0.178056 0.099964 0.233039 0.101783 0.156649 0.231090 0.174384
0.281180 0.135252 0.247046 0.170527 0.144330 0.079221 0.211619 0.246594 0.198272 0.202263 0.182100 0.127202 0.125013 0.197049 0.174731 0.138512 0.096343 0.195302 0.182650 0.204961 0.119197 0.169885 0.172393 0.159113 0.217845 0.125180 0.122051 0.194988 0.156665 0.072704 0.127072 0.091188 0.142053 0.199478 0.087844 0.291995 0.130342 0.148860 0.260890 0.189116
0.172635 0.124060 0.158734 0.162536 0.142351 0.164028 0.112626 0.147600 0.093955 0.139163 0.242681 0.121214 0.149208 0.167956 0.151297 0.091228 0.090681 0.112475 0.150872 0.112909 0.082823 0.123062 0.167678 0.152303 0.152510 0.090707 0.183841 0.115703 0.139781 0.114128 0.134904 0.133272 0.104142 0.130135 0.127600 0.146131 0.093603 0.117889 0.162913 0.123865
0.285041 0.143006 0.246822 0.183857 0.151304 0.090124 0.248645 0.257069 0.192709 0.211543 0.180897 0.131547 0.114870 0.194941 0.170192 0.145891 0.107419 0.182852 0.193620 0.239354 0.121897 0.175018 0.174048 0.159373 0.234044 0.146240 0.130125 0.192640 0.182265 0.087480 0.134356 0.097441 0.150988 0.210722 0.089015 0.303021 0.127716 0.135568 0.279577 0.201598
0.291422 0.152699 0.274144 0.214136 0.175719 0.124219 0.227530 0.238321 0.200481 0.242200 0.229871 0.137764 0.141518 0.235432 0.218563 0.153152 0.119583 0.200767 0.204695 0.233292 0.120834 0.181542 0.203188 0.172721 0.232952 0.135032 0.152644 0.191241 0.196067 0.113804 0.154333 0.113728 0.168886 0.232902 0.123387 0.287859 0.135650 0.169421 0.300466 0.201578
0.198559 0.132389 0.230356 0.170227 0.157931 0.104869 0.175572 0.180343 0.140654 0.211853 0.209882 0.105244 0.135004 0.197155 0.180749 0.111489 0.092907 0.165951 0.164626 0.182445 0.092590 0.123283 0.167148 0.167037 0.189689 0.104831 0.129013 0.141250 0.141913 0.081460 0.122516 0.094727 0.134568 0.182018 0.081157 0.204666 0.102622 0.158372 0.220743 0.138749
0.309703 0.153309 0.257341 0.191095 0.149344 0.106350 0.236400 0.279654 0.202435 0.209427 0.181942 0.138602 0.126480 0.211496 0.173570 0.158018 0.096446 0.203914 0.190136 0.236805 0.124816 0.187682 0.184980 0.171549 0.229505 0.148124 0.138893 0.208490 0.176265 0.101261 0.146768 0.107585 0.151443 0.204795 0.097720 0.321610 0.142516 0.148702 0.292401 0.197195
0.263054 0.142846 0.240128 0.183113 0.158780 0.084302 0.240858 0.257001 0.180566 0.213516 0.188515 0.114626 0.113485 0.188400 0.192232 0.146830 0.099857 0.188857 0.178326 0.237299 0.124029 0.162188 0.164111 0.159412 0.227099 0.156845 0.131844 0.182498 0.170821 0.092757 0.138165 0.106835 0.153270 0.201821 0.083049 0.301335 0.130706 0.152328 0.258805 0.188262
