0.267292 0.253826 0.271624 0.383748 0.354144 0.35311 0.327993 0.290731 0.328375 0.333539 0.340426 0.296266 0.348932 0.265703 0.309029 0.287682 0.294864 0.282636 0.318819 0.387643 0.386898 0.453235 0.307212 0.337975 0.38548 0.417735 0.370374 0.334277 0.324839 0.363366 0.368887 0.293821 0.363709 0.3658 0.315736 0.241406 
0.408446 0.377463 0.470397 0.352355 0.338995 0.478669 0.350035 0.438482 0.376787 0.424107 0.442688 0.443593 0.460342 0.382607 0.405465 0.417932 0.447886 0.394267 0.353689 0.38476 0.327714 0.377877 0.485685 0.462299 0.348307 0.368764 0.431419 0.3954 0.380805 0.350861 0.399102 0.337502 0.357336 0.359569 0.47769 0.413408 
0.283144 0.399129 0.352566 0.323423 0.353242 0.313125 0.300462 0.313658 0.310622 0.277335 0.33556 0.335028 0.34738 0.343151 0.320136 0.307895 0.344438 0.39037 0.354135 0.337075 0.38155 0.314435 0.314183 0.383926 0.394883 0.320379 0.326001 0.361315 0.33497 0.281103 0.294205 0.341443 0.37242 0.322635 0.302486 0.361074 
0.997143 1.10809 0.919185 1.00034 1.07792 1.10916 1.13737 1.17678 1.10227 0.832909 0.826004 0.958679 0.756326 0.822979 1.00853 1.05242 0.970093 1.21263 1.09861 0.981405 0.951512 0.967483 1.07264 0.97456 1.04878 0.949726 0.853347 0.903279 0.913331 1.07376 1.01823 0.963601 1.08649 1.32324 1.01267 0.974185 
0.421946 0.282863 0.345044 0.345574 0.458458 0.51647 0.372597 0.369516 0.280736 0.34216 0.364437 0.479161 0.369991 0.326614 0.265595 0.37309 0.366121 0.473519 0.37949 0.301437 0.379104 0.291422 0.416589 0.46392 0.436142 0.28536 0.279707 0.314825 0.294978 0.369006 0.442075 0.419923 0.404665 0.304303 0.449249 0.288197 
0.98479 0.675448 0.759105 0.8912 0.661698 0.759522 0.921766 0.727967 0.847874 0.773569 0.613549 0.656999 0.673026 0.930057 0.675905 0.768371 0.645933 0.724896 0.844863 0.748334 0.760233 0.938502 0.85717 0.882214 0.943274 0.975108 0.586309 0.671373 0.668501 0.681026 0.892537 0.727833 0.810529 0.761897 0.702537 0.662599 
0.639563 0.402265 0.574757 0.561072 0.642885 0.55385 0.524524 0.569432 0.596816 0.710496 0.722493 0.474931 0.54515 0.599392 0.668041 0.619039 0.450927 0.593618 0.564463 0.615537 0.585933 0.632876 0.534416 0.556051 0.639693 0.577853 0.462984 0.571834 0.486872 0.546205 0.546712 0.586797 0.473673 0.539737 0.518932 0.486353 
0.619897 0.569297 0.708013 0.751211 0.765766 0.654232 0.659415 0.723117 0.762716 0.792882 0.65622 0.678675 0.669617 0.627785 0.63768 0.653668 0.499689 0.719395 0.592205 0.798313 0.686488 0.73265 0.615109 0.680915 0.633287 0.721179 0.658278 0.533574 0.693147 0.634822 0.567542 0.483766 0.684258 0.744228 0.793347 0.558045 
0.407326 0.473842 0.376093 0.496355 0.406932 0.448373 0.449323 0.496804 0.498753 0.462387 0.489709 0.532374 0.544136 0.505728 0.360155 0.397097 0.403772 0.466237 0.484962 0.48052 0.39346 0.423862 0.430311 0.497174 0.478088 0.42396 0.463217 0.438587 0.37278 0.500841 0.50171 0.448853 0.522329 0.564628 0.506183 0.463285 
0.495616 0.442506 0.415337 0.4292 0.43334 0.385351 0.421271 0.382524 0.490758 0.453235 0.520164 0.516425 0.473484 0.45707 0.54747 0.517699 0.480926 0.449628 0.484055 0.389534 0.552636 0.344757 0.377426 0.394004 0.416689 0.371419 0.432395 0.464033 0.445532 0.445556 0.480279 0.422353 0.343577 0.419731 0.48922 0.418402 
0.348307 0.41871 0.485735 0.412314 0.353065 0.466661 0.388247 0.393904 0.45218 0.452183 0.374693 0.464813 0.478338 0.419054 0.428264 0.483705 0.440782 0.392442 0.425668 0.441037 0.444949 0.525206 0.477259 0.400622 0.476417 0.41047 0.415415 0.397062 0.412654 0.465253 0.509144 0.447064 0.34841 0.364528 0.420675 0.36121 
0.655407 0.762705 0.778914 0.861192 0.798126 0.834875 0.836248 0.82063 0.766108 0.695397 0.800567 0.949867 0.752288 0.940089 0.684211 0.618733 0.727354 0.849779 0.827707 0.750776 0.930247 0.704753 0.805121 0.653926 0.822359 0.83585 0.79102 0.65622 0.735628 0.671006 0.76357 0.737272 0.641461 0.848902 0.7233 0.78476 
0.359743 0.349764 0.399799 0.383959 0.377343 0.352903 0.390606 0.383772 0.411904 0.449157 0.42399 0.42312 0.439318 0.398448 0.524654 0.42346 0.510282 0.330095 0.350022 0.378215 0.35621 0.35644 0.391985 0.406284 0.447824 0.481838 0.352882 0.378114 0.475198 0.456341 0.45251 0.368821 0.371435 0.46662 0.365114 0.437412 
0.537143 0.733969 0.65516 0.592342 0.697387 0.699641 0.779392 0.637536 0.638926 0.687265 0.76626 0.64036 0.558152 0.65293 0.686981 0.617395 0.639591 0.651329 0.736591 0.653926 0.568101 0.526093 0.644173 0.703958 0.716678 0.560356 0.645291 0.650373 0.775616 0.77099 0.624154 0.573306 0.689074 0.696638 0.707889 0.602175 
0.599075 0.570999 0.590642 0.495228 0.541326 0.613728 0.642241 0.624248 0.552312 0.584703 0.532758 0.472265 0.590398 0.719556 0.542093 0.643834 0.638588 0.643063 0.648627 0.49091 0.52792 0.665254 0.636306 0.725937 0.482459 0.535317 0.496565 0.529037 0.467871 0.474068 0.50103 0.68866 0.654036 0.614334 0.771952 0.494159 
0.544954 0.615945 0.610796 0.76671 0.77144 0.768418 0.633838 0.703126 0.678963 0.67634 0.636199 0.788072 0.776529 0.731056 0.562833 0.637474 0.794168 0.860201 0.76943 0.712879 0.539561 0.648457 0.608382 0.59396 0.548246 0.691645 0.671975 0.694666 0.800219 0.818073 0.882849 0.697498 0.711909 0.845063 0.717245 0.718045 
0.265376 0.271934 0.298339 0.375045 0.27158 0.365395 0.398513 0.26464 0.360534 0.450342 0.348422 0.352934 0.354799 0.344948 0.24838 0.396282 0.499378 0.448518 0.339007 0.325787 0.29551 0.379876 0.425311 0.389135 0.479941 0.469658 0.364898 0.308666 0.373016 0.38964 0.283642 0.46231 0.403869 0.385842 0.366832 0.37495 
0.393605 0.547867 0.49408 0.639658 0.658338 0.611469 0.691688 0.697868 0.534082 0.740972 0.614846 0.876974 0.70029 0.628876 0.464889 0.647555 0.732126 0.796331 0.599773 0.704708 0.594589 0.737599 0.582772 0.707448 0.782974 0.687427 0.617395 0.779244 0.630329 0.665866 0.647649 0.639262 0.802686 0.555689 0.504614 0.607533 
0.517313 0.58215 0.651762 0.600536 0.593539 0.639916 0.680244 0.809681 0.713838 0.671168 0.621133 0.569533 0.662185 0.553885 0.65281 0.574378 0.647086 0.578929 0.731967 0.686546 0.765269 0.6468 0.615537 0.663189 0.701212 0.753027 0.563293 0.747424 0.738541 0.691379 0.550046 0.576543 0.639926 0.653816 0.621375 0.56453 
0.931689 0.959146 1.11195 0.993778 1.12566 1.10355 1.09566 1.12731 0.950891 0.84807 1.12355 0.969739 1.07368 1.31459 0.998529 0.98995 1.06754 1.0506 1.34117 1.05261 0.966954 1.15268 1.23892 1.01072 0.877168 0.874747 1.08231 1.02058 0.855407 1.15346 0.902369 1.23146 1.19119 1.11075 0.896006 1.01693 
0.592249 0.761834 0.653268 0.714312 0.713401 0.639403 0.622083 0.611802 0.671423 0.624053 0.711957 0.518881 0.593397 0.629687 0.628806 0.790221 0.741574 0.726981 0.743875 0.739309 0.750511 0.656106 0.771201 0.640258 0.810504 0.739581 0.712051 0.637342 0.730443 0.701586 0.691684 0.716342 0.556028 0.559616 0.712016 0.78131 
0.86599 0.804769 0.819373 0.943714 0.813593 0.794696 0.742418 0.769133 0.613287 0.736688 0.785978 0.886642 0.679698 0.952009 0.835918 0.832503 0.776363 0.971861 0.757686 0.709737 0.907416 0.821157 0.693147 0.850333 0.893147 0.883999 0.830971 0.732589 0.684779 0.936093 0.799392 0.836511 0.733668 0.750717 0.725373 0.70462 
0.795927 0.748376 0.918605 0.785318 0.644198 0.768481 0.741414 0.564992 0.727719 0.745846 0.678817 0.75244 0.770635 0.798767 0.897698 0.689464 0.827922 0.773853 0.832688 0.622976 0.757096 0.953311 0.881636 0.739928 0.688084 0.789934 0.71503 0.817496 0.770108 0.851258 0.735317 0.785978 0.765468 0.827319 1.01493 0.989934 
0.715288 0.851236 0.772957 0.705171 0.912816 0.786772 1.01356 0.969995 0.739667 0.833123 0.876712 0.696886 0.786935 0.927285 0.835803 0.986068 0.678332 0.77661 0.986134 0.792815 0.895882 0.743337 0.916291 0.779715 0.907641 0.708918 0.847298 0.693147 0.797981 0.814575 0.801851 0.812008 0.825968 1.01983 0.719488 0.778749 
0.242278 0.285292 0.319287 0.306525 0.368045 0.321584 0.318454 0.386561 0.36132 0.332021 0.353221 0.329479 0.381483 0.277689 0.323079 0.361546 0.287207 0.35179 0.270342 0.270349 0.266457 0.272608 0.296266 0.249508 0.280154 0.288138 0.308171 0.361237 0.310473 0.402676 0.346602 0.232162 0.290381 0.261257 0.331645 0.340604 
0.324873 0.347827 0.451985 0.444761 0.445652 0.298124 0.376641 0.601173 0.430483 0.305382 0.370826 0.532071 0.259867 0.346671 0.358036 0.391552 0.260077 0.41922 0.392649 0.400011 0.359729 0.516366 0.421297 0.370152 0.306986 0.308415 0.340407 0.485681 0.408749 0.391413 0.486083 0.428455 0.4472 0.336815 0.401367 0.491532 
0.627818 0.569859 0.619392 0.698567 0.71784 0.677095 0.690236 0.744972 0.805288 0.824624 0.81638 0.773458 0.776618 0.71295 0.736632 0.659749 0.443246 0.653926 0.801587 0.745447 0.671931 0.673729 0.599118 0.61348 0.603631 0.65664 0.716917 0.719227 0.650296 0.654217 0.756085 0.632947 0.614244 0.586175 0.540621 0.649906 
0.94642 0.627438 0.619789 0.623293 0.667552 0.635989 0.745447 0.7241 0.841236 0.951382 0.628067 0.575983 0.895999 0.6096 0.645606 0.83561 0.666274 0.572366 0.648162 0.740965 0.613235 0.577477 0.699129 0.655743 0.719317 0.567069 0.548408 0.625772 0.731233 0.774116 0.589116 0.747911 0.819588 0.739885 0.868282 0.768765 
0.592987 0.659246 0.763863 0.542559 0.651762 0.542001 0.524524 0.63908 0.571592 0.638383 0.556209 0.607917 0.610909 0.523139 0.449056 0.558472 0.752966 0.70233 0.610658 0.448025 0.426034 0.527355 0.589521 0.69499 0.651619 0.462465 0.468213 0.478812 0.629393 0.648352 0.523319 0.428713 0.574699 0.615186 0.654242 0.629968 
1.03674 0.895469 0.828361 0.910043 0.870227 0.923472 1.02373 1.13517 1.10397 0.893034 0.86576 1.28504 0.938982 1.04765 0.891457 1.07756 1.113 0.87777 0.858427 0.953279 1.22378 0.824308 0.833992 0.855772 0.932685 0.877451 1.18548 0.809996 0.860543 1.13362 1.09078 1.01983 0.858287 0.772344 0.829978 0.927654 
0.305001 0.310838 0.320599 0.30673 0.221563 0.287682 0.27752 0.233194 0.280872 0.342786 0.269211 0.301173 0.210784 0.290136 0.304523 0.218386 0.270699 0.234209 0.309686 0.283167 0.324143 0.267927 0.28196 0.236779 0.200069 0.226528 0.323505 0.286202 0.346322 0.24104 0.229618 0.218184 0.223144 0.328424 0.280728 0.256169 
0.397026 0.438109 0.488886 0.436804 0.472529 0.440368 0.36203 0.414944 0.363709 0.374924 0.378695 0.476403 0.425052 0.463708 0.485056 0.56879 0.454555 0.334935 0.410331 0.406272 0.460606 0.482459 0.482047 0.576613 0.542041 0.386089 0.418537 0.484115 0.460737 0.38884 0.452915 0.291731 0.392864 0.371507 0.420791 0.421477 
0.635989 0.479573 0.387048 0.466939 0.51015 0.575192 0.499792 0.5136 0.530012 0.435911 0.530776 0.435588 0.473784 0.550323 0.49959 0.585695 0.424194 0.394321 0.373338 0.460728 0.514181 0.453268 0.471986 0.463108 0.522522 0.442215 0.414646 0.507814 0.487986 0.415992 0.438115 0.465554 0.447719 0.542463 0.699012 0.467242 
0.513354 0.475275 0.476083 0.528174 0.470811 0.511801 0.413041 0.489806 0.547665 0.442361 0.487295 0.413595 0.592127 0.578612 0.456045 0.490932 0.453637 0.438802 0.364827 0.315345 0.416728 0.667936 0.601456 0.615113 0.449 0.466042 0.607423 0.575364 0.532418 0.526744 0.368085 0.428722 0.487352 0.495057 0.479929 0.473484 
0.724963 0.728889 0.848651 0.910366 0.749126 0.713194 0.893818 0.699748 0.904328 0.955131 0.788457 0.554008 0.662585 0.657088 0.862046 0.829559 0.732149 0.864295 0.874352 0.700723 0.807963 0.717328 0.761098 0.944967 0.852841 0.706941 0.789375 0.847298 0.846828 0.73861 0.713418 0.8232 0.787052 0.833548 0.905362 0.905709 
0.728384 0.609766 0.640684 0.681529 0.625094 0.662421 0.653112 0.526219 0.659609 0.662252 0.591795 0.545186 0.672328 0.520042 0.514131 0.467563 0.542865 0.616514 0.700198 0.707693 0.517758 0.715875 0.569993 0.567427 0.628969 0.565776 0.761903 0.729187 0.482324 0.701179 0.637943 0.597277 0.540938 0.557851 0.628035 0.673902 
