-2.53	2.0313	1.2235	-1.1486	2.8274	-2.9237	-0.38469	-0.74381	1.6674	1.8539	-1.9664	-0.06428	-0.34172	0.91885	1.3148	1.5994	-1.4066	1.1285	0.97402	-2.1188	-2.3927	-0.010274	2.8872	-1.0024	0.53548	-1.7345	1.578	-1.538	0.03741	1.2502	2.4549	2.8844	0.29651	-2.2694
-0.20631	1.6049	0.84678	0.87551	4.3843	-2.5238	-2.1604	0.41803	2.0393	2.4085	-2.5847	0.95649	0.62842	0.92429	2.0336	0.90549	-2.2367	3.0993	1.9465	-0.76557	-3.3154	-1.8964	2.6743	1.1611	0.55542	0.62751	1.8167	0.4743	1.154	1.05	1.9888	0.49429	1.5097	-4.9004
2.3845	2.2465	1.7279	2.1661	3.4198	-3.6729	-3.3152	1.8811	2.1521	2.5437	-3.648	2.6208	2.4157	1.8317	2.162	0.77813	-3.0723	3.1439	2.1311	2.2717	-4.1852	-4.3311	2.4204	1.7575	1.3449	1.5402	1.8682	1.3365	1.5308	1.3124	2.0151	1.2232	1.6824	-4.5951
2.6817	2.7773	2.3199	2.9102	2.6398	-4.2683	-3.9995	2.6008	2.6466	3.0029	-4.2162	3.8485	3.4278	2.4627	2.5313	1.0407	-3.9697	3.4508	2.5117	3.0344	-4.0196	-4.708	2.6693	2.2801	2.0205	2.1881	2.231	1.9488	2.126	1.735	2.5172	1.7927	2.1037	-4.1294
2.929	3.1538	2.732	3.3207	2.4906	-4.5222	-4.2371	2.9933	3.0417	3.4572	-4.3894	4.7505	3.9346	2.8568	2.9555	1.4103	-4.4018	3.7834	2.9378	3.4248	-3.6228	-4.6523	3.0697	2.7508	2.5437	2.7059	2.6604	2.4308	2.5891	2.1767	2.9377	2.2493	2.5283	-3.6994
3.155	3.4847	3.0891	3.6522	2.5006	-4.6223	-4.3081	3.3165	3.4004	3.865	-4.4244	5.8555	4.2949	3.1945	3.3679	1.8042	-4.5738	4.09	3.3505	3.7546	-3.2146	-4.5359	3.4783	3.1754	2.9843	3.1481	3.0807	2.8491	2.9895	2.5955	3.3181	2.6465	2.929	-3.3012
-2.2024	-1.5228	2.1397	-1.5431	1.9737	-1.6107	2.6958	-0.9421	-1.9054	-1.5632	0.72876	-0.16775	-0.93158	2.0776	0.53546	0.31226	2.62	-1.3449	1.6152	1.5934	-0.7508	0.42592	-2.6636	-2.8012	0.19341	1.7532	2.7256	-2.3242	0.43221	-0.19223	-3.0653	-1.0229	-2.1215	1.8481
-1.858	-1.621	4.0612	-1.3969	3.404	-3.0494	3.0572	-1.691	-1.8626	-1.2392	-1.8632	0.8633	-0.561	4.1997	3.1658	-1.9559	2.9494	-0.83682	3.701	4.4371	-1.4602	-2.1266	-2.0218	-2.4097	2.012	3.1102	3.7824	-2.926	2.7877	-2.7278	-1.9863	-3.2038	-2.4247	3.7859
-1.9488	-1.4873	4.3166	-1.2975	3.8396	-3.2634	3.2734	-1.6585	-1.6512	-1.0801	-2.9788	3.2263	-0.46397	4.4668	4.4326	-2.8553	2.9973	-0.76322	4.4946	5.0143	-1.8573	-2.6894	-1.5973	-2.0487	3.7626	3.9613	4.2669	-2.4166	4.0526	-2.5195	-1.7045	-2.6474	-2.1531	4.1725
-1.6117	-1.2552	4.6283	-1.0761	3.8625	-3.334	3.2777	-1.4307	-1.3402	-0.81052	-3.0838	5.2251	-0.33029	4.7333	4.9208	-2.7525	2.9661	-0.61616	4.9159	5.2885	-1.6205	-2.7604	-1.2289	-1.5896	4.4278	4.5963	4.6508	-1.9309	4.5123	-2.132	-1.4074	-2.1419	-1.7946	4.5386
-1.2265	-0.91854	4.9869	-0.74953	3.9662	-3.3728	3.2967	-1.0928	-0.97741	-0.47908	-3.0785	6.3144	-0.081268	5.0814	5.3084	-2.4683	2.9516	-0.33193	5.2929	5.633	-1.2701	-2.6621	-0.86034	-1.1816	4.8922	5.0598	5.0292	-1.5199	4.8995	-1.7484	-1.0556	-1.7269	-1.4238	4.9098
-0.74826	-0.51891	5.3784	-0.3638	4.0366	-3.5281	3.2266	-0.69936	-0.58549	-0.11495	-3.1759	7.2074	0.26176	5.4748	5.6864	-2.1273	2.8963	0.038923	5.6693	6.0257	-0.89725	-2.5786	-0.48551	-0.79214	5.3002	5.4674	5.4079	-1.1275	5.2855	-1.3674	-0.67618	-1.3247	-1.0436	5.2887
-1.1856	0.17919	-2.0997	0.64045	-1.4885	0.96762	1.1883	1.5584	-0.3106	-2.6136	-1.702	2.5958	-2.1831	2.0461	0.24079	3.1157	-2.6491	-0.35998	-2.4702	2.9007	-3.1109	1.7264	1.9927	2.3154	-2.6097	-0.62936	-1.508	1.8844	-0.43072	2.5789	-1.998	-1.4833	-2.226	-2.2855
-0.24041	0.79123	-2.7296	1.2285	-0.56481	-1.2931	-0.92011	0.86854	-1.3625	-1.687	-1.1826	5.2435	0.60923	1.5479	1.9948	2.9686	-2.3953	0.92529	-2.0206	5.4432	-2.3546	-0.34168	4.0695	4.173	-1.9395	-1.6547	-2.0484	3.7402	-2.0244	3.5433	-1.5356	-2.2682	-2.4899	-2.4063
0.68788	1.3466	-3.709	1.7299	-0.58643	-1.6792	-1.307	1.349	-1.2771	-1.4385	-1.3155	7.1981	1.7452	1.5651	4.1822	3.1203	-1.7238	1.4801	-1.7382	7.3293	-2.0334	-0.64713	4.62	4.4144	-1.9129	-1.6982	-1.9185	3.8416	-2.3538	3.8316	-1.4513	-2.4051	-2.238	-2.2201
3.5164	3.3015	-3.1089	3.0659	-1.4148	-2.5854	-2.1967	2.7504	-1.8336	-0.91901	-2.3817	9.2651	3.1973	2.9379	4.6028	3.2173	-2.1001	3.0941	-1.6334	9.7312	-1.9347	-2.2671	4.7789	4.4198	-2.0367	-1.782	-1.8392	3.7946	-2.5444	3.8938	-1.9338	-2.6558	-2.2221	-2.2894
4.1572	4.3236	-2.1711	4.3928	-2.3376	-3.0239	-2.7459	4.0969	-1.7459	-0.95758	-2.9274	11.055	4.69	4.1062	4.7587	3.3121	-2.8041	4.6061	-1.5312	10.936	-1.8288	-3.1758	4.8896	4.5475	-1.9148	-1.7121	-1.7435	4.1257	-2.1209	3.999	-1.8329	-2.3699	-2.046	-2.0177
4.6009	4.8741	-1.7083	5.0027	-2.3573	-3.1629	-2.8553	4.6885	-1.3535	-0.78056	-2.9898	12.133	5.4721	4.6268	5.0353	3.5484	-3.0925	5.3246	-1.2639	11.46	-1.5535	-3.1007	5.1524	4.8364	-1.6297	-1.4502	-1.4976	4.4683	-1.7255	4.2713	-1.4348	-2.0319	-1.7294	-1.6881
2.3192	0.50054	0.31312	-2.2297	2.217	0.76651	-0.93602	0.083207	-0.61665	-2.6629	-1.6333	-2.3656	-1.9851	-1.6331	-0.51956	-2.8282	2.5291	2.7933	-0.057373	-0.067493	-1.0191	2.5123	-0.82113	-2.4416	1.76	-0.69244	-1.6222	-0.60343	-2.5343	-2.3112	2.7761	2.8645	0.47231	-2.7646
4.576	3.5267	-1.5964	-1.0329	4.048	-1.9646	-2.285	-0.96178	-1.1768	-0.86793	-2.5686	-1.0827	-0.7989	-1.652	-0.65375	-2.6247	2.3325	3.9711	-0.47122	2.5373	-1.0861	0.94455	-0.64104	-0.86955	2.3838	0.37367	-1.3132	-1.5032	-1.8533	-1.7156	4.4941	3.2329	-1.4686	-1.5703
4.9714	5.2794	-1.3701	-0.85733	4.2138	-2.9888	-2.6866	-1.1813	-0.97758	-0.49395	-2.6905	-0.028002	-0.29265	-1.2689	-0.75726	-2.3502	3.193	5.5274	-0.73022	5.377	-1.1053	-1.6251	-0.65409	-0.88532	3.6073	2.0512	-1.0695	-1.7202	-1.5853	-1.5475	5.2304	3.8592	-1.3387	-1.3425
5.2935	5.6167	-1.0649	-0.5076	4.285	-3.0405	-2.6683	-0.84214	-0.69886	-0.18684	-2.7331	0.86746	0.10575	-0.94547	-0.60818	-2.115	3.2605	6.1269	-0.61854	5.8902	-0.92682	-1.9835	-0.49212	-1.0813	4.5552	4.6388	-0.87066	-1.4648	-1.2397	-1.4432	5.518	4.5035	-1.1511	-1.1151
5.6305	5.9465	-0.71919	-0.17359	4.3573	-3.1211	-2.6847	-0.51025	-0.38338	0.12143	-2.7791	1.9578	0.45672	-0.61683	-0.34542	-1.8503	3.2467	6.5111	-0.3621	6.2255	-0.65347	-1.9385	-0.23089	-0.6421	5.3283	5.4983	-0.62045	-0.99932	-0.8268	-1.149	5.8256	5.0764	-0.82807	-0.78344
5.9307	6.2862	-0.36867	0.16172	4.3307	-3.3782	-2.854	-0.17596	-0.042412	0.46172	-3.0025	4.0232	0.79279	-0.27874	-0.0096115	-1.5321	3.1206	6.8523	-0.027109	6.5601	-0.31341	-1.8274	0.1027	-0.23373	5.8263	5.9959	-0.2864	-0.57921	-0.44224	-0.78994	6.171	5.4903	-0.47349	-0.42635
-1.6656	-0.92216	2.0171	-3.0433	-2.8698	-2.0787	0.93645	1.4552	0.92784	-0.3082	0.29522	-1.2791	1.5367	-1.9534	1.1729	-1.9875	-0.82592	0.78888	1.7598	-2.6305	2.6965	1.7315	-0.082949	-0.40281	-0.3342	-1.2161	0.053434	0.067645	1.9947	1.8515	0.90632	-0.76233	1.9567	0.20614
-0.11078	0.36588	0.23731	-0.11038	-0.93313	-1.4232	-1.1389	0.23286	0.9459	1.2478	-1.3977	0.41097	4.7712	-0.060929	1.3852	-4.1175	-1.2274	0.90046	1.5078	0.55111	1.5762	-0.50748	1.2561	0.86488	0.26455	0.43428	0.94883	0.33395	0.73174	0.4879	0.92259	0.057091	0.90623	0.77909
0.56756	0.91632	0.69431	0.89919	-0.58713	-1.5255	-1.1608	0.65964	1.1809	1.6821	-1.3188	1.5814	7.2532	0.68237	1.5252	-5.8089	-1.451	1.3461	1.5328	1.2802	1.2879	-0.67622	1.5969	1.1752	0.83643	1.0413	1.2159	0.71285	0.81839	0.68911	1.1437	0.4766	0.96872	0.9569
1.32	1.4864	1.1804	1.5768	-0.46837	-1.7942	-1.2964	1.2739	1.5647	2.0438	-1.4689	2.551	8.2579	1.2295	1.7181	-5.9329	-1.58	1.9339	1.7044	1.7897	1.4182	-0.59043	1.8261	1.4659	1.2348	1.421	1.4485	1.0749	1.1723	0.92712	1.4827	0.87013	1.213	1.2395
2.9019	2.555	1.9147	2.5157	-1.4413	-2.8376	-2.3651	2.1986	2.2419	2.5022	-2.6864	3.6096	9.2832	2.0645	2.0569	-5.7056	-2.2251	2.9009	2.04	2.6491	1.7553	-2.0975	2.1674	1.8545	1.6638	1.8321	1.7782	1.5291	1.671	1.2834	2.0423	1.4062	1.6409	1.6941
3.1905	3.1817	2.6025	3.3249	-2.8524	-3.5156	-3.2335	3.0081	2.8835	3.1305	-3.4595	4.6445	10.206	2.8076	2.5726	-5.2903	-3.1514	3.7968	2.5556	3.4276	2.276	-3.8635	2.6796	2.3928	2.1984	2.351	2.266	2.1134	2.2971	1.7996	2.7126	1.9658	2.2038	2.2722
-0.93743	2.7569	2.3609	0.31498	0.76914	0.54664	-1.8354	-1.2482	-0.1826	-1.6925	2.1623	-1.9169	-1.7212	-2.068	-1.7103	-0.40381	-1.1863	2.6588	-0.4383	-1.9794	2.5427	3.0128	-0.3839	-2.4422	-1.5194	-0.57324	0.59595	-1.4933	0.64585	1.3264	-1.7474	-2.4026	-1.2769	-1.1381
-0.75332	5.4294	5.2098	-0.67486	-0.29997	-1.263	-1.1082	-1.0223	-0.68126	-0.58441	-0.762	-0.14575	-0.12663	-1.0768	-0.70617	-1.6823	-1.2284	5.3607	-0.51359	-0.56933	4.7894	2.4312	-0.38669	-0.71438	-1.0418	-0.78644	0.10143	-1.2574	-0.36699	-0.96037	-0.8551	-1.2334	-1.0548	-0.96968
-0.20703	6.3174	5.841	0.098652	-0.69031	-1.4875	-1.203	-0.2169	-0.12105	0.18612	-1.284	0.97869	0.5985	-0.32396	-0.19257	-1.5833	-1.4305	6.6668	-0.17678	0.23216	5.7263	-0.3402	-0.048374	-0.33743	-0.54963	-0.37032	-0.21737	-0.69489	-0.52143	-0.84424	-0.21808	-0.85588	-0.5975	-0.53628
0.078103	6.6444	6.2477	0.51432	-0.6716	-1.5567	-1.2314	0.1876	0.28347	0.70218	-1.3305	1.8786	1.1033	0.071019	0.24689	-1.2617	-1.5259	7.1942	0.23478	0.63308	6.222	-0.86347	0.36195	0.069209	-0.12376	0.043693	0.019259	-0.26561	-0.13053	-0.49495	0.19668	-0.4626	-0.18474	-0.13116
0.35602	6.9788	6.6049	0.85827	-0.58782	-1.5833	-1.2182	0.5237	0.6417	1.1143	-1.3122	2.9474	1.4805	0.41502	0.64378	-0.89837	-1.5543	7.553	0.62719	0.97172	6.6252	-0.85279	0.75474	0.45664	0.26994	0.43701	0.37624	0.12071	0.24744	-0.11913	0.56535	-0.089859	0.19693	0.24753
0.48542	7.2664	6.9095	1.1411	-0.52239	-1.6033	-1.2072	0.7989	0.95104	1.4772	-1.2986	5.0556	1.7861	0.70288	1.0122	-0.53393	-1.5625	7.8403	0.99484	1.2606	6.9934	-0.76764	1.1232	0.8207	0.63327	0.80256	0.74056	0.47632	0.59144	0.24501	0.90211	0.23769	0.54916	0.59677
-0.47623	0.04935	-2.603	-1.4916	1.8904	-2.9565	2.6932	1.4465	-0.071536	0.49314	-1.6499	-0.25843	2.9082	0.29394	0.13273	-1.6856	-0.069722	0.7791	1.125	-0.65616	-0.8325	3.0645	-2.903	2.4189	2.5954	1.86	-2.5201	-1.4954	-1.034	1.1287	-2.2824	1.3893	-2.4695	0.9656
0.72515	0.55504	-0.16274	0.39401	1.8573	-5.1826	1.115	0.35252	0.041425	0.80255	-4.5633	1.4248	6.2507	0.052676	0.096434	-1.9369	0.76907	1.287	1.5301	0.795	-0.59937	0.3576	-0.79457	4.9272	3.5986	3.5713	-0.80404	-1.8232	-0.32444	-0.94495	-0.23416	-0.88012	-0.71763	-0.6566
0.78482	0.83554	0.21771	0.96853	0.91939	-6.0479	0.48411	0.68051	0.50444	0.96823	-5.908	2.4114	7.7633	0.45216	0.23372	-1.4684	0.45408	1.608	0.83274	1.1348	-0.13111	-0.19028	0.18121	5.9795	5.3787	5.5464	-0.20857	-0.65741	-0.18074	-0.71666	0.34198	-0.8094	-0.21987	-0.16347
0.85973	1.0845	0.57235	1.2645	0.59685	-6.3937	0.16282	0.93443	0.85976	1.2977	-6.2642	3.448	8.2247	0.74872	0.66471	-0.98764	0.032929	1.8105	0.75874	1.3587	0.35685	-0.25033	0.74634	6.6535	6.3299	6.4874	0.31516	0.064097	0.31028	-0.16465	0.74462	-0.10577	0.24841	0.30976
0.8703	1.2969	0.86592	1.4767	0.4642	-6.5863	-0.01411	1.1317	1.1624	1.6568	-6.4209	5.6181	8.4768	0.98831	1.0994	-0.52535	-0.21866	1.974	1.0998	1.5635	0.79897	-0.22378	1.2037	7.1624	6.9335	7.0933	0.79072	0.56244	0.73444	0.31012	1.0932	0.35514	0.66449	0.7222
1.1835	1.5483	1.1663	1.718	0.45681	-6.6828	-0.081499	1.3714	1.479	1.9925	-6.4744	7.8458	8.692	1.2592	1.4873	-0.10281	-0.35811	2.1641	1.4727	1.8155	1.1862	-0.15376	1.5966	7.5697	7.3707	7.5363	1.2013	0.95317	1.0875	0.71194	1.4122	0.7357	1.0344	1.0862
-0.036588	1.7524	1.3504	2.5354	2.455	-1.0415	1.2481	-1.8978	-2.9482	1.5328	0.0001409	-0.12609	2.5417	0.68996	0.73894	2.2573	1.9185	0.48181	-1.9912	-1.6332	2.4273	-2.9599	-0.063419	-2.0854	3.0061	1.3357	0.0029618	-0.18157	-2.7656	1.1428	-2.8735	-2.6913	0.13596	-2.5325
1.9776	2.3186	2.0002	2.6229	1.3529	0.12571	0.81411	-3.8192	-3.7733	2.6567	0.10541	2.1508	3.1486	2.0276	1.7659	0.97771	0.64019	2.5145	-0.0065939	1.2397	2.0821	-4.8198	1.6079	1.145	2.8795	2.6293	1.1893	0.32579	-3.9872	0.66427	-3.8074	-4.4741	1.4467	-4.8953
2.2218	2.5103	2.1319	2.7212	1.2662	0.26327	0.67872	-3.8994	-3.8751	2.926	0.44702	3.383	3.4286	2.2267	2.2672	0.92459	0.36267	3.0674	1.9831	2.6784	2.0579	-5.0837	2.3319	2.1737	2.2588	2.3997	1.8758	1.8902	-4.1973	1.4614	-3.9663	-4.5149	1.8736	-4.3481
2.5772	2.8503	2.4737	3.0307	1.349	0.21218	0.64309	-3.5929	-3.5095	3.265	0.50545	4.2847	3.7009	2.5686	2.725	1.229	0.29814	3.4301	2.668	3.1099	2.4387	-5.0297	2.826	2.5821	2.4611	2.6209	2.4161	2.2692	-3.8934	1.9581	-3.6002	-4.215	2.3007	-3.9261
3.1145	3.2614	2.8752	3.4284	1.3512	-0.06988	0.45674	-3.1892	-3.0958	3.6404	0.28792	5.2389	4.0571	2.9767	3.1394	1.5961	0.16755	3.8289	3.1159	3.5264	2.8413	-4.9123	3.2474	2.9665	2.8029	2.9668	2.8526	2.6421	-3.5141	2.3732	-3.2013	-3.829	2.7058	-3.5227
4.5184	4.0889	3.518	4.1723	0.44351	-1.0928	-0.59088	-2.4395	-2.4561	4.0984	-0.92869	6.2255	4.7568	3.6824	3.5769	2.0011	-0.46794	4.5827	3.5587	4.266	3.2785	-5.5978	3.6852	3.4007	3.2295	3.3891	3.2859	3.0993	-3.0282	2.8092	-2.6687	-3.3134	3.1826	-3.0377
1.998	1.9942	1.3969	-2.1988	1.0023	0.11678	2.9703	0.93567	1.8861	-0.29015	-0.42458	2.043	-2.6158	-2.3037	-2.0511	-0.68491	2.0811	1.9051	-2.7602	-0.63266	0.16878	-0.5225	0.98508	0.80367	-1.3063	-0.42923	-3.0427	3.0399	-2.0902	-2.473	-0.80127	-1.8958	-0.064762	-1.008
2.9404	3.0707	2.7145	-3.0404	1.6171	0.59727	1.2855	2.7214	3.4739	1.8659	0.27976	3.5155	-2.2297	-3.2187	-0.84207	-1.803	1.127	3.2306	-1.0207	2.3964	-0.66903	-2.9967	0.65248	0.76613	-1.1508	-0.26877	-1.6392	2.7535	-1.7404	-2.0223	-0.57782	-1.8776	-1.3068	-1.7724
4.5209	4.2616	3.9835	-1.9422	1.3731	-0.18864	0.51775	4.0019	4.6261	4.3773	-0.23663	4.9086	-1.5137	-2.2355	-1.1363	-2.5213	0.49981	4.5348	-1.2004	4.5616	-1.4032	-3.5292	1.0275	2.2764	-1.2359	-0.11608	-1.5976	3.4916	-1.9903	-2.3863	-1.7179	-2.0466	-1.9578	-2.0747
5.3666	5.2272	4.7474	-0.94774	-0.35101	-1.1151	-0.77164	5.0192	5.0719	5.2614	-1.1004	6.2581	-0.4251	-1.4005	-1.2616	-2.6965	-0.59652	5.6971	-1.2917	5.46	-1.5849	-3.9082	3.6865	4.8067	-1.3232	-1.0822	-1.5968	4.4884	-1.6431	-2.1451	-1.3934	-1.8144	-1.8444	-1.7644
5.7886	5.9813	5.3625	-0.25172	-0.79099	-1.4701	-1.1914	5.7171	5.6266	5.9087	-1.3788	7.2373	0.3047	-0.74589	-0.88175	-2.4016	-1.2791	6.4764	-0.90112	6.132	-1.1847	-6.7395	5.294	5.2711	-1.1073	-0.95217	-1.178	4.9923	-1.1516	-1.6454	-0.7841	-1.4428	-1.2767	-1.2047
5.9615	6.2235	5.7593	0.10459	-0.84996	-1.6326	-1.3348	6.0584	6.0457	6.4369	-1.4661	8.172	0.74964	-0.38319	-0.3844	-1.9713	-1.5548	6.8569	-0.40182	6.4797	-0.68222	-7.4561	5.9714	5.7389	-0.70476	-0.54964	-0.68196	5.442	-0.6885	-1.1491	-0.3398	-1.0241	-0.78764	-0.72408
2.8362	2.6397	-2.8092	1.4937	-1.4499	-0.48459	0.30063	2.7804	-0.51657	3.0336	-1.2469	1.2629	1.0446	0.24571	1.2441	1.0458	-2.0213	-2.3361	3.1342	-2.0654	-2.9353	0.38433	2.3981	1.0624	-1.9441	-0.8232	-0.24664	3.0247	-2.1578	2.2327	0.90912	-0.77701	-1.941	-0.45057
4.1492	4.0422	-2.6299	3.8144	-1.7865	-2.3373	-2.0633	3.7058	-0.60373	4.4464	-2.3502	3.9627	3.9387	3.1171	3.2772	-1.9543	-1.9378	-1.7023	4.2457	-1.6928	-2.247	-2.1207	4.1307	3.6513	-1.7046	-1.2985	1.0888	3.5541	-2.1984	1.4942	1.6641	-2.3965	-2.6554	-2.6353
4.4004	4.5453	-2.108	4.6773	-2.1298	-2.7902	-2.5198	4.3832	-1.81	4.8857	-2.7034	5.4025	5.1324	4.2473	4.2745	-3.0247	-2.5882	-1.155	4.4082	-1.4432	-2.1557	-2.8529	4.4959	4.2399	-1.9056	-1.7537	3.0047	4.0107	-2.1578	2.9007	4.2516	-2.4201	-2.3409	-2.3327
4.6746	4.924	-1.7501	5.0878	-2.1773	-2.96	-2.6613	4.7645	-1.4524	5.2831	-2.7953	6.3275	5.6767	4.6333	4.7521	-2.9254	-2.8814	-0.76274	4.7586	-1.0899	-1.8084	-2.8474	4.8798	4.5977	-1.7536	-1.6031	4.2093	4.314	-1.845	3.8697	4.7293	-2.1543	-1.9429	-1.9024
4.945	5.2655	-1.3991	5.4308	-2.1207	-3.0184	-2.6856	5.097	-1.0884	5.6699	-2.7925	7.3123	6.058	4.98	5.1708	-2.6163	-2.9848	-0.42871	5.1572	-0.74757	-1.4092	-2.7385	5.2834	4.9949	-1.4402	-1.2788	4.8287	4.6752	-1.4819	4.3796	5.112	-1.8122	-1.5484	-1.4998
5.0927	5.5684	-1.0845	5.7243	-2.0518	-3.0363	-2.6753	5.3835	-0.76556	6.0338	-2.7685	9.0996	6.3694	5.2809	5.5555	-2.2636	-3.0111	-0.13822	5.5386	-0.4455	-1.0284	-2.6379	5.6664	5.3692	-1.0913	-0.92448	5.2648	5.0322	-1.1327	4.7824	5.4622	-1.4817	-1.1827	-1.1343
-0.1129	-2.3826	0.56211	-1.7195	-0.72459	0.52115	-1.5587	-1.316	0.73533	-1.474	2.0371	3.0311	1.446	-0.98045	0.52796	-2.4632	2.5516	2.3842	1.9955	-1.5026	0.59256	-2.9986	-0.46937	-1.1761	-2.1259	-2.0173	-0.48428	-2.5482	0.61873	-0.1826	1.2306	1.2553	0.86997	-2.929
-0.033981	0.17393	-0.13186	0.22464	-0.27334	-0.65052	-0.63144	-0.19948	0.77957	0.41942	-0.57992	5.6177	1.5377	-0.12067	1.2245	-5.2591	1.6712	5.4928	1.872	0.3383	0.94369	-4.823	0.98754	0.11522	-0.73976	-0.3512	0.3197	-0.79931	0.31223	-0.16109	0.80395	-0.38042	0.53994	-5.9453
0.57809	0.83379	0.51139	0.99293	0.0022933	-0.53812	-0.24929	0.63426	0.94227	1.2535	-0.59776	7.4558	1.6625	0.5921	1.1823	-6.3195	-0.10414	7.347	1.3451	1.1325	0.86194	-6.4646	1.2314	0.70413	0.28007	0.48847	0.73916	0.26172	0.48295	0.23725	0.87979	0.10034	0.61431	-5.6798
0.9923	1.2818	0.94067	1.4409	0.19733	-0.61638	-0.29157	1.1047	1.2981	1.7379	-0.46685	8.5368	2.0401	1.0236	1.3954	-6.2988	-0.5271	8.0353	1.41	1.5746	1.085	-6.517	1.4983	1.1164	0.85622	1.0347	1.0827	0.74622	0.88484	0.57881	1.2227	0.54353	0.90272	-5.3494
1.3767	1.6824	1.3272	1.8375	0.34011	-0.65924	-0.28465	1.504	1.6629	2.1376	-0.4033	9.4308	2.4366	1.4109	1.7114	-6.0557	-0.61194	8.4933	1.699	1.963	1.4066	-6.4058	1.822	1.4935	1.2856	1.4576	1.4293	1.1428	1.2668	0.93011	1.5862	0.9336	1.2443	-4.9959
1.7962	2.0904	1.7133	2.2327	0.43886	-0.7652	-0.31872	1.9	2.0397	2.517	-0.43674	10.437	2.8318	1.8007	2.0627	-5.7393	-0.65953	8.9056	2.046	2.3526	1.7599	-6.3539	2.1739	1.8638	1.6727	1.8423	1.7869	1.521	1.6426	1.2911	1.96	1.3143	1.606	-4.6305
-2.7079	-1.1329	0.19383	0.96992	-0.58015	2.0095	1.3713	2.9431	0.19678	-1.0981	-2.4766	0.69682	1.7509	-0.48072	-2.5696	-1.4666	-2.175	-1.3753	-0.37627	0.17046	-0.26737	2.3573	0.11337	2.786	0.86481	2.8743	-1.6284	1.106	-1.3247	1.079	1.2255	-2.713	-1.5399	-1.733
-1.5889	0.051975	-0.96431	2.9988	-1.1044	2.2202	1.8212	3.7627	-0.34787	0.013054	-3.257	3.3491	3.669	-0.74074	-0.60957	-1.6569	-3.9167	-0.14561	-0.28323	0.21449	-0.51418	0.29223	-0.048171	5.4752	2.8734	3.8647	-0.52091	-0.48107	-1.0344	-1.0828	-0.14288	-2.4118	-0.84709	-0.7437
-0.23261	-0.3072	-0.72353	5.8982	-0.35976	0.94929	0.64481	5.6354	-0.25748	0.22201	-4.6913	5.8523	5.9945	-0.63499	-0.20598	-1.5874	-4.9127	0.28962	-0.16534	0.10062	-0.45383	-1.265	-0.0036308	5.6627	4.9793	5.1862	-0.39671	-1.0576	-0.85759	-0.98859	-0.34326	-1.3169	-0.71042	-0.67884
0.2201	0.28091	-0.14311	6.6984	0.23078	-0.23936	-0.029184	6.3943	0.20024	0.59113	-6.5155	7.3888	7.1781	-0.011362	0.11977	-1.3587	-6.1326	0.87677	0.11176	0.58016	-0.17553	-1.2167	0.24871	6.1225	5.816	5.9881	-0.1483	-0.50854	-0.32348	-0.67238	0.067882	-0.66894	-0.32727	-0.27867
0.49016	0.69773	0.28214	7.1441	0.10586	-0.58314	-0.30692	6.8191	0.59715	1.0188	-6.7599	8.3415	7.7404	0.40436	0.52169	-1.0115	-6.7098	1.2994	0.50579	0.97283	0.22217	-1.0827	0.63478	6.5903	6.3711	6.5353	0.23548	-0.01846	0.14132	-0.25706	0.4906	-0.19845	0.088743	0.14243
0.75782	1.0638	0.65618	7.5027	0.11402	-0.70567	-0.39627	7.1694	0.96757	1.4252	-6.8039	9.292	8.1317	0.76375	0.92927	-0.62765	-6.9301	1.649	0.91213	1.324	0.62916	-1.0082	1.0395	7.0172	6.8229	6.987	0.64386	0.40728	0.54935	0.1567	0.88145	0.20933	0.49097	0.54425
1.054	2.1628	-0.97678	1.7617	1.1011	-3.0978	0.64163	-0.71108	2.6124	-3.1328	-0.23582	-0.47509	-0.24545	1.6966	-1.1149	1.7882	-0.17988	-2.9154	-2.0355	1.3926	-0.16651	-2.1809	-0.99774	0.6744	-1.9358	1.4973	-1.6149	2.6214	-1.4503	1.6673	-1.9552	-1.3345	-2.5678	0.47859
2.3807	2.9318	-3.2213	2.6392	1.2023	-5.7624	0.7635	1.7374	4.6631	-1.2953	0.53265	2.1162	2.528	2.6365	-0.78027	-0.95128	0.45458	-2.8188	-1.0077	3.2387	-0.80781	-4.3864	-0.64337	3.6015	-2.5508	3.3883	-0.49805	3.2875	-1.7951	-1.1473	-1.6772	-2.6308	-1.5147	-1.6871
4.0862	4.0382	-2.3458	3.993	1.2447	-6.442	0.35881	3.6908	4.6101	-1.0285	0.10121	4.0458	4.1315	3.8409	-1.0493	-2.2905	0.25764	-2.034	-1.1199	4.4593	-1.3492	-4.4402	-0.89858	4.6719	-2.1266	4.3965	-1.1132	4.0559	-2.087	-1.9074	-1.7224	-2.4142	-1.774	-1.8128
5.4365	5.4356	-1.3828	5.3686	-0.35765	-7.4049	-0.80368	5.0697	5.2776	-0.67185	-1.0585	5.8764	5.7097	5.0059	-0.97398	-2.3832	-0.67424	-0.59472	-1.0025	5.5828	-1.2876	-6.8386	-0.84586	5.0083	-1.5579	4.9173	-1.1903	4.6146	-1.5386	-1.7662	-1.1465	-1.7973	-1.4661	-1.4325
5.7115	5.8777	-0.84099	6.015	-0.82563	-7.786	-1.2285	5.7014	5.764	-0.15245	-1.4062	6.9964	6.5482	5.5716	-0.60223	-2.1023	-1.3101	0.14153	-0.62145	6.1458	-0.90492	-7.7506	-0.48874	5.4667	-1.033	5.4172	-0.87602	5.1369	-0.99417	-1.3769	-0.63307	-1.3161	-1.0337	-0.98274
5.9798	6.2384	-0.44713	6.4039	-0.87591	-7.9471	-1.3641	6.0748	6.1493	0.29802	-1.4955	7.8948	7.0162	5.9489	-0.18822	-1.7335	-1.5887	0.54723	-0.20587	6.5123	-0.4885	-7.7821	-0.078069	5.901	-0.57581	5.8712	-0.47251	5.576	-0.56296	-0.95965	-0.22872	-0.89824	-0.62206	-0.56875
1.1515	0.2926	-0.46642	0.9071	0.92704	1.1242	0.85274	2.7957	-1.8279	1.3143	-1.6565	-2.3902	0.67387	-0.31314	-0.2592	1.017	1.6974	-0.94063	1.0174	-0.52652	2.1473	2.0907	-1.5296	0.71253	0.51652	0.25584	2.3232	-1.4772	-1.1425	-2.3913	2.7621	0.91407	-0.12897	0.87491
0.78553	1.1396	0.74271	1.2626	0.5015	-0.10621	0.30395	1.0173	1.1379	1.5519	-0.58898	0.16539	1.7235	0.83724	0.97687	-0.025446	0.42243	1.307	1.1598	1.3231	1.2191	0.2126	0.84733	1.1675	0.619	0.89134	2.473	0.51026	0.55312	-4.9962	1.2872	0.3261	0.81329	0.85736
1.2129	1.523	1.1905	1.6695	0.5053	-0.26301	0.066815	1.3418	1.552	2.0119	-0.1749	1.9121	2.2228	1.269	1.5859	0.17585	-0.12575	1.9866	1.5992	1.8197	1.3645	0.063168	1.6556	1.4488	1.1573	1.3521	1.7902	1.0432	1.1411	-5.2641	1.4845	0.81527	1.1635	1.2229
1.6225	1.9309	1.5858	2.0809	0.64484	-0.30836	0.0538	1.7497	1.9258	2.408	-0.078422	2.9467	2.6594	1.6644	1.9739	0.47397	-0.25831	2.4502	1.9613	2.217	1.6835	0.1637	2.0772	1.7871	1.5725	1.749	1.8094	1.4251	1.537	-5.0309	1.851	1.2082	1.5172	1.5655
2.0655	2.348	1.9785	2.49	0.76348	-0.39306	0.03697	2.1588	2.3077	2.7861	-0.080309	3.8371	3.078	2.0632	2.3347	0.80724	-0.3046	2.8755	2.3179	2.6148	2.0341	0.23255	2.4444	2.1426	1.9507	2.1219	2.0863	1.7958	1.913	-4.7063	2.2271	1.5878	1.8784	1.9262
2.979	2.9761	2.4718	3.0266	0.68983	-0.85569	-0.30013	2.7017	2.7855	3.1869	-0.50069	4.7686	3.5852	2.5847	2.713	1.1676	-0.50102	3.4152	2.6957	3.1389	2.412	-0.44624	2.8233	2.5244	2.3419	2.5088	2.4412	2.1945	2.3255	-4.3358	2.6637	2.0287	2.2788	2.3312
0.28082	0.92512	0.2756	1.3882	0.14127	3.1005	-1.7667	-2.4756	-2.4511	-2.7406	-0.59924	-0.32422	-0.84267	1.6548	0.80319	1.708	2.7183	2.9688	-1.9341	-2.2679	1.2326	-2.5508	0.15954	0.19056	2.268	-0.095121	-0.66909	1.0766	1.5151	0.12593	-0.95636	-2.198	0.54066	-1.4937
1.4202	1.4613	0.74245	1.524	-0.13569	2.3812	-3.2926	-3.8105	0.804	0.40126	-0.97472	1.5025	1.5422	0.8989	0.75218	-0.23947	2.9361	3.2111	0.23801	1.0373	0.59767	-5.2313	0.69746	0.75731	1.8153	1.5064	0.19958	0.60596	1.1837	-0.12482	0.63733	-5.0602	0.39769	0.42705
1.681	1.8708	1.3511	2.009	0.98792	1.0185	-4.9939	-4.5605	1.6015	1.7678	-0.24019	2.8221	2.5485	1.509	1.3571	-0.06435	1.6645	2.932	1.2703	2.0525	1.0823	-5.6064	1.4369	1.3366	1.413	1.5414	0.98719	1.09	1.2245	0.59569	1.4652	-5.3337	1.0138	1.0781
1.8991	2.168	1.7255	2.3307	1.2568	0.59182	-5.3613	-4.2824	2.0144	2.3901	0.5565	3.7254	2.9716	1.8522	1.8887	0.33564	0.82175	2.9241	1.8613	2.4192	1.5953	-5.5962	1.9909	1.7618	1.6479	1.802	1.5759	1.466	1.598	1.128	1.9157	-5.0047	1.4902	1.55
2.128	2.4723	2.0722	2.6398	1.3736	0.51752	-5.4325	-3.9811	2.3774	2.8336	0.69754	4.8328	3.2958	2.1773	2.3345	0.75491	0.58151	3.1146	2.3157	2.737	2.0363	-5.4962	2.4422	2.166	2.0024	2.164	2.0434	1.8465	1.9775	1.5688	2.2973	-4.6425	1.9038	1.9583
2.2193	2.7311	2.361	2.8902	1.4323	0.49416	-5.4421	-3.7386	2.6785	3.204	0.73832	7.0968	3.5609	2.4418	2.7247	1.1549	0.52196	3.3323	2.7071	3.0011	2.4239	-5.4004	2.8346	2.5397	2.3587	2.5258	2.4459	2.2016	2.3192	1.9572	2.632	-4.3211	2.2673	2.3167
-2.8608	1.601	-1.6153	-0.36171	1.1794	-0.88405	1.4842	-0.66124	1.1519	1.2814	-0.36232	-3.0171	-1.0622	-0.47534	-1.4427	-1.9025	2.0204	-0.44009	2.4352	-0.68337	1.69	-0.64815	1.9375	1.6019	-0.76996	-1.7834	1.8238	2.8216	-1.0829	1.0755	-0.38531	2.0944	1.6884	-2.0896
0.0061483	0.16944	-0.96129	0.028274	0.2305	-0.63534	0.024153	-0.30244	2.1651	3.4943	-0.7524	-0.36611	0.42135	-0.19627	-0.37352	-4.396	0.51861	0.59264	2.6744	0.94432	2.2699	-1.1998	2.6804	2.8912	-0.65234	-0.79504	2.3336	3.0542	-0.59965	1.8779	1.7641	0.017088	1.9504	-4.4189
0.65597	1.0078	0.64899	0.95357	0.042784	-0.64843	-0.33957	0.61558	1.6531	6.22	-0.59612	1.2877	1.3111	0.75018	1.7404	-5.2849	-0.43934	1.3044	2.3307	1.5536	1.9647	-1.1133	2.4661	1.9761	0.50037	0.59836	2.1795	1.4618	0.63596	1.5528	1.6546	0.31052	1.5133	-4.9088
1.4106	1.7913	1.3397	1.7323	0.2409	-0.71558	-0.34673	1.4173	1.8055	8.181	-0.49757	2.4156	2.1243	1.4089	2.0386	-5.5484	-0.64546	2.0552	2.1387	2.0052	1.8091	-1.9108	2.2952	1.7486	1.3413	1.5439	1.9562	1.2832	1.3293	1.3281	1.7757	1.0319	1.5346	-4.7577
2.3933	2.4546	1.9979	2.5231	0.28933	-1.156	-0.6202	2.2151	2.3486	8.9181	-0.83141	3.4556	2.9802	2.1168	2.3333	-5.3977	-0.83581	2.9006	2.3356	2.6871	2.0395	-4.4487	2.4744	2.0986	1.8535	2.0321	2.1006	1.736	1.8629	1.5686	2.2445	1.5703	1.8823	-4.362
3.5126	3.1503	2.6746	3.3284	-0.99293	-2.2898	-1.8345	3.0075	2.9985	9.5124	-2.1822	4.5071	3.8977	2.8454	2.7561	-5.0579	-1.6542	3.7488	2.742	3.4381	2.458	-4.5589	2.8705	2.5609	2.3629	2.5247	2.4735	2.2529	2.4172	1.9861	2.7868	2.1238	2.3594	-3.8648
2.2732	3.0764	0.090579	2.4133	0.5528	-2.1682	-1.8849	-0.58432	1.5619	2.0447	1.821	-1.1397	0.21392	-2.5751	-2.4385	-2.2841	1.1219	-0.030288	-1.9486	-0.031363	-2.213	-2.7948	2.2025	0.38031	2.6979	1.2351	0.51993	1.9807	2.3802	3.0704	-3.1367	2.295	0.70692	3.0769
2.1826	2.4316	2.2005	2.4863	1.9895	-4.7029	-4.4459	1.9741	2.7245	2.9888	1.4978	1.3391	2.7245	-3.9824	-2.9191	-4.224	1.7147	2.5069	-2.4025	2.6952	-3.1524	-4.6187	2.9588	2.578	2.3334	2.4598	2.3032	2.164	2.3339	2.0043	-3.5892	2.009	2.5499	2.4731
2.6632	2.9635	2.6789	3.0788	2.0381	-4.9991	-4.7033	2.7616	3.0793	3.5151	1.4239	3.2389	3.526	-3.5561	-2.958	-4.3734	1.3802	3.3637	-2.8406	3.2805	-3.2696	-4.7959	3.3424	2.9781	2.7338	2.9171	2.8806	2.5844	2.6932	2.418	-3.2684	2.3734	2.7657	2.7729
3.1039	3.4153	3.0887	3.5514	2.1634	-5.0563	-4.7061	3.2269	3.4437	3.9223	1.4614	4.3322	4.081	-3.1281	-2.7281	-4.1962	1.2672	3.9024	-2.7223	3.708	-3.0366	-4.6902	3.6516	3.3191	3.1126	3.2895	3.2503	2.9538	3.062	2.7551	-2.9107	2.7382	3.0639	3.0982
3.5658	3.8563	3.4889	3.986	2.2877	-5.1336	-4.7122	3.6579	3.8237	4.3025	1.4603	5.2284	4.5503	-2.7147	-2.41	-3.9142	1.2287	4.3627	-2.4239	4.1201	-2.7145	-4.6627	3.9826	3.6688	3.4778	3.65	3.5958	3.3187	3.4326	3.0979	-2.5373	3.1098	3.4072	3.4508
4.5964	4.5818	4.012	4.5695	2.2204	-5.5999	-5.0503	4.2473	4.3223	4.7087	1.0379	6.124	5.1042	-2.154	-2.0423	-3.5753	1.0408	4.9555	-2.0592	4.6857	-2.3442	-5.8422	4.3513	4.0493	3.8666	4.0337	3.9629	3.7198	3.8507	3.4714	-2.0831	3.5595	3.8078	3.8597
0.17383	-0.12859	1.8925	-1.7091	-0.011968	2.5174	0.46887	2.1677	1.4987	0.54	-1.5905	1.0451	-2.6157	0.79103	1.0107	1.4428	2.4539	3.0289	1.6895	0.51148	2.6898	0.50297	-3.0333	-2.381	2.2778	-0.098618	2.1657	-1.8249	0.32839	0.81567	-2.9391	0.7204	-0.86406	-2.8289
1.1736	1.556	1.2362	1.2889	0.51296	0.39459	0.63404	1.2183	1.742	1.9575	-1.0788	2.243	0.73081	1.1744	1.6363	0.51363	0.98718	3.2064	1.867	1.7932	2.1308	0.035919	-1.6019	1.2595	1.8826	1.221	1.7896	-4.4004	1.1958	0.76167	-4.4247	0.89036	1.2244	-4.9442
1.6294	1.9737	1.5812	2.0084	0.72834	-0.024666	0.36792	1.7341	1.9144	2.3939	-0.11598	3.1696	2.3196	1.6459	1.9524	0.5587	0.21153	2.9516	1.9775	2.2246	1.7696	0.13401	1.1842	1.8047	1.7195	1.8495	1.7818	-4.7883	1.5498	1.2203	-4.4329	1.2421	1.4412	-4.7693
2.0138	2.3508	1.9589	2.4586	0.91108	-0.084267	0.31502	2.1422	2.2791	2.7641	0.11761	4.0885	2.975	2.0423	2.2964	0.8103	0.0053339	3.0076	2.2858	2.6032	2.0106	0.17842	2.2694	2.1299	1.975	2.1417	2.0528	-4.4896	1.898	1.5464	-4.0776	1.5785	1.8417	-4.3882
2.5006	2.8429	2.3661	2.8928	1.0114	-0.2297	0.24036	2.5674	2.678	3.1454	0.085709	5.3353	3.4508	2.4607	2.6736	1.146	-0.086485	3.3309	2.6572	3.0173	2.3744	-0.37114	2.7602	2.4923	2.3169	2.4845	2.406	-4.1262	2.2754	1.9116	-3.6781	1.9534	2.2275	-4.0038
3.7653	3.594	3.022	3.6601	0.5276	-1.1115	-0.56074	3.3453	3.3182	3.6127	-0.87184	7.1582	4.1841	3.1868	3.1002	1.535	-0.52751	4.087	3.0831	3.7697	2.8014	-3.0235	3.205	2.9204	2.7411	2.9016	2.8142	-3.6667	2.7687	2.3334	-3.1271	2.4767	2.7035	-3.5167
-0.0655	-1.931	-2.367	-1.8495	-2.2199	-1.9526	-2.8721	0.84904	-1.3699	0.24239	1.2256	-0.0055514	0.22483	-0.34425	-2.3617	-0.060556	2.2168	2.3483	-1.4426	-1.8309	0.40807	0.88116	-0.52106	-1.8465	2.813	-2.6246	-2.4761	-2.248	-2.0946	0.75962	0.4629	-2.813	2.7079	1.436
-0.69561	-0.45125	-0.90372	-0.19977	-1.2903	-2.95	-2.6794	-0.51119	-0.41663	0.57282	-1.3836	1.0409	0.50805	-0.69747	-1.3222	-1.5091	3.1157	5.3004	-0.7925	-0.16777	0.86259	-1.1665	0.40717	-1.1746	4.2973	-1.7803	-0.94569	-1.577	-1.377	-1.3904	-0.34728	-2.0669	5.0898	-1.0194
-0.4648	-0.15535	-0.52673	0.039881	-1.4607	-2.8286	-2.4674	-0.30693	-0.18577	0.53287	-2.1658	2.0969	0.74119	-0.41995	-0.2986	-1.5515	3.3894	6.527	-0.23708	0.13573	-0.11867	-1.4704	0.13595	-0.53909	5.3241	-0.78454	-0.51658	-0.90931	-0.7041	-1.0199	-0.26096	-1.1148	5.6573	-0.59298
-0.27036	0.15785	-0.20228	0.32957	-1.5453	-2.9109	-2.4619	-0.01559	0.12568	0.71368	-2.4248	4.1384	0.99947	-0.11645	0.15475	-1.3043	3.4509	6.9764	0.1498	0.43881	-0.077095	-1.4413	0.32444	-0.079606	5.9413	-0.1713	-0.12465	-0.43054	-0.27882	-0.62296	0.066044	-0.65242	5.9915	-0.24758
0.42482	0.53295	0.17135	0.69214	-1.7036	-3.3348	-2.7826	0.35503	0.49964	1.0002	-2.8998	6.631	1.3128	0.25754	0.51216	-0.99818	3.2819	7.3553	0.49661	0.80468	0.21951	-1.3445	0.63419	0.30171	6.377	0.26401	0.23547	-0.043583	0.084357	-0.26267	0.40419	-0.23881	6.3386	0.10215
1.7332	1.4711	0.86567	1.5197	-3.1914	-4.3943	-3.982	1.1941	1.1731	1.4469	-4.272	8.3868	2.0912	1.0333	0.92966	-0.62542	2.4524	8.2079	0.91267	1.6175	0.63157	-2.2879	1.0408	0.74231	6.8409	0.71855	0.64059	0.43809	0.5978	0.15891	0.9693	0.3086	6.817	0.59493
1.4936	-2.7418	2.2636	2.7281	3.042	2.2541	1.7933	0.08401	-2.0247	-0.63686	-2.2989	-2.946	2.7578	-1.2478	-1.284	-1.0492	-0.20681	0.93069	-2.9816	2.1491	0.37072	2.2237	-0.95532	-0.33895	-2.7994	-2.0278	1.0224	-1.0624	2.5025	-2.398	3.0673	0.25109	1.2994	3.1368
3.0973	-3.0733	2.8987	3.3004	2.5596	1.4342	1.6875	2.8485	-2.5113	2.1898	-4.2573	-1.9591	3.7696	-3.2248	-0.2183	-2.5744	1.0771	3.3421	-2.1165	3.6265	1.3471	1.8779	0.48022	-0.14047	-1.2981	-0.73536	2.9476	-2.1627	3.353	-4.1639	3.6891	-2.0832	-0.75927	3.2233
3.6357	-2.3911	3.6162	4.0183	2.5212	1.36	1.7403	3.7037	-2.3255	4.0764	-4.5083	-1.056	4.4844	-2.6568	-0.15797	-3.3511	1.3484	4.2845	-2.0536	4.16	3.1593	1.9892	2.7771	-0.34748	-1.5474	-0.78982	3.3543	-2.2128	3.7063	-3.7118	3.88	-2.7347	-2.8883	3.4893
4.3184	-1.8357	4.1046	4.5565	2.5255	1.1027	1.6015	4.2368	-1.8783	4.762	-4.7656	-0.15505	5.0753	-2.1303	-0.22094	-3.3063	1.305	4.8971	-1.8721	4.6862	4.0138	1.8526	4.2962	-1.6258	-1.6181	-1.292	3.9592	-2.0497	4.0715	-2.6841	4.2953	-2.3621	-2.2576	4.0657
5.8937	-0.70504	4.9455	5.5941	1.3512	0.053954	0.48491	5.2761	-1.0337	5.42	-6.0715	0.77443	6.0968	-1.1646	-0.84464	-2.8951	0.63564	5.9964	-1.335	5.7138	4.654	-0.63386	5.0333	-1.411	-1.4917	-1.3266	4.6221	-1.7056	4.6753	-2.0785	5.0428	-1.8234	-1.6516	4.6806
6.1059	-0.18389	5.5648	6.2726	0.029542	-0.62482	-0.34734	5.9512	-0.43457	6.0995	-6.8502	1.6804	6.8975	-0.52616	-0.65731	-2.3954	-0.27212	6.7423	-0.75124	6.367	5.2521	-1.2322	5.648	-0.8878	-1.0494	-0.89853	5.2236	-1.1638	5.291	-1.5053	5.6782	-1.3101	-1.0948	5.2547
-1.3323	-0.5368	-0.22081	1.6577	1.9983	-2.5106	-2.0214	-0.88149	-2.7839	0.13744	-1.0309	-2.0368	-1.8278	2.5444	1.1015	-0.19802	2.5882	-2.4868	1.542	1.4838	0.38849	-1.9833	0.61049	-1.2564	-2.2977	-1.8049	2.4802	-2.6913	-1.6172	-2.8024	-0.36599	-3.0566	2.4944	-1.905
-2.0515	-1.7733	-2.4012	4.5351	3.7348	-3.1384	-2.9621	-1.8182	-1.8637	2.1701	-2.9217	-0.70595	-1.0953	3.97	3.3077	-2.7607	3.1238	-1.0527	3.4056	4.1814	2.5679	-2.6252	3.2249	-2.2788	-2.1147	-1.9582	3.52	-2.482	-2.3093	-3.1498	-1.6655	-2.7229	3.4434	-2.8543
-1.9023	-1.6317	-2.125	4.8271	3.7882	-3.3153	-3.0167	-1.79	-1.807	4.4603	-3.1102	0.2115	-0.75874	4.3197	4.2286	-3.2173	3.0076	-0.90871	4.2282	4.8726	3.87	-2.8883	4.3037	-2.04	-2.0677	-1.9143	4.0186	-2.328	-2.2201	-2.7101	-1.8911	-2.5084	3.9128	-2.3186
-1.7679	-1.3714	-1.7795	5.0864	3.8121	-3.3678	-3.0393	-1.5406	-1.474	5.1875	-3.1347	1.6674	-0.50222	4.6139	4.7523	-2.979	2.9413	-0.72154	4.7378	5.1754	4.447	-2.8856	4.8541	-1.6643	-1.8012	-1.6402	4.4798	-1.9812	-1.8619	-2.2745	-1.5462	-2.1921	4.3402	-1.8899
-1.5987	-1.1382	-1.5009	5.3087	3.8394	-3.3903	-3.0448	-1.324	-1.181	5.61	-3.1348	4.2954	-0.28489	4.8602	5.1536	-2.6474	2.914	-0.53393	5.1366	5.4173	4.852	-2.8363	5.2623	-1.3069	-1.4812	-1.3133	4.8794	-1.6473	-1.537	-1.8922	-1.2284	-1.8869	4.6977	-1.5377
-1.1225	-0.79346	-1.1511	5.6427	3.9462	-3.446	-3.039	-0.98122	-0.82424	5.9633	-3.1368	5.9165	-0.0056969	5.2096	5.5068	-2.3081	2.8979	-0.23914	5.4893	5.7585	5.2044	-2.7418	5.6177	-0.9661	-1.1478	-0.97743	5.2363	-1.3118	-1.2014	-1.5429	-0.89366	-1.5317	5.0451	-1.1914
-2.5536	-1.2097	-0.27596	-2.5015	3.111	-1.0545	-1.2727	-2.7504	-1.267	-2.8489	0.034089	1.6418	0.82312	-2.5755	-2.6322	1.7411	2.5442	0.21209	-2.4545	2.0461	-1.0167	-1.2938	1.5468	-3.0751	-2.8358	1.0545	0.64978	0.16392	1.4426	1.3016	1.767	-1.3315	1.2091	0.35589
-1.4072	-0.81879	-0.9043	-0.91474	4.4598	-2.5391	-2.3639	-1.1392	-0.059776	-0.32819	-2.2147	4.3365	2.892	-1.0175	-0.5182	-0.42793	3.5607	0.0056609	-0.34754	5.2471	0.032443	-2.2071	1.1421	-3.888	-1.7602	3.5343	0.73845	-0.96276	-0.11308	0.13004	0.049019	-1.6975	-0.2924	-0.41018
-0.864	-0.42042	-0.72901	-0.47771	4.526	-2.6827	-2.3568	-0.6874	-0.2131	0.26812	-2.4158	6.0674	5.7603	-0.68646	0.027195	-1.1308	3.6059	0.14438	0.039573	6.1878	-0.15351	-2.2012	0.60433	-0.63449	-1.1474	5.1903	0.15532	-1.0393	-0.62679	-0.75552	-0.22341	-1.2226	-0.51293	-0.49905
-0.28541	0.02432	-0.31415	0.09882	4.6589	-2.7777	-2.3562	-0.20249	0.078021	0.58924	-2.4535	7.1544	6.778	-0.25188	0.23858	-1.1549	3.5866	0.52311	0.22565	6.6041	-0.052636	-2.1472	0.4639	-0.087808	-0.43933	6.0284	0.050716	-0.49642	-0.33855	-0.54586	0.020164	-0.70765	-0.27145	-0.24282
0.89641	0.79294	0.25071	0.77715	4.5099	-3.3674	-2.8118	0.46298	0.58456	0.96885	-3.0276	8.1158	7.5386	0.36107	0.54033	-0.93611	3.344	1.1613	0.52337	7.2049	0.23795	-3.1925	0.67482	0.30624	0.073393	6.5306	0.28321	-0.04478	0.094482	-0.23571	0.45477	-0.19828	0.088785	0.13447
1.8496	1.6496	1.0505	1.7771	2.7604	-4.4019	-4.0537	1.4616	1.3428	1.5529	-4.3267	9.253	8.6282	1.2625	1.0109	-0.55154	2.4033	2.2358	0.99388	8.1704	0.71328	-5.2836	1.1228	0.82073	0.61637	7.0553	0.7133	0.53552	0.7165	0.23765	1.1401	0.39449	0.63983	0.7069
-0.64985	-2.7532	1.7595	-1.02	0.6774	1.5151	-2.4818	-2.3369	0.31111	-0.092759	2.4522	1.8775	1.4717	-2.8176	-2.6823	-2.584	1.8736	2.7821	1.1537	-2.3105	1.3987	-2.447	-2.4021	0.88371	-1.075	0.96594	1.5645	0.52241	1.5074	-1.6653	1.4755	2.9554	2.3043	-2.5984
0.4226	-0.58664	0.47133	-0.058798	0.97409	0.60043	-5.2409	-0.45834	2.1256	2.0477	0.38756	3.7243	1.8044	-1.3277	-3.2129	-4.5062	1.3729	5.6104	2.5205	-0.29522	2.3223	-3.116	-2.9185	2.2057	1.2837	1.7528	2.5932	1.2459	1.68	-4.2768	2.4703	1.1792	2.0914	-4.2527
1.1969	1.5086	1.4034	1.5458	0.77851	0.15601	-5.8475	1.1918	2.0442	2.517	0.19013	6.3111	2.0301	1.2833	-3.5996	-5.0349	0.40636	7.7735	2.5346	1.8228	2.2419	-5.5345	-3.3684	2.1909	1.8227	2.0809	2.3945	1.6154	1.6585	-4.5176	2.0228	1.3845	1.9344	-4.4022
1.796	2.1457	1.923	2.2535	0.91165	0.057208	-5.8958	1.9315	2.348	2.8759	0.24018	8.4472	2.6866	1.9322	-3.6143	-5.0584	0.12317	8.7497	2.6243	2.4847	2.3268	-5.7044	-3.46	2.3777	2.1348	2.3367	2.4212	1.9459	2.0026	-4.4215	2.297	1.6975	2.0955	-4.1752
2.3593	2.6561	2.3547	2.7788	1.0769	-0.025185	-5.8961	2.4562	2.722	3.2289	0.26413	9.668	3.2759	2.404	-3.4078	-4.88	0.054134	9.3769	2.8526	2.9545	2.5614	-5.6047	-3.2837	2.651	2.4482	2.6313	2.6233	2.2699	2.3561	-4.1837	2.6532	2.0446	2.373	-3.8769
3.2549	3.276	2.8523	3.3559	1.0426	-0.4687	-6.2036	3.0351	3.1868	3.6126	-0.11882	10.64	3.8759	2.9426	-3.096	-4.601	-0.13197	9.9952	3.1686	3.4922	2.8819	-5.9457	-2.9814	2.9873	2.8012	2.9741	2.9224	2.6389	2.7528	-3.8647	3.0729	2.4631	2.7306	-3.5069
-0.83878	-0.82143	1.162	0.61507	1.8172	-0.83114	-1.8461	-2.5957	1.7077	-1.8484	-0.70165	0.32517	-1.7022	0.89139	-0.097463	-2.1864	1.7705	-2.5082	-1.2933	-1.6493	0.19388	-2.5654	-0.59462	-2.4816	-2.4349	1.7862	-1.3089	0.65019	2.9166	-0.42399	1.223	1.6209	-0.42301	0.97653
0.22507	0.33424	-0.00081074	0.32253	1.763	-1.9409	-2.442	-0.036969	0.45221	0.42267	-1.4238	1.3313	0.5701	0.042345	0.42641	-1.8077	2.0819	0.26989	0.22054	0.46432	0.20933	-3.4722	0.43703	0.032935	-2.0655	3.4516	-0.09915	-0.44222	0.87185	-0.52013	0.35949	-0.31366	-0.075643	-0.043585
1.5082	1.1957	0.60085	1.3091	2.346	-4.2114	-4.1967	1.0011	0.9407	1.13	-3.9857	2.4414	1.8154	0.81776	0.6826	-1.2469	2.4003	1.6877	0.63401	1.4308	0.38835	-5.7021	0.7776	0.20928	-0.41665	5.9752	0.34355	-0.12266	0.29233	-0.18674	0.73781	-0.35693	0.2021	0.26305
1.6348	1.6515	1.0993	1.842	1.7468	-5.1241	-4.8755	1.5166	1.3891	1.684	-5.0744	3.3756	2.5033	1.3099	1.103	-0.69492	1.4951	2.3251	1.0809	1.9335	0.80476	-5.8495	1.2093	0.82424	0.51004	6.9467	0.7832	0.53098	0.77632	0.29147	1.2247	0.36854	0.69728	0.7657
1.7362	1.9585	1.4796	2.1512	1.4767	-5.4922	-5.2197	1.8142	1.7648	2.1586	-5.3832	4.475	2.8552	1.6398	1.5826	-0.15784	0.95831	2.6376	1.5647	2.2292	1.285	-5.79	1.69	1.3728	1.1496	7.5872	1.2729	1.0767	1.2682	0.79732	1.6484	0.90251	1.175	1.241
1.7631	2.1898	1.7749	2.3707	1.3498	-5.6938	-5.4055	2.0239	2.0727	2.5592	-5.5343	6.8008	3.0894	1.8881	2.0251	0.34663	0.67992	2.8419	2.0078	2.4566	1.7262	-5.7121	2.1337	1.8319	1.6352	8.0785	1.7307	1.5149	1.667	1.2501	2.0053	1.3013	1.5894	1.6475
-2.4507	2.724	-1.9627	-1.4684	1.8704	-0.077848	1.6891	-0.65308	-1.4259	-2.9062	1.0883	-0.44234	-0.30308	0.6899	-2.7669	-1.1567	1.7127	1.2336	-2.3529	-2.3226	-2.56	-3.0909	-0.48287	0.977	1.4	0.19599	-2.4566	0.82749	-2.3456	-2.2966	-2.5208	-2.2481	-2.0834	-1.9076
-0.73222	5.0663	-1.4835	-0.77169	0.72866	-0.37324	0.14728	-1.147	-1.2873	-1.2053	-0.35027	0.50238	-0.0041426	-1.2911	-1.6916	-2.6179	0.41082	4.5536	-1.645	-0.95674	-1.9161	-3.4064	-1.0152	3.302	2.1186	2.5522	-1.9767	1.2525	-1.985	-2.76	-1.5808	-3.0622	-2.1136	-2.0343
-0.32854	6.0012	-1.1148	-0.23796	-0.31491	-0.94362	-0.66497	-0.57093	-0.86143	-0.59118	-0.90623	1.3983	0.46735	-0.83535	-1.291	-2.65	-0.60483	6.3189	-1.2982	-0.20354	-1.5813	-5.7865	-1.062	4.3026	3.3397	3.824	-1.6564	3.1019	-1.6849	-2.2307	-1.0569	-2.526	-1.7233	-1.7012
-0.39231	6.1272	-0.80443	0.02555	-0.59101	-1.2801	-1.0071	-0.31374	-0.53429	-0.16717	-1.1689	2.555	0.79314	-0.55463	-0.85808	-2.3577	-1.1125	6.8234	-0.87374	0.11007	-1.1555	-7.278	-0.72807	5.0445	4.5897	4.7797	-1.2085	4.7049	-1.2004	-1.7125	-0.65919	-1.7086	-1.2608	-1.1979
-0.4404	6.2377	-0.53463	0.14645	-0.78774	-1.5278	-1.2461	-0.20686	-0.25424	0.21579	-1.3785	5.0526	0.94559	-0.38048	-0.38956	-1.9547	-1.4195	6.9561	-0.4065	0.21712	-0.6875	-7.5894	-0.27778	5.6467	5.3745	5.5322	-0.71112	5.3403	-0.73174	-1.1913	-0.32926	-1.1369	-0.80849	-0.74619
-0.12892	6.4771	-0.21906	0.37684	-0.80641	-1.6425	-1.3303	0.026839	0.082096	0.56919	-1.4451	6.8576	1.1113	-0.10547	0.03232	-1.5438	-1.5933	7.1256	0.015043	0.45617	-0.26723	-7.6063	0.1421	6.1081	5.8963	6.058	-0.26456	5.7866	-0.34064	-0.74834	0.0027264	-0.6989	-0.40495	-0.34924
-1.1462	-1.1528	-1.7737	-1.5635	2.4676	1.2762	0.35003	-1.9818	-1.8084	-2.6543	2.5987	1.2982	0.36291	-1.1717	-2.0962	0.76928	3.0642	-2.0697	-1.5211	-0.6481	-2.6753	1.1561	-0.613	3.0322	-0.61428	0.75782	-2.1706	-0.74515	-2.1281	1.6209	2.3306	-0.93712	1.1652	-1.2927
0.0076673	-0.33083	-0.798	-0.12588	1.1579	0.29412	0.53598	-0.49843	-0.5125	-0.54766	0.48397	2.4105	0.63376	-0.61304	-0.70186	-1.2561	1.0614	0.060761	-0.58118	-0.0014046	-1.1398	-0.97741	-0.23483	5.7072	-0.42762	-0.092072	-0.78987	-1.0097	-0.92307	-0.85794	5.3995	-0.95193	-0.90542	-0.88944
0.10077	0.25718	-0.17917	0.44557	0.24823	-0.3582	-0.095076	0.10982	0.12323	0.37618	-0.3164	4.2685	1.109	-0.035878	-0.043776	-1.3478	-0.0018941	0.83143	-0.040241	0.53851	-0.35696	-1.0706	0.12135	6.1595	-0.23062	-0.060876	-0.27808	-0.43867	-0.32604	-0.7424	6.2708	-0.59833	-0.40313	-0.3487
0.30961	0.58968	0.1912	0.7658	-0.029313	-0.71848	-0.44321	0.42731	0.49924	0.91466	-0.61054	6.738	1.4293	0.30114	0.43989	-1.0482	-0.55426	1.1877	0.42592	0.86148	0.13994	-0.99961	0.55757	6.5643	0.11931	0.28206	0.16276	-0.039632	0.089538	-0.31482	6.693	-0.23766	0.0203	0.073704
0.64957	0.94417	0.55949	1.1105	-0.022731	-0.84353	-0.53324	0.77306	0.87404	1.334	-0.65907	8.0171	1.7545	0.65838	0.85312	-0.68606	-0.78401	1.5259	0.83628	1.2128	0.55302	-0.88124	0.96413	6.9557	0.49548	0.66056	0.57286	0.3431	0.47138	0.087499	7.0726	0.13992	0.4138	0.46508
1.0004	1.3195	0.92901	1.4687	0.073291	-0.8841	-0.52999	1.1327	1.2456	1.7212	-0.63383	8.9305	2.0973	1.0232	1.2425	-0.31025	-0.85158	1.8785	1.2251	1.5767	0.94163	-0.82952	1.3529	7.3389	0.87411	1.0406	0.96406	0.72201	0.84769	0.47478	7.4497	0.51505	0.79592	0.84667
0.19235	2.0876	0.61224	-1.0342	-1.2609	-0.29772	-0.48579	-0.88167	0.36624	1.5232	-0.47518	-0.44365	-2.3558	-2.9866	-1.3176	-1.146	0.96517	2.8696	2.7364	-0.26447	-1.6298	1.6573	1.6286	1.5113	1.5304	-2.4748	1.1402	-0.23072	-1.8076	-2.5213	2.032	-2.0409	-2.1128	1.0424
0.95118	1.4415	1.0399	1.1208	-0.10768	-0.67543	-0.39999	0.83085	1.9332	2.13	-0.69731	1.2957	0.80759	-5.0193	0.47488	-3.5952	-0.42028	3.3049	2.9942	1.7744	-1.6613	0.24328	2.6888	2.5964	2.5336	-3.2327	2.2283	1.5609	-0.09221	-4.3077	2.0605	-4.3365	-4.1317	1.8942
1.8613	2.1543	1.8609	2.1199	0.23985	-0.86275	-0.42264	1.8333	2.329	2.7195	-0.64111	2.6237	2.3493	-4.4174	2.3246	-4.788	-0.69785	3.0985	2.7349	2.4566	-2.4395	0.26093	2.7796	2.4911	2.3576	-3.6861	2.4136	2.0209	1.8555	-4.3786	2.2896	-4.5367	-4.1189	2.1434
3.4352	3.1111	2.631	3.1044	-0.31495	-1.8142	-1.2889	2.7969	3.0059	3.2811	-1.6316	3.8795	3.5077	-3.5568	2.9273	-4.7161	-1.2074	3.5591	2.9776	3.2927	-3.3152	-0.43426	3.0931	2.7833	2.599	-3.5002	2.7086	2.4123	2.4932	-4.0697	2.84	-4.0022	-3.7344	2.5756
4.0292	3.9992	3.4207	4.1008	-1.9003	-2.5882	-2.2943	3.7905	3.7186	3.9418	-2.5361	5.1414	4.6357	-2.6712	3.4443	-4.3655	-2.1822	4.5599	3.4376	4.221	-3.0882	-2.8495	3.5607	3.2703	3.0807	-3.0437	3.153	2.9747	3.14	-3.6018	3.5502	-3.4475	-3.2082	3.1359
4.1995	4.3558	3.8729	4.5311	-2.3114	-2.9854	-2.7133	4.2042	4.1622	4.5082	-2.888	6.0487	5.1743	-2.25	3.9638	-3.9193	-2.7936	5.0045	3.9484	4.6225	-2.6093	-3.1415	4.0721	3.7852	3.5967	-2.5319	3.6594	3.4914	3.6642	-3.0911	4.0347	-2.9577	-2.7117	3.6344
2.4768	0.10399	1.273	-2.1755	2.8477	0.25675	1.1287	-2.9104	1.9418	1.5613	-2.3852	0.15728	-1.0938	0.2917	-0.63503	-0.53321	-2.005	-1.5362	-3.011	2.6607	0.96524	2.7168	-2.1131	2.6445	1.8505	0.48604	-0.37658	-1.5222	1.5822	-1.704	-2.7369	1.6788	1.0751	1.3515
1.6003	1.8195	1.6619	1.3151	1.9495	-0.18036	0.64026	-4.4277	2.1514	2.4089	-4.7766	2.3082	0.84291	1.4722	1.7413	0.00016079	-0.94366	1.3506	-3.666	2.4245	1.7693	1.0854	0.012448	2.6183	2.2724	2.3397	1.3254	-3.9547	1.7491	-4.2589	-4.168	1.514	1.6972	1.7189
1.9711	2.2461	1.9663	2.332	1.2787	0.034433	0.39156	-4.217	2.3155	2.8123	-5.6703	3.329	2.6128	1.997	2.3416	0.55509	-0.13009	2.6122	-3.8011	2.5894	2.0892	0.85753	2.1521	2.3322	2.285	2.4555	2.1238	-4.2912	1.9973	-4.6058	-4.0481	1.7262	1.9077	1.9657
2.3965	2.6742	2.3459	2.8112	1.2226	0.017369	0.42324	-3.7877	2.6791	3.1744	-5.8511	4.2202	3.313	2.4116	2.7215	1.0498	0.037802	3.1734	-3.5532	2.9672	2.4267	0.95056	2.7818	2.5799	2.4522	2.6231	2.473	-4.0466	2.3194	-4.3035	-3.686	2.0166	2.2645	2.3152
3.0043	3.1423	2.7703	3.2831	1.1927	-0.27663	0.24076	-3.3244	3.0958	3.5516	-6.1451	5.2151	3.8403	2.8585	3.0892	1.4839	-0.0443	3.6637	-3.2073	3.409	2.7884	1.0191	3.191	2.9154	2.7535	2.9222	2.8241	-3.7052	2.6896	-3.9532	-3.2898	2.3858	2.6402	2.6906
4.5569	4.1843	3.4871	4.1575	0.097474	-1.3065	-0.85108	-2.4507	3.7897	4.0282	-7.427	6.2062	4.7015	3.6648	3.5148	1.9137	-0.7152	4.5697	-2.785	4.2625	3.2158	-0.62583	3.6222	3.3399	3.1693	3.3295	3.2298	-3.2431	3.1938	-3.5335	-2.7069	2.9108	3.1251	3.1893
0.89214	-0.50838	-0.68601	1.9854	-1.1466	1.9753	1.8154	2.2122	0.035398	0.85195	2.8316	-0.35191	-2.7631	2.3032	0.82387	-0.91014	3.1212	-1.7322	0.95739	0.65934	-0.7081	-2.2471	-2.9822	-0.49542	-1.9839	1.4179	-0.81412	2.145	1.471	0.44604	-2.0294	2.8724	-1.4738	2.6664
1.4648	1.565	1.1771	1.9251	1.0204	0.98731	1.083	1.5213	1.1778	1.703	0.85264	1.8996	-2.7448	1.3082	1.1072	-0.91054	1.4627	1.3648	1.1372	1.7357	0.4442	-4.8756	-0.37759	1.2323	-3.9011	2.0287	0.57478	1.2036	1.2251	0.22432	0.87406	0.99476	0.54661	0.71982
1.7477	1.9398	1.5313	2.2157	1.272	0.6082	0.88245	1.8203	1.7569	2.1882	0.69243	3.0208	-2.8432	1.6514	1.5767	-0.34652	0.77305	2.4147	1.567	2.1807	1.2298	-5.4955	1.4467	1.5995	-4.5525	1.8533	1.2522	1.3612	1.4164	0.83963	1.6216	1.1598	1.1916	1.2786
2.0288	2.297	1.8968	2.5225	1.3337	0.50005	0.81579	2.1512	2.1761	2.625	0.68831	3.9182	-2.8683	2.0103	2.0759	0.21805	0.55599	2.8702	2.06	2.5527	1.772	-5.4875	2.1452	1.9666	-4.408	2.0296	1.7843	1.6709	1.7836	1.3274	2.0748	1.4703	1.6643	1.7307
2.2662	2.6222	2.2366	2.8118	1.4131	0.46571	0.81545	2.4585	2.5379	3.0198	0.71397	5.073	-2.7281	2.3365	2.5078	0.75772	0.49469	3.2073	2.4907	2.8858	2.2076	-5.3823	2.61	2.3464	-4.0906	2.3546	2.2262	2.0268	2.1502	1.7472	2.4588	1.8143	2.0697	2.1274
2.3645	2.8825	2.5175	3.0482	1.4672	0.45848	0.82741	2.6961	2.8336	3.3718	0.73781	7.4375	-2.5299	2.5952	2.8887	1.2375	0.48349	3.4635	2.8713	3.151	2.5873	-5.29	2.9979	2.7066	-3.7532	2.6975	2.6148	2.3679	2.4812	2.1234	2.7893	2.1237	2.4263	2.4775
-1.7347	-0.79402	-2.5905	0.87993	-2.0057	-2.8571	1.4015	-0.95809	1.0087	-0.72931	0.79974	-3.004	2.5784	1.8875	1.5439	1.9663	-0.73284	0.73651	0.47411	0.18872	-1.4126	-1.5786	-0.30371	-1.71	1.9119	3.0527	-2.9517	0.22397	-2.5932	1.8971	3.0718	-2.7196	2.7594	-3.0258
-2.2969	2.0544	-3.8679	3.3556	-1.1123	-2.8535	-0.98083	-1.6393	3.241	1.6362	-1.8937	-1.0728	4.1872	2.5027	2.8284	1.7081	-1.0029	1.4275	2.577	1.8369	-2.6419	-2.7047	2.3022	-2.9805	2.7772	3.3878	-3.3207	1.5527	-3.4255	2.4418	2.7501	-3.6689	2.5771	-3.9002
-2.5609	3.6568	-3.056	3.9254	-2.2302	-2.8448	-2.5359	-2.6733	3.5534	3.5499	-2.8532	-0.054781	4.6564	3.3943	3.3529	1.912	-2.3279	3.9055	3.3016	3.8471	-3.0536	-3.6231	3.3636	-3.031	3.1215	3.3251	-3.1276	2.9038	-3.2068	2.6586	3.3765	-3.4743	2.986	-3.255
-2.5143	4.0581	-2.6436	4.2559	-2.639	-3.2855	-3.0173	-2.3691	3.944	4.2877	-3.2097	1.9897	4.9606	3.7702	3.8434	2.2969	-3.0539	4.6105	3.8212	4.3264	-2.7133	-3.6407	3.935	-2.5982	3.5215	3.6834	-2.713	3.3712	-2.7684	3.0905	3.8436	-3.0982	3.4332	-2.7964
-2.2474	4.3558	-2.3119	4.532	-2.7602	-3.5125	-3.2223	-2.0946	4.2832	4.7414	-3.3648	4.3266	5.2127	4.0711	4.2644	2.6977	-3.4125	4.9408	4.2463	4.6264	-2.3151	-3.5691	4.3708	-2.199	3.9061	4.0705	-2.2989	3.7561	-2.3971	3.4991	4.205	-2.7355	3.8242	-2.4065
-1.8869	4.7093	-1.9509	4.8726	-2.6946	-3.5829	-3.2518	-1.7496	4.6499	5.1284	-3.3643	5.5357	5.5173	4.425	4.6512	3.0875	-3.5443	5.2793	4.6336	4.9773	-1.9325	-3.4564	4.7608	-1.819	4.2827	4.4493	-1.9097	4.1299	-2.0284	3.8835	4.5706	-2.3618	4.2028	-2.03
1.1545	1.7819	0.21438	2.4201	2.5058	0.79089	-2.2742	-1.7722	-1.9962	-2.8774	-2.4684	0.73127	2.7611	-0.91402	-0.56125	3.0417	2.7982	1.1093	3.0665	1.6757	-1.0255	1.0198	-1.6066	-1.2842	1.1315	0.17488	-0.55519	0.64457	1.5733	0.52459	0.32526	0.52482	0.074229	-2.6213
2.1742	2.2016	-0.42775	3.4934	2.3004	1.5739	-4.3765	-2.6011	0.3504	-0.20289	-4.5618	2.6725	3.4824	0.012768	-0.059619	2.1745	1.9458	2.5375	5.6278	2.7449	-0.3995	0.77765	-0.16027	0.10534	0.43756	0.5205	-0.1976	-0.18102	0.19469	-0.63957	0.3237	-0.097506	-0.2981	-0.2602
2.3018	2.7788	0.36241	3.9224	2.0313	1.321	-4.6841	-3.1896	1.0989	0.87145	-4.8369	3.7577	4.2334	0.64794	0.65825	-0.071873	1.4654	3.2547	6.8442	3.2944	0.35934	0.88452	0.7312	0.55719	0.46593	0.64118	0.35711	0.18564	0.30143	-0.075272	1.02	0.1182	0.34551	0.33504
2.1408	2.4924	1.577	2.9002	1.8418	1.094	-4.9067	-3.8371	1.7451	1.819	-5.0333	4.7884	4.5228	1.8907	1.2601	-0.089833	1.1953	3.3601	7.5149	3.1612	0.96598	0.96978	1.3595	1.103	0.91385	1.0626	0.92654	0.85765	1.0416	0.48818	1.6166	0.68652	0.95413	1.0063
1.9162	2.4355	1.8649	2.6528	1.6357	0.87956	-5.1211	-4.0035	2.1042	2.4865	-5.2393	7.0984	4.9793	2.0579	1.8722	0.31811	0.97355	3.2931	8.1369	2.7781	1.5781	0.96979	1.9762	1.6966	1.4923	1.6382	1.5431	1.4265	1.6202	1.0933	2.0369	1.2247	1.5003	1.5744
1.9762	2.448	2.0321	2.3354	1.5023	0.71298	-5.2762	-4.0333	2.3626	2.8785	-5.3903	8.9966	7.5622	2.1243	2.3421	0.75337	0.78086	3.25	8.6078	2.7645	2.0441	0.94007	2.4497	2.1527	1.9566	2.1164	2.0424	1.8306	1.9771	1.5671	2.3181	1.6029	1.9029	1.9597
1.3789	3.1159	-0.91352	2.9595	-0.9643	2.4275	-0.28452	-0.54368	-1.7726	-2.3509	-1.2	1.4199	1.7764	1.217	-3.0784	2.1554	2.6522	1.7016	-2.8721	-0.76499	1.2833	1.4413	-1.7315	-1.4503	1.0866	-0.14135	0.77694	-1.6551	-2.0277	2.0702	1.6763	2.7285	-2.4625	-1.9956
3.2216	3.3505	-2.9094	3.625	-0.45408	1.0586	0.46097	-2.5612	-2.6122	-1.7797	-2.4749	3.3254	3.6514	3.2041	-2.5005	2.3595	1.2318	3.4694	-2.48	2.2871	3.0965	1.2801	-2.0701	-2.1317	2.1083	1.7442	2.7522	-2.8367	-2.8897	2.6189	3.4968	2.276	-3.0373	-3.1219
4.4944	4.3193	-2.5292	4.3131	-0.84616	-0.5236	-0.53625	-2.2683	-2.204	-1.6978	-2.9976	4.8866	4.7648	3.8774	-2.302	2.5145	0.10535	4.615	-2.3134	4.3454	3.6198	-0.032106	-2.1148	-2.6517	3.2357	3.3821	3.5468	-2.9778	-2.7751	3.1056	3.909	3.1079	-2.7762	-2.7374
4.8483	4.9149	-1.9181	5.0478	-1.4433	-1.9247	-1.6135	-1.5496	-1.6309	-1.2867	-2.1222	6.0752	5.6243	4.5491	-1.8724	2.8686	-1.3612	5.4926	-1.8887	5.1425	4.1038	-2.0946	-1.75	-2.1064	3.9315	4.0866	4.0744	-2.4001	-2.2	3.6065	4.5043	3.7282	-2.2694	-2.2067
5.0432	5.2382	-1.5122	5.4164	-1.5862	-2.2546	-1.9739	-1.1972	-1.222	-0.82607	-2.1778	6.9775	6.0737	4.9215	-1.3887	3.3025	-2.0637	5.8834	-1.4057	5.5031	4.5958	-2.3138	-1.2786	-1.5854	4.4934	4.649	4.5827	-1.8845	-1.7073	4.1127	4.9442	4.2261	-1.7938	-1.7315
5.2081	5.5353	-1.1649	5.7135	-1.615	-2.4047	-2.104	-0.90829	-0.86469	-0.40978	-2.236	8.2115	6.3899	5.2373	-0.93936	3.7433	-2.3305	6.1676	-0.95656	5.8031	5.0451	-2.2737	-0.83053	-1.128	4.9646	5.1245	5.0475	-1.4427	-1.2902	4.5699	5.331	4.6434	-1.3661	-1.3099
-2.5177	-0.064283	-1.9264	2.4862	-2.5177	-2.8626	0.35981	1.7113	-1.181	-2.016	-1.0114	-1.8203	0.063758	2.552	0.80964	-2.5024	-0.68543	-2.797	0.0080567	-0.42879	3.1247	1.9569	-0.090108	2.4771	-2.2762	-0.69077	2.6838	2.6219	1.3412	0.74316	-0.98415	2.7383	-2.3564	1.4481
-2.8944	2.7592	-3.6609	3.0337	-2.1684	-2.6721	-2.3024	2.8522	-0.33844	-1.1825	-2.7796	-0.77491	2.9158	2.6904	2.3746	-4.4514	-1.8905	-1.7732	2.0791	2.5384	2.6592	0.73713	2.1532	2.8945	-2.5104	-1.5795	2.396	2.7034	2.5056	1.9056	1.0174	2.4021	-4.2481	2.1067
-2.8553	3.6239	-3.5199	3.5799	-2.8155	-3.3888	-3.1239	3.2728	3.0279	1.448	-3.3791	0.86057	4.1239	3.0723	2.8937	-4.6815	-3.0088	-1.8923	2.836	3.663	2.6802	-1.0447	2.9486	3.0773	-2.928	-2.7122	2.6999	2.7749	2.7468	2.2609	2.8734	2.6428	-3.716	2.5576
-2.7285	3.8556	-2.9777	3.9744	-3.0393	-3.7268	-3.4516	3.6468	3.6039	3.6195	-3.6206	3.4516	4.6096	3.4799	3.4443	-4.3467	-3.5615	-1.7173	3.4213	4.0855	3.1601	-3.2053	3.5419	3.3866	-2.9356	-2.7755	3.1711	3.0885	3.1766	2.7231	3.5173	2.9143	-3.2098	3.123
-2.4386	4.1263	-2.5833	4.2915	-3.0611	-3.8677	-3.5625	3.9555	4.0042	4.3555	-3.6892	4.8505	4.9482	3.8208	3.9244	-3.931	-3.8029	-1.5069	3.9064	4.3894	3.6285	-3.4735	4.0306	3.7783	-2.6462	-2.4856	3.6395	3.4647	3.5891	3.1695	3.9151	3.2705	-2.7744	3.5633
-2.1275	4.4547	-2.2185	4.6237	-2.9851	-3.9139	-3.5703	4.2862	4.3764	4.8205	-3.6744	5.7768	5.2727	4.1671	4.3458	-3.5164	-3.8828	-1.2225	4.3283	4.7243	4.0465	-3.42	4.4546	4.1706	-2.2829	-2.119	4.0634	3.8448	3.9731	3.581	4.2921	3.6419	-2.3743	3.963
0.91988	2.0922	-0.63879	1.5689	2.1052	-1.1149	0.3282	3.0089	0.30966	-1.0649	0.75028	-0.8752	1.6109	-0.5407	-0.048073	1.223	2.9688	-1.0817	2.1214	1.5014	2.8522	-2.9395	-0.89886	1.0215	-1.3722	-1.6932	1.3259	0.78232	0.56902	1.0076	-2.8414	-0.94963	-0.30558	-1.6271
1.0284	1.3183	0.5837	1.5679	0.81465	-0.50839	0.40727	1.3313	0.62748	0.79919	-0.010319	1.4315	2.253	0.8696	0.45569	-0.48048	2.5485	1.4673	1.9746	1.7839	4.6937	-5.4211	0.4144	0.34886	-0.098517	0.042385	0.79649	0.046619	0.23375	-0.017519	-0.055972	-0.25488	0.016261	0.168
1.2185	1.4334	0.92447	1.6418	0.7667	0.17276	0.52847	1.2941	1.1859	1.526	0.096098	2.5403	2.4334	1.1048	0.99027	-0.39966	0.76971	2.0395	1.3712	1.7349	6.6702	-5.983	1.0728	0.81631	0.57332	0.72873	0.83563	0.51435	0.70071	0.28317	1.0611	0.33184	0.61135	0.68708
1.4592	1.7264	1.2927	1.917	0.85415	0.098339	0.4065	1.571	1.5889	2.0081	0.21778	3.443	2.6445	1.4246	1.4816	-0.043579	0.21822	2.3562	1.53	1.9952	7.4258	-6.0053	1.585	1.2957	1.091	1.2507	1.2143	0.98198	1.1428	0.72277	1.4914	0.79345	1.0691	1.1284
1.6544	2.0251	1.63	2.202	0.9204	0.039171	0.36954	1.8578	1.9378	2.4128	0.25206	4.7105	2.8924	1.7347	1.9089	0.34903	0.080024	2.6353	1.9019	2.2935	7.887	-5.9165	2.0171	1.7201	1.5289	1.6923	1.6271	1.3943	1.5341	1.1405	1.8621	1.1854	1.4714	1.5262
1.7718	2.2694	1.9061	2.4316	0.95924	0.017618	0.36296	2.0822	2.2262	2.7639	0.26841	7.248	3.1191	1.9834	2.2864	0.73004	0.040823	2.8607	2.2706	2.5415	8.2674	-5.8305	2.3968	2.0937	1.9036	2.0719	2.0106	1.7514	1.8689	1.5174	2.1824	1.5089	1.8235	1.8719
1.3505	2.2368	-1.3721	1.451	-2.2748	2.1146	-2.2696	0.55395	-0.84054	1.9264	0.023743	-0.065348	2.3679	-0.92227	-0.31749	2.911	-2.8744	2.9702	-1.9518	1.0495	0.54284	1.0997	-0.87278	0.75535	1.954	-3.0191	-2.6133	2.9818	0.95048	-1.6878	-0.60608	-2.3737	-1.4542	-1.5207
3.0475	3.1763	-2.9304	3.2203	-2.4559	1.6228	-3.8271	2.642	-1.0694	4.4916	-0.68854	2.5259	3.2355	-2.29	-0.81594	3.3713	-3.9545	3.2732	-1.1906	3.3241	-0.75566	0.92096	-0.86362	3.9815	3.2732	-2.8873	-1.6378	3.4551	1.8488	-2.2844	-1.1018	-3.526	-1.7952	-2.0315
4.2027	4.5499	-2.192	4.4219	-2.6125	2.1999	-3.7301	4.1208	-1.6522	4.9758	-3.0465	4.5321	4.668	-2.1297	-1.2206	3.4523	-4.1759	4.6629	-1.3364	4.7048	-1.509	-1.4392	-1.1236	4.4512	3.9465	-2.1203	-1.6467	3.9516	3.9033	-2.2304	-1.6719	-2.5868	-1.9396	-1.9754
4.6603	4.9494	-1.6816	5.0542	-2.736	2.3046	-3.5945	4.7433	-1.3036	5.4223	-3.4826	5.7464	5.5089	-1.6053	-1.1505	3.6298	-3.9945	5.4049	-1.1873	5.2426	-1.4635	-2.4728	-1.0339	4.8156	4.5291	-1.5691	-1.4506	4.4272	4.5417	-1.9811	-1.37	-2.0657	-1.6797	-1.6526
5.2735	5.4016	-1.2383	5.5492	-2.7729	2.0392	-3.7415	5.2269	-0.89637	5.8285	-3.7945	6.6743	6.0903	-1.1493	-0.8674	3.907	-4.0369	5.9257	-0.8884	5.6881	-1.1737	-2.4577	-0.75342	5.1892	4.9759	-1.134	-1.145	4.8367	4.9622	-1.6509	-0.99647	-1.6354	-1.3365	-1.2938
6.5647	6.1531	-0.59938	6.3049	-3.7054	1.0067	-4.7898	5.9804	-0.2742	6.2924	-5.0789	7.6148	6.872	-0.44888	-0.4767	4.262	-4.6644	6.703	-0.49464	6.4112	-0.77761	-2.5678	-0.36629	5.6139	5.4288	-0.69106	-0.76211	5.3	5.4529	-1.2486	-0.48261	-1.1114	-0.88597	-0.82877
-1.0571	-2.184	-0.95451	-2.376	2.4125	-2.5479	2.7007	-0.63415	-2.8423	-0.98989	1.4819	1.8506	0.28201	1.1695	2.472	-2.7959	-1.233	-2.8499	-1.9124	1.3826	1.3926	2.3726	0.51768	-2.6961	2.6548	1.8863	-1.3443	0.27421	3.0444	1.3545	2.1287	-0.41912	-0.18448	0.38128
-0.81441	-0.53749	-1.0026	-0.43121	2.9855	-3.6026	3.1084	-0.82173	-0.82191	-0.044755	1.4645	4.4047	0.31794	-0.83864	4.1327	-3.0522	-2.9687	-0.57682	-0.53558	2.3214	0.083504	0.23343	0.24303	-0.87415	4.0836	4.2443	-0.35923	-1.2116	4.9795	-1.0674	5.0196	-1.9032	-1.1873	-1.1324
0.10916	-0.1935	-0.56602	0.074674	2.3663	-5.1034	1.8754	-0.26173	-0.24779	0.18289	0.84437	6.5782	0.74766	-0.4202	5.6745	-2.5295	-4.145	0.39721	-0.38045	5.8069	-0.5144	-1.0863	-0.066045	-0.67139	5.2414	5.4098	-0.52386	-1.0188	5.4569	-1.1239	5.842	-1.1936	-0.82315	-0.7995
0.56204	0.48235	0.0050841	0.69008	0.93255	-5.9706	0.62177	0.35898	0.30427	0.62928	0.28318	7.9028	1.3513	0.18103	6.3117	-1.9786	-5.4445	1.1161	0.048618	7.0045	-0.21236	-1.0201	0.20878	-0.14935	5.8998	6.058	-0.20582	-0.45003	6.0231	-0.70617	6.4067	-0.59866	-0.33668	-0.2698
0.75239	0.90012	0.43719	1.091	0.54068	-6.395	0.15955	0.75707	0.72708	1.1078	-0.034968	8.816	1.7682	0.59074	6.8248	-1.4168	-6.1747	1.5448	0.53027	7.4489	0.25258	-0.88448	0.661	0.35885	6.4454	6.601	0.25266	0.061482	6.5198	-0.22513	6.8805	-0.10682	0.14051	0.20742
0.9364	1.2362	0.80015	1.4074	0.45349	-6.5917	-0.016284	1.0692	1.0953	1.5368	-0.15408	9.9089	2.086	0.92559	7.2821	-0.85326	-6.4997	1.8581	0.98259	7.7751	0.70168	-0.80811	1.1092	0.81605	6.9144	7.0731	0.70816	0.50631	6.9441	0.22899	7.2841	0.31455	0.5737	0.63566
-1.4501	1.5638	0.024415	0.92196	-1.2074	-2.2688	-0.1534	-0.86376	1.8094	1.7603	1.0583	-2.3016	-3.0046	0.3758	-1.2509	2.7595	3.0201	-1.34	1.8892	2.4876	0.61247	2.4116	2.7866	0.30871	1.4343	0.48204	-2.9776	-0.33579	0.91878	0.13315	-0.80188	2.7452	2.0695	2.1923
0.59344	1.0767	0.87584	0.89274	-0.44718	-2.1542	-1.6033	0.74234	1.3771	2.0797	-1.0045	0.31358	0.12401	0.84441	1.1069	0.82499	3.9602	0.95636	1.8777	2.0664	1.4057	0.2265	2.3122	1.4481	1.29	1.46	-3.4622	1.005	1.1713	0.96253	1.3281	0.80528	1.1781	1.2758
1.7486	1.6873	1.4285	1.745	-0.7008	-2.6625	-2.1976	1.4716	1.8395	2.3487	-1.9063	2.0657	1.9844	1.459	1.8999	0.65473	3.9663	2.0376	2.0071	2.087	1.687	0.098083	2.2162	1.7914	1.5544	1.7474	-4.1762	1.3713	1.4514	1.3322	1.7335	1.1804	1.5053	1.5539
2.829	2.6438	2.1691	2.7304	-2.4863	-3.5715	-3.2243	2.4207	2.5088	2.8088	-3.3967	3.5281	3.209	2.3012	2.3537	0.89101	3.1437	3.1	2.3561	2.8808	2.0671	-0.31809	2.4994	2.1817	1.9844	2.1561	-4.1096	1.8439	1.9807	1.634	2.3229	1.7132	1.9519	2.0072
3.2429	3.4131	2.806	3.4749	-3.2402	-3.938	-3.6605	3.1622	3.0865	3.3825	-3.828	4.5838	4.0214	2.9862	2.8528	1.2893	2.5343	3.9216	2.8387	3.5843	2.5576	-3.1413	2.9662	2.6768	2.4853	2.6425	-3.7088	2.3819	2.5509	2.0928	2.9584	2.2279	2.471	2.5359
3.4225	3.6708	3.2054	3.8362	-3.352	-4.1232	-3.83	3.5071	3.4964	3.8898	-3.961	5.4959	4.4791	3.3489	3.3495	1.7417	2.2446	4.3053	3.3328	3.9299	3.0526	-3.7524	3.4578	3.1692	2.9803	3.1368	-3.2303	2.8674	3.0316	2.5797	3.3924	2.6872	2.9439	3.0057
-0.80048	0.5852	2.3396	2.7224	1.058	-1.8414	0.96618	-2.6875	-0.58575	1.0483	2.7238	1.9528	-0.097037	1.6124	-0.52094	2.9628	3.0645	2.2868	-0.69781	-0.28422	-1.5908	1.7862	2.4042	2.5981	0.36603	0.62089	-2.2051	2.5102	-0.31153	-1.8484	2.5098	1.649	2.402	-1.3505
2.1315	2.3233	2.0173	2.3784	1.8022	-4.6547	1.649	-4.0837	2.453	2.7471	1.5026	3.0774	2.4128	2.1112	1.1871	1.9353	2.0522	2.7663	0.65851	2.3937	-2.6161	0.92494	3.1693	2.6933	1.8406	2.0541	-2.4729	2.0797	1.619	-3.7153	2.4801	1.5116	2.1516	-4.1322
2.5558	2.8101	2.4715	2.9296	1.9848	-4.9964	1.5689	-3.6601	2.8419	3.2657	1.3909	4.0319	3.38	2.5529	2.7074	1.6199	1.4244	3.3179	2.6019	3.1007	-3.4161	1.0391	3.1272	2.7345	2.4357	2.6273	-3.1885	2.3298	2.4018	-3.9742	2.7615	2.0975	2.4495	-3.7762
2.9309	3.2512	2.8854	3.3794	2.0974	-5.0712	1.5457	-3.2286	3.2254	3.6911	1.4226	4.9384	3.9262	2.9674	3.2399	1.8178	1.2575	3.7687	3.2096	3.5232	-3.2772	1.0969	3.4026	3.0781	2.8607	3.037	-3.1798	2.7162	2.829	-3.7381	3.1506	2.5023	2.8131	-3.4204
3.3305	3.7398	3.2832	3.7981	2.2188	-5.1137	1.5576	-2.814	3.6037	4.0817	1.4528	6.1429	4.3653	3.3712	3.6275	2.1226	1.2176	4.1954	3.608	3.9272	-2.9476	0.5997	3.7473	3.4389	3.2441	3.4151	-2.9005	3.0928	3.2105	-3.4094	3.5412	2.8794	3.1775	-3.0555
4.0024	4.3236	3.7929	4.3616	2.2734	-5.3942	1.3978	-2.24	4.0907	4.5033	1.2465	8.2612	4.8885	3.9166	4.0218	2.4798	1.1128	4.7782	4.0041	4.4829	-2.5605	-2.2029	4.1334	3.8337	3.6447	3.8102	-2.5354	3.5086	3.6424	-3.0268	4.015	3.3234	3.5942	-2.6335
1.0879	1.0317	-2.3687	-0.58204	-1.4112	1.3607	-1.3603	2.4881	2.0509	-0.69063	-0.01317	1.2234	2.0998	0.68847	0.46935	-1.0925	-0.27365	1.3426	2.4141	1.387	-3.0231	1.0976	-0.38616	-0.39049	-2.405	1.9762	-1.0999	-1.5937	-0.98776	-0.78065	0.29236	0.38886	-0.65424	-0.63974
1.5394	1.7736	-3.0567	2.0994	0.062468	-0.54092	-0.3852	1.9513	2.5032	-0.0064321	-0.39544	2.4678	2.4234	1.0959	0.024205	-1.4773	-0.52603	2.1154	4.7084	1.8844	-1.0211	0.42081	-0.078391	-0.52829	-1.5663	3.468	-0.42051	-1.4353	-1.0133	-0.96977	0.92737	-1.4832	-1.0233	-0.79102
3.0247	2.5483	-4.1546	2.7099	0.11818	-1.2828	-0.78042	2.3973	3.4207	1.7228	-1.0077	3.6201	3.2603	2.3089	-0.28128	-1.744	-0.84488	3.0342	5.6938	3.3212	-0.75447	0.46393	-0.19932	-0.79986	-1.2309	5.2292	-0.53403	-1.2943	-0.99364	-1.1879	2.1482	-1.7259	-1.1149	-1.2439
4.5547	4.5234	-2.033	4.4394	-1.4242	-2.1611	-1.8543	4.1099	4.7884	4.4217	-2.0931	5.1393	4.7243	4.2217	-0.7404	-2.2255	-1.7616	4.6578	5.4359	4.875	-1.157	-1.934	-0.5877	-1.0872	-1.1971	5.3185	-0.93245	-1.6302	-1.6167	-1.5998	4.6374	-1.7884	-1.5068	-1.5695
5.0402	5.2483	-1.3235	5.3505	-1.7079	-2.428	-2.1421	5.0409	5.3632	5.615	-2.3067	6.2414	5.761	5.0113	-0.70451	-2.1688	-2.2898	5.6466	5.5429	5.575	-1.0382	-2.3633	-0.57375	-0.92465	-1.0829	5.3955	-0.93163	-1.3316	-1.2817	-1.4792	5.277	-1.5341	-1.2326	-1.2159
5.4462	5.7347	-0.87612	5.8715	-1.6375	-2.5091	-2.1814	5.55	5.7611	6.182	-2.3021	7.1407	6.389	5.4767	-0.43085	-1.9235	-2.4632	6.2249	5.8314	6.0311	-0.74052	-2.2702	-0.31381	-0.62703	-0.80342	5.6576	-0.68451	-0.99108	-0.89866	-1.1959	5.6832	-1.2041	-0.90838	-0.87055
0.096506	0.98929	2.8317	1.3963	-0.6275	2.0842	-2.2964	-2.7603	-2.6109	-2.1107	-1.1039	-1.2452	-3.0666	0.2506	-2.5411	-2.2199	0.82357	2.2565	2.9781	0.44487	3.1202	0.33624	0.097079	-1.0633	-0.43959	-0.051457	-2.6939	2.435	-2.7341	-0.40076	2.0512	-0.66232	0.71262	2.0011
2.0341	2.3488	2.1168	2.5584	-0.20325	0.5584	-4.1591	-4.0553	-3.7837	-1.9575	-0.64759	1.5214	-2.8789	2.1056	-3.0245	-4.472	1.0681	2.6852	2.7084	2.4886	2.4732	0.13067	2.241	1.6227	0.72798	0.78836	-1.7008	1.464	-3.534	-0.98077	2.3909	0.5246	2.0564	2.1617
2.6412	3.008	2.538	3.0226	0.95877	0.24582	-5.549	-3.6075	-3.373	-1.8492	-0.081719	3.2134	-2.648	2.6248	-3.1528	-4.6154	0.5907	3.3196	3.0074	3.1623	2.7292	-0.72261	3.0378	2.775	1.9869	2.2037	-1.9382	2.1788	-3.8375	-3.4215	2.859	1.9379	2.5801	2.6538
4.0222	3.7832	3.3086	3.8813	0.65659	-0.75562	-6.4078	-2.7193	-2.6645	-1.9335	-0.77307	4.5759	-1.8922	3.4406	-2.8063	-4.3231	-0.062926	4.2528	3.4427	4.0076	3.1616	-3.1255	3.5522	3.2277	2.8585	3.041	-2.6581	2.8569	-3.2444	-3.4546	3.4526	2.6985	3.0463	3.1328
4.6262	4.4684	3.9688	4.6578	-1.0267	-1.7469	-7.7011	-1.9474	-2.0205	-1.6553	-1.7377	5.7642	-1.0156	4.152	-2.3093	-3.8983	-1.2069	5.0986	3.9543	4.7518	3.6748	-3.175	4.0755	3.7739	3.5284	3.6873	-2.5181	3.4745	-2.6168	-3.0494	4.0645	3.3261	3.5917	3.6659
4.7897	4.9013	4.4236	5.0945	-1.6032	-2.2435	-8.2581	-1.5194	-1.5735	-1.2	-2.1752	6.6704	-0.52022	4.5879	-1.791	-3.4238	-1.9903	5.5598	4.4747	5.1756	4.1955	-3.0373	4.598	4.3065	4.1024	4.2567	-2.0779	4.0139	-2.0865	-2.5578	4.5689	3.8506	4.1006	4.1671
2.4256	2.7074	-1.9419	-1.5161	2.4986	0.58631	0.024116	0.70844	2.006	0.20026	-1.871	-0.28955	-0.45272	2.9268	0.75395	1.227	1.3826	-0.9615	0.1067	0.35604	-2.1572	0.38971	1.2234	-0.46186	2.1118	1.4531	-0.87901	-0.28755	-0.71347	1.7305	1.4712	-0.43786	1.2168	2.7959
1.4757	1.7263	-4.9909	0.76828	1.9434	0.67324	0.89016	1.5421	1.8999	1.9564	-4.7417	2.0024	1.1739	1.6551	1.6233	0.52391	0.62819	1.4999	1.5	2.1729	-1.5721	0.30758	1.7954	1.4008	1.2912	1.4368	0.98323	1.0598	0.93702	0.74528	1.8392	0.85241	1.2138	1.2203
1.7307	1.9562	-4.7017	2.0735	1.3583	0.53503	0.81273	1.7888	1.9126	2.3674	-5.5071	3.0738	2.4728	1.673	1.8942	0.51143	0.56873	2.4433	1.8588	2.2786	0.62569	0.38897	2.0204	1.706	1.5827	1.7458	1.5673	1.392	1.4953	1.0946	1.8195	1.1841	1.3681	1.442
2.018	2.3106	-4.3501	2.4642	1.3206	0.45106	0.76822	2.1413	2.2457	2.728	-5.6078	3.9739	3.0343	2.0267	2.2309	0.74917	0.48082	2.8757	2.2104	2.5894	1.793	0.51146	2.3451	2.0566	1.9021	2.0659	1.9518	1.7318	1.8521	1.4633	2.1586	1.526	1.779	1.8362
2.2774	2.6605	-4.0027	2.8079	1.3915	0.42221	0.77717	2.4741	2.5979	3.0943	-5.5988	5.1803	3.4208	2.3682	2.6123	1.0856	0.44735	3.2215	2.5944	2.9244	2.2924	0.58597	2.7235	2.4294	2.2538	2.4205	2.3362	2.0944	2.2147	1.8462	2.5278	1.8776	2.1618	2.2138
2.4222	2.9725	-3.705	3.0867	1.4514	0.41186	0.79177	2.7444	2.8997	3.4398	-5.58	7.6174	3.7213	2.6514	2.9744	1.4367	0.44196	3.5059	2.9568	3.2111	2.6696	0.4655	3.0856	2.7836	2.5975	2.7675	2.7023	2.4374	2.5474	2.207	2.8637	2.1911	2.5083	2.556
1.785	1.291	-2.4534	-0.69124	0.57088	-0.25509	-2.8239	-1.7038	2.0987	-3.0418	2.2841	-2.6497	1.0616	0.0013271	-1.771	0.44975	-2.3727	1.0749	0.6254	-2.7885	-2.7862	-2.1823	-3.0168	-0.4071	2.0864	0.73721	0.12641	2.2851	-2.5265	2.5626	-2.4617	0.10674	-2.241	0.37285
3.2038	3.2809	-3.1688	2.9994	2.4421	-3.2316	-3.4072	-3.1251	4.1942	-1.5326	1.7173	-1.7464	2.9745	2.4094	-1.1673	-1.8408	-2.8404	3.3109	0.94372	-2.1233	-1.7182	-4.0446	-1.4176	1.7501	1.7532	1.5624	0.82556	1.8487	-1.7437	0.26713	-2.0747	-2.0556	-1.8992	-1.8981
3.7289	4.0389	-2.5305	4.0884	2.9862	-3.9229	-3.6194	-2.4811	4.2532	-1.3796	2.3357	-0.85641	4.3858	3.7879	-1.5315	-2.8732	-3.7064	4.373	3.1986	-1.8542	-1.9465	-3.9908	-1.4877	3.9717	3.1771	3.3946	1.0799	3.3018	-2.4182	-2.0838	-2.0705	-3.0327	-2.3647	-2.4032
4.1108	4.4586	-2.1792	4.5791	3.1904	-3.9953	-3.6439	-2.0189	4.4503	-1.2404	2.4827	0.11403	5.0785	4.1698	-1.6531	-3.0731	-3.9317	4.945	4.3599	-1.5488	-2.0011	-3.9165	-1.5409	4.2023	3.9594	4.1365	3.4013	3.867	-2.2413	-2.8398	-1.8987	-2.6169	-2.2527	-2.2644
4.3671	4.847	-1.8516	4.9407	3.3082	-4.0336	-3.639	-1.672	4.7527	-0.98398	2.5314	1.726	5.5175	4.5109	-1.4538	-2.9196	-3.9817	5.343	4.7695	-1.2145	-1.7685	-4.1531	-1.3383	4.5699	4.3834	4.5489	4.3537	4.2383	-1.9125	-2.3356	-1.583	-2.2642	-1.945	-1.9087
5.0524	5.4483	-1.4312	5.3861	3.3776	-4.1901	-3.7177	-1.223	5.15	-0.65392	2.4408	4.4333	5.9191	4.9524	-1.1281	-2.6341	-4.0349	5.7967	5.1306	-0.77044	-1.433	-6.4363	-1.0154	4.946	4.7559	4.9235	4.8366	4.6114	-1.5493	-1.9218	-1.1809	-1.8743	-1.5822	-1.534
-3.1112	1.6748	2.1899	2.6176	3.0582	0.032236	-1.4355	-2.5073	0.049291	0.53763	1.6509	-2.619	1.0148	0.10663	-2.0658	2.7541	0.56823	-0.37281	2.7753	0.97914	-0.30178	2.1333	0.20488	0.33841	1.1308	-0.83405	-1.6373	0.49564	2.3041	-0.58544	-2.4328	-0.35265	-1.2548	-0.61929
-4.2266	1.988	1.2669	2.2823	2.9241	-0.99585	-2.1626	-4.2248	0.9599	1.6172	1.0837	-1.5045	2.8754	1.566	-0.010111	0.61403	-0.93329	2.2481	5.6326	2.3843	0.0015191	1.2679	0.43861	0.32184	0.3917	0.38084	-0.18137	0.33548	1.2397	-0.50175	0.26855	-0.019916	0.051865	0.20691
-4.0983	2.1765	1.512	2.4183	2.6038	-3.3912	-3.3028	-4.202	1.6677	2.0603	1.528	0.75452	3.2276	1.7872	1.0648	-0.041454	-2.4881	2.8987	7.2431	2.5518	0.81577	1.0563	1.215	1	0.86669	0.98408	0.7181	0.81288	1.1026	0.32341	1.4373	0.64366	0.82374	0.91728
-3.9602	2.427	1.8739	2.6458	2.3071	-4.4624	-4.1888	-3.9824	2.1172	2.4953	1.7258	2.8683	3.4422	2.0773	1.7612	0.28023	-3.9726	3.1671	8.0152	2.7162	1.4745	1.0705	1.872	1.6088	1.4287	1.5689	1.4206	1.3574	1.5696	0.9864	1.9634	1.1943	1.4208	1.4981
-3.7633	2.7174	2.2413	2.9193	2.1685	-4.792	-4.5137	-3.7081	2.5162	2.9269	1.5818	3.9257	3.6675	2.3981	2.313	0.72251	-4.616	3.4095	8.5774	2.9833	2.0185	1.1693	2.4199	2.1384	1.9529	2.1038	1.995	1.8527	2.033	1.5373	2.3962	1.6788	1.9242	1.9928
-3.5406	3.0217	2.5939	3.2073	2.1514	-4.9328	-4.6289	-3.4189	2.8874	3.3358	1.5253	4.8417	3.9152	2.7193	2.7857	1.1756	-4.865	3.6663	9.0514	3.2845	2.4881	1.2936	2.8935	2.6038	2.4192	2.5771	2.4857	2.2957	2.4517	2.013	2.7913	2.1049	2.3672	2.4274
2.0935	-0.60521	-0.6897	-0.87638	-2.2592	-1.5064	-2.5948	-0.44338	-1.5243	-1.2714	-0.47189	-2.3914	-0.03098	1.2962	-1.6104	1.7902	-2.6747	-0.66641	-3.1187	-1.7541	-3.1318	-1.952	-2.2452	-1.4565	-2.0417	-2.2693	0.621	2.5186	2.7593	-1.751	-0.10882	-0.77865	0.14934	-1.4766
5.2997	-0.55886	-1.0498	-0.29329	-1.781	-2.5778	-2.3673	-0.69253	-0.71313	-0.3776	-2.2526	-0.66445	0.58162	-0.79338	-0.8172	-0.90485	-2.6318	0.013689	-1.109	-0.45753	-1.3656	-2.4122	-0.83394	-1.0778	-1.527	-1.291	-0.224	4.7394	4.8958	-1.4039	-0.73456	-1.6896	-1.1794	-1.1213
5.6807	-0.2692	-0.67722	-0.09039	-1.6302	-2.6453	-2.2853	-0.45027	-0.35087	0.094181	-2.3464	0.53299	0.68105	-0.56338	-0.36073	-1.5547	-2.6258	0.30746	-0.41891	-0.021021	-0.6937	-2.3421	-0.27296	-0.5826	-0.87274	-0.69585	-0.45773	5.3379	5.4871	-1.0694	-0.42124	-1.1528	-0.79664	-0.74547
6.1971	0.18584	-0.26443	0.29406	-1.5364	-2.7714	-2.3204	-0.046704	0.051263	0.50073	-2.4233	1.4427	0.94373	-0.15903	0.031515	-1.3996	-2.6572	0.69227	0.0076632	0.39236	-0.27372	-2.6411	0.1377	-0.17266	-0.39039	-0.22124	-0.21047	5.7699	5.9071	-0.7258	-0.032037	-0.70892	-0.41025	-0.35997
7.6315	1.0641	0.4255	1.0958	-2.0181	-3.629	-3.0994	0.77451	0.71951	0.98034	-3.3693	2.3742	1.6381	0.60616	0.46327	-1.0639	-3.0623	1.5157	0.44502	1.1974	0.16385	-5.2344	0.57133	0.27565	0.08312	0.24352	0.18004	6.2571	6.418	-0.30435	0.53919	-0.16174	0.073438	0.13585
8.1149	1.668	1.095	1.8542	-3.8014	-4.5609	-4.2433	1.5303	1.3755	1.5992	-4.5057	3.3373	2.4973	1.3147	1.0086	-0.6075	-4.0789	2.3373	0.99155	1.9464	0.71295	-5.6948	1.1148	0.83206	0.6363	0.78603	0.69745	6.8452	7.037	0.23549	1.1701	0.4141	0.64957	0.72126
-2.7107	-0.39987	-2.0482	-2.976	2.8554	-0.43585	2.8986	1.648	-3.0939	1.1306	1.2934	0.91141	0.32851	-1.7703	1.7105	-1.708	-0.81097	2.455	2.238	-0.61272	-1.1428	0.68223	2.576	2.5691	0.57521	-1.0515	2.2172	-0.36174	2.5394	-2.9316	0.20364	1.3596	-2.014	-1.0266
-1.9789	-1.6549	-2.279	-2.013	3.5292	-2.4472	3.6816	4.048	-1.7526	3.9883	0.43801	3.6584	3.3792	-2.1198	3.9669	-2.9221	-2.0936	4.6932	4.1139	-0.90175	-1.8683	-1.9452	4.2896	4.6393	-0.098273	-0.12034	3.8119	-1.8476	3.9736	-2.7137	-1.5597	-1.3173	-2.1874	-2.1927
-1.5259	-1.3193	-1.6671	-1.2562	4.4284	-2.5728	3.8832	4.7578	-1.3272	5.1853	-2.2061	5.4454	5.3173	-1.6061	4.8633	-2.7681	-2.5726	5.4614	4.8699	-0.96956	-1.6106	-2.5237	4.9984	5.0072	-1.0098	-0.85232	4.5806	-1.5889	4.6337	-2.0881	-1.4201	-1.7956	-1.7493	-1.7043
-1.1684	-0.89667	-1.2426	-0.75778	4.4321	-2.7007	3.8859	5.2101	-0.91743	5.774	-2.4733	6.4751	6.037	-1.1675	5.3588	-2.4316	-2.6745	5.9282	5.3453	-0.60683	-1.2075	-2.4815	5.4712	5.2746	-1.0678	-0.90107	5.0826	-1.3366	5.0086	-1.6575	-1.0052	-1.5495	-1.3445	-1.2962
-0.81324	-0.50383	-0.8627	-0.35429	4.5221	-2.7386	3.9023	5.6005	-0.53837	6.2089	-2.4734	7.3706	6.5071	-0.78088	5.7606	-2.0654	-2.711	6.3278	5.7438	-0.22767	-0.82082	-2.3652	5.871	5.6023	-0.82681	-0.65885	5.4874	-1.0173	5.368	-1.279	-0.61808	-1.2301	-0.96813	-0.91953
-0.45788	-0.11131	-0.49182	0.025214	4.6202	-2.7987	3.9019	5.976	-0.16953	6.5968	-2.4809	8.4874	6.9063	-0.40707	6.1362	-1.6964	-2.731	6.7083	6.1188	0.14587	-0.44807	-2.3427	6.2469	5.9554	-0.50005	-0.33156	5.8632	-0.66695	5.73	-0.91112	-0.24269	-0.88096	-0.59949	-0.55086
-1.9612	-1.1183	-0.60378	0.305	-2.8339	0.33116	-1.4142	-1.6234	-1.613	-2.1719	2.8663	2.736	2.0015	1.4335	-2.0359	-0.87687	-1.9544	-3.1325	-1.1529	1.2536	0.7866	0.27043	-0.38285	-1.335	0.010419	1.6425	1.6479	0.47763	1.5553	0.91396	-2.3662	0.027619	-0.9592	-2.5613
-0.90163	-0.32485	-0.55543	-0.36411	-1.7987	-2.1946	-1.9214	-0.54542	-0.2844	-0.088431	3.7195	5.3394	4.4077	-0.49894	-0.36569	-1.4253	-1.9494	-0.44493	-0.24546	1.4358	0.010546	-1.448	-0.0054152	0.097657	0.19787	0.45968	1.3535	-0.31828	0.034071	-0.42178	-0.35178	-0.52888	-0.47738	-0.33224
-0.24689	0.10652	-0.17212	0.11769	-1.4514	-2.3822	-1.9929	-0.13652	0.21868	0.6515	4.0458	6.8173	6.5654	-0.15143	0.33822	-1.1145	-2.2662	0.45777	0.34153	0.67619	0.13634	-1.5277	0.48443	0.31089	0.17927	0.37312	0.5995	-0.097595	-0.052243	-0.19194	0.16629	-0.34817	-0.080841	-0.0099974
0.45216	0.61653	0.29278	0.72248	-1.3359	-2.66	-2.1503	0.41489	0.65033	1.1009	3.9228	7.864	7.444	0.35269	0.721	-0.79291	-2.4307	1.0757	0.7068	0.92822	0.43303	-1.4383	0.83816	0.56836	0.39931	0.58012	0.57795	0.19669	0.27629	0.017439	0.56144	-0.012278	0.26192	0.30856
1.9956	1.6383	1.0049	1.6158	-2.2797	-3.7027	-3.217	1.2969	1.3247	1.5827	2.7243	8.9511	8.4015	1.1568	1.1174	-0.43093	-3.0793	2.0042	1.1006	1.7416	0.8192	-2.8164	1.2283	0.94408	0.7737	0.93988	0.86611	0.62562	0.76244	0.3661	1.1231	0.50036	0.71344	0.77202
2.3038	2.2901	1.6994	2.4312	-3.7216	-4.3874	-4.1035	2.114	1.9763	2.2176	1.9504	10.007	9.3166	1.909	1.6501	0.028584	-4.0165	2.9064	1.6332	2.5325	1.3543	-4.7182	1.7569	1.479	1.291	1.4425	1.349	1.2034	1.3863	0.88261	1.8028	1.0552	1.2863	1.3568
-2.2115	-1.8955	1.0819	-0.43011	1.2209	-1.5274	-3.0787	0.20274	-1.3854	2.8023	2.5525	-0.67394	-2.9839	1.0766	2.1174	2.961	-2.7825	-0.31197	0.51791	1.1721	1.378	0.94226	1.425	-0.79224	0.51234	-2.4108	-2.7779	3.0129	-1.3513	0.59644	2.9024	-1.9733	-1.9277	-0.99448
0.037032	-0.1577	-1.097	-0.1602	2.265	-3.9905	-3.7601	-0.35387	-0.919	5.0855	1.6898	0.6208	-0.025956	-0.63958	4.3696	3.3036	-3.3806	0.39103	0.24179	1.5554	3.2009	-0.91613	4.0271	-1.4132	-0.10455	-0.82159	-1.5851	4.2993	-1.3581	-2.0037	5.0806	-1.6147	-1.9099	-1.8894
0.61632	0.37193	-0.42287	0.50705	1.2621	-5.5306	-5.2358	0.19276	-0.22189	6.1184	0.65327	1.8027	1.1568	-0.11132	5.3976	3.7848	-4.8382	1.1108	-0.35649	1.3942	4.9607	-0.93855	5.4359	-0.82316	-0.76933	-0.66223	-1.1028	5.2666	-0.87158	-1.531	5.8144	-1.1674	-1.0815	-1.0145
0.64124	0.69847	0.07596	0.89362	0.68477	-6.1888	-5.9257	0.56045	0.31488	6.841	0.12282	2.7182	1.6312	0.315	6.1601	4.3468	-5.8507	1.4622	-0.056613	1.1346	5.8485	-0.80978	6.2529	-0.23079	-0.37124	-0.23402	-0.44064	5.8157	-0.27641	-0.87249	6.4238	-0.62847	-0.43664	-0.35237
0.63361	0.92498	0.4255	1.1242	0.41949	-6.5483	-6.276	0.78063	0.69244	7.3648	-0.1571	4.2193	1.881	0.59267	6.7511	4.9112	-6.3779	1.6517	0.46357	1.211	6.4541	-0.684	6.8545	0.30736	0.1322	0.2804	0.1523	6.3135	0.21114	-0.30174	6.8652	-0.14981	0.086115	0.15889
0.74545	1.1239	0.70439	1.3073	0.27597	-6.7657	-6.477	0.95643	0.99663	7.7651	-0.32564	6.8272	2.054	0.81811	7.2189	5.457	-6.673	1.7921	0.92052	1.3869	6.9207	-0.58667	7.3264	0.75628	0.57416	0.73274	0.64009	6.7274	0.59202	0.16505	7.209	0.23259	0.50468	0.56544
2.7186	-0.68661	-1.4242	-2.1858	-0.64616	-0.78674	-2.3166	-0.40794	-2.5653	0.71986	-3.0711	0.46008	1.8195	-1.6619	-0.32644	0.43557	-2.7544	-0.023306	0.89374	-1.7505	2.1167	2.9584	2.1752	0.037677	-1.3887	1.5488	-1.6521	2.8721	0.75523	0.62965	-2.056	-2.5726	-1.537	2.2518
4.4298	-1.2497	-2.3278	-1.4431	-1.9773	-2.7516	-2.4536	-1.631	-1.2333	2.7297	-2.6551	2.7551	4.8194	-1.5969	0.79178	-0.98977	-2.6143	-0.091472	2.1265	-0.40216	2.8506	2.7705	3.6942	2.5807	-3.038	2.8646	0.161	2.6802	2.1837	-0.45932	-1.1405	-3.8319	-2.4769	0.60633
4.6737	-1.1	-1.9107	-1.1329	-2.1411	-2.9299	-2.6313	-1.4548	-1.4189	4.7492	-2.759	5.0411	5.6612	-1.6032	2.4695	-2.4405	-2.8551	-0.23878	4.0653	-0.64006	4.0955	2.4592	4.7429	4.3073	-2.7051	3.7847	-0.38184	3.7835	3.7779	-1.9921	-1.3813	-2.8087	-2.1973	-2.108
5.2068	-0.67769	-1.4415	-0.75642	-2.0617	-2.9933	-2.6473	-1.0805	-1.1558	5.4343	-2.7566	6.2305	6.1094	-1.2516	4.6211	-2.6473	-2.9554	-0.13825	4.8648	-0.60139	4.6305	0.28116	5.0761	4.7406	-1.8774	4.578	-1.1387	4.3976	4.5655	-1.9568	-1.2194	-2.0815	-1.7551	-1.6617
5.4866	-0.50149	-1.0021	-0.36471	-1.9421	-3.054	-2.6428	-0.69271	-0.71057	5.96	-2.7484	7.1572	6.5491	-0.8508	5.3835	-2.3461	-2.9909	0.15231	5.4048	-0.25914	5.1318	-1.4069	5.543	5.2404	-1.2783	5.1664	-1.0417	4.9242	5.0931	-1.582	-0.79906	-1.5459	-1.259	-1.1922
5.823	-0.2132	-0.63319	-0.044013	-1.9043	-3.2013	-2.722	-0.3794	-0.32879	6.3928	-2.8465	8.1392	6.8925	-0.51363	5.8704	-1.9592	-3.0581	0.41726	5.8591	0.051984	5.5788	-1.5804	5.987	5.6884	-0.7946	5.6507	-0.67373	5.3679	5.5184	-1.1676	-0.4224	-1.1066	-0.83184	-0.77442
2.5815	1.2537	1.4141	-1.6963	0.47762	1.9507	-0.60386	3.0674	-2.5748	-1.1245	0.071648	-2.7594	1.4173	0.35517	0.18438	2.0723	2.253	1.8151	-1.144	-0.30014	1.584	-2.4501	-2.4508	-1.4451	0.15472	2.9682	1.3214	-1.1815	-1.3096	2.2002	2.5851	0.87465	-1.5363	-2.5832
1.5636	2.0038	0.2463	1.43	0.98875	0.55121	0.72912	1.6017	-2.1122	0.60186	0.4847	-1.4963	2.6544	1.2558	0.88005	2.5139	0.8694	2.6293	-1.7045	2.5613	3.4957	-4.9215	-1.9145	-1.8149	-0.72285	4.9586	3.2586	-1.3181	-0.65252	3.1375	3.6624	-1.6869	-2.4987	-2.6919
2.0003	2.4572	1.8695	2.3405	1.1768	0.38449	0.6959	1.9511	-2.2121	2.5821	0.53491	1.1158	2.9213	2.134	3.4466	2.751	0.47083	2.9027	-1.9436	3.2837	3.8955	-5.3265	-1.873	-1.8077	-1.423	4.9082	3.905	-1.9014	-1.1109	3.5157	3.7708	-2.4808	-2.63	-2.6611
3.302	3.519	3.3891	3.5049	1.3752	0.132	0.59962	3.19	-2.3906	4.0833	0.43035	3.3181	3.7742	3.2833	4.1851	2.8525	0.334	3.7124	-1.9643	3.8925	3.9918	-5.3971	-1.8339	-2.0162	-1.9331	4.5474	4.096	-2.4618	-2.4113	3.5917	3.8424	-2.7222	-2.5347	-2.5372
4.9903	4.7872	4.2867	4.7804	0.12436	-0.97534	-0.5726	4.4775	-1.6427	4.8364	-0.86182	5.2138	5.1538	4.3953	4.5486	3.0769	-0.39485	5.1003	-1.727	4.9694	4.2624	-7.8778	-1.5952	-1.8465	-1.9334	4.5288	4.3266	-2.1953	-2.1237	3.8283	4.4675	-2.3153	-2.1453	-2.103
5.2847	5.3392	4.8847	5.4953	-0.9452	-1.588	-1.3152	5.1803	-1.0893	5.4896	-1.5285	6.4506	6.0514	5.0312	5.0241	3.4668	-1.2742	5.9121	-1.2724	5.6113	4.7283	-8.3688	-1.1461	-1.4149	-1.5688	4.8749	4.7447	-1.7216	-1.5794	4.2687	5.0488	-1.8754	-1.656	-1.5977
2.1242	0.53203	2.8141	-2.7567	0.53155	-1.3495	2.0582	-1.9406	-0.36091	-0.66938	2.0509	1.1108	-1.8363	-1.1423	-2.2997	1.0768	0.44582	-2.0739	-2.2127	-0.15022	2.5629	0.32766	-2.9331	-2.8017	1.9158	-0.30537	-0.73698	1.819	-0.85228	0.20316	1.3292	2.3329	-1.0758	0.94274
1.1254	1.0057	0.53926	-0.75137	1.528	-4.5815	1.1909	-3.7937	0.95559	1.0485	1.2995	2.7411	-0.60299	-0.11791	-0.2803	-0.80978	0.75701	0.38488	-0.27311	1.5038	4.154	0.14765	-0.39208	0.25762	1.1353	0.79701	-0.071233	0.7045	0.36835	-0.61436	0.65913	0.14449	-0.27284	-0.10588
1.0068	1.1599	0.72211	1.2589	1.01	-5.9167	0.61111	-5.2267	0.98187	1.4218	0.47338	3.9004	1.5342	0.82266	0.64356	-0.69533	0.57286	1.6719	0.63049	1.4966	6.3004	-0.049139	0.71441	0.71948	0.7981	0.91231	0.43987	0.49681	0.58192	-0.0046821	0.84222	0.29734	0.32612	0.42627
1.0453	1.413	1.0126	1.5716	0.751	-6.2442	0.31381	-5.0315	1.3019	1.7942	0.17083	6.3514	2.1531	1.1152	1.2093	-0.31887	0.17493	2.0283	1.1929	1.693	7.1515	-0.055542	1.3097	1.1032	0.99618	1.1504	0.93821	0.80351	0.92263	0.47402	1.2209	0.59019	0.80673	0.87221
1.3867	1.7123	1.3382	1.8745	0.72417	-6.3786	0.21269	-4.7439	1.6499	2.1482	0.091649	8.2769	2.5029	1.4281	1.6395	0.077842	-0.03785	2.3048	1.6223	1.9843	7.6173	0.024711	1.7472	1.474	1.3129	1.4771	1.3628	1.1463	1.2657	0.88023	1.5731	0.93287	1.1998	1.2537
1.7564	2.073	1.6994	2.2289	0.82157	-6.4205	0.21714	-4.39	2.018	2.5085	0.11383	9.3408	2.8518	1.788	2.0258	0.4646	-0.10473	2.6391	2.0083	2.3403	8.0072	0.13083	2.1357	1.8428	1.6664	1.8334	1.7501	1.5075	1.628	1.2602	1.9399	1.2968	1.5764	1.6271
