0.284547 0.261123 0.284616 0.378546 0.343321 0.339703 0.332332 0.313891 0.32534 0.308535 0.351714 0.29793 0.367932 0.279524 0.312416 0.295117 0.286195 0.297805 0.337023 0.385851 0.377294 0.429884 0.324911 0.324966 0.357853 0.378466 0.375857 0.336146 0.329293 0.347927 0.395859 0.316106 0.37949 0.365404 0.345522 0.267871 0.259662 0.281732 0.381036 0.314234 
0.463367 0.47186 0.608513 0.455567 0.549735 0.646018 0.535628 0.526203 0.614175 0.519264 0.396536 0.503945 0.543784 0.49959 0.472833 0.464233 0.570878 0.533388 0.464765 0.577689 0.652787 0.550255 0.645645 0.596703 0.569095 0.57918 0.697928 0.494696 0.503104 0.529349 0.523368 0.516512 0.541646 0.573144 0.474808 0.611441 0.590695 0.564413 0.561335 0.465853 
0.471197 0.456644 0.525631 0.389698 0.359726 0.559616 0.34484 0.410982 0.387766 0.422058 0.445906 0.422501 0.451563 0.428517 0.34873 0.433439 0.413308 0.484299 0.399574 0.368371 0.391262 0.35016 0.394917 0.473985 0.500224 0.351481 0.379377 0.473541 0.398761 0.379763 0.358901 0.366061 0.348176 0.367725 0.368486 0.530163 0.461818 0.471814 0.430783 0.434324 
0.617281 0.743808 0.654138 0.739238 0.812052 0.545064 0.543683 0.534882 0.685484 0.602936 0.594817 0.628383 0.706051 0.747214 0.512548 0.628977 0.639251 0.719815 0.74741 0.654655 0.735021 0.752966 0.5383 0.593138 0.549635 0.750089 0.655082 0.734429 0.597315 0.711871 0.620062 0.634359 0.564213 0.654253 0.644357 0.643506 0.776628 0.585258 0.635989 0.809601 
0.264662 0.428945 0.362115 0.337944 0.361419 0.340927 0.317867 0.346956 0.345139 0.242879 0.298359 0.318787 0.399235 0.36411 0.287682 0.287207 0.326107 0.398005 0.377519 0.293413 0.361282 0.333367 0.344992 0.403041 0.360315 0.309207 0.338145 0.377159 0.31191 0.311836 0.27649 0.350027 0.340433 0.347274 0.320546 0.366059 0.342286 0.31527 0.303238 0.346432 
1.03222 1.12686 1.0033 1.04472 1.14095 1.00866 1.13057 1.13783 1.10029 0.782181 0.778118 0.851636 0.724055 0.804817 0.976915 1.05889 1.00944 1.25053 1.14376 1.03377 0.924403 1.02477 1.08141 0.931133 0.984344 1.03476 0.817496 0.950389 0.955864 1.07844 0.939185 0.996903 1.12449 1.29797 1.00108 0.919494 0.790874 0.927169 0.90815 0.996712 
0.443205 0.276651 0.356344 0.360269 0.457173 0.504033 0.372823 0.371161 0.268264 0.337197 0.365601 0.471622 0.368263 0.331613 0.260558 0.373456 0.378372 0.458954 0.379616 0.310672 0.367892 0.303283 0.381161 0.464306 0.437277 0.286269 0.293589 0.335043 0.302012 0.377802 0.440424 0.420053 0.385662 0.306424 0.443493 0.303099 0.338708 0.354257 0.47033 0.290426 
0.927763 0.684451 0.766419 0.849018 0.688564 0.751591 0.871647 0.73501 0.840389 0.731809 0.600666 0.654468 0.679801 0.878984 0.710097 0.797191 0.649612 0.710847 0.851473 0.736072 0.743883 0.911885 0.879412 0.869499 0.894517 0.946048 0.563768 0.675448 0.687617 0.713132 0.91992 0.684048 0.83751 0.921205 0.735111 0.693147 0.687607 0.630409 0.680462 0.763293 
0.651124 0.403353 0.572898 0.544874 0.657018 0.535317 0.514899 0.569997 0.575033 0.743663 0.700604 0.513115 0.558567 0.649161 0.680051 0.611436 0.477054 0.584667 0.544537 0.625632 0.5738 0.622051 0.565532 0.600099 0.623316 0.561335 0.459653 0.586379 0.478208 0.700627 0.519636 0.542536 0.577574 0.459808 0.558686 0.476339 0.439894 0.549943 0.65196 0.56209 
0.635989 0.604457 0.707467 0.769196 0.746572 0.653242 0.667075 0.741816 0.819287 0.774682 0.671915 0.690261 0.676053 0.640622 0.61887 0.669355 0.491801 0.694835 0.623698 0.790829 0.711275 0.710126 0.581299 0.662884 0.625969 0.713572 0.664466 0.545937 0.725937 0.680776 0.578893 0.534611 0.644857 0.768165 0.79087 0.549144 0.590375 0.644285 0.89756 0.772603 
0.491678 0.594955 0.404556 0.537643 0.342568 0.362827 0.430689 0.503989 0.567746 0.433523 0.413764 0.540166 0.618184 0.614518 0.414944 0.49283 0.427646 0.46695 0.436032 0.404775 0.352482 0.407295 0.498465 0.454846 0.474894 0.512477 0.456892 0.444293 0.411705 0.430111 0.440518 0.386812 0.420053 0.517162 0.454806 0.46424 0.403412 0.487241 0.473336 0.419316 
0.825666 0.691087 0.755086 0.552642 0.695944 0.602057 0.598656 0.674038 0.691831 0.796878 0.719123 0.666628 0.753536 0.639782 0.524311 0.556068 0.660756 0.670536 0.718015 0.691626 0.535444 0.595773 0.75448 0.534082 0.633404 0.711375 0.712195 0.624914 0.809752 0.669232 0.673459 0.54515 0.850539 0.679013 0.591423 0.816074 0.85111 0.624925 0.55436 0.862648 
0.525508 0.479689 0.448025 0.465027 0.452909 0.387766 0.446071 0.364338 0.513065 0.412845 0.495478 0.554402 0.45215 0.408428 0.582979 0.536695 0.447972 0.491523 0.411844 0.516644 0.40476 0.573153 0.395695 0.4296 0.418766 0.384412 0.346231 0.398255 0.500703 0.479017 0.48296 0.502777 0.441172 0.38518 0.438109 0.444686 0.422148 0.438073 0.486269 0.396527 
0.392595 0.439367 0.459232 0.36785 0.373204 0.43067 0.412845 0.39337 0.429261 0.440167 0.352221 0.434664 0.507784 0.396969 0.451222 0.51015 0.4748 0.46627 0.404903 0.453607 0.413976 0.493489 0.48007 0.539406 0.39245 0.479123 0.3963 0.460465 0.408868 0.385056 0.443617 0.461188 0.406737 0.354885 0.412878 0.373604 0.451294 0.441491 0.331918 0.390805 
0.670573 0.762705 0.824521 0.860398 0.800484 0.824941 0.85672 0.79871 0.852894 0.778445 0.71503 0.768371 0.987387 0.749873 0.913331 0.667552 0.612178 0.727753 0.842841 0.828103 0.749873 0.956385 0.739309 0.755229 0.659778 0.809784 0.821732 0.827985 0.653465 0.754235 0.664471 0.775064 0.741394 0.667127 0.894095 0.722346 0.813472 0.711363 0.765468 0.7172 
0.370183 0.388844 0.426268 0.373077 0.371163 0.351569 0.408349 0.370696 0.396349 0.44386 0.41747 0.423355 0.455173 0.401164 0.534082 0.411235 0.50542 0.337455 0.326926 0.385008 0.369823 0.366335 0.407632 0.387517 0.435046 0.467067 0.353729 0.358041 0.436755 0.449692 0.437214 0.355754 0.36585 0.442109 0.365307 0.428218 0.366134 0.435467 0.415304 0.375076 
0.571493 0.738758 0.631063 0.615761 0.675709 0.687212 0.766027 0.658956 0.614159 0.665866 0.743297 0.626103 0.580914 0.663413 0.632417 0.638884 0.666891 0.590956 0.7103 0.674761 0.588204 0.555154 0.618282 0.632017 0.681451 0.555174 0.656659 0.664907 0.803224 0.80252 0.599083 0.580994 0.685425 0.657254 0.680489 0.57742 0.604876 0.749106 0.694919 0.703794 
0.59652 0.593064 0.562349 0.501729 0.540929 0.646043 0.624025 0.596657 0.530628 0.58224 0.544093 0.477508 0.600488 0.693147 0.546544 0.639965 0.589469 0.602372 0.627216 0.65584 0.496312 0.536411 0.662914 0.608929 0.716168 0.494581 0.537277 0.487597 0.529547 0.471509 0.435185 0.499049 0.671168 0.677216 0.585884 0.727711 0.504792 0.551575 0.550902 0.681829 
0.568237 0.637356 0.577386 0.746827 0.767506 0.735895 0.613858 0.714887 0.674367 0.66416 0.624038 0.803736 0.75672 0.723128 0.555526 0.638687 0.743158 0.820771 0.748568 0.691533 0.525936 0.682602 0.598794 0.593686 0.578996 0.708608 0.687576 0.679392 0.776339 0.835986 0.855461 0.912545 0.681266 0.68323 0.801174 0.720635 0.82824 0.725937 0.659659 0.649828 
0.275848 0.286722 0.293235 0.376708 0.289205 0.364687 0.400231 0.253346 0.367854 0.430274 0.366835 0.350821 0.35583 0.273293 0.361294 0.267151 0.38984 0.471546 0.474862 0.326648 0.334599 0.307723 0.403869 0.412083 0.374049 0.449403 0.428412 0.356027 0.305056 0.375141 0.37556 0.293547 0.454661 0.384751 0.459532 0.364939 0.356017 0.351931 0.364446 0.366463 
0.425371 0.540731 0.481641 0.635225 0.67943 0.632901 0.655099 0.68723 0.525043 0.689978 0.600635 0.881784 0.699662 0.594884 0.659124 0.482083 0.626932 0.75624 0.799566 0.595717 0.751345 0.568763 0.691237 0.583448 0.697001 0.753387 0.682712 0.598559 0.732738 0.621123 0.653926 0.624657 0.642689 0.716567 0.583146 0.542743 0.513562 0.597955 0.62096 0.820981 
0.534796 0.627104 0.688591 0.603458 0.62032 0.637342 0.651989 0.808056 0.704303 0.69903 0.644357 0.587787 0.669944 0.562527 0.678689 0.555617 0.650307 0.582736 0.592902 0.731967 0.682497 0.727967 0.646 0.596746 0.655714 0.736756 0.769498 0.58103 0.736319 0.701881 0.671676 0.541388 0.58245 0.641208 0.66232 0.62301 0.625565 0.589886 0.670674 0.631526 
0.929873 1.01214 1.16621 0.973449 1.10664 1.07959 1.08309 1.13019 0.951829 0.890678 1.1116 0.991866 1.04929 1.31153 1.00346 1.02735 1.10024 1.05851 1.31813 1.05426 0.978969 1.15835 1.25937 1.01673 0.864794 0.91199 1.1508 1.07034 1.03089 0.882026 1.10168 0.913734 1.21302 1.20838 1.32813 0.931317 1.05274 1.16128 0.933505 0.988776 
0.610822 0.775919 0.695264 0.718165 0.733755 0.59029 0.59432 0.66306 0.66683 0.679664 0.703541 0.513806 0.585051 0.599512 0.671575 0.636298 0.729564 0.808343 0.790432 0.679048 0.807827 0.770439 0.667744 0.736129 0.657607 0.77115 0.701231 0.691161 0.644037 0.687814 0.689885 0.716678 0.650875 0.517889 0.567408 0.715406 0.717298 0.66099 0.726263 0.691044 
0.783228 0.840783 0.802604 0.89193 0.782445 0.77958 0.795716 0.75682 0.660203 0.751025 0.737751 0.870078 0.803291 0.732441 0.997969 0.803062 0.78326 0.733969 0.976238 0.788055 0.715389 0.878494 0.931083 0.788095 0.652826 0.89276 0.84591 0.906138 0.939105 0.792305 0.790737 0.729757 0.959042 0.806906 0.815602 0.691379 0.884288 0.789441 0.698567 0.716936 
0.787557 0.739097 0.906721 0.779475 0.643053 0.793143 0.680244 0.633428 0.71429 0.762689 0.660294 0.803 0.74278 0.776618 0.903387 0.667999 0.776144 0.749614 0.81831 0.625788 0.738516 0.932993 0.92145 0.741574 0.704303 0.79766 0.764456 0.82572 0.829049 0.7923 0.791003 0.812812 0.722334 0.782306 0.800778 0.77974 0.959671 0.991107 0.720779 0.756999 
0.796944 0.825265 0.789317 0.752571 0.870828 0.75604 1.01482 0.94942 0.778884 0.917326 0.874352 0.713766 0.773764 0.961556 0.813681 1.04849 0.683816 0.788457 0.969758 0.797883 0.88759 0.698085 0.905322 0.753589 0.876527 0.719338 0.813906 0.737931 0.799528 0.802491 0.805229 0.844378 0.855283 1.0458 0.7404 0.750776 0.713108 0.646337 0.759637 0.906286 
0.258862 0.295101 0.32058 0.313589 0.371827 0.324518 0.314711 0.369894 0.367261 0.325517 0.349557 0.310155 0.376295 0.282945 0.326719 0.364222 0.298114 0.323156 0.300986 0.2821 0.286513 0.282976 0.286855 0.274437 0.288833 0.289086 0.324496 0.368413 0.349882 0.317784 0.335193 0.414531 0.338494 0.247959 0.298547 0.283901 0.338326 0.330515 0.388087 0.329969 
0.323548 0.33862 0.421802 0.427829 0.459432 0.305852 0.392429 0.598181 0.436776 0.366879 0.363965 0.371108 0.527603 0.259986 0.343393 0.377294 0.395845 0.292525 0.433683 0.407751 0.391595 0.37089 0.481654 0.436211 0.375469 0.299793 0.330016 0.341583 0.451606 0.394961 0.398701 0.47356 0.423858 0.437652 0.367387 0.552161 0.359374 0.47568 0.405465 0.416894 
0.638249 0.581988 0.648475 0.670158 0.715041 0.686897 0.691697 0.715875 0.790786 0.802694 0.75784 0.781875 0.756959 0.690599 0.758949 0.681932 0.439082 0.67338 0.758842 0.710899 0.696578 0.694769 0.568693 0.602724 0.622111 0.659514 0.683608 0.773909 0.669696 0.64322 0.747214 0.666408 0.575665 0.589097 0.557972 0.668414 0.670959 0.600201 0.693147 0.659035 
0.938018 0.630777 0.62253 0.630587 0.675572 0.63908 0.728341 0.706979 0.831777 0.957409 0.624154 0.586049 0.87113 0.635328 0.625385 0.836389 0.661517 0.58974 0.638638 0.755668 0.617274 0.604032 0.716089 0.693147 0.73667 0.578372 0.5463 0.613544 0.745032 0.795801 0.632048 0.785572 0.7679 0.76247 0.850539 0.762881 0.653359 0.749076 0.613942 0.659931 
0.605096 0.645894 0.750185 0.544132 0.642766 0.537954 0.502708 0.660447 0.571913 0.63049 0.641446 0.548442 0.619547 0.59997 0.549359 0.470004 0.538087 0.740349 0.673933 0.603291 0.436347 0.455589 0.542865 0.541341 0.668167 0.648768 0.461391 0.454384 0.463094 0.615958 0.647217 0.514557 0.437713 0.565081 0.597837 0.624861 0.618683 0.598973 0.587787 0.437761 
1.11165 0.981641 0.898617 0.934573 0.94217 0.851137 0.988611 1.15184 1.13645 0.962811 0.926762 1.30306 0.983682 0.99239 0.920975 1.19534 1.03915 0.862046 0.810041 1.03105 1.14195 0.871433 0.912538 0.830741 0.979817 0.799566 1.08001 0.859877 0.750306 1.1279 1.07022 1.14314 1.25702 1.04348 0.948534 0.749815 0.905606 0.975749 0.939356 0.970134 
0.325165 0.302281 0.296933 0.304924 0.205852 0.288913 0.248757 0.202368 0.263121 0.301076 0.247869 0.328847 0.204685 0.295229 0.236134 0.192181 0.260969 0.246951 0.281226 0.247933 0.335896 0.289135 0.308735 0.248611 0.223144 0.21111 0.332565 0.332706 0.295306 0.228168 0.200944 0.197589 0.253417 0.349122 0.317604 0.221836 0.21241 0.267362 0.222595 0.209042 
0.573895 0.431137 0.466568 0.51641 0.481838 0.547739 0.413976 0.506679 0.431947 0.442506 0.450249 0.48566 0.463048 0.546785 0.540149 0.443686 0.522632 0.453446 0.482931 0.551776 0.541388 0.48468 0.421517 0.492058 0.556483 0.437915 0.446372 0.462956 0.410648 0.524207 0.452169 0.449031 0.47184 0.524269 0.477476 0.409801 0.45145 0.444088 0.370474 0.420407 
0.367133 0.416993 0.510826 0.417932 0.506067 0.413976 0.324288 0.398056 0.343044 0.40238 0.371381 0.525369 0.406756 0.400976 0.401455 0.447312 0.609533 0.493563 0.384876 0.398348 0.382674 0.510374 0.456683 0.474922 0.622111 0.511239 0.358684 0.403521 0.533984 0.500775 0.349674 0.418119 0.353424 0.373042 0.331557 0.413853 0.409506 0.510345 0.437821 0.364689 
0.686398 0.493572 0.403011 0.489612 0.514198 0.558898 0.521931 0.52234 0.510334 0.424956 0.510826 0.444134 0.487962 0.47742 0.513218 0.495646 0.583948 0.442043 0.381546 0.375732 0.456571 0.515095 0.469361 0.497838 0.421847 0.512412 0.42853 0.430384 0.499494 0.469344 0.423391 0.426376 0.490799 0.466557 0.433132 0.463654 0.490788 0.516007 0.683947 0.476339 
0.524071 0.486905 0.471986 0.508912 0.485026 0.51308 0.413914 0.498642 0.530628 0.454396 0.499748 0.409162 0.596733 0.573029 0.450437 0.494178 0.454296 0.401969 0.392649 0.330041 0.40233 0.624418 0.57554 0.582508 0.433368 0.456979 0.573394 0.551177 0.500145 0.54542 0.377486 0.454521 0.487909 0.494649 0.474512 0.488485 0.466684 0.437593 0.508481 0.563576 
0.722377 0.745378 0.85715 0.887987 0.750469 0.718057 0.85392 0.735987 0.847298 0.917195 0.767115 0.604493 0.707182 0.685927 0.893451 0.783613 0.752136 0.841328 0.839464 0.698471 0.807771 0.732149 0.747975 0.931558 0.822579 0.709622 0.756396 0.860051 0.825745 0.736045 0.683757 0.803495 0.847806 0.798508 0.830439 0.941264 0.878753 0.983163 0.782095 0.80455 
0.685484 0.706995 0.668656 0.699683 0.602443 0.635989 0.655075 0.486471 0.716739 0.652738 0.578838 0.538126 0.641854 0.509627 0.546544 0.435016 0.510826 0.664307 0.648601 0.676887 0.495526 0.72515 0.518002 0.557692 0.61706 0.559281 0.770379 0.759412 0.546397 0.743198 0.606346 0.516216 0.508448 0.557164 0.610293 0.636298 0.834461 0.741156 0.67615 0.462886 
