-0.27596	-2.5015	3.111	-1.0545	-1.2727	-2.7504	-1.267	-2.8489	0.034089	1.6418	0.82312	-2.5755	-2.6322	1.7411	2.5442	0.21209	-2.4545	2.0461	-1.0167	-1.2938	1.5468	-3.0751	-2.8358	1.0545	0.64978
-1.7718	-3.257	4.5949	-0.34486	-1.4818	-0.91006	-2.8496	-2.0704	0.61778	2.0954	-0.28359	-2.2157	-3.6765	0.36173	2.0188	1.8254	-4.3055	0.8677	-3.0256	-1.6813	-0.38556	-1.388	-3.9208	-0.56771	-0.07567
-2.7716	-4.1415	6.1104	0.10064	-1.6223	0.44059	-4.0875	-1.0312	0.98908	2.5305	-1.3399	-1.3682	-4.4548	-0.98032	0.95193	3.3643	-6.4579	-0.36812	-4.6649	-1.9157	-2.4565	0.075253	-5.2175	-1.9422	-0.8942
-4.2978	-5.3296	7.9138	0.4785	-1.743	2.1833	-5.497	0.051261	1.511	2.6369	-2.443	-1.0605	-5.0452	-2.094	-0.035156	5.0861	-8.237	-1.4325	-6.5653	-1.7574	-4.1595	1.4397	-6.8383	-3.0929	-1.697
-5.3582	-6.4488	9.5866	1.1249	-1.968	3.8648	-7.0333	0.99236	2.4598	2.7968	-3.8284	-1.2677	-5.6185	-3.5149	-0.93562	6.5468	-10.269	-2.7664	-8.4487	-1.8128	-6.263	3.1891	-8.1425	-4.2475	-2.9423
-6.8416	-7.8827	10.993	2.231	-2.1048	5.5074	-8.1941	1.8408	3.688	2.8737	-5.219	-0.80218	-6.5776	-4.739	-1.9018	8.1871	-11.747	-3.9139	-10.156	-2.406	-8.1978	4.7071	-9.3773	-5.5886	-3.8588
0.73875	1.7609	1.6667	-1.6276	0.88657	0.15337	-1.1004	-2.616	1.2706	-1.5242	-0.023902	1.2328	-3.061	-2.478	0.3403	0.034215	2.2301	1.6843	2.1149	-2.7582	-2.593	-3.2725	1.7154	3.0491	0.54262
0.61733	-0.5295	2.767	-0.47196	1.3041	1.5792	-1.3503	-1.5971	1.8198	-2.4578	-1.0145	1.9908	-3.9825	-4.1274	-1.0594	1.2165	0.74189	1.1454	-0.61065	-3.8236	-3.8418	-1.1652	0.78634	0.60898	0.98704
-1.3861	-0.55802	5.2843	1.3289	1.011	3.5925	-3.6205	-0.74983	4.3265	-0.45906	-1.2259	2.501	-4.7149	-5.7506	-2.1408	2.3713	-2.1738	-0.51169	-1.8495	-3.7547	-5.9047	1.1741	-0.70413	-1.2892	1.1305
-2.1996	-0.9867	6.5077	0.73637	0.72027	4.2365	-4.1356	0.49296	4.4844	-0.56459	-2.8626	2.8267	-5.9465	-7.0355	-3.2869	4.7481	-2.3653	-1.4248	-3.8249	-3.6279	-7.437	3.1732	-1.7568	-2.7439	-0.85826
-2.8378	-3.2234	8.2529	2.2991	1.4064	6.5445	-5.0828	0.41401	5.537	0.31763	-5.1433	2.7181	-6.561	-7.5534	-2.376	6.9927	-4.6677	-2.6032	-5.2797	-4.3336	-10.487	4.8936	-3.3423	-3.3705	-1.5539
-4.7653	-5.7218	8.9436	3.254	1.0698	8.1838	-6.7614	2.6495	5.8843	1.3054	-6.8352	3.4129	-7.5429	-8.8742	-4.5423	6.8586	-5.1246	-2.9173	-5.9216	-5.3282	-11.633	5.6691	-5.8928	-5.9336	-3.0987
3.8272	-1.2513	9.0526	2.9703	0.99157	1.9298	-3.2847	-0.79409	3.0709	0.50828	5.0682	-4.2687	3.153	-3.2544	-0.39016	3.6243	1.6207	0.97672	-2.6608	3.8296	3.462	-1.6724	-3.3803	-5.437	-2.0946
3.6345	1.9394	2.2796	-0.95839	-0.28814	2.4531	-5.5457	2.1348	2.3638	-1.05	-5.3416	4.0984	3.7597	-5.7648	-1.6022	3.4527	1.2348	3.6523	-6.0251	4.1417	-2.9911	-1.2494	-4.9088	-2.9551	0.96335
1.7777	-0.591	0.54193	-0.57144	3.5649	6.9941	-4.6242	1.4473	2.915	0.53537	-3.2517	-2.3989	-2.7863	-4.5343	-4.0231	3.5467	-2.1037	4.2412	-7.3534	4.7479	-4.3482	5.4896	-3.412	-2.4591	2.3849
-1.8021	-3.1036	9.8984	-1.7436	1.1343	3.7547	-9.095	3.6191	0.83751	1.0592	-8.2907	1.0324	-8.5375	-1.5347	-3.5382	8.8402	-4.549	-1.2077	-8.8616	-4.1069	-2.6923	8.2578	-6.101	-8.2554	0.34811
-2.8817	-5.275	8.8178	-1.4064	5.4223	9.1978	-11.186	-1.8562	2.1168	0.55558	-3.3645	3.0589	-6.0793	-9.1254	-4.5501	8.8469	-6.0466	3.4923	-7.5121	1.0678	-6.5773	10.91	-2.9528	-10.463	-5.0781
-1.6296	-5.3844	7.4126	-2.2949	4.8125	7.9601	-9.2201	6.313	2.8839	3.8142	-4.345	1.1135	-7.8143	-9.6393	-8.1761	9.8269	-8.2845	-2.2885	-6.6853	2.2491	-6.5226	5.593	-10.398	-9.1438	-2.9958
-2.797	0.0080567	-0.42879	3.1247	1.9569	-0.090108	2.4771	-2.2762	-0.69077	2.6838	2.6219	1.3412	0.74316	-0.98415	2.7383	-2.3564	1.4481	0.91988	2.0922	-0.63879	1.5689	2.1052	-1.1149	0.3282	3.0089
-4.1462	-0.63366	1.4034	3.4234	1.6255	1.7618	0.89139	-1.2904	0.52823	3.1756	1.5364	1.3192	0.075257	-2.5524	0.91857	-0.70782	-0.27841	-0.05174	0.29638	-0.69386	-0.51512	3.7395	-2.6772	-0.83537	2.1923
-5.3543	-1.5081	3.0325	3.4709	1.1735	3.0964	-0.43865	-0.16894	1.8318	3.9011	0.33542	1.849	-0.69126	-3.8816	-0.61593	0.96973	-1.7822	-1.0722	-1.6694	-0.6246	-2.1894	5.3751	-4.3325	-2.1966	1.5845
-6.6673	-2.4896	4.8342	3.6058	0.52862	4.9321	-1.9421	0.71466	3.0475	4.3145	-0.87093	2.6271	-1.9206	-5.3927	-2.1926	2.4787	-3.5143	-2.2818	-3.219	-0.65534	-4.0332	7.2491	-5.9598	-3.9354	1.1921
-7.9361	-3.2464	6.0166	4.1995	-0.061278	6.5411	-3.499	1.8276	4.029	4.502	-2.2628	2.6333	-2.9005	-6.4991	-3.3946	3.9485	-5.1334	-3.3884	-5.1295	-0.55652	-5.9181	8.7293	-7.2267	-5.7255	0.35453
-9.2029	-4.5726	7.6001	5.083	-0.12927	8.0864	-4.6802	2.7959	4.9063	4.9026	-3.1422	2.7219	-3.3165	-7.9429	-4.7323	5.68	-7.0581	-4.6374	-7.2655	-0.64919	-8.0338	10.533	-8.5791	-7.3022	-0.59505
-1.0649	0.75028	-0.8752	1.6109	-0.5407	-0.048073	1.223	2.9688	-1.0817	2.1214	1.5014	2.8522	-2.9395	-0.89886	1.0215	-1.3722	-1.6932	1.3259	0.78232	0.56902	1.0076	-2.8414	-0.94963	-0.30558	-1.6271
-2.0103	-0.32481	0.97576	2.2193	-0.22581	1.2898	-0.66814	4.0267	-0.099955	2.1984	0.31432	3.5394	-3.8138	-2.3977	-0.22987	-0.076741	-2.9881	0.1406	-0.98895	0.012243	-0.934	-0.90608	-1.7985	-1.69	-2.0191
-3.4833	-1.1883	2.474	2.904	-0.38127	3.1693	-2.4262	4.9223	1.15	2.7396	-0.75673	3.582	-4.4531	-3.7282	-1.2072	1.6453	-4.8299	-1.0455	-2.7417	-0.56686	-3.0883	0.63699	-2.4	-2.9045	-2.9406
-4.5611	-2.2441	4.24	3.5418	-0.86121	4.5564	-3.9758	5.7763	2.6169	3.2825	-2.2673	3.6973	-4.824	-4.9775	-2.3644	3.0421	-6.3446	-2.4912	-4.1994	-0.85444	-5.0437	2.332	-2.9734	-4.1717	-3.8799
-5.8125	-3.0069	5.3698	4.242	-1.1192	6.4138	-5.2373	6.9858	3.9774	3.7339	-3.6982	4.3493	-5.4464	-5.9934	-3.1927	4.5939	-8.2957	-3.8571	-5.942	-0.86818	-7.0088	3.9029	-3.9075	-5.4706	-4.7469
-7.1226	-4.3393	6.9676	5.1248	-0.90544	7.7314	-7.0711	7.9131	5.2277	4.3991	-5.3156	4.9494	-6.7816	-7.3031	-4.2975	6.3056	-9.9635	-5.372	-7.7001	-0.95094	-8.4882	5.8001	-5.1332	-6.7989	-5.969
1.7856	-1.9692	1.193	-2.0768	2.7688	-1.386	0.47628	-0.36749	2.3441	0.91273	1.0533	2.6149	-1.1264	0.2361	2.892	-3.0815	3.0825	-1.3937	0.89392	0.33353	0.76701	-0.57437	0.21482	1.9772	-3.1883
0.72272	-2.8321	1.9166	-1.8321	2.1009	-0.93421	-1.0602	-0.43706	3.2768	1.0232	-0.92066	2.714	-1.1668	-2.538	2.5493	-1.8009	0.73505	-2.477	-0.96871	0.39061	-1.1399	0.54817	-0.58504	0.97408	-5.2244
-1.4043	-4.4154	4.2381	-3.1292	3.1653	1.3043	-2.6051	0.5178	2.8569	-0.25238	-2.6489	2.6446	-1.3839	-3.277	0.71575	0.70102	0.38986	-4.8139	-1.5028	0.59185	-2.5902	2.035	-1.2625	0.32922	-6.1611
-2.2215	-3.9641	6.9455	-2.0905	1.6532	3.1762	-4.852	2.1899	4.0703	0.98829	-3.3786	4.5874	-1.4387	-4.1417	0.14077	2.8991	-2.5389	-4.7667	-4.2692	1.1333	-3.6115	3.2752	-2.685	-1.5617	-6.5131
-3.385	-6.4117	8.7365	-2.1385	-0.21949	4.4568	-4.51	2.8056	5.7062	1.69	-4.9984	3.6586	-4.0506	-4.5456	0.086401	4.7564	-4.604	-5.4698	-4.6945	0.85726	-5.9913	4.0405	-4.4937	-4.0448	-6.1587
-4.6934	-5.3788	9.0919	-0.29134	2.0625	6.5269	-7.1231	4.9804	6.2333	0.89008	-6.7755	5.7947	-5.9007	-5.8999	-2.085	4.8542	-4.5411	-7.4321	-5.6888	0.52316	-8.8853	6.1844	-5.7811	-5.4547	-6.9361
-3.0632	0.10426	-2.498	-1.1125	1.3551	1.6827	3.7008	-0.087742	1.4125	-0.64511	-1.2724	-1.7247	0.12017	1.2707	-2.3744	1.7218	-3.1527	-1.165	1.3728	-1.5947	2.1213	1.354	2.2612	2.7659	-1.431
-3.7661	-0.26581	-0.35468	-1.0753	0.24768	3.5172	0.97991	1.5617	4.2258	1.4337	-0.34127	-2.1114	-1.1567	-1.128	-4.0367	3.9634	-4.6117	-2.1123	0.86978	-0.80159	0.12054	2.177	1.2344	1.3219	-1.462
-4.646	-1.546	-0.24951	-0.95141	0.43642	5.7313	1.1535	2.0033	6.4629	-0.26887	-2.0834	-0.45494	-2.3433	-2.8346	-5.5514	5.3686	-7.2672	-2.7245	-2.3858	-0.98939	-3.192	5.2738	0.6901	-0.70598	-3.5
-6.5522	-2.5329	2.6202	0.041664	1.0689	7.0381	-3.1653	4.0867	6.8784	0.29433	-2.1766	-0.095429	-1.8085	-3.6858	-6.154	6.8922	-8.6641	-4.1913	-2.9355	-1.6746	-4.5413	6.0118	-2.4772	-1.4551	-4.345
-8.2658	-4.1716	4.4421	0.64331	0.14299	7.5619	-2.7621	4.4549	7.762	0.096855	-3.9014	1.0829	-3.0534	-4.9236	-6.8465	9.1956	-11.066	-4.2951	-5.1425	-2.6486	-6.9123	7.1208	-2.0556	-4.3297	-4.2891
-9.3931	-5.8885	5.5757	1.6126	-0.076424	9.2832	-4.654	4.089	9.0931	0.567	-5.8633	0.42053	-4.4715	-5.8036	-10.002	10.075	-12.191	-4.8574	-6.2739	-0.83266	-8.3485	11.618	-2.9836	-6.0555	-4.5684
3.0085	1.5102	-1.036	2.029	0.60066	2.512	-3.1882	0.47248	1.1915	-2.229	-1.7232	-2.7303	-0.71216	-2.39	-0.13984	-3.1427	0.98341	-2.4457	-1.9866	-2.7725	-2.7087	3.2179	1.3937	0.72789	1.5446
2.0137	-0.5785	-0.20275	2.9971	0.63642	4.1892	-4.0613	2.2938	1.6054	-2.7893	-2.4192	-0.78666	-3.1969	-3.2434	-0.88467	-0.94973	-0.39866	-3.3125	-3.846	-0.87921	-2.3415	3.8712	-0.26441	0.70857	0.85304
0.075018	-1.9065	0.14594	3.0062	-1.2085	6.2773	-8.1996	1.3977	2.1178	-1.5933	-3.307	-0.4025	-1.7446	-3.4197	-1.4971	-1.2402	-2.3905	-3.502	-3.7935	-1.8496	-5.1505	5.7626	-0.1151	-1.7985	0.37709
-1.1596	-2.6661	2.4986	2.9894	-0.27461	7.6415	-8.908	2.3564	4.0545	-3.7131	-5.2408	-0.67891	-3.1219	-3.427	-3.8395	2.4494	-4.8287	-3.9726	-4.9139	-1.2959	-6.6602	6.9289	-0.89593	-3.4783	-2.0103
-3.1847	-3.8969	4.854	5.4477	-0.82113	9.4532	-8.4889	3.6805	5.1188	-1.6738	-6.0473	-0.092374	-3.7269	-6.365	-3.1695	3.7424	-6.1514	-3.3896	-8.9501	-3.0066	-8.8804	9.9117	-2.5848	-3.6128	-1.7755
-3.3502	-7.1145	7.3544	5.0859	-2.8316	11.096	-11.605	5.1882	5.7823	-1.1056	-7.1739	-0.90965	-5.0487	-8.618	-7.0304	5.2637	-7.2794	-5.0806	-10.698	-2.122	-9.673	11.452	-4.8848	-7.2375	-0.20867
-2.6629	0.54648	-0.54079	-1.1986	-1.4831	1.6251	3.11	-1.9683	1.7656	-1.9104	3.092	1.8982	-0.47586	1.4373	-0.01034	1.9405	-0.90112	-2.68	0.57143	2.576	-1.9231	-0.42473	1.5647	-2.8939	2.8029
-4.149	-0.65035	0.9461	-0.62051	-1.9287	3.2475	1.569	-1.024	2.3422	-1.4771	1.7159	2.4345	-1.5235	-0.22928	-1.1931	3.7315	-2.9541	-3.8228	-1.2711	2.6125	-3.9859	1.2224	0.19555	-4.4646	1.785
-5.1921	-1.9323	2.4598	0.07	-2.2631	4.5295	0.12396	-0.042878	2.9775	-1.1551	0.044261	2.8339	-2.5917	-1.9091	-2.4925	5.163	-5.0124	-4.8281	-2.8115	2.8199	-5.5285	2.9253	-1.2025	-6.0806	0.99586
-6.7278	-2.8052	4.372	0.8165	-2.2728	6.3774	-1.497	0.98042	3.9	-0.64555	-1.3864	3.3986	-3.1963	-3.5504	-3.5071	6.7046	-7.0105	-6.0957	-4.4208	2.6818	-7.6042	4.6751	-2.4025	-7.7462	0.17106
-7.7369	-3.6302	5.9531	1.5232	-2.4099	7.84	-3.0986	2.1915	5.0131	0.26875	-3.0343	3.8117	-3.6208	-5.1769	-4.1753	8.3534	-8.8309	-7.1833	-5.955	2.3937	-9.9887	6.161	-3.5614	-9.2939	-0.85225
-9.2058	-4.5625	7.792	2.4706	-3.0604	9.6719	-4.263	2.9563	6.2422	1.0091	-4.5428	3.7661	-4.5689	-6.6838	-5.0373	10.008	-10.711	-8.4635	-7.3856	2.3207	-11.639	7.9275	-4.5371	-10.8	-1.3715
0.36939	-1.9855	-0.012881	0.11207	3.1038	2.2285	2.9039	1.1237	-0.60601	2.7317	-0.12884	-1.6843	-0.6513	1.2879	0.36775	1.6116	3.1116	2.9041	0.22022	2.9131	-2.4139	-2.8169	-1.2287	0.5036	0.19446
-0.90292	-3.2301	1.533	0.61699	2.761	3.7682	1.4703	1.9015	0.32308	2.6471	-1.159	-1.3002	-1.6195	-0.69002	-0.78075	3.2144	0.9878	1.8354	-1.6969	2.5224	-4.0768	-1.5176	-2.3481	-1.1303	-0.44431
-2.2334	-4.1042	3.3778	1.2541	2.5946	5.4727	-0.34764	2.9951	1.235	2.6753	-2.3815	-0.98184	-2.4677	-2.2448	-2.0527	4.8902	-0.90181	0.69717	-3.8528	2.3536	-5.9617	-0.12056	-3.4683	-2.612	-1.3891
-3.247	-4.9246	4.4429	2.1435	2.7745	6.8815	-2.0108	4.1281	2.1815	2.6864	-3.6786	-0.87506	-3.2823	-3.7903	-3.268	6.0432	-3.0541	-0.4676	-5.1413	2.239	-8.2224	1.4759	-4.2139	-3.9179	-2.5883
-4.7002	-5.716	6.2291	2.9753	2.6324	8.8418	-3.8026	4.5498	3.2129	2.8779	-4.8578	-0.0923	-3.9608	-5.0411	-4.5925	8.0133	-4.8392	-1.5527	-6.5118	2.1811	-10.47	3.0056	-5.0036	-5.0544	-3.6532
-5.5866	-6.4503	7.8315	3.4395	2.0214	9.9943	-5.6652	5.6915	4.0421	3.3411	-5.8011	0.5163	-4.6896	-6.2734	-5.8989	9.3348	-6.438	-2.8905	-8.3295	2.2275	-12.261	4.2043	-6.0234	-6.179	-4.7798
0.25466	-0.42716	0.26795	1.334	-3.0353	1.8898	-2.245	-0.13518	-1.5271	-0.8221	1.0159	-2.0749	-1.3892	-1.8952	-1.915	-1.0874	2.3885	-0.18148	-0.60307	-2.0144	2.9448	-0.58118	2.1634	0.72424	-0.77488
-0.86226	-1.5646	1.3402	2.2058	-3.088	3.8039	-3.2424	0.63469	-0.30131	-0.56707	-0.43547	-1.7851	-2.0849	-2.802	-2.8571	0.23445	0.19125	-1.3331	-2.2044	-2.0161	1.7261	0.76516	0.97314	-1.1704	-1.4039
-2.1388	-2.7798	3.123	3.1089	-3.1656	5.316	-4.4937	1.7556	0.97032	-0.40464	-2.0536	-1.4587	-2.5423	-3.9528	-3.6533	1.7991	-1.637	-2.4037	-3.8891	-2.5647	-0.25129	2.6127	-0.18042	-2.9004	-2.383
-3.4055	-3.7577	4.6232	3.6568	-3.2701	6.893	-5.7136	3.0238	2.3834	-0.08625	-3.569	-1.2386	-3.1184	-4.9212	-4.1451	3.6201	-3.6076	-3.4726	-5.6754	-3.3377	-2.6156	3.8384	-1.7784	-4.2529	-3.4664
-4.5091	-4.7803	6.4794	4.0494	-3.4586	8.7455	-7.2946	3.5552	3.8639	-0.040064	-4.6839	-0.42647	-3.8755	-6.2849	-5.1289	4.6568	-5.2704	-4.6023	-7.6085	-3.3972	-4.5487	5.399	-3.4918	-5.3917	-4.4803
-5.9507	-5.6318	7.9596	4.7059	-3.674	10.243	-8.3863	4.3419	5.1705	-0.33105	-6.151	-0.01391	-5.0308	-7.5796	-6.0857	6.4391	-6.8717	-5.5584	-9.5645	-3.2157	-6.4003	6.7682	-4.8	-6.573	-5.6037
2.1349	-0.70482	2.9115	2.2048	-0.27355	-0.63931	1.0618	1.7843	0.029607	-0.0645	0.98581	1.8597	-0.44438	0.61345	-2.3845	-3.4871	-3.0651	-2.0847	-0.80927	-3.6539	3.604	2.0273	-3.5222	-2.8244	-1.4812
0.092856	-2.2746	3.5659	3.0522	-0.55707	0.44917	-1.8588	3.3959	3.1908	-0.48886	-1.4011	3.8336	-0.44147	-1.099	-1.5802	-1.0988	-5.9157	-2.6757	-1.0455	-3.2959	-0.090057	3.0326	-5.7328	-2.9619	-2.1922
0.17356	-1.646	4.888	4.4619	-0.19409	3.0791	-2.6048	5.1429	4.4189	-0.82018	-0.64571	3.2524	-1.1408	-2.4324	-4.5496	0.11389	-6.1992	-3.8418	-2.7608	-3.5417	-1.4571	4.5046	-5.0268	-4.7876	-2.7082
-2.2151	-3.2431	5.4881	5.326	-1.8228	2.7489	-2.8387	3.8227	4.1299	-2.5242	-2.859	4.5769	0.41624	-4.7622	-5.5197	1.9223	-7.2619	-6.2789	-5.7211	-2.8261	-4.4288	4.9192	-6.7171	-8.2495	-5.5143
-3.3442	-3.1059	8.4117	3.9611	-2.762	4.4377	-4.5802	6.1655	4.5891	-0.71372	-3.3182	5.1392	-1.8588	-4.7797	-4.3523	4.0697	-10.261	-7.6059	-8.3701	-1.4855	-4.6503	6.6068	-8.7534	-9.7183	-4.5559
-5.4832	-3.7779	10.69	6.007	-2.2278	4.5626	-6.3117	8.0987	7.1539	-1.5502	-4.306	5.3773	-1.5199	-7.3208	-6.0173	4.1594	-11.088	-7.6575	-9.26	-1.9426	-6.8267	6.7324	-10.653	-12.633	-6.4954
-0.53739	1.4532	1.767	-0.83344	1.5378	2.4634	-1.6165	-2.3261	-1.7266	-0.94191	-1.3371	2.6846	-2.8177	0.58195	-2.117	2.1252	-2.0877	0.01382	3.1358	-0.90804	-2.8444	-1.7982	-0.64157	-1.0446	-1.6981
-2.0924	0.54133	3.4469	-0.28889	1.6662	4.4304	-3.2549	-1.7538	-0.95494	-0.90099	-2.4744	3.389	-3.4102	-1.1263	-3.5431	3.7773	-3.4665	-1.4865	1.7781	-1.3626	-4.4893	-0.20412	-2.1407	-2.8551	-2.357
-3.0438	-0.65267	5.2536	0.39416	1.9303	5.6669	-4.3817	-0.97009	-0.17699	-0.59794	-3.5536	3.7215	-4.2697	-2.7428	-4.7281	4.897	-4.8859	-2.7782	-0.31947	-1.36	-6.2751	1.4858	-3.6095	-4.3669	-2.979
-4.5102	-1.5728	6.7382	1.2923	1.5966	7.4325	-5.8955	0.1657	0.77867	-0.36837	-4.9516	4.0117	-5.3933	-4.3022	-6.1911	6.7355	-6.4411	-4.1698	-1.9132	-1.2367	-8.3733	2.9344	-5.0587	-5.6308	-4.0271
-5.5606	-2.8936	8.2004	1.9247	1.0642	8.8536	-7.4733	1.1614	1.8734	-0.013644	-5.9809	4.5928	-6.2001	-5.5962	-7.3523	8.1522	-7.5383	-5.4022	-3.4106	-1.2536	-10.153	4.2207	-6.2205	-6.8332	-5.1335
-6.8066	-4.2715	9.5612	2.4079	0.73583	10.629	-9.0879	1.8895	2.9949	0.6115	-7.0413	4.89	-6.8071	-6.9138	-8.7983	9.4703	-9.2235	-6.6049	-5.5126	-1.308	-12.584	5.9579	-7.1974	-8.0506	-5.9511
1.1504	2.9021	-0.38953	2.7653	-3.1034	0.69273	1.8908	-1.6769	2.7159	1.6533	2.0501	0.46135	1.8374	-1.0736	-1.7367	-1.1782	0.53081	2.0719	-1.3159	-0.61196	2.2737	0.72056	3.0847	-1.8608	2.0549
0.052961	1.6084	1.6154	3.224	-3.549	2.1241	0.19015	-0.65105	3.2702	2.1838	0.89973	0.79142	1.1303	-2.7454	-2.976	0.6776	-1.0246	1.1946	-3.1192	-1.3673	0.11223	2.3206	2.0201	-3.8368	1.5312
-1.1117	0.78925	2.8987	3.5392	-3.761	3.7559	-0.89615	0.54524	3.7845	2.6085	0.0072335	1.5423	0.44204	-4.5675	-4.3144	2.2619	-2.9426	0.4725	-4.9512	-1.8444	-1.6155	3.6693	0.87765	-5.4066	1.1778
-2.5686	-0.49343	4.561	3.9406	-3.4219	5.3891	-2.5706	1.4942	4.4664	2.9002	-1.1158	1.8627	-0.38451	-6.3063	-5.5071	3.5894	-4.5107	-0.5358	-6.669	-2.1678	-3.5472	5.0267	-0.1086	-6.7587	0.33169
-3.3853	-1.8185	5.8257	4.5884	-3.1217	6.8521	-3.9885	2.1409	5.4668	3.4197	-2.141	1.8333	-1.2365	-7.7628	-6.9767	5.3301	-6.7427	-1.3989	-8.6645	-2.4948	-5.5077	6.3341	-1.4228	-8.2408	-0.84878
-5.0643	-3.1635	7.2367	5.2308	-3.2765	8.6177	-5.3935	3.42	6.5932	3.6469	-2.9253	2.4454	-1.9329	-9.127	-8.2471	6.4764	-8.5159	-2.4546	-10.163	-2.9989	-7.8031	7.961	-2.8694	-9.5403	-1.6969
-1.5766	-0.15207	-0.63381	0.62447	1.8873	-2.4802	2.0187	2.142	-0.9137	-0.43916	0.45366	1.2612	1.5227	1.6195	-0.69627	-0.44398	2.8658	0.45826	2.1963	-1.4046	0.76819	0.55491	2.9106	-2.6005	0.003133
-2.6697	-1.0305	0.84785	1.2341	1.3435	-0.73667	0.30034	2.9141	0.56378	0.088486	-0.33237	1.7584	0.38134	0.17004	-1.408	1.265	0.91457	-0.58698	0.44363	-1.6494	-0.89164	1.9812	1.4727	-4.2977	-0.53853
-4.2939	-1.7395	1.9286	1.6955	0.81739	0.72024	-1.1069	4.3027	1.7827	0.20527	-1.2156	1.5234	-0.26906	-1.1993	-2.0791	2.3532	-0.52103	-1.2028	-1.3292	-1.761	-2.5343	3.2854	0.06959	-6.3391	-0.85808
-5.2449	-2.9224	3.8458	2.2096	0.49503	2.3802	-2.9899	5.1641	2.8116	0.12625	-2.489	1.8303	-0.83737	-2.4361	-2.9366	4.158	-2.4012	-1.9832	-2.6692	-1.9392	-4.2754	4.8803	-1.3513	-8.161	-1.8094
-6.8687	-4.0062	5.1688	2.9628	0.3486	4.1144	-4.6399	6.0074	3.8221	0.2568	-3.5592	2.7399	-1.5534	-3.5344	-3.7775	5.6721	-3.826	-2.9643	-4.0804	-2.1195	-6.1459	6.4065	-2.6173	-9.8317	-2.753
-7.8105	-5.3816	7.1774	3.7151	0.31409	5.6827	-6.2107	6.9227	4.7078	0.50666	-4.6561	2.8586	-2.2564	-4.9501	-5.0587	7.241	-5.4332	-3.8509	-5.8812	-2.0682	-8.5264	7.9299	-4.2464	-11.366	-3.7222
-2.5738	2.5413	2.414	-0.38314	1.7692	-2.2076	0.75244	-1.5033	-0.34128	2.1603	-1.9078	-1.2318	-0.10491	-1.0185	1.8745	3.0614	-2.1412	-1.6524	1.27	-0.78204	2.9749	2.9661	0.90242	2.2614	-0.61617
-3.507	1.5955	3.8429	0.31534	1.6451	-0.53339	-0.97095	-0.34893	0.36741	1.9614	-2.731	-1.0486	-0.70799	-2.1183	1.1095	4.7872	-3.9191	-2.392	-0.58438	-0.65306	0.9015	4.6134	-0.15118	0.62091	-1.3747
-4.8721	0.59188	5.322	0.96286	1.636	0.93754	-2.3804	0.38239	0.85082	1.6423	-3.7595	-0.42969	-1.1318	-2.8832	-0.0014303	6.3651	-5.7517	-3.0373	-1.9787	-0.55933	-1.3631	6.0658	-1.0556	-1.0016	-1.9952
-6.0765	-0.043905	7.2547	1.5962	1.4551	2.5455	-4.2318	1.0062	1.4075	1.6258	-4.9783	-0.028859	-1.7972	-3.9892	-0.98063	7.7994	-7.2932	-3.781	-3.6651	-0.38329	-2.8841	7.9507	-2.0699	-2.7151	-2.773
-7.1271	-0.75086	8.5592	2.1119	1.0984	4.18	-6.2065	2.2755	2.2265	1.7149	-5.8108	0.42048	-2.9706	-5.0332	-2.1265	9.5403	-9.2606	-4.3851	-5.4478	0.14752	-4.8929	9.213	-3.4987	-4.4555	-3.9561
-8.6758	-1.619	10.08	2.4581	0.66807	5.9096	-7.9842	3.1252	3.126	1.8742	-6.7874	0.88008	-4.1624	-6.2041	-3.4401	10.693	-11.146	-5.3619	-6.7766	0.26941	-6.6062	10.81	-4.8605	-5.9631	-4.819
3.0473	0.37352	2.723	1.3838	-0.10024	0.87312	2.4344	-1.8919	-0.6571	3.0909	-0.61323	0.99762	2.5205	3.111	0.96187	-2.459	-2.9132	0.74161	0.42167	2.9011	1.5455	1.0206	0.14641	-1.5079	2.9013
1.8561	-0.90362	4.5671	1.7298	-0.27254	2.7331	0.84393	-0.80096	0.6333	3.3507	-2.0034	1.8257	1.4969	1.5425	0.0043803	-1.1148	-4.2711	-0.00023159	-1.5859	2.8819	0.23494	2.5616	-1.0889	-3.0437	2.3063
0.63017	-2.1111	5.6477	2.1303	-0.54527	4.044	-0.54805	0.3335	1.7514	3.4065	-3.6305	2.1675	0.76981	0.43172	-1.052	0.77712	-5.7974	-0.8234	-3.3681	2.6727	-1.255	4.1399	-2.0147	-4.7206	1.4141
-0.71403	-3.0851	7.4435	2.583	-0.54037	5.8694	-2.0783	1.1668	2.5329	3.0346	-5.2249	2.1865	0.31305	-0.70164	-1.8948	1.8987	-7.0379	-1.4619	-4.8737	2.0862	-3.4165	6.0014	-3.076	-6.4179	0.47979
-1.7651	-4.59	8.98	3.2021	-0.40689	7.4354	-3.8164	2.0019	3.139	2.7363	-6.5749	2.5791	-0.053462	-1.4383	-3.1482	3.3099	-8.6767	-1.9686	-6.0169	1.5702	-5.5131	7.3969	-4.4277	-7.8062	-0.42436
-3.2846	-5.9904	10.609	4.066	-0.42135	9.1363	-5.0596	2.9285	3.8791	2.8791	-8.1	3.1622	-0.96756	-2.4521	-4.3065	5.1723	-9.9788	-2.8292	-7.3587	1.2199	-7.4282	9.0558	-5.7385	-9.084	-1.7096
-2.9499	1.2329	0.12382	-2.7693	2.4494	-1.0663	-1.6975	-2.4244	-1.1874	-1.7054	0.95454	-2.7245	-1.4103	-1.3702	2.3868	-0.34961	1.6071	0.6487	1.7789	-2.4245	3.0054	2.1892	-2.8219	-0.21225	-1.0949
-4.4233	0.12117	1.5245	-1.9604	2.3824	0.29464	-3.4263	-1.5581	-0.4277	-1.7292	-0.70813	-1.9429	-2.2581	-2.7935	0.79915	1.0718	-0.44312	-0.81181	0.20915	-2.7078	1.8138	3.8073	-4.2285	-1.7328	-1.7263
-5.5167	-0.96325	3.2554	-1.3011	2.4444	2.1113	-5.1717	-0.59001	0.21892	-1.4512	-2.3683	-1.7	-2.775	-3.6607	-0.66456	2.9801	-2.261	-2.1494	-1.7519	-2.6474	0.12277	4.881	-5.5235	-3.2224	-2.712
-7.0228	-2.6197	4.854	-0.6795	2.6221	3.7705	-7.1618	0.071501	0.62276	-1.2775	-3.6383	-1.9626	-3.1759	-4.6381	-2.3321	4.2252	-4.0259	-3.4524	-3.2104	-2.8706	-2.3415	6.4544	-6.7952	-4.4463	-3.6756
-8.2075	-3.8443	6.3818	0.20722	2.6709	5.2857	-8.8053	1.4376	1.1229	-0.85298	-5.0204	-1.5358	-3.874	-5.5885	-3.7206	5.4899	-5.8228	-4.5047	-4.8544	-3.596	-4.228	8.129	-8.2101	-5.5062	-4.8513
-9.5127	-5.1878	7.8329	1.1576	2.3007	6.9662	-10.293	2.1789	1.8353	-0.033496	-6.2129	-0.58917	-4.9997	-6.5325	-5.2	7.3486	-7.02	-5.739	-6.3977	-4.216	-6.0463	9.5345	-9.9264	-6.6305	-5.7849
-1.3744	0.56302	-0.1498	0.74169	-1.0542	-3.732	0.14048	0.7737	-2.8767	-0.86202	-0.96716	0.47041	1.0897	2.6003	4.1424	-3.4059	-2.7164	-0.65257	3.5097	1.0647	-0.92335	-1.7507	-2.0404	1.7018	-0.13539
-2.9419	-0.25026	1.3006	1.2674	-0.25059	-0.98185	-0.90511	0.11464	-1.7707	1.1831	-0.57019	-0.15622	1.2396	-0.040864	0.703	-0.61255	-3.1281	-0.82943	1.2344	0.23136	-0.96706	0.86978	-5.3558	-0.47958	0.21669
-3.108	-0.87156	3.9527	0.076817	0.088363	1.0317	-3.3485	0.022977	1.1082	1.0298	-0.77101	0.28295	0.46709	-1.2408	-0.41398	0.55973	-6.0848	-0.93469	-0.91064	1.2665	-2.966	0.98078	-5.8127	-2.1457	-1.905
-6.5062	-3.5057	4.2843	2.0224	-0.073912	2.3948	-5.7686	3.1927	1.7281	0.75865	-1.0166	0.56017	0.42804	-1.0278	-2.1664	2.1653	-6.2264	-4.0999	-0.45945	-0.2538	-5.4989	2.3776	-6.9672	-2.3824	-1.9826
-6.0453	-2.7982	6.9532	1.9983	-0.72503	3.1143	-5.7417	3.3646	2.2424	1.2607	-3.76	1.2282	-0.68317	-5.2898	-1.6982	3.5469	-8.9745	-5.0165	-3.1758	-0.92585	-7.1949	3.9304	-8.9748	-3.4689	-2.0229
-8.0063	-6.0175	8.7983	3.1451	-1.8611	7.0242	-7.1651	3.3249	2.9382	1.7796	-5.8163	2.6308	-1.1773	-5.1578	-5.3522	5.5933	-10.411	-5.9607	-6.1727	-0.72817	-9.3081	6.9069	-9.1867	-5.1158	-4.3388
-2.4409	2.0007	-4.6165	-1.7918	0.21282	-2.4062	0.40453	0.30586	0.13776	1.9894	0.71438	-2.0257	0.033066	-3.7869	0.81156	3.1906	2.5848	1.0008	-1.7226	2.0449	3.1714	0.21698	2.0572	-1.2297	-2.9396
-1.4736	1.7291	0.59666	-0.33949	0.58055	-0.66146	-0.60371	3.2089	0.82203	0.23779	1.6171	0.5833	1.7385	-3.2228	-1.4603	3.3936	0.074812	-1.1494	-3.208	0.23552	0.11818	0.74687	1.6488	-1.5532	-2.9061
-5.8377	-1.1742	-0.19284	0.2996	2.89	2.1001	-2.3938	4.1824	1.9134	2.6654	-1.9404	-1.1083	-1.0013	-6.6417	-0.91481	4.652	-0.69596	-2.6281	-7.0621	1.0965	-1.8745	4.1809	0.52687	-4.4777	-3.5315
-5.9731	-1.8863	2.5544	0.4613	0.10208	2.08	-3.3948	4.0147	3.3811	0.59702	-0.64676	-0.45488	-1.9302	-7.0441	-1.7773	6.8169	-0.6274	-4.1197	-5.8985	0.49678	-2.1171	5.672	-0.56793	-6.9704	-4.4798
-7.6659	-2.0987	4.8138	1.7658	0.73668	2.692	-5.213	7.0162	2.3054	2.5921	-1.9963	-1.384	-2.5738	-10.092	-1.7852	8.0288	-3.9229	-5.6638	-8.21	-1.1401	-4.8418	8.1622	-2.3832	-9.085	-5.7368
-8.4879	-1.9784	6.3425	2.3378	-0.913	6.2913	-9.2853	6.7616	1.7353	0.36324	-3.8676	-1.0024	-2.3661	-9.1705	-3.6985	10.807	-5.3064	-4.9011	-12.184	-3.3851	-5.5609	7.5565	-3.8255	-9.455	-6.1734
1.9389	-3.1403	-3.4001	-3.0477	-0.88248	-3.2722	-2.2889	-1.9118	0.91274	3.2651	0.90133	-0.55476	2.176	0.1072	-0.084778	1.7356	1.3219	-1.0474	0.04757	0.42228	-0.085841	0.38975	2.7654	-3.9335	-1.5779
-0.039246	-3.7795	-0.39645	-0.27374	-2.8636	-1.4305	-4.0189	1.5164	1.148	4.4594	-4.5865	0.89501	4.8904	-2.5083	-2.6151	0.2245	-1.6799	-4.1096	-2.9128	0.028281	0.7517	3.7724	2.7028	-3.7698	-2.401
0.17051	-5.8193	0.01483	-0.41845	-1.7243	0.20696	-2.6228	-0.83218	1.1116	0.39008	-3.5799	1.1631	1.3125	-2.8207	-5.0615	5.06	1.2335	-7.2716	-2.6719	-2.256	-2.8141	1.7065	0.62491	-5.6795	-1.4743
-2.1751	-6.9789	3.9509	3.094	-0.31676	-1.9301	-7.3232	0.91212	1.1485	6.463	-0.42955	-1.0893	0.70218	-6.1237	-8.0486	8.7646	-1.3324	-4.7295	-3.4567	-1.5679	-4.8129	3.5109	-0.50502	-4.2459	-2.3961
-2.1598	-8.224	4.0852	0.70249	-1.1337	4.1438	-9.256	2.7761	3.2009	3.3148	-6.9229	0.13261	-1.9238	-5.1629	-7.9698	5.8102	-4.9239	-6.4691	-7.0584	-0.02819	-4.4481	9.0068	-1.8108	-7.3262	-5.2733
-4.8014	-5.6504	3.1087	-0.69119	-1.1136	6.7271	-7.2096	4.4946	2.705	6.4175	-7.0016	1.442	-3.6503	-10.131	-8.1107	8.4996	-5.6464	-7.9696	-7.1573	-2.2132	-7.5006	8.0291	-3.119	-7.4473	-3.9289
1.5011	0.42346	2.9439	2.0379	2.8863	0.91905	-0.75628	-0.14711	2.5867	-3.0467	-2.156	-0.17855	0.26999	-2.7651	0.99243	2.4469	-2.4515	-0.39078	-1.3802	3.0473	0.683	-1.5465	-2.3072	0.28263	2.0586
0.31231	-0.75359	4.5206	2.8174	3.1012	2.555	-1.9641	0.81111	3.6674	-3.0065	-3.6037	0.41163	-0.59405	-4.1543	-0.27015	3.859	-3.9295	-1.1272	-3.4554	2.8616	-1.1855	-0.34775	-3.6379	-1.1783	1.5249
-1.1605	-2.2923	5.9131	3.4794	3.0058	4.1663	-3.1314	1.5784	4.7921	-3.2225	-4.8161	1.0742	-1.7133	-5.7467	-1.4978	5.4138	-5.438	-2.2323	-5.0207	2.4749	-3.1299	1.3027	-4.779	-2.9407	0.68871
-2.247	-3.597	7.7202	4.1944	2.4642	5.7874	-4.6663	2.6731	5.9784	-3.2425	-6.34	1.164	-2.7044	-7.0624	-2.5782	6.95	-6.9654	-3.1977	-6.2561	2.0925	-5.0833	2.7797	-5.7243	-4.7175	-0.061707
-3.7597	-4.8476	9.4356	5.1401	2.0973	7.5476	-5.8329	3.6253	7.1015	-2.8476	-7.9099	1.1657	-3.7441	-8.5724	-3.8048	8.5922	-8.3345	-4.4689	-8.0613	1.927	-6.6863	4.1889	-6.8863	-6.4398	-0.68968
-4.7299	-5.6156	10.911	6.2302	2.1022	9.0911	-6.8681	4.5627	7.9724	-2.5063	-9.3943	1.881	-4.5278	-9.8544	-4.7547	10.076	-9.853	-5.525	-9.7856	2.0305	-8.8036	5.5246	-8.4492	-8.2351	-1.6477
2.0934	-1.8607	0.27894	2.3546	-2.3801	2.2379	2.5106	-1.7718	-2.6566	-0.16193	2.104	-0.19221	-0.54152	0.017247	-2.3522	-2.3092	2.3266	0.64653	-1.4739	2.291	-2.7751	-0.26531	1.3955	-1.0111	-0.62034
0.7444	-3.3164	1.8858	3.4445	-3.069	3.6816	0.83396	-0.93903	-1.6847	-0.15389	0.65127	0.19764	-1.3301	-1.5802	-3.6181	-0.68511	0.65995	-0.75237	-3.1916	2.7346	-4.7136	1.1436	0.38926	-2.742	-1.4886
-0.4959	-4.315	3.3075	4.2887	-3.3276	5.4307	-0.58508	-0.021386	-0.89623	0.035382	-1.0572	0.36498	-1.6321	-3.1463	-4.7215	0.56109	-1.1162	-2.0503	-5.1975	2.5722	-6.769	2.8026	-0.75788	-4.219	-2.5546
-1.8374	-5.3084	5.1056	4.9509	-3.1046	6.8766	-1.8144	0.83019	-0.28233	0.27045	-2.5088	0.76697	-1.9459	-4.2977	-5.85	2.4172	-2.6955	-3.0848	-6.9592	2.0553	-8.8329	4.1611	-2.0268	-5.5131	-3.443
-3.0799	-6.2541	6.817	5.7851	-3.2693	8.8079	-3.4964	1.9486	0.4488	0.52543	-3.7245	1.342	-2.7348	-5.6007	-6.9548	3.9407	-4.4896	-4.2268	-8.7685	1.8422	-10.967	5.4081	-3.4095	-6.9689	-4.6471
-4.3309	-7.2355	8.3414	6.9971	-3.914	10.024	-5.0864	2.7474	1.3697	1.1521	-5.1426	1.6293	-4.0933	-6.7661	-7.744	5.3552	-6.1136	-5.0578	-10.916	1.8907	-12.473	7.017	-4.5625	-8.5721	-5.6489
2.2302	2.0465	-2.11	0.10535	-0.43789	2.3135	-0.97958	-1.4002	-0.045542	-0.71221	3.8103	1.7823	1.9826	1.2794	1.6127	1.0903	-2.4787	-2.719	-3.9165	2.1149	-0.81462	-1.5251	-1.6992	0.10668	-1.0513
-0.19786	1.682	-1.2359	-0.064427	-2.0508	3.8895	-2.1289	-0.6795	0.40982	1.4494	-0.25724	3.1504	0.33495	-0.13226	2.3511	3.1767	-4.3689	-1.3478	-4.9325	1.3384	-1.4	2.5953	-2.143	-1.0077	-0.84472
-0.26432	-1.2024	1.3807	0.33368	-0.38143	5.5258	-2.9113	0.43087	3.0659	1.7233	1.0748	3.5042	2.3245	-1.6968	-0.33941	6.8262	-8.0879	-3.8064	-4.6005	2.6238	-2.0822	0.13579	-2.7787	-3.2132	-1.3889
-0.42247	-2.0363	2.3548	0.42819	-0.25094	8.1006	-4.3676	1.2609	2.6775	-0.5016	-0.87745	6.6379	0.35628	-3.1375	-1.0651	7.5571	-9.371	-4.9081	-8.1611	1.1604	-5.2575	2.874	-6.5988	-3.0146	-2.6134
-2.8781	-4.083	3.9131	-0.080139	-0.62309	8.712	-8.7049	2.404	5.2187	1.0381	-2.6024	4.4599	-1.0779	-2.064	-4.0764	7.9245	-11.773	-3.1222	-7.387	-0.48482	-8.6058	5.8848	-7.3793	-4.7229	-4.0683
-4.2469	-4.5403	5.4496	1.3874	-0.84061	7.7602	-8.8192	3.6348	3.8873	2.6788	-4.3911	4.1957	-1.0194	-4.246	-3.2747	9.9973	-11.633	-3.728	-10.118	0.1431	-9.1886	5.7897	-9.1913	-6.945	-5.3602
0.435	-1.5777	-1.1348	2.5798	2.4192	1.85	2.6741	-2.0169	0.11016	0.79759	2.5948	1.0297	-0.69587	1.5072	1.9947	0.63017	-2.6062	2.6524	-2.8034	0.16972	-2.3936	-0.7527	1.9646	-1.6071	2.4142
-0.5966	-3.1785	0.68989	2.7496	1.9146	3.1931	0.94516	-1.126	1.1027	1.1523	1.1655	1.786	-1.1613	0.14408	0.9977	2.3105	-4.4567	1.791	-4.9226	0.085728	-4.5303	1.2189	0.97351	-3.8908	1.4661
-2.0862	-4.6632	2.1277	2.7872	1.2571	5.0693	-0.44084	0.10372	2.2215	1.1267	-0.25644	1.96	-1.7396	-1.0563	0.16919	3.7111	-6.0101	0.73216	-6.7018	0.12981	-6.6918	2.6407	-0.085173	-5.799	0.71188
-3.2376	-5.9854	3.5998	3.0274	0.85224	6.6638	-2.1775	0.75327	3.1938	1.133	-1.9659	2.055	-2.7216	-2.4239	-0.94317	5.4597	-7.8097	-0.48531	-7.9049	0.028074	-8.7038	4.4453	-1.0229	-7.2724	-0.14172
-4.5897	-7.0538	5.2177	3.6612	0.68802	8.3242	-3.9723	1.8437	4.2022	1.4689	-3.378	2.6984	-3.6996	-3.5383	-2.2129	6.9832	-9.406	-1.5986	-9.5618	-0.050738	-10.675	6.0616	-2.2153	-8.7273	-1.4033
-5.7892	-8.0881	7.0355	4.4593	0.65433	9.7998	-5.5139	2.899	5.2081	1.8778	-4.6245	2.913	-4.5528	-4.9611	-3.4105	8.6627	-10.981	-2.9586	-11.358	0.048595	-12.282	7.9087	-3.7534	-10.273	-2.3138
0.12353	-3.0104	0.43961	1.4045	-3.0959	3.7427	0.61402	1.1468	3.4672	-0.55165	-1.4694	1.6559	1.6468	-0.064505	-2.187	0.17057	-2.5698	-1.2429	-0.92093	-1.4439	0.71651	-0.3393	2.5591	-1.6532	2.1747
-3.5803	-2.0284	-1.4537	3.9823	-3.3559	2.5745	-0.89698	2.5112	3.2549	-1.6145	-2.4727	3.3044	1.8384	-1.5509	-3.9293	2.8631	-4.67	2.0518	-3.0477	-1.0868	-0.13518	-0.11902	-1.315	-3.843	0.43559
-2.6659	-4.2357	1.0136	3.0229	-1.6393	2.6803	-3.1028	3.1911	3.7351	-0.77327	-3.1689	1.6033	2.0999	-2.578	-4.9313	3.8955	-5.1019	-0.18619	-3.4056	-2.4331	-1.9486	3.9611	1.1224	-6.2554	-1.8142
-4.1665	-4.9979	3.7437	3.6618	-2.8671	5.0274	-5.2922	3.865	4.7529	-2.3537	-5.6415	4.345	-1.468	-4.6497	-5.4743	4.1992	-6.6414	-2.4054	-7.1259	-4.078	-2.3477	2.9696	-1.2135	-5.5239	-0.94404
-5.4693	-5.608	2.8572	6.9199	-5.3601	7.134	-5.0604	5.5238	4.1048	-0.67479	-7.6987	4.5942	-0.63154	-7.2789	-6.7055	7.8619	-8.4787	-2.84	-6.5249	-1.7794	-6.167	6.272	-2.9881	-8.0163	-3.679
-7.2059	-4.787	7.2698	5.8447	-3.9243	9.7802	-7.853	7.739	7.7786	-1.3338	-7.8708	3.5036	-2.9145	-8.1519	-8.9064	7.7151	-10.166	-3.2636	-11.147	-2.4886	-8.7114	7.7834	-2.8136	-10.147	-3.4458
0.61666	0.65509	0.1032	-3.0929	1.1865	2.801	2.3458	-2.4286	-0.9133	-1.6206	0.37889	0.70793	-1.2509	1.8723	1.8566	1.7653	-0.9351	-2.799	1.3107	3.0956	-2.1196	-2.4268	2.5929	-0.11519	2.2093
-0.69891	-0.33432	1.3265	-2.6415	1.0391	4.2412	0.41555	-1.5657	0.18867	-1.7125	-0.87441	0.89069	-1.9865	0.27094	0.27949	3.3444	-2.053	-3.6837	-0.38624	2.7482	-4.1325	-0.87224	1.0311	-1.1681	1.0206
-1.9393	-1.4029	3.1015	-1.9409	0.94065	5.9684	-1.3362	-0.40995	1.2978	-1.5948	-2.2133	1.0348	-2.7643	-1.2993	-1.2033	4.8963	-3.6259	-4.5748	-2.1508	2.4064	-5.9549	0.63195	-0.43703	-2.3667	0.10735
-3.1269	-2.5908	4.7336	-0.95639	1.0697	7.5285	-2.9021	0.31729	2.3112	-1.3849	-3.2061	1.5893	-3.5953	-2.9489	-2.703	6.6023	-4.8859	-5.5567	-3.7416	1.9388	-7.8982	2.104	-1.6691	-3.8015	-0.94484
-4.5014	-4.0754	6.2477	-0.04366	1.2218	9.242	-4.6436	1.5082	3.262	-0.67571	-4.562	1.9394	-4.2148	-4.4295	-4.0326	8.2353	-6.2723	-6.2976	-5.5119	1.5253	-10.448	3.3168	-3.3035	-5.2471	-1.8817
-5.4767	-5.359	7.7699	0.88497	1.0657	10.657	-5.7668	2.3934	4.0025	0.12979	-5.7164	2.152	-5.0325	-5.85	-5.4343	9.708	-7.6615	-7.3398	-6.8614	1.2723	-12.111	4.6073	-4.9492	-6.6188	-2.6457
-1.9672	-1.5876	-2.7997	0.68428	1.741	0.069482	-2.9657	3.0796	0.0059027	-1.0551	-2.048	0.789	0.47185	1.5762	-2.1759	-0.89938	-2.236	2.2018	-1.0182	-1.4118	-3.1023	1.896	-0.016276	0.23765	2.3293
-3.3165	-2.9782	-1.2197	1.4918	2.0576	1.8939	-4.4387	3.8528	1.0665	-1.0742	-3.3808	1.1624	-0.15952	0.19172	-3.1369	0.92634	-3.7013	0.87116	-2.5669	-1.8862	-5.4194	3.1427	-1.5748	-1.4081	1.2536
-4.5253	-4.3507	0.3131	2.0284	1.8774	3.3524	-5.5435	5.0322	1.9264	-1.2633	-4.9368	1.7513	-0.74583	-1.3074	-4.4756	2.2832	-5.3386	-0.15776	-3.7474	-2.5032	-7.4804	4.554	-3.2826	-3.485	0.28362
-5.7867	-5.5244	1.8263	2.4604	1.5038	5.1012	-6.5274	6.0466	2.6078	-1.1655	-6.2469	2.1289	-1.767	-2.444	-5.8317	3.8056	-6.5256	-1.1823	-5.3529	-3.105	-9.4656	6.092	-4.9588	-5.5639	-0.24673
-7.0708	-6.6033	3.3199	2.9445	1.413	6.6648	-7.8973	6.9366	3.217	-0.81841	-7.9705	2.4701	-2.8708	-3.7031	-7.1298	5.4615	-8.2176	-1.8924	-7.1035	-3.7205	-10.957	7.6783	-6.3537	-7.2506	-1.0746
-8.2464	-7.7755	5.1753	3.5385	1.7015	8.2797	-9.206	7.9247	4.0034	-0.64829	-9.5923	2.8846	-3.6833	-4.7934	-8.5317	6.9926	-9.6479	-2.886	-8.6974	-4.0421	-12.149	9.1311	-7.5904	-8.9331	-2.0887
1.0556	-2.017	0.31711	2.888	0.60302	1.9378	3.0429	2.4236	-1.7971	-2.9225	-0.30694	-3.0534	-0.1651	2.8335	-1.5766	-0.71326	-0.4306	2.078	2.0388	-0.29517	-0.75008	2.6745	1.5125	1.4923	2.8066
-0.039694	-3.1322	2.013	3.6396	0.44159	3.332	1.4724	3.6604	-1.201	-2.8021	-1.5694	-2.7716	-1.458	1.3438	-2.5238	0.81645	-1.8759	1.0407	0.25156	-0.34627	-2.571	3.9823	0.074225	-0.15547	1.7705
-1.4928	-4.1435	3.8926	4.5925	0.20971	5.2137	-0.063199	4.3651	-0.79841	-2.1197	-2.7531	-2.1676	-2.4183	-0.41086	-3.5761	2.3912	-3.2378	-0.21089	-1.737	-0.75686	-4.1456	5.9188	-1.3741	-1.7306	0.75601
-2.5959	-5.4672	5.2019	5.6138	-0.35371	6.6151	-1.9788	5.309	-0.25065	-1.5944	-3.5836	-1.7885	-2.9563	-1.9389	-4.5702	3.9688	-4.5552	-1.3551	-3.0306	-1.1032	-6.1842	7.2333	-2.6349	-3.4113	-0.45159
-4.005	-6.5815	6.8582	6.1678	-0.63888	8.2443	-3.338	6.2331	0.48183	-1.0546	-4.5224	-1.3803	-3.3275	-3.587	-5.936	5.6145	-6.1677	-2.4792	-4.5233	-1.0504	-8.5173	8.9417	-3.9957	-5.2818	-1.1427
-5.2101	-7.4681	8.0646	6.6043	-0.40734	9.8665	-5.1741	7.1516	1.3038	-0.34385	-5.671	-0.85315	-4.1212	-4.9342	-7.0473	7.0044	-7.269	-3.5008	-6.5384	-0.66461	-10.395	10.445	-5.6924	-7.1055	-1.6024
1.833	-0.30035	2.193	-0.68809	1.497	2.992	0.14632	-0.44013	-1.839	-1.109	-2.4437	-0.78368	-1.0682	-0.99158	1.9915	0.19898	0.13265	1.7227	-2.3847	0.78783	-0.96305	-1.0386	0.46859	2.2855	-1.893
0.51573	-1.6594	4.1009	-0.097951	1.374	4.6823	-1.1599	0.26684	-0.78	-0.5241	-3.2849	-0.59621	-1.7142	-2.5376	0.47367	1.6357	-1.759	0.83835	-4.1762	0.55733	-2.5089	0.6408	-0.44273	0.90102	-2.6961
-0.78466	-2.9219	5.7287	0.59353	1.2287	6.33	-2.5221	1.2604	0.12543	0.21308	-4.384	-0.38096	-2.2038	-4.0471	-1.3568	3.438	-3.3171	-0.39335	-6.3404	0.49383	-4.2962	2.4551	-1.3085	-0.54639	-3.3377
-2.1341	-4.6271	7.5088	1.2629	1.1026	8.0242	-3.8478	2.4388	1.0468	0.63635	-5.4731	0.31423	-2.9496	-5.1508	-2.9304	4.7073	-5.3335	-1.5433	-7.8712	0.44466	-6.314	3.8073	-2.6337	-2.2904	-4.3153
-3.446	-5.7227	8.7479	1.7448	0.96507	9.5063	-5.5332	3.2985	1.9456	1.1897	-6.4985	0.88193	-4.0832	-6.4188	-4.553	6.5398	-6.638	-3.0561	-9.9074	0.59493	-7.858	5.6812	-4.2069	-4.4062	-5.0265
-4.7611	-6.909	10.193	2.0857	0.62236	11.053	-6.6629	4.0146	2.7157	1.6202	-7.4442	0.96075	-4.7927	-7.2814	-5.8786	8.1003	-8.2897	-4.3628	-11.813	0.73384	-9.9978	7.2882	-5.6592	-6.1888	-5.7289
3.5307	-2.9974	-1.5734	0.81111	3.1915	0.69213	-2.4035	0.42363	0.25904	0.36811	-1.8036	2.6792	0.25984	-0.82192	-2.776	-2.0027	-1.7929	-0.61663	2.1125	-0.96723	-3.2834	-1.4709	0.49829	-1.5377	2.5355
0.31292	-3.3323	-0.1361	2.2681	3.2975	0.53798	-2.9058	2.6898	1.8986	-0.43017	-6.3021	2.8623	-0.54411	-1.7808	-4.1606	0.85645	-2.3552	-3.4982	1.4997	0.23559	-5.2048	1.4568	0.8204	-3.901	2.481
0.45941	-4.2475	1.9237	1.9352	3.2461	4.3494	-4.7489	3.1142	1.3201	1.4316	-5.2755	2.703	-0.27122	-0.88666	-4.6374	2.4039	-5.1838	-5.7768	-1.8262	1.6157	-5.9967	1.2993	0.41311	-4.0638	0.10664
-2.8318	-4.2025	2.3263	2.0268	1.6504	3.3101	-5.2144	3.0237	2.3381	1.1795	-7.4106	3.1177	-1.837	-5.3956	-5.4781	4.26	-7.3878	-5.8205	-2.6012	0.45929	-8.5664	4.4082	-0.28099	-6.9947	0.86726
-2.9773	-6.4126	5.7628	3.5157	1.8855	6.5897	-8.1242	4.1897	4.6893	1.5918	-8.3583	3.4713	-3.1598	-6.6226	-8.6397	4.4087	-8.8834	-5.9562	-5.4139	-1.3611	-9.8738	5.9184	-0.72507	-7.8281	-0.80554
-3.1088	-7.0867	7.0383	4.9707	0.42065	7.6579	-9.1869	6.6116	5.5031	3.3507	-9.854	4.0763	-3.952	-6.8805	-9.1875	7.1669	-10.377	-7.4846	-7.302	-0.80565	-12.131	7.9538	-1.9991	-9.7342	-0.46087
-1.8553	-3.0149	2.162	-0.19216	-2.199	-1.861	-3.7195	-0.46155	2.1018	1.4861	2.5969	1.0515	-0.52908	1.7754	3.3025	0.80075	-1.0226	1.8268	-2.9671	-0.13841	-0.43676	0.32153	0.32642	-3.2577	-1.7729
-3.2092	-3.4941	3.6981	-1.2063	-2.3323	-0.97612	-4.4863	0.19098	3.5237	1.9534	0.39223	1.4899	-1.2303	0.19733	1.6556	1.3108	-1.558	1.1261	-4.0697	-2.875	-1.1066	2.3879	-0.89085	-4.2906	-3.1016
-4.9476	-4.7738	4.7039	-1.4477	-3.1199	1.1587	-5.7809	2.9521	4.2773	2.7683	-2.1767	2.0362	-1.6417	-1.3769	0.63242	3.6133	-4.2027	0.57743	-4.0742	-3.2633	-4.2487	3.7143	-1.4863	-4.887	-3.1841
-7.5247	-4.3259	7.8756	-0.11641	-2.055	1.9167	-7.2732	3.4579	4.4107	3.9298	-2.2136	1.6278	-2.163	-3.9465	-0.15775	4.8159	-7.5871	-1.1128	-6.585	-3.0413	-4.8164	4.8728	-3.9139	-6.3039	-4.7287
-7.2373	-6.5138	9.5652	-2.6152	-4.2217	4.5536	-7.5927	3.2325	5.1881	3.846	-3.7389	2.5355	-3.2101	-4.4298	-1.8497	7.001	-8.0254	-1.6514	-8.7332	-2.9062	-5.5824	7.6564	-5.0242	-7.5051	-5.0537
-8.2236	-7.7374	10.191	-0.38852	-2.8137	5.4182	-9.342	4.5397	6.8894	4.1575	-5.6307	2.2944	-3.8769	-6.9273	-2.3536	7.8494	-11.175	-1.8859	-9.6929	-2.9197	-8.1191	8.1994	-4.6466	-10.906	-5.589
-1.9001	-1.7552	-6.1344	0.92249	-0.03259	-2.8577	-0.35164	-1.6669	-1.006	0.52933	1.4482	3.2849	-1.9926	-0.31058	0.60877	-3.8203	1.4017	-0.33399	-1.4686	3.0767	2.8355	-0.018669	2.1177	-5.7757	0.75799
-0.55615	-4.2516	-3.9584	-0.79782	-0.38537	-1.6541	-2.3276	-2.1931	-0.52288	1.6495	0.37306	1.9218	0.46204	-1.8645	-0.60691	2.9101	1.3947	0.14992	-4.5163	3.2845	-2.7756	1.337	-5.1787	-4.7578	-2.2623
-2.1438	-3.9365	2.3026	2.6562	0.17964	1.881	-3.0538	-0.60919	0.13808	0.73272	-1.3857	3.3086	-3.6132	-3.5171	3.4885	2.3852	-0.16173	-3.286	-7.0629	2.5502	-4.2833	2.6249	-5.7212	-6.8656	-5.1426
-4.5652	-4.8651	2.2564	3.0028	2.2856	4.8043	-3.5758	3.9645	3.2948	1.4759	0.9612	5.2836	-4.0204	-1.2115	-1.4084	5.7581	-3.892	-3.5779	-5.5473	0.73865	-3.7506	0.50373	-6.7707	-6.5471	-4.0642
-6.8054	-9.0399	2.5748	2.462	0.21297	6.5394	-4.9363	0.83571	3.8952	2.3586	-1.6348	5.1052	-4.6997	-5.3691	0.23219	4.8411	-3.3243	-3.581	-7.3807	-0.07281	-5.6651	5.3587	-8.6534	-8.5496	-3.0361
-5.5469	-5.1487	4.8016	3.5486	-0.56065	7.4338	-11.189	0.41675	4.6353	2.5603	-3.6596	3.8346	-4.5504	-9.0833	-1.6374	6.5318	-4.1456	-5.8338	-9.3607	0.49132	-9.353	7.6543	-9.498	-8.5933	-6.062
0.67358	-2.6956	2.6676	0.89226	-2.4837	1.2574	-0.65435	-2.6068	-1.7931	-1.5775	-1.7166	1.2749	1.5961	0.29696	0.33588	0.82	3.0487	0.84327	0.63086	2.5697	0.44485	-1.0336	2.8708	-0.37728	0.63769
-0.41244	-3.6254	4.4771	1.5216	-2.5596	2.7054	-2.0755	-1.244	-0.81257	-1.3557	-2.9219	1.7164	0.45893	-0.87479	-0.63485	2.3672	1.8347	-0.16851	-1.3226	2.8434	-1.03	0.45209	2.1101	-1.9304	-0.52879
-1.8736	-4.3194	5.7874	2.2502	-2.8326	4.5073	-3.7682	-0.40994	0.33775	-1.3248	-4.1213	2.3201	-0.58723	-2.1418	-1.5325	4.0651	0.12803	-1.4294	-3.1109	3.0595	-2.9973	2.2828	1.1327	-3.2938	-1.4941
-2.9333	-5.3527	7.6056	2.9665	-3.4379	5.8139	-5.0706	0.25682	1.6007	-1.2874	-5.123	2.8768	-1.3979	-3.4724	-2.2602	5.5954	-1.1163	-2.4051	-4.9621	2.611	-4.6399	3.9367	0.029401	-4.5421	-2.4587
-4.3347	-6.1651	8.7185	3.3251	-4.0488	7.7042	-6.4409	1.3297	2.804	-0.93179	-6.2492	3.1123	-2.2798	-4.7061	-3.3106	6.9676	-2.9324	-3.5086	-6.8093	1.9994	-6.1707	5.493	-0.97687	-5.7622	-3.741
-5.4844	-7.1868	10.725	3.5763	-4.2034	9.1595	-7.8234	2.5042	3.7549	-0.83074	-7.5034	3.1372	-2.8843	-6.1712	-4.2902	8.8533	-4.5561	-4.5547	-8.588	1.9754	-8.3018	7.3612	-2.3067	-7.0532	-4.6039
1.0964	-2.3435	-2.5039	-1.0347	2.487	-0.16036	-0.1842	-0.92338	0.9646	1.8282	1.2878	-2.153	-0.032724	-0.52344	-0.97528	0.28453	-1.0361	1.8547	-0.32693	0.91821	0.54999	0.80006	2.9609	0.502	1.8668
-0.10714	-2.6425	-0.78439	-1.7446	2.4259	1.9784	-1.7576	0.51216	2.8669	0.48439	-1.1203	-0.91009	-0.5725	-0.97605	-2.4778	1.1431	-3.0141	0.62859	-2.4771	1.082	-1.9201	2.3962	0.8506	-2.0991	1.9867
-1.7949	-4.3114	1.5489	-0.47144	1.957	2.7739	-2.4748	1.4622	4.7186	0.97968	-2.8003	-1.1789	-1.5128	-2.4107	-2.8645	2.7759	-4.7245	-1.4358	-4.1929	1.0399	-3.5696	4.4653	-0.20302	-3.2395	1.3296
-3.1983	-5.015	2.1534	0.079567	1.9459	5.4442	-4.3734	2.2247	5.1716	1.7199	-3.1935	-2.2489	-2.5974	-5.4451	-4.542	4.6869	-5.6317	-1.2224	-5.3383	1.0481	-4.8909	5.6853	-0.23866	-5.4023	0.40695
-3.5786	-6.3219	3.5632	0.88668	2.0363	6.0161	-6.3064	2.7972	7.0606	1.7727	-5.6596	-0.68088	-4.4347	-5.9333	-5.8422	6.7814	-6.2993	-1.8081	-7.2044	1.3992	-6.8337	6.647	-2.6573	-6.2284	0.21552
-5.8369	-6.8053	5.7806	1.4761	1.2983	8.0408	-7.0191	3.7388	6.8878	1.3127	-7.0654	-0.0017434	-4.9304	-7.7699	-6.9429	8.2262	-8.3259	-3.7845	-9.9964	0.93742	-8.6759	8.5152	-3.0967	-7.6555	-1.3961
-0.42584	-1.7671	0.26416	-1.3597	4.7273	-0.24721	3.3121	0.88891	0.69496	0.99847	1.3021	-1.5054	0.10606	2.546	-3.4365	1.5207	1.491	2.2505	-1.2081	1.3051	-0.38562	-1.9684	-1.1042	0.88216	2.7403
-3.8379	-6.0042	0.77838	-3.1086	1.4683	1.2571	3.4515	2.0684	2.8957	0.3963	0.0060968	-3.7137	-0.6729	0.73828	-5.1623	2.5707	0.46837	1.3948	-4.1824	2.7111	0.31492	-0.79898	-3.1696	-0.2187	1.3512
-3.4133	-5.0956	2.6839	-1.0257	2.4484	1.6208	-0.54204	3.3246	1.797	1.0226	-0.38593	-2.5907	-0.82676	0.074731	-5.4374	4.4715	-0.81824	0.54869	-5.3782	2.4269	-1.9217	0.7085	-5.1686	-0.46067	0.041086
-6.138	-6.1062	2.1772	-0.75113	2.138	3.9781	-0.25049	4.2062	3.2376	1.5223	-2.756	-2.1468	0.36963	0.50096	-6.6381	5.9385	-2.9026	-0.97589	-6.3668	1.9783	-5.1508	2.2181	-5.2931	-2.7273	-1.2252
-6.3844	-8.352	4.27	-1.1904	2.296	6.2897	-1.9568	3.8921	3.5833	1.8783	-2.1306	-2.7647	-0.7174	-3.0039	-8.0655	8.3896	-4.3319	-1.7537	-8.5025	1.6927	-7.5246	4.5438	-7.327	-3.2714	-2.106
-9.2448	-9.853	7.5209	-0.3113	2.0981	7.8764	-3.3033	6.2787	5.8593	2.9943	-3.7403	-1.0742	-3.1041	-1.9578	-10.431	10.552	-6.1608	-2.9583	-9.8725	1.5165	-8.9885	3.1292	-7.9644	-4.8051	-0.88447
-0.41994	1.5215	-0.988	3.4079	-1.98	1.9135	-3.0453	-0.67974	1.6581	-1.3062	2.0521	-2.1067	-2.516	-0.43109	2.2003	0.26858	0.19384	-0.59856	0.51782	1.9139	-1.3745	-1.6179	0.67216	1.5231	2.9991
1.272	-0.95368	-0.05689	3.9205	-6.0624	2.3967	-4.7882	1.2187	5.1908	-1.3791	1.7842	0.81305	-3.824	-0.61808	0.90405	2.1851	-2.6939	-1.4082	-3.0578	3.0129	-3.8966	-1.9437	1.2058	0.14776	3.0734
-3.3623	-3.0102	2.1032	1.7429	-3.0771	4.5364	-7.6254	3.2875	1.8528	0.71585	-1.8946	-0.23253	-1.8568	-3.209	0.97556	5.4131	-5.3673	-1.5643	-0.88278	1.4981	-5.8603	0.38149	-1.1742	-2.63	-1.2349
-7.5595	-4.8106	5.926	5.0036	-1.2084	6.5114	-6.7798	1.3469	3.5482	-0.23771	-0.25843	0.24256	-6.2646	-6.3488	-5.3055	6.8277	-6.1306	-3.2546	-7.1615	1.7673	-7.2297	2.6358	-1.5907	-2.8336	2.0009
-4.3756	-1.634	8.4536	4.7469	-2.5248	8.6368	-9.8531	3.6095	5.3892	-0.77323	-3.1322	2.6857	-7.7217	-7.2892	-3.1473	4.6849	-8.4411	-6.5381	-5.0041	0.83298	-9.5087	2.3798	-3.3661	-0.61512	-1.5287
-8.6325	-4.8295	7.5443	5.5761	-4.0853	11.268	-11.148	4.8661	6.4768	3.0831	-8.7374	3.704	-8.197	-6.6035	-6.3133	10.148	-7.8749	-6.2152	-7.3746	3.607	-11.985	4.907	-3.9092	-6.5517	0.067404
-0.47937	-0.21302	-1.2426	-0.37729	2.8892	2.3343	2.504	-1.0674	-0.23426	-1.7262	-0.68918	2.2248	-0.88107	3.1541	-1.3423	1.9875	-2.0692	-3.137	-0.12242	-1.5741	2.2556	-5.1403	-0.78171	-3.5565	-2.5151
-2.1128	-1.4391	-0.30083	1.7437	1.0238	2.3534	2.0207	-2.2853	-0.15417	-3.2379	-0.85544	2.2554	-3.2844	0.98562	-3.0037	2.3917	-2.3472	-3.1617	-2.1319	-3.1163	1.924	-1.5413	-3.9952	-4.3268	-2.3526
-3.3643	-1.8815	2.7633	2.0945	0.086497	3.7239	0.10416	-2.4148	3.4295	-2.2225	-1.5756	1.4783	-3.3415	0.15027	-3.4863	5.2802	-5.0289	-3.7465	-4.6464	-2.0943	-0.46477	0.087088	-5.3981	-5.1536	-5.6784
-3.6421	-3.3177	4.7026	2.1099	2.3236	5.7293	-0.7595	0.39791	3.0372	-2.8153	-1.4423	2.2023	-5.3449	-1.8163	-3.0898	8.7496	-5.3253	-4.6355	-6.781	-4.6089	-0.79907	2.9786	-4.5115	-6.3363	-5.6306
-6.5005	-4.959	5.0545	3.3658	1.5719	7.67	-4.9918	1.9937	3.269	-0.97074	-4.3668	2.2918	-4.8397	-3.6445	-5.9296	8.501	-8.4891	-5.7507	-8.2749	-4.6378	-4.5703	3.2583	-6.6303	-8.5543	-6.5785
-5.401	-5.5142	5.8422	2.7316	3.2322	10.328	-6.3022	1.7006	4.9435	-2.5231	-4.7955	3.7	-5.7448	-4.2736	-6.3462	9.0298	-11.84	-6.4984	-9.4157	-4.5282	-4.3899	5.7197	-6.7242	-11.617	-6.1273
1.7809	1.4142	0.52785	-3.0328	-0.82906	1.3549	1.5534	-2.8623	0.41148	1.4078	0.61749	-0.021341	-0.9423	-0.90598	2.1738	-1.1352	0.90099	1.0643	1.265	-0.0143	0.79683	-0.3009	0.63978	-0.039482	-3.1961
0.27633	0.57085	0.90492	-2.5048	-1.4221	2.6697	-0.30022	-1.0539	0.0070315	1.4324	-1.3884	-0.1748	-1.6098	-1.0985	-0.076451	-0.3539	-1.5235	-3.8989	-1.2303	0.7774	-1.0665	-0.032207	-1.8303	-0.026436	-3.0334
-0.47679	-0.74213	2.4591	-0.1857	-0.13668	4.9041	-1.1979	1.1747	2.5435	3.6694	-2.0115	0.99441	-3.5424	-2.0184	-0.94979	2.8951	-3.2211	-2.8721	-1.7724	-0.52261	-2.9436	3.6257	-1.2855	-3.9871	-4.9492
-2.3086	-2.5035	4.9958	1.8188	-2.0879	6.0303	-1.8972	0.27245	3.0198	1.7882	-3.0713	1.9175	-3.765	-3.3864	-2.8916	4.1155	-4.4245	-3.257	-3.2134	-0.29883	-5.7427	4.2322	-2.2789	-5.8383	-3.5401
-2.771	-3.8319	5.7418	-0.71091	-3.0182	8.3904	-4.713	3.6981	5.23	0.62759	-5.6853	0.26346	-4.5737	-5.8887	-3.5616	4.4261	-6.8145	-5.8624	-5.5781	0.027867	-6.0368	6.0222	-4.7336	-5.6856	-4.9435
-4.151	-3.3344	7.0678	1.6914	-2.1413	7.2203	-5.4038	2.9031	5.2372	2.7451	-6.3263	2.236	-5.3506	-6.6146	-3.6367	5.9734	-6.8431	-6.1079	-7.0622	-1.501	-9.1126	6.829	-5.1955	-8.0632	-5.1674
0.33736	1.918	-1.6375	0.65285	3.0479	-3.6652	2.4807	1.9114	-0.3378	-0.793	3.2001	0.8639	-4.1273	-1.7126	2.0641	1.0091	-2.2971	0.59006	-1.2827	1.1637	0.99001	-1.2676	1.2592	-3.0619	0.86472
-2.2903	1.2176	-2.3476	1.7999	1.1208	-0.13723	-0.76427	2.5616	-3.0071	-3.1129	0.24771	0.93821	-1.9599	-4.1537	-1.09	1.1576	-3.979	2.4255	0.83409	-2.9752	-1.4574	1.0964	0.30203	-4.5475	4.5245
-1.9548	1.0477	0.50555	2.6518	1.5997	0.46211	-1.7263	5.7676	1.0969	-1.6728	0.71737	-1.2603	-2.6541	-3.3158	-0.90968	5.3042	-4.6544	-1.8107	-2.0245	-2.3081	-3.2628	2.1203	1.1404	-5.9771	-0.2656
-6.078	-1.4461	-0.42091	1.5209	-0.72127	0.11266	-5.9731	3.8666	2.3095	-0.96361	0.92303	-0.066016	-3.0145	-7.6588	-2.0883	2.8135	-8.1235	-0.68663	-3.9161	-1.3415	-4.3058	0.79638	-1.4141	-6.9661	3.9825
-3.7824	-1.2906	3.7927	2.1111	2.1588	5.2986	-3.5243	6.6444	0.42664	-1.6896	-1.1346	0.6637	-4.7561	-5.6013	-5.0578	6.4027	-8.6982	-2.9022	-4.7415	0.78163	-4.5548	5.8744	-2.3901	-6.4758	-0.18661
-5.379	-1.7617	4.7126	4.1637	-1.5617	6.6514	-4.1535	7.1716	3.5043	1.6614	-1.8538	-0.45111	-7.1583	-7.0061	-3.1826	7.7753	-10.731	-3.7709	-6.9787	-1.2559	-9.301	7.5724	-4.3113	-8.1166	-2.1227
-2.9763	0.17303	0.22844	-1.9387	-1.2594	-3.154	-2.1664	-1.5023	-0.87264	-1.5204	0.29912	-1.3735	1.3237	-0.18412	-0.67054	2.705	0.42072	2.3049	-2.965	2.1592	-1.4327	-1.4485	-2.5002	-1.2177	-1.2391
-3.206	-3.2953	4.1958	-1.8697	-0.81673	1.1578	-2.99	-3.5721	1.4447	-3.4412	0.78788	0.58182	-0.27857	-1.1886	-4.943	4.1802	0.46664	0.74875	-5.3012	0.34762	-5.7727	0.17269	-1.2187	-2.3751	-3.174
-3.805	-4.8873	6.5185	-2.5335	0.19079	-0.10143	-2.0523	-0.51507	6.4593	-0.50093	-3.4581	-1.5968	-2.559	-1.3252	-4.5162	3.9788	-2.511	-0.0032961	-6.6286	0.56822	-6.2336	-0.71161	-4.0875	-5.3419	-2.2266
-6.7996	-3.2939	8.0465	-2.0572	-1.4251	2.5523	-5.0226	-0.28547	5.4322	0.24139	-3.4724	-2.2452	-2.7536	-3.8048	-3.0427	6.5361	-3.8717	-0.99707	-7.7677	-1.2968	-8.2554	1.0253	-4.1424	-4.4063	-0.72238
-5.3241	-4.3328	7.1439	0.79004	-2.6722	6.5348	-9.5146	1.351	5.5635	-1.5639	-3.4001	1.4769	-0.63385	-5.3356	-4.4806	10.095	-4.9047	-1.4291	-9.0734	-2.9891	-11.323	3.9829	-6.1259	-5.9317	-5.6735
-7.9345	-8.023	10.131	-1.4155	-0.84436	6.9951	-9.2448	0.90099	9.3426	0.56802	-5.7861	-0.51902	-3.2734	-7.2889	-7.5704	9.2632	-6.8806	0.42501	-11.09	-1.4393	-10.634	6.2594	-5.7671	-6.6166	-4.6858
-1.0083	-1.4276	-2.0707	1.03	0.22515	2.0668	-1.461	-2.0337	-0.43215	-0.15289	1.7912	-2.3195	-2.8175	0.80074	-2.9573	-2.2847	1.2218	0.098464	0.26742	1.9373	1.8443	0.011725	-1.4028	-2.3885	2.4278
-2.2571	-2.4254	-0.24806	1.4483	0.14512	3.7647	-2.8039	-1.3845	0.40675	0.18117	0.48032	-2.0057	-3.6968	-0.50184	-3.8631	-0.71896	-0.43789	-0.92824	-1.5345	1.2366	0.1538	1.2994	-2.5541	-4.4044	1.5349
-3.5908	-3.4159	1.2509	1.7147	0.21346	5.2495	-4.0602	-0.17478	1.3832	0.49062	-0.63979	-1.3744	-4.8013	-2.0239	-4.9671	1.0019	-1.5133	-1.8447	-3.2789	0.66799	-1.6948	2.681	-3.8612	-6.1433	0.54921
-4.8916	-4.8293	2.7199	2.0378	0.30034	7.2053	-5.4954	0.92757	2.4674	0.96967	-1.968	-1.0426	-5.5381	-3.8385	-5.7017	2.2637	-3.1521	-2.5076	-5.507	0.61295	-3.6357	4.0376	-5.5224	-7.4438	-0.092478
-5.968	-5.8858	4.1365	2.6461	0.18444	8.4077	-6.907	1.5393	3.6274	1.2157	-3.643	-0.60707	-6.1395	-5.8406	-6.4812	3.6618	-4.3359	-3.4711	-6.8694	0.45506	-6.0171	5.7772	-6.6144	-8.695	-1.038
-7.3914	-6.9219	5.9757	3.7111	-0.056033	10.246	-8.0628	2.2133	4.868	1.5169	-5.0303	-0.10851	-6.9979	-7.4847	-7.3126	5.5422	-5.8059	-4.2753	-8.251	0.092273	-7.6436	7.0201	-7.4872	-10.14	-1.8778
2.7791	0.86744	-2.5711	-2.6708	-1.9942	-2.941	1.4126	-2.2347	0.85362	1.8202	0.41607	-0.76984	2.0196	-1.2253	-1.1343	1.7897	0.023465	-1.5009	1.4599	-2.1167	2.6444	-1.7444	-2.6149	-2.6772	1.6928
1.8151	-0.69903	-0.75163	-1.9013	-1.8646	-1.515	-0.10889	-1.3178	1.5592	2.4894	-1.0007	-0.77506	1.1744	-2.5698	-1.9131	3.2426	-1.6311	-2.8463	-0.19157	-2.2033	0.73685	-0.38146	-3.2773	-4.2499	1.1064
0.198	-1.8537	0.45637	-1.0953	-1.7518	0.24898	-1.6309	-0.16598	2.0802	3.3601	-2.3944	-0.4905	0.38103	-4.2453	-2.7494	4.8982	-3.3552	-4.2703	-2.2932	-2.0887	-1.2658	0.95077	-3.895	-5.9705	0.52598
-0.6977	-3.0744	2.5016	-0.38427	-2.162	1.6299	-2.7295	0.72913	2.65	3.8747	-3.6319	0.27936	-0.56153	-5.7949	-4.0285	6.5808	-5.0006	-5.7444	-4.0204	-2.4281	-2.8703	2.509	-4.7673	-7.7393	-0.025871
-2.2315	-4.1037	3.8834	0.19341	-2.7415	3.4542	-4.423	1.6865	3.5704	4.0379	-5.3473	0.71703	-1.6137	-7.3166	-5.0894	7.8656	-6.3927	-7.0205	-5.6114	-3.0204	-4.7486	4.0961	-5.6474	-9.4174	-1.0587
-3.2377	-5.1255	5.6108	0.75954	-2.9185	4.9266	-5.7026	2.5796	4.8434	4.1793	-6.8692	0.93727	-2.3213	-8.5857	-6.454	9.8212	-8.1559	-8.3237	-7.4379	-3.2374	-6.755	5.4315	-6.7035	-11.031	-2.0294
1.5099	1.6218	2.8963	-0.21085	1.8023	-0.48627	2.7866	-3.1317	3.0224	0.44082	-0.96416	0.36112	-1.2574	-2.141	1.0378	1.1568	1.8363	-0.95064	-1.5695	-0.97338	-1.0762	2.6846	1.6081	-1.3299	0.66681
0.4221	0.51038	4.6294	0.73782	1.8565	1.1978	0.80954	-1.9146	3.9902	0.35753	-2.3309	0.7752	-2.0073	-3.3338	-0.0098999	2.5826	0.21341	-1.8422	-3.1657	-1.7296	-2.7959	3.915	0.43898	-2.712	-0.34732
-1.0206	-0.36758	6.4272	1.3951	1.7542	2.6221	-0.72216	-0.99296	5.246	0.55928	-3.7573	1.4112	-2.8652	-4.4497	-1.2258	4.2932	-1.8178	-3.0081	-4.9961	-2.1282	-4.5136	5.2614	-0.81082	-4.2263	-1.3093
-2.159	-1.314	7.8987	1.9232	1.6678	4.6235	-2.2263	-0.15228	6.7447	0.64896	-5.0674	1.9904	-4.0801	-6.0647	-2.4658	5.6257	-3.8381	-3.9774	-7.0951	-1.9763	-6.1004	6.9333	-2.0104	-5.7812	-1.7466
-3.5176	-2.4472	9.3791	2.431	1.7402	5.7836	-3.8118	0.78065	8.1888	0.83209	-6.2529	2.0577	-5.1454	-7.573	-3.8727	7.429	-5.7768	-5.1462	-8.8508	-2.082	-7.9584	8.3981	-3.5184	-7.4162	-2.3132
-4.7473	-3.6936	10.904	2.9433	1.771	7.6305	-5.057	1.9678	9.3891	1.5821	-7.5232	2.4325	-5.5129	-9.424	-4.9443	8.9256	-7.783	-6.2363	-10.819	-2.9517	-10.069	9.7756	-4.9669	-9.2138	-2.9793
2.9465	2.0445	2.9184	-3.0204	-3.0402	3.5214	-2.6543	-0.97687	2.1064	-1.2216	2.5726	-2.6907	-0.51987	-0.59262	-5.937	-0.88402	-0.93209	-3.4801	1.912	2.1776	-2.7204	-0.36089	0.94674	1.2576	2.4101
2.9637	-0.64258	1.5776	-2.4352	-1.2705	4.6591	-1.4018	2.7366	6.1673	-1.9741	-0.031957	-1.9861	-2.2798	5.0775	-5.2338	0.9908	-1.6121	-3.5219	0.02785	3.3029	-5.1267	1.753	-0.23157	2.5638	0.6616
1.4592	-0.77931	3.2763	-2.6165	-2.4251	5.3432	-4.6213	5.6115	2.8997	-0.57572	-1.9398	-2.3217	-2.9085	-0.37492	-4.4856	0.16635	-4.5973	-5.3454	-3.776	1.9502	-7.2283	5.1395	-1.0581	-0.93563	0.22211
1.6915	0.40918	3.4276	-2.6007	-2.9647	7.219	-4.7427	4.0492	5.0059	-3.2812	-4.9809	-0.3479	-7.1066	-3.1198	-6.6289	4.368	-6.5	-6.8138	-6.4997	0.93295	-6.7476	4.37	-3.0373	-2.4127	0.19733
-6.3667	-2.9306	6.3032	-0.9898	-1.4927	9.5382	-8.5712	5.6284	5.3159	-1.5452	-6.2729	-0.19789	-4.7381	-3.6645	-10.35	7.8027	-9.7313	-4.8764	-7.1111	2.9463	-9.1829	6.7835	-5.2261	-1.5005	-0.16512
-4.614	-2.8575	7.304	0.175	0.12868	9.6298	-10.834	6.0438	8.2988	-0.85489	-4.9176	2.5057	-8.4481	-5.2987	-10.233	4.7407	-11.436	-8.3061	-6.4585	4.1072	-13.152	8.8094	-3.3132	-4.2358	-2.1852
-2.099	1.3458	2.5562	-1.7676	2.3296	-1.8097	2.1143	2.2564	0.14681	-0.14216	2.4485	-2.7313	0.059384	0.75861	1.4668	-1.6956	-3.0026	-2.2671	1.6925	2.9501	-0.71093	3.0987	-1.0902	-2.2786	-0.72375
-3.114	0.51227	3.7525	-1.0791	2.143	-0.33409	0.68351	3.2999	1.0808	0.20036	0.75182	-2.3643	-0.80407	-0.86411	0.53074	-0.081415	-4.763	-2.9969	0.020433	2.3306	-2.6375	4.6825	-2.6095	-4.1106	-1.5229
-4.5756	-0.48119	5.818	-0.37058	1.7744	1.4057	-0.84978	4.4468	1.8161	0.18399	-0.90464	-1.7697	-1.5945	-2.1051	-0.6867	1.369	-6.4779	-4.059	-1.8232	2.1688	-4.2136	6.3967	-3.9402	-5.9511	-2.2121
-5.7082	-1.5481	7.1016	0.54569	1.6139	3.0858	-2.2911	5.3232	2.3485	0.34433	-2.3502	-1.4058	-2.3563	-3.4649	-1.6867	3.1665	-8.0825	-4.9383	-3.8223	2.1026	-5.9642	8.2344	-5.1717	-7.8974	-2.9119
-7.0274	-3.0876	8.7875	1.6541	1.8635	4.5757	-3.4399	5.9598	3.0783	0.7894	-3.7942	-1.5794	-3.0377	-4.6545	-3.0824	4.4177	-10.03	-5.6482	-5.8658	1.6886	-8.1405	9.7474	-6.2534	-9.8447	-3.809
-8.4148	-4.4034	10.024	2.583	1.8735	6.212	-4.6696	7.216	3.999	1.0462	-5.0314	-1.0729	-3.7011	-5.9447	-4.2702	5.8024	-11.4	-6.4469	-7.2197	1.2412	-10.287	11.189	-7.0453	-11.344	-4.5206
1.6249	1.2535	-0.23439	-1.5923	-2.0204	-1.7559	1.2912	-1.3322	-3.3783	0.91387	-1.0045	0.41229	0.77545	-0.27816	-1.5972	2.3137	-1.0296	-0.65274	0.42056	1.098	-2.7515	1.1617	1.3903	-0.29396	-1.4739
-0.070801	-2.9644	1.8515	-1.641	-1.8571	0.55271	0.52025	-0.004415	-1.94	1.6304	-4.0302	1.4048	-0.6292	-1.7391	-2.6839	2.6903	-1.5576	-1.393	-1.9297	1.4139	-5.6553	1.8971	1.5925	-3.0253	-0.92898
-0.71811	-3.7877	2.3368	0.43185	-3.7276	1.5347	-1.284	1.6622	-0.91573	1.4526	-3.2643	3.7359	-1.2518	-2.3202	-3.9256	5.0103	-4.5183	-1.8364	-4.4288	0.67049	-7.6276	4.0667	0.27264	-2.7209	-1.0327
-2.9469	-3.004	3.1185	-0.7461	-2.8655	3.1619	-3.9138	2.0432	-0.13795	1.3885	-5.5464	2.5136	-2.3308	-2.4846	-4.1556	5.2076	-5.0587	-2.7918	-6.4366	0.16537	-8.741	6.2613	1.2858	-4.1819	-2.8989
-4.2004	-3.4323	4.6268	-0.22336	-4.4218	4.7505	-6.1947	3.4089	0.94151	1.8452	-7.2434	4.8077	-2.8515	-3.3475	-5.6311	7.8022	-7.018	-3.9045	-7.5856	-0.1713	-10.613	6.9062	-2.9088	-4.9022	-3.1783
-5.218	-6.1376	6.6737	1.8977	-3.4296	6.0365	-7.6951	4.4794	2.5925	2.8094	-7.5323	3.9695	-5.1888	-6.987	-6.4948	10.37	-8.1715	-5.2211	-8.7093	0.28254	-12.871	7.4708	-3.3248	-6.8809	-4.5532
-1.2212	0.10257	1.3001	1.9695	-1.1567	-1.185	-0.97355	1.0444	2.2675	1.644	2.3603	2.3314	-2.0549	2.1994	2.8862	1.6969	2.3551	-2.7166	0.92186	-1.1047	0.88138	2.3848	-0.79356	1.6751	-2.0844
-2.7	-1.0275	2.6373	2.9197	-1.3561	0.034053	-2.7031	2.202	3.0416	1.7965	1.3837	2.2531	-3.1797	1.0554	1.5967	3.4925	0.82543	-3.6934	-0.91481	-1.1703	-1.1126	3.9742	-2.0463	0.32822	-3.3302
-3.7674	-2.095	4.2013	3.6549	-1.6725	1.9588	-4.0877	3.142	3.9087	2.5718	0.26293	2.0556	-3.8645	-0.39859	0.36467	4.8905	-0.89784	-4.7915	-2.9584	-1.8332	-3.2589	5.5483	-3.3123	-1.0753	-4.0797
-5.1575	-2.9267	5.5294	4.3074	-1.6774	3.3868	-5.4363	3.7763	4.8715	3.2457	-1.2138	2.833	-4.3825	-1.8396	-1.2614	6.4062	-2.4198	-5.496	-4.3744	-2.3253	-4.9505	6.8502	-4.2927	-2.5018	-4.6657
-6.4041	-3.5591	7.0247	5.0326	-1.63	5.1392	-6.7944	4.7535	5.8534	3.8082	-2.6453	3.3943	-5.1588	-3.8677	-2.7784	8.1184	-3.8314	-6.3037	-5.8722	-2.2948	-6.628	8.3818	-5.3527	-3.8998	-5.3625
-7.6325	-4.5535	8.9025	5.7484	-1.9644	6.653	-8.5965	5.9008	6.9138	4.6011	-4.221	3.3741	-6.2275	-5.6639	-4.4549	9.4143	-5.4878	-6.9426	-7.8626	-1.9386	-8.6334	10.012	-6.6624	-5.3887	-5.8251
0.80042	1.3434	-1.2158	-1.484	2.6125	0.72242	-2.5549	0.80194	-1.9341	1.7393	2.2891	-1.0451	-2.2896	1.6671	-1.1391	-1.5551	-1.8835	-2.7066	0.326	-0.60406	1.5707	-0.080488	-0.72354	-2.7544	-1.798
-0.42099	0.53359	0.79299	-0.97918	2.3872	2.2814	-4.0714	1.8184	-0.60093	1.5428	0.9409	-0.66508	-2.9439	0.049391	-2.3755	-0.47245	-3.6988	-3.7261	-1.3293	-0.67668	-0.66822	1.6159	-2.0726	-4.1768	-2.5309
-1.6347	-0.27157	2.1557	-0.1088	1.8178	4.0868	-6.1905	3.1202	0.53989	1.7521	-0.53767	-0.081013	-3.7342	-1.8878	-3.971	1.3853	-5.7271	-4.527	-3.239	-1.0171	-2.4504	2.9804	-3.6096	-5.4702	-3.4582
-3.0572	-1.4829	3.7816	0.98383	1.6119	5.6034	-7.8553	3.6101	1.5377	2.0395	-1.9278	0.076509	-4.687	-3.8346	-5.3032	2.8463	-7.3725	-5.5571	-4.9146	-1.3825	-4.4024	4.3334	-4.8174	-6.7438	-4.2911
-4.0484	-2.7805	5.1662	1.7667	1.8628	7.2965	-9.5285	4.506	2.3804	2.2825	-3.6613	0.26854	-5.4126	-5.5739	-6.8197	4.0647	-9.1625	-6.523	-6.6582	-1.6686	-6.4362	5.7751	-5.8554	-8.2605	-5.052
-5.5437	-4.3436	6.8975	2.288	1.7522	8.8541	-11.291	5.7512	2.9563	2.8041	-5.2662	0.97806	-6.0763	-6.9279	-8.0113	5.825	-10.873	-7.335	-8.4498	-1.9075	-8.0101	7.4202	-6.9177	-10.165	-5.8458
-0.56115	2.518	-2.7865	-0.35476	0.23746	-2.2981	0.25715	2.2443	-1.8965	-2.1628	-2.7545	1.0115	-3.0232	-1.3119	2.9756	1.6619	-1.6097	1.1437	-2.2743	0.81522	2.2421	2.5107	-0.95225	-0.085972	1.1274
-2.1432	1.3907	-1.5702	0.34491	0.054375	-0.39496	-1.1548	2.9798	-0.96983	-2.0296	-3.916	1.2303	-3.8015	-3.1331	2.1477	3.1874	-3.1048	-0.067322	-3.9177	0.71522	0.44207	4.1375	-2.3979	-1.4733	-0.03108
-3.0815	0.10749	0.18477	0.73639	-0.046862	1.0817	-2.8996	3.8541	0.10067	-1.7849	-5.0911	1.7755	-4.7901	-4.7663	0.95614	4.7562	-4.7737	-1.0876	-5.4869	0.4974	-0.88273	5.646	-3.9273	-2.9511	-0.96313
-4.6814	-0.63276	1.3508	1.195	0.16665	2.7398	-4.6819	5.0948	1.2287	-1.1232	-6.2905	1.9254	-5.7293	-6.4979	-0.1157	6.5596	-6.2936	-2.1829	-7.2807	0.00015479	-2.4805	7.2323	-5.6206	-4.8621	-1.4136
-5.7143	-1.5781	2.8376	1.805	0.11841	4.4239	-6.1756	6.0513	2.2175	-0.6706	-7.2669	2.2176	-6.2719	-7.9207	-1.1765	7.7397	-7.6351	-3.0622	-8.4373	-0.35936	-4.6589	8.3924	-7.0015	-6.9498	-2.016
-7.0525	-2.3682	4.7427	2.6624	-0.43848	6.1338	-7.7803	6.8051	3.2985	-0.32024	-8.6658	3.0944	-6.9427	-9.3856	-2.3851	9.3589	-9.2864	-3.7193	-9.7002	-0.55798	-6.8284	10.035	-8.0397	-8.6556	-2.7493
