0.143989 0.177753 0.154369 0.121095 0.098543 0.124290 0.106289 0.140124 0.064763 0.120526 0.151173 0.102950 0.115676 0.113191 0.084169 0.099570 0.090160 0.107251 0.092386 0.101878 0.122449 0.116266 0.090046 0.138142 0.136340 0.163579 0.109332 0.108515 0.129202 0.121028 0.128541 0.113639 0.126987 0.157779 0.115910 0.113331 0.117397 0.135419 0.106599 0.173882
0.179875 0.149636 0.100526 0.143837 0.107030 0.129664 0.060032 0.109033 0.083547 0.079062 0.087294 0.074651 0.099697 0.083389 0.078784 0.111849 0.113135 0.118668 0.075199 0.085715 0.101012 0.082732 0.073130 0.097128 0.078656 0.084573 0.060721 0.063561 0.073476 0.094256 0.092084 0.070464 0.097638 0.083238 0.056571 0.053278 0.062982 0.124070 0.073679 0.139575
0.163440 0.196537 0.151768 0.168053 0.134488 0.137397 0.109873 0.128588 0.080384 0.105495 0.125562 0.068152 0.120836 0.111584 0.094291 0.082588 0.094189 0.105233 0.067324 0.107487 0.125399 0.111099 0.084155 0.131292 0.109432 0.111456 0.078700 0.068966 0.089431 0.107288 0.102276 0.109006 0.112102 0.116768 0.075265 0.082950 0.087320 0.111096 0.087489 0.152842
0.081062 0.134746 0.118629 0.096067 0.110127 0.114989 0.070669 0.073169 0.029424 0.062293 0.086760 0.051403 0.071776 0.063736 0.079771 0.067768 0.067794 0.077533 0.060881 0.064863 0.088236 0.046410 0.047292 0.041156 0.037298 0.068391 0.054507 0.039002 0.060281 0.067085 0.094244 0.060996 0.072989 0.085385 0.047739 0.040332 0.040962 0.083981 0.053248 0.090124
0.099268 0.123966 0.114250 0.127086 0.095798 0.126509 0.101296 0.086393 0.059386 0.088804 0.094298 0.074009 0.088998 0.087323 0.091106 0.091918 0.083137 0.110922 0.074280 0.080718 0.113377 0.089189 0.073483 0.096799 0.074647 0.092538 0.066325 0.067610 0.069720 0.082140 0.087819 0.080208 0.090930 0.096731 0.080822 0.081256 0.075494 0.090746 0.072398 0.104733
0.142903 0.169121 0.117855 0.159385 0.137109 0.130003 0.105368 0.126069 0.080069 0.094803 0.109522 0.082757 0.122124 0.110801 0.114844 0.103961 0.104947 0.124180 0.082720 0.108085 0.131333 0.109421 0.081930 0.123997 0.086421 0.082419 0.066893 0.079295 0.076335 0.105702 0.109279 0.110932 0.101835 0.089545 0.068411 0.069551 0.083474 0.126207 0.071389 0.138547
0.121752 0.103561 0.063828 0.108146 0.096339 0.114758 0.059901 0.123674 0.097957 0.079314 0.102924 0.062413 0.095248 0.072258 0.058069 0.067750 0.071538 0.070439 0.039238 0.040490 0.089504 0.093373 0.066203 0.114165 0.088675 0.069250 0.055356 0.039188 0.062591 0.105618 0.078722 0.103674 0.101148 0.104287 0.076951 0.077708 0.059896 0.063974 0.057918 0.097489
0.121744 0.115611 0.069757 0.097926 0.070734 0.117387 0.093612 0.111997 0.116624 0.128489 0.121967 0.098785 0.093665 0.096340 0.077924 0.104304 0.089413 0.130293 0.070572 0.069515 0.108551 0.117930 0.080587 0.148198 0.121552 0.106764 0.070189 0.086605 0.103754 0.127345 0.114656 0.123309 0.132845 0.118660 0.103506 0.095177 0.110196 0.111051 0.080077 0.127854
0.071376 0.085120 0.058620 0.055395 0.053157 0.066408 0.086625 0.138953 0.086905 0.165519 0.182908 0.117931 0.098130 0.075868 0.089497 0.076630 0.046475 0.101838 0.078580 0.058750 0.081943 0.116179 0.120544 0.138086 0.140447 0.156773 0.110271 0.088720 0.104557 0.113012 0.138160 0.144484 0.159028 0.196915 0.177956 0.151577 0.148511 0.111722 0.097301 0.097846
0.117289 0.133532 0.074843 0.079012 0.069447 0.083402 0.095832 0.168502 0.116508 0.175498 0.189470 0.119013 0.120357 0.104575 0.099579 0.092332 0.070927 0.119392 0.085828 0.077298 0.116766 0.154888 0.123043 0.195094 0.190267 0.174075 0.122468 0.101072 0.121508 0.151780 0.139978 0.175396 0.179745 0.177960 0.176321 0.164006 0.165834 0.135194 0.110796 0.128330
0.107229 0.109826 0.068393 0.077664 0.086829 0.090582 0.086389 0.115156 0.117422 0.148372 0.139410 0.116378 0.094228 0.064800 0.090434 0.083103 0.048988 0.108647 0.065552 0.064250 0.096273 0.111134 0.094700 0.119773 0.120141 0.116298 0.092868 0.076525 0.092266 0.109690 0.130558 0.160899 0.171192 0.143496 0.141546 0.098917 0.129896 0.108664 0.078020 0.108034
0.126649 0.147095 0.116955 0.103079 0.097334 0.133803 0.085936 0.157771 0.075248 0.113805 0.172621 0.096067 0.150097 0.135846 0.101538 0.130008 0.116128 0.118520 0.120364 0.094668 0.141365 0.127833 0.099614 0.145101 0.118536 0.128481 0.126823 0.083229 0.120621 0.154886 0.147111 0.126198 0.116551 0.153858 0.112388 0.123130 0.097343 0.136523 0.086338 0.140525
0.051891 0.104860 0.100890 0.078499 0.073806 0.099719 0.085014 0.090379 0.053145 0.104765 0.126522 0.092288 0.076813 0.082638 0.101327 0.085384 0.067026 0.098737 0.080694 0.059316 0.092708 0.070980 0.068336 0.058570 0.063093 0.093236 0.064046 0.052401 0.093473 0.098318 0.115422 0.107494 0.116744 0.115725 0.098400 0.085364 0.079687 0.104634 0.068039 0.090674
0.075475 0.129947 0.111676 0.086229 0.087269 0.099498 0.079298 0.111358 0.031878 0.087378 0.115970 0.072435 0.108852 0.087985 0.126588 0.104489 0.088200 0.104215 0.087017 0.073617 0.104093 0.073031 0.083398 0.071681 0.055802 0.089336 0.104562 0.052586 0.088007 0.105942 0.131544 0.090412 0.098152 0.104576 0.082085 0.077198 0.072362 0.103180 0.066737 0.093745
0.139057 0.142857 0.105629 0.135310 0.118051 0.140571 0.096349 0.130403 0.089664 0.115202 0.119822 0.086889 0.128600 0.114312 0.102327 0.141179 0.124653 0.129490 0.086650 0.086904 0.130314 0.128664 0.079410 0.147018 0.100850 0.086082 0.083520 0.087193 0.110880 0.136160 0.123026 0.138062 0.128877 0.104986 0.079818 0.078004 0.087320 0.130049 0.078923 0.139061
0.072440 0.125739 0.096864 0.080727 0.068436 0.077614 0.066410 0.079481 0.030694 0.078384 0.086370 0.059711 0.083752 0.087661 0.113891 0.096433 0.089688 0.082367 0.055894 0.059043 0.084979 0.063132 0.050733 0.071646 0.047339 0.064399 0.082048 0.050012 0.073909 0.094540 0.108146 0.086619 0.083111 0.069644 0.065703 0.038965 0.059230 0.092693 0.051352 0.083971
0.081858 0.101166 0.057566 0.057435 0.047518 0.043117 0.078870 0.094113 0.074692 0.109904 0.114334 0.076642 0.090444 0.081708 0.095571 0.074427 0.045586 0.126727 0.085508 0.083278 0.113203 0.099747 0.080111 0.133193 0.122826 0.101055 0.084524 0.079470 0.072920 0.076356 0.093048 0.088705 0.099677 0.072666 0.088900 0.089776 0.108380 0.103297 0.073604 0.053659
0.088020 0.137999 0.116883 0.084391 0.082892 0.113436 0.078337 0.113951 0.035335 0.073256 0.106850 0.072340 0.101327 0.087828 0.089752 0.117159 0.095295 0.086497 0.111241 0.093730 0.113681 0.072684 0.076265 0.077909 0.065719 0.083758 0.081440 0.061419 0.084300 0.102350 0.113056 0.087967 0.085470 0.095707 0.070004 0.077842 0.071037 0.130456 0.065022 0.123113
0.076468 0.063680 0.042049 0.040590 0.057908 0.059541 0.041299 0.055712 0.046047 0.074892 0.058542 0.066905 0.056530 0.053693 0.046958 0.072724 0.061238 0.110304 0.060552 0.073387 0.085349 0.105822 0.044450 0.071145 0.064320 0.064423 0.068604 0.072286 0.062620 0.074472 0.071123 0.078015 0.079238 0.045462 0.055790 0.040841 0.078233 0.089036 0.044591 0.083157
0.113936 0.159287 0.151907 0.119041 0.127893 0.136744 0.103679 0.154103 0.075571 0.109766 0.154812 0.085624 0.143844 0.122032 0.106766 0.128834 0.097962 0.129310 0.141541 0.107812 0.164626 0.136596 0.092533 0.141039 0.121572 0.118771 0.099616 0.076377 0.122598 0.141977 0.127590 0.136122 0.125254 0.109472 0.078004 0.107461 0.088318 0.124386 0.086938 0.138067
0.097542 0.124713 0.083341 0.084408 0.110874 0.106808 0.099800 0.137681 0.090542 0.129251 0.138649 0.095496 0.123756 0.085376 0.092698 0.090055 0.065331 0.135381 0.124290 0.120312 0.139774 0.154802 0.125962 0.131621 0.133985 0.134873 0.110845 0.078119 0.094529 0.112618 0.121114 0.137279 0.136654 0.111157 0.099125 0.119635 0.118983 0.115260 0.074830 0.119343
0.034805 0.045269 0.024369 0.015237 0.012828 0.026254 0.038125 0.051937 0.054953 0.078436 0.067410 0.066912 0.021775 0.020397 0.030270 0.035992 0.013412 0.040956 0.038187 0.027706 0.029297 0.037599 0.054664 0.070239 0.076275 0.071280 0.035149 0.053133 0.060393 0.049972 0.063146 0.075033 0.090786 0.087517 0.096449 0.064468 0.094744 0.071078 0.040063 0.059988
0.117491 0.149444 0.093610 0.101179 0.093614 0.095930 0.110616 0.149883 0.107067 0.164266 0.166241 0.123707 0.123694 0.109336 0.116390 0.111612 0.084726 0.142572 0.096227 0.096260 0.132431 0.160518 0.120431 0.185247 0.164486 0.145840 0.113270 0.112129 0.116134 0.137668 0.149067 0.166221 0.165105 0.149189 0.145710 0.124086 0.149320 0.137774 0.096139 0.135278
0.062896 0.102858 0.077099 0.048589 0.059738 0.075822 0.085379 0.123908 0.083391 0.156108 0.156269 0.108988 0.090086 0.064685 0.097418 0.079290 0.043618 0.095706 0.086394 0.057598 0.093656 0.120033 0.113115 0.115406 0.136520 0.155821 0.120316 0.073619 0.106343 0.116325 0.134744 0.152087 0.163844 0.161345 0.159334 0.129838 0.134970 0.105138 0.086771 0.096744
0.119579 0.148270 0.114056 0.105080 0.102900 0.108290 0.131058 0.174193 0.118437 0.205727 0.197354 0.124286 0.135652 0.112850 0.106897 0.086761 0.069991 0.135792 0.118493 0.100072 0.138069 0.168692 0.156465 0.198597 0.185310 0.200567 0.160969 0.117226 0.135641 0.125059 0.153147 0.175150 0.177535 0.207352 0.196020 0.178192 0.187802 0.151627 0.133131 0.142540
0.151328 0.149217 0.106891 0.089624 0.071800 0.100320 0.097829 0.143259 0.100617 0.145745 0.155521 0.120339 0.114194 0.094836 0.076566 0.102890 0.069999 0.112911 0.087120 0.093474 0.121262 0.147099 0.108627 0.187939 0.187462 0.176358 0.138375 0.129273 0.127789 0.129492 0.129672 0.140927 0.158719 0.171611 0.162393 0.136887 0.164346 0.136177 0.107913 0.153206
0.130041 0.114824 0.083975 0.091203 0.069857 0.089066 0.063778 0.118142 0.074977 0.069747 0.087020 0.106704 0.090215 0.088533 0.050483 0.098052 0.079243 0.086781 0.079190 0.073799 0.103632 0.104543 0.070525 0.154058 0.142495 0.128078 0.072373 0.123387 0.116314 0.096492 0.081658 0.074841 0.087938 0.097822 0.087116 0.087487 0.090230 0.107709 0.068603 0.125617
0.092845 0.123918 0.096457 0.106814 0.108227 0.109778 0.081854 0.144321 0.059499 0.116996 0.152627 0.083359 0.132626 0.113136 0.098929 0.086540 0.087123 0.105240 0.096974 0.084119 0.100468 0.127912 0.107496 0.105320 0.086097 0.128306 0.119182 0.054952 0.090221 0.119643 0.117939 0.116917 0.102845 0.137041 0.097572 0.102548 0.082054 0.091717 0.070286 0.113692
0.096968 0.085691 0.067790 0.069469 0.070322 0.067026 0.052227 0.062869 0.028116 0.063709 0.057427 0.051683 0.065560 0.053720 0.063186 0.105703 0.077867 0.105425 0.066841 0.066228 0.082164 0.071635 0.034966 0.075830 0.052792 0.047171 0.073139 0.090616 0.077844 0.079965 0.080438 0.070307 0.075024 0.046136 0.039810 0.033556 0.081126 0.118816 0.054997 0.092920
0.092095 0.108206 0.084014 0.073929 0.075668 0.079203 0.081359 0.097575 0.065872 0.132955 0.120192 0.102821 0.087969 0.079171 0.086745 0.116116 0.079014 0.116846 0.076840 0.071511 0.090748 0.107970 0.071125 0.113355 0.101406 0.103340 0.085140 0.101219 0.115365 0.111620 0.128370 0.145558 0.143868 0.110680 0.102556 0.076776 0.119121 0.141464 0.079397 0.123939
0.126572 0.168532 0.127594 0.108186 0.113994 0.128992 0.123516 0.174532 0.111053 0.182493 0.192450 0.134604 0.145285 0.122122 0.138902 0.146888 0.105514 0.167457 0.128862 0.106236 0.157979 0.163592 0.120140 0.171137 0.166264 0.168253 0.133838 0.114800 0.158544 0.174921 0.176284 0.196415 0.202480 0.163915 0.150678 0.148556 0.158442 0.171474 0.120002 0.153453
0.143341 0.180306 0.127231 0.128578 0.125191 0.144078 0.126424 0.184033 0.121168 0.180315 0.211517 0.129139 0.148138 0.128575 0.135719 0.121527 0.103595 0.154104 0.107771 0.100689 0.150975 0.149199 0.125342 0.170350 0.154178 0.163230 0.122746 0.095694 0.132249 0.169801 0.177427 0.187570 0.193193 0.192393 0.161818 0.150393 0.149678 0.157679 0.119280 0.161106
0.117138 0.128409 0.089800 0.099510 0.105482 0.111800 0.100293 0.147529 0.109638 0.166709 0.191931 0.118286 0.119268 0.089251 0.108260 0.092277 0.066882 0.125755 0.088748 0.075888 0.112493 0.127341 0.119608 0.131417 0.121901 0.138256 0.119437 0.078667 0.102180 0.136760 0.156551 0.168484 0.176532 0.193703 0.166176 0.132992 0.144378 0.122636 0.095823 0.128246
0.085995 0.126003 0.104103 0.081158 0.098217 0.112563 0.119070 0.154569 0.113754 0.185181 0.177647 0.125171 0.116773 0.098750 0.114309 0.094062 0.070003 0.132785 0.119826 0.080695 0.139687 0.136676 0.124973 0.155413 0.143881 0.167168 0.136141 0.098088 0.123429 0.130896 0.149453 0.185401 0.186254 0.180000 0.195900 0.175494 0.178061 0.152864 0.123552 0.119090
0.120424 0.156366 0.120899 0.093195 0.093601 0.103065 0.117760 0.155960 0.095549 0.157020 0.184859 0.119177 0.124912 0.088281 0.089768 0.084731 0.046134 0.109671 0.105521 0.110496 0.122804 0.125454 0.121744 0.152394 0.169242 0.178572 0.132349 0.107653 0.118071 0.118374 0.145540 0.149989 0.171614 0.192870 0.164021 0.154584 0.167788 0.133539 0.106098 0.142611
0.086656 0.117129 0.085122 0.063953 0.081140 0.086318 0.098722 0.122912 0.096380 0.171435 0.157418 0.114061 0.090097 0.091627 0.094530 0.077024 0.062444 0.113997 0.090440 0.069553 0.112634 0.110967 0.097063 0.147583 0.126900 0.152272 0.116076 0.103439 0.110591 0.104164 0.133232 0.159779 0.161554 0.163964 0.183454 0.143541 0.171539 0.160942 0.116524 0.105610
0.053587 0.082851 0.065211 0.035591 0.047007 0.065577 0.078755 0.115996 0.070759 0.149942 0.158930 0.111355 0.079383 0.059788 0.090653 0.077042 0.041336 0.096259 0.076841 0.056625 0.082217 0.096115 0.098495 0.096136 0.117163 0.139556 0.099760 0.075594 0.101838 0.106952 0.133788 0.142904 0.162005 0.172486 0.165810 0.138354 0.140869 0.118787 0.092952 0.087375
0.087366 0.117048 0.088054 0.091266 0.080288 0.093244 0.109640 0.145506 0.092475 0.158832 0.179435 0.106029 0.110717 0.096613 0.096508 0.087599 0.060896 0.132828 0.100813 0.088854 0.110360 0.129692 0.116340 0.141979 0.135505 0.141731 0.092683 0.084078 0.099144 0.132033 0.131186 0.151434 0.154539 0.167715 0.147880 0.160707 0.154466 0.127608 0.105452 0.131410
0.137875 0.131558 0.105933 0.095273 0.067637 0.081274 0.083009 0.106294 0.054497 0.105049 0.130573 0.084294 0.088112 0.082510 0.061824 0.084649 0.067390 0.088784 0.070171 0.091851 0.089700 0.086491 0.083232 0.126492 0.107040 0.103688 0.091135 0.104338 0.089548 0.097977 0.113985 0.093631 0.100232 0.143736 0.112080 0.092127 0.132816 0.139939 0.085925 0.155950
0.148057 0.157035 0.127985 0.122570 0.122351 0.130949 0.106056 0.122283 0.088256 0.104122 0.114096 0.083472 0.114119 0.103606 0.072465 0.089414 0.084152 0.119859 0.110282 0.116819 0.143992 0.097347 0.082404 0.123488 0.087489 0.089966 0.082120 0.090055 0.087124 0.071752 0.106758 0.102424 0.095732 0.108306 0.084821 0.081646 0.107289 0.159646 0.098211 0.137708
