0.083909 0.106992 0.089712 0.069251 0.053991 0.065568 0.059259 0.064975 0.031029 0.065530 0.072038 0.055566 0.051678 0.054336 0.047735 0.050799 0.047533 0.055856 0.041827 0.054582 0.065915 0.057063 0.044248 0.074253 0.074459 0.091120 0.061401 0.066106 0.065311 0.059979 0.067022 0.062398 0.073047 0.080119 0.066540 0.054565 0.071514 0.079486 0.059017 0.099997
0.108124 0.093919 0.067645 0.088321 0.071055 0.077487 0.038178 0.061238 0.043784 0.046190 0.049909 0.042762 0.054399 0.042534 0.047760 0.061081 0.061917 0.068566 0.042191 0.053553 0.061474 0.039755 0.045348 0.048570 0.036035 0.044491 0.031972 0.033860 0.036830 0.049439 0.057127 0.043563 0.057382 0.051609 0.031800 0.026949 0.037921 0.077885 0.043620 0.085665
0.098948 0.113371 0.093359 0.099309 0.084875 0.086027 0.061538 0.061575 0.044530 0.060956 0.064180 0.041649 0.060512 0.053612 0.053530 0.047436 0.052384 0.061241 0.035121 0.059095 0.071586 0.054158 0.046065 0.062924 0.051934 0.060855 0.045228 0.039759 0.046379 0.056903 0.062358 0.061073 0.067013 0.070688 0.045123 0.039180 0.051233 0.064707 0.047830 0.092628
0.063775 0.094171 0.077940 0.068042 0.073474 0.073049 0.043387 0.040277 0.020486 0.036984 0.047094 0.032550 0.040664 0.041278 0.047512 0.043018 0.046397 0.046303 0.028827 0.041222 0.056547 0.027727 0.021277 0.033243 0.025762 0.037387 0.028652 0.030033 0.034272 0.041246 0.056183 0.039802 0.047131 0.050491 0.030398 0.016758 0.029807 0.057750 0.033625 0.062902
0.060980 0.080872 0.075789 0.078683 0.055413 0.078275 0.062129 0.040727 0.035120 0.052098 0.047731 0.042290 0.042899 0.048260 0.051908 0.052510 0.048358 0.060680 0.036327 0.045221 0.068636 0.047526 0.034546 0.055134 0.044525 0.052433 0.035121 0.041292 0.038011 0.047743 0.047922 0.051712 0.059732 0.051810 0.050347 0.043599 0.048160 0.053875 0.044311 0.066506
0.084942 0.097233 0.071576 0.090824 0.086242 0.083095 0.058736 0.066576 0.046603 0.056368 0.059116 0.049126 0.063710 0.056078 0.065148 0.062694 0.063474 0.071462 0.044416 0.057525 0.075839 0.057078 0.041423 0.058227 0.041253 0.043268 0.036933 0.044489 0.044369 0.063230 0.071298 0.067257 0.064329 0.056945 0.039043 0.032415 0.044781 0.074483 0.039956 0.086615
0.066945 0.054678 0.037343 0.060121 0.061167 0.066786 0.035368 0.063583 0.058657 0.047751 0.055804 0.038100 0.048575 0.032015 0.031908 0.033560 0.031006 0.040089 0.019349 0.021612 0.049686 0.042381 0.033648 0.051384 0.040989 0.032147 0.024377 0.018181 0.028014 0.053091 0.047541 0.060020 0.060812 0.060080 0.043556 0.037872 0.033922 0.034816 0.029841 0.048563
0.064435 0.067133 0.042989 0.054470 0.042450 0.070980 0.060267 0.058152 0.068498 0.081773 0.074404 0.057617 0.051335 0.051899 0.047164 0.059016 0.047198 0.076196 0.041842 0.041566 0.062727 0.062561 0.046107 0.077483 0.064156 0.059614 0.042880 0.047298 0.055543 0.073465 0.072573 0.077544 0.082875 0.072222 0.062886 0.055280 0.069001 0.063484 0.045351 0.074427
0.038361 0.043627 0.025011 0.020319 0.021426 0.029957 0.043879 0.067604 0.051362 0.093395 0.094370 0.066788 0.045424 0.034907 0.044375 0.040768 0.019788 0.049622 0.033792 0.027232 0.039468 0.060749 0.058501 0.076676 0.082063 0.081475 0.057675 0.052026 0.056152 0.060510 0.074980 0.088489 0.095404 0.103791 0.101882 0.078405 0.087266 0.065339 0.052043 0.052481
0.054607 0.058849 0.031487 0.026298 0.028509 0.040574 0.045706 0.077021 0.059893 0.098153 0.098836 0.066144 0.053268 0.042209 0.048009 0.048825 0.029303 0.060255 0.040040 0.032857 0.053341 0.076887 0.062232 0.091341 0.094950 0.087149 0.069578 0.054857 0.062191 0.077844 0.080247 0.097763 0.101810 0.101591 0.102246 0.083643 0.093474 0.071203 0.055551 0.064229
0.072596 0.073245 0.046244 0.054623 0.061652 0.063769 0.059154 0.076261 0.078881 0.100238 0.097495 0.074951 0.061978 0.042641 0.058381 0.052579 0.031239 0.069803 0.041904 0.042065 0.064365 0.069710 0.062484 0.076200 0.076767 0.074988 0.056565 0.047221 0.058166 0.072426 0.089038 0.108534 0.113683 0.101870 0.094106 0.067703 0.083831 0.072211 0.053447 0.073211
0.058918 0.069396 0.050576 0.043579 0.041902 0.055429 0.037760 0.062033 0.033528 0.057738 0.078193 0.041535 0.061820 0.060828 0.049065 0.059414 0.053237 0.057006 0.048223 0.041262 0.062158 0.057016 0.038644 0.062710 0.050617 0.054273 0.061128 0.040315 0.051763 0.070459 0.069237 0.062861 0.057850 0.067506 0.055799 0.047929 0.050955 0.069724 0.038507 0.061374
0.036450 0.065258 0.060202 0.050797 0.041189 0.057797 0.051439 0.048239 0.034136 0.064914 0.073140 0.057018 0.040999 0.054532 0.062175 0.055223 0.045715 0.059386 0.042572 0.035232 0.057455 0.044698 0.034559 0.041357 0.038793 0.050027 0.033617 0.034038 0.054040 0.061992 0.066222 0.071500 0.073278 0.064213 0.061898 0.047501 0.051576 0.068536 0.042334 0.058538
0.045903 0.071237 0.059340 0.049802 0.043836 0.048267 0.040254 0.050848 0.013770 0.042875 0.054339 0.037112 0.051127 0.049104 0.065485 0.058140 0.053831 0.053419 0.036636 0.038671 0.053163 0.034291 0.033030 0.040844 0.025255 0.037892 0.046281 0.032096 0.042684 0.054309 0.065834 0.046324 0.049819 0.046641 0.039466 0.029335 0.038392 0.061836 0.033715 0.055349
0.077315 0.087157 0.069063 0.081407 0.075803 0.087400 0.063405 0.073628 0.052131 0.073921 0.074050 0.053696 0.073969 0.066169 0.063836 0.084264 0.073422 0.078895 0.053302 0.053927 0.079769 0.072066 0.045172 0.079691 0.053958 0.049220 0.047298 0.051190 0.063782 0.078547 0.079767 0.086225 0.081142 0.065424 0.048691 0.043280 0.052371 0.079160 0.046295 0.084105
0.046880 0.083019 0.065887 0.054924 0.046469 0.053477 0.045623 0.049622 0.018890 0.051297 0.057270 0.038672 0.052283 0.058965 0.072061 0.063715 0.061199 0.055566 0.036853 0.040333 0.056417 0.039504 0.030046 0.044697 0.028934 0.041744 0.047067 0.033180 0.048264 0.059317 0.070442 0.053974 0.052880 0.045068 0.038693 0.022921 0.035703 0.063323 0.033836 0.058789
0.035478 0.034115 0.017826 0.013839 0.013211 0.017239 0.026839 0.033158 0.031994 0.052780 0.052122 0.032843 0.034030 0.027865 0.039150 0.036448 0.017736 0.058454 0.032961 0.026170 0.044198 0.044915 0.032486 0.053046 0.049647 0.039697 0.047886 0.036435 0.032056 0.039512 0.048064 0.042132 0.048832 0.042356 0.049047 0.038413 0.053529 0.042866 0.031587 0.022318
0.059142 0.086203 0.066495 0.053069 0.043990 0.062202 0.044025 0.059750 0.018486 0.042331 0.052917 0.039239 0.047929 0.049157 0.052635 0.069746 0.061792 0.050907 0.056933 0.054051 0.064169 0.039750 0.037967 0.044316 0.036376 0.043757 0.040016 0.037865 0.045119 0.056939 0.059735 0.050698 0.050611 0.047536 0.039349 0.037313 0.042229 0.084876 0.041348 0.074238
0.042571 0.039438 0.027421 0.024493 0.035889 0.036151 0.025455 0.033939 0.023925 0.045158 0.039240 0.036318 0.032978 0.032447 0.028781 0.043310 0.038566 0.064698 0.036308 0.043134 0.052715 0.064407 0.026613 0.042813 0.037843 0.037581 0.042719 0.044313 0.037386 0.048310 0.045350 0.047987 0.047558 0.030589 0.035544 0.025924 0.047083 0.053248 0.026334 0.050880
0.059212 0.075888 0.075095 0.061249 0.064042 0.066232 0.047224 0.063002 0.035144 0.056823 0.068685 0.041187 0.060293 0.055921 0.052750 0.068052 0.052434 0.068507 0.063865 0.045567 0.081238 0.071931 0.039374 0.065490 0.052610 0.048984 0.048446 0.039599 0.056405 0.070660 0.061812 0.070768 0.063242 0.050907 0.041325 0.042149 0.045058 0.061424 0.040724 0.070494
0.048474 0.048140 0.029163 0.033251 0.047818 0.045930 0.039859 0.050737 0.042053 0.061014 0.056546 0.044954 0.048097 0.032525 0.034549 0.043956 0.031347 0.061797 0.049106 0.051702 0.056200 0.075775 0.053642 0.059844 0.059015 0.053153 0.051194 0.040788 0.041110 0.053654 0.056970 0.069803 0.066205 0.053711 0.050902 0.048827 0.059991 0.052852 0.031323 0.059994
0.023783 0.029753 0.014722 0.008560 0.008851 0.018566 0.026012 0.033370 0.035433 0.052550 0.046328 0.041601 0.016634 0.014414 0.020478 0.024548 0.010339 0.026953 0.026002 0.020677 0.021382 0.025990 0.036921 0.047385 0.048907 0.045490 0.024794 0.032977 0.036933 0.033279 0.042430 0.050793 0.058417 0.057090 0.061131 0.043252 0.060223 0.047383 0.027077 0.039828
0.063017 0.081835 0.052319 0.047534 0.052133 0.058374 0.060565 0.078524 0.060910 0.098528 0.094887 0.072421 0.063929 0.054667 0.063587 0.067217 0.048366 0.080553 0.051939 0.047926 0.074303 0.091189 0.064274 0.098019 0.091638 0.080947 0.066957 0.064889 0.068967 0.081869 0.094175 0.101524 0.102129 0.091878 0.086881 0.066861 0.084556 0.078961 0.053814 0.080678
0.040360 0.060138 0.042043 0.027639 0.028749 0.040298 0.049593 0.065839 0.050743 0.094719 0.088477 0.064951 0.046318 0.037918 0.055103 0.047214 0.024977 0.053744 0.044305 0.031623 0.054064 0.072098 0.062236 0.073877 0.085259 0.088785 0.066247 0.047756 0.060579 0.067352 0.075946 0.094819 0.098973 0.092771 0.098517 0.074533 0.084096 0.067130 0.052833 0.058982
0.062166 0.066561 0.046746 0.039480 0.036371 0.043181 0.054369 0.071993 0.054648 0.101060 0.093705 0.062690 0.054083 0.041949 0.046308 0.042294 0.025360 0.062450 0.044220 0.042386 0.056502 0.079717 0.072100 0.092573 0.095547 0.095085 0.079865 0.060839 0.062839 0.063542 0.075805 0.088357 0.094486 0.104232 0.101100 0.080650 0.098239 0.072247 0.059508 0.073014
0.084144 0.088115 0.062356 0.047782 0.040252 0.056196 0.057035 0.073578 0.053340 0.086021 0.085875 0.067915 0.054893 0.043278 0.043511 0.052181 0.030974 0.061641 0.045217 0.050397 0.065909 0.077725 0.062161 0.101376 0.107536 0.106643 0.083286 0.077235 0.068046 0.068376 0.073169 0.081698 0.096181 0.100107 0.100360 0.079275 0.101628 0.078614 0.063709 0.086655
0.061552 0.060860 0.042612 0.043355 0.037804 0.040632 0.031067 0.053475 0.031666 0.035138 0.035774 0.054062 0.035476 0.033155 0.024241 0.042821 0.032889 0.038643 0.034200 0.035701 0.046947 0.048009 0.034062 0.070167 0.073262 0.070582 0.038832 0.068377 0.056648 0.042222 0.038798 0.036574 0.047663 0.047306 0.043904 0.041021 0.048115 0.052709 0.032787 0.061288
0.041401 0.057794 0.041644 0.043480 0.046072 0.043888 0.032941 0.055000 0.026427 0.052421 0.061691 0.035717 0.052127 0.051411 0.042142 0.037423 0.040225 0.043068 0.036232 0.034162 0.041104 0.053711 0.036637 0.042956 0.035399 0.053073 0.049567 0.023896 0.039561 0.051665 0.050410 0.055002 0.045778 0.052788 0.040513 0.033309 0.035343 0.044791 0.028465 0.050199
0.061762 0.061186 0.047612 0.046205 0.048481 0.045663 0.036292 0.044586 0.016026 0.043067 0.042344 0.032391 0.042397 0.036052 0.043137 0.067776 0.053404 0.066853 0.044057 0.043827 0.055038 0.047640 0.023186 0.049628 0.035668 0.034373 0.050225 0.060923 0.050819 0.057279 0.056717 0.047344 0.050355 0.035263 0.029003 0.024932 0.054918 0.079069 0.037265 0.066432
0.059127 0.075984 0.058470 0.049946 0.051383 0.055133 0.057417 0.067158 0.042128 0.090774 0.085798 0.066634 0.060134 0.054861 0.061135 0.077676 0.055635 0.075942 0.052049 0.048153 0.063463 0.072789 0.049165 0.076922 0.068395 0.070207 0.058613 0.066747 0.076947 0.077633 0.090488 0.099482 0.096781 0.078700 0.070520 0.054326 0.078201 0.095095 0.054225 0.085766
0.068850 0.088344 0.067949 0.056934 0.058688 0.069167 0.066975 0.087419 0.059441 0.106659 0.106088 0.077348 0.072452 0.064373 0.076044 0.086629 0.061372 0.092078 0.065043 0.053974 0.084129 0.090610 0.061370 0.092548 0.087889 0.085911 0.074265 0.068524 0.086216 0.099787 0.101948 0.116612 0.117568 0.096081 0.092152 0.079097 0.094176 0.099180 0.065841 0.089490
0.083511 0.096691 0.068102 0.067825 0.069301 0.081695 0.068199 0.091241 0.070694 0.105614 0.114383 0.075437 0.074372 0.064538 0.073219 0.070804 0.057300 0.085982 0.051652 0.050835 0.081337 0.078022 0.062856 0.088959 0.079317 0.081541 0.067085 0.055381 0.069801 0.094662 0.105409 0.111504 0.114809 0.111336 0.095745 0.075031 0.088314 0.092404 0.064135 0.092683
0.077622 0.078915 0.052225 0.059203 0.065839 0.068045 0.060036 0.082041 0.073387 0.104191 0.113012 0.073025 0.067068 0.050669 0.062643 0.055339 0.037705 0.076183 0.047331 0.044431 0.068130 0.073913 0.066016 0.078784 0.074205 0.078194 0.066603 0.048379 0.058956 0.082450 0.096555 0.109639 0.113463 0.116061 0.101483 0.074738 0.090749 0.079229 0.058064 0.079200
0.047624 0.059456 0.046945 0.034559 0.036457 0.051839 0.054929 0.069875 0.056635 0.096285 0.093152 0.067161 0.050559 0.043165 0.055603 0.053158 0.032988 0.066392 0.048646 0.036486 0.064355 0.069294 0.057425 0.076367 0.077655 0.078370 0.068234 0.053321 0.059909 0.075050 0.078649 0.102513 0.105978 0.098278 0.111066 0.089455 0.098730 0.077864 0.061273 0.064784
0.074682 0.082977 0.058092 0.048988 0.047619 0.054950 0.058505 0.072948 0.054152 0.087525 0.091599 0.066744 0.055997 0.037293 0.043284 0.044429 0.022414 0.057244 0.043999 0.053249 0.059034 0.064344 0.062004 0.082240 0.092754 0.096575 0.073084 0.065023 0.060767 0.063116 0.078388 0.084672 0.100474 0.111135 0.097969 0.080919 0.100256 0.074992 0.058938 0.081199
0.051831 0.063580 0.042160 0.027141 0.035825 0.045910 0.048193 0.062794 0.048060 0.094316 0.093751 0.064527 0.045383 0.041776 0.050450 0.047857 0.031881 0.060742 0.040459 0.036340 0.054967 0.060424 0.051752 0.074592 0.073120 0.081411 0.068389 0.058041 0.059089 0.066012 0.081173 0.090534 0.097554 0.104069 0.107426 0.077256 0.098811 0.088996 0.059450 0.062113
0.035874 0.048245 0.034011 0.019740 0.021954 0.034620 0.044884 0.063946 0.044351 0.090585 0.090830 0.067303 0.042123 0.035060 0.051549 0.047810 0.025241 0.053172 0.037850 0.031682 0.046949 0.058408 0.053874 0.064118 0.074343 0.077499 0.055530 0.049259 0.058214 0.064736 0.076599 0.092564 0.100824 0.100058 0.104231 0.081557 0.090075 0.077030 0.056233 0.053703
0.045437 0.053715 0.039432 0.036647 0.031872 0.046688 0.052374 0.061591 0.051765 0.088081 0.087561 0.058138 0.046123 0.041857 0.046575 0.050992 0.030651 0.069362 0.044174 0.037525 0.052370 0.066105 0.052713 0.069717 0.068786 0.065736 0.049793 0.046799 0.051340 0.074778 0.071759 0.089777 0.091514 0.088125 0.086010 0.081123 0.089705 0.068273 0.054927 0.073072
0.089283 0.085913 0.064962 0.055580 0.045551 0.051406 0.050242 0.061079 0.034724 0.068369 0.076073 0.051243 0.047401 0.041859 0.042386 0.050030 0.039594 0.058459 0.040838 0.054246 0.055867 0.050944 0.052677 0.072528 0.065536 0.069642 0.061223 0.064455 0.053267 0.061444 0.072200 0.060846 0.069030 0.084456 0.070126 0.054239 0.085716 0.091210 0.054889 0.099191
0.091656 0.083969 0.063536 0.066080 0.064152 0.069210 0.045270 0.059502 0.041061 0.048065 0.057419 0.038838 0.051782 0.041008 0.036032 0.047140 0.043515 0.061773 0.046447 0.058822 0.068474 0.043167 0.041051 0.048484 0.037104 0.037993 0.039929 0.039902 0.034680 0.040954 0.058471 0.048763 0.051265 0.062318 0.041015 0.032954 0.052084 0.083977 0.046921 0.075001
