0.118199 0.147451 0.127552 0.101621 0.086972 0.103820 0.093128 0.105856 0.056688 0.101449 0.114680 0.088619 0.089412 0.090435 0.075130 0.084477 0.076330 0.093130 0.071741 0.085477 0.103213 0.093762 0.076057 0.108771 0.109792 0.130214 0.096860 0.096577 0.105266 0.100062 0.106439 0.097565 0.107391 0.120479 0.099335 0.092978 0.102303 0.116453 0.095460 0.143508
0.134445 0.123556 0.090790 0.115080 0.094100 0.105536 0.055691 0.087109 0.064842 0.071064 0.075133 0.066127 0.084020 0.068144 0.070114 0.088980 0.090542 0.098489 0.062327 0.076653 0.087204 0.065067 0.065184 0.070187 0.058582 0.066010 0.051670 0.054916 0.059009 0.076158 0.082342 0.064450 0.081718 0.072428 0.051699 0.046427 0.057925 0.104942 0.066763 0.117581
0.133164 0.150737 0.126480 0.135483 0.117368 0.118096 0.092000 0.096745 0.069873 0.091917 0.101234 0.064992 0.098189 0.087933 0.081937 0.073589 0.080137 0.094386 0.060825 0.087479 0.105934 0.087934 0.071959 0.096398 0.079597 0.091367 0.068068 0.063375 0.074557 0.088793 0.092076 0.093087 0.098795 0.099755 0.069652 0.068282 0.079094 0.095680 0.077768 0.130223
0.073908 0.115090 0.101085 0.086576 0.092693 0.096198 0.063292 0.060302 0.028214 0.056329 0.068064 0.048027 0.059100 0.056941 0.068494 0.060848 0.061372 0.066021 0.046532 0.058971 0.076574 0.043056 0.037662 0.042585 0.036177 0.055231 0.046551 0.038206 0.053314 0.060917 0.076459 0.056981 0.067036 0.067913 0.044541 0.030761 0.040052 0.073697 0.050113 0.082109
0.081511 0.107339 0.100120 0.104203 0.082313 0.106906 0.090319 0.067016 0.051929 0.079271 0.073295 0.065809 0.070840 0.073465 0.079084 0.079332 0.071815 0.088986 0.059224 0.071141 0.096594 0.074311 0.058837 0.075834 0.066289 0.077871 0.057808 0.059606 0.061995 0.074120 0.073277 0.074054 0.082339 0.073766 0.072546 0.066698 0.070153 0.078400 0.067160 0.094356
0.117209 0.133533 0.101428 0.126525 0.118496 0.113861 0.090317 0.100435 0.070305 0.085991 0.090703 0.075819 0.100554 0.088595 0.099089 0.090856 0.091691 0.104403 0.073021 0.088589 0.109143 0.088511 0.068382 0.089232 0.067048 0.071406 0.057831 0.068602 0.070261 0.094775 0.100443 0.097835 0.093167 0.079795 0.062763 0.056621 0.074945 0.105501 0.065233 0.121799
0.092766 0.082839 0.058388 0.083795 0.083785 0.093694 0.054772 0.092442 0.083790 0.072074 0.087077 0.058385 0.078463 0.056587 0.052909 0.059256 0.057323 0.063489 0.037309 0.038149 0.077118 0.071913 0.055125 0.078309 0.065531 0.053933 0.043637 0.034959 0.048828 0.082409 0.072293 0.086647 0.084430 0.087470 0.067575 0.065655 0.054500 0.058824 0.050953 0.080238
0.094335 0.097770 0.064689 0.078015 0.065505 0.100610 0.086374 0.088432 0.099465 0.114586 0.105637 0.086228 0.081487 0.080793 0.072001 0.090779 0.074536 0.108952 0.065525 0.063642 0.094191 0.096124 0.071377 0.111486 0.096416 0.088676 0.065928 0.075151 0.084044 0.106553 0.104371 0.109289 0.113464 0.100015 0.088379 0.083562 0.094732 0.097004 0.072965 0.110505
0.062263 0.077984 0.051328 0.040795 0.043923 0.056175 0.077509 0.108662 0.080829 0.137031 0.140027 0.103628 0.079396 0.063162 0.076033 0.071154 0.040604 0.086464 0.062874 0.052275 0.071056 0.099474 0.099066 0.109494 0.121138 0.123965 0.095425 0.080786 0.092232 0.101530 0.114853 0.124591 0.130788 0.147241 0.142421 0.123830 0.125692 0.101716 0.087553 0.086199
0.095505 0.103134 0.063382 0.057328 0.060198 0.072738 0.082584 0.126260 0.102612 0.147008 0.152180 0.106451 0.097938 0.081836 0.084682 0.084327 0.059246 0.103752 0.076187 0.062124 0.095430 0.126792 0.105090 0.142920 0.145726 0.137397 0.106615 0.092319 0.103050 0.126376 0.124735 0.145415 0.148060 0.147345 0.144640 0.135678 0.139195 0.118312 0.097548 0.108615
0.094289 0.099607 0.064672 0.070325 0.077152 0.081475 0.081901 0.104318 0.105501 0.129093 0.123026 0.103569 0.086625 0.060954 0.080667 0.074864 0.045928 0.094232 0.061408 0.059540 0.087283 0.096726 0.086337 0.103451 0.103873 0.100329 0.080753 0.068869 0.083404 0.099979 0.118017 0.138545 0.145862 0.125361 0.118640 0.090501 0.111914 0.099161 0.074200 0.098446
0.098145 0.118233 0.093975 0.081285 0.082242 0.104798 0.074948 0.111491 0.065497 0.099946 0.130756 0.081749 0.111930 0.105354 0.087469 0.107610 0.095890 0.099693 0.089433 0.078351 0.111062 0.102981 0.078616 0.102758 0.092494 0.099782 0.104092 0.073065 0.096775 0.122991 0.118389 0.107180 0.097879 0.116258 0.097679 0.096528 0.086093 0.113999 0.076216 0.111477
0.049993 0.091584 0.086600 0.071229 0.063008 0.084439 0.076830 0.075014 0.048336 0.092624 0.102509 0.081938 0.063317 0.075425 0.089268 0.078492 0.061507 0.086483 0.065343 0.054075 0.081696 0.066690 0.057003 0.057181 0.056347 0.075451 0.056062 0.049111 0.081214 0.089535 0.094821 0.097027 0.100727 0.090188 0.084117 0.070065 0.069875 0.091349 0.063875 0.084958
0.069283 0.108643 0.093952 0.076776 0.072234 0.079630 0.069852 0.087027 0.029970 0.075040 0.087420 0.065125 0.085801 0.078113 0.101884 0.091217 0.079266 0.085982 0.067280 0.065766 0.086480 0.062979 0.064342 0.062530 0.047919 0.069398 0.079702 0.050468 0.076844 0.090890 0.102384 0.078224 0.083657 0.076475 0.066041 0.060214 0.065045 0.089624 0.060044 0.082694
0.109933 0.118827 0.094743 0.111259 0.105497 0.120356 0.089489 0.105927 0.076380 0.104616 0.104921 0.080009 0.110090 0.097395 0.091704 0.118922 0.106658 0.111074 0.079307 0.079601 0.113563 0.104942 0.069569 0.112143 0.081475 0.074776 0.072429 0.076452 0.092462 0.113786 0.112003 0.118742 0.112320 0.092325 0.072540 0.068678 0.078047 0.111160 0.071591 0.121193
0.066344 0.106654 0.086069 0.073150 0.062880 0.069527 0.062510 0.071261 0.029316 0.070159 0.076353 0.056135 0.074701 0.078249 0.094598 0.085436 0.080504 0.074958 0.053791 0.056393 0.078006 0.056662 0.044971 0.062480 0.042291 0.058854 0.066552 0.047976 0.068842 0.083212 0.093592 0.075768 0.074790 0.063014 0.053770 0.035915 0.053175 0.081918 0.047888 0.075408
0.066159 0.068720 0.043865 0.040987 0.037363 0.037472 0.060170 0.068443 0.063372 0.089287 0.084876 0.064442 0.069855 0.061494 0.073409 0.062575 0.039835 0.094455 0.068144 0.056251 0.079251 0.080681 0.066504 0.093166 0.087901 0.079021 0.072903 0.067711 0.062908 0.069445 0.079604 0.076518 0.085675 0.061822 0.072579 0.069594 0.090477 0.080633 0.063738 0.046531
0.079735 0.117917 0.095754 0.076586 0.070905 0.094639 0.070186 0.091475 0.033373 0.066343 0.082541 0.063033 0.077186 0.073441 0.077675 0.099541 0.086439 0.075522 0.084837 0.080251 0.093887 0.064345 0.062610 0.065359 0.058219 0.070017 0.066154 0.055180 0.074654 0.088665 0.090877 0.077138 0.076328 0.074734 0.062502 0.062838 0.064857 0.111259 0.061184 0.104023
0.061728 0.057641 0.040405 0.037307 0.052647 0.053964 0.039660 0.050601 0.038477 0.064242 0.051230 0.056330 0.050915 0.049214 0.042350 0.060946 0.053344 0.084866 0.053668 0.063891 0.071231 0.082845 0.041529 0.060220 0.055262 0.053322 0.061658 0.061965 0.055220 0.066814 0.064970 0.066879 0.068429 0.040773 0.050515 0.038224 0.066400 0.072531 0.041753 0.072169
0.094652 0.120776 0.120197 0.099959 0.106146 0.110710 0.085986 0.109827 0.064991 0.095196 0.116431 0.074717 0.106636 0.096694 0.090603 0.106231 0.086341 0.109299 0.107311 0.082202 0.127173 0.114411 0.075311 0.106159 0.091379 0.090118 0.081322 0.067207 0.097775 0.115440 0.104031 0.113006 0.105357 0.087963 0.071336 0.082102 0.076439 0.102938 0.076012 0.114419
0.082252 0.093608 0.066118 0.067796 0.089225 0.088297 0.081283 0.098898 0.079291 0.107204 0.101101 0.083230 0.093617 0.069738 0.076063 0.078194 0.059706 0.104222 0.094730 0.092728 0.102032 0.123549 0.099893 0.099895 0.103550 0.101663 0.089763 0.069369 0.081903 0.097155 0.099805 0.113229 0.113843 0.085955 0.087114 0.092559 0.101924 0.095846 0.066938 0.103974
0.034565 0.043571 0.022584 0.014431 0.013585 0.026792 0.037645 0.047169 0.049678 0.068727 0.061453 0.056864 0.022948 0.020989 0.029964 0.034716 0.013702 0.039856 0.036561 0.026990 0.030461 0.037321 0.050415 0.062667 0.064650 0.060489 0.035277 0.047521 0.051203 0.047250 0.057818 0.066605 0.074592 0.073073 0.075834 0.058329 0.075624 0.063113 0.038502 0.055987
0.099557 0.122189 0.081288 0.078617 0.081992 0.087430 0.097117 0.121146 0.096449 0.140600 0.136749 0.110017 0.104223 0.089955 0.099925 0.100242 0.075133 0.120412 0.085816 0.079573 0.111497 0.134518 0.103748 0.142787 0.134415 0.122276 0.099561 0.099934 0.105367 0.123981 0.134498 0.143093 0.141954 0.125837 0.120622 0.104164 0.126081 0.120924 0.087643 0.119374
0.060359 0.092232 0.067800 0.045536 0.050439 0.064876 0.078355 0.101934 0.077405 0.131827 0.124945 0.096950 0.075222 0.059838 0.084045 0.073749 0.041733 0.083759 0.071592 0.052783 0.082246 0.105995 0.095912 0.102896 0.119224 0.126227 0.100841 0.069581 0.094375 0.103470 0.111822 0.128775 0.135683 0.127013 0.130797 0.109420 0.115565 0.098283 0.080291 0.088164
0.103065 0.117494 0.090884 0.079706 0.078604 0.085391 0.105161 0.130059 0.100809 0.160564 0.149380 0.108966 0.105230 0.087974 0.089406 0.080126 0.058734 0.113656 0.090198 0.078104 0.105922 0.136738 0.127811 0.146863 0.147179 0.156505 0.131165 0.103976 0.113820 0.110472 0.128153 0.142464 0.146793 0.157490 0.153779 0.140345 0.155249 0.125273 0.110734 0.122608
0.122481 0.125864 0.090809 0.074828 0.066348 0.087530 0.088163 0.113577 0.087663 0.122723 0.124913 0.103370 0.092568 0.076466 0.068042 0.086412 0.058502 0.095618 0.073651 0.078735 0.102447 0.118472 0.095895 0.145291 0.151552 0.146889 0.120566 0.113587 0.106392 0.108269 0.112856 0.119420 0.133338 0.138687 0.136253 0.119741 0.141181 0.119004 0.097774 0.126680
0.094851 0.093983 0.070228 0.072222 0.064255 0.072949 0.057565 0.086408 0.060143 0.061950 0.066420 0.086149 0.068031 0.065242 0.045991 0.076691 0.062623 0.068335 0.060872 0.060371 0.080193 0.080250 0.060488 0.107028 0.110062 0.102363 0.066456 0.101558 0.090339 0.075758 0.070504 0.065218 0.073009 0.076421 0.071390 0.073066 0.076190 0.087792 0.060279 0.097318
0.074330 0.102885 0.081741 0.080868 0.088617 0.087970 0.070149 0.102314 0.054807 0.096316 0.110296 0.073676 0.099343 0.090730 0.082807 0.076375 0.074885 0.085872 0.074833 0.072863 0.082241 0.099297 0.079583 0.073886 0.072704 0.097291 0.093258 0.049489 0.079098 0.099611 0.093163 0.094472 0.082824 0.097014 0.082265 0.076464 0.071291 0.081171 0.062119 0.096147
0.080462 0.075630 0.061411 0.061389 0.063757 0.061080 0.049379 0.058203 0.023484 0.059072 0.052221 0.045702 0.057750 0.049453 0.056855 0.085700 0.068993 0.083790 0.058980 0.059723 0.071654 0.059909 0.033469 0.065041 0.046999 0.045458 0.066038 0.078010 0.066047 0.073025 0.073087 0.062801 0.067846 0.043924 0.038501 0.033062 0.071279 0.097067 0.050816 0.083114
0.080723 0.097643 0.076074 0.066802 0.069430 0.073885 0.077845 0.090598 0.058972 0.116927 0.107262 0.091608 0.081584 0.073769 0.080405 0.099875 0.071572 0.101206 0.070747 0.065930 0.083705 0.094682 0.067851 0.100993 0.090013 0.091558 0.080430 0.090372 0.102034 0.103255 0.117140 0.125951 0.124297 0.098279 0.088674 0.070919 0.101670 0.121694 0.074815 0.112073
0.107595 0.135656 0.108196 0.092526 0.097494 0.109483 0.108450 0.138038 0.096710 0.156452 0.155607 0.119967 0.119572 0.104927 0.118980 0.127605 0.093719 0.139705 0.107404 0.088766 0.129876 0.138223 0.103002 0.138607 0.132268 0.133880 0.115052 0.104040 0.133640 0.150074 0.151125 0.166283 0.170420 0.136128 0.128467 0.123690 0.135994 0.146937 0.107777 0.134813
0.121968 0.145925 0.108459 0.103775 0.106868 0.122120 0.110393 0.143112 0.108237 0.155180 0.169997 0.117157 0.122178 0.106354 0.116493 0.110774 0.090547 0.133781 0.091114 0.085233 0.126959 0.125986 0.105714 0.133387 0.122282 0.129272 0.105909 0.088988 0.113681 0.145584 0.153677 0.160675 0.163970 0.157499 0.136723 0.123094 0.129676 0.138247 0.107267 0.140378
0.103413 0.115350 0.080818 0.082172 0.090563 0.096788 0.091687 0.121320 0.101580 0.143955 0.156331 0.106983 0.101308 0.077637 0.094645 0.085964 0.060618 0.110808 0.076246 0.070001 0.100953 0.110514 0.101349 0.108983 0.106899 0.114578 0.101364 0.073021 0.092033 0.122207 0.135155 0.146372 0.150102 0.156020 0.138872 0.112500 0.125193 0.112846 0.088804 0.115436
0.080482 0.103085 0.085962 0.067236 0.074240 0.089284 0.099129 0.120640 0.096225 0.147603 0.140404 0.110278 0.093698 0.081587 0.096435 0.087312 0.061246 0.111500 0.091405 0.064809 0.108223 0.116294 0.103279 0.121164 0.117389 0.130046 0.111063 0.088553 0.105355 0.116601 0.125706 0.152304 0.156210 0.143948 0.156236 0.141062 0.148187 0.124199 0.104540 0.106114
0.108263 0.125942 0.095449 0.078413 0.079283 0.088103 0.098513 0.120366 0.087679 0.129589 0.139739 0.103934 0.096308 0.071026 0.075773 0.074923 0.043791 0.094273 0.079661 0.085951 0.097828 0.105436 0.102741 0.123601 0.135744 0.143783 0.112009 0.097239 0.102150 0.104621 0.121451 0.126619 0.144630 0.152641 0.137106 0.127847 0.143754 0.116218 0.096129 0.120486
0.081061 0.096243 0.071114 0.052065 0.063426 0.071661 0.082704 0.101673 0.080368 0.135695 0.130413 0.100732 0.077983 0.074094 0.080710 0.072923 0.053509 0.098332 0.072692 0.056253 0.088845 0.096288 0.085894 0.114611 0.103159 0.123356 0.101367 0.092942 0.095285 0.096160 0.118176 0.131888 0.137773 0.140200 0.144624 0.117260 0.141430 0.128799 0.097632 0.094267
0.052668 0.076667 0.057203 0.033730 0.039295 0.056116 0.072215 0.097207 0.066018 0.125945 0.126220 0.098645 0.067473 0.055624 0.077901 0.072071 0.038930 0.083134 0.061897 0.051198 0.072286 0.086949 0.084573 0.088294 0.102813 0.111288 0.087013 0.071123 0.090057 0.097681 0.110794 0.123891 0.135186 0.133977 0.135502 0.116577 0.120606 0.106308 0.085270 0.079560
0.076279 0.093986 0.072417 0.067089 0.065349 0.080270 0.091883 0.107180 0.084579 0.133860 0.136941 0.094523 0.085904 0.077202 0.083904 0.082113 0.054502 0.112546 0.080433 0.070156 0.089340 0.109476 0.094561 0.107688 0.109342 0.110234 0.082504 0.076925 0.088446 0.117920 0.112112 0.129867 0.130519 0.129606 0.124660 0.128216 0.131643 0.110549 0.094797 0.114985
0.116294 0.114153 0.087609 0.076915 0.062792 0.074282 0.073574 0.088029 0.051241 0.092676 0.106059 0.073146 0.071403 0.064759 0.058015 0.072844 0.058233 0.081776 0.058799 0.077172 0.080343 0.073231 0.074998 0.099367 0.089573 0.092745 0.084213 0.091844 0.078152 0.088562 0.100664 0.085396 0.089443 0.115089 0.095929 0.080560 0.114931 0.119367 0.079257 0.130375
0.124127 0.120707 0.099648 0.100918 0.096761 0.104603 0.082258 0.097098 0.070441 0.080380 0.088444 0.069209 0.088745 0.077685 0.062221 0.073814 0.071226 0.096639 0.079835 0.087454 0.106228 0.076105 0.071429 0.085542 0.062998 0.072405 0.067725 0.073023 0.068237 0.065317 0.092498 0.085497 0.085526 0.089925 0.069236 0.062919 0.089319 0.121189 0.080424 0.112110
