1.978	0.83066	-2.323	0.20876	2.8328	-2.6502	-0.39733	1.7688	-2.1123	1.211	-0.41021	2.009	0.3417	1.8096	-1.4576	0.18389	0.93706	-2.0037	-1.896	-2.1625	3.0512	-1.5665	-0.79992	-0.12987	-1.2283
0.63793	-1.1807	-3.815	0.87497	3.5934	-1.4893	1.4447	0.47241	-2.0191	2.9443	-1.5399	1.6773	-0.80645	3.1872	-0.76069	-2.1344	1.7026	-0.80006	-1.7186	-2.9934	4.9932	-1.4717	-0.52248	-2.1754	-1.6022
-1.3959	-3.0909	-5.3333	0.95129	4.1911	-0.51304	3.3325	-0.94531	-2.6029	4.4264	-2.027	1.2768	-1.9298	4.6435	0.16457	-3.8367	2.2745	0.34369	-1.5826	-3.4468	6.9771	-1.3402	-0.37714	-3.3004	-1.7569
-3.2176	-5.405	-6.8882	1.1151	4.5015	0.3128	4.9182	-2.282	-3.0578	5.8355	-2.1567	0.28747	-2.6768	6.0351	0.9293	-6.0749	2.6186	1.6031	-0.97412	-3.705	8.6474	-1.0067	-0.45779	-4.7385	-1.6855
-5.0907	-7.4933	-8.1894	1.6477	4.8404	0.95293	6.4514	-3.3708	-3.0467	7.5649	-2.3045	-0.38716	-3.2377	7.3786	1.9666	-8.2787	3.2435	2.8705	-0.47794	-4.0286	10.377	-0.5823	-0.34254	-6.2909	-1.682
-6.5651	-10.012	-10.088	2.1072	5.5919	2.0245	8.6504	-4.7496	-3.1735	9.0622	-2.7861	-0.88273	-3.7739	8.6434	2.7705	-10.363	4.0109	4.1835	0.30399	-4.4689	12.293	-0.51387	0.023494	-7.8376	-2.1473
1.2964	1.5582	-3.1978	-1.4692	-4.0797	0.31803	-2.7133	-1.9254	-1.0091	2.5159	1.5784	-0.088318	-0.12976	-1.6381	-1.678	-0.78286	-0.27843	-3.6654	-3.0926	-1.0777	-1.38	1.465	-0.9445	-3.1351	-1.3776
-3.2468	-0.27216	-5.3863	-1.6398	-1.4508	3.6773	-0.21327	-2.4465	-0.19471	4.8238	0.82862	-2.0262	1.0079	-1.3055	-0.78443	-3.6427	0.18153	-1.5368	-2.0319	-2.1515	-2.8396	2.449	-0.21039	-4.3812	-0.019018
-3.6634	-3.2596	-3.5161	-1.2392	-0.90736	3.3542	0.72557	-4.9689	-2.1904	7.3833	0.59085	-2.8965	-0.56119	1.4541	2.1406	-5.3502	1.0151	0.0040722	-1.0613	-2.1961	0.861	0.98978	-1.3221	-5.2481	-1.5285
-6.9926	-3.4694	-7.1464	-0.68217	-2.4511	6.0112	3.4265	-4.6247	-2.3024	6.7755	0.35805	-2.7507	-3.9254	2.4807	1.5765	-8.3942	2.0329	0.23383	0.57062	-1.1101	2.1125	2.1676	2.072	-6.5502	-1.3991
-5.8763	-6.4467	-10.938	-2.9499	-1.3488	3.1089	5.1528	-8.1993	-0.43276	8.9221	-0.045936	-2.2289	-4.1917	3.4945	1.6752	-7.3873	-0.38545	0.94414	-3.3697	-4.7613	7.0982	1.7882	1.835	-10.077	-3.5263
-9.4069	-8.1911	-10.029	1.4435	-0.0089264	5.6566	7.3614	-8.744	-0.93857	9.7825	3.0122	-5.5035	-3.9029	4.8454	2.1395	-9.9023	0.16728	4.7244	-0.91401	-5.6484	7.1055	3.2721	-1.1377	-10.292	-0.88868
-0.02438	-1.4668	1.4624	2.8216	2.9247	2.0627	-1.9475	1.7865	-0.25293	-2.3527	-0.73404	-2.7166	2.578	2.9856	1.2439	-1.5954	1.1018	-2.5754	2.9413	1.0348	-2.4292	-2.6202	-2.9148	0.45199	2.1328
-1.8268	-3.3776	-0.010469	3.4553	2.9261	3.2609	0.11943	0.76831	-0.24483	-0.63609	-0.80516	-3.5792	1.6741	4.2031	2.0821	-3.5264	1.5161	-1.6986	3.5515	0.6165	-0.77283	-2.6776	-2.771	-0.71547	2.358
-3.4392	-5.3801	-1.7461	3.9258	3.0674	4.1792	2.0347	-0.25913	-0.23344	0.6962	-1.1521	-3.8715	1.1086	5.4859	2.9414	-5.4708	2.1585	-0.52406	4.2756	0.063717	0.98657	-2.4756	-2.5047	-2.2042	2.9103
-5.068	-7.2507	-3.1256	4.1159	3.6061	5.2905	3.6093	-0.99912	-0.13402	2.0739	-1.7762	-4.2303	0.69889	6.959	3.5185	-6.9141	2.6543	0.62061	5.1347	-0.53968	2.7998	-2.2598	-2.4947	-3.997	3.3666
-6.5244	-9.2271	-4.6882	4.2742	3.9507	6.5548	4.7829	-2.1569	-0.013507	3.7281	-2.3668	-5.2109	0.24838	8.366	4.1254	-9.1593	3.0515	1.837	5.586	-1.3383	4.76	-1.6501	-2.3872	-5.1915	3.4907
-8.8182	-11.4	-6.2018	4.7274	4.1689	7.6059	6.7534	-3.1508	0.17061	5.5999	-2.8839	-5.7742	-0.75263	9.7244	4.942	-10.94	3.8088	3.1371	6.2869	-2.6798	6.5746	-1.1824	-2.2721	-6.6625	3.4451
3.1376	0.66007	-0.83375	-3.0338	-1.6614	1.1258	-0.44583	-2.0958	0.26842	0.55648	1.9569	-0.17452	2.628	2.2827	0.13714	0.18173	1.1278	1.141	-1.9527	-0.17425	0.73448	2.6748	-2.0966	2.2866	-1.4176
1.0869	-1.473	-2.1785	-2.6742	-1.1953	2.3963	1.2076	-3.1472	0.16124	2.1923	1.6999	-0.44518	1.8865	3.3464	0.81317	-1.9744	1.6777	2.2574	-1.246	-1.0869	2.2555	2.4114	-2.2526	0.55163	-1.2565
-0.49039	-3.9391	-3.8979	-2.6802	-0.44663	3.7766	3.1482	-4.3464	0.19829	3.8021	1.5667	-0.83274	1.2326	4.1496	1.8314	-4.1287	2.6704	3.4318	-0.64559	-1.9007	3.8304	2.5277	-2.4525	-0.9392	-1.2023
-2.3039	-5.8794	-5.2158	-2.2982	0.24086	4.6311	4.9371	-5.1436	0.40262	5.5837	1.517	-2.0002	0.41916	5.0032	2.633	-5.8976	3.5234	4.6448	-0.19165	-2.3474	5.0483	2.9125	-2.4947	-2.7038	-1.2913
-4.186	-8.056	-7.0208	-1.8308	0.43803	5.3798	6.4836	-6.1964	0.53793	6.7768	1.4633	-2.4719	-0.42851	6.0684	3.7993	-8.1007	3.8271	5.7324	-0.083682	-2.6135	6.4683	3.1921	-2.2521	-3.9942	-1.235
-5.999	-10.007	-8.404	-1.3757	0.8496	6.5828	8.4482	-7.2603	0.89991	8.0981	1.0266	-2.695	-1.715	7.2579	4.7894	-9.9076	4.2156	7.0145	0.55104	-2.7966	8.1574	3.4817	-1.9876	-5.2654	-1.1394
-2.3562	0.11078	-2.6323	-0.81471	1.0933	-2.9746	0.95324	2.466	-0.31262	2.3044	1.5731	-0.32554	0.66977	1.2575	-1.6738	-0.28836	-2.8403	0.69916	-3.0327	0.78073	-1.9194	0.036569	-0.12686	1.3222	1.1953
-3.8234	-1.8917	-4.1266	-0.66037	1.5286	-1.4872	2.5384	1.5781	-0.71715	3.9283	1.1713	-0.82926	-0.50393	2.6358	-0.56863	-2.256	-1.8089	2.1429	-2.068	0.20812	0.1181	-0.048211	0.021427	-0.27005	1.1446
-6.0558	-4.0461	-5.4125	-0.32311	1.8325	-0.57599	4.3455	0.28315	-1.1827	5.4753	0.80301	-1.5694	-1.2285	4.0133	0.56794	-4.1528	-1.1947	3.1943	-1.3282	-0.12326	2.0719	-0.2082	0.06316	-1.6914	1.3412
-7.7188	-6.1675	-7.3225	-0.4275	2.1115	0.06534	6.3474	-1.2639	-1.4533	6.6238	0.42052	-2.3655	-1.8321	5.3257	1.3239	-6.3971	-0.83885	4.4074	-0.67083	-0.63381	4.1076	-0.014158	-0.35422	-2.8692	1.709
-9.2806	-8.5829	-8.8323	-0.94654	2.5472	0.89459	8.1446	-2.6981	-1.5427	8.5068	-0.099597	-2.6513	-2.6489	6.4806	2.1705	-8.4079	-0.16636	5.3458	-0.53152	-0.98031	5.7569	0.27383	-0.3549	-4.6911	2.2591
-10.968	-10.597	-10.235	-0.64542	2.5478	1.9855	9.656	-4.3359	-1.4304	10.103	-0.43179	-2.9917	-3.6118	7.7282	2.7888	-10.785	0.46052	6.7956	0.13814	-1.2208	7.516	0.3328	-0.040288	-6.1429	2.4518
-0.3703	-1.0762	0.29581	2.2506	2.6023	0.79128	0.10809	0.23538	-2.1289	-2.2719	0.59946	0.67171	0.90626	-2.7406	-2.7415	0.65221	-0.57616	-0.3843	-2.6413	-0.57987	-2.431	3.1218	1.293	-0.21701	-2.3833
-2.3082	-2.6502	-1.3952	2.958	3.3475	1.8524	2.1491	-1.4069	-1.9262	-0.92377	0.59481	-0.26076	0.058434	-1.565	-1.8277	-1.5572	-0.27158	0.70678	-2.0806	-1.3089	-0.39423	3.7387	1.5356	-1.9613	-2.2905
-3.7488	-4.4129	-3.0284	3.2535	3.7672	3.0268	3.9494	-2.7294	-2.3861	0.35395	0.69172	-0.88218	-0.64174	-0.32435	-1.3426	-3.5658	0.3308	2.0324	-1.9461	-2.318	1.5286	4.05	2.1612	-3.5895	-2.3484
-5.6028	-6.2949	-4.7346	2.9161	4.215	4.0379	5.6529	-3.9274	-2.5022	1.9742	0.73271	-1.4292	-1.6703	1.0892	-0.61744	-5.3678	1.2071	2.9306	-1.6311	-2.9497	3.4334	4.2066	2.5639	-4.8	-2.6559
-7.4571	-7.9913	-5.8773	3.3808	4.7182	4.91	7.6024	-4.9961	-2.3494	3.478	0.56886	-2.3295	-2.8607	2.6585	0.18557	-7.355	1.9155	4.3433	-1.4724	-3.5939	5.0002	4.0163	2.6796	-6.1812	-2.7607
-8.889	-9.9107	-7.4204	3.788	5.3066	6.1757	9.4577	-5.9512	-2.7381	4.7082	0.25711	-2.9196	-3.7953	4.162	0.85357	-9.2187	2.6717	5.2348	-1.407	-4.0163	6.9253	3.9308	2.869	-7.8224	-2.7492
3.3744	2.5416	2.474	-1.4285	-2.3158	1.9277	0.72697	3.6872	-2.5451	-1.8786	0.84417	-0.4325	0.56144	-4.5379	-2.3629	-1.8137	2.7252	0.32506	0.93851	-2.6014	-0.27315	-1.7304	-1.8847	1.6846	2.6681
1.0151	-0.97023	1.2648	-1.5767	-1.2066	3.4139	0.80435	2.6168	-1.9212	0.96816	2.0212	0.08755	-1.4054	-1.2846	-1.4874	-4.1432	2.3595	2.603	2.1093	-3.211	1.5782	-1.23	-1.8608	0.19932	1.882
-0.65788	-1.6414	-1.7064	0.13044	-0.10203	5.0973	3.9495	0.76772	-1.6877	3.208	0.62459	-1.3747	-1.6626	-1.2562	0.36574	-6.1151	4.0816	4.0813	2.7821	-5.873	3.4711	-1.517	-2.2875	-0.90553	2.2588
-2.1252	-3.7165	-2.0449	-1.7179	-1.3981	5.5707	6.2104	-0.74197	-1.3257	5.4303	1.6326	-3.168	-3.0425	0.86087	-0.040306	-7.58	4.7572	5.4649	3.736	-4.7739	4.3445	-1.263	-1.3968	-2.5305	2.6794
-3.2896	-4.8381	-4.5757	-2.5239	0.11736	6.5284	6.2502	-1.9765	-2.7243	4.7825	-0.22476	-2.4508	-4.3782	3.5325	0.25753	-9.9311	5.591	5.8243	2.5546	-5.7595	5.5487	-1.6284	-1.1895	-4.6085	2.908
-5.2033	-6.0602	-4.9469	-1.9999	-0.61498	6.829	9.0342	-4.2945	-1.4603	7.3274	0.6125	-3.1824	-3.4455	5.2008	0.61956	-14.826	5.7438	7.2593	4.3903	-6.7386	8.8082	-0.16679	-1.0755	-6.2169	3.1559
0.64096	2.6872	1.0908	1.9694	-3.9551	1.8532	1.5486	-1.886	-1.3472	0.51687	-0.16007	2.7392	-1.9134	-2.2302	-0.84861	1.4231	-3.9261	-0.52966	0.4172	-1.6414	-2.1046	-0.59615	-0.54455	1.9187	1.8396
-1.1674	0.37027	-0.0524	3.0378	-0.82781	4.0017	4.1144	-2.5136	-0.67494	2.191	-2.7844	0.59312	-2.436	0.54737	-0.93243	-1.0941	-1.6702	2.7811	0.95363	-2.6723	2.6148	-0.40236	-1.181	-1.0037	3.3294
-2.5939	-1.6245	-0.27779	3.4498	-0.35264	5.2897	4.676	-3.7837	-2.5729	3.0091	-1.2689	1.9763	-1.7542	0.44681	1.2786	-2.8152	-0.072273	0.98382	0.8667	-2.6391	3.0623	1.036	0.93507	0.23069	2.5332
-5.6378	-4.7856	-4.5051	2.8437	-0.21556	7.0616	7.925	-5.2349	-1.8902	3.3835	-0.70691	1.0438	-3.434	1.5045	2.7658	-4.4344	-0.55476	3.9041	2.4723	-3.222	5.7397	1.3155	-0.19566	-0.98349	3.4294
-6.6173	-5.9432	-4.8425	4.48	-0.097696	8.1568	7.9171	-6.8145	-2.2781	6.2771	-5.477	0.024951	-5.0395	3.9845	1.921	-6.1912	-1.2545	4.209	4.5883	-3.5984	7.8631	0.15314	2.0685	-2.7602	3.2288
-7.4825	-8.3678	-5.6737	4.5177	2.8353	9.0743	10.465	-6.6305	-1.1827	9.4174	-3.3393	-0.84872	-6.6945	5.0131	4.1456	-8.0558	0.6026	6.3901	4.5943	-5.1306	9.2784	-0.1485	1.4731	-6.4608	2.0413
2.0008	0.29851	-1.8674	2.2908	-1.7442	0.63554	-1.5925	2.531	0.86073	-2.2329	-1.6713	1.791	2.3297	0.33819	2.498	2.8155	-1.2604	-0.0031687	-0.66777	2.82	2.7607	1.4666	-0.94028	-1.0136	1.8146
0.66131	-1.6532	-3.2994	2.4085	-1.1088	1.3078	-0.14184	1.0128	0.79958	-0.35163	-1.7008	0.67196	1.4524	1.6706	3.4748	0.87729	-0.90433	1.2819	0.28657	2.0372	4.8061	1.281	-0.45816	-2.3494	1.3656
-1.2292	-3.3977	-5.1356	2.7312	-0.7652	2.106	1.5363	-0.55268	0.17733	1.2155	-1.8349	0.20374	0.2147	2.7079	4.4244	-0.99119	-0.34842	2.5096	0.45564	1.3425	6.8637	1.1413	-0.062697	-3.9338	1.1317
-3.0017	-5.2221	-6.5697	3.1126	-0.77767	3.5857	3.3551	-1.9564	-0.18446	2.901	-2.0239	-0.089765	-0.89419	3.605	5.3568	-2.6804	-0.0080119	3.608	0.88316	0.70263	8.6421	1.1198	0.33758	-5.618	0.92385
-4.495	-7.3189	-8.2621	3.2804	-0.72757	4.8832	5.4784	-3.2996	-0.3715	4.6117	-2.1024	-1.0801	-1.7106	4.4407	5.6556	-4.4709	-0.12226	4.3283	1.3778	0.014584	10.652	1.3661	0.92401	-7.3396	1.035
-6.3354	-9.2304	-9.7106	3.6349	-0.44514	5.7478	7.0091	-4.25	-0.62192	5.8535	-1.9901	-2.2652	-2.4982	5.4294	6.1457	-6.5654	-0.12325	5.5325	1.8011	-0.94877	12.222	2.0063	1.2022	-8.648	1.3674
-0.50897	-1.1171	-0.89856	0.21958	1.2364	1.7709	0.2103	-1.7755	3.3354	-1.3416	-0.2293	-2.9011	-2.6958	-2.2866	1.8364	-2.4504	-1.7972	-1.041	-3.0847	2.8411	-1.9792	-0.47382	-2.993	1.498	-2.2556
-2.7233	-3.6766	-2.7394	1.0226	1.4485	3.1933	1.6734	-3.6569	2.7116	-0.50183	-0.57458	-3.5485	-3.8165	-0.43931	1.9411	-4.2158	0.35035	-0.96509	-1.7288	3.1164	0.24682	0.34516	-2.794	0.30321	-1.9822
-4.3931	-5.0228	-3.3297	0.50408	2.1089	3.9807	2.9806	-5.1679	2.5352	1.5949	-0.3995	-3.7604	-4.015	-0.0036217	2.6989	-5.947	1.0485	0.73219	-2.7179	1.5226	1.6483	-0.57187	-2.5902	-1.0831	-2.4528
-5.959	-6.7389	-5.2067	0.80934	2.8108	5.3536	4.9428	-6.1991	3.3693	2.9022	-1.4911	-3.9344	-4.957	2.4624	3.3095	-7.5572	1.0095	0.94171	-2.1144	0.83629	3.4573	-0.059253	-1.4015	-3.4834	-2.0375
-9.129	-9.5017	-6.2131	1.4164	2.6484	6.2304	7.3661	-7.1798	2.5342	4.2606	-1.7753	-5.4494	-6.374	2.5298	4.1057	-10.314	0.99225	3.8159	-1.3008	1.0218	5.3288	0.37826	-1.5434	-4.1799	-3.404
-9.8009	-10.774	-8.2327	1.6367	2.9329	7.3535	9.0885	-8.6413	2.5711	6.084	-2.7985	-5.032	-7.5014	4.0011	4.8815	-10.452	2.1413	4.351	-0.18425	0.17572	8.134	0.84123	-0.27706	-6.1395	-4.0019
8.4764e-07	2.3603	3.2778	1.9391	-2.2495	-2.5246	0.51855	1.9281	-3.5221	1.9703	-1.1157	-1.9357	0.041797	-2.4741	-1.3264	-2.6808	-0.064186	2.0593	-0.63592	1.3291	-2.3426	0.85299	1.0049	2.0784	1.3662
-2.1422	0.59388	1.1696	2.551	-1.4229	-2.1208	3.025	0.40632	-3.2136	3.1778	-0.57504	-4.3229	-0.49978	-1.0644	0.0090401	-3.144	0.62145	4.1984	0.32665	0.11338	-0.14351	0.73918	-0.33389	0.13851	0.72234
-4.8262	-1.5138	0.64506	2.9341	-0.59099	-1.2639	3.5304	-1.2255	-2.681	4.3304	-0.37745	-3.6249	-1.7606	0.63548	0.41132	-5.0282	1.4448	5.8708	0.93383	-1.1761	1.3891	0.93054	0.96202	-0.69672	1.3323
-5.373	-3.6081	-1.1962	2.5928	-1.9024	0.98455	5.5479	-2.2322	-2.1247	6.8349	-0.95202	-4.6716	-1.8094	1.9503	0.38038	-7.1391	1.9522	6.5038	1.1817	-1.2056	4.2524	0.37234	1.9156	-2.8401	0.7147
-6.5511	-4.9546	-2.6179	2.7188	0.24524	1.4262	7.3802	-1.3159	-3.3043	8.6955	-0.096571	-5.2274	-2.7815	3.0602	1.4275	-9.2595	3.4893	8.6991	1.6732	-2.1414	5.0009	0.72168	2.2479	-4.3658	2.3094
-9.7563	-5.8207	-4.4167	3.6168	0.25052	1.7814	9.8156	-4.3495	-3.3901	10.096	-0.50598	-6.8473	-3.3297	2.9531	2.6918	-11.459	3.3326	8.6236	2.4942	-2.3475	7.3044	1.8804	1.7691	-5.8081	1.7991
-2.9725	1.1963	-3.7178	-2.104	0.44014	-2.5884	-2.259	2.5485	-1.9596	1.8412	-1.0143	-1.438	3.5972	0.77716	-2.6187	2.1512	-3.1217	3.2017	2.1074	0.55646	-2.9918	3.3654	-0.5039	1.2665	-3.6215
-3.8409	0.26531	-5.4969	-1.8744	1.3753	-0.5084	-2.2078	1.9788	-0.31394	2.8693	-0.36649	-0.55845	-1.1862	2.9014	-2.1069	0.10451	-0.60948	3.1665	4.7889	0.085111	3.023	2.3152	-0.58361	0.87429	-2.2814
-4.7525	-1.4421	-5.813	-1.0131	1.7472	-1.149	-1.1073	1.0913	0.13621	5.984	-0.55384	-3.3262	0.0079004	4.1972	-0.75012	-1.7279	2.2084	5.4213	4.545	1.2919	2.5298	2.3749	-0.73195	0.62673	-2.9538
-6.8298	-3.645	-6.02	-2.7362	1.3069	1.4725	3.7103	-1.7587	0.21441	6.1978	-1.5902	-1.7084	1.3434	4.8673	-0.46866	-2.7114	1.0188	4.2609	3.063	-0.80495	5.5378	3.2764	-0.59742	-2.2105	-2.0473
-8.0513	-6.2311	-8.8935	-0.51652	1.1057	2.3844	7.467	-2.6947	-2.4873	7.4127	-1.8892	-3.8972	-0.82593	6.9462	0.88198	-5.2758	2.0504	8.1503	6.3809	-2.6	8.7263	4.5241	1.0144	-2.46	-3.2613
-10.146	-7.5052	-8.7356	-1.5317	3.2087	2.8816	5.5316	-3.717	0.3997	10.206	-1.994	-5.2482	-1.723	7.9166	0.86911	-6.9115	0.39955	6.7611	4.2718	-3.5624	9.8716	3.1142	2.1803	-3.8732	-1.6749
-3.3165	-0.24209	-1.3699	-4.8375	-0.59712	-1.1024	0.4547	-3.3022	-0.41795	1.3294	-1.0856	-1.2337	0.84423	0.56523	0.026928	-2.2419	1.7703	2.2567	1.1462	-0.085814	-0.18729	-0.95705	2.7596	0.49417	-1.7714
-2.9076	-1.1022	-2.1705	-2.7753	-0.81366	0.038842	3.1103	-3.3069	0.61443	3.4413	-2.6675	-2.2691	0.76016	1.1562	2.571	-6.4464	2.7091	3.8832	1.7562	-1.6396	2.8722	-0.5055	1.7332	-2.6795	-4.9064
-5.6408	-3.1346	-5.2595	-1.6201	-1.0431	0.68672	5.5033	-4.1029	2.8349	2.8422	-2.7851	-0.81565	-1.8718	3.2898	0.63451	-7.6847	4.3739	4.9436	0.8272	-4.8489	3.3851	-0.075813	1.2368	-6.6106	-3.3167
-4.3869	-3.1285	-8.1626	-1.8865	-1.1215	2.6921	7.1316	-7.347	1.2022	4.1286	-0.09538	-4.3888	-1.7234	4.1433	1.7863	-9.125	2.606	6.2064	3.9413	-2.6087	3.13	-2.1276	2.3816	-6.4465	-3.6024
-7.2428	-4.1195	-9.0025	-1.9297	3.1	1.5717	7.2352	-9.0662	0.18812	7.602	-1.293	-4.7432	-2.9929	3.8956	1.9885	-11.165	4.8827	4.412	4.0709	-5.2358	5.895	-1.8575	4.3564	-6.5912	-5.8502
-9.8479	-6.8222	-9.827	-1.698	-0.20166	4.0034	11.017	-10.153	1.7486	5.5825	-3.867	-3.325	-1.8939	6.045	5.9417	-11.681	6.9911	6.7121	8.1936	-3.9555	9.788	-1.6525	4.0683	-9.1077	-0.71599
-2.9438	-0.031946	0.83209	-1.3667	3.8543	0.6676	-2.0946	1.2172	-3.3226	-3.2212	1.3238	2.948	1.3419	-0.633	-1.8989	1.9616	-1.6908	-1.472	-2.4801	-4.6238	-2.0802	1.3695	2.6365	1.7763	-1.1683
-3.5688	-0.91757	2.5666	-0.13251	0.56478	2.637	-0.62355	3.7391	-3.6676	0.96376	0.89157	0.36705	1.2063	-2.1457	-2.1454	-1.4278	-0.0056214	-4.1715	0.11426	-4.2453	-0.72825	-1.2387	4.0285	0.29584	0.35018
-2.3673	-6.3178	-1.0251	-1.98	4.5235	6.0675	1.0874	-0.12231	-2.6361	0.90783	1.7102	2.8921	-1.0885	0.094619	-0.33721	-1.3992	2.539	-0.022163	-3.3742	-1.3929	-0.86069	2.0275	3.8298	-0.72359	-0.56268
-8.5069	-4.2289	-3.3934	-0.54399	5.7019	7.2891	3.1868	1.4655	-0.95359	2.2764	4.1087	-2.933	-1.1004	0.85598	2.1363	-5.9755	2.1013	0.23218	-2.0622	-4.2838	3.0772	2.042	2.1638	-3.3007	-0.74076
-8.2785	-5.7702	-5.9315	-2.7842	3.8168	6.976	8.0428	-0.99354	-0.60454	4.3252	2.7716	-2.8172	-5.1134	1.4783	3.0482	-6.748	1.8574	1.1481	-3.7686	-2.6364	7.4138	2.0689	2.0644	-4.0005	-1.3808
-12.8	-8.6747	-5.6917	-2.6061	3.8088	6.6509	7.5089	-7.2631	0.58446	7.0806	0.33888	0.23974	-4.322	3.5351	0.90348	-6.2644	4.8039	2.7776	1.4479	-5.3026	8.3296	-0.61243	1.0862	-4.4902	-2.4499
0.77354	-3.229	-1.8668	2.7438	-1.5096	2.5942	1.325	0.94872	0.10288	2.5877	0.52997	-0.58445	1.548	1.8608	2.4679	2.7969	0.19943	-3.2159	-0.54574	-0.77947	-2.0236	1.194	0.6826	3.2447	0.56178
-0.3687	-4.8856	-4.6562	3.2892	-1.303	4.1674	2.2219	-0.2362	0.0011448	3.0433	-0.51095	-1.9306	0.75247	2.201	2.6461	0.81	1.6046	-1.6822	0.25619	-1.5135	-0.40113	1.6486	0.097078	1.3425	1.0732
-0.96807	-7.2702	-4.4053	3.6697	0.34622	5.0861	4.6268	-1.2901	-0.028056	6.1114	-0.96995	-2.4674	0.6094	4.5565	4.5064	-0.70432	2.5745	-0.27939	-0.49011	-1.8254	2.4265	1.4388	1.7358	0.45928	1.1408
-4.5745	-8.2504	-6.8994	3.7446	0.74551	6.3674	7.2681	-2.9507	-0.99525	6.5983	-0.56517	-2.9221	-0.57449	6.2324	5.6317	-3.028	3.4583	-0.084633	-0.72427	-1.5788	4.5572	2.1261	2.5622	-3.6209	-1.4379
-3.8252	-11.737	-8.7508	3.2848	0.58576	6.9404	8.106	-4.7657	-0.64924	7.7965	-2.6399	-3.0684	-2.0382	7.7508	6.444	-3.7584	4.3169	2.566	-0.085097	-2.7923	5.9785	2.9826	2.7319	-4.2381	0.14718
-6.9921	-13.95	-9.957	4.6809	0.42819	7.4065	10.65	-6.2325	-1.1836	9.5761	-0.76091	-4.7924	-1.7958	8.0927	6.6853	-6.3884	4.2454	2.4009	0.16755	-3.0643	8.2059	0.45481	2.2948	-4.939	0.7647
-0.81931	-2.8019	3.3746	-1.4787	1.9094	-1.2344	0.82169	1.0877	-1.6125	0.54603	1.9994	0.30006	0.80299	4.5165	-1.3341	1.97	-2.5495	0.38218	1.4794	2.4183	-2.3065	-3.5615	-2.0853	-3.4656	0.509
-1.2078	-4.1716	1.9946	-1.752	1.95	-0.50101	2.8258	1.1112	-2.3502	4.9918	3.0163	-1.0784	-0.069089	5.1005	0.15311	-0.35794	0.35141	2.2833	4.0634	-1.6082	-1.8026	-2.5498	-1.7293	-2.3841	-1.0578
-3.1919	-8.6157	1.602	-2.0401	1.5329	3.2785	4.463	0.86634	-2.9603	5.6203	3.4922	1.4533	0.12387	4.4296	2.8926	-5.8397	-0.67125	4.1865	2.5544	-0.62595	2.1941	-3.2523	-2.8861	-4.6557	0.79939
-4.4428	-7.3266	-2.2638	-2.7978	2.9427	2.7383	6.587	-1.8222	-1.7869	6.1215	2.4505	-1.4169	-2.5432	7.6215	1.9659	-4.8393	1.6768	5.5695	3.0403	-1.401	3.7507	-3.9366	-1.8292	-6.3926	0.094687
-5.1756	-9.7756	-2.1444	-1.8297	3.563	3.6391	6.9349	-3.1205	-4.3812	9.2306	2.2925	-2.1668	-3.1744	8.293	4.373	-8.2532	0.60107	6.4386	5.0265	-2.2566	4.8479	-2.4126	-2.4089	-6.7834	-0.16018
-9.8087	-9.4763	-5.1178	-1.4598	3.7757	3.9848	9.3812	-4.6998	-1.3068	10.767	-0.72196	-3.1153	-3.76	7.5524	3.1691	-11.405	1.5762	9.0666	7.4276	0.35592	8.3431	-1.9489	-2.0665	-10.488	1.3484
1.2904	1.4916	1.0496	-0.69898	-1.3543	-1.2678	3.4238	-1.066	1.2224	1.5795	0.10353	0.15035	1.0955	-1.0118	-1.8175	0.90663	4.0075	-1.5795	2.057	-1.2968	-0.10727	2.1606	0.028297	-0.36958	-3.5999
-1.9107	-1.3428	-2.2093	0.62912	-0.85861	-0.55773	3.843	-2.5121	-0.09707	2.5759	-0.82396	-0.63902	2.6949	-0.27008	-0.81939	-0.78015	2.3694	-2.3903	1.3774	-2.3991	2.0468	2.0571	0.36316	-0.91289	-3.2934
-1.5829	-1.9053	-2.0323	-1.3321	-1.0698	-2.2835	7.0587	-3.1541	-1.1058	1.3128	-1.5827	-2.8119	0.056963	-0.30554	-1.6663	-4.3895	4.8635	0.09035	6.8706	-2.9963	3.7234	3.1797	-0.18626	-4.4823	0.94833
-4.278	-4.4333	-5.8861	-1.5178	-0.38657	0.15461	7.3636	-3.8372	-0.6619	6.6221	-0.47645	-0.74023	-1.1847	3.1558	0.42805	-4.8561	3.2682	1.2785	4.2289	-1.2583	4.9126	3.9569	-0.88084	-2.4643	-2.9782
-5.1329	-7.9259	-4.7053	1.5515	-1.0064	1.4676	9.8995	-5.4634	-2.1988	6.2199	-0.12087	-1.7435	-4.0705	6.9482	0.68789	-7.1316	4.3247	2.4973	2.8361	-2.7207	6.232	3.2702	2.489	-5.2493	-0.34904
-7.8911	-9.6773	-7.7611	-0.83326	0.83761	4.6694	8.8432	-7.9701	-2.0615	7.0892	-1.0288	-5.4269	-2.6346	4.8173	0.79764	-9.8994	6.4161	4.9759	4.6212	-3.3727	10.076	4.0787	2.1087	-7.7601	-2.3474
0.36725	2.1942	1.8592	1.402	0.44744	-0.7214	2.3688	1.5483	-2.7154	-2.881	2.2084	0.54623	1.0111	0.5525	-1.5221	1.1335	2.4822	-0.74651	-1.1659	-2.1494	1.0734	0.19919	1.9527	0.093791	-1.9557
-1.3163	-0.052339	0.3416	1.4461	0.47426	0.59536	4.1338	0.043508	-2.8448	-1.0872	2.4321	-0.37957	-0.18786	1.8505	-0.50333	-0.82431	3.3949	0.49231	-0.58135	-2.684	3.0877	-0.1788	1.8435	-1.7559	-1.8155
-3.3068	-2.2082	-1.0743	2.0399	0.1819	1.8644	5.573	-1.4689	-3.1958	0.53638	2.4062	-0.62863	-1.1077	3.1191	-0.021108	-2.84	3.8791	2.126	0.031882	-3.4484	5.0547	-0.20528	2.2767	-3.1274	-1.7378
-5.2734	-4.3041	-2.505	2.3673	0.56074	2.9418	7.4903	-2.3258	-3.8576	2.4849	2.1455	-0.94251	-1.9786	4.326	0.61774	-4.4283	4.4903	3.3527	0.87237	-4.0585	6.9499	-0.056466	2.6829	-4.5698	-2.1213
-6.8426	-6.1713	-4.4133	2.1743	1.0458	3.7812	9.3082	-3.4252	-4.2313	3.9001	1.5519	-1.9423	-3.0929	5.5188	1.4769	-6.301	5.2712	4.9446	1.4491	-4.8193	8.8543	0.17066	2.6931	-5.9479	-2.354
-8.2986	-8.2714	-5.8643	2.2339	1.5263	4.7515	11.188	-4.4592	-3.9569	5.8163	1.2664	-2.4972	-4.3179	6.5651	2.0676	-8.1703	5.8625	5.9386	2.2588	-5.6124	10.739	0.065741	2.6894	-7.3502	-2.014
2.5431	0.40006	0.62653	0.75304	0.94537	-2.3113	-1.5603	1.1987	-0.74568	0.37199	-1.9005	1.7885	0.75669	-1.6978	-2.5801	3.0261	0.92396	1.4168	0.72082	2.9913	-1.5655	-1.3748	0.31526	2.8621	-1.5585
1.1072	-1.2716	-0.9242	0.47092	1.087	-0.89844	0.11145	0.071519	-0.41888	1.7305	-2.1752	1.3695	-0.64887	-0.23091	-1.4899	1.5218	1.345	2.7434	1.4036	2.6115	0.38183	-0.80225	0.13615	1.8185	-1.3382
-0.61713	-3.036	-2.4431	0.36525	1.8301	0.073815	1.9643	-1.1268	-0.40964	3.7476	-2.4346	0.57549	-1.6642	1.2157	-0.7731	-0.51797	1.3938	4.4117	1.897	1.9534	2.0401	-0.62728	-0.10867	0.33285	-1.4803
-2.5086	-4.9007	-3.6751	0.74789	2.5253	0.6443	3.4039	-2.4255	-0.85139	5.3076	-2.7234	-0.20582	-2.5933	2.9188	0.17346	-2.719	1.7299	5.6819	2.9007	1.457	3.7644	-0.90368	0.0016295	-1.4852	-1.498
-4.2843	-6.643	-5.3067	1.2112	2.9533	1.5166	5.2951	-3.5189	-0.79197	7.0238	-2.9375	-0.83214	-3.5487	4.7984	1.0129	-4.6733	2.303	7.2541	3.6238	1.2631	5.5803	-0.83443	0.31769	-2.7462	-1.3996
-6.2311	-8.1622	-6.8965	0.78516	3.0426	3.0344	7.0681	-5.1284	-0.56106	8.7061	-3.151	-1.4023	-4.2639	6.5417	1.5219	-6.9997	2.7019	8.1914	4.6006	0.88988	7.205	-0.52982	0.32002	-4.3292	-1.1784
0.52024	-0.10251	-0.11648	-1.309	-1.9996	-1.6783	-0.073177	1.0331	-2.876	2.8293	-0.34096	-0.43711	1.5548	-1.601	1.525	-1.3526	-2.7545	0.70816	-0.76269	2.0018	-2.8215	2.4035	-2.6308	2.1118	1.2353
-1.295	-2.3182	-1.7557	-1.412	-1.2356	-1.0014	1.8758	-0.37727	-3.0495	4.5062	-0.55277	-1.4684	0.95211	-0.16081	2.2197	-3.158	-1.9931	2.2995	-0.03601	1.3894	-0.67543	2.1378	-2.094	0.49201	1.342
-2.843	-4.4244	-3.4356	-1.5203	-0.69387	-0.027823	3.6675	-2.0708	-3.0685	6.2907	-0.46593	-2.1066	0.29746	1.3352	2.9769	-5.3315	-1.4179	3.7581	0.78317	0.43389	1.3799	2.3931	-1.9317	-0.95577	1.5318
-4.4952	-6.4007	-4.8515	-1.0099	-0.089956	1.5711	5.6961	-3.6476	-2.8189	8.008	-0.58322	-2.7134	-0.58366	2.7883	3.7981	-6.8549	-1.1381	5.2459	1.3764	-0.42257	3.4989	2.8883	-2.026	-2.3077	1.7233
-6.1283	-8.5373	-6.3515	-0.81488	0.23119	2.9297	7.1986	-4.9869	-2.9473	9.7616	-0.86565	-3.5063	-1.6227	4.1165	4.9347	-8.8238	-0.54811	6.4387	2.2256	-1.0517	5.4528	3.092	-1.6305	-4.0693	1.8323
-8.2789	-10.357	-8.031	-0.8275	0.58819	3.8785	8.8356	-6.065	-3.1493	11.094	-0.91109	-4.031	-2.656	5.3082	5.8033	-10.654	0.051264	7.638	2.633	-1.623	7.3914	3.1523	-1.1492	-5.5493	2.0025
0.086141	-1.5838	1.2825	0.29343	2.3964	-2.295	2.3162	3.02	-0.81652	-1.9189	-0.10132	-0.38895	-2.1378	2.6596	-0.50306	1.0002	-0.5053	2.7349	1.3339	2.8421	2.6085	-1.9928	1.0583	-2.5338	3.0407
-1.6429	-3.2217	-0.47583	0.23634	2.8675	-1.1094	3.8653	2.3244	-0.76362	-0.42599	-0.12368	-1.362	-3.0834	4.1378	0.52756	-0.90087	0.2649	3.9193	2.1823	2.1661	4.0688	-2.3272	1.4514	-4.0498	3.1526
-3.1942	-4.8881	-2.0539	0.20214	2.7433	-0.32383	5.6496	1.0946	-0.75921	1.0807	-0.076684	-2.2282	-4.2061	5.4906	1.6532	-2.9896	1.0636	4.8014	3.1293	1.7803	5.4874	-2.3349	1.6926	-5.5331	3.5058
-5.2079	-6.6518	-3.3927	0.2586	2.8509	0.64997	7.6309	0.21648	-0.56074	2.8007	-0.14275	-2.5247	-5.0899	6.7147	2.5576	-4.9757	1.5926	6.2409	3.7591	1.1999	7.1394	-2.0809	1.6003	-6.9633	3.7101
-6.9875	-8.1007	-4.8252	0.33978	3.3249	1.6603	9.4713	-0.81995	-0.65402	4.7012	-0.24509	-2.7385	-5.7337	7.8558	2.9694	-6.5606	2.2733	7.2666	4.5655	0.54577	8.752	-1.8938	1.8195	-8.4299	4.0609
-8.8353	-9.9627	-6.6979	0.41947	3.6118	2.6025	10.757	-2.3809	-0.6243	6.3341	-0.72474	-3.8176	-6.4909	9.1163	3.6823	-8.6854	2.8199	8.7347	4.8548	0.022387	10.479	-1.6986	2.3885	-10.251	4.4801
-0.84656	-0.28889	-1.4793	1.0898	-1.5336	-0.92346	-0.443	-1.7206	0.0029775	1.9456	-1.1349	-2.5039	0.63503	-2.9596	2.2078	1.8256	-0.77338	2.8145	4.8306	-3.3508	-0.48012	-1.785	1.7563	2.6224	0.22165
-5.4906	-3.8341	0.098877	1.169	2.1819	3.0334	1.2341	-3.9376	3.6129	2.1479	0.39742	-3.3801	-1.9736	-0.68094	0.090477	-2.1563	-2.6505	1.7398	3.607	-1.6374	1.7067	0.18035	3.8033	0.75876	-2.7777
-4.7065	-3.2042	-3.7446	-0.32808	-0.18288	4.3367	5.0087	-8.1263	-2.3726	5.7475	-3.2009	-2.2912	-0.070852	2.2272	1.5151	-3.0885	-0.96503	6.2771	2.8774	-3.5222	5.5797	-5.3391	-0.51268	0.44449	-1.8464
-5.9525	-5.4094	-5.9524	2.2944	1.1652	5.4185	4.8166	-7.4519	-0.076583	7.8776	-0.25739	-5.403	1.4837	3.2766	4.2688	-8.4974	-0.70142	7.9619	4.4385	-3.9222	5.3143	-3.1848	3.2107	-2.4157	0.45292
-7.1415	-6.3388	-7.3579	1.8321	3.2948	5.1394	6.0599	-6.8478	-2.7404	9.9585	-1.5519	-4.2779	-1.6618	1.8302	-1.3989	-5.8769	2.4411	7.3945	4.6148	-3.7796	4.0026	-4.2866	3.6268	-4.9941	-0.61896
-11.917	-14.205	-8.9932	2.4459	2.7811	8.6146	7.33	-9.0191	-2.0482	12.906	-1.6143	-5.0571	-4.6171	4.2275	1.6431	-8.6018	-0.99998	8.5421	6.8783	-5.3785	6.8975	-1.0392	5.7891	-5.6139	-2.2842
2.8901	1.8256	-3.2407	-1.1452	4.0269	0.90497	-6.7578	5.2159	-2.2619	-1.0473	1.9351	-3.2401	3.4173	4.3589	-1.4205	-2.7523	-1.2221	1.8436	3.0814	0.60211	1.1262	3.4755	3.6825	-0.91858	4.5978
-0.56577	-2.1218	-1.7622	0.66617	3.4123	4.3052	-2.7468	-2.1065	-3.3805	3.5439	-0.080679	-5.6025	3.0124	2.6606	6.4108	-3.9708	-0.22941	1.6575	-0.12516	-2.1183	1.659	2.5926	-2.0465	-2.8519	5.5725
-3.2013	-6.2467	-0.51598	0.48284	-2.1767	3.7418	2.4916	-0.054256	-8.3258	3.8857	2.5325	-6.1669	3.7349	4.8494	-1.8539	-6.3066	-0.78888	1.884	-0.84865	-3.0192	3.0005	3.1152	-3.5189	-1.2904	4.7723
-5.3513	-4.2605	-5.0736	-1.4916	2.8331	4.4468	3.2146	-3.0433	-3.7459	3.2614	1.9903	-9.3927	-2.5152	1.4748	-0.82281	-8.1475	-0.30251	8.6665	0.24219	0.041219	1.9701	2.3037	-2.3866	-4.8894	2.3246
-6.8494	-7.7749	-1.7261	2.0451	4.4709	5.6212	6.6777	-4.2086	-5.5792	6.6545	-0.69885	-5.6584	-2.1928	10.201	4.1357	-9.6024	-1.7199	7.8293	1.6481	0.048486	3.4204	5.3406	-7.1443	-3.8349	3.2512
-7.2537	-7.198	-4.6283	2.3171	1.4966	6.2305	2.1957	-2.1438	-3.7619	9.8329	0.52565	-0.94527	-5.8439	9.86	5.1381	-11.527	-2.8762	11.718	0.12368	-0.71172	6.541	0.22879	1.5432	-8.5237	1.5461
-2.6813	-2.2279	-1.0958	0.32734	-2.0243	0.35111	1.0342	0.27484	2.3741	-2.631	-2.9693	0.98713	-2.0685	-0.085292	0.54801	-1.168	-0.89053	2.9696	-2.4145	2.4831	2.1635	-2.3765	-2.1846	1.5846	-2.0301
-4.7926	-3.9682	-2.7769	0.96094	-1.6046	1.4249	3.1628	-0.81689	2.527	-1.0942	-3.2733	0.28582	-3.1622	1.391	1.6753	-3.3414	-0.28985	3.9945	-2.2497	2.0155	3.6644	-2.4124	-1.8582	0.091948	-2.2763
-6.292	-5.8456	-4.3845	1.3706	-1.0091	2.5556	4.991	-1.7176	2.561	0.96027	-3.5912	-0.17369	-3.9727	2.6486	2.658	-5.1677	-0.13947	5.3668	-1.8918	1.5962	5.31	-2.229	-1.8643	-1.183	-2.6361
-7.8511	-7.7899	-6.0502	1.399	-0.55665	3.6091	6.516	-2.8654	2.8459	2.4971	-3.6616	-0.65202	-4.7243	3.8038	3.739	-6.9772	0.061079	6.4411	-1.1968	1.2776	6.7204	-1.9328	-1.8174	-3.1345	-2.7698
-9.7278	-9.3954	-7.3003	1.52	0.015794	4.5086	8.2938	-3.9645	2.8291	4.1266	-3.7193	-1.538	-5.5159	4.9961	4.8863	-9.0515	0.37432	7.8803	-0.49606	0.80506	8.1207	-1.5167	-1.4794	-4.4782	-2.7337
-11.56	-11.433	-8.8168	1.865	0.27961	5.3445	10.161	-4.9685	2.4949	5.7537	-3.9188	-2.3131	-6.8354	6.1104	5.721	-10.869	0.63893	9.0246	0.65046	0.074418	9.7429	-1.2082	-1.0336	-5.6595	-2.9941
-0.53712	1.6294	2.4248	0.18318	2.1555	-1.6273	1.7202	-1.5829	0.57801	-0.74786	0.55105	0.36941	-0.11973	-1.8078	-1.7816	-1.8486	-2.4449	-1.4587	-0.81997	-1.8287	3.2705	3.2603	2.3219	-1.5564	-2.1609
-2.543	-0.17473	0.36048	0.76434	3.3336	-0.87826	3.3934	-2.8186	0.87994	0.87078	-0.087984	-0.95548	-1.2325	-0.9355	-1.0106	-3.4161	-1.9781	-0.032581	-0.31717	-2.294	4.8036	3.3429	2.1073	-2.9899	-2.7081
-4.3562	-1.7109	-1.9344	0.11363	4.2128	0.44721	5.3298	-4.5564	0.71151	2.0155	0.011481	-0.95532	-3.01	-0.024218	0.29941	-4.6536	-1.9957	1.1812	0.7639	-3.2479	6.522	3.2077	3.2217	-4.1184	-1.5729
-5.689	-3.794	-2.9352	0.78906	3.9343	1.2093	5.6457	-5.7676	1.1446	3.9599	0.1526	-1.4909	-3.2642	1.3552	0.76142	-6.7424	-1.7403	2.1885	0.8844	-3.329	8.2393	3.7306	3.7632	-6.1342	-1.6457
-7.0939	-5.3183	-4.5625	1.0638	4.6483	2.8469	8.8622	-6.5368	0.86004	5.0825	-0.64028	-2.1076	-4.4428	3.0315	1.3387	-8.1836	-1.5587	2.9181	1.6961	-3.7739	10.061	4.156	3.8213	-7.7141	-1.0104
-8.4336	-7.2956	-5.846	0.65212	5.71	3.8542	10.438	-8.6893	1.3429	7.294	-1.0872	-2.9414	-4.9815	3.4956	2.5149	-10.984	-1.3843	3.5432	2.4646	-4.1788	10.828	4.0711	4.4385	-9.2812	-0.90808
0.74602	-0.52817	-1.1401	-1.2528	-0.23038	2.0245	-0.31836	2.8746	-0.32377	-2.7055	-1.9396	0.35898	2.8077	0.72237	1.9701	0.40556	0.23766	-3.0834	-1.3265	0.9732	2.335	1.3372	1.4698	1.5942	-2.7468
-0.70036	-2.5718	-2.8092	-1.2523	0.49287	2.9164	1.2935	1.8355	-0.49052	-0.93231	-2.6523	0.038797	1.4591	2.4718	3.0113	-1.3794	0.33597	-1.7561	-0.81308	0.4025	4.4372	1.3403	1.5407	0.46994	-2.704
-2.7751	-4.3823	-3.9521	-1.2218	0.96869	4.1384	2.9853	0.66975	-0.55074	0.75006	-3.0698	-0.51966	0.36685	4.0006	3.6166	-3.7653	0.2661	-0.78701	-0.41192	0.14266	6.2349	1.3193	1.5194	-0.69631	-2.8163
-4.5008	-6.5479	-5.5651	-0.70449	1.0517	5.2785	4.925	-0.44859	-0.59229	2.4042	-3.1232	-1.6339	-0.31173	5.3413	4.5281	-5.7167	0.51836	0.55648	0.18875	-0.23373	7.8674	1.4002	1.7083	-2.6038	-2.4798
-6.1254	-8.2167	-7.3249	-0.47165	1.7709	6.2385	6.7252	-1.9207	-0.53965	4.4522	-3.0821	-2.3533	-0.96827	6.5274	5.4996	-7.8605	1.1493	1.59	0.59427	-0.82748	9.9115	1.4782	2.1269	-3.8877	-1.9901
-8.1293	-10.266	-8.8102	-0.89648	2.5568	7.3528	8.6351	-3.053	-0.28167	5.8937	-3.3234	-3.309	-1.6695	7.6784	6.4403	-9.7255	1.8039	2.9775	1.4875	-1.4767	11.877	1.7068	2.2471	-5.2675	-1.8453
-3.0355	-0.94518	1.0544	0.51861	1.8439	-2.6368	-2.6634	-0.0039443	-2.0414	-2.5852	-1.807	0.32895	-2.583	-2.662	2.7625	0.050826	3.0355	1.3761	1.3386	-1.2942	2.7949	-0.59196	-2.5154	-2.8874	-0.65871
-4.6246	-2.8458	-0.33411	0.91642	2.5334	-1.8503	-0.96512	-1.0935	-2.603	-1.3097	-1.9708	-0.16427	-3.4296	-1.5315	3.3992	-1.9581	3.3625	2.8256	2.3622	-2.1154	4.6464	-0.13538	-1.9761	-4.2498	-0.58878
-6.0189	-4.5902	-1.9465	1.1325	2.835	-1.146	1.039	-2.2831	-3.0453	0.23139	-2.7433	-1.4343	-4.131	-0.32308	4.0486	-3.6988	3.6933	4.2205	3.1275	-2.9079	6.4191	0.18334	-1.577	-5.3799	-0.78528
-7.6376	-6.1874	-3.4912	1.3664	3.1671	-0.3149	2.9918	-3.3049	-3.1052	1.8519	-3.0575	-2.3699	-4.8973	1.0232	4.5644	-5.4078	3.8927	5.7576	3.5883	-3.5826	8.522	0.19005	-1.1387	-7.297	-0.82814
-9.7747	-8.0777	-5.2254	1.7689	3.6625	0.91781	4.6528	-4.4128	-2.9473	3.1401	-3.0652	-3.15	-6.0183	2.2885	5.3079	-7.4938	3.8805	7.1919	4.0415	-4.1791	10.344	0.26231	-0.64689	-8.801	-0.44604
-11.396	-9.9945	-6.4628	1.9983	4.2805	2.2364	6.1974	-5.443	-3.172	4.6298	-3.1552	-4.3661	-7.1924	3.4476	5.9995	-9.1945	3.9736	8.7024	4.3415	-4.5789	12.347	0.53844	-0.328	-10.012	-0.043858
-3.0709	-1.2532	-0.95777	1.1818	-1.025	-2.3435	0.20745	2.5387	-1.3644	0.17337	1.8513	-1.2274	-3.0484	1.5384	-1.3514	2.6878	-3.1037	-0.17693	-2.275	-1.3459	0.23959	-1.0204	1.97	0.14631	-1.9712
-4.9148	-3.1757	-2.2339	1.465	-0.64196	-1.1227	2.4084	1.3405	-1.4139	2.0446	1.8368	-1.7754	-3.9661	2.5088	-0.71571	0.99455	-2.2983	1.2068	-1.5924	-1.9887	1.8917	-0.95483	1.8608	-1.8111	-1.8672
-6.5884	-4.984	-3.9724	1.8398	-0.14659	0.017099	4.259	0.037098	-1.7947	3.4863	1.728	-2.3827	-4.8544	3.4749	0.21242	-0.84463	-2.1213	2.4286	-1.2538	-2.7212	3.5768	-0.74142	1.9632	-3.2002	-2.0696
-8.2489	-6.491	-5.2751	2.1966	0.027147	1.6032	5.8509	-1.418	-2.2633	5.0152	1.6009	-3.3549	-6.043	4.5733	0.91519	-2.8492	-1.8774	3.8526	-1.4461	-3.2916	5.0102	-0.20891	2.4723	-4.6457	-2.3577
-9.9488	-8.4444	-6.759	2.7159	0.29905	2.7618	7.5655	-2.7003	-2.5345	6.3532	1.4944	-4.3561	-7.0354	5.7883	1.2742	-4.7111	-1.0154	5.0571	-1.1024	-3.785	6.932	-0.12142	2.8714	-6.1339	-2.3784
-12.086	-9.8692	-8.2771	2.8367	0.97356	3.6964	9.5568	-4.2605	-2.4391	7.923	1.263	-5.3848	-7.9322	7.0003	2.0437	-6.5609	-0.29026	6.4647	-0.45346	-4.623	8.6855	-0.40668	2.8053	-7.3484	-2.3126
-1.7086	1.322	-1.8158	1.7921	1.4844	-2.5564	1.4786	1.6409	-3.6844	0.9457	-2.3497	-1.463	-0.59883	-5.4051	-1.9766	2.9778	1.5589	3.5852	1.7241	1.0998	1.9943	1.4966	-1.2006	1.1307	3.2865
-3.822	-1.6508	0.063752	2.8875	1.4712	-1.4266	3.3478	-3.8877	-4.9835	2.0314	-2.4987	-5.5626	-0.14668	-3.727	0.4517	-1.9066	3.6407	4.4038	0.49889	-0.010696	4.6828	0.65664	-0.85682	0.97942	2.1697
-8.654	-3.2902	-1.5695	2.5602	2.6547	0.90594	1.3812	-0.54559	-1.7646	2.4235	-4.9192	-5.8688	-3.0335	1.3302	2.4721	-1.1184	4.6013	5.3153	0.67325	-1.0853	4.7992	1.4167	-0.2997	-0.080752	2.2744
-8.2838	-6.0322	-3.919	5.0554	2.8096	5.5592	8.1224	-5.4314	-1.9194	5.6932	-1.0243	-2.6862	-4.9189	0.924	2.1908	-6.0984	6.0401	7.4791	1.3217	-1.9592	6.8489	2.8167	-1.8796	0.66612	2.4335
-11.895	-5.4765	-2.1575	1.2195	4.6334	2.4186	7.4029	-6.9972	-2.4668	5.5107	-4.7029	-6.63	-3.3034	3.4406	3.0043	-7.4228	5.7163	6.8474	4.1681	-0.31898	9.6887	2.2672	0.1253	-5.892	1.3389
-13.597	-10.154	-6.5755	1.7203	4.1641	3.7727	11.972	-6.7958	-3.581	6.5265	-3.4232	-2.2043	-7.3428	4.1644	3.1162	-7.9427	6.1206	9.1404	-0.98782	-0.44688	8.3645	1.8599	2.2082	-3.3372	2.3591
-1.2677	3.0745	2.9729	0.001169	0.56229	1.4589	3.1118	2.8386	-3.111	2.451	-1.6084	-2.5944	2.4965	2.5062	-1.5062	1.5427	-0.63819	1.1811	-3.1253	2.138	1.8317	-1.4179	2.1823	-1.2445	-2.2459
-3.1806	0.81725	1.3016	0.6664	1.0944	2.577	4.9878	1.8303	-3.1349	3.6179	-2.3559	-3.7397	1.3724	3.654	-0.54791	-0.13773	0.14647	2.5094	-2.7728	1.5342	3.3722	-1.1316	2.4887	-3.0423	-2.6511
-4.8486	-1.2591	-0.071673	1.009	0.96047	3.1867	6.8623	0.7229	-3.4183	5.2136	-3.0579	-4.3323	0.21426	4.8009	0.22574	-2.1747	0.83203	3.8473	-2.5063	1.0114	5.2038	-0.60912	2.8056	-4.4422	-2.9139
-6.7612	-3.2215	-1.6059	0.92429	0.90718	3.8703	8.5593	-0.68854	-3.7985	6.5669	-3.3062	-4.6477	-0.92323	5.9615	0.9216	-3.9471	0.94116	5.2281	-2.4215	0.41683	7.1318	-0.59296	3.3247	-5.9574	-2.8998
-8.1129	-5.4067	-2.8877	1.3815	1.3775	4.9807	10.25	-1.6908	-4.1162	8.225	-3.5593	-5.3981	-2.1373	7.0938	1.7432	-5.8743	0.93512	6.5177	-1.7978	-0.022739	8.9439	-0.69758	3.695	-7.2375	-2.8585
-10.21	-7.3426	-4.8406	1.7674	1.9107	6.2981	12.243	-3.1604	-4.1244	9.4432	-4.0027	-6.303	-3.2415	8.1398	2.2426	-7.4364	1.2256	7.8634	-1.1658	-0.21765	11.156	-0.5117	4.0076	-8.917	-3.0882
-2.7387	-2.201	0.74873	1.2372	-1.2488	-2.2683	1.5225	-1.5724	3.6385	-2.801	3.3846	3.8996	-4.133	-2.4056	0.49857	1.5483	1.8455	0.54867	-2.0423	-0.72552	3.1103	1.8863	-1.0295	-1.7582	1.5736
-3.829	-4.8341	-2.6303	-0.083048	-0.57995	-0.94594	3.9333	-2.7146	2.6655	-1.6178	1.8837	0.65725	-3.37	0.17798	-0.077641	0.64842	1.8474	1.1993	-1.6278	0.43865	4.3331	2.1474	-0.97775	-3.3129	0.84383
-5.3669	-4.7328	-4.7928	1.7739	2.9503	0.58858	5.6607	-4.0431	2.1082	-0.32181	2.9812	2.0456	-4.6512	-0.50593	0.97159	-0.5605	2.419	3.7278	1.5789	0.43467	6.101	3.1547	0.989	-4.1266	2.5265
-8.0924	-7.1467	-6.3584	1.6686	1.8136	2.0074	6.0975	-5.9306	3.7445	3.1075	1.9947	-0.19005	-6.618	2.343	2.058	-3.5593	1.9194	5.2367	1.3231	-1.6582	8.5715	0.55036	0.15837	-6.2544	0.52202
-9.2018	-7.5647	-7.6571	3.7955	2.147	1.5233	8.1408	-6.2516	1.4784	3.2832	-1.2347	0.59935	-7.2716	2.8977	1.9048	-6.5334	3.0599	7.0121	0.24617	-1.0658	10.028	3.1675	1.3408	-8.477	1.9938
-12.132	-11.28	-8.5635	3.1297	2.6413	3.0231	9.191	-8.482	2.7504	2.9639	1.1454	-1.0277	-8.8865	3.5156	4.0077	-8.5453	5.2984	8.1508	1.7127	-0.38385	12.401	2.2596	-0.17822	-9.2558	0.54653
-2.0083	0.2368	-0.76249	1.0759	-1.1438	-0.82412	2.5055	0.62422	-0.28081	-1.4829	-0.11074	0.84362	3.9134	-4.2362	3.9443	1.9782	2.9986	3.5226	4.6684	1.3238	-1.7929	-3.0759	4.8388	1.5986	-2.1135
0.29233	-3.7735	-0.34009	1.8678	-0.72351	-1.0668	4.2453	1.9153	-1.1343	-3.4389	-3.6069	-1.5999	2.4664	1.0349	1.6018	3.0948	0.30331	3.9565	2.3518	-1.0865	3.5851	-1.1812	3.2186	-3.1901	-0.3215
-1.961	-3.192	-1.707	2.5628	2.6558	1.6452	3.799	0.33108	-0.72664	0.97637	-2.802	-2.1836	2.5695	-1.0382	0.88853	-3.6248	4.8338	7.0181	0.58723	3.229	4.7291	-1.6024	0.22142	-3.6463	-1.2326
-4.0668	-10.176	-5.5615	0.59313	0.98651	1.1735	9.187	-0.95841	-0.82854	1.1065	-5.0423	-4.5006	1.241	2.9069	5.3772	-3.893	2.8533	5.8581	0.86223	0.014072	7.2165	-6.0759	3.2456	-1.7032	-2.6817
-5.1802	-6.9761	-5.2924	0.71738	2.0372	3.43	8.6893	-5.5907	-0.25719	4.1178	-2.0933	-3.9065	1.2476	3.1429	4.0033	-5.6152	3.2219	7.7726	2.3763	2.3284	8.6483	-3.9005	3.1574	-6.2561	-2.3157
-11.204	-13.283	-8.9038	-1.7347	1.7431	6.4797	9.3757	-6.1616	0.27224	6.9497	-3.6812	-5.1654	-2.772	5.0027	3.5952	-10.026	4.1299	7.147	2.4677	2.8588	12.316	-3.336	3.662	-3.7746	1.3334
-2.2084	-0.90342	-2.0712	1.7171	1.5926	-1.8788	2.4276	-0.37636	-0.38484	1.1547	-2.4389	0.33799	2.9521	0.64842	0.96679	1.0589	-0.41377	0.062784	-1.6957	0.32269	0.56697	1.9653	1.984	-1.79	1.269
-3.965	-2.7264	-3.5514	1.9202	1.9352	-0.47745	4.3483	-1.2583	-0.57398	2.6635	-2.2631	-0.51504	1.5191	1.5879	1.7349	-0.67714	0.087766	1.2322	-0.81721	-0.052173	2.1118	1.9622	2.1572	-2.9054	1.0135
-5.634	-4.7975	-5.1537	1.9515	2.0943	0.49708	6.4764	-2.3356	-0.66057	4.2999	-2.1969	-1.2012	0.669	2.463	2.2031	-2.2624	0.50133	2.4481	-0.42035	-0.39346	4.0838	1.8399	2.3095	-4.7398	1.021
-7.4405	-6.7483	-6.7448	2.4785	2.422	1.8115	7.8887	-3.4197	-0.41938	6.0471	-2.4995	-2.2759	-0.10321	3.3549	2.7482	-4.1632	0.92818	3.6303	0.040017	-0.7096	5.9337	1.9952	2.1672	-6.3628	0.93278
-9.4739	-8.6149	-8.2905	3.0711	2.7913	2.9088	9.4364	-4.5246	-0.47318	7.414	-2.7518	-3.4539	-0.82351	4.3505	3.3481	-6.1584	1.6974	4.8214	0.36279	-1.2307	8.035	2.4972	2.1048	-7.4717	1.1509
-11.095	-10.505	-9.9131	2.9577	3.1487	3.8078	11.071	-5.5399	-0.68093	9.4045	-2.8531	-3.9309	-1.4792	5.6412	3.7964	-7.865	2.441	6.0139	0.69513	-2.0182	10.016	2.821	2.205	-9.2503	1.4743
-1.4744	2.1496	1.9156	-0.84264	1.4572	0.43245	-1.1494	-1.0885	-0.64555	-2.5039	-1.4368	-2.9479	1.0167	2.5525	-0.78086	-1.5209	2.3589	1.5459	-1.4663	-0.85796	1.724	2.1993	1.0561	-1.4029	-1.7914
-3.2161	0.30789	0.48565	-0.52197	1.7418	1.5954	0.80448	-2.6648	-0.76519	-0.76814	-1.8964	-3.922	0.16009	3.9325	0.15048	-3.3461	2.7813	2.9001	-1.1665	-1.8194	3.5213	2.1895	1.4223	-2.806	-1.5852
-4.7525	-1.4151	-1.3427	-0.62636	2.1343	2.5238	2.7002	-4.1092	-0.3222	0.32948	-2.2698	-4.5364	-0.62035	5.2882	0.99647	-5.0025	2.7906	4.0399	-0.76669	-2.6143	5.243	2.2889	1.7007	-4.3031	-1.7223
-6.4046	-3.4453	-2.6586	-0.60308	2.3146	3.5912	4.1342	-5.8503	-0.19614	1.7942	-2.4096	-4.9471	-1.2832	6.423	2.0956	-6.9233	2.8067	5.5817	-0.40212	-3.3093	7.2256	2.3821	1.9061	-5.7143	-1.8032
-7.8656	-5.1663	-4.0155	-0.33094	2.6587	5.1223	5.9681	-7.0025	-0.3451	3.6034	-2.6401	-5.7846	-2.0544	7.5593	2.867	-9.0074	3.1076	6.7578	-0.10714	-3.9947	9.1433	2.8192	2.451	-7.1194	-1.5558
-10.079	-6.7522	-5.6098	-0.039473	3.1111	6.4019	7.8966	-8.5011	-0.12805	5.417	-2.8505	-6.4814	-3.5694	8.8352	3.5119	-11.041	3.4708	8.234	0.39182	-4.5133	11.344	3.0362	2.9285	-8.8919	-1.0758
0.86798	-2.8886	2.7465	1.6938	-0.66811	0.86507	0.40516	-0.93063	-1.7903	3.1158	1.285	0.15864	-0.54019	-1.8239	1.9172	-0.60458	-2.4938	2.3444	0.72775	0.77781	-1.275	1.1553	-0.47236	1.45	0.8349
-0.88013	-4.8099	1.2938	1.9079	-0.37575	2.1289	2.1486	-2.0606	-1.9792	4.7932	0.79296	-0.51332	-1.3492	-0.38396	2.4875	-2.1627	-1.5397	3.9961	1.4062	-0.2006	0.67835	1.2012	-0.15644	-0.14147	1.2084
-2.4554	-6.7559	-0.17417	1.9772	0.21576	3.7343	4.1897	-3.1947	-2.1204	6.2225	0.64657	-1.2832	-1.8804	0.92203	3.4093	-4.2206	-1.0484	5.3424	1.9677	-0.76194	2.8008	1.7371	0.53152	-1.2316	1.2025
-4.0608	-8.6255	-1.6805	2.5281	1.0374	4.9134	5.9856	-4.3841	-2.069	8.0606	0.39451	-1.9349	-2.4593	2.043	4.4772	-6.0081	-0.89001	6.8928	2.4271	-1.0324	4.8442	2.2136	1.047	-2.906	1.2512
-5.8599	-10.311	-3.464	2.9236	1.624	6.024	7.7744	-5.4798	-2.0554	9.6152	0.23576	-2.454	-3.5968	3.0675	5.3992	-8.1379	-0.38768	8.1111	3.3193	-1.2391	6.664	2.1831	1.1469	-4.2226	1.4429
-7.7911	-12.215	-4.856	2.9971	1.7555	7.4971	9.1215	-6.8747	-2.0389	10.971	0.090332	-3.2391	-5.1409	4.0469	6.5784	-10.059	0.2815	9.318	3.857	-1.6065	8.6899	2.0338	1.3402	-6.0946	1.6715
-1.4708	-3.0886	1.431	1.9451	-0.77494	-1.1325	2.4701	-0.2031	2.6505	1.0821	-2.357	-0.27857	-1.0225	1.9156	0.16436	-2.527	-0.28544	2.9004	-0.33121	-2.1437	0.52259	2.8548	2.1804	-2.5983	2.2446
-3.4019	-5.0482	0.12546	1.8388	-0.55487	0.2625	4.28	-1.3986	2.3028	2.6907	-2.6263	-0.99186	-1.7273	2.8812	0.89605	-4.6869	0.061722	3.7566	0.72861	-3.0202	2.6351	3	2.4396	-4.2135	2.078
-5.196	-7.332	-1.2341	2.0325	-0.17232	1.6818	6.2294	-2.6133	1.6921	4.1692	-2.8875	-2.1715	-2.8879	4.0469	1.742	-6.6874	0.44733	4.7215	1.3471	-3.8158	4.4603	3.2905	2.7061	-5.8953	2.1951
-6.7296	-9.2547	-2.7192	2.3421	0.64005	2.7075	7.8457	-3.7661	1.5162	5.6881	-3.7153	-3.2965	-3.9575	5.3954	2.6836	-8.7545	0.76574	5.586	1.9925	-4.4888	6.2807	3.418	2.6701	-7.0553	2.3224
-8.0825	-11.386	-4.4013	2.2794	1.2299	3.4188	9.1172	-4.8864	1.3775	7.3425	-4.3524	-4.1987	-4.9656	6.7453	3.2514	-11.126	1.2302	6.7141	2.0897	-5.3531	8.0151	3.5792	2.3852	-8.3615	2.2446
-9.9897	-13.322	-6.1179	2.0826	1.2727	4.7867	11.172	-5.8951	1.0053	8.3066	-4.9368	-5.3428	-5.8477	7.9656	4.2123	-12.831	1.3861	7.8953	2.1567	-5.9514	9.7309	3.9373	2.4875	-10.256	1.4922
3.0854	1.9502	-1.5827	-1.4675	-2.4775	-1.3209	-2.1268	1.4739	-0.35974	1.5168	3.1348	2.0392	0.48271	-0.046274	-1.6725	-2.1746	1.3701	0.63155	0.088929	2.145	-1.3585	0.006117	-2.4689	-1.0807	0.98419
1.382	0.17886	-3.0346	-1.3062	-1.7486	-0.23555	-0.132	0.46503	-0.37842	3.3276	3.2222	1.0871	-0.46309	1.4362	-1.2345	-3.8087	1.9206	1.7145	0.45411	1.3157	0.47509	0.17922	-1.8935	-2.4862	0.77612
-0.45129	-1.2171	-4.433	-0.74936	-1.3208	0.70147	1.5681	-0.92888	-0.24626	5.043	3.1404	0.3575	-1.6274	2.9269	-0.32985	-6.0161	2.3985	2.4557	0.68872	0.68912	1.8582	0.4096	-1.3728	-3.5645	0.80683
-2.0621	-3.0703	-6.0916	-0.4971	-1.34	1.8086	3.4067	-2.0656	-0.51541	6.6116	3.0534	0.070638	-2.3388	4.3109	0.56464	-7.7545	3.1042	3.6735	0.9165	0.13801	3.5367	0.66242	-1.1641	-5.5261	0.77325
-3.9339	-4.6328	-7.8283	-0.70836	-0.94693	3.4263	5.1223	-3.2504	-0.91741	8.4285	2.8033	-0.52322	-2.8907	5.6094	1.5807	-9.4469	4.0935	4.5902	1.6521	-0.67987	5.1273	0.77509	-1.139	-6.941	0.7508
-5.672	-6.2258	-9.3678	-0.80616	-0.093832	4.7641	6.7421	-4.719	-1.4078	10.163	2.1	-1.4243	-3.5246	6.805	2.7736	-11.503	4.675	6.0182	2.2912	-1.1495	6.3842	1.0227	-0.7543	-8.3884	0.73194
1.646	1.9584	-0.13614	-1.3513	-0.29228	-1.3355	-0.89564	0.71035	-0.53676	2.6463	-1.1236	1.5764	-1.8501	-1.233	-1.4528	1.2129	-2.0922	0.19821	-1.8758	-2.153	1.6136	2.6046	-1.7599	-2.0806	1.8789
0.11269	-0.1672	-1.8784	-1.0844	-0.14722	-0.57195	0.85073	-0.48093	-0.9797	4.442	-1.4768	0.78807	-2.8446	-0.16713	-0.68721	-0.82626	-1.6869	1.2168	-0.98288	-2.5788	3.5135	2.7039	-1.3317	-3.5852	2.1523
-2.0078	-2.5273	-3.2829	-1.4545	-0.080245	0.021613	2.808	-1.8595	-1.488	5.9745	-1.4999	-0.34485	-3.7912	0.81993	0.21094	-2.9623	-0.97205	2.6928	-0.75444	-3.0949	5.6147	2.4662	-1.1454	-5.0657	2.2272
-3.6708	-4.7387	-4.6803	-1.2394	0.56265	0.93028	4.664	-2.9644	-1.4557	7.7563	-1.62	-1.2268	-4.7326	1.8606	1.1184	-5.2825	-0.41621	3.958	-0.080769	-3.8854	7.7565	2.6286	-1.215	-6.7317	2.1639
-5.5497	-7.0704	-6.086	-0.81887	0.87721	2.4908	6.568	-4.6101	-1.5132	9.2334	-1.647	-2.1636	-5.8366	2.9781	1.6318	-6.9385	-0.042726	5.5397	0.49426	-4.7778	9.8421	3.0518	-0.88907	-7.719	2.2488
-7.3129	-8.887	-8.0172	-1.1374	1.1348	3.7375	8.1915	-5.7646	-1.8998	10.865	-1.5073	-3.0851	-7.041	4.3411	2.2053	-8.8329	0.70404	6.6488	1.5186	-5.3231	11.906	3.3964	-0.50082	-9.4786	2.7236
1.7175	0.33848	-1.2961	0.56899	-2.1119	-0.80741	2.5244	-0.56235	2.0731	2.9732	0.38338	1.1545	0.28753	1.5643	0.90027	-2.2238	2.1227	-2.3228	1.1716	2.7651	-0.28035	-2.4405	-2.7531	1.7345	-3.123
-0.28813	-1.4378	-2.8659	0.73037	-1.4406	0.62838	4.1767	-1.5893	1.7735	4.5885	0.32517	0.034946	-0.46983	2.823	2.118	-4.3521	2.5116	-0.78984	1.7465	2.0975	1.7563	-2.034	-2.484	0.10409	-3.3187
-1.7393	-3.4226	-4.3845	1.1735	-1.3594	1.8964	5.8304	-2.6965	1.5712	6.307	0.19983	-0.73149	-1.8804	4.2777	3.0493	-5.9789	3.2704	0.64521	1.9852	1.6579	3.8284	-1.6694	-2.2187	-0.89076	-3.529
-3.4508	-5.417	-6.1491	1.3664	-1.1011	3.177	7.8876	-3.8925	1.8548	8.0264	0.3179	-1.3253	-2.799	5.8553	4.1308	-7.7908	4.0366	2.2612	2.5104	1.153	5.9252	-1.6331	-1.932	-2.5808	-3.8431
-5.3308	-7.3308	-7.2922	1.283	-0.74652	4.4006	9.798	-5.0234	2.0666	9.5767	0.40227	-2.1658	-3.3894	7.5235	4.9389	-9.7225	4.5805	3.6316	2.7553	0.22105	7.926	-1.8433	-1.499	-4.2571	-3.9384
-7.3764	-9.3427	-8.8788	1.6267	-0.45642	5.4353	11.543	-6.2189	1.7481	11.108	0.31069	-2.8409	-3.9189	9.1178	5.1806	-11.526	5.1788	5.0205	2.6151	-0.4659	10.013	-1.9901	-1.3618	-5.4681	-4.0492
-0.010884	-1.0008	-0.28782	0.24536	2.3441	3.2143	2.5945	2.3165	-2.2521	-0.89505	2.3783	-3.284	1.9125	1.5747	2.2072	-0.93493	-1.2497	-2.8771	0.7438	-1.6783	-2.7166	0.14838	-1.0699	0.28151	1.2851
-2.6936	-5.4104	-1.3745	-0.74983	1.6711	2.0438	5.2545	2.2875	-1.7974	-0.2919	4.1984	-2.737	1.6664	2.5247	1.2429	-1.0331	-1.951	-1.0124	2.1557	-2.3868	-2.0402	1.9739	-0.10909	-1.9629	3.654
-5.7685	-3.7971	-2.707	-1.6829	2.6446	4.1724	5.5733	-0.4018	-3.683	-0.079203	3.0601	-4.6748	0.53951	3.0059	2.3848	-3.771	-2.8429	-0.57218	3.4267	-4.5806	-0.53261	1.4056	-0.86694	-2.5483	4.5324
-6.8478	-6.829	-4.4633	-0.18482	3.8169	4.9374	6.8186	-2.0647	-0.80759	3.4121	2.1772	-3.8196	-1.0574	5.8464	4.0255	-6.2198	1.4206	0.57193	5.1332	-6.0972	1.7642	-0.50742	0.12947	-3.41	4.7289
-7.8337	-7.676	-8.5912	-0.41204	3.6423	7.0144	9.7009	-2.4246	-1.2862	4.7646	0.41592	-6.7141	-2.4801	5.1232	5.4913	-7.1034	-0.82059	2.607	5.3457	-3.8827	1.7938	2.2651	-1.2324	-6.7319	3.7992
-9.8779	-9.5601	-9.1494	-1.2557	3.1768	6.0455	11.299	-2.6413	-0.42832	6.6437	0.10817	-6.3471	-3.0882	6.2793	4.5663	-9.4716	0.81854	5.2662	3.5444	-5.3909	5.1687	0.030408	1.0417	-7.7105	2.9995
-3.0868	-0.86072	1.191	-0.59888	-1.6525	2.8684	-1.5917	-2.9009	-1.4864	1.9284	1.8627	-2.3435	-2.3342	-2.7304	2.0722	0.54388	-1.0091	1.6183	1.1186	-1.442	0.71381	-0.14943	-1.8791	0.55575	2.2599
-5.1916	-2.5612	-0.29828	-0.28581	-1.325	3.9917	-0.10571	-4.5343	-1.6148	3.7302	1.3073	-3.4658	-2.9501	-1.5252	2.8986	-1.0174	-0.85514	2.7288	1.8323	-2.1163	2.7533	0.22413	-1.4241	-0.49215	2.3033
-6.5714	-4.1912	-2.1653	-0.26069	-0.69693	5.0228	1.8287	-5.6942	-1.9819	5.1199	1.3034	-4.2195	-3.4675	-0.44041	3.8183	-3.2361	-0.63417	4.0319	2.6777	-2.6652	4.4119	0.68384	-0.82613	-2.1797	2.7159
-8.5071	-5.9749	-3.4462	-0.3077	-0.23257	6.0103	3.7201	-7.1564	-2.1456	6.834	1.4492	-5.0968	-4.2079	0.50758	4.3285	-4.9354	0.040795	5.3448	3.1425	-3.3012	6.2601	1.13	-0.50296	-3.745	3.0062
-10.41	-7.7556	-4.9974	0.20037	-0.18588	6.8667	5.5979	-8.3426	-1.8306	8.315	1.4492	-6.2884	-5.4293	1.5434	5.1873	-6.7694	0.44763	6.7473	3.8476	-4.0994	7.9984	0.88354	-0.58301	-5.1826	3.1122
-12.355	-9.2801	-6.5278	0.45842	0.030846	7.9109	7.3561	-9.3988	-1.7698	9.9355	1.2559	-6.7058	-6.8612	2.7251	6.0465	-8.7395	0.43102	8.0914	4.1456	-4.9465	9.8322	0.46293	-0.22521	-6.6901	3.249
1.4602	-0.66568	-0.61219	-0.38218	-2.7743	0.021041	-3.0638	0.084809	2.5228	-2.1729	-0.26338	-0.36086	1.4985	-2.32	2.0795	-0.79291	-3.401	-3.6155	-4.76	1.6825	2.4544	-1.7557	-3.1686	0.91195	2.4198
0.11913	-2.076	-2.4979	-1.1592	-2.5276	0.87091	-1.1568	-0.8569	2.6636	-1.6826	-0.63507	-0.20987	0.52567	-2.2702	3.1392	-3.0781	-2.3306	-2.2173	-2.6302	-0.14675	4.2825	-1.6925	-2.4354	-0.7735	3.0486
-1.8365	-5.5645	-3.5367	-2.0884	-0.55211	3.4016	0.93462	-2.6558	3.4264	-0.8611	-0.13137	-1.8693	1.3102	0.39476	3.1005	-4.3904	-2.7512	-1.7137	-3.259	0.1826	5.1599	-2.9243	-3.0413	-1.6013	2.4295
-2.4782	-8.0333	-6.1226	-1.7381	-1.6494	3.8273	3.1979	-2.8945	2.4567	2.3915	-1.5399	-2.2711	-1.2447	1.2104	3.9445	-4.2773	-3.234	1.2474	-2.4042	-2.3534	7.5937	-2.7695	-1.3985	-2.2832	2.8546
-4.5439	-8.1627	-6.8414	-0.49866	-2.7785	4.6633	5.7752	-4.7154	2.3713	2.1593	-2.116	-3.1323	-2.2913	2.4745	3.5787	-9.8012	-2.7181	0.78389	0.30703	-0.72353	10.608	-1.4957	-1.9535	-6.5096	2.1228
-6.5369	-11.404	-8.6626	0.19573	-2.6274	6.3067	6.3597	-7.254	2.7702	4.594	-2.2439	-2.598	-3.5052	3.765	6.0391	-11.884	-0.265	2.4052	-1.7418	-4.4522	10.714	-2.5919	-2.1404	-7.6815	1.3108
-0.58988	2.8326	1.8126	-0.030956	-1.6085	0.85822	-1.3574	-1.599	-3.0533	1.3676	1.8624	2.2259	2.1103	0.49161	-3.0881	-1.9606	-2.9817	-1.1634	0.93712	-1.3793	-2.643	-3.1024	0.31332	-2.2683	-1.635
-2.6374	0.48297	0.18938	2.0749	-1.1023	1.8383	0.87322	-3.2057	-3.3438	4.7401	2.244	2.1578	0.41404	2.638	-1.0298	-2.4826	-2.9919	0.49929	0.23495	-1.6195	-2.0726	-2.3383	1.914	-2.8621	-2.4505
-3.8971	-2.9322	-1.3303	0.6716	-1.0739	3.1812	3.9506	-3.2948	-3.9764	4.5208	1.7253	0.13961	-1.4676	4.663	0.26068	-5.0991	-1.0921	2.0815	3.0151	-2.423	0.50945	-1.4866	1.8355	-4.2663	-2.2921
-6.4371	-2.8024	-3.1198	2.1009	0.64478	1.2582	5.3857	-5.8358	-4.6218	8.9093	0.47093	0.14577	-1.9047	6.6346	0.60764	-6.2538	-1.4658	1.7581	3.9683	-3.3014	1.9647	-2.2274	2.284	-7.2514	-2.8116
-7.2801	-5.319	-4.2343	1.8236	-0.67599	4.361	6.8596	-8.5419	-4.595	8.7062	-0.39955	-0.17847	-3.1231	6.2194	0.30057	-8.436	-0.93855	4.5234	3.7348	-4.1032	4.8396	-1.7344	1.57	-6.7705	-3.5001
-9.7645	-7.9615	-6.9606	1.3704	-0.25042	6.1799	7.1799	-8.6073	-4.8934	10.486	1.0233	-2.4894	-2.167	8.0941	2.767	-8.6828	-0.48896	4.5893	4.072	-6.122	5.2466	-2.5051	2.9186	-7.7992	-3.2883
0.85992	-0.31842	2.304	1.2162	0.65173	-0.68714	-0.17661	-1.3255	2.9802	-2.6301	-0.45214	-2.6278	2.2157	2.4109	-1.7191	-0.13275	0.87058	-0.5891	-2.5688	1.2648	1.7822	1.1622	1.2529	-1.0628	1.0883
-1.1813	-2.0509	0.74872	1.407	1.2296	0.88117	1.4189	-2.7496	3.0859	-1.1352	-0.9888	-3.1281	0.64295	4.1113	-0.59755	-1.981	1.2968	0.76125	-2.107	0.3999	3.7723	1.1963	1.2374	-2.4008	1.0606
-2.8088	-4.0068	-0.71472	1.9137	1.5828	2.0219	2.6591	-3.7881	2.6258	0.31908	-1.3398	-3.9512	-0.31166	5.834	0.26948	-3.5343	1.7237	2.5047	-1.7518	-0.38141	5.929	1.2763	1.3861	-3.67	1.0499
-4.3612	-5.8466	-1.9028	2.0326	1.5851	2.5379	4.4115	-5.3145	1.5991	1.7694	-1.6117	-4.688	-1.1198	7.3292	1.2572	-5.7147	1.9053	3.854	-0.66963	-0.99766	7.9816	1.4704	1.4688	-5.6396	1.1719
-5.9156	-7.708	-3.5551	1.9491	1.8328	3.1233	6.492	-6.3406	1.0226	3.2152	-1.6584	-5.1354	-1.7539	8.6253	2.2033	-7.2512	2.1646	5.4208	0.088472	-1.4407	10.067	1.6793	1.3806	-6.759	1.2638
-7.916	-9.6289	-5.2066	2.0483	2.4346	4.4315	8.364	-7.5655	1.1291	4.7376	-1.5617	-5.6742	-2.2825	9.8104	2.6216	-9.0271	2.6465	6.4751	0.75551	-1.9948	12.078	1.9194	1.4515	-8.1584	1.0509
3.7679	2.4588	1.5734	2.8237	0.15827	-3.8657	3.2194	-0.086705	-1.9289	-1.2167	0.36988	0.61067	4.0729	-0.98613	0.90453	-2.0732	0.55825	3.7324	1.1976	-1.9414	-1.3444	-1.9445	1.0832	-3.3637	-1.7411
-0.73479	-0.26306	-1.3307	2.1249	-1.4569	-1.0638	5.0328	0.28507	-0.63372	2.7342	-1.5718	-1.4858	0.33518	0.45872	-2.704	-4.1422	2.8771	3.525	1.8979	-2.662	2.9638	0.77548	-1.3283	-1.9207	-0.66208
-2.6036	-3.6186	-4.1829	1.0367	-0.72674	1.3705	6.3495	-3.2893	-3.7066	1.3833	-2.0101	-1.3281	-1.3391	1.4634	-0.92684	-4.7288	1.9889	5.6227	5.2185	-2.3671	3.3216	-1.9849	0.13644	-2.9825	-1.1073
-0.89112	-3.9797	-4.8661	1.5094	-2.659	0.61378	7.7007	-4.1812	-2.7378	4.1417	-2.7323	-4.3284	-1.0558	2.7462	1.053	-7.2965	1.8011	8.0636	3.7617	-4.4296	5.7776	-0.047558	-0.62792	-5.3914	-1.213
-5.4489	-6.4887	-6.0456	4.1027	0.49	1.9315	10.784	-4.3539	-3.3423	3.5537	-1.0091	-1.4159	-3.1359	3.5028	1.5929	-9.9557	4.6393	8.7472	4.4556	-3.6952	5.9234	-0.27199	1.1162	-7.8823	-0.97695
-6.3366	-5.5557	-8.9713	3.3038	-1.2912	4.2184	11.755	-5.8292	-4.0336	5.3295	-4.375	-4.7024	-2.2246	5.2197	1.3478	-13.747	3.3741	11.815	6.0206	-2.5456	6.3877	-1.7875	0.89625	-10.902	0.099177
1.8557	-2.4354	0.0066984	-2.7019	2.3043	2.3787	2.4566	0.86042	1.2612	-0.6432	1.7584	-1.3877	-2.3439	2.2601	3.0743	0.96879	-2.8257	2.0623	2.6356	-2.6016	2.6768	2.4358	-1.6161	-0.62914	-2.4852
0.38873	-4.2127	-1.403	-2.4131	2.7451	3.5397	3.8361	-0.35606	1.2858	1.1399	1.7239	-2.0284	-3.5143	3.4204	3.5148	-0.81074	-2.5798	3.2313	3.3278	-3.7219	4.0409	2.5861	-1.4031	-2.4999	-2.5188
-1.2414	-5.6142	-3.1005	-2.158	3.0786	4.4875	5.3628	-1.5598	1.6342	2.6697	1.825	-3.1442	-4.3729	4.2638	3.9363	-3.3086	-2.7421	4.3844	3.8792	-4.4067	5.4385	2.6218	-1.4857	-3.9762	-2.6834
-2.9207	-7.2663	-4.639	-1.8139	3.5372	5.3999	7.4384	-3.2472	1.5098	4.1823	1.9871	-3.8639	-5.0266	4.9097	4.6022	-5.1554	-2.6341	5.4917	4.5637	-4.8171	7.1612	2.5098	-1.49	-5.1057	-2.6795
-4.9548	-9.0599	-6.3059	-1.0792	4.0024	6.2671	9.5877	-4.5468	1.1648	6.0132	2.1648	-4.517	-5.835	5.6942	5.5301	-7.08	-2.0519	6.6633	5.3766	-5.1224	8.7858	2.6376	-1.0381	-6.7123	-2.1996
-6.7662	-10.673	-7.7942	-0.87342	4.6803	7.0233	11.071	-6.3409	1.5372	7.2675	2.1432	-5.7687	-7.1111	6.6372	6.0663	-9.1548	-1.536	7.8107	5.903	-5.5499	10.773	2.8856	-0.79992	-8.4141	-1.7256
-2.9745	1.2503	-2.0537	-0.42774	2.8332	-1.5605	0.68043	2.4147	-1.5418	-0.81754	-0.49514	1.1257	-2.6423	2.3498	-2.6559	3.4619	-2.397	0.033941	-2.4375	0.44878	2.3565	0.96097	-2.0014	0.26939	-4.726
-5.5869	-2.1662	-0.76683	3.1683	-1.393	-2.7959	1.4371	-3.6778	-2.854	-0.045125	-5.398	0.23321	-0.17693	3.3228	1.4359	-0.85637	-2.574	0.65733	-1.4647	1.1314	3.3195	-0.46199	1.7684	-1.8383	-0.99421
-4.3492	0.32367	-1.8454	-0.58494	3.0559	-2.0903	1.799	-2.1181	-4.8999	5.9692	-3.6365	-8.3004	-5.9968	1.2911	-2.5444	-3.3098	2.2965	3.4379	1.6355	1.784	1.3236	0.080679	1.5906	-7.4392	-3.1708
-5.1679	-6.4376	-4.1505	6.6645	3.029	0.70614	3.3705	-2.2588	-3.8348	3.8632	-2.5518	-5.3856	-1.5003	1.5453	-0.83865	-5.3671	0.77124	2.8251	2.7447	-1.7393	-0.11662	2.6297	2.1903	-5.1507	-2.1263
-11.497	-6.3116	-1.4359	0.8921	-1.0989	2.6168	6.2238	-7.0833	2.2913	6.6381	-3.5594	-5.7299	-1.6685	5.859	3.1785	-7.8918	1.9452	5.8346	-1.4142	-0.38442	5.3819	4.621	8.0412	-7.4778	-1.3505
-11.003	-12.066	-9.0609	1.7433	3.2103	1.6581	7.3874	-5.2304	-5.2416	11.182	0.50302	-8.0979	-6.5738	4.0676	-2.1612	-9.0096	2.1848	3.2798	-2.2401	1.5664	8.7818	2.9191	6.4941	-7.6709	-2.3139
0.44431	1.7297	2.7475	2.9085	-3.0531	-2.9059	2.8549	-0.79461	0.5291	0.47684	-0.54969	0.18721	-0.81222	2.1292	0.4898	-2.3923	1.369	-2.5905	-1.4578	-2.5131	-0.64476	0.94449	2.7862	-1.5711	-1.1904
-1.4666	0.045268	1.0842	3.3473	-2.2683	-1.9466	4.6948	-1.7204	0.85117	2.0084	-1.3309	-0.75659	-1.5193	3.3281	1.5609	-4.4018	2.2169	-1.3518	-0.74679	-3.2379	1.4377	1.3269	3.0662	-2.9759	-1.0459
-3.438	-1.6595	-0.34602	3.5818	-2.0432	-1.1241	6.2174	-3.2041	0.8211	3.7651	-1.5333	-2.0806	-2.6202	4.3842	2.5849	-6.5081	2.7486	0.014878	-0.088066	-3.567	3.5791	1.7816	3.2683	-4.4544	-1.0174
-4.9429	-3.5462	-1.9695	3.9672	-2.1817	-0.018086	8.3497	-4.4685	0.86715	5.3457	-1.7667	-2.5948	-3.7736	5.4345	3.6336	-8.7973	3.1477	1.4642	0.27738	-3.7887	5.5458	1.6702	3.1883	-5.7081	-1.0867
-6.4679	-5.3037	-3.3757	4.3757	-1.7518	1.1367	10.185	-5.8271	0.93047	7.0132	-2.0772	-3.2057	-4.7289	6.832	3.9969	-10.588	3.5481	2.6692	0.7805	-3.9907	7.758	1.7504	3.2634	-7.4824	-0.83979
-8.4512	-6.8475	-5.0937	4.8623	-1.3429	2.0371	11.816	-7.0902	1.033	8.1457	-2.4017	-4.2618	-5.4508	8.3788	4.593	-12.407	3.8942	3.7919	1.0831	-4.4185	9.5392	1.9173	3.7379	-9.0344	-0.36926
-0.23932	-1.6132	-0.70402	-0.43915	-2.0043	-1.3133	-3.8276	1.9956	-2.9857	0.58413	2.4793	-2.4296	1.7642	-3.4795	-1.6076	-3.2376	3.9005	3.1732	-1.9074	0.84036	2.8687	-2.8251	1.6468	2.7017	-4.1101
0.98874	-2.2494	-3.0212	-0.32395	-1.456	-0.5726	-1.0514	0.66075	-3.9243	0.45339	2.1833	-1.556	-0.068174	-2.0586	-2.8001	-4.6691	3.7959	2.3551	-2.0432	0.94201	1.8998	-3.2506	1.7479	0.75062	-2.9186
-2.4253	-4.9701	-6.5896	0.21535	-1.2267	1.0708	0.48848	-1.247	-4.7644	4.8154	1.4856	-3.225	-1.611	-0.59911	-1.0029	-6.4968	4.3109	5.9082	-0.11243	-0.54963	4.9824	-5.2318	-0.37195	-1.5533	-3.965
-5.3622	-9.4155	-5.1406	2.3677	-0.99098	4.7301	2.7159	-0.47252	0.35535	4.8944	3.3664	-4.8286	-2.3182	0.84079	-1.9302	-7.9081	3.757	5.6871	0.23705	0.82105	6.8664	-3.0145	0.93797	-1.7855	-1.0754
-5.1667	-10.844	-7.8447	-0.59654	-0.41014	3.8466	3.9271	-1.7115	-2.7588	8.3618	0.79518	-4.5073	-4.2559	2.5359	-1.5178	-9.9007	6.1601	6.6847	3.0473	-2.3149	9.715	-1.2504	2.5021	-3.6472	-2.2318
-6.062	-11.946	-8.836	2.0719	-1.0231	4.2434	7.4157	-1.5706	-1.6339	9.9347	-0.63836	-4.5573	-3.499	2.857	-1.6337	-13.068	6.0599	7.6095	4.1679	0.054521	12.47	-3.0356	2.6228	-5.4279	-1.3292
1.0157	-2.2626	-1.8865	-1.1808	-0.91695	3.5155	-2.0715	1.6464	-2.1353	1.4732	0.19167	4.0775	-2.5199	1.409	-3.1872	-1.1475	0.11226	-0.77876	1.4794	0.56528	2.1751	-3.4926	-0.35952	-1.995	0.39793
-0.98033	-3.3102	-2.806	-2.7119	-1.2688	4.7858	0.90925	1.8931	-2.2228	4.8784	-0.63058	3.4333	-1.7775	2.9221	-1.0261	-2.2147	-0.5818	0.30866	1.4545	-0.72214	4.4686	-2.099	0.55246	-3.8282	-0.92194
-4.378	-5.3925	-4.8585	0.72073	-0.083733	5.0762	1.3067	0.27019	-3.1009	4.4481	-1.0601	2.02	-3.6116	4.7216	-1.6168	-4.4935	1.859	1.1663	1.31	-1.4639	5.0804	-2.9204	-0.32909	-4.4483	0.63985
-5.6665	-7.6136	-5.2705	-1.1824	0.32297	4.981	2.4269	-0.66829	-0.99974	6.495	-2.1596	1.7023	-4.2941	5.1192	1.3019	-6.6607	0.76339	1.4854	4.8009	-1.7413	7.9416	-2.7126	-1.6334	-6.335	0.44638
-7.2726	-9.649	-9.0961	0.65873	-1.1768	5.6118	4.5461	-1.4028	-1.2208	8.3125	-1.0867	1.4628	-6.9418	6.5572	-0.61388	-9.2869	1.7855	2.1238	3.1269	-2.6132	9.4142	-0.68677	-1.1376	-7.0625	-1.03
-8.6402	-10.223	-9.8761	-0.96012	0.35171	7.6874	6.2757	-3.4001	-1.1451	8.9811	-2.291	0.90262	-9.1193	9.157	-0.29183	-10.781	1.6822	4.4181	5.5068	-2.262	12.539	-1.158	-2.1765	-9.7616	-0.48497
