0.521525 0.505976 0.595166 0.520833 0.522727 0.536328 0.512428 0.554688 0.570194 0.514706 0.563934 0.526667 0.556833 0.582923 0.556936 0.555118 0.503077 0.541237 0.479651 0.540462 0.469388 0.559567 0.520119 0.493852 0.534392 0.558282 0.557621 0.496183 0.550744 0.529936 0.549801 0.519757 0.515504 0.535777 0.580977 0.551786 0.51487 0.528785 0.507317 0.501718 
0.397714 0.429048 0.414671 0.396694 0.422907 0.426295 0.40708 0.420635 0.43 0.469108 0.407129 0.479769 0.417476 0.455724 0.423174 0.434122 0.380863 0.367209 0.443532 0.487847 0.466755 0.455904 0.419028 0.420569 0.470472 0.35914 0.35748 0.393243 0.409594 0.42615 0.418103 0.379722 0.372477 0.429616 0.423611 0.420345 0.37535 0.4125 0.368182 0.390991 
0.460616 0.413349 0.471867 0.456395 0.480603 0.487562 0.460746 0.436877 0.506198 0.494346 0.408309 0.462893 0.441176 0.485411 0.471154 0.525862 0.456954 0.481439 0.472429 0.514628 0.443381 0.465696 0.461207 0.492958 0.494236 0.436834 0.4256 0.454892 0.446764 0.494118 0.486022 0.443431 0.45393 0.470356 0.453744 0.427419 0.454439 0.412979 0.437943 0.487624 
0.417323 0.426882 0.411491 0.457627 0.477844 0.410016 0.39759 0.38921 0.433048 0.415468 0.451664 0.45283 0.394525 0.393013 0.450633 0.429799 0.441358 0.398664 0.447761 0.440767 0.485636 0.448949 0.408083 0.388298 0.400868 0.414462 0.421138 0.436989 0.396154 0.38716 0.417647 0.456325 0.515086 0.413136 0.403285 0.422414 0.435262 0.361582 0.47644 0.43578 
0.508929 0.441237 0.502722 0.478155 0.538642 0.463415 0.493132 0.470483 0.505564 0.512658 0.539363 0.494964 0.451411 0.542373 0.517544 0.513661 0.481818 0.482301 0.518591 0.517516 0.485777 0.494157 0.555556 0.489362 0.432511 0.486842 0.464241 0.507109 0.486622 0.46832 0.458753 0.484346 0.484091 0.461538 0.538462 0.483871 0.486076 0.534884 0.494737 0.393082 
0.482883 0.48318 0.464819 0.504491 0.457859 0.48367 0.424929 0.452586 0.493671 0.529667 0.518127 0.494505 0.471729 0.505728 0.483333 0.466321 0.492481 0.466801 0.425414 0.477228 0.422794 0.48722 0.482759 0.488789 0.46281 0.500963 0.409621 0.447284 0.470489 0.445759 0.473118 0.43252 0.475129 0.446108 0.503448 0.518707 0.477093 0.449627 0.5 0.391626 
0.467836 0.492537 0.416905 0.394303 0.426339 0.451031 0.39434 0.389147 0.4683 0.390609 0.424242 0.426796 0.44031 0.430612 0.412346 0.472803 0.456897 0.41701 0.491204 0.449541 0.494071 0.417886 0.401674 0.356655 0.419944 0.482402 0.440433 0.411917 0.430631 0.501205 0.434406 0.402806 0.467128 0.511504 0.385656 0.440265 0.397089 0.42437 0.430657 0.411765 
0.438792 0.453317 0.371088 0.394541 0.400709 0.37464 0.399707 0.386642 0.440639 0.424474 0.445312 0.417489 0.453626 0.422145 0.459402 0.42029 0.457077 0.438596 0.40625 0.490028 0.410995 0.461538 0.454668 0.434191 0.458204 0.447699 0.438308 0.478964 0.437247 0.376307 0.440722 0.406312 0.419014 0.5 0.481752 0.406863 0.439863 0.39542 0.429467 0.446237 
0.531381 0.487136 0.430982 0.469466 0.477912 0.492868 0.522073 0.546142 0.511561 0.485836 0.401942 0.5 0.521378 0.537879 0.502882 0.538366 0.516 0.495562 0.472354 0.529897 0.477228 0.54559 0.439169 0.47585 0.463203 0.503429 0.489758 0.480695 0.515413 0.523985 0.549708 0.465753 0.427451 0.511475 0.499109 0.469444 0.510373 0.534776 0.482517 0.446469 
0.437919 0.441791 0.509317 0.500829 0.494268 0.427419 0.458629 0.476764 0.498925 0.451705 0.453061 0.468232 0.47137 0.49177 0.503584 0.515823 0.516129 0.512104 0.476945 0.454545 0.502336 0.447853 0.424731 0.460317 0.443284 0.407975 0.418651 0.449319 0.44429 0.497738 0.525105 0.440204 0.461276 0.489224 0.46463 0.473333 0.48855 0.497667 0.458937 0.423892 
0.541109 0.565012 0.509585 0.497642 0.472527 0.486998 0.476658 0.498008 0.515924 0.550943 0.503497 0.502994 0.536082 0.488636 0.51236 0.49422 0.4 0.540984 0.521531 0.507463 0.507614 0.525641 0.505597 0.518433 0.518868 0.431818 0.474178 0.52993 0.511464 0.511156 0.51735 0.51046 0.535398 0.53125 0.511211 0.478193 0.511211 0.564309 0.497087 0.497067 
0.508251 0.418239 0.452703 0.47972 0.485169 0.456386 0.517157 0.49345 0.506173 0.515864 0.432018 0.520677 0.509091 0.443069 0.433766 0.42654 0.464623 0.475138 0.455806 0.472019 0.409274 0.429293 0.457143 0.506696 0.48694 0.445724 0.45491 0.488372 0.471193 0.462908 0.467742 0.444444 0.491228 0.494774 0.525988 0.513321 0.495215 0.510467 0.457921 0.476603 
0.563559 0.581301 0.569472 0.541667 0.57079 0.573561 0.596154 0.52815 0.477612 0.473822 0.468468 0.490909 0.509749 0.46747 0.481728 0.570297 0.555046 0.522648 0.514644 0.537344 0.546875 0.552707 0.46875 0.570934 0.564246 0.553377 0.543158 0.563348 0.549451 0.553191 0.505338 0.552707 0.54717 0.496314 0.478723 0.521277 0.480565 0.569277 0.51073 0.565436 
0.514463 0.548387 0.521912 0.532731 0.555759 0.498 0.544974 0.546366 0.515222 0.572935 0.543147 0.552239 0.555695 0.58643 0.581717 0.526144 0.475 0.557895 0.567568 0.55082 0.513866 0.536264 0.538745 0.530214 0.523342 0.538776 0.549872 0.493113 0.544 0.502049 0.490251 0.553879 0.555195 0.439863 0.542443 0.56 0.56167 0.535519 0.577236 0.564171 
0.566667 0.493353 0.506329 0.517361 0.546961 0.540856 0.521277 0.507625 0.565705 0.526539 0.558333 0.56079 0.487603 0.503119 0.505076 0.429936 0.504298 0.506203 0.568345 0.551247 0.5 0.497797 0.538314 0.531856 0.508065 0.507614 0.505995 0.517056 0.54065 0.557545 0.512676 0.495868 0.51895 0.558511 0.507979 0.517815 0.545113 0.52305 0.513131 0.52071 
0.547945 0.534304 0.523102 0.475504 0.556402 0.546341 0.541502 0.530885 0.531178 0.55402 0.528846 0.459677 0.49792 0.538462 0.548323 0.535893 0.517857 0.530983 0.501761 0.545342 0.480198 0.503158 0.534247 0.500938 0.530864 0.549342 0.541534 0.48 0.540486 0.539062 0.549414 0.532095 0.470588 0.544654 0.561567 0.529528 0.547872 0.498462 0.578571 0.489011 
0.515625 0.565693 0.540117 0.575221 0.54026 0.540284 0.474916 0.53719 0.564171 0.567273 0.584906 0.589552 0.59246 0.580793 0.563596 0.579602 0.491841 0.534884 0.501718 0.498168 0.571765 0.567282 0.553776 0.623832 0.577586 0.561224 0.56341 0.535354 0.496855 0.556213 0.576369 0.564399 0.532609 0.559242 0.520147 0.551282 0.59542 0.568345 0.543182 0.587361 
0.510393 0.522727 0.539017 0.532751 0.5 0.524823 0.556351 0.465421 0.50722 0.568702 0.532594 0.535613 0.573529 0.577713 0.543027 0.536842 0.584677 0.578859 0.556468 0.536508 0.563353 0.542141 0.545287 0.52043 0.553991 0.539062 0.554286 0.614828 0.577273 0.420233 0.501484 0.519704 0.563319 0.504292 0.537931 0.555556 0.521739 0.475845 0.590406 0.549751 
0.548454 0.534545 0.560461 0.56383 0.580392 0.54878 0.573141 0.457203 0.527415 0.557114 0.561863 0.558725 0.560559 0.586645 0.565714 0.562005 0.557895 0.560897 0.590253 0.550373 0.544262 0.53222 0.538847 0.552017 0.546603 0.530675 0.546414 0.578261 0.52 0.580265 0.545802 0.530928 0.55418 0.569689 0.554688 0.506775 0.57971 0.543408 0.516216 0.493261 
0.542574 0.557756 0.508227 0.546117 0.546552 0.601896 0.5 0.510638 0.527027 0.523569 0.479853 0.546805 0.513274 0.484094 0.466543 0.462857 0.514874 0.512605 0.488975 0.425061 0.455947 0.484694 0.438389 0.477157 0.516854 0.500699 0.485981 0.489443 0.441176 0.408497 0.481799 0.531516 0.5 0.460043 0.519833 0.50152 0.548387 0.488834 0.523511 0.523702 
0.539185 0.486264 0.52741 0.503135 0.514228 0.467197 0.518939 0.57598 0.518152 0.535632 0.506897 0.537338 0.428205 0.47983 0.503797 0.543624 0.477341 0.541096 0.502488 0.5 0.454746 0.492447 0.493849 0.491954 0.540166 0.522417 0.455243 0.424893 0.408228 0.477855 0.475452 0.508299 0.515195 0.481696 0.462651 0.474801 0.458904 0.462963 0.543278 0.511002 
0.535604 0.548495 0.518692 0.56875 0.564179 0.582061 0.55516 0.514 0.567376 0.537931 0.592896 0.569423 0.5875 0.55 0.554264 0.497848 0.545455 0.565 0.597802 0.512448 0.554717 0.577778 0.5058 0.538283 0.479744 0.55 0.519565 0.528771 0.549168 0.561555 0.580328 0.566372 0.525148 0.541301 0.560764 0.519894 0.583468 0.596026 0.52741 0.569002 
0.550274 0.537037 0.552511 0.522696 0.553043 0.56 0.561247 0.528846 0.508969 0.560937 0.527736 0.53912 0.543379 0.555901 0.498845 0.525199 0.537815 0.532558 0.522667 0.519192 0.528121 0.525581 0.54125 0.559201 0.518198 0.493534 0.515723 0.57268 0.52381 0.513562 0.54529 0.503106 0.534972 0.516899 0.559615 0.528571 0.537559 0.526882 0.513678 0.513932 
0.575 0.552529 0.582656 0.591985 0.599448 0.58961 0.606464 0.586207 0.585106 0.574775 0.484925 0.55531 0.580336 0.542793 0.565049 0.574953 0.594864 0.522145 0.572779 0.560465 0.568345 0.600806 0.534247 0.484979 0.528169 0.561086 0.568675 0.557065 0.53253 0.579775 0.540453 0.560345 0.587822 0.561674 0.476839 0.560554 0.585714 0.53022 0.530374 0.564211 
0.559846 0.566667 0.538682 0.582057 0.566485 0.552063 0.531792 0.588957 0.584046 0.56079 0.557282 0.589831 0.519362 0.56117 0.585271 0.513317 0.541053 0.56531 0.613226 0.558201 0.542735 0.575053 0.554307 0.527559 0.558091 0.556931 0.574219 0.531561 0.580645 0.530837 0.560976 0.501992 0.555172 0.528736 0.525547 0.55106 0.51875 0.549398 0.529787 0.55481 
0.576754 0.599691 0.566038 0.595661 0.52957 0.559441 0.602871 0.597297 0.583012 0.589362 0.620141 0.582278 0.594512 0.573113 0.622101 0.588745 0.643911 0.5727 0.611979 0.603535 0.602537 0.586118 0.582305 0.633929 0.543689 0.59695 0.582524 0.572581 0.607735 0.570292 0.554023 0.557951 0.604706 0.580407 0.585185 0.623377 0.545 0.584104 0.603053 0.534211 
0.578488 0.598315 0.554585 0.555794 0.547486 0.589189 0.60251 0.581152 0.578544 0.55618 0.612519 0.574194 0.58 0.592664 0.586995 0.5625 0.562937 0.590395 0.569507 0.597166 0.625 0.607889 0.591121 0.540351 0.598616 0.620536 0.592965 0.577128 0.607955 0.585253 0.584239 0.591703 0.587179 0.587654 0.572581 0.614894 0.589041 0.564151 0.563474 0.579505 
0.50099 0.480226 0.522659 0.495183 0.520119 0.521158 0.558901 0.545953 0.577049 0.490079 0.528926 0.524254 0.462203 0.538667 0.502924 0.483871 0.534687 0.547244 0.496333 0.527881 0.55 0.477642 0.465116 0.506383 0.498392 0.541667 0.469526 0.572165 0.523629 0.52974 0.570156 0.536517 0.505376 0.504892 0.498652 0.527542 0.557823 0.575175 0.507042 0.546392 
0.488251 0.529801 0.505376 0.518962 0.492846 0.52795 0.611111 0.536896 0.582363 0.542636 0.556962 0.537975 0.516014 0.501171 0.486239 0.569892 0.518764 0.547101 0.571429 0.510135 0.509044 0.536 0.477901 0.493088 0.501104 0.520468 0.578495 0.532468 0.556237 0.496678 0.498965 0.475225 0.467085 0.526646 0.50989 0.557692 0.566191 0.524038 0.438596 0.528604 
0.490446 0.48708 0.444241 0.5 0.524793 0.487666 0.452247 0.491098 0.50929 0.481967 0.506068 0.445604 0.458159 0.45933 0.469663 0.469613 0.491935 0.444062 0.506787 0.475761 0.522124 0.513514 0.451172 0.479545 0.477113 0.50702 0.507874 0.50423 0.505824 0.519231 0.45709 0.476744 0.472803 0.444201 0.418052 0.507102 0.468421 0.536713 0.507891 0.44127 
0.492958 0.567033 0.541593 0.542302 0.516746 0.53876 0.530655 0.57363 0.507216 0.53092 0.559738 0.55625 0.563433 0.561927 0.50655 0.482412 0.525591 0.466851 0.514706 0.569845 0.568898 0.556242 0.50838 0.494545 0.557652 0.483649 0.491722 0.51215 0.515947 0.578704 0.525723 0.511392 0.530928 0.506667 0.500921 0.576271 0.5 0.513393 0.508427 0.516713 
0.494792 0.468966 0.489437 0.541872 0.54562 0.51462 0.513317 0.559738 0.554455 0.54201 0.540171 0.514235 0.537736 0.524272 0.488142 0.485488 0.484848 0.501618 0.504532 0.555076 0.525876 0.54529 0.529204 0.574007 0.540412 0.481538 0.525499 0.51105 0.530233 0.483029 0.48 0.560859 0.535878 0.515439 0.510163 0.511509 0.514925 0.514894 0.508816 0.531868 
0.538462 0.550591 0.465976 0.519293 0.529183 0.506098 0.505922 0.531616 0.505 0.548495 0.531469 0.476483 0.454397 0.508537 0.440887 0.444988 0.505543 0.517668 0.47486 0.537604 0.492228 0.510539 0.585624 0.497724 0.538217 0.512871 0.497569 0.514286 0.552448 0.502431 0.521459 0.510883 0.469388 0.499255 0.413395 0.490228 0.5 0.517123 0.525988 0.465558 
0.476351 0.52322 0.524851 0.49635 0.546154 0.458194 0.575843 0.542296 0.495127 0.538182 0.521898 0.565217 0.556 0.537893 0.537815 0.521739 0.454861 0.519139 0.493888 0.475275 0.523077 0.533195 0.549618 0.528986 0.514151 0.5186 0.487871 0.536458 0.511765 0.507592 0.569712 0.487437 0.571429 0.441584 0.522621 0.539007 0.514205 0.456221 0.481481 0.480916 
0.509662 0.550296 0.550523 0.584677 0.571795 0.576497 0.591837 0.534791 0.57757 0.588652 0.603878 0.552381 0.512329 0.49359 0.565217 0.550699 0.536735 0.537906 0.520085 0.556936 0.569832 0.560794 0.546778 0.503386 0.545706 0.568214 0.523002 0.565008 0.59604 0.595104 0.52071 0.578488 0.569048 0.557562 0.588015 0.629428 0.568852 0.554245 0.567568 0.536913 
0.475309 0.480978 0.488417 0.561358 0.474468 0.482828 0.380531 0.488136 0.480247 0.461373 0.507353 0.485636 0.491039 0.488854 0.490385 0.458128 0.47012 0.526636 0.527046 0.546875 0.494226 0.433048 0.520151 0.515974 0.51677 0.528205 0.453799 0.506515 0.503778 0.50165 0.503937 0.535109 0.507109 0.514205 0.507353 0.453608 0.486974 0.514851 0.445183 0.479021 
0.501699 0.457607 0.376658 0.509272 0.435583 0.466667 0.39661 0.480539 0.468543 0.464419 0.421603 0.451049 0.449165 0.516129 0.454383 0.537797 0.501672 0.455959 0.484034 0.445693 0.432191 0.432 0.426692 0.47619 0.488145 0.508035 0.459902 0.427393 0.516807 0.497997 0.44782 0.4576 0.452555 0.481685 0.499323 0.513238 0.445333 0.428839 0.475915 0.465608 
0.409524 0.456204 0.491917 0.441237 0.446721 0.444015 0.48566 0.395894 0.492832 0.460641 0.439926 0.515528 0.487226 0.540493 0.518605 0.459615 0.478689 0.457213 0.492891 0.428994 0.444444 0.453649 0.463727 0.437107 0.473064 0.446809 0.426987 0.456757 0.481949 0.483649 0.5 0.498567 0.480488 0.469734 0.491917 0.446494 0.485597 0.435331 0.497619 0.472486 
0.477528 0.478437 0.445312 0.432024 0.414449 0.498288 0.466071 0.456019 0.473684 0.436364 0.364407 0.474245 0.453997 0.502836 0.484407 0.509456 0.48913 0.466844 0.4662 0.467262 0.497537 0.484887 0.450301 0.505669 0.455378 0.438525 0.482587 0.470703 0.498113 0.486804 0.415335 0.420428 0.521101 0.507282 0.509259 0.410319 0.457576 0.461652 0.437853 0.493534 
0.511931 0.450331 0.514706 0.505443 0.470135 0.483209 0.534386 0.55914 0.473856 0.533141 0.557207 0.537249 0.501931 0.518911 0.55792 0.450485 0.52957 0.541667 0.469027 0.477639 0.53092 0.515994 0.480826 0.454984 0.497826 0.474074 0.52901 0.460177 0.5573 0.499065 0.476872 0.459807 0.535373 0.541796 0.436597 0.507659 0.529499 0.504658 0.508961 0.555957 
