-0.004375 0.007117 0.019124 -0.004878 0.006681 0.029081 0.005643 0.005784 0.018224 0.017999 0.030087 0.030162 0.015277 0.014821 0.024639 0.028419 0.006415 0.026502 0.018512 0.004491 0.016599 0.014668 0.019130 0.015227 0.018463 0.041430 0.005602 0.029380 0.024652 0.033281 0.033129 0.023359 0.023767 0.051677 0.023527 0.023682 0.022623 0.021468 0.030583 0.017232
0.092425 0.045877 0.051023 0.073696 0.026490 0.045526 0.035685 0.075049 0.067830 0.042987 0.065331 0.034034 0.053607 0.061093 0.054427 0.058678 0.062965 0.112650 0.070648 0.043895 0.064698 0.083192 0.040767 0.045413 0.030947 0.032867 0.036243 0.039441 0.069817 0.079954 0.104222 0.061718 0.068923 0.089362 0.072422 0.062058 0.058393 0.095458 0.035189 0.075492
0.120071 0.090581 0.085906 0.113132 0.122942 0.123766 0.087127 0.066806 0.060262 0.062846 0.067436 0.096348 0.050630 0.072430 0.070558 0.109225 0.090596 0.120430 0.054432 0.107842 0.113557 0.111678 0.069200 0.079908 0.073566 0.070918 0.089586 0.079639 0.096522 0.097754 0.057202 0.102758 0.096378 0.089514 0.126296 0.072151 0.134048 0.120988 0.042444 0.140623
0.126271 0.086237 0.088402 0.104468 0.133736 0.126733 0.079768 0.066571 0.073601 0.073788 0.083141 0.110033 0.072754 0.084959 0.076517 0.115154 0.091752 0.118262 0.063363 0.113205 0.108612 0.130301 0.094472 0.109126 0.082376 0.084116 0.133506 0.094950 0.094712 0.102492 0.072477 0.112886 0.104938 0.101585 0.151049 0.077020 0.138955 0.129156 0.037541 0.147039
0.106565 0.087721 0.094653 0.123842 0.124779 0.142937 0.090900 0.062870 0.087839 0.080862 0.065287 0.078004 0.050124 0.093456 0.108038 0.119912 0.097353 0.126057 0.069028 0.108573 0.135899 0.119499 0.055303 0.087213 0.101585 0.084804 0.061412 0.095911 0.090901 0.102368 0.062796 0.110521 0.116428 0.076224 0.115033 0.080734 0.158129 0.142995 0.059014 0.128300
0.064950 0.055713 0.074181 0.140120 0.147483 0.125700 0.074290 0.086464 0.140465 0.115435 0.072035 0.069013 0.080508 0.109661 0.142193 0.116198 0.113957 0.162309 0.072389 0.095961 0.088711 0.088562 0.071313 0.046377 0.136385 0.095708 0.093987 0.094570 0.100066 0.108892 0.116363 0.142643 0.155563 0.053959 0.117362 0.090163 0.172897 0.142791 0.091756 0.123498
0.075260 0.063785 0.084825 0.146308 0.149833 0.127739 0.081048 0.082531 0.159251 0.141052 0.089687 0.080774 0.093547 0.132415 0.141207 0.142669 0.136142 0.164211 0.100400 0.095920 0.109073 0.124235 0.107186 0.082801 0.120748 0.105469 0.124568 0.104029 0.120057 0.137130 0.156260 0.160183 0.157027 0.088472 0.116382 0.111372 0.167179 0.145765 0.093485 0.135549
0.094899 0.121185 0.087551 0.135162 0.153404 0.155519 0.125594 0.103786 0.165336 0.176332 0.116756 0.098473 0.139193 0.164348 0.141288 0.179774 0.165607 0.222169 0.132800 0.146660 0.138579 0.151456 0.101446 0.113943 0.111384 0.128546 0.128093 0.123232 0.137679 0.171833 0.151073 0.167317 0.154631 0.136814 0.135440 0.151021 0.198332 0.192218 0.114178 0.153284
0.136408 0.086796 0.092520 0.126236 0.153527 0.131578 0.092721 0.070935 0.073865 0.063185 0.077716 0.122685 0.072164 0.077360 0.076769 0.124078 0.088806 0.111930 0.055190 0.121443 0.118820 0.133874 0.097624 0.108262 0.089878 0.085824 0.132993 0.098917 0.103041 0.107167 0.054181 0.114985 0.105376 0.095293 0.154232 0.076920 0.146971 0.129043 0.043356 0.163140
0.019746 0.009101 0.012296 0.011917 0.011837 0.008061 0.002851 0.028331 0.028549 0.016774 0.030264 0.030743 0.008657 0.019642 0.036563 0.010339 0.002295 0.033416 0.011656 -0.004500 0.018914 0.019362 0.009277 0.002418 0.036751 0.020068 0.009107 0.019942 0.017568 0.022951 0.044702 0.016768 0.027426 0.026705 0.007695 0.014450 0.019574 0.025062 0.015342 0.020463
0.072076 0.036523 0.058487 0.029553 0.042786 0.057038 0.026696 0.062853 0.047621 0.061045 0.085683 0.058670 0.064904 0.068133 0.055056 0.054075 0.025536 0.060345 0.058225 0.039236 0.051386 0.060712 0.045469 0.075573 0.073698 0.057943 0.053735 0.061158 0.053818 0.067536 0.073601 0.064823 0.060733 0.101322 0.054381 0.035169 0.069873 0.080790 0.048811 0.058820
0.110689 0.097624 0.091371 0.056573 0.120126 0.113691 0.090833 0.112048 0.108847 0.117169 0.132993 0.083659 0.115222 0.111077 0.068822 0.114822 0.097176 0.141912 0.106171 0.086047 0.074461 0.111297 0.086538 0.126417 0.122173 0.102110 0.126203 0.112000 0.131095 0.112015 0.110399 0.122788 0.096518 0.142248 0.123859 0.081253 0.126344 0.122366 0.084558 0.132088
0.088097 0.079861 0.066693 0.081142 0.054330 0.096967 0.074670 0.049590 0.058389 0.077188 0.087044 0.097455 0.072481 0.106006 0.095927 0.101528 0.075764 0.130903 0.067827 0.100491 0.138600 0.109003 0.070319 0.074917 0.065966 0.097970 0.076530 0.076940 0.061674 0.108042 0.095800 0.068300 0.099511 0.135389 0.106352 0.103148 0.128688 0.162353 0.070170 0.101489
0.018620 0.015985 0.040918 0.045835 0.047905 0.067268 0.030746 0.025679 0.076238 0.062907 0.034354 0.029042 0.029291 0.059708 0.094144 0.077985 0.036738 0.064656 0.049622 0.042799 0.041715 0.030485 0.010333 0.030971 0.061966 0.060085 0.003605 0.073673 0.043402 0.065951 0.052966 0.069105 0.078272 0.033871 0.039634 0.050672 0.092280 0.088541 0.057012 0.046938
0.088830 0.069934 0.060853 0.054191 0.049300 0.098778 0.052165 0.042364 0.040366 0.050617 0.067936 0.081732 0.041026 0.073106 0.072304 0.087105 0.067268 0.091370 0.046676 0.085347 0.102562 0.097374 0.050679 0.084373 0.048439 0.073517 0.052874 0.058354 0.056105 0.086199 0.054766 0.065746 0.065972 0.096878 0.086950 0.073217 0.099356 0.104594 0.050243 0.089583
0.150120 0.133398 0.128293 0.152252 0.141245 0.165218 0.117044 0.171419 0.164708 0.149701 0.138185 0.091042 0.141744 0.156555 0.148651 0.198471 0.181035 0.228609 0.142254 0.149708 0.140301 0.136196 0.110572 0.129774 0.158313 0.127098 0.100427 0.117349 0.161323 0.166306 0.178242 0.177080 0.165369 0.138039 0.150722 0.136865 0.187947 0.188141 0.151241 0.168536
0.104202 0.093017 0.066176 0.099686 0.089720 0.095649 0.079570 0.094741 0.096522 0.098444 0.099460 0.081436 0.118416 0.110095 0.097670 0.122871 0.091448 0.172546 0.111681 0.096223 0.099686 0.121978 0.066671 0.077716 0.059700 0.077526 0.093448 0.090097 0.095679 0.131370 0.123592 0.104511 0.116199 0.146108 0.129707 0.108134 0.134715 0.163676 0.054297 0.113271
0.180948 0.181707 0.125019 0.182914 0.185400 0.181773 0.133163 0.169700 0.189446 0.163477 0.145285 0.124098 0.145676 0.179266 0.180189 0.231919 0.220194 0.278275 0.193813 0.233280 0.196534 0.235343 0.147724 0.168591 0.146957 0.158098 0.150777 0.123050 0.156922 0.186844 0.187728 0.199493 0.190569 0.147876 0.164020 0.182925 0.203349 0.253351 0.156624 0.217507
0.130604 0.136647 0.105580 0.114230 0.156737 0.146606 0.122459 0.111168 0.130572 0.124074 0.107473 0.103770 0.096066 0.136357 0.118564 0.161946 0.141373 0.198057 0.130001 0.185282 0.178001 0.182128 0.084899 0.122280 0.127759 0.133633 0.136089 0.118254 0.121732 0.118915 0.122113 0.146193 0.146746 0.121807 0.141274 0.131419 0.164935 0.213113 0.105305 0.171736
0.176184 0.163255 0.151297 0.142833 0.158489 0.174369 0.110453 0.157717 0.159031 0.124262 0.116818 0.099834 0.110590 0.150753 0.170186 0.191679 0.167747 0.244233 0.175517 0.200274 0.175332 0.201850 0.130899 0.128925 0.135911 0.148055 0.098627 0.127016 0.121914 0.156369 0.168208 0.157714 0.187727 0.137877 0.150236 0.149260 0.176791 0.235361 0.128654 0.194135
0.175431 0.129129 0.121392 0.096572 0.168304 0.140904 0.086292 0.117869 0.128486 0.076624 0.082835 0.096790 0.057363 0.098611 0.124705 0.139677 0.122477 0.156987 0.122795 0.192847 0.122260 0.203154 0.145256 0.130690 0.115109 0.128894 0.139561 0.094549 0.091357 0.101360 0.093866 0.128782 0.147343 0.074156 0.140992 0.098121 0.109025 0.166337 0.076358 0.195590
-0.004365 0.003717 0.012224 -0.004543 0.003477 0.018851 0.001960 0.002119 0.011393 0.019450 0.027998 0.019744 0.007869 0.007748 0.014315 0.026673 0.003077 0.016189 0.020010 0.010213 0.018108 0.009051 0.020674 0.017142 0.011591 0.036005 0.011088 0.035706 0.029901 0.035811 0.042412 0.039908 0.029197 0.067767 0.035881 0.028956 0.028152 0.038184 0.028703 0.010505
0.128423 0.093998 0.082395 0.087400 0.086580 0.116986 0.056691 0.078140 0.073636 0.059584 0.101650 0.079888 0.058367 0.096354 0.105299 0.093617 0.085660 0.121597 0.101297 0.111882 0.121152 0.154840 0.095278 0.133131 0.101157 0.092532 0.070031 0.068177 0.064279 0.095034 0.075773 0.084273 0.089908 0.113227 0.096105 0.071200 0.108901 0.134249 0.077872 0.120374
0.076287 0.051936 0.045981 0.053604 0.048843 0.070646 0.045684 0.047371 0.039382 0.025312 0.063827 0.087639 0.033980 0.045894 0.083944 0.063152 0.026529 0.060438 0.027764 0.064735 0.086812 0.093092 0.055757 0.067796 0.066365 0.078369 0.043588 0.055516 0.038121 0.074342 0.041269 0.048022 0.048316 0.084137 0.075301 0.064540 0.069825 0.073850 0.052408 0.081094
0.058763 0.055236 0.055505 0.042522 0.081485 0.078021 0.042644 0.034063 0.062548 0.086472 0.059150 0.049944 0.057467 0.066853 0.039870 0.066163 0.077638 0.100832 0.058744 0.045266 0.047268 0.072996 0.059541 0.062299 0.055951 0.055142 0.114209 0.072690 0.083241 0.062208 0.086213 0.093259 0.100810 0.072804 0.099231 0.042741 0.105166 0.104821 0.008879 0.084684
0.105215 0.067690 0.052237 0.069379 0.071157 0.086133 0.051238 0.052892 0.043045 0.040974 0.070763 0.093028 0.046105 0.061017 0.075798 0.083391 0.052366 0.069284 0.038311 0.106742 0.099362 0.107899 0.065859 0.097898 0.046955 0.074402 0.084523 0.055168 0.037422 0.083281 0.035989 0.064731 0.055114 0.086256 0.109390 0.075484 0.086991 0.095215 0.041915 0.096671
0.115937 0.080000 0.085843 0.090793 0.110486 0.121834 0.110155 0.084202 0.093864 0.089714 0.089238 0.122256 0.083703 0.083061 0.085039 0.097103 0.084013 0.139716 0.060228 0.103235 0.136693 0.102119 0.074444 0.102030 0.107517 0.103080 0.100758 0.124583 0.113808 0.104198 0.112482 0.146073 0.111376 0.114796 0.134321 0.116482 0.135860 0.147512 0.058190 0.133878
0.081878 0.098825 0.071905 0.081888 0.114193 0.111732 0.081837 0.061674 0.075887 0.113033 0.090457 0.090861 0.120745 0.116100 0.082642 0.113818 0.091447 0.165936 0.100846 0.111029 0.101978 0.119401 0.073224 0.082974 0.064305 0.088755 0.110529 0.111523 0.084446 0.121602 0.100844 0.106820 0.114223 0.139571 0.123532 0.101302 0.161512 0.168078 0.044737 0.114720
0.041360 0.039073 0.047234 0.043101 0.042518 0.055701 0.077108 0.043963 0.074263 0.094123 0.076464 0.075271 0.088357 0.082308 0.060668 0.060785 0.045947 0.109337 0.061019 0.069749 0.114710 0.055052 0.060408 0.065259 0.070768 0.093383 0.086124 0.104609 0.063512 0.076748 0.131126 0.104958 0.097708 0.127488 0.098460 0.117562 0.090448 0.152258 0.054194 0.055751
0.107330 0.112254 0.086159 0.081376 0.059449 0.097019 0.109371 0.116814 0.114634 0.123591 0.110361 0.080158 0.122264 0.113867 0.084062 0.132677 0.135348 0.188910 0.117335 0.122886 0.149012 0.102147 0.090377 0.104392 0.089741 0.111066 0.084496 0.107343 0.120571 0.119621 0.173344 0.135977 0.119923 0.146871 0.119631 0.148423 0.117273 0.188229 0.106657 0.110710
0.154774 0.149242 0.100953 0.101469 0.118234 0.152398 0.131032 0.152707 0.131397 0.132630 0.128421 0.121480 0.135187 0.113189 0.102730 0.172915 0.150996 0.200842 0.119169 0.159008 0.151726 0.140336 0.090414 0.146271 0.108068 0.121265 0.094088 0.131644 0.154137 0.160311 0.150742 0.182174 0.128350 0.155551 0.157786 0.162284 0.159039 0.180019 0.109142 0.155286
0.066925 0.067370 0.075301 0.080315 0.077355 0.090489 0.071512 0.041524 0.070887 0.094893 0.082574 0.079151 0.082796 0.106740 0.076762 0.092301 0.079921 0.143652 0.077954 0.066723 0.104062 0.088792 0.077952 0.056670 0.076138 0.089848 0.099565 0.091053 0.088092 0.095809 0.123125 0.082880 0.120146 0.128105 0.106244 0.081297 0.133579 0.156432 0.050726 0.104010
0.059949 0.048933 0.065812 0.044452 0.086819 0.090562 0.081648 0.054770 0.082696 0.094104 0.065068 0.068646 0.071178 0.060374 0.039078 0.064672 0.069761 0.109025 0.058190 0.064026 0.092813 0.059541 0.057328 0.079055 0.076107 0.074641 0.097264 0.112310 0.102973 0.069470 0.121687 0.145027 0.100189 0.098075 0.116662 0.091588 0.100690 0.121282 0.035172 0.080393
0.064713 0.061167 0.075482 0.087061 0.113028 0.113167 0.061911 0.051524 0.103951 0.106324 0.062138 0.044247 0.052379 0.087389 0.090630 0.094346 0.088077 0.124518 0.081224 0.074023 0.082465 0.082526 0.042207 0.064077 0.088230 0.074930 0.089232 0.098946 0.083972 0.082614 0.092275 0.116860 0.132264 0.066652 0.109064 0.065827 0.144323 0.137523 0.042658 0.092970
0.061969 0.059941 0.061259 0.041627 0.058670 0.086704 0.042422 0.035964 0.058013 0.081583 0.069128 0.059316 0.048387 0.077097 0.061920 0.071176 0.073366 0.112407 0.061707 0.040683 0.076199 0.077684 0.053229 0.062695 0.061261 0.070366 0.079222 0.078663 0.087895 0.077772 0.107671 0.091067 0.101492 0.107177 0.086141 0.059436 0.118392 0.125251 0.036840 0.084209
0.118310 0.095750 0.085531 0.096777 0.070799 0.114834 0.083676 0.108178 0.085365 0.097397 0.120548 0.088457 0.116170 0.121584 0.099953 0.127738 0.082248 0.159553 0.113984 0.105590 0.131217 0.125380 0.063058 0.099637 0.074571 0.093048 0.058325 0.098645 0.105997 0.155539 0.133536 0.116104 0.111802 0.192269 0.126561 0.119318 0.147906 0.173596 0.091767 0.106993
0.112306 0.067397 0.086881 0.083388 0.080843 0.101809 0.104437 0.090397 0.083640 0.098987 0.121587 0.124427 0.119372 0.112256 0.089732 0.112688 0.058191 0.119997 0.084660 0.123200 0.154693 0.107090 0.095208 0.126092 0.113706 0.124218 0.102609 0.134208 0.097231 0.130909 0.129167 0.135153 0.110705 0.178007 0.141758 0.137089 0.135312 0.180552 0.090871 0.112063
0.142285 0.147572 0.097604 0.134858 0.122233 0.156792 0.108769 0.163422 0.151965 0.131875 0.130043 0.111787 0.131680 0.137198 0.168872 0.191325 0.163947 0.225973 0.129605 0.175112 0.145077 0.151308 0.087795 0.123209 0.125320 0.135506 0.074477 0.107534 0.125815 0.178172 0.138450 0.158194 0.141114 0.135711 0.142313 0.164960 0.183653 0.183840 0.152336 0.157454
0.151145 0.122413 0.140533 0.139667 0.121853 0.154134 0.102099 0.112637 0.098531 0.119393 0.115324 0.111876 0.111195 0.148166 0.136712 0.180207 0.139641 0.185887 0.129877 0.155833 0.176665 0.141826 0.118059 0.124158 0.140355 0.125575 0.088866 0.132332 0.119395 0.144818 0.141848 0.134763 0.150736 0.143240 0.129813 0.113825 0.196910 0.223133 0.116859 0.170185
0.082891 0.052331 0.073218 0.051996 0.050206 0.082246 0.047368 0.077225 0.037170 0.040385 0.068727 0.050841 0.048083 0.066909 0.059015 0.064534 0.044038 0.076044 0.059290 0.045686 0.086044 0.064769 0.032738 0.063015 0.076537 0.045430 0.009563 0.055784 0.064197 0.070190 0.061109 0.062714 0.043642 0.094761 0.049261 0.033207 0.083313 0.077255 0.067755 0.070906
