0.000000 0.000000 0.000000 0.000000 0.000000 0.000000 0.000000 0.000000 0.000000 0.000000 0.000000 0.000000 0.000000 0.000000 0.000000 0.000000 0.000000 0.000000 0.000000 0.000000 0.000000 0.000000 0.000000 0.000000 0.000000 0.000000 0.000000 0.000000 0.000000 0.000000 0.000000 0.000000 0.000000 0.000000 0.000000 0.000000 0.000000 0.000000 0.000000 0.000000
0.005624 0.002330 0.005797 0.002903 0.002896 -0.000003 -0.000003 0.002987 -0.000003 -0.000007 -0.000001 -0.000003 -0.000003 -0.000002 -0.000007 0.003212 0.006199 0.006725 0.006238 0.007015 0.004159 0.008415 0.006216 -0.000007 -0.000006 -0.000001 -0.000001 0.002897 0.002994 -0.000008 0.002994 0.003101 -0.000004 -0.000004 -0.000003 -0.000009 0.002991 0.009312 -0.000005 0.008695
-0.000000 -0.000000 0.000000 0.000000 0.000000 0.000000 -0.000000 0.000000 0.000000 0.000000 -0.000000 0.000000 0.000000 0.000000 0.000000 -0.000000 -0.000000 0.000000 -0.000000 -0.000000 -0.000000 -0.000000 0.000000 -0.000000 0.000000 0.000000 -0.000000 0.000000 0.000000 -0.000000 -0.000000 0.000000 -0.000000 0.000000 0.000000 0.000000 0.000000 0.000000 0.000000 -0.000000
0.000000 0.000000 0.000000 -0.000000 0.000000 -0.000000 0.000000 0.000000 0.000000 -0.000000 0.000000 0.000000 0.000000 0.000000 0.000000 0.000000 -0.000000 0.000000 0.000000 0.000000 -0.000000 0.000000 0.000000 0.000000 -0.000000 0.000000 -0.000000 0.000000 0.000000 -0.000000 0.000000 0.000000 -0.000000 0.000000 0.000000 0.000000 0.000000 -0.000000 0.000000 0.000000
0.000000 0.003719 0.004005 0.003812 -0.000002 0.003906 0.003906 -0.000003 0.000000 0.000000 -0.000000 0.000000 0.000000 0.000000 0.003905 -0.000003 -0.000005 -0.000005 -0.000007 -0.000007 0.007618 0.007275 0.002784 0.002647 0.007447 0.003724 -0.000000 0.000000 0.000000 0.000000 0.000000 0.000000 0.000000 -0.000000 -0.000000 0.000000 0.000000 -0.000003 0.000000 -0.000003
0.000000 0.000000 0.000000 0.000000 -0.000000 -0.000000 0.000000 -0.000000 0.000000 0.000000 0.000000 -0.000000 -0.000000 0.000000 -0.000000 0.000000 0.000000 -0.000000 -0.000000 0.000000 0.000000 0.000000 0.000000 -0.000000 0.000000 -0.000000 0.000000 0.000000 0.000000 0.000000 0.000000 0.000000 0.000000 0.000000 0.000000 0.000000 -0.000000 0.000000 0.000000 -0.000000
-0.000000 -0.000000 -0.000000 -0.000000 0.000000 0.000000 -0.000000 -0.000000 -0.000000 -0.000000 -0.000000 -0.000000 -0.000000 0.000000 -0.000000 0.000000 -0.000000 -0.000000 0.000000 -0.000000 -0.000000 0.000000 -0.000000 0.000000 0.000000 0.000000 -0.000000 0.000000 0.000000 0.000000 0.000000 0.000000 0.000000 0.000000 0.000000 0.000000 -0.000000 0.000000 0.000000 -0.000000
0.001495 0.001510 -0.000005 -0.000002 -0.000002 0.004561 0.004720 0.001232 0.004416 0.005853 -0.000002 0.001546 0.001582 0.001064 0.003093 0.003414 0.003123 0.006966 0.001609 0.001630 -0.000006 -0.000008 -0.000005 -0.000002 -0.000001 -0.000001 -0.000001 0.001561 0.003089 0.002249 0.002248 0.003158 0.001544 -0.000005 -0.000003 0.001616 0.003089 0.003411 0.001124 0.003021
0.000000 -0.000000 -0.000000 -0.000000 -0.000000 -0.000000 0.000000 0.000000 0.000000 0.000000 0.000000 0.000000 -0.000000 -0.000000 0.000000 0.000000 -0.000000 0.000000 0.000000 -0.000000 0.000000 0.000000 0.000000 0.000000 0.000000 -0.000000 -0.000000 0.000000 0.000000 0.000000 -0.000000 0.000000 0.000000 -0.000000 -0.000000 0.000000 -0.000000 0.000000 0.000000 0.000000
-0.000002 -0.000003 0.000000 0.000000 0.000000 -0.000003 -0.000003 0.007138 0.007138 0.005945 0.007749 0.007749 -0.000003 -0.000002 -0.000005 0.007741 -0.000006 -0.000006 -0.000006 -0.000007 -0.000003 0.000000 -0.000003 -0.000003 0.007141 -0.000003 -0.000003 -0.000008 0.007742 0.007742 0.005382 0.007737 0.007134 -0.000011 -0.000007 -0.000008 -0.000010 -0.000018 -0.000005 -0.000006
0.000000 0.000000 -0.000000 -0.000000 -0.000000 -0.000000 0.000000 -0.000000 0.004930 0.005088 0.000000 0.005669 0.005453 -0.000000 0.000000 -0.000000 -0.000000 0.000000 -0.000000 0.000000 0.000000 0.000000 0.000000 0.000000 -0.000000 -0.000000 0.000000 0.000000 0.000000 0.000000 -0.000000 0.005453 0.005088 0.000000 -0.000000 0.000000 0.000000 -0.000000 -0.000000 -0.000000
0.000000 -0.000000 0.000000 -0.000000 -0.000000 0.000000 0.000000 0.000000 0.000000 0.000000 0.000000 -0.000000 0.000000 0.000000 0.000000 0.000000 -0.000000 -0.000000 -0.000000 0.000000 0.000000 0.000000 -0.000000 0.000000 0.000000 0.000000 -0.000000 -0.000000 0.000000 0.000000 0.000000 0.000000 -0.000000 -0.000000 -0.000000 0.000000 0.000000 -0.000000 0.000000 -0.000000
0.000000 0.000000 0.000000 0.000000 0.000000 -0.000000 -0.000000 -0.000000 -0.000000 0.000000 0.000000 0.000000 0.000000 0.000000 -0.000000 0.000000 0.000000 0.000000 -0.000000 0.000000 -0.000000 0.000000 0.000000 0.000000 -0.000000 -0.000000 -0.000000 -0.000000 0.000000 -0.000000 0.000000 0.000000 0.000000 0.000000 -0.000000 -0.000000 -0.000000 -0.000000 0.000000 -0.000000
0.003494 0.003309 -0.000011 -0.000004 -0.000005 0.003498 0.003714 0.002755 0.003314 0.006631 -0.000005 0.003316 0.003500 0.002767 0.006999 0.007738 0.006622 0.007734 0.003475 0.003694 -0.000013 -0.000018 -0.000011 -0.000004 -0.000003 -0.000003 -0.000003 0.003309 0.006990 0.005159 0.005158 0.006985 0.003494 -0.000011 -0.000006 0.003492 0.006989 0.008276 0.002579 0.006621
-0.000000 -0.000000 -0.000000 0.000000 0.000000 -0.000000 0.000000 0.000000 0.000000 0.000000 0.000000 0.000000 0.000000 0.000000 0.000000 0.000000 -0.000000 0.000000 0.000000 0.000000 0.000000 0.000000 0.000000 0.000000 0.000000 -0.000000 -0.000000 0.000000 -0.000000 0.000000 0.000000 -0.000000 0.000000 -0.000000 0.000000 -0.000000 0.000000 -0.000000 -0.000000 0.000000
0.001591 0.001670 -0.000006 -0.000002 -0.000002 0.001695 0.001718 0.001242 0.001611 0.003223 -0.000002 0.001696 0.001674 0.001135 0.003305 0.003980 0.003342 0.003850 0.001707 0.001783 -0.000006 -0.000008 -0.000006 -0.000002 -0.000002 -0.000001 -0.000001 0.001628 0.003260 0.002454 0.002454 0.003341 0.001650 -0.000005 -0.000003 0.001739 0.003300 0.003788 0.001245 0.003342
-0.000002 0.003609 -0.000004 -0.000001 -0.000002 -0.000001 -0.000001 0.003754 -0.000001 -0.000002 0.000000 -0.000001 -0.000001 -0.000001 0.007330 0.011428 0.002850 0.007046 0.011425 0.003830 -0.000005 -0.000008 -0.000003 -0.000001 -0.000001 0.000000 0.000000 -0.000002 -0.000003 -0.000003 -0.000002 -0.000003 -0.000001 0.000000 0.000000 -0.000002 -0.000004 0.003607 -0.000002 -0.000006
0.003893 0.009932 0.006490 0.001362 0.003140 0.001255 0.001273 0.008848 0.001238 0.002442 -0.000002 0.001256 0.001276 0.000861 0.004765 0.012922 0.012571 0.014287 0.017309 0.012413 0.007689 0.012661 0.004030 0.001682 0.001704 -0.000003 -0.000002 0.002647 0.003856 0.003946 0.003264 0.003910 0.001245 -0.000006 -0.000003 0.003377 0.005908 0.012899 0.003057 0.010231
0.003622 0.005941 0.006124 0.001883 0.004366 -0.000004 -0.000005 0.004560 -0.000002 -0.000005 -0.000001 -0.000003 -0.000003 -0.000002 -0.000009 0.004414 0.008596 0.008301 0.010194 0.009679 0.007867 0.014502 0.005563 0.002295 0.002355 -0.000003 -0.000001 0.001907 0.001879 -0.000008 0.001933 0.001903 -0.000003 -0.000003 -0.000002 -0.000008 0.001901 0.008228 -0.000006 0.007899
0.002979 0.007211 0.007165 0.001502 0.003478 -0.000005 -0.000005 0.005971 -0.000003 -0.000007 -0.000001 -0.000003 -0.000004 -0.000002 -0.000011 0.005962 0.009308 0.010039 0.012258 0.010134 0.008614 0.014131 0.004474 0.001881 0.001879 -0.000002 -0.000001 0.001526 0.001523 0.002358 0.001582 0.001550 -0.000004 -0.000002 -0.000001 0.002359 0.003776 0.008541 0.002361 0.008678
0.004436 0.007376 0.007500 0.002355 0.005197 -0.000005 -0.000005 0.005186 -0.000003 -0.000006 -0.000001 -0.000003 -0.000003 -0.000002 -0.000011 0.005178 0.010382 0.009898 0.011851 0.012159 0.010642 0.017761 0.006915 0.002829 0.002885 -0.000003 -0.000001 0.002304 0.002255 -0.000009 0.002301 0.002299 -0.000004 -0.000004 -0.000002 -0.000009 0.002296 0.009599 -0.000007 0.009425
-0.000007 -0.000005 -0.000003 -0.000002 -0.000002 -0.000003 -0.000003 -0.000008 -0.000006 0.004378 0.004382 -0.000006 -0.000004 -0.000002 -0.000007 0.004371 -0.000010 -0.000012 0.004376 0.004750 0.004383 -0.000004 0.004380 0.004762 -0.000003 0.004386 0.004760 0.008764 0.007305 0.007305 0.010963 0.014266 0.007310 0.017538 0.010971 0.007310 0.007306 0.014266 0.004380 -0.000011
-0.000009 0.008404 0.005697 0.003138 0.002649 0.003092 0.003141 0.002643 -0.000001 -0.000001 0.000000 -0.000001 -0.000001 -0.000000 0.003246 0.002689 0.005203 0.003881 0.005615 0.005721 0.012025 0.016023 0.004605 0.004830 0.008852 0.003143 0.000000 -0.000005 -0.000006 -0.000003 -0.000006 -0.000006 -0.000001 0.000000 0.000000 -0.000003 -0.000008 0.002634 -0.000003 0.002592
0.000000 0.005006 0.005009 0.005013 -0.000003 0.005013 0.005233 -0.000004 0.000000 0.000000 -0.000000 0.000000 0.000000 0.000000 0.005232 -0.000004 -0.000007 -0.000006 -0.000008 -0.000009 0.010017 0.010014 0.003811 0.004015 0.009634 0.005013 -0.000000 0.000000 0.000000 0.000000 0.000000 0.000000 0.000000 -0.000000 -0.000000 0.000000 0.000000 -0.000004 0.000000 -0.000004
-0.000000 -0.000000 0.000000 0.000000 0.000000 -0.000000 0.000000 -0.000000 -0.000000 0.000000 -0.000000 0.000000 -0.000000 0.000000 0.000000 0.000000 -0.000000 0.000000 -0.000000 0.000000 0.000000 0.000000 0.000000 -0.000000 0.000000 0.000000 -0.000000 -0.000000 -0.000000 -0.000000 0.000000 -0.000000 0.000000 0.000000 0.000000 0.000000 0.000000 -0.000000 0.000000 0.000000
-0.000000 0.000000 0.000000 0.000000 0.000000 -0.000000 0.000000 0.000000 -0.000000 -0.000000 0.000000 0.000000 0.000000 0.000000 0.000000 0.000000 -0.000000 -0.000000 0.000000 0.000000 -0.000000 0.000000 -0.000000 0.000000 -0.000000 -0.000000 0.000000 -0.000000 0.000000 0.000000 0.000000 0.000000 0.000000 -0.000000 -0.000000 0.000000 0.000000 -0.000000 0.000000 0.000000
0.000000 -0.000000 0.000000 0.000000 0.000000 0.000000 0.000000 0.000000 -0.000000 -0.000000 -0.000000 0.000000 0.000000 0.000000 0.000000 0.000000 -0.000000 0.000000 -0.000000 0.000000 0.000000 0.000000 0.000000 -0.000000 0.000000 -0.000000 0.000000 0.000000 -0.000000 -0.000000 0.000000 -0.000000 -0.000000 -0.000000 -0.000000 0.000000 0.000000 0.000000 0.000000 0.000000
0.000000 0.000000 0.000000 0.000000 -0.000000 0.000000 -0.000000 -0.000000 0.000000 0.000000 -0.000000 0.000000 0.000000 0.000000 -0.000000 -0.000000 -0.000000 0.000000 0.000000 -0.000000 0.000000 0.000000 0.000000 0.000000 0.000000 -0.000000 0.000000 -0.000000 0.000000 0.000000 0.000000 -0.000000 -0.000000 0.000000 0.000000 0.000000 0.000000 0.000000 0.000000 0.000000
-0.000004 -0.000003 -0.000002 -0.000001 -0.000001 -0.000002 -0.000002 -0.000005 -0.000003 0.002393 0.002513 -0.000003 -0.000002 -0.000001 -0.000004 0.002445 -0.000006 -0.000007 0.002509 0.002572 0.002396 -0.000002 0.002511 0.002452 -0.000002 0.002397 0.002512 0.005025 0.003904 0.003905 0.005238 0.007938 0.003584 0.009813 0.005527 0.003790 0.003905 0.007347 0.002577 -0.000006
0.004945 0.002850 0.003387 0.001697 0.001712 0.001549 0.001584 0.003008 0.001530 0.004773 0.001710 0.001602 0.001665 0.001090 0.003207 0.007173 0.006790 0.007559 0.007156 0.007443 0.004069 0.005133 0.005305 0.001688 -0.000006 0.001674 0.001731 0.006747 0.007652 0.005314 0.008099 0.010407 0.004012 0.006771 0.003750 0.004272 0.007651 0.014512 0.003032 0.008278
0.001546 0.001563 -0.000007 -0.000002 -0.000003 0.001567 0.001585 0.004136 0.004325 0.006670 0.004350 0.004324 0.001605 0.001090 0.003209 0.008301 0.003165 0.003605 0.003365 0.003496 0.001687 -0.000010 0.001706 0.001691 0.002726 0.001674 0.001774 0.004950 0.008338 0.007949 0.008947 0.011088 0.006920 0.006769 0.003656 0.004163 0.005614 0.009217 0.002917 0.003128
0.000000 -0.000000 -0.000000 0.000000 -0.000000 0.000000 -0.000000 -0.000000 -0.000000 -0.000000 0.000000 -0.000000 0.000000 0.000000 0.000000 -0.000000 0.000000 0.000000 0.000000 0.000000 0.000000 -0.000000 -0.000000 -0.000000 0.000000 0.000000 -0.000000 0.000000 -0.000000 0.000000 0.000000 -0.000000 -0.000000 0.000000 -0.000000 0.000000 0.000000 0.000000 -0.000000 -0.000000
-0.000004 -0.000003 -0.000002 -0.000001 -0.000001 -0.000002 -0.000002 -0.000005 -0.000003 0.002528 0.002597 -0.000004 -0.000002 -0.000001 -0.000004 0.002741 -0.000006 -0.000008 0.002745 0.002829 0.002670 -0.000002 0.002596 0.002598 -0.000002 0.002599 0.002835 0.005339 0.003938 0.003939 0.006109 0.008236 0.004220 0.011001 0.005915 0.003941 0.003939 0.007999 0.002668 -0.000007
0.000000 0.000000 -0.000000 -0.000000 0.000000 -0.000000 -0.000000 0.000000 0.000000 0.000000 -0.000000 -0.000000 -0.000000 0.000000 0.000000 0.000000 -0.000000 -0.000000 0.000000 0.000000 -0.000000 0.000000 0.000000 0.000000 0.000000 0.000000 0.000000 0.000000 0.000000 -0.000000 0.000000 0.000000 -0.000000 0.000000 0.000000 0.000000 -0.000000 0.000000 0.000000 0.000000
-0.000003 -0.000002 -0.000002 -0.000001 -0.000001 -0.000002 -0.000002 -0.000004 -0.000003 0.002232 0.002328 -0.000003 -0.000002 -0.000001 -0.000004 0.002430 -0.000006 -0.000007 0.002377 0.002490 0.002280 -0.000002 0.002435 0.002280 -0.000001 0.002236 0.002380 0.004657 0.003384 0.003556 0.005079 0.007478 0.003309 0.009319 0.005486 0.003559 0.003385 0.007133 0.002495 -0.000006
-0.000003 -0.000002 -0.000001 -0.000001 -0.000001 -0.000001 -0.000001 -0.000004 -0.000002 0.001810 0.001888 -0.000003 -0.000002 -0.000001 -0.000003 0.001968 -0.000005 -0.000006 0.001912 0.002033 0.001812 -0.000001 0.001943 0.001837 -0.000001 0.001814 0.001887 0.003775 0.002700 0.002831 0.004114 0.005824 0.002624 0.007450 0.004117 0.002984 0.002742 0.005914 0.001973 -0.000005
-0.000003 -0.000002 -0.000002 -0.000001 -0.000001 -0.000001 -0.000002 -0.000004 -0.000003 0.002100 0.002222 -0.000003 -0.000002 -0.000001 -0.000003 0.002174 -0.000005 -0.000006 0.002219 0.002217 0.002140 -0.000002 0.002266 0.002180 -0.000001 0.002141 0.002222 0.004359 0.003286 0.003287 0.004633 0.006793 0.003089 0.008563 0.004730 0.003289 0.003444 0.006532 0.002314 -0.000006
0.001546 0.004133 0.002545 -0.000003 -0.000006 0.001605 0.001624 0.003934 0.001550 0.003101 -0.000002 0.001568 0.001625 0.001103 0.003210 0.006398 0.005715 0.007703 0.006837 0.003658 0.002486 0.002479 -0.000010 -0.000003 -0.000003 -0.000001 -0.000001 0.001546 0.003132 0.005062 0.002405 0.003166 0.001566 -0.000005 -0.000003 0.004346 0.005723 0.005880 0.003840 0.005717
0.005078 0.002935 0.003607 0.001807 0.001850 0.001650 0.001671 0.003150 0.001629 0.003219 -0.000003 0.001694 0.001741 0.001134 0.003343 0.005685 0.007084 0.008061 0.005778 0.005866 0.002532 0.005210 0.003806 -0.000006 -0.000005 -0.000002 -0.000002 0.003499 0.005171 0.002486 0.004262 0.005307 0.001627 -0.000008 -0.000005 0.001734 0.005308 0.009334 0.001323 0.008719
0.000000 0.000000 0.000000 0.000000 0.000000 0.000000 0.000000 0.000000 0.000000 0.000000 0.000000 0.000000 0.000000 0.000000 0.000000 0.000000 0.000000 0.000000 0.000000 0.000000 0.000000 0.000000 0.000000 0.000000 0.000000 0.000000 0.000000 0.000000 0.000000 0.000000 0.000000 0.000000 0.000000 0.000000 0.000000 0.000000 0.000000 0.000000 0.000000 0.000000
