-0.002795 0.008099 0.018520 -0.002838 0.008440 0.026670 0.006777 0.006751 0.018275 0.018024 0.026998 0.027015 0.015408 0.015112 0.022944 0.026338 0.007756 0.025618 0.018156 0.006373 0.017664 0.015204 0.018539 0.015462 0.018322 0.034153 0.006909 0.026743 0.022883 0.029080 0.029053 0.022532 0.022574 0.039396 0.022509 0.022506 0.022181 0.021745 0.027033 0.017947
0.063910 0.042996 0.048037 0.047277 0.028583 0.042911 0.030567 0.045797 0.046281 0.040053 0.051632 0.032820 0.038963 0.053569 0.046621 0.044803 0.053638 0.080138 0.058236 0.040456 0.058044 0.066891 0.038978 0.040617 0.029239 0.032478 0.031784 0.038793 0.050518 0.046273 0.067612 0.049936 0.054713 0.060581 0.042802 0.043452 0.054057 0.076429 0.031345 0.065786
0.063207 0.068439 0.060949 0.069000 0.050694 0.072493 0.063543 0.053248 0.047701 0.050751 0.053003 0.052943 0.039081 0.057873 0.052036 0.064721 0.066004 0.074547 0.046932 0.054939 0.067076 0.060574 0.045002 0.046285 0.053299 0.051670 0.038105 0.054035 0.060719 0.064785 0.041752 0.062858 0.060459 0.064163 0.057011 0.052881 0.071153 0.071370 0.035761 0.061206
0.061631 0.062903 0.061655 0.053765 0.055321 0.070216 0.053865 0.052111 0.056647 0.057010 0.063295 0.056040 0.056990 0.066247 0.053779 0.064783 0.062701 0.068408 0.052364 0.053548 0.055677 0.068387 0.063707 0.065435 0.056735 0.059125 0.068976 0.061915 0.053321 0.064257 0.050092 0.064894 0.061844 0.069378 0.065662 0.054888 0.064612 0.073767 0.029809 0.059796
0.063256 0.070114 0.070774 0.075389 0.053799 0.087536 0.070243 0.051732 0.054679 0.061932 0.053316 0.046547 0.040911 0.069613 0.064825 0.072329 0.074164 0.082298 0.055622 0.061467 0.089008 0.076292 0.037557 0.058510 0.067898 0.062171 0.027126 0.060541 0.062658 0.070346 0.048962 0.070282 0.068275 0.057942 0.059397 0.060452 0.081218 0.080667 0.046848 0.065096
0.052631 0.048468 0.052951 0.077790 0.069082 0.074400 0.057938 0.067706 0.077384 0.076110 0.060386 0.054635 0.054567 0.073365 0.074956 0.068563 0.069212 0.087534 0.057095 0.064047 0.071987 0.069436 0.045721 0.038708 0.077536 0.069716 0.044871 0.057475 0.063477 0.075896 0.079501 0.077077 0.076768 0.046535 0.072091 0.067427 0.080173 0.083199 0.060296 0.071921
0.062421 0.056856 0.066148 0.078222 0.081060 0.086604 0.063263 0.067613 0.091924 0.093902 0.076476 0.066964 0.068460 0.091149 0.083996 0.086540 0.082742 0.100671 0.076749 0.069947 0.086022 0.087945 0.065600 0.063576 0.074407 0.081275 0.068503 0.071713 0.079103 0.093858 0.102545 0.094701 0.089699 0.073454 0.078034 0.083997 0.089973 0.096076 0.067022 0.086766
0.078436 0.088548 0.071007 0.073714 0.085251 0.110169 0.090180 0.074467 0.098835 0.121803 0.090629 0.080011 0.090809 0.113362 0.092513 0.116785 0.109608 0.127438 0.098112 0.099295 0.097803 0.104624 0.065798 0.081403 0.075096 0.096501 0.076005 0.087032 0.096840 0.115242 0.106268 0.108628 0.099906 0.097207 0.092824 0.105084 0.116577 0.119245 0.081134 0.105148
0.057165 0.059980 0.058584 0.061976 0.050430 0.063058 0.060736 0.052889 0.052276 0.045884 0.056392 0.057558 0.053630 0.057357 0.049813 0.063413 0.056003 0.056806 0.043730 0.049834 0.053047 0.060235 0.061461 0.056819 0.058377 0.056201 0.057491 0.059580 0.053808 0.062171 0.032391 0.058943 0.055261 0.060484 0.056257 0.051034 0.058934 0.063632 0.032837 0.055312
0.018602 0.009391 0.012514 0.012566 0.012615 0.008948 0.003792 0.026368 0.026560 0.016876 0.027170 0.027269 0.009281 0.018473 0.027841 0.011527 0.003395 0.026945 0.012080 -0.002771 0.018279 0.018441 0.009549 0.003703 0.031604 0.018624 0.009599 0.018564 0.017713 0.022368 0.036016 0.017414 0.026134 0.023303 0.008923 0.014031 0.018052 0.021507 0.014391 0.018431
0.045992 0.034760 0.037780 0.025766 0.035980 0.043952 0.024051 0.041733 0.045204 0.053734 0.055298 0.048179 0.048424 0.053933 0.047205 0.037315 0.025364 0.052001 0.045777 0.033548 0.045591 0.051854 0.036247 0.045372 0.044682 0.049813 0.045370 0.047644 0.039471 0.048782 0.060645 0.052909 0.054726 0.059740 0.046650 0.034129 0.054925 0.065474 0.033572 0.044571
0.073567 0.067988 0.058814 0.039753 0.061617 0.073549 0.058337 0.069577 0.070672 0.082394 0.084489 0.065970 0.076709 0.083675 0.060847 0.070980 0.061752 0.080962 0.076375 0.063917 0.064960 0.083373 0.064878 0.076506 0.075509 0.078718 0.075005 0.077487 0.074621 0.079984 0.084663 0.078532 0.067509 0.088901 0.078303 0.063135 0.078742 0.089306 0.054678 0.075292
0.056529 0.067062 0.059359 0.048560 0.044617 0.077146 0.055606 0.044001 0.055907 0.069040 0.073310 0.066444 0.056448 0.082521 0.074974 0.073797 0.066609 0.096928 0.060851 0.054606 0.079883 0.075971 0.054615 0.053939 0.059047 0.077132 0.059211 0.067400 0.058494 0.079013 0.078308 0.061628 0.083707 0.096198 0.068640 0.075463 0.093248 0.097980 0.058038 0.070605
0.018535 0.017121 0.032309 0.023062 0.026550 0.044845 0.027302 0.024111 0.040716 0.047255 0.030486 0.027536 0.028124 0.039381 0.048342 0.053932 0.033676 0.051763 0.038409 0.032247 0.032828 0.026830 0.011040 0.026774 0.035372 0.043397 0.005661 0.047131 0.039636 0.051323 0.045775 0.050358 0.043855 0.027333 0.032648 0.041277 0.047495 0.050596 0.044011 0.041757
0.048466 0.056165 0.054313 0.034991 0.037055 0.074535 0.042839 0.035599 0.039394 0.048259 0.055804 0.049030 0.037935 0.063855 0.054001 0.062546 0.058928 0.075739 0.044904 0.043099 0.063663 0.060048 0.039465 0.056306 0.043878 0.055601 0.037492 0.051210 0.051905 0.060885 0.048931 0.056700 0.059350 0.072980 0.049908 0.055276 0.072263 0.075187 0.042603 0.056455
0.099977 0.091317 0.086343 0.091155 0.080361 0.114537 0.086796 0.102560 0.094946 0.107392 0.095925 0.075675 0.093666 0.114407 0.097853 0.115007 0.109689 0.130979 0.103102 0.101230 0.107382 0.104677 0.072899 0.087456 0.093950 0.092637 0.058631 0.083067 0.106314 0.108389 0.115277 0.114865 0.103629 0.089036 0.093885 0.097534 0.115550 0.127051 0.094022 0.113530
0.069126 0.069719 0.051998 0.053075 0.046808 0.063525 0.056167 0.061617 0.069555 0.076591 0.076739 0.062574 0.075258 0.079973 0.078038 0.083205 0.067457 0.095885 0.085100 0.065371 0.065724 0.082605 0.051317 0.059180 0.046943 0.064827 0.062225 0.062779 0.058457 0.076651 0.079460 0.066681 0.077055 0.089139 0.075435 0.072032 0.076943 0.094726 0.045524 0.071878
0.112929 0.124056 0.095302 0.099702 0.104366 0.122048 0.095988 0.110276 0.109635 0.115829 0.108009 0.086257 0.096297 0.126293 0.114347 0.141363 0.141442 0.157319 0.136116 0.136540 0.126606 0.136485 0.089505 0.107324 0.093914 0.108644 0.089163 0.089549 0.107663 0.116159 0.115278 0.127832 0.120589 0.099281 0.098229 0.122895 0.124361 0.151738 0.104351 0.136346
0.082534 0.098213 0.082870 0.065046 0.084253 0.096057 0.082048 0.078118 0.081334 0.090131 0.080523 0.066512 0.067050 0.095495 0.077752 0.103032 0.104978 0.119638 0.099297 0.105866 0.107845 0.114092 0.063851 0.079516 0.081263 0.089459 0.077101 0.082592 0.082272 0.083225 0.086233 0.093949 0.090565 0.084628 0.083032 0.090143 0.095366 0.116683 0.074314 0.098515
0.113129 0.113885 0.107453 0.088289 0.092464 0.118105 0.081757 0.100500 0.098445 0.096940 0.093079 0.077695 0.077680 0.111190 0.111298 0.119246 0.116304 0.147864 0.125735 0.118587 0.122019 0.127744 0.079165 0.090997 0.091892 0.104508 0.063060 0.090170 0.086984 0.100739 0.107534 0.106380 0.115884 0.095393 0.092363 0.107199 0.112874 0.140070 0.093260 0.127258
0.090189 0.091630 0.080112 0.056267 0.085539 0.083472 0.057252 0.076264 0.075817 0.058145 0.062458 0.053685 0.046650 0.075249 0.076243 0.083055 0.088195 0.094086 0.085415 0.093631 0.075260 0.100454 0.081105 0.076180 0.074142 0.078503 0.077287 0.064885 0.056881 0.061413 0.060792 0.077549 0.081409 0.054998 0.066107 0.069398 0.063845 0.098752 0.054914 0.095886
-0.002858 0.004722 0.012092 -0.002702 0.005145 0.017588 0.003259 0.003219 0.011824 0.019569 0.025900 0.017922 0.008595 0.008339 0.013488 0.025421 0.004399 0.016462 0.019745 0.011603 0.019256 0.009766 0.020183 0.017463 0.011906 0.030951 0.012051 0.032717 0.027898 0.032160 0.037302 0.035688 0.027619 0.052087 0.032772 0.027536 0.027249 0.034988 0.026138 0.011519
0.071428 0.077057 0.062719 0.058818 0.058825 0.081795 0.047685 0.057316 0.055430 0.054574 0.070415 0.050409 0.045240 0.077681 0.073812 0.064691 0.069507 0.087771 0.071153 0.065328 0.086018 0.091828 0.060451 0.076665 0.072988 0.071633 0.053615 0.054984 0.051987 0.065784 0.064511 0.067513 0.073767 0.073485 0.062199 0.056856 0.079691 0.095766 0.055406 0.074773
0.030909 0.039289 0.040468 0.032130 0.034155 0.049250 0.034795 0.037638 0.035987 0.025339 0.049037 0.047621 0.030141 0.039489 0.058091 0.038679 0.023983 0.049658 0.027301 0.019883 0.049425 0.051135 0.042527 0.035945 0.055281 0.056786 0.030732 0.046079 0.034323 0.047187 0.034193 0.038837 0.042115 0.058710 0.037719 0.044625 0.044488 0.046858 0.042512 0.042152
0.045554 0.047065 0.037177 0.024957 0.027676 0.046851 0.031606 0.031338 0.049405 0.065915 0.051533 0.040881 0.046932 0.054830 0.038837 0.047249 0.052125 0.058704 0.048826 0.042267 0.043405 0.056093 0.044035 0.052634 0.038074 0.049165 0.063717 0.047666 0.043818 0.051233 0.063239 0.053758 0.060034 0.059689 0.056030 0.041206 0.056598 0.071310 0.011042 0.041259
0.043545 0.048168 0.043723 0.034364 0.048269 0.055659 0.035892 0.040353 0.038944 0.037340 0.051879 0.040047 0.039423 0.050310 0.047364 0.047754 0.044772 0.054225 0.035269 0.040822 0.041428 0.051132 0.046196 0.052194 0.038306 0.047484 0.057465 0.044231 0.033737 0.048098 0.030130 0.050055 0.046375 0.056757 0.051975 0.048658 0.050653 0.057484 0.031492 0.045786
0.069341 0.063651 0.066957 0.059819 0.058530 0.080825 0.071057 0.067585 0.069806 0.067803 0.072656 0.077063 0.058589 0.069561 0.065618 0.064612 0.064767 0.095161 0.054434 0.058233 0.083443 0.062435 0.055049 0.061038 0.076554 0.077422 0.052858 0.076240 0.075991 0.075750 0.074239 0.073768 0.077840 0.087056 0.073090 0.073005 0.083127 0.092284 0.050969 0.071694
0.061677 0.070231 0.053284 0.044647 0.054677 0.069185 0.056107 0.047666 0.062139 0.085162 0.072368 0.066952 0.076346 0.080466 0.064604 0.076197 0.066322 0.084447 0.075260 0.071783 0.061082 0.079671 0.053351 0.061464 0.049173 0.072161 0.069037 0.072290 0.052625 0.078832 0.072989 0.065776 0.073536 0.087347 0.077390 0.070908 0.083493 0.089765 0.037493 0.067202
0.039662 0.037434 0.043003 0.026445 0.040392 0.051253 0.044458 0.038607 0.058971 0.072959 0.067061 0.060403 0.057915 0.061906 0.052656 0.051606 0.041745 0.076546 0.053645 0.051017 0.066622 0.050122 0.051751 0.049603 0.054363 0.075493 0.067905 0.070091 0.054010 0.065038 0.092260 0.059623 0.079151 0.092836 0.077106 0.073185 0.073224 0.091332 0.046852 0.051201
0.080148 0.075784 0.068262 0.051276 0.050189 0.082114 0.069990 0.071712 0.074839 0.093520 0.084837 0.068354 0.079973 0.088959 0.072571 0.089371 0.089865 0.118668 0.090394 0.085330 0.096521 0.083298 0.068798 0.075539 0.066712 0.084706 0.062897 0.080129 0.090193 0.085993 0.111802 0.090783 0.095183 0.102966 0.081873 0.094182 0.098748 0.124361 0.074555 0.092223
0.091829 0.092466 0.073273 0.062137 0.064031 0.102843 0.086841 0.093140 0.083476 0.097361 0.093567 0.082149 0.085809 0.090185 0.078176 0.105649 0.096059 0.114401 0.088521 0.093256 0.097039 0.084839 0.062374 0.091061 0.076067 0.086623 0.053799 0.086099 0.104442 0.101243 0.090304 0.111008 0.093059 0.104470 0.088965 0.100320 0.102979 0.117845 0.077417 0.094531
0.057068 0.059712 0.059435 0.049288 0.042255 0.067463 0.051218 0.039942 0.061356 0.077209 0.072978 0.067536 0.061865 0.080211 0.067918 0.069243 0.061187 0.091671 0.065890 0.051562 0.070257 0.073656 0.060612 0.051353 0.061537 0.077022 0.063488 0.070638 0.060414 0.077638 0.093000 0.058236 0.084222 0.093777 0.070115 0.066514 0.085971 0.093181 0.044214 0.069001
0.047959 0.042618 0.050666 0.031774 0.045221 0.063062 0.049117 0.045757 0.059263 0.069146 0.056797 0.052193 0.047968 0.050571 0.038138 0.050989 0.051781 0.070401 0.051024 0.054665 0.066488 0.047511 0.046028 0.056930 0.050729 0.060942 0.054378 0.064837 0.064422 0.059950 0.080127 0.072164 0.066034 0.078656 0.076584 0.059717 0.065126 0.082888 0.034201 0.047897
0.053792 0.053713 0.054007 0.052416 0.050200 0.068779 0.048873 0.046673 0.065487 0.078975 0.055022 0.038612 0.044266 0.064648 0.056590 0.063036 0.065927 0.079473 0.063678 0.061493 0.068043 0.066442 0.032042 0.053902 0.053225 0.060682 0.051218 0.060319 0.053578 0.066029 0.071170 0.073529 0.073730 0.057018 0.071363 0.057382 0.073458 0.084546 0.035394 0.054867
0.053219 0.053859 0.049468 0.032531 0.027963 0.064400 0.036749 0.035015 0.050806 0.068924 0.062829 0.052282 0.043292 0.067391 0.056379 0.059363 0.056775 0.080320 0.056400 0.041234 0.068958 0.066302 0.044418 0.057436 0.049802 0.064006 0.049244 0.063245 0.062332 0.068945 0.086007 0.067063 0.075531 0.089449 0.060253 0.057887 0.083079 0.096319 0.036494 0.055831
0.077792 0.076681 0.067558 0.062110 0.055819 0.089472 0.066338 0.067373 0.069113 0.084405 0.088019 0.071545 0.073810 0.091533 0.081878 0.090860 0.071368 0.106194 0.088372 0.076437 0.095058 0.093625 0.051974 0.069293 0.056501 0.079120 0.052054 0.078506 0.081705 0.098236 0.097932 0.091958 0.092255 0.117555 0.091928 0.086006 0.107404 0.116651 0.073124 0.084975
0.061358 0.056149 0.063910 0.048614 0.062190 0.075026 0.065126 0.063663 0.067788 0.078913 0.087559 0.079927 0.077415 0.081616 0.069254 0.074351 0.051876 0.086616 0.068872 0.070269 0.083053 0.070593 0.072268 0.070906 0.075404 0.092956 0.077607 0.089709 0.074517 0.088806 0.092666 0.081478 0.089953 0.110231 0.093394 0.085015 0.093519 0.106861 0.067888 0.071964
0.086774 0.093595 0.075371 0.077392 0.077073 0.109484 0.081450 0.100554 0.088504 0.095505 0.094219 0.078353 0.085730 0.102421 0.103014 0.114100 0.104005 0.132891 0.096772 0.097682 0.100421 0.098931 0.058049 0.079538 0.083507 0.093935 0.048707 0.079869 0.095612 0.109330 0.089359 0.109438 0.095738 0.091078 0.086903 0.109491 0.113872 0.120918 0.101299 0.109940
0.095024 0.088978 0.094079 0.085271 0.069931 0.101515 0.076536 0.079716 0.072952 0.095330 0.085892 0.077977 0.081668 0.106940 0.093954 0.105963 0.095298 0.122906 0.098846 0.093395 0.106718 0.100752 0.078725 0.079932 0.088580 0.093403 0.057625 0.093676 0.087206 0.100846 0.101882 0.095210 0.101908 0.091294 0.078736 0.086026 0.117401 0.131319 0.077025 0.106175
0.053203 0.047407 0.048837 0.044995 0.040750 0.061989 0.041550 0.051795 0.036270 0.038615 0.041300 0.040749 0.031751 0.052183 0.050612 0.043136 0.039738 0.063476 0.046372 0.037923 0.068882 0.055255 0.023731 0.032336 0.046522 0.039401 0.011458 0.042789 0.048200 0.050435 0.051850 0.051125 0.042074 0.053844 0.043244 0.033064 0.065229 0.064051 0.049602 0.051812
